JOB 0
COORDS  4.2528844747e-01 -6.5859749080e-01  8.5695127642e-01  1.5897738797e+00 -3.9023858880e-01  2.9731058525e+00 -3.7283943425e-01 -1.6054387360e+00  1.4991237958e+00  1.4145185325e+00 -6.2071086240e-02  1.6404141183e+00  7.1287327594e-01 -1.3569671364e+00  3.5160196154e+00 -2.4370971034e-01 -1.9545941762e+00  2.7855472301e+00  7.7338155963e-01 -1.6975348966e+00  4.8543521754e+00  2.3222839298e+00  9.3329897074e-01  1.0279580255e+00  3.3479397549e+00  1.2295313716e+00  1.6476238956e+00  2.0017325226e+00  1.3922870289e+00 -7.1046690175e-02  2.9254993751e-01 -3.9736934413e-01 -1.8490440820e-01  2.3661457656e+00  8.2501451312e-02  3.5633638221e+00 -1.1582685761e+00 -2.1173160244e+00  9.4647952095e-01  1.6624621722e+00 -1.5790026565e+00  5.3226477214e+00  2.8229069834e-01 -2.5531672469e+00  5.0860732485e+00
ENERGY -5.082427979394e+02
GRADIENT  7.9262795421e-04 -8.5665812709e-04 -2.6355465223e-04  1.8162334239e-06  4.0053601926e-06 -3.8307607686e-05 -7.3301843803e-05 -5.2096159808e-05 -9.6595217070e-05 -8.9198105900e-04  8.9348517182e-04  1.9756148290e-04  2.8441046323e-05  1.4229612100e-05  1.2580875917e-04  3.5198798442e-05  4.5954455685e-05 -6.4246274796e-05  3.2394094493e-05 -2.3648108170e-05  1.3347363655e-05 -5.3293979098e-04  1.0016697970e-03  7.0848250681e-04  6.4381516895e-04 -9.8301673645e-04 -5.8671478939e-04 -6.2772290925e-05 -1.8979240916e-05  1.1850450781e-05 -1.6818945703e-05  9.8099701730e-06  2.9719524965e-07 -1.2590762767e-05 -3.6252705574e-06  2.2790712539e-06 -6.7145405020e-06  2.0737047041e-06 -2.0044992727e-05  3.0461917063e-08  3.6948813314e-06  6.9728804333e-06  1.3944665104e-05 -7.4916737731e-06 -6.6626686947e-06

JOB 1
COORDS  1.3369612454e-01 -2.1305160271e-01  1.1056366529e+00  1.7793084014e+00 -6.5567668777e-01  2.8388277603e+00 -7.0609308980e-01 -1.1018063163e+00  1.7773083293e+00  1.3898040245e+00 -1.0876825769e-02  1.6787621467e+00  8.3374228230e-01 -1.5164871727e+00  3.4411774032e+00 -3.8048088243e-01 -1.7384937626e+00  2.9094385197e+00  1.1063400667e+00 -2.1407257565e+00  4.6440029738e+00  2.3560924663e+00  8.7884818676e-01  1.0027451122e+00  3.5566352784e+00  6.3243742472e-01  1.1507896647e+00  1.8955535703e+00  1.7919550755e+00  3.1309778517e-01 -1.6455897604e-01  2.9414642218e-01  1.9677332443e-01  2.7665139823e+00 -4.9794279854e-01  3.2584278514e+00 -1.6958318780e+00 -1.3186342690e+00  1.3800472707e+00  2.0786222000e+00 -2.3081603544e+00  4.8688313789e+00  4.8244529975e-01 -2.9091938283e+00  4.8613764603e+00
ENERGY -5.082416971612e+02
GRADIENT  9.5652049742e-04 -1.9160965898e-03 -1.1543491997e-03 -7.5968982410e-05 -6.6719095458e-06 -9.0056936907e-05 -1.9699139740e-04 -2.3784657377e-05 -1.2949988795e-04 -1.2690200793e-03  2.1959680555e-03  9.5224721850e-04  1.0929933555e-04 -4.3333961910e-05  2.0651571345e-04  6.0803889054e-05  9.0623807772e-05 -1.1172851778e-04  3.4252247160e-05 -2.7401670330e-05  4.4094819922e-05  5.6178251560e-04  1.3880984399e-03  2.3134670471e-03 -4.6093042749e-05 -1.6622864111e-03 -2.1041480026e-03 -1.3440033844e-04 -9.6672138792e-06  9.3033823966e-06 -1.2512129608e-05  3.6695800768e-06  1.4892814578e-07 -2.6433980783e-05 -6.4938919654e-06 -1.0489033837e-05 -2.2761541826e-05  1.2441179090e-05 -2.2196830122e-05  2.3546479930e-06  3.4474994148e-06  1.0171404951e-05  9.7152020544e-06 -3.9485571232e-06  7.2031474235e-07

JOB 2
COORDS  1.3273123907e-01 -2.2990008509e-01  1.0896940263e+00  1.7676070703e+00 -6.4705312941e-01  2.8400647697e+00 -7.0057265712e-01 -1.1299898653e+00  1.7545492468e+00  1.3781012487e+00 -7.6351880103e-03  1.6776417361e+00  8.2618827533e-01 -1.5166126247e+00  3.4363319040e+00 -3.7902102067e-01 -1.7575439229e+00  2.8925559319e+00  1.0931601727e+00 -2.1326678989e+00  4.6445807768e+00  2.3410257017e+00  8.8188712856e-01  1.0005215951e+00  3.5114613800e+00  4.9762730851e-01  9.2698337024e-01  1.8982211939e+00  1.9278868829e+00  5.1982791352e-01 -1.6493147960e-01  2.7195765486e-01  1.7711790732e-01  2.7508115544e+00 -4.8138775010e-01  3.2673363398e+00 -1.6816789015e+00 -1.3641704472e+00  1.3458589704e+00  2.0648073041e+00 -2.2895293658e+00  4.8796758772e+00  4.7555507125e-01 -2.9075254761e+00  4.8574184598e+00
ENERGY -5.082398978757e+02
GRADIENT  1.2444497535e-03 -2.6194209639e-03 -1.6958235977e-03  4.8956174034e-05  6.0065686267e-06  3.5496469658e-05  6.5330895212e-05  7.4860894246e-06  3.0278191975e-05 -2.1493861834e-03  3.1702593596e-03  1.1812768894e-03 -5.5896528858e-05  1.6134843849e-05 -8.1285480750e-05 -9.6996712758e-06 -3.9385859158e-05  4.0832008531e-05 -1.7652523319e-06  1.9463488790e-05 -6.6920714664e-06  1.6181444010e-03  1.0821287006e-03  3.7885393317e-03 -7.3085912111e-04 -1.6766993874e-03 -3.2865786536e-03  2.4610630333e-05 -2.1885859933e-05 -1.0694163546e-05  1.0306379246e-05 -7.7986395196e-06 -1.1534766804e-05  8.8543281162e-06 -4.3434458422e-06  3.6644008613e-06  6.3884198560e-06  2.3679100751e-06  9.1864445484e-06 -4.6115015403e-06 -1.6033428395e-05 -7.8845685719e-06 -1.5137639183e-05  5.5791033831e-06  4.4241439604e-06

JOB 3
COORDS  1.4600872393e-01 -2.5504459172e-01  1.0761145983e+00  1.7628580348e+00 -6.4258697078e-01  2.8512584402e+00 -6.8877638632e-01 -1.1549000523e+00  1.7396552161e+00  1.3811393862e+00 -1.8212314385e-02  1.6788860059e+00  8.2089152049e-01 -1.5153223959e+00  3.4423355547e+00 -3.7597976107e-01 -1.7699794607e+00  2.8866505124e+00  1.0782828482e+00 -2.1206971320e+00  4.6580079500e+00  2.3447999825e+00  8.7177547156e-01  1.0033841093e+00  3.4370834782e+00  3.8838695085e-01  6.9574825096e-01  1.9693276122e+00  2.0197572807e+00  7.5598070113e-01 -1.4625472244e-01  2.3497011405e-01  1.5485832024e-01  2.7384589915e+00 -4.6555583262e-01  3.2923478589e+00 -1.6635539754e+00 -1.3992249627e+00  1.3216826989e+00  2.0481182998e+00 -2.2701381985e+00  4.9050931058e+00  4.6322381308e-01 -2.8981569265e+00  4.8688314106e+00
ENERGY -5.082377576154e+02
GRADIENT  1.2793916440e-03 -2.5561035437e-03 -1.8233312612e-03  3.9087518019e-04  9.4027326086e-05  1.9230600568e-04  1.3966871070e-05  1.2386040034e-05 -2.2141097033e-05 -2.7898734307e-03  3.2288950599e-03  1.2356916255e-03 -6.2427838766e-05  8.6426466068e-05 -2.2347089680e-04 -8.7528882468e-06 -3.9524449529e-05  5.1051731203e-05  3.9378856696e-05  4.5407365939e-05 -2.1598185271e-05  2.5804826817e-03  2.0843421463e-04  4.1102811795e-03 -1.4467638797e-03 -1.0692466423e-03 -3.4154182120e-03 -4.7597255509e-05 -6.3097112358e-05 -2.7539198260e-05 -3.8657552534e-05 -2.6368121966e-05 -2.6196653338e-05  2.9262876559e-05 -3.4403500746e-06  4.0338709653e-05 -1.3058612646e-07  1.1120910223e-05 -7.3793775332e-06 -4.6930349130e-06 -2.4541959404e-05 -6.9040789763e-06 -1.7722826048e-05  6.8020846117e-06 -3.5038664925e-06

JOB 4
COORDS  1.5369442188e-01 -2.8550390871e-01  1.0618973904e+00  1.7506474342e+00 -6.3577987069e-01  2.8609579636e+00 -6.8290013503e-01 -1.1815490991e+00  1.7284893221e+00  1.3805535237e+00 -3.3239327195e-02  1.6742338521e+00  8.1204783509e-01 -1.5154267125e+00  3.4479830163e+00 -3.7730852452e-01 -1.7844523247e+00  2.8836198734e+00  1.0635845707e+00 -2.1102865112e+00  4.6700454144e+00  2.3380358781e+00  8.7176668723e-01  1.0073836608e+00  3.3100795430e+00  3.5101433324e-01  4.5673834677e-01  2.0754089631e+00  2.0755735478e+00  1.0246552043e+00 -1.3306350402e-01  1.8792903047e-01  1.2992476473e-01  2.7143285786e+00 -4.3784978122e-01  3.3197632228e+00 -1.6536129886e+00 -1.4330940052e+00  1.3052677289e+00  2.0322760634e+00 -2.2502657924e+00  4.9268477786e+00  4.5302857787e-01 -2.8914796811e+00  4.8802298779e+00
ENERGY -5.082359863998e+02
GRADIENT  8.9920695619e-04 -1.7365759599e-03 -1.0982222035e-03 -2.9859782995e-05 -4.2179967427e-06 -1.1230808199e-05  6.3650567827e-05  5.5144173253e-06  5.7162426424e-05 -1.7522845922e-03  2.4615946846e-03  7.7347182974e-04 -3.5120450633e-05  3.4104661672e-06 -3.3087159120e-05 -1.3510267005e-05 -4.3882426082e-05  1.4063130867e-05 -2.2664839702e-05  4.1134256876e-06  3.9864405204e-06  2.2076231749e-03 -5.3304218809e-04  2.4082842266e-03 -1.3040562919e-03 -1.9162845477e-04 -2.0903560649e-03 -3.9456082697e-06  4.6897867727e-05  2.8328924226e-05  1.2700288367e-05  1.9812539304e-05  8.0129055135e-06 -5.2561002591e-06  4.0759393444e-06  4.0937844464e-06  8.5684792796e-06 -5.2973365374e-06  7.1907778219e-06 -1.6878225770e-06 -1.7796530268e-05 -7.7595265051e-06 -5.0956451558e-06 -1.7763860480e-05 -7.7797571347e-06

JOB 5
COORDS  1.6874386651e-01 -3.1665896646e-01  1.0456767236e+00  1.7461843290e+00 -6.2088048479e-01  2.8700868701e+00 -6.7265676059e-01 -1.2004871110e+00  1.7226752121e+00  1.3898289435e+00 -5.1196170800e-02  1.6633361080e+00  8.1093325074e-01 -1.5041804260e+00  3.4571518915e+00 -3.7301175545e-01 -1.7863565258e+00  2.8879945743e+00  1.0574437732e+00 -2.0835454723e+00  4.6874972803e+00  2.3393150523e+00  8.7229955788e-01  1.0088852640e+00  3.1522701561e+00  3.7582906734e-01  2.2721356988e-01  2.2427484997e+00  2.0674015785e+00  1.2913293919e+00 -1.0917297226e-01  1.3229922956e-01  9.8869959568e-02  2.6952634478e+00 -3.9422214859e-01  3.3459611462e+00 -1.6423607858e+00 -1.4560346007e+00  1.2994480784e+00  2.0248085133e+00 -2.2147935340e+00  4.9533778029e+00  4.4855810645e-01 -2.8641870175e+00  4.9041811857e+00
ENERGY -5.082352707414e+02
GRADIENT  2.1027230227e-05 -3.2878270185e-05  5.7966050606e-06 -1.6477821951e-05 -6.3835661478e-06 -6.2545835860e-06  1.2632710082e-05 -1.8672364035e-05  6.4803945963e-06 -3.9126304717e-05  7.9649895914e-05 -3.6807598070e-05 -1.5691978345e-06  3.9256463044e-06 -1.1111105215e-05 -1.8058645174e-05  3.9133448251e-06  1.3183805771e-05 -1.4882623856e-05 -1.4487332017e-05 -3.5538486914e-05  9.0591362862e-05 -1.2401530628e-05  8.3641819083e-05 -3.5780959362e-05 -6.1068435125e-06 -6.7764058232e-05 -2.7010957065e-05  2.5796054060e-06 -1.9276920309e-05  3.4365484126e-06 -3.2337617262e-06 -5.0128036750e-06 -5.0636845082e-07  3.0406518760e-06 -1.4806142939e-05 -1.3620523979e-06 -3.6815530253e-06 -1.3347115722e-06 -1.9554160698e-06  1.2445873905e-05 -6.6512243352e-06  3.5368459246e-07  2.3332806544e-06 -1.6455490016e-06

JOB 6
COORDS  1.7334455251e-01 -3.4291350651e-01  1.0155326902e+00  1.7261620652e+00 -6.1111911122e-01  2.8674736142e+00 -6.7315473731e-01 -1.2212634678e+00  1.6931146388e+00  1.3865950211e+00 -6.6362902214e-02  1.6441118167e+00  7.9535215786e-01 -1.5054260504e+00  3.4446563557e+00 -3.8065135680e-01 -1.7988560940e+00  2.8644366144e+00  1.0341111528e+00 -2.0790870502e+00  4.6792482787e+00  2.3253335345e+00  8.7865346550e-01  1.0066805750e+00  2.9516383958e+00  4.6776924771e-01  2.7648461063e-02  2.4266125671e+00  1.9974153114e+00  1.5127799967e+00 -9.1268866432e-02  8.9631439332e-02  5.7449926377e-02  2.6576084984e+00 -3.5527613958e-01  3.3626670419e+00 -1.6403001918e+00 -1.4794466348e+00  1.2657170505e+00  1.9995190545e+00 -2.2043399017e+00  4.9546961945e+00  4.2653900385e-01 -2.8611827950e+00  4.8942870680e+00
ENERGY -5.082359087640e+02
GRADIENT -9.3622313945e-04  1.6813644586e-03  9.5463711239e-04  1.3698428871e-04  5.1824091721e-05  7.6500218487e-05 -1.1758421934e-05  3.3835058928e-06 -3.8752871585e-05  1.8497580439e-03 -2.7408366103e-03 -8.9818267543e-04  1.7777177362e-05  1.6595787554e-05 -3.0786682425e-05  2.1660299046e-06  2.1101554846e-05 -1.5599750357e-05  4.6452161128e-05  1.4097814179e-05  3.3756534980e-06 -2.7725961016e-03  1.7428548920e-03 -1.3793846446e-03  1.7229067218e-03 -7.5197775723e-04  1.3768216597e-03 -2.2234475689e-05 -3.7587968187e-05 -1.2861795680e-05 -8.6313243703e-06 -1.2639447922e-05 -1.6468555718e-05  4.3334094084e-06  1.1074474468e-06  3.3406085493e-05 -3.4650856209e-07  2.1329570305e-05 -1.7480055640e-05 -1.2215591715e-05 -1.5056501610e-05  3.1857419073e-06 -2.3954010714e-05  1.6248468701e-05  2.4706542315e-06

JOB 7
COORDS  1.9098276277e-01 -3.6373999761e-01  9.9717157128e-01  1.7232812044e+00 -5.9575673778e-01  2.8714367054e+00 -6.5601279983e-01 -1.2411050229e+00  1.6751691089e+00  1.3961320131e+00 -7.1418331182e-02  1.6351897496e+00  7.9776026246e-01 -1.4987510065e+00  3.4432844431e+00 -3.6954898521e-01 -1.8076767919e+00  2.8535072890e+00  1.0301673659e+00 -2.0626554005e+00  4.6834277080e+00  2.3258555782e+00  8.8631314911e-01  1.0061117521e+00  2.7475603650e+00  5.9997029377e-01 -1.1706364163e-01  2.6418287895e+00  1.8812059361e+00  1.6620929918e+00 -6.3169557148e-02  5.5350744719e-02  3.0636755333e-02  2.6415954701e+00 -3.1594264601e-01  3.3772851173e+00 -1.6184027893e+00 -1.5084176944e+00  1.2428511430e+00  1.9938146217e+00 -2.1711226041e+00  4.9716885495e+00  4.3097994191e-01 -2.8513773781e+00  4.8975345162e+00
ENERGY -5.082376335346e+02
GRADIENT -1.5563196133e-03  2.6534375412e-03  1.4077231553e-03  2.7497990459e-04  4.9126277270e-05  1.5511296399e-04  2.0758322336e-04  4.1627931174e-05  1.2459030469e-04  3.0688044487e-03 -4.5884211470e-03 -1.5794938074e-03 -1.1289554171e-04  1.0821890076e-04 -2.4577232715e-04 -5.9936455095e-05 -1.0330513340e-04  1.1194661187e-04 -5.9079573201e-05  2.0959934595e-05 -3.6272513442e-05 -4.9255050401e-03  3.5469264319e-03 -1.4431237772e-03  3.0248791617e-03 -1.7220093062e-03  1.5946503177e-03  3.2348977240e-05 -6.3848108411e-05 -2.4714886055e-05 -3.1288877559e-05  1.2397464898e-05 -1.4508972668e-05  3.1630854825e-05 -2.4905510278e-06  2.7938548564e-05  1.9067094932e-05 -5.4346724159e-06  1.1330560931e-05 -3.4987253456e-06  1.4174021195e-05  1.0623048496e-06  4.8769298835e-06 -1.6617780949e-05 -3.9793539279e-06

JOB 8
COORDS  1.9473114572e-01 -3.8909315872e-01  9.8637945087e-01  1.7072346686e+00 -5.8692733487e-01  2.8798050734e+00 -6.5256404748e-01 -1.2655204454e+00  1.6647696061e+00  1.3910475587e+00 -7.8550414743e-02  1.6334484768e+00  7.8397700082e-01 -1.4925875761e+00  3.4509383693e+00 -3.7425222042e-01 -1.8176803698e+00  2.8521428220e+00  1.0085100299e+00 -2.0418711907e+00  4.6990043029e+00  2.3190755508e+00  8.8012025418e-01  1.0035999182e+00  2.5327354266e+00  7.4136722956e-01 -2.0368336532e-01  2.8441111693e+00  1.7258185447e+00  1.7321885498e+00 -4.9656424483e-02  1.7996976388e-02  1.2712948248e-02  2.6173190360e+00 -2.9148512755e-01  3.3906072435e+00 -1.6084454721e+00 -1.5447312860e+00  1.2257896775e+00  1.9699954918e+00 -2.1364948223e+00  4.9990590921e+00  4.1512879942e-01 -2.8343067525e+00  4.9153948326e+00
ENERGY -5.082397699347e+02
GRADIENT -1.6206783472e-03  2.6269476001e-03  1.4473008187e-03  1.5002422466e-04  2.3831808380e-05  1.3530831418e-04  3.4047670328e-04  5.0859245168e-05  2.4880056306e-04  3.3088963090e-03 -4.7195765732e-03 -2.0426748734e-03 -1.8251007053e-04  1.1821106610e-04 -3.1784446796e-04 -1.0577492092e-04 -1.7990937180e-04  1.6977228809e-04 -9.5192565668e-05  2.2256544893e-05 -8.8866337835e-05 -4.8383919943e-03  4.3520312645e-03 -3.5634039879e-04  2.9555540329e-03 -2.2624771867e-03  8.2470107001e-04  5.6882018911e-05 -2.2495469562e-05  6.3178368879e-06  6.6040305399e-06  3.3114082025e-05 -9.1182481145e-06  2.6553373125e-05  2.0810979642e-05  4.8204749970e-06  3.0268417193e-05 -4.6979870308e-06  4.3870663682e-05 -1.9932377215e-07  1.6218669644e-05 -1.9733002031e-05  4.1078482597e-09 -1.2979588826e-05 -7.0935817957e-06

JOB 9
COORDS  2.0113005984e-01 -4.0253458261e-01  9.8857964184e-01  1.6926589644e+00 -5.7742950732e-01  2.9006760048e+00 -6.4260994765e-01 -1.2894436432e+00  1.6574369221e+00  1.3846668589e+00 -7.2335008624e-02  1.6503461726e+00  7.7145864154e-01 -1.4892197190e+00  3.4651861108e+00 -3.7375531793e-01 -1.8323360750e+00  2.8515887843e+00  9.8516393660e-01 -2.0274188747e+00  4.7200319077e+00  2.3157192351e+00  8.8934535449e-01  1.0250301844e+00  2.3391218763e+00  9.3072017480e-01 -2.0786578453e-01  3.0275622670e+00  1.5643676421e+00  1.7737824547e+00 -3.5781160122e-02  6.3879601555e-04  1.2025568492e-02  2.5964483798e+00 -2.7392112378e-01  3.4168766587e+00 -1.5872082549e+00 -1.5853678144e+00  1.2052133072e+00  1.9433068203e+00 -2.1053235506e+00  5.0352423421e+00  4.0019791690e-01 -2.8268549243e+00  4.9334193526e+00
ENERGY -5.082415964293e+02
GRADIENT -1.2747945072e-03  1.9710926527e-03  1.0127136312e-03  2.1004655064e-04  6.1642995616e-05  1.4525327293e-04  1.5382398401e-04  2.0024994011e-05  9.3118472355e-05  2.4080715653e-03 -3.7078628527e-03 -1.6195929502e-03 -1.0039921767e-04  1.0203456310e-04 -2.3797990759e-04 -5.7042342790e-05 -9.9650830732e-05  9.1100647032e-05 -3.2405957177e-05  3.4144038330e-05 -5.0502571359e-05 -3.4818076672e-03  3.5161732057e-03  5.7866035310e-04  2.1155431011e-03 -1.8921757777e-03 -1.6468358984e-05 -4.3292304499e-06 -4.3546615507e-05 -6.5822168260e-05 -2.0875056555e-05  6.3803392824e-08 -7.5381569686e-06  2.3772296668e-05  1.9258128680e-05  1.0613040307e-05  7.2178805416e-06  1.0231928353e-06  1.5747871674e-05 -1.8538781072e-07  1.5151327906e-05 -9.1859669891e-06 -1.8255275877e-06  5.4976396067e-06 -7.6016002667e-06

JOB 10
COORDS  2.0453526091e-01 -4.2008494949e-01  9.7574656512e-01  1.6777821797e+00 -5.6678057162e-01  2.9021966373e+00 -6.3625557965e-01 -1.3120859258e+00  1.6414804787e+00  1.3767133974e+00 -6.8332641885e-02  1.6470322916e+00  7.5624404606e-01 -1.4764746074e+00  3.4695817618e+00 -3.7748338048e-01 -1.8381872909e+00  2.8455348195e+00  9.5863035093e-01 -1.9946354070e+00  4.7349446183e+00  2.3142113029e+00  8.8801765469e-01  1.0170576566e+00  2.1660978886e+00  1.1170190544e+00 -1.8598345832e-01  3.1918805786e+00  1.3833444614e+00  1.7295728967e+00 -2.7443997654e-02 -2.5190380980e-02 -4.8460547964e-03  2.5791367193e+00 -2.5906893518e-01  3.4193422954e+00 -1.5694451325e+00 -1.6266551935e+00  1.1783005503e+00  1.9135400160e+00 -2.0593494043e+00  5.0628625451e+00  3.7890126791e-01 -2.7969716694e+00  4.9518341725e+00
ENERGY -5.082427366241e+02
GRADIENT -5.6511363226e-04  8.9824457153e-04  7.5279409723e-04 -2.0454590290e-04 -6.1772708787e-05 -1.5010548728e-04 -1.6908571026e-04 -1.7478741154e-05 -8.8625040382e-05  1.3812428287e-03 -1.6983953669e-03 -1.0656772239e-03  6.6993370451e-05 -8.7721585882e-05  1.8635588923e-04  5.8292240816e-05  7.2040264600e-05 -7.7351953041e-05  1.5347780560e-05  5.7967122102e-06  6.4305531412e-05 -1.4291982201e-03  1.9817302561e-03  6.6286894273e-04  8.6853824178e-04 -1.1203919531e-03 -3.3752488315e-04  3.7517766296e-05  2.8424570933e-06  1.5504462449e-05  2.3294448234e-05 -1.7166106890e-05  1.4597509977e-05 -2.8775869818e-05 -8.5132090530e-06 -1.9547915887e-05 -1.6641170992e-05 -4.1310273008e-06 -9.1883432509e-06 -6.9193452053e-06 -8.9456244662e-06  9.3755502692e-06 -1.1158952498e-05  8.3655141409e-06  9.2129535647e-06

JOB 11
COORDS  2.1229022285e-01 -4.3644499091e-01  9.6455760959e-01  1.6702339196e+00 -5.6052780561e-01  2.9046194794e+00 -6.2285613008e-01 -1.3374739174e+00  1.6252500433e+00  1.3726415391e+00 -6.6377041823e-02  1.6466631536e+00  7.4799093807e-01 -1.4696878383e+00  3.4715671599e+00 -3.7378914821e-01 -1.8499220978e+00  2.8371623926e+00  9.3918751481e-01 -1.9723522557e+00  4.7449406395e+00  2.3157763492e+00  8.8396299468e-01  1.0134857648e+00  2.0255702636e+00  1.3108067833e+00 -1.0674572732e-01  3.3324221738e+00  1.1882267943e+00  1.6438227590e+00 -1.6517302245e-02 -4.5976210119e-02 -1.8354250240e-02  2.5704838658e+00 -2.5141129419e-01  3.4226002953e+00 -1.5434962556e+00 -1.6714144976e+00  1.1506990696e+00  1.8906686527e+00 -2.0219379133e+00  5.0854606732e+00  3.6763656599e-01 -2.7806927931e+00  4.9614720361e+00
ENERGY -5.082431228896e+02
GRADIENT -1.4306304499e-05  5.3175944316e-05 -1.4379626429e-05 -9.0352892264e-06 -2.6256201452e-05 -3.0636998579e-06  2.6222602183e-05 -7.4872556441e-06  3.9781294261e-05  4.1583632598e-05 -4.8495178173e-05 -3.3623070479e-05  4.9671814689e-05  2.0008376736e-05  2.1257489557e-05 -1.2176933444e-05  5.6667036114e-06  7.4998398387e-09 -7.9052536832e-05 -8.3898228080e-06 -1.0044797123e-05 -6.6353107903e-05  5.7623312091e-05  4.5993405022e-05  4.6252921302e-05 -2.5446031905e-05 -2.0017992478e-05 -9.9378525397e-06 -1.0112083911e-05  4.7404290125e-06  2.1826232017e-07  3.3475564837e-06  3.4262326650e-06  2.8999523589e-06 -9.5367851165e-06 -3.1559574532e-06  3.7992903616e-06  1.5088215352e-06 -4.8376518877e-06  1.0472633127e-05  1.1379797289e-05 -5.5540925164e-06  8.0510791937e-06 -4.1304619488e-05  1.0492103962e-05

JOB 12
COORDS  2.2496474755e-01 -4.5176182338e-01  9.5691881259e-01  1.6664033290e+00 -5.5101759003e-01  2.9102559500e+00 -6.0524590799e-01 -1.3608013625e+00  1.6128711010e+00  1.3727797866e+00 -6.2767959431e-02  1.6493745031e+00  7.4407332432e-01 -1.4597255415e+00  3.4777079573e+00 -3.6545366853e-01 -1.8583345198e+00  2.8328916273e+00  9.2421386421e-01 -1.9462898175e+00  4.7589435361e+00  2.3194652791e+00  8.7994399061e-01  1.0129875711e+00  1.9223402084e+00  1.4999698546e+00  2.3408747857e-02  3.4396374717e+00  9.9486114216e-01  1.5185996155e+00 -1.5383175390e-04 -6.6477590745e-02 -2.9086901735e-02  2.5648920630e+00 -2.3938139703e-01  3.4300529914e+00 -1.5131224642e+00 -1.7141566795e+00  1.1278622562e+00  1.8720687268e+00 -1.9842394761e+00  5.1109937651e+00  3.5757041292e-01 -2.7577121706e+00  4.9768451836e+00
ENERGY -5.082427949346e+02
GRADIENT  6.4631422604e-04 -9.8563142852e-04 -2.9568855966e-04 -2.0659700357e-04 -4.0463353059e-05 -1.4372527774e-04 -1.3049983588e-04 -6.6078546754e-05 -1.0973402061e-04 -9.2833620092e-04  1.8784989188e-03  8.9319371899e-04  6.5241512438e-05 -5.8342077779e-05  2.2689693044e-04  3.9223600389e-05  8.1159620542e-05 -7.7590551304e-05  2.2242194425e-05 -4.9082398772e-05  1.7975219721e-05  9.5220034351e-04 -1.7095614373e-03 -1.3321161366e-03 -5.0381700385e-04  9.8705745681e-04  7.9820181445e-04  2.6305862587e-05  1.2166175953e-05  3.0960227359e-05  3.8749564664e-06  1.1242146170e-05  2.8708063828e-05 -2.8127848047e-05 -8.1069073869e-06 -1.8503410571e-05 -1.5519736516e-05 -5.6697557864e-06 -1.1311609022e-05  1.7082373734e-07  1.0581554987e-06  8.7865741752e-06  1.0988064912e-05 -1.1221741071e-05 -1.7505283840e-06

JOB 13
COORDS  2.4110336015e-01 -4.6370895197e-01  9.5102125664e-01  1.6668085198e+00 -5.3462814753e-01  2.9190377006e+00 -5.8382835265e-01 -1.3788845894e+00  1.6051613096e+00  1.3749317590e+00 -5.5373996756e-02  1.6548108072e+00  7.4389079000e-01 -1.4424019958e+00  3.4868080078e+00 -3.5351230797e-01 -1.8601467447e+00  2.8333297859e+00  9.1175623328e-01 -1.9114068771e+00  4.7761846043e+00  2.3224940078e+00  8.8000454434e-01  1.0150845408e+00  1.8601278742e+00  1.6794081660e+00  1.9718034621e-01  3.5059359625e+00  8.1817610692e-01  1.3603256641e+00  1.9877507402e-02 -8.5908986060e-02 -3.9272077290e-02  2.5627720370e+00 -2.1847686290e-01  3.4412991933e+00 -1.4792894163e+00 -1.7514959114e+00  1.1115568629e+00  1.8557549619e+00 -1.9386589634e+00  5.1395636715e+00  3.4920544750e-01 -2.7252038485e+00  4.9960408147e+00
ENERGY -5.082416934021e+02
GRADIENT  1.1886432392e-03 -1.8784452885e-03 -1.1236977948e-03  1.6369895215e-04  4.9074898033e-05  1.0608497874e-04  1.6896964348e-04  6.4445312580e-05  1.2389725223e-04 -2.1228318224e-03  3.3835858187e-03  2.2267645649e-03 -7.5958771966e-05  3.8532519596e-05 -2.1251645966e-04 -6.2344065897e-05 -8.8242599872e-05  8.8835754111e-05 -9.0009789134e-06  2.3724308660e-05 -4.0454894738e-05  1.0678054710e-03 -3.4580802729e-03 -3.2158532551e-03 -3.5161688127e-04  1.8466047238e-03  2.0177899505e-03 -4.7142470872e-05  2.4091567281e-05 -1.3794256687e-05 -1.0372585846e-05 -5.7705680874e-06 -1.8233119273e-05  2.3465733058e-05  4.7477318925e-06  5.6636336828e-06  1.1793550973e-05 -1.7110152907e-06  1.4545901994e-05  5.5487381295e-06 -9.7077067059e-06 -2.0572212633e-05 -4.3830482860e-06 -5.6542762676e-07 -9.2523729594e-06

JOB 14
COORDS  2.4989706478e-01 -4.6885665353e-01  9.3586874950e-01  1.6607046219e+00 -5.0855416267e-01  2.9150129708e+00 -5.6605198486e-01 -1.3942986158e+00  1.5871401869e+00  1.3694847813e+00 -3.8046143517e-02  1.6479711733e+00  7.4434977697e-01 -1.4234762820e+00  3.4820116374e+00 -3.4014389993e-01 -1.8626396128e+00  2.8208164750e+00  9.0533869742e-01 -1.8800362432e+00  4.7766850999e+00  2.3118434317e+00  8.9815715697e-01  1.0060528865e+00  1.8247855182e+00  1.8542768012e+00  3.9745258896e-01  3.5173755627e+00  6.7994434281e-01  1.1527084340e+00  2.9315945416e-02 -9.8919781582e-02 -5.8079684049e-02  2.5507900145e+00 -1.8233612701e-01  3.4421199203e+00 -1.4494285667e+00 -1.7860078193e+00  1.0865103440e+00  1.8458230663e+00 -1.8923875572e+00  5.1499112303e+00  3.5156374596e-01 -2.6998957098e+00  4.9964641775e+00
ENERGY -5.082398796194e+02
GRADIENT  1.7765256602e-03 -2.6369550227e-03 -1.1300744007e-03 -4.5627936501e-05 -2.1822540377e-05 -3.6647669114e-06  1.5703015091e-05 -1.5757836796e-05  3.2879665266e-05 -2.4490767411e-03  4.6433782592e-03  2.9299559089e-03 -4.7689239422e-05 -5.6454949309e-06 -7.5605536507e-05 -6.3175933660e-06 -3.5370093768e-05  3.7438768063e-05 -1.2237612872e-05  2.1862932716e-05 -1.9350467240e-05  6.5619822202e-04 -4.0367696553e-03 -4.8917300251e-03  1.5246125404e-04  2.0678420350e-03  3.1333090811e-03  1.8599470990e-05  1.5026946932e-05 -3.5024338981e-06  2.3843430102e-05 -4.4451239970e-06  7.7074379339e-06 -1.4294474935e-06  8.7898481978e-06 -4.4373006045e-06  1.7198229919e-06 -4.8084176653e-06  1.1713420256e-05 -2.6287950576e-06 -1.9970602468e-05 -1.0135500264e-05 -1.9002805793e-05  2.1832629577e-06  1.1475040416e-07

JOB 15
COORDS  2.6459053204e-01 -4.9058985238e-01  9.2681414473e-01  1.6511823569e+00 -5.0075451174e-01  2.9243524368e+00 -5.5101416625e-01 -1.4181742883e+00  1.5759848288e+00  1.3698935547e+00 -4.4203276665e-02  1.6505403594e+00  7.3722853095e-01 -1.4211305198e+00  3.4864634713e+00 -3.3531367810e-01 -1.8749776815e+00  2.8155026277e+00  8.8753824149e-01 -1.8687673449e+00  4.7854513562e+00  2.3128595520e+00  8.9460409326e-01  1.0130608463e+00  1.8570541020e+00  1.9777817599e+00  6.3951049446e-01  3.4920610050e+00  5.4252051027e-01  9.3359480714e-01  5.0769601220e-02 -1.3203439234e-01 -7.3245118979e-02  2.5309903014e+00 -1.6286989597e-01  3.4622369650e+00 -1.4251798668e+00 -1.8210631920e+00  1.0679265103e+00  1.8231097999e+00 -1.8678328607e+00  5.1709676858e+00  3.4042770813e-01 -2.6936775784e+00  5.0029711760e+00
ENERGY -5.082377283707e+02
GRADIENT  1.8578135383e-03 -2.6268591312e-03 -1.2619797081e-03  1.1731870714e-04  4.6033448505e-05  5.4759035498e-05 -8.3960032246e-05 -2.8375150878e-05 -8.6197078188e-05 -2.4755759989e-03  4.3129550235e-03  3.1223598826e-03  4.5043916908e-05  3.3783407451e-05  4.9789138424e-05  2.6087206527e-05  4.0926982363e-05 -4.5850761228e-05  1.5870118890e-05 -1.4781147673e-05  1.8110561475e-05 -2.6976819033e-04 -3.3453406290e-03 -5.2707686105e-03  7.7855162718e-04  1.5393148975e-03  3.4297855541e-03 -5.9256283875e-05 -3.5159250887e-05  4.2023230701e-05 -2.9937879050e-05 -8.6932085038e-06 -1.8365092998e-06  8.6393274527e-06 -1.6852500072e-05  2.4238650010e-05 -1.2814921057e-05  9.6935113250e-06 -2.1894565704e-05 -7.4488100008e-06  5.2880441463e-06  1.7046164926e-05  7.9090803984e-06 -1.1052103636e-05 -1.0551408855e-06

JOB 16
COORDS  2.8990195168e-01 -5.0948379436e-01  9.2019966507e-01  1.6485324608e+00 -4.7038585864e-01  2.9358042240e+00 -5.2978099204e-01 -1.4277049830e+00  1.5777515074e+00  1.3842217311e+00 -4.4964587740e-02  1.6482467528e+00  7.3815694025e-01 -1.3932858134e+00  3.5001643453e+00 -3.2462630829e-01 -1.8643665026e+00  2.8260591479e+00  8.7960401027e-01 -1.8221984513e+00  4.8065605654e+00  2.3218267950e+00  9.0068091321e-01  1.0100795477e+00  1.9411006708e+00  2.0658570696e+00  8.8367041271e-01  3.4210885584e+00  4.5775140322e-01  6.7167807948e-01  8.6476089176e-02 -1.7512589988e-01 -9.0655116364e-02  2.5114470593e+00 -1.0805904409e-01  3.4857173423e+00 -1.3988169196e+00 -1.8399636958e+00  1.0683288118e+00  1.8123245694e+00 -1.8139427715e+00  5.1988262354e+00  3.3405379234e-01 -2.6466990912e+00  5.0296910108e+00
ENERGY -5.082359642184e+02
GRADIENT  1.2291117183e-03 -1.6922156474e-03 -7.2426324757e-04 -1.1778319538e-06  2.5828707400e-06 -7.1982511755e-06 -4.1387381507e-05 -7.3189339447e-06 -3.5098279353e-05 -1.4179563629e-03  2.6725693386e-03  1.9071918077e-03  1.2810288384e-05 -9.1691537334e-06  2.3336413566e-05  2.3567033277e-05  6.5836083517e-06 -2.4261932189e-05  2.1158973111e-06  8.3915817578e-06  2.8706509881e-05 -7.1208856566e-04 -1.5216121679e-03 -3.3237900635e-03  9.2015349760e-04  5.5358296721e-04  2.2002655431e-03 -1.2790854007e-06 -9.5855648530e-06 -1.5310353346e-06  1.0747094478e-06  7.3448813621e-06  8.5518389525e-06 -6.2310236810e-06 -4.9543871432e-06  6.9019307650e-06  7.1328823390e-07  5.4710145077e-07 -9.7836631475e-06  1.7790390857e-06 -2.3512043020e-05  1.3713084055e-06 -2.4960021106e-06 -1.5898231246e-05 -5.9093891102e-06

JOB 17
COORDS  3.1192666884e-01 -5.3589206563e-01  9.0570101962e-01  1.6370412235e+00 -4.6325660089e-01  2.9425054358e+00 -5.1494068876e-01 -1.4478832482e+00  1.5629496965e+00  1.3956910604e+00 -6.1858960348e-02  1.6431243300e+00  7.3079982417e-01 -1.3952554155e+00  3.4989441637e+00 -3.2162589057e-01 -1.8762892996e+00  2.8160086426e+00  8.6182201733e-01 -1.8177004891e+00  4.8083831674e+00  2.3212241100e+00  9.0506344071e-01  1.0177403849e+00  2.0565967790e+00  2.1005930734e+00  1.1520973351e+00  3.2855379754e+00  4.4057161900e-01  4.0720931107e-01  1.2412963098e-01 -2.1881826674e-01 -1.1382995740e-01  2.4778176016e+00 -7.5125866954e-02  3.5090952867e+00 -1.3803732913e+00 -1.8619355852e+00  1.0488016831e+00  1.7899212208e+00 -1.8009164816e+00  5.2109628041e+00  3.1817065581e-01 -2.6435974737e+00  5.0307059141e+00
ENERGY -5.082352704525e+02
GRADIENT  1.7497331338e-05 -2.4040059619e-05 -7.1886114749e-06 -2.1905694313e-05 -1.9072997821e-05 -3.2382410144e-05 -2.3651968249e-05 -1.8251802036e-05 -3.6892049347e-05 -2.6024398092e-05  7.8114814458e-05  3.7163628467e-05  3.3269963051e-05 -7.7971607434e-06  5.8868934140e-05 -4.5170970765e-06  3.7796954789e-05 -3.1793268843e-05  9.0012246078e-06 -1.8868341333e-05 -4.3749352013e-07 -4.8272063899e-05 -2.3825284768e-05 -6.1718015479e-05  1.5960048262e-05 -7.5016475432e-06  2.3912158697e-05  3.2623540685e-05  3.2842301061e-06 -1.6171839631e-05 -7.2215573189e-07 -4.2882545860e-06 -4.5596726614e-06 -1.1234381101e-06 -7.8376503323e-06 -1.2851535168e-05 -1.8596615551e-06 -5.6922485518e-07 -1.2242148772e-05 -1.5811145625e-06  1.0413659546e-05 -3.2885427986e-07  5.2862980960e-06  2.8733247776e-06 -3.4643900015e-06

JOB 18
COORDS  3.3591146819e-01 -5.6397297013e-01  8.9804583401e-01  1.6319746130e+00 -4.5118353876e-01  2.9518436212e+00 -4.9681644001e-01 -1.4675228059e+00  1.5592312808e+00  1.4111686410e+00 -7.7512502850e-02  1.6403549880e+00  7.3191320199e-01 -1.3907362069e+00  3.5057532006e+00 -3.1154467184e-01 -1.8839029978e+00  2.8176623895e+00  8.5515495335e-01 -1.8031346276e+00  4.8190844492e+00  2.3168240985e+00  9.1048459449e-01  1.0204612966e+00  2.2068543815e+00  2.0812317728e+00  1.3885940454e+00  3.0933248761e+00  4.9265926783e-01  1.5915674034e-01  1.6359700634e-01 -2.6580766031e-01 -1.2974461171e-01  2.4512863073e+00 -3.4274026983e-02  3.5290816194e+00 -1.3600578159e+00 -1.8849789787e+00  1.0442153590e+00  1.7793892702e+00 -1.7774069732e+00  5.2297844923e+00  3.1317945834e-01 -2.6292971003e+00  5.0443233951e+00
ENERGY -5.082359275035e+02
GRADIENT -1.2205440771e-03  1.6162133028e-03  7.3106047941e-04 -1.2088607128e-05 -2.8693654492e-06 -2.2025592987e-05 -1.8859856085e-05 -9.2495479921e-06 -1.9829597631e-05  1.1781478782e-03 -2.1775180414e-03 -1.7127715314e-03  2.5407369894e-05 -8.5107911509e-06  6.7655356686e-05 -2.0132820860e-06  3.3797207107e-05 -2.8627599133e-05  7.2512357966e-07 -1.3652729164e-05  1.0579072679e-05  1.6568800667e-03  1.9036207106e-04  2.7317883437e-03 -1.6016205920e-03  3.8447458722e-04 -1.7214133945e-03  2.5407973354e-05 -1.7043346191e-05 -3.8302208591e-06  1.3019542067e-05 -2.3681259312e-06  1.5949584032e-07 -1.4995054591e-06 -9.8370030892e-06  3.0641064548e-06 -7.1029811865e-07  8.5374123303e-06 -8.3314708626e-06 -1.2276306977e-05  6.4532422295e-06  1.0507592750e-05 -9.2016472777e-06  7.1045096113e-06  3.3343181202e-06

JOB 19
COORDS  3.6992739968e-01 -5.8773146695e-01  8.7493034546e-01  1.6406128454e+00 -4.4244233378e-01  2.9438765546e+00 -4.6771858960e-01 -1.4848038693e+00  1.5385598862e+00  1.4363156348e+00 -8.9703232776e-02  1.6232438010e+00  7.4359137637e-01 -1.3857990384e+00  3.4955424870e+00 -2.9173270301e-01 -1.8892395097e+00  2.8023488009e+00  8.5818055459e-01 -1.7885410266e+00  4.8125960883e+00  2.3315374416e+00  9.0949394868e-01  1.0088697221e+00  2.4139005132e+00  2.0083731383e+00  1.5621355523e+00  2.8979561356e+00  5.8452571797e-01 -3.7316212639e-02  2.1198036325e-01 -3.0353759940e-01 -1.5881220907e-01  2.4446668375e+00 -4.6474387930e-03  3.5264950604e+00 -1.3272004063e+00 -1.9074039759e+00  1.0215824745e+00  1.7786034953e+00 -1.7541214442e+00  5.2310279735e+00  3.1826875993e-01 -2.6153526513e+00  5.0402604376e+00
ENERGY -5.082376551032e+02
GRADIENT -2.0357444775e-03  2.6059926406e-03  8.2222777057e-04  2.7456208903e-04  1.6034063072e-04  2.5487815175e-04  1.8692381074e-04  7.0200172625e-05  1.3227029582e-04  1.5562919842e-03 -3.4365088247e-03 -2.3199791618e-03 -1.7118114021e-05  3.2719134467e-05 -2.6161046782e-04 -9.4409858667e-05 -4.4123097995e-05  1.0038821183e-04 -8.0359345233e-06  1.6058208960e-05 -4.0948849718e-05  3.0058011419e-03 -5.9969914153e-04  3.4109068952e-03 -2.9077455242e-03  1.2364064738e-03 -2.0356194358e-03 -4.9522439358e-05 -8.0895033284e-05  1.4548093424e-05 -2.2491655418e-05 -1.0767346323e-05 -6.0379540711e-05  2.5910770750e-05  1.2845678047e-06  4.0642653616e-05  2.4256827078e-05 -2.2282286935e-07  3.3668861458e-06 -6.1101476984e-06 -4.5625773985e-06 -8.9360467220e-06 -1.6077146083e-05  2.5791534089e-06  8.3308774871e-06

JOB 20
COORDS  3.7846996749e-01 -6.0810799355e-01  8.7163471048e-01  1.6232168606e+00 -4.3112457656e-01  2.9527279924e+00 -4.5694093689e-01 -1.5088902442e+00  1.5328077163e+00  1.4312609572e+00 -9.0430734732e-02  1.6264594297e+00  7.3171543796e-01 -1.3804185148e+00  3.5027165237e+00 -2.8975597820e-01 -1.9014767754e+00  2.8017774168e+00  8.3687243305e-01 -1.7712042144e+00  4.8241628445e+00  2.3247754221e+00  9.1217702424e-01  1.0150862871e+00  2.6145952032e+00  1.9015643807e+00  1.6928210408e+00  2.6863533348e+00  7.0769400898e-01 -1.4653636632e-01  2.3057577533e-01 -3.3257704983e-01 -1.6541514209e-01  2.4158492392e+00  2.2415260373e-02  3.5381020605e+00 -1.3063291363e+00 -1.9447744980e+00  1.0103112690e+00  1.7513502183e+00 -1.7177513260e+00  5.2534811653e+00  3.0729936523e-01 -2.6043120241e+00  5.0529542350e+00
ENERGY -5.082397777519e+02
GRADIENT -1.9987344300e-03  2.4760415936e-03  1.0728250276e-03  5.3663044788e-05  2.3739623007e-05  3.6717085784e-05  7.4105137873e-07  1.1566124935e-05 -1.3535968210e-05  1.7152035789e-03 -2.9325483472e-03 -2.1318359800e-03 -1.6954666010e-06  1.7770866216e-05 -2.3207835117e-05  4.6695373210e-06  3.9065257592e-06  3.9868803178e-06 -5.0283486453e-06  2.1066836952e-06  3.4836863122e-06  3.1924095403e-03 -1.4075963389e-03  2.4549176603e-03 -2.9769991491e-03  1.8503533311e-03 -1.3839336387e-03 -1.3848716065e-05  2.7333210886e-05  2.5574946966e-05 -1.1772029178e-05  1.1284481175e-05 -4.8557984086e-07  6.1132138568e-07  6.9409668679e-06  1.1930883661e-05  6.7699415200e-06  1.7093912655e-06 -6.5402108438e-06 -6.9013801398e-07  7.5232918127e-06  4.3086135165e-06  9.0594321589e-06 -6.4745251078e-06 -2.9577276055e-06

JOB 21
COORDS  3.9758741268e-01 -6.1967713630e-01  8.7221475198e-01  1.6204132174e+00 -4.2423031044e-01  2.9638604054e+00 -4.3042249098e-01 -1.5328035940e+00  1.5254980886e+00  1.4348257793e+00 -8.3288109965e-02  1.6362017159e+00  7.3467640024e-01 -1.3820726269e+00  3.5082581975e+00 -2.7158049453e-01 -1.9194199292e+00  2.7976614781e+00  8.3069867845e-01 -1.7659264359e+00  4.8325109609e+00  2.3310441852e+00  9.2254472882e-01  1.0296043269e+00  2.8299579600e+00  1.7669158963e+00  1.7789380198e+00  2.4983447108e+00  8.6520613070e-01 -1.9132289658e-01  2.5567433881e-01 -3.4566743358e-01 -1.6557708613e-01  2.4062177627e+00  3.6228441689e-02  3.5520519441e+00 -1.2661026406e+00 -1.9842540020e+00  9.9422536775e-01  1.7393166593e+00 -1.6962157747e+00  5.2718590486e+00  3.1128364999e-01 -2.6059015659e+00  5.0593950017e+00
ENERGY -5.082415916403e+02
GRADIENT -1.4472869768e-03  1.8251618380e-03  8.7663421312e-04 -6.6239653149e-05  8.9949011381e-06 -7.8924820339e-05 -1.7378075542e-04 -5.6472395184e-05 -1.5079931376e-04  1.3987967821e-03 -1.9890077528e-03 -1.3330554734e-03  1.0441445021e-04 -4.5868817307e-05  1.9427707977e-04  5.1310039231e-05  1.0748165949e-04 -9.6562385208e-05  3.1531703807e-05  7.9132012110e-06  5.6491279982e-05  2.3354648665e-03 -1.3431952549e-03  8.7667154990e-04 -2.1783262803e-03  1.6399563238e-03 -3.4228867348e-04 -7.5536875624e-05 -1.1514069992e-04 -3.9669284120e-05 -3.6678641695e-06 -1.2378623022e-05 -1.0501221222e-05 -2.0394337352e-05 -1.1493924152e-05 -1.3673419594e-05 -1.0103706636e-05 -5.9787229330e-06 -3.2377526333e-05 -1.1393319005e-06  7.3946800957e-07  7.1993112762e-06 -1.3327522759e-06  6.9254322331e-06  5.4668230406e-06

JOB 22
COORDS  4.0445607722e-01 -6.3418004162e-01  8.6733502036e-01  1.6097946565e+00 -4.1128215360e-01  2.9658951068e+00 -4.1243316120e-01 -1.5587202599e+00  1.5182983339e+00  1.4265133294e+00 -7.5175551383e-02  1.6362232957e+00  7.2842699450e-01 -1.3726202503e+00  3.5113697053e+00 -2.6178392011e-01 -1.9319552910e+00  2.7955858183e+00  8.1423323026e-01 -1.7396620478e+00  4.8412180869e+00  2.3248340708e+00  9.3061037586e-01  1.0265304965e+00  3.0241190022e+00  1.6080079909e+00  1.7851722964e+00  2.3060132981e+00  1.0364342557e+00 -2.0227092311e-01  2.6448809396e-01 -3.6554082927e-01 -1.7168058190e-01  2.3918667312e+00  5.5488388948e-02  3.5533623610e+00 -1.2323644053e+00 -2.0311303581e+00  9.8082541017e-01  1.7167759416e+00 -1.6516579442e+00  5.2898265763e+00  3.0513689930e-01 -2.5850237182e+00  5.0715372273e+00
ENERGY -5.082427346991e+02
GRADIENT -7.6860685968e-04  9.6009996501e-04  4.0673489026e-04 -7.3479124155e-06  1.3592556228e-05 -3.5760080301e-05 -9.8817736807e-05 -2.6800633152e-05 -9.8045438879e-05  7.5146528956e-04 -1.0339110061e-03 -5.1976134715e-04  5.1689819948e-05 -2.5493320268e-05  9.2777983467e-05  3.8916930039e-05  6.4544506384e-05 -5.7990700262e-05  1.2794621901e-05  3.0395420495e-05  5.6500883487e-05  1.1287717375e-03 -9.1269661046e-04  3.6758729259e-05 -1.0433065361e-03  9.6344571860e-04  1.0681517963e-04 -2.4577219096e-05 -5.6146041213e-05 -1.7758416471e-06  5.2831161104e-06 -1.6162693334e-05 -8.7023052932e-06 -4.4284414501e-06 -1.2318376303e-05  4.3067042704e-07 -5.9521422431e-06  2.7551291134e-06 -2.1692266131e-05 -2.2778810657e-06 -8.4381800614e-06  9.6219989335e-06 -9.2661602490e-06  8.3766430996e-06  1.2387690335e-06

JOB 23
COORDS  4.1292789936e-01 -6.4733772080e-01  8.6073765428e-01  1.5981778349e+00 -4.0244161680e-01  2.9683778730e+00 -3.9435351149e-01 -1.5834827907e+00  1.5069806455e+00  1.4189064312e+00 -6.9479188524e-02  1.6371676915e+00  7.1894140152e-01 -1.3668623071e+00  3.5118816312e+00 -2.5455356309e-01 -1.9454888234e+00  2.7887407762e+00  7.9251850498e-01 -1.7211958608e+00  4.8459264499e+00  2.3229505500e+00  9.3198040453e-01  1.0260883267e+00  3.2013603665e+00  1.4230529616e+00  1.7407254078e+00  2.1406746486e+00  1.2118687663e+00 -1.6123902008e-01  2.7636785831e-01 -3.8203687977e-01 -1.7941109585e-01  2.3774417631e+00  6.6991680908e-02  3.5571944280e+00 -1.1972230573e+00 -2.0755330710e+00  9.6147709564e-01  1.6883196813e+00 -1.6171748817e+00  5.3046165972e+00  2.9299049324e-01 -2.5721690564e+00  5.0766216446e+00
ENERGY -5.082431227756e+02
GRADIENT -4.2639188159e-05  6.4326798887e-05 -1.1873278650e-04  1.2111790531e-04  4.6803465371e-05  8.4624904471e-05  4.3599166239e-05  1.8715652179e-05  1.0122396418e-05 -9.1602368447e-05 -1.4002055735e-04  5.0408175224e-05 -1.7813076134e-05  3.7700313420e-05 -4.9938476917e-05 -9.9103322762e-06 -2.0077759680e-05  6.1198247157e-06  1.1867911673e-05 -8.0583042918e-06 -1.3692042318e-05 -2.2970527903e-06 -6.0980172319e-05  3.4390272172e-05 -3.0230822986e-05  3.9636537625e-05 -5.1666967807e-06  1.7753343175e-05 -6.7380877412e-06  3.2336540175e-05 -9.9943083962e-06  1.0053662126e-06 -9.5913123513e-06  7.3610735031e-06 -1.1760460416e-06  2.2891707660e-05  2.5725654839e-06  1.2175782865e-05 -6.5669001869e-06 -4.7265564123e-06 -4.9557342481e-08  3.9981620965e-06  7.4039255929e-07 -3.4371202495e-06 -7.8560765719e-06

