JOB 0
COORDS  1.4602516705e+00 -2.7906019447e-01  1.7091988149e+00 -7.6400110354e-01 -1.2075356481e+00  1.8059774511e+00  6.5177596005e-01 -1.5660918807e+00  3.5847958981e+00  2.0138300644e-01 -4.5342097320e-01  1.1124783823e+00  1.6785715636e+00 -8.5689665477e-01  2.9534179281e+00 -1.1558429822e+00  3.4021311628e-01 -9.0014270845e-01  4.0765554063e+00 -8.1689218593e-01  3.0312872285e+00 -5.4405138758e-01 -1.7329063149e+00  3.0175156670e+00 -2.3443405299e+00  3.7728387016e-01 -1.8850224558e-01  5.0718260309e+00 -6.2348635343e-01  3.9474906759e+00  4.7844585936e-03  9.6265731381e-02 -1.6833675477e-01 -1.0988015593e+00  5.1479892224e-01 -2.1127186140e+00  4.2302818963e+00 -1.0143906046e+00  1.8434955395e+00  2.8573974067e+00 -7.0861023132e-01  3.6739985294e+00  2.2397900457e+00  2.8286501943e-01  1.2083088021e+00 -1.7315845684e+00 -1.4132022735e+00  1.3599725972e+00  8.1795473101e-01 -2.0073617382e+00  4.5653531373e+00 -3.0970712746e+00  7.7835865452e-01 -7.3604384123e-01 -2.3098717023e+00  6.9472999799e-01  7.7404017861e-01  6.0037447228e+00 -8.7297893648e-01  3.6465631045e+00  4.8524632622e+00 -6.9856287992e-01  4.9318187933e+00  8.2729636139e-01  1.7553692753e-01 -7.5541210573e-01
ENERGY -7.164135046011e+02
GRADIENT  8.1223899772e-04 -6.7696113547e-04 -7.0807779981e-04 -8.5803558494e-06  1.2424424393e-04  5.0839520782e-05  9.6666794137e-05 -2.0170747824e-04  4.1359775696e-04 -4.8490469839e-04  4.6294492526e-04  3.4584796682e-04 -5.0576628701e-04 -8.3752481803e-05 -2.3971998219e-04  2.5137691172e-05 -1.2992431460e-03 -4.7431447309e-04 -2.2010305903e-05 -3.1957514706e-04 -8.1977684057e-05  1.0461898596e-04  6.4931329372e-05 -5.9502795466e-05 -5.5973097253e-05 -1.5548548675e-05 -2.6364123152e-05  4.7903881054e-05  2.9416293111e-05 -5.9189888899e-05  1.3819029643e-04  1.3800983862e-03  6.0670370539e-04  1.8221781845e-05  1.5361769065e-06  1.0340552576e-04  9.7720621445e-05  1.2660102927e-04  1.0545572617e-04 -3.6602624196e-04  1.5144065633e-04 -4.3544240186e-05  7.3815092347e-05  2.4387370292e-05 -6.3902313642e-05 -4.6210764554e-06 -1.4171860823e-05  3.1406243002e-05 -2.6908741797e-05 -2.4508976949e-05  4.8633123092e-05 -2.9593559138e-05 -5.4902197103e-06 -8.1463016748e-06  7.8476551276e-06  6.5197145213e-05 -2.1241677566e-05 -3.5271458762e-05 -3.7137165241e-06 -7.2950264355e-05 -1.9123142725e-05  2.3046096182e-05 -2.0076267725e-05  9.0434957976e-05  1.6857258428e-04  1.2546184962e-04

JOB 1
COORDS  1.4469810067e+00 -3.2327075790e-01  1.6673998169e+00 -7.5914310521e-01 -1.2944908170e+00  1.7592362415e+00  6.3385087236e-01 -1.5680887671e+00  3.5679324294e+00  2.0288205905e-01 -5.4378494696e-01  1.0578052011e+00  1.6582122617e+00 -8.6045765614e-01  2.9320672290e+00 -1.1607119133e+00  3.8543892695e-01 -8.8364390624e-01  4.0518523127e+00 -7.9827868659e-01  3.0442083233e+00 -5.5212658627e-01 -1.7748279762e+00  2.9906687450e+00 -2.2991916721e+00  4.9563904764e-01 -1.0215875229e-01  5.0327876541e+00 -5.3974207172e-01  3.9594888754e+00 -3.0874197053e-03 -5.1132743645e-02 -2.4489845355e-01 -1.1490259442e+00  6.3934919073e-01 -2.0839402965e+00  4.2209168022e+00 -1.0662054362e+00  1.8725392762e+00  2.8229148205e+00 -6.6458611812e-01  3.6641870746e+00  2.2211249675e+00  2.4221079003e-01  1.1620123923e+00 -1.7169832626e+00 -1.5249364095e+00  1.3021995077e+00  7.9317592803e-01 -1.9763504525e+00  4.5638016432e+00 -3.0280657947e+00  1.0218490527e+00 -5.6941499465e-01 -2.1875545766e+00  7.0837746224e-01  8.8279631285e-01  5.9711584794e+00 -7.9679048211e-01  3.6862335250e+00  4.8012392038e+00 -5.5722794251e-01  4.9437424529e+00  8.0334379420e-01  6.3682218534e-04 -8.5606555584e-01
ENERGY -7.164140017950e+02
GRADIENT  1.9595250046e-04 -3.2124655099e-04 -2.3528766741e-04  6.0628615520e-05 -2.7449413538e-05  1.3472078279e-04 -6.2886678237e-05  3.7553182961e-05 -1.0784881506e-04 -2.6813338703e-04  2.3127973519e-04  1.6194826009e-04 -4.5063090449e-05 -1.8801382832e-05  2.7036686024e-05 -1.3646590752e-04 -4.7943765625e-04 -1.2234336940e-04  5.5243229514e-05 -1.6058564844e-04  4.7306185415e-05 -4.4749488560e-05 -3.8307040866e-05 -2.7340930371e-07  7.3432920275e-05  2.2331739532e-05  3.4120484844e-05 -7.8184657117e-05  3.9899373069e-05  3.2391569893e-05  1.8515833457e-04  6.0256845739e-04  1.5067030956e-04  1.1611463053e-05  2.7866778452e-05 -3.1539031432e-05  2.2653973967e-05  8.1938742054e-05  2.2999319241e-05  6.0124251901e-05  8.0490581582e-05 -3.1287203571e-05  3.2027941593e-06  1.2111200859e-05  9.6974628867e-06  2.1722326456e-06 -2.0745641400e-06  2.3876350795e-05 -2.1609259163e-05 -1.0068680137e-05 -1.0825671907e-05 -1.7997157525e-06 -1.9884918934e-05 -7.5394853825e-06 -2.1313423292e-05  4.0573438270e-06 -2.0160044181e-06 -4.3120475552e-05  1.2490644765e-05 -6.4719951895e-05  8.5588633855e-06 -8.8383595332e-06 -9.3928173387e-06 -9.4938085723e-06  3.1912253052e-05  2.7401469471e-05

JOB 2
COORDS  1.4341355578e+00 -3.8340728945e-01  1.6259863826e+00 -7.5604039759e-01 -1.3897539644e+00  1.7281521094e+00  6.1837290549e-01 -1.5735017504e+00  3.5602594952e+00  2.0278765916e-01 -6.5046277029e-01  1.0116615171e+00  1.6391898885e+00 -8.7264189836e-01  2.9121571454e+00 -1.1337060107e+00  4.1914953918e-01 -8.6060202621e-01  4.0288381509e+00 -7.7785021597e-01  3.0513345541e+00 -5.5921220809e-01 -1.8199351771e+00  2.9790657244e+00 -2.2220825345e+00  5.9760891549e-01 -2.4152405587e-02  4.9961980702e+00 -4.6556573881e-01  3.9639522029e+00 -2.0713146678e-02 -2.1468257914e-01 -3.1021579197e-01 -1.1353526455e+00  7.5999370432e-01 -2.0392573209e+00  4.2135416412e+00 -1.1005671372e+00  1.8961197897e+00  2.7906599795e+00 -6.2868542749e-01  3.6504948049e+00  2.2036441027e+00  1.7888455415e-01  1.1098880027e+00 -1.7057146712e+00 -1.6453412165e+00  1.2653718631e+00  7.7255583713e-01 -1.9427968259e+00  4.5720582120e+00 -2.9015574338e+00  1.2397385609e+00 -4.1359509630e-01 -2.0610651178e+00  6.9505966997e-01  9.7162059851e-01  5.9405728002e+00 -7.2480755611e-01  3.7144670865e+00  4.7531221975e+00 -4.3499779765e-01  4.9450981356e+00  7.7960191355e-01 -1.6872344557e-01 -9.2982234135e-01
ENERGY -7.164140729172e+02
GRADIENT -1.4281672946e-04  2.2187103038e-04  8.4205899260e-05 -1.7778792214e-04 -3.8832302169e-05 -4.2067801638e-05  5.9968191197e-05  4.8301511982e-05 -9.2356145552e-05  3.5391787546e-04 -2.1423267830e-04 -6.3401018484e-05  6.4883504766e-05 -3.6509014633e-05  9.2324310670e-05  7.7669884711e-05  2.4097652631e-04 -5.6226812077e-05 -1.1966271830e-05  5.1214112155e-05 -4.3454252766e-05 -1.3278860132e-05  2.0920474159e-05 -5.5247904065e-05  1.3382600197e-04 -6.7399702940e-06  6.5969067201e-05  2.1841316320e-05 -2.8200049336e-05  1.9269392429e-05 -3.9651420007e-04 -3.1191987839e-04  1.5795549732e-04 -8.3164295542e-06  5.3232665819e-05 -9.8894295456e-05  6.1848763982e-05 -1.1964440596e-05  4.1444442642e-05  6.5880295740e-07  3.4908847769e-05  2.9767505437e-05  1.4393797761e-05  1.8863678911e-07  2.0295267826e-05 -9.1154193682e-06 -1.0845599273e-05 -1.6896413271e-05  1.8242094444e-06 -6.9241733629e-07 -1.4403728513e-05  1.5885174937e-05 -8.1245849072e-06 -1.1070570421e-05 -1.6704746151e-05 -2.6547517481e-05  1.0331829800e-05 -2.2274020600e-05 -1.4651648450e-05 -4.5396016138e-05 -6.7006547905e-06  6.7426611992e-06 -3.6706544454e-06 -9.6905760793e-06  2.4643426868e-05  1.6614286203e-05

JOB 3
COORDS  1.4088251595e+00 -4.1457733348e-01  1.5673401457e+00 -7.5183749393e-01 -1.4800430014e+00  1.6871249055e+00  6.1358740971e-01 -1.5734947917e+00  3.5299559574e+00  1.9185137507e-01 -7.3965919437e-01  9.5465873996e-01  1.6190601700e+00 -8.6274880734e-01  2.8686678820e+00 -1.0928312839e+00  4.7359640196e-01 -8.4286741049e-01  4.0034307174e+00 -6.9381510917e-01  3.0190385167e+00 -5.5503397466e-01 -1.8680142520e+00  2.9517651390e+00 -2.1200329249e+00  7.3107031299e-01  4.6026767690e-02  4.9556050190e+00 -3.3526889915e-01  3.9300271099e+00 -6.1776308192e-02 -3.4813435091e-01 -3.8039613473e-01 -1.0892013678e+00  8.8808049975e-01 -1.9974876023e+00  4.2035292578e+00 -1.0358900236e+00  1.8720393839e+00  2.7573313114e+00 -5.6596981954e-01  3.6078022069e+00  2.1635716770e+00  1.5675462073e-01  1.0396227059e+00 -1.6935829604e+00 -1.7654870284e+00  1.2238940967e+00  7.7199929109e-01 -1.9089547079e+00  4.5529340463e+00 -2.7291546417e+00  1.4763163676e+00 -2.6749002512e-01 -1.9301265293e+00  7.1237444725e-01  1.0407130804e+00  5.9091985468e+00 -5.6948258643e-01  3.6911577181e+00  4.7059451366e+00 -2.8749711738e-01  4.9087882059e+00  7.2833059432e-01 -3.3324763880e-01 -1.0151203502e+00
ENERGY -7.164137004328e+02
GRADIENT -3.7205942676e-04  8.8891353716e-04  3.4954417288e-04  6.6500995766e-05  3.5587956063e-05  4.3764301260e-05  2.2543570320e-05 -3.3783821543e-05  8.6596074013e-05  9.0697664584e-04 -7.5466398567e-04 -4.7052190004e-04 -7.0016189506e-05 -4.9294115270e-05 -2.9731704088e-05  5.5002894375e-04  8.1223715819e-04  1.7410937374e-04  1.7699401095e-05 -3.2056463938e-05 -2.6140449233e-05 -1.7958150631e-06  4.2706457661e-06 -5.0106126856e-07  7.2383240737e-05  6.5270638089e-05 -1.2058709268e-05  3.1996284614e-06 -3.6520977922e-05 -1.8311550135e-07 -1.1208955877e-03 -1.0052590557e-03 -4.3324969331e-05  1.1681579953e-05  1.7704515957e-05 -9.1078419514e-06  2.3026914096e-05  2.6172842680e-06  2.3510759044e-05 -7.0270991754e-05  4.0888064355e-05  7.9894875700e-06 -1.8892997074e-07 -2.6773071228e-06 -1.0481846678e-05 -4.4519999692e-08 -2.6949087762e-06  7.3602463168e-06 -5.3450893961e-06 -9.8384778236e-07  1.4878986640e-05 -4.1488415163e-06 -1.4846953204e-05  7.5193646498e-07 -8.9202316745e-06 -2.7842709372e-05 -4.8173297495e-06 -8.4951629592e-06 -7.3494752579e-06 -2.3921649353e-05 -3.1649140278e-06  8.4755118365e-06 -6.7384113478e-06 -3.5814841720e-05  1.0794017278e-05 -3.3622407704e-05

JOB 4
COORDS  1.3565316449e+00 -4.7986872636e-01  1.5421880560e+00 -7.6860024434e-01 -1.6143151827e+00  1.6763533700e+00  5.9190047681e-01 -1.6292981839e+00  3.5226652742e+00  1.5564194671e-01 -8.6338320060e-01  9.3335205777e-01  1.5760099912e+00 -8.9638219148e-01  2.8533394870e+00 -1.0328992792e+00  4.9806274709e-01 -8.0041656696e-01  3.9520684380e+00 -6.5154442924e-01  3.0117811240e+00 -5.6596878765e-01 -1.9729120191e+00  2.9491457710e+00 -1.9670613853e+00  8.7688660700e-01  1.4512649062e-01  4.8880062556e+00 -2.3931900706e-01  3.9165558616e+00 -1.3254152912e-01 -4.9876947885e-01 -4.0886038564e-01 -1.0156458177e+00  9.4794157879e-01 -1.9413413246e+00  4.1673490241e+00 -1.0180736236e+00  1.8752067887e+00  2.6993637811e+00 -5.4716082634e-01  3.5921311274e+00  2.0914709932e+00  1.0828664841e-01  1.0050297809e+00 -1.7021840181e+00 -1.9273548590e+00  1.2135656253e+00  7.5801630746e-01 -1.9396564515e+00  4.5524847750e+00 -2.4706468352e+00  1.7171699139e+00 -1.0855576666e-01 -1.7523516170e+00  7.7117150480e-01  1.1288322218e+00  5.8483380747e+00 -4.5283623791e-01  3.6854047862e+00  4.6335926546e+00 -1.7374496487e-01  4.8930954990e+00  6.2995456857e-01 -5.7398096135e-01 -1.0731870218e+00
ENERGY -7.164128906495e+02
GRADIENT -5.0094762359e-04  1.5141396226e-03  3.0107452260e-04 -7.9082673833e-05 -3.7387071125e-05 -9.7235601069e-05  3.6133066371e-05 -1.0316023588e-05  1.4874802515e-04  1.7737439848e-03 -1.4091644715e-03 -4.5134483425e-04 -1.7187457609e-04 -1.0845537324e-05 -9.1112142514e-05  1.1131746488e-03  9.0181164052e-04 -3.7957437658e-05  2.7618114445e-04 -2.0536296397e-05 -1.4950868763e-04  4.7578763847e-05  3.7338061845e-05 -3.6180745477e-05 -9.4157252768e-05  8.4836822781e-06  2.3499730156e-05 -1.8680827997e-04  1.0386004427e-04  3.6886087347e-04 -2.2466991492e-03 -1.0558145470e-03  1.1123520245e-04  8.3062480324e-05  6.6955157354e-05  8.6921438671e-05  8.8280846653e-05 -8.6400734448e-06  1.1975931396e-05 -4.5609481689e-05 -8.7505181022e-05  5.4376321907e-05 -4.1598726444e-06 -5.5076301734e-07 -5.4006397099e-06 -1.9457194207e-05  1.1693786292e-06  1.1708598477e-05 -1.4755005351e-05 -8.0392231778e-06  2.6833778247e-05  6.1348277821e-06  3.5098960062e-05  1.5134364575e-05  4.2255323574e-05  5.6903610527e-05  1.9029531193e-05 -1.7521413855e-04 -1.3539996254e-04 -2.9170362411e-04 -3.2793763708e-06  4.7605061104e-05  3.9449921226e-05  6.3394165891e-05 -6.4743796799e-05  4.8466978446e-05

JOB 5
COORDS  1.7669602043e+00 -8.5240741344e-02  1.7836112666e+00 -2.1914636177e-01 -1.3919935208e+00  1.4152943801e+00  6.6630784311e-01 -1.3301124091e+00  3.5303044680e+00  7.6595181400e-01 -5.2539990920e-01  9.1656119748e-01  1.6807407660e+00 -4.6556593990e-01  3.1197373120e+00  1.2303357842e-01  1.0705517839e+00 -8.6486691237e-01  2.8257993167e+00  1.3077092881e+00  4.1925002090e+00 -2.5832380104e-01 -1.8048929505e+00  2.6860984250e+00 -1.0377889647e-01  2.0128648667e+00  1.1428516604e-01  3.7758028601e+00  1.5226903019e+00  5.1463678505e+00  7.8167407543e-01 -9.9000354073e-02 -4.4400785101e-01 -2.2231473497e-01  1.2138785382e+00 -2.0329747622e+00  2.2694407485e+00  2.1613246750e+00  3.5294374803e+00  2.6134209753e+00 -5.4243828146e-02  4.0667935035e+00  2.5645071820e+00  5.5494649641e-01  1.4232310561e+00 -1.0035166046e+00 -1.7583587761e+00  7.5414698111e-01  6.0892976839e-01 -1.6450838513e+00  4.5704979389e+00 -3.6563577950e-01  2.9228502462e+00 -2.4127394565e-01  4.1948860935e-01  2.0027346250e+00  9.8163628925e-01  3.8874877086e+00  2.4751925609e+00  5.4644173724e+00  4.0222534957e+00  7.7150690777e-01  5.7768126592e+00  6.5406156018e-01 -8.2838432813e-01 -1.1381314333e+00
ENERGY -7.164140508766e+02
GRADIENT  1.4086782369e-03 -1.9943741045e-03 -5.8893924818e-04  1.0294201671e-05 -2.5311481569e-05  6.0897849241e-05 -3.1803848337e-05  4.5714208927e-05 -6.1955407956e-05 -3.2047734629e-03  2.2919347066e-03  6.5623143795e-04 -7.9030690074e-05 -4.6100196783e-05 -3.7497227529e-06 -1.9256294865e-03 -1.3939193146e-03 -5.4367188343e-04 -7.4147137993e-05 -4.6109764905e-06  2.4782648996e-05 -2.8570903958e-05 -8.8589047834e-06 -9.4722022426e-06 -1.7570749488e-04 -4.0909755682e-05  6.9963778912e-05  9.8857571117e-06  1.5464941697e-05  8.1195445769e-06  3.8669119729e-03  1.0264672971e-03  5.2606296592e-04 -8.1155080362e-05  4.5055741201e-06 -3.9744408689e-05  1.6251919598e-05  7.6634737833e-06 -6.2602567698e-06  9.9219882947e-05  1.9756338139e-05 -3.0035055758e-05  2.9488432039e-05 -3.1331626284e-06  6.0656711664e-06 -7.4711682322e-06 -8.1344508598e-06  2.8356921695e-06 -1.1567866320e-05 -9.0033147227e-06 -5.8576049340e-06  6.7334142024e-06  9.4537411015e-05  6.5605804543e-05  6.2796987070e-05  2.2474715871e-05 -3.5050609819e-05 -1.4053924147e-05 -6.7703125322e-06  6.6533446533e-06  4.5729075254e-06 -9.4301382268e-06 -6.2504319191e-06  4.2615455048e-06  3.9567037827e-05 -3.0757097367e-05

JOB 6
COORDS  1.5772797408e+00 -1.2061435580e-01  1.8076612288e+00 -4.9920983349e-01 -1.3048260778e+00  1.5405415747e+00  5.4616770928e-01 -1.3901575306e+00  3.5820817757e+00  4.8391150634e-01 -4.5546602005e-01  1.0047739027e+00  1.5667831181e+00 -5.5509717427e-01  3.1282759109e+00  8.7939660463e-02  1.3544923661e+00 -6.5397862757e-01  2.8252473163e+00  1.1359516527e+00  4.1912731057e+00 -4.5900528283e-01 -1.7809626246e+00  2.7885190617e+00  4.2036301084e-01  2.3068503239e+00  2.7898161697e-01  3.8648337788e+00  1.2949786812e+00  5.0578661935e+00  4.1139232296e-01  2.0134576296e-02 -3.2879146045e-01 -3.9617427196e-01  1.6232736890e+00 -1.7487075243e+00  2.2131098780e+00  2.0276001496e+00  3.6352819769e+00  2.5858751217e+00 -2.1584660450e-01  4.0132370022e+00  2.3851610955e+00  4.8877283848e-01  1.4181167509e+00 -1.3493382668e+00 -1.6051844188e+00  9.2847928483e-01  5.4982281949e-01 -1.7489195338e+00  4.6093889453e+00  5.6044252344e-02  3.2292439991e+00  8.2894195898e-02  5.9032541851e-01  2.0796830781e+00  1.2515047374e+00  4.0189573104e+00  2.2277310650e+00  5.4142816300e+00  4.1703463991e+00  5.0799227724e-01  5.6143726190e+00 -5.6799356173e-02 -5.9941058326e-01 -9.8230955586e-01
ENERGY -7.164155863377e+02
GRADIENT  1.6256301641e-03 -2.2859206886e-03 -9.8608539446e-04 -1.2387725443e-04 -3.7331315121e-05 -2.1965434076e-04 -1.4633808749e-05 -2.0890010179e-05  2.2076055022e-04 -3.8172393013e-03  3.1116329512e-03  1.6033529654e-03 -1.1593623317e-04 -2.9669895279e-05 -1.1490280843e-04 -2.8257251072e-03 -8.4592318597e-04 -3.2587790110e-05  1.6290823629e-04 -1.6670786330e-04 -4.3333221852e-04  9.3688598773e-05  7.7344721560e-05 -1.5207515827e-05  2.5137311625e-04  1.2440209600e-04 -1.5388029025e-04 -9.5107409929e-05  2.5940311634e-04  5.6970885085e-06  5.1347788548e-03  2.3091202878e-04 -4.6109823957e-04 -9.8779869913e-05  2.3363746804e-06 -4.7353291116e-06  5.2574423488e-05  1.5704202969e-05  2.2575213849e-04 -2.1906579296e-04 -1.7899736804e-04 -5.5392634919e-05  4.5526001894e-05  2.9317202602e-05  1.3037901946e-06 -2.4742541184e-05  9.1631933563e-06 -2.0364105195e-06  1.5762154408e-05 -8.1992895542e-06  2.5923574668e-05 -4.2554773458e-05  4.2241393231e-05  1.5512546082e-04 -1.5696703471e-04 -4.7793840046e-05  5.3413041660e-05  5.5954768978e-05 -1.1181753426e-05  8.9042459898e-05 -2.6647707624e-05  4.2600104105e-07 -1.6219102219e-06  1.1438319119e-04 -3.0781144758e-04  1.4690666530e-04

JOB 7
COORDS  1.5103591284e+00 -1.0700655866e-01  1.8147393734e+00 -5.0413723867e-01 -1.3964240923e+00  1.5668505300e+00  5.9557420876e-01 -1.4766175487e+00  3.5802513207e+00  4.1475930687e-01 -4.7704203216e-01  1.0285048082e+00  1.5559057367e+00 -5.7516483085e-01  3.1225679750e+00  1.4347066933e-01  1.3821175011e+00 -6.3305074615e-01  2.7802785163e+00  1.1538477786e+00  4.1713694094e+00 -4.0459161532e-01 -1.9025975617e+00  2.7983975315e+00  5.9584938609e-01  2.3080632981e+00  2.7886601297e-01  3.8237856936e+00  1.3379388893e+00  5.0283344603e+00  2.6224038819e-01  2.5552597345e-02 -2.7949591881e-01 -2.9187635869e-01  1.6878744053e+00 -1.7389414992e+00  2.1417922175e+00  2.0312461368e+00  3.6213565148e+00  2.5777002419e+00 -2.0280101030e-01  3.9914126474e+00  2.2832558666e+00  5.4413760639e-01  1.4242104516e+00 -1.3519290645e+00 -1.7293703542e+00  9.6827542198e-01  6.4339900348e-01 -1.8595921672e+00  4.5974618513e+00  3.4983636936e-01  3.2597694897e+00  4.0067647283e-02  6.6780970565e-01  2.1003928010e+00  1.2685497297e+00  3.9565021951e+00  2.2744501338e+00  5.3834601866e+00  4.1524991110e+00  5.5896172215e-01  5.5829239368e+00 -2.8300680712e-01 -5.4321511858e-01 -9.1795286420e-01
ENERGY -7.164169390595e+02
GRADIENT  8.2703891845e-04 -1.0985453311e-03 -5.4673137846e-04  3.5675013042e-05  4.5356844612e-05  4.9911202404e-05 -7.5912716889e-06 -3.0143581226e-05  4.0583147746e-05 -2.1489428096e-03  1.6026371123e-03  8.4851997586e-04 -2.6374096116e-05 -1.4015438360e-05 -4.2141055116e-05 -1.4336608995e-03 -1.2929144015e-04  1.1618641002e-04 -1.7264538827e-04  1.2796117241e-04  2.5728894791e-04 -1.0837636819e-06 -1.5454151551e-05  1.9088727178e-05  4.1323443433e-05  3.5225794233e-05 -4.3519573451e-05  1.1094294810e-04 -1.4249717652e-04 -4.2354377919e-05  2.8452573517e-03 -3.3710584138e-04 -5.2255192852e-04 -4.2939570662e-05 -2.4417009570e-06  4.0322828779e-05  1.3195139230e-06 -7.4384756619e-05 -1.5179176136e-04  5.1347304669e-05  3.0025341657e-05 -4.9281877754e-05  6.3758745604e-06  1.7926528862e-07 -1.6946304744e-05  1.0854907381e-05 -1.8082595015e-05  5.9790612997e-06 -1.4852449358e-05 -1.6708184938e-06  6.5646446140e-06 -1.5265646299e-05  1.9256509667e-05  1.1628986112e-05 -1.7470851111e-05  1.7496466980e-05  1.0446308900e-05 -4.8903872168e-05  1.6472863613e-06 -4.1037961193e-05  6.9842382393e-06 -5.1773778347e-06  1.1396794246e-05  1.8573603128e-05 -8.2419310262e-05  4.1306443866e-05

JOB 8
COORDS  1.4482631126e+00 -7.5744136194e-02  1.8343431163e+00 -5.0202699192e-01 -1.4612257689e+00  1.5827084671e+00  6.4252422627e-01 -1.5503724980e+00  3.5706588446e+00  3.5772982220e-01 -4.7805344816e-01  1.0552403225e+00  1.5466259619e+00 -5.8843757428e-01  3.1225939258e+00  1.8885377786e-01  1.3804162817e+00 -6.5215344847e-01  2.7590845541e+00  1.1491810883e+00  4.1849832021e+00 -3.5201796504e-01 -1.9992641764e+00  2.7941171140e+00  6.9865390366e-01  2.3037819122e+00  2.3629753339e-01  3.8117456680e+00  1.3297517697e+00  5.0323478498e+00  1.2923996207e-01  4.7026240165e-02 -2.2656102056e-01 -1.6487537626e-01  1.6724538965e+00 -1.7907396618e+00  2.1024011442e+00  2.0301325896e+00  3.6629740157e+00  2.5740817984e+00 -2.0596198031e-01  3.9803768092e+00  2.1856801152e+00  6.1940030264e-01  1.4541233034e+00 -1.3439771482e+00 -1.8185396315e+00  9.8971218116e-01  7.3143028035e-01 -1.9639086122e+00  4.5728697526e+00  5.5247860539e-01  3.2580327837e+00 -6.8000398106e-02  6.4886481979e-01  2.1526617882e+00  1.2381094842e+00  3.9346231603e+00  2.2601129773e+00  5.4066566392e+00  4.1552047295e+00  5.4413822553e-01  5.5683580647e+00 -4.2242232430e-01 -5.1166624202e-01 -8.6709435595e-01
ENERGY -7.164173799041e+02
GRADIENT  1.5465755482e-04  4.5750026359e-07 -7.2749460687e-05 -3.7111628084e-05 -7.9484564032e-05 -3.6059628674e-05  3.0848959090e-05  1.7385329593e-05 -3.2993416918e-05 -1.6393211693e-04  1.0878654431e-04  1.2187956197e-04 -1.0310847437e-04 -7.4781309484e-05 -2.9401206327e-05 -1.3984267936e-04  1.2467789012e-04 -9.0681684295e-05 -1.0100985589e-04  2.6951183238e-06  1.9685839597e-04 -1.7353351607e-05  2.8464498580e-05 -2.9902214772e-05 -3.5064236310e-05 -1.0635975367e-04  4.1825727200e-05  5.1145183583e-05 -5.1657192596e-05 -3.7086177090e-05  2.7916836685e-04 -6.7154780340e-05  2.1584959434e-04  8.8381564442e-06  1.1181838354e-06 -7.5184540395e-05  2.1352085838e-05  2.6900720064e-05 -9.4811890223e-05  8.4845561276e-05  5.3800454468e-05 -5.0617045546e-05  4.0716798372e-05 -5.9055425132e-05  5.9412216680e-06 -2.1870118825e-06 -2.3095726424e-05 -6.5144532651e-06 -1.8297326635e-05 -1.0518332568e-05 -6.8787815710e-06 -1.8768913274e-06 -2.6088068518e-05 -1.8057469902e-05  4.6060033977e-06  3.2567779613e-05  8.1399413279e-06 -2.2995659645e-05 -4.7075597776e-06 -1.6966792948e-05 -2.2413966151e-06 -1.1514250200e-05  1.0714323277e-05 -1.7258122114e-05  3.6569136647e-05 -1.1163249357e-05

JOB 9
COORDS  1.3876504646e+00 -7.6463271862e-03  1.8881547762e+00 -4.9582617521e-01 -1.4823439424e+00  1.6312047504e+00  6.8856700685e-01 -1.5701583361e+00  3.5954858239e+00  3.0763366751e-01 -4.4619325148e-01  1.1131437218e+00  1.5382003739e+00 -5.5595973278e-01  3.1571614820e+00  2.2226782343e-01  1.3673713437e+00 -6.6857440345e-01  2.7389969370e+00  1.1902060856e+00  4.2314237703e+00 -3.0014732641e-01 -2.0422602787e+00  2.8249353294e+00  7.5777197586e-01  2.3141261054e+00  1.8332846618e-01  3.8067889570e+00  1.3688728569e+00  5.0611987968e+00  1.0065523343e-02  8.8707125866e-02 -1.4794614147e-01 -4.5504099567e-02  1.6010648817e+00 -1.8434276514e+00  2.0584560847e+00  2.0719782822e+00  3.7432001911e+00  2.5711445803e+00 -1.6296958234e-01  4.0033722486e+00  2.0858285323e+00  7.3136719716e-01  1.5193401723e+00 -1.3300259945e+00 -1.8645660447e+00  1.0426188584e+00  8.1698451144e-01 -2.0071728167e+00  4.5832151523e+00  6.9982308849e-01  3.2497745903e+00 -1.9991989554e-01  5.9822386150e-01  2.2491603046e+00  1.1833335686e+00  3.9200823659e+00  2.2922795992e+00  5.4552228215e+00  4.1704674695e+00  5.7742727419e-01  5.5748352177e+00 -5.0951369286e-01 -4.9243464278e-01 -7.9484638636e-01
ENERGY -7.164171556390e+02
GRADIENT -5.1511167637e-04  4.7561790995e-04  3.1893786216e-04 -7.9965928112e-05 -7.5328207241e-05  4.1486688180e-06  3.0049045030e-05  5.5642930088e-05 -1.2947491360e-04  1.1788668846e-03 -9.1350068210e-04 -7.1947085709e-04  5.9711992396e-05 -9.8583234475e-06  1.0422396364e-04  8.6659849569e-04 -1.7106072531e-04 -3.8115252245e-04  5.3328154786e-05  4.5367501673e-05 -4.6415762862e-05 -2.5410458973e-05 -2.3532578897e-05 -4.4397042126e-05 -1.1521831819e-04  1.7493878546e-05 -2.6115171854e-05  3.5389372092e-05 -1.0905433925e-04  6.1641919763e-05 -1.4383664744e-03  5.3268609657e-04  8.0888300901e-04 -2.0951903282e-05  2.8612979531e-05  1.4940089261e-05 -6.0496647454e-05 -3.3569093460e-05 -2.8579665190e-06  8.7902645041e-05  8.0726372694e-05  3.6647745214e-05 -4.0133407786e-06 -8.3147091182e-06  1.9353194297e-05  5.0774064177e-06 -1.6949477399e-05 -2.7018499709e-05 -1.1370939725e-05  5.9758784032e-06 -2.1924461724e-05  1.3397933005e-05  1.5333839288e-05  1.4539890079e-06  1.3220748134e-05 -3.0134348747e-06  5.6476960446e-06 -4.2567007402e-05 -2.9497717752e-06 -3.5086479699e-05  7.6682197757e-06 -1.1562685555e-05  1.6676053782e-06 -7.8794569321e-05  7.4432796082e-05  5.9935017941e-06

JOB 10
COORDS  1.3262146819e+00  3.1647525737e-02  1.9026651323e+00 -4.9851682329e-01 -1.5087115623e+00  1.6123173967e+00  7.2825655188e-01 -1.6391833796e+00  3.5473467033e+00  2.5360615105e-01 -4.1975914579e-01  1.1246433784e+00  1.5282090677e+00 -5.7362265561e-01  3.1389574969e+00  2.3101224052e-01  1.3724367211e+00 -6.8923355820e-01  2.7304369169e+00  1.1546659127e+00  4.2525671326e+00 -2.5903009359e-01 -2.1123391888e+00  2.7756505671e+00  7.9962234108e-01  2.3274161794e+00  1.3443443229e-01  3.8157663601e+00  1.3117696262e+00  5.0647373081e+00 -1.1566376209e-01  1.5491417487e-01 -1.0108098278e-01  3.0546578280e-02  1.5560513345e+00 -1.8857865980e+00  2.0345655529e+00  2.0485261206e+00  3.8107397925e+00  2.5684570332e+00 -1.9072066140e-01  3.9806685021e+00  1.9869732416e+00  8.1507543133e-01  1.5600673170e+00 -1.3293286662e+00 -1.8970425156e+00  1.0228287340e+00  8.9610711469e-01 -2.1166631311e+00  4.5100607713e+00  8.2657395541e-01  3.2394991901e+00 -3.0596853799e-01  5.5799189417e-01  2.3400027126e+00  1.1201251381e+00  3.9291239106e+00  2.2205232668e+00  5.4914907980e+00  4.1937157444e+00  5.0508190428e-01  5.5431954814e+00 -6.0116805945e-01 -4.4309687810e-01 -7.5963204889e-01
ENERGY -7.164165008654e+02
GRADIENT -9.7661851263e-04  8.5261460255e-04  7.4084085592e-04  9.1718127644e-05  5.5674918619e-05  5.7007506640e-05 -2.8080925728e-05 -3.3509259773e-05 -2.7453450990e-05  2.2853266476e-03 -1.9816855713e-03 -1.6880476707e-03  6.1961511757e-05  3.6388794017e-05 -2.3069366310e-05  1.2016240567e-03 -7.5095963160e-04 -6.2128807133e-04 -5.0047670120e-05  2.5139791123e-05  1.6858219204e-04 -1.6310966857e-05 -2.9756796443e-05  2.7403365372e-05  1.1061498717e-04  4.3774401188e-05 -2.1286405128e-05  2.3292050361e-05 -6.0128716273e-05 -3.9478316466e-05 -2.7427688042e-03  1.8882962206e-03  1.3946691891e-03  3.3522977522e-05 -2.7698937554e-05  2.4690673193e-05 -6.4943128834e-06 -1.3655675153e-05 -9.0527615955e-05  7.9459917827e-06  2.3053620743e-05  2.1144757725e-05 -1.8347097424e-05 -1.1625321531e-05 -1.1067678289e-05  9.1526007067e-06  8.0874628116e-06  8.3176474938e-06  7.0547741889e-06 -8.5946910916e-06 -7.8169500712e-06 -6.3274930902e-06  5.9553859896e-06  7.6414982001e-06 -1.6400968834e-05  6.9819464855e-06 -9.6595124034e-06  7.0963782292e-06 -1.1227570884e-05 -1.0196151175e-05  1.3806300770e-05 -9.0889440789e-06 -9.5369404974e-06  3.8458463259e-05 -1.1792172713e-04  3.4600702211e-05

JOB 11
COORDS  1.5733315353e+00 -3.7539977250e-01  1.6718243081e+00 -6.7756031047e-01 -1.2146074266e+00  1.7964791579e+00  6.9251877898e-01 -1.5289192549e+00  3.6099159885e+00  3.3178314675e-01 -5.6602579589e-01  1.0536906118e+00  1.7431949869e+00 -8.9080689374e-01  2.9535308121e+00  8.1749960175e-01  4.3725829892e-01 -1.2426616235e+00  4.1261136579e+00 -1.0184690881e+00  3.0242211333e+00 -5.1031239029e-01 -1.6677478143e+00  3.0374538551e+00  2.1856437079e+00  2.4694732635e-01 -1.1532203281e+00  5.1527897574e+00 -7.7567855294e-01  3.8907637164e+00  3.4157369914e-02 -1.8342463881e-01 -2.6503746435e-01  2.8941563801e-01  1.0984184775e+00 -2.1302782467e+00  4.2388289780e+00 -1.3907962420e+00  1.8724246300e+00  2.9326067884e+00 -7.3384689942e-01  3.6589892917e+00  2.3728228628e+00  1.6923245563e-01  1.1923280748e+00 -1.6611409177e+00 -1.3663292936e+00  1.3508900202e+00  8.2862160581e-01 -1.9242776577e+00  4.6139095827e+00  2.6635102560e+00  5.4278440555e-01 -1.9967525437e+00  2.5268527511e+00 -6.2549573375e-01 -7.6251900576e-01  6.0613949744e+00 -1.1234223606e+00  3.6181396584e+00  4.9514744062e+00 -6.7990550122e-01  4.8770651719e+00 -9.5012409524e-01 -4.8052690083e-02 -4.6825367751e-01
ENERGY -7.164154397479e+02
GRADIENT  6.4560782384e-04 -2.0138712684e-03 -6.4279172241e-04  4.0077986562e-05  4.5429751754e-05  8.0933956681e-05  2.2819258135e-05 -5.2341779567e-05  1.1212863996e-04 -1.5202928048e-03  4.3801484164e-03  1.4382641298e-03  7.9336630450e-06  2.2791747461e-05 -9.3342510236e-06 -8.0760495090e-04  2.2976447106e-03  8.3789581204e-04 -5.4137163197e-05 -3.3372945667e-04  1.1875511549e-04 -9.4724840053e-06  2.0035021102e-05 -2.9116812618e-05  2.2146336940e-05 -2.1436103765e-05  4.3547090043e-05  7.6238062142e-06  3.3745088189e-05 -2.7444388770e-05  1.7105761142e-03 -4.4813533696e-03 -1.7447828295e-03  2.6895903152e-05 -4.8230860685e-05 -5.7880998880e-05 -1.5869869996e-04  1.8318699840e-04 -3.9821764926e-05 -1.5826238421e-05  1.2569622529e-04 -8.6336723314e-05  3.3531370826e-05 -1.4790756145e-06  1.1670529009e-05  1.1053322979e-06  2.0257856542e-05  7.7847757716e-07  2.5880523734e-06 -4.1313625163e-06  2.4770182317e-06  1.1232547572e-05  1.0752864463e-05 -2.0829974842e-05 -2.3084234747e-05 -4.2583141107e-05 -4.5131675949e-05  3.3648224411e-05  5.1561193388e-05  5.0647749479e-05 -4.1336894541e-06  5.0777263381e-06 -1.5704678107e-05 -5.6833475425e-05 -1.3235830621e-04  7.7112691465e-05

JOB 12
COORDS  1.5345292561e+00 -2.9256771786e-01  1.7143840669e+00 -6.8419557620e-01 -1.2196856684e+00  1.7803959554e+00  6.9325717140e-01 -1.5843190491e+00  3.5792848372e+00  3.0469002519e-01 -4.9938282675e-01  1.0785401287e+00  1.7240448016e+00 -8.7816447949e-01  2.9620752426e+00  8.3509135027e-01  4.3164587412e-01 -1.2354360344e+00  4.1029784575e+00 -9.8132549831e-01  3.0119635049e+00 -5.0478080257e-01 -1.7295710181e+00  2.9981363215e+00  2.1878829521e+00  1.6611859824e-01 -1.1206171934e+00  5.1380167707e+00 -7.4577000866e-01  3.8695485078e+00  8.8442516199e-03 -3.9251550514e-02 -2.1365347276e-01  3.5373985408e-01  1.0522548223e+00 -2.1781899799e+00  4.2032422798e+00 -1.3268333691e+00  1.8504963554e+00  2.9136517953e+00 -7.2758762452e-01  3.6687351921e+00  2.3126966978e+00  3.0803015338e-01  1.2655276898e+00 -1.6595929057e+00 -1.3830708663e+00  1.3216460163e+00  8.4189744492e-01 -2.0317011337e+00  4.5594554331e+00  2.6839805581e+00  3.4783650364e-01 -1.9851648956e+00  2.4898176585e+00 -6.6723092360e-01 -6.2615371243e-01  6.0471196152e+00 -1.0755703504e+00  3.5770327763e+00  4.9494215328e+00 -6.7047398484e-01  4.8601418798e+00 -9.6753988182e-01  1.2671515806e-01 -4.2847944829e-01
ENERGY -7.164165008677e+02
GRADIENT  4.2602118774e-04 -1.3305483907e-03 -5.2631271808e-04  1.1465400834e-04  2.1909504940e-05  3.7263221248e-05 -5.0442208455e-05  2.5751080894e-06 -6.3096416035e-06 -9.6734085658e-04  3.0808886314e-03  1.2512455809e-03  4.8705908420e-05  5.5689916598e-05 -1.2422830949e-05 -1.8209793579e-04  1.4024326347e-03  6.2875663267e-04  6.3137920256e-05 -1.5248691906e-04  6.6037556986e-05 -1.9000570969e-05 -2.5976035498e-05  2.9636499228e-05  8.1387543351e-05  8.8850881306e-05  5.3987778905e-06 -4.8449117330e-05  5.1806165955e-05  2.4884134487e-05  5.3276751510e-04 -3.2093894008e-03 -1.5646845391e-03  8.0291171834e-06  1.2092644011e-05  4.7706087669e-05 -5.2782550875e-05  5.7526611698e-05 -4.9283908549e-05  3.0041036070e-05 -1.1650207586e-05  2.9642543203e-07 -2.2994772463e-05 -4.5470695437e-06 -6.9330434760e-06  1.4336118370e-05  1.2556169666e-07  3.7428485938e-06 -5.9684279467e-06  1.1512157787e-05  3.8631045331e-06  4.2486192098e-06 -1.0552583343e-05 -1.9944771335e-06 -7.7412249276e-06 -6.6107666407e-06 -1.7743261498e-05 -8.3234210289e-06  1.3936379377e-05  5.1811346102e-06 -3.3563302840e-06  1.7583642606e-05  5.8645618073e-06 -5.1347952706e-05  2.2156977743e-05  1.1580560604e-04

JOB 13
COORDS  1.5319752098e+00 -2.3220710102e-01  1.7577296905e+00 -6.5533570727e-01 -1.2340135908e+00  1.7756784747e+00  7.4353467505e-01 -1.6552881936e+00  3.5461543617e+00  3.0893366489e-01 -4.4829520602e-01  1.1120705297e+00  1.7500744837e+00 -8.8544327208e-01  2.9657894831e+00  8.3554534709e-01  4.1224118107e-01 -1.2230877579e+00  4.1245988940e+00 -9.6609350879e-01  2.9789979738e+00 -4.5399817301e-01 -1.8024949743e+00  2.9644093207e+00  2.1768562317e+00  1.0486121689e-01 -1.0995823706e+00  5.1737112886e+00 -7.5819359763e-01  3.8256209535e+00  6.6605021858e-03  9.3641092838e-02 -1.4489075814e-01  3.6464722924e-01  9.6187177172e-01 -2.2144277987e+00  4.2042855152e+00 -1.2678174122e+00  1.8035689708e+00  2.9451535698e+00 -7.4466504475e-01  3.6653967944e+00  2.2861233445e+00  4.1960458907e-01  1.3381813900e+00 -1.6276539251e+00 -1.4013621816e+00  1.3119888695e+00  9.1173642618e-01 -2.1540090253e+00  4.4980307366e+00  2.6697682132e+00  1.8294438422e-01 -1.9808407892e+00  2.4713304790e+00 -6.6662994257e-01 -5.0985985929e-01  6.0795904451e+00 -1.0684006952e+00  3.5032466161e+00  5.0037618352e+00 -7.1891029650e-01  4.8216353893e+00 -9.7037434963e-01  2.2443355439e-01 -3.7826710749e-01
ENERGY -7.164171556503e+02
GRADIENT  2.1894254311e-04 -6.5328578594e-04 -3.4273627933e-04 -9.5183026706e-05 -5.0377250430e-05  1.7981132799e-05  2.5504060073e-06  9.6536438630e-05 -9.7171890968e-05 -3.5395175451e-04  1.4725071610e-03  6.6992625668e-04  6.2343757919e-05 -2.4604715344e-05  9.1996537673e-05  1.6973884865e-04  9.1087864076e-04  2.4834254740e-04  4.2609421933e-05  6.4885724210e-05 -3.6528868846e-05 -4.7863473313e-05  1.5188593432e-05 -2.3119130496e-05 -5.8323254135e-05 -6.8986068505e-05 -7.7042527500e-05 -3.5811776752e-05  3.7712077231e-07  1.2478751844e-04 -2.5015612895e-05 -1.6676597254e-03 -4.7022354667e-04  1.6467374720e-05 -2.8755217332e-05 -1.7598017637e-05 -6.1037129676e-05 -3.8288108953e-05 -5.8397925233e-06  1.1879210109e-04  2.7825309691e-05  4.5320226694e-06  9.0427883359e-07 -1.4464840292e-05  1.4574093468e-05 -2.1201736968e-05  2.3817869458e-05 -3.0847400066e-06 -1.1142308948e-05  4.8726449523e-06 -2.1530910879e-05  1.9085250574e-05  6.7171819592e-06 -3.4627632217e-06  6.9148186180e-06  6.6315300627e-06  1.1344944790e-05 -3.8239174693e-05 -7.0325756052e-06 -3.5656800834e-05 -3.5219810565e-06  5.7524588537e-06  1.2112633420e-05  1.5410171762e-05 -7.2571484742e-05 -7.8999080938e-05

JOB 14
COORDS  1.4910205295e+00 -1.4226069553e-01  1.7956969284e+00 -6.6380629114e-01 -1.2094001662e+00  1.7291864440e+00  7.2312205857e-01 -1.6754361634e+00  3.4981182190e+00  2.8729924223e-01 -3.6853473811e-01  1.1189619065e+00  1.7159237074e+00 -8.5166594122e-01  2.9696992915e+00  8.3449079258e-01  3.7493681671e-01 -1.2359184322e+00  4.0852702212e+00 -9.1465475267e-01  2.9862748879e+00 -4.6300070676e-01 -1.8262683304e+00  2.8947971976e+00  2.1606290189e+00  2.7752947062e-02 -1.0853687028e+00  5.1352889003e+00 -7.2980308754e-01  3.8359916003e+00  5.4970165912e-03  2.3926750755e-01 -1.1476992392e-01  3.7649925943e-01  8.2904042294e-01 -2.2803427631e+00  4.1625671585e+00 -1.1763311493e+00  1.8007991208e+00  2.9053138920e+00 -7.2108465304e-01  3.6810665614e+00  2.2288191746e+00  5.5221320725e-01  1.4149929820e+00 -1.6238095018e+00 -1.3830717024e+00  1.2429462361e+00  8.9385201632e-01 -2.2161355798e+00  4.4264706177e+00  2.6542709367e+00 -1.4005812327e-02 -1.9680536133e+00  2.4505887462e+00 -6.5202784301e-01 -3.9055625375e-01  6.0429175635e+00 -1.0209011909e+00  3.5009545971e+00  4.9684914050e+00 -7.2103724936e-01  4.8332684302e+00 -9.6928429264e-01  3.3907611070e-01 -3.7282195554e-01
ENERGY -7.164173799005e+02
GRADIENT  4.9976809440e-05  1.6102874382e-04  2.1181519666e-05 -9.0906454503e-05  8.7559055717e-06  1.5696657519e-05  1.4835605174e-05  4.2500324139e-05 -1.9519889274e-05  4.4864885288e-05 -2.1663161350e-04 -6.7542379435e-05 -1.2234201303e-04 -4.5764381949e-05 -1.2655219160e-05 -2.1802559146e-05 -5.9822484475e-05 -1.9917122236e-04  3.2250861037e-05 -2.0509328252e-04  7.6050953939e-05 -1.2787703279e-06  2.8206108709e-06 -4.4569825053e-05 -7.9351457956e-05 -3.8709057317e-05  8.2303438360e-05 -2.6671104926e-05  6.9352219584e-05  3.3075200010e-05  1.9147751025e-04  7.0965416924e-05  2.9658116425e-04 -2.6395915519e-05  5.6156262183e-05 -4.3048223761e-05 -9.7727734144e-06  7.4836800906e-05 -6.6696221889e-05  6.2773620008e-05  8.8163367647e-05 -3.1127103521e-05 -1.9546462956e-05  3.4243151075e-05  6.0534537645e-05 -2.0654640564e-05  5.9834712257e-06  1.0607915995e-05 -2.0380179783e-05 -7.2398480906e-06 -5.2332934667e-06 -2.8173438132e-05  1.4374760627e-05  5.6850055725e-06  2.9816155674e-05 -6.4440250411e-06 -1.5083794134e-05 -2.2675365307e-05 -4.7651247995e-06 -1.6555944270e-05 -4.9762578180e-06 -7.1732831913e-06  1.3040900037e-05  1.3458653637e-05 -1.0548493510e-05 -3.8705990952e-05

JOB 15
COORDS  1.4925103163e+00 -7.9182638380e-02  1.8308652751e+00 -6.2410535293e-01 -1.2096888164e+00  1.6755284942e+00  7.5656382772e-01 -1.7268167259e+00  3.4350467289e+00  3.0676725659e-01 -3.0906191623e-01  1.1261682601e+00  1.7305573776e+00 -8.4672881506e-01  2.9648260846e+00  8.1991381835e-01  3.2868895887e-01 -1.2446533982e+00  4.0940860772e+00 -8.9072592966e-01  2.9838448224e+00 -4.1797247491e-01 -1.8815283583e+00  2.8108559615e+00  2.1276210215e+00 -7.6594555384e-02 -1.1058729939e+00  5.1459498959e+00 -7.1946737700e-01  3.8332201257e+00  3.7415390992e-02  3.7512357915e-01 -7.6357320043e-02  3.4282253040e-01  6.9920461287e-01 -2.3128811636e+00  4.1664552283e+00 -1.1199615113e+00  1.7912761785e+00  2.9142496700e+00 -7.2619938687e-01  3.6872900005e+00  2.2123468895e+00  6.5447526018e-01  1.4881529617e+00 -1.5716822811e+00 -1.3874308033e+00  1.1671959932e+00  9.3442848846e-01 -2.3120031002e+00  4.3348215165e+00  2.5945868991e+00 -2.3476227449e-01 -1.9891719932e+00  2.4352095555e+00 -6.5084195736e-01 -3.2907971904e-01  6.0551075632e+00 -9.9150016970e-01  3.4865048846e+00  4.9841602195e+00 -7.3480259837e-01  4.8312260451e+00 -9.4048902564e-01  4.7970086612e-01 -3.2371299641e-01
ENERGY -7.164169390662e+02
GRADIENT -6.0223891497e-04  1.1276765888e-03  7.4569132703e-04  7.4471171359e-05 -1.3022633327e-05  1.6233325615e-05 -8.3421248999e-06 -2.8390201858e-05  4.2423370392e-05  4.0330868611e-04 -2.3703190827e-03 -1.4580094691e-03 -4.3973072254e-05  1.0315801294e-05 -2.8723180413e-05 -8.0288592051e-04 -1.1121274976e-03 -4.5440270778e-04  1.1096393588e-04 -3.1464917918e-04 -2.4685021214e-07 -3.5961722874e-06 -1.1077952590e-05  2.1312303664e-05  2.8954366145e-05  5.4160721490e-05 -3.2134700010e-05 -6.3311363322e-05  1.2930068327e-04  1.1426196289e-04  1.0331478649e-03  2.4842392950e-03  1.1158420259e-03 -7.2451161864e-06 -5.7542871700e-05  8.1356270535e-06 -1.1698712452e-04  1.1192316946e-04 -4.2448772552e-05  2.6667256118e-05  6.5810268598e-05 -2.8588433391e-05 -4.0210532263e-06  1.5928598181e-05 -7.7910932493e-06 -4.9005659722e-06  6.5900244471e-06  2.0421947870e-05 -6.3866388004e-06 -1.5060658449e-05 -1.2022068878e-06  1.0849230599e-05 -2.1593674242e-05 -1.2015734206e-05  8.0884259559e-06 -2.2070852618e-05 -1.2845460200e-05 -4.1861426419e-05 -8.8070389092e-06 -4.6685224233e-05  4.6877345045e-06 -1.8158832887e-06  1.3130920333e-05 -3.2924595699e-05 -2.0880210677e-06  8.7896507521e-05

JOB 16
COORDS  1.5148482692e+00 -2.3402233688e-02  1.8640770692e+00 -5.6547736214e-01 -1.2016983495e+00  1.6006667607e+00  7.9472165934e-01 -1.7766605479e+00  3.3577266295e+00  3.4901378488e-01 -2.4561723467e-01  1.1267451794e+00  1.7534737898e+00 -8.4539471751e-01  2.9596566021e+00  7.6137221570e-01  3.0574233070e-01 -1.2628495144e+00  4.1131916000e+00 -8.6835522069e-01  3.0271201025e+00 -3.6162850200e-01 -1.9323059236e+00  2.7008612991e+00  2.0340758367e+00 -2.0536819080e-01 -1.1797995923e+00  5.1486953403e+00 -7.0277936755e-01  3.8973668188e+00  9.1205560987e-02  5.1813517155e-01 -3.9474492784e-02  2.3613105960e-01  6.3831593559e-01 -2.3204685087e+00  4.2073894029e+00 -1.0762943544e+00  1.8326480883e+00  2.9183018270e+00 -7.3281609437e-01  3.7128485140e+00  2.2229277624e+00  7.4125673211e-01  1.5645941828e+00 -1.4961138582e+00 -1.3768626359e+00  1.0614200886e+00  9.7133521335e-01 -2.4044415007e+00  4.2288075880e+00  2.4352375701e+00 -4.7457181276e-01 -2.0678239940e+00  2.3718002864e+00 -6.9347377413e-01 -3.5883145230e-01  6.0669524971e+00 -9.5940047280e-01  3.5630577197e+00  4.9695938553e+00 -7.3528727159e-01  4.8919776391e+00 -8.8969718840e-01  6.9654861530e-01 -2.2953839790e-01
ENERGY -7.164155863345e+02
GRADIENT -1.2409748034e-03  2.1742811242e-03  1.6041451840e-03 -1.8669551715e-04  6.0083735302e-05 -1.6313514519e-04  7.0801310338e-05 -1.5357330605e-04  1.4235009881e-04  9.5203250825e-04 -4.3118932886e-03 -2.7067431645e-03 -1.3148715045e-04 -4.4890533452e-06 -9.9725173251e-05 -2.1274248996e-03 -1.9321683858e-03 -6.6275876189e-04 -2.2410176733e-04  4.2926036512e-04 -8.4733827157e-05  9.9842733548e-05  6.7908852247e-05 -2.0864768274e-05  1.5856642186e-04  2.6878767227e-04 -7.0310109666e-05  1.4430590259e-04 -1.1076490612e-04 -2.1251794592e-04  2.6851117518e-03  4.0434283196e-03  1.7523583663e-03 -5.2541113723e-05 -6.9882607752e-05 -4.6511229851e-05  1.3814021624e-04 -1.1250925607e-04  1.5192430170e-04 -2.7179491371e-04 -9.7898972747e-05 -8.4766143219e-06  4.6006699894e-05  2.8299355958e-05  8.6829962513e-07 -7.1421718559e-06 -1.8085068159e-05 -1.7874092128e-05  1.3352616064e-05 -4.3274460904e-06  2.7918225403e-05  7.4845327189e-05 -1.4028505246e-04  4.9256715073e-05 -9.5336069603e-05 -1.4387078401e-04 -2.4788603982e-06  5.9906033313e-05 -1.6105395958e-05  8.6877246179e-05 -1.4709724232e-05 -1.8695456400e-05 -1.3115083084e-05 -1.0293778999e-04  3.0466031036e-05  3.4349304868e-04

JOB 17
COORDS  1.6310137598e+00  1.2635126420e-01  1.9063497812e+00 -5.3529702726e-01 -8.9982489533e-01  1.7012742253e+00  8.7991644695e-01 -1.6625601810e+00  3.3372831673e+00  4.0902724044e-01  3.0142562224e-02  1.2392283761e+00  1.8758862837e+00 -7.6930022910e-01  2.9432534486e+00  4.8104882282e-01  5.1185466079e-01 -1.1890758058e+00  4.2402883952e+00 -8.9373120521e-01  2.9132954845e+00 -3.1733065611e-01 -1.7129163415e+00  2.7397221688e+00  1.4700892614e+00 -4.3978388082e-01 -1.3095943753e+00  5.3067784969e+00 -8.6034113666e-01  3.7618342066e+00  1.5034997033e-01  8.8365858032e-01  1.2662536201e-01 -9.4103789331e-02  1.0133859356e+00 -2.1492352560e+00  4.2901066103e+00 -9.8350536888e-01  1.7019692675e+00  3.0745933544e+00 -7.7233275198e-01  3.6496734534e+00  2.3689225690e+00  8.5930202883e-01  1.5996650498e+00 -1.5007825064e+00 -9.8425887459e-01  1.2040039472e+00  1.0618310369e+00 -2.3500040626e+00  4.1611940342e+00  1.8484523510e+00 -5.2490677445e-01 -2.2437825063e+00  2.1098219890e+00 -6.2854213695e-01 -5.4712519156e-01  6.2008954722e+00 -1.1248950444e+00  3.3726658042e+00  5.1543552852e+00 -9.9064912608e-01  4.7529216289e+00 -7.4832130856e-01  1.3553314398e+00  1.2998919203e-01
ENERGY -7.164140506025e+02
GRADIENT -9.6328307892e-04  1.7029009160e-03  1.5582489755e-03  1.2528156849e-05 -2.2743915391e-05  4.0069251605e-05 -2.1357782708e-05  1.7871628064e-05 -8.9387506581e-05  2.5301845809e-04 -3.1168131961e-03 -2.4661803837e-03 -5.8073109330e-05 -4.2326078806e-05  3.0716424655e-06 -2.2918508586e-03 -9.0586776642e-04 -2.5520318336e-04 -4.4601848765e-06 -4.6803485387e-05 -1.3102651095e-05 -2.5456716287e-05 -1.8824512121e-05 -3.6101877695e-06 -1.0772890659e-04 -1.8813362664e-04  2.4337043163e-05  5.2018644411e-06 -7.1111486644e-06  8.6631689538e-06  3.0368474504e-03  2.3610758796e-03  1.2581913490e-03 -3.7896561286e-05 -1.8352326026e-05 -4.1443097984e-05 -2.3401953417e-05  9.3165168310e-06 -1.2254062733e-05  6.3684881939e-05  7.4461184269e-05  3.8159885720e-06  1.6416365650e-05  1.7220618698e-05  1.9435622935e-05 -9.3270558022e-06 -6.4600475159e-06  7.2872841635e-06 -1.4112559404e-05 -3.3706646696e-06 -4.6694639481e-06  9.7313898761e-05 -2.3729879542e-05 -1.9645060355e-05  4.4269448946e-05  7.7150267081e-05 -1.7414719533e-05 -3.9120545616e-06 -1.3119798236e-05  9.9775040565e-06 -4.3547994765e-06  9.8694255647e-06  5.4128634179e-06  1.5660174473e-05  1.3506335265e-05 -3.6397768936e-05

JOB 18
COORDS  1.0209929819e+00  4.2870052256e-02  1.8436269288e+00 -8.7688236300e-01 -1.4437973879e+00  1.7732631469e+00  6.1787829963e-01 -1.6670066701e+00  3.4982973401e+00 -1.5426058307e-01 -3.7987955214e-01  1.2111712210e+00  1.3908637015e+00 -6.0527113386e-01  3.0200037620e+00 -5.2201608158e-01 -2.9689866118e-01 -1.2653532995e+00  2.8918131579e+00  1.0004595385e+00  3.9676858430e+00 -4.9063061488e-01 -2.0878350287e+00  2.8803838925e+00 -3.3504291940e-01 -1.6644580902e+00 -1.3343703631e+00  4.0753651814e+00  1.0292471430e+00  4.6481708406e+00 -6.1116925604e-01  2.4649951031e-01  2.0943777890e-02 -6.6869846371e-01  4.0906964868e-01 -2.2575982382e+00  2.2494418056e+00  1.9637717247e+00  3.6045136417e+00  2.5558845973e+00 -3.1980357432e-01  3.7207704842e+00  1.6120947349e+00  8.5471478921e-01  1.4360797965e+00 -1.7973079443e+00 -1.7776624651e+00  1.2988057475e+00  9.1664546362e-01 -2.1837409197e+00  4.4083199101e+00 -9.2696432516e-02 -1.9863000173e+00 -2.2626241762e+00  1.1813337823e-01 -2.1458054747e+00 -5.6767505009e-01  4.3321801718e+00  1.9166260123e+00  5.0579273610e+00  4.4063421376e+00  1.8394746568e-01  5.0937785577e+00 -5.4738462059e-01  1.2580992565e+00 -1.2159037515e-02
ENERGY -7.164128923788e+02
GRADIENT  7.3415060432e-04 -1.1145665594e-03 -8.0314024787e-04  4.4492897855e-05  9.3263757755e-05  4.2836430005e-05 -2.3607293575e-05  2.1654290510e-07 -7.8794316748e-05 -3.2932470645e-04  1.9862224187e-03  1.1923699775e-03  1.1639900645e-04  3.5580257831e-05  3.6050039455e-05  1.2369753029e-03  7.2152401649e-04 -1.6078557669e-04  5.3884847743e-05 -4.2076410853e-05  4.7022125515e-05 -1.9463510420e-05 -3.3773063904e-05  1.9901253048e-05 -9.8734125471e-06 -8.8215526421e-05 -6.7301023004e-05 -4.9489302142e-06 -3.7153006477e-05 -3.7780623704e-05 -1.9877140199e-03 -1.6766289428e-03 -3.1005125059e-04  1.1903957362e-04  4.2255554959e-06  1.0069851286e-05 -1.0406648514e-04 -1.3660332990e-05 -5.7715511103e-05  2.6173726800e-05  1.0520339888e-04  9.4460078378e-05 -2.6200505674e-05 -2.8713772715e-05  1.1098632011e-05  1.1910911426e-05  2.6268323624e-07 -1.1025567214e-05  4.2384972446e-06 -6.6150074283e-06 -6.1175079438e-06  2.5513589798e-05 -1.3912897100e-05 -7.7152432452e-06  4.9812103836e-05  8.0865142492e-06 -1.8784641059e-05  6.5291412189e-05 -3.5836686182e-05  5.1493325523e-05 -1.5780002556e-06 -3.5573780960e-06  3.1030494577e-05  5.6229404962e-06  6.8734380471e-05  1.3430831818e-04

JOB 19
COORDS  1.1072586862e+00  5.5270780782e-02  1.8379410278e+00 -7.6549504429e-01 -1.4585407619e+00  1.6984639567e+00  6.7322278418e-01 -1.6645518392e+00  3.4751751416e+00 -3.5640176785e-02 -3.8557314741e-01  1.1586387619e+00  1.4442930892e+00 -5.8924853803e-01  3.0251382606e+00 -5.9003960472e-01 -3.1000605796e-01 -1.2994556033e+00  2.8902922503e+00  1.0386803951e+00  4.0222408642e+00 -4.0700967904e-01 -2.0972535484e+00  2.8174209102e+00 -5.6607977723e-01 -1.6908412097e+00 -1.3619243607e+00  4.0452040556e+00  1.0831654109e+00  4.7497633523e+00 -4.5117466975e-01  2.5753181887e-01 -3.0279275102e-02 -7.7698784267e-01  3.9984586074e-01 -2.2823902918e+00  2.2540153183e+00  1.9948414103e+00  3.6303927412e+00  2.5788370570e+00 -2.8563643051e-01  3.7672570802e+00  1.7004868681e+00  8.7779259506e-01  1.4556916517e+00 -1.6702552983e+00 -1.8020014691e+00  1.2020634657e+00  9.4682107295e-01 -2.1787122300e+00  4.3943494574e+00 -4.7554702776e-01 -2.0370085462e+00 -2.3088237149e+00 -5.6989992187e-02 -2.2098782841e+00 -6.5681834481e-01  4.2723984005e+00  1.9757802855e+00  5.1655382875e+00  4.3671012552e+00  2.4390171692e-01  5.2130330398e+00 -2.9343490666e-01  1.2567515750e+00 -9.3729116140e-02
ENERGY -7.164136999429e+02
GRADIENT  5.9451580133e-04 -6.3806199955e-04 -5.4555407196e-04  5.0547819359e-05 -2.0150571365e-05  4.3216520838e-05  1.2786363828e-05 -2.5312183856e-06  3.7266594404e-05 -2.8962742019e-04  1.1666363461e-03  6.3632603847e-04 -7.1116532444e-05 -2.7595270981e-05  1.0748400085e-05  1.2472096906e-03  1.6397354340e-04 -2.5105576644e-04  1.4189410473e-05  2.0154785249e-04  3.6129153819e-05 -6.5237603527e-06 -1.3753424514e-05 -8.9875330712e-06  4.4462202297e-05  7.9121942559e-05 -2.8269477272e-05  3.2783493386e-05 -1.7615261548e-04  6.5338177972e-05 -1.3812056822e-03 -7.4555650607e-04  1.8720349679e-04 -1.0981795218e-04  1.8235212518e-05  1.1786063731e-05 -2.1169018319e-05 -2.3130414713e-05 -5.2945791155e-06  4.6555871736e-05 -3.5409211167e-05 -3.2997862140e-05 -1.4657931395e-06  9.6542011209e-06  2.3753611549e-06 -5.6633520243e-06 -7.6027123231e-06  1.1273363253e-05 -2.4873978682e-06 -9.9988632000e-06  2.1261737547e-06 -2.4672525823e-05  1.2743140535e-05  1.8470134873e-05 -6.2184184223e-05  3.4120931101e-06  1.2875449258e-05 -1.2876288745e-04  3.7682294992e-05 -7.5330586902e-05  2.6468360008e-05 -8.1210187484e-06 -1.4580057172e-05 -2.2915270470e-05 -2.0369480189e-05 -4.5423062335e-05

JOB 20
COORDS  1.1780148741e+00  3.5556191104e-02  1.8576039010e+00 -6.7619751035e-01 -1.4946186897e+00  1.6540008436e+00  6.9839507260e-01 -1.6799513080e+00  3.4857253752e+00  6.8043933498e-02 -4.2058913875e-01  1.1329756777e+00  1.4765122848e+00 -6.0024620666e-01  3.0585249318e+00 -6.5453240600e-01 -3.0661620302e-01 -1.2957579208e+00  2.8771423553e+00  1.0433656065e+00  4.0972014533e+00 -3.5372288338e-01 -2.1213428550e+00  2.7907021443e+00 -7.4402023199e-01 -1.6864744834e+00 -1.3667792951e+00  4.0079570170e+00  1.0977271871e+00  4.8617759625e+00 -2.9524554398e-01  2.3357228772e-01 -6.1851567745e-02 -9.0705904655e-01  4.2761289449e-01 -2.2456646407e+00  2.2504860094e+00  1.9949489708e+00  3.6792673702e+00  2.5797817120e+00 -2.8330130999e-01  3.8413388016e+00  1.7772589889e+00  8.6302059794e-01  1.4959579309e+00 -1.5636491203e+00 -1.8466834446e+00  1.1346040612e+00  9.4104845040e-01 -2.1873172619e+00  4.4171843128e+00 -7.9867555346e-01 -2.0157563798e+00 -2.3230285136e+00 -1.5940476560e-01 -2.2440487035e+00 -7.5482792078e-01  4.2162660667e+00  1.9931145364e+00  5.2815230695e+00  4.3157161735e+00  2.6260145095e-01  5.3419080602e+00 -1.0033543589e-01  1.2254483001e+00 -1.3075591129e-01
ENERGY -7.164140729249e+02
GRADIENT  1.5965402124e-04 -1.4836025870e-04 -1.3323324539e-04 -1.6373973326e-04 -8.5672903966e-06 -1.2502074090e-04 -3.7646150447e-05  3.1174122173e-05 -7.1982100034e-05  2.9813263890e-05  1.5818512069e-04  2.5191422203e-04  4.8172851739e-05  3.8711586241e-05  1.0346060836e-05  6.9684733990e-05  1.0518536331e-04 -9.5026829631e-05  2.3401502665e-05 -2.8654084308e-05 -4.2749273613e-05  4.2227323170e-05  1.8835282897e-05  2.1998311411e-05  1.0345394583e-05 -5.2391616386e-05  2.9858691313e-05  2.3985431082e-06  1.2129453637e-07  2.2037051196e-05 -3.9276230299e-04 -1.2601217599e-04  1.0948850096e-04  1.0160624883e-04 -2.5418400938e-05 -1.2679200836e-05  2.4998485901e-05  4.0792566027e-05  3.9778631536e-05  1.7899053165e-05  5.8031350303e-06  4.2753248532e-05  2.6480147765e-06 -7.5574240442e-06  5.9852175445e-06 -2.7687838763e-06 -1.8886271678e-06 -8.0400859047e-06  3.0878841868e-06  1.4891744491e-05  4.5802974984e-07  8.1171404921e-06 -5.4590221865e-06 -1.0037029423e-05  4.0373970861e-05 -1.1487844986e-05 -1.5712495667e-05 -2.2938411552e-05  9.2031802355e-06 -1.9717705204e-05 -1.5146417245e-06 -2.6238918675e-06 -2.4709300248e-06  3.2703373883e-05 -5.2874283549e-06 -5.3777726034e-06

JOB 21
COORDS  1.2368585469e+00  3.7135842658e-03  1.8562046300e+00 -6.0248838252e-01 -1.5383913274e+00  1.6166720895e+00  7.0391848454e-01 -1.6768854893e+00  3.5037215684e+00  1.5776060208e-01 -4.7371685323e-01  1.0975028902e+00  1.4934209135e+00 -6.0379099933e-01  3.0800021307e+00 -7.0832143827e-01 -3.1916332307e-01 -1.2937610185e+00  2.8514079592e+00  1.0704912830e+00  4.1281800835e+00 -3.2059299528e-01 -2.1350336694e+00  2.7805363525e+00 -8.9571682549e-01 -1.6894719219e+00 -1.3720449608e+00  3.9496696839e+00  1.1463875788e+00  4.9374150835e+00 -1.4490577618e-01  1.6925099799e-01 -1.1787043547e-01 -1.0275001233e+00  4.4977634599e-01 -2.1949700715e+00  2.2444398711e+00  2.0104975934e+00  3.6579169145e+00  2.5647241498e+00 -2.6244125320e-01  3.8965100759e+00  1.8454524942e+00  8.2679925781e-01  1.5003586462e+00 -1.4726227757e+00 -1.9054504555e+00  1.0804068535e+00  9.1306404661e-01 -2.1625229381e+00  4.4546339098e+00 -1.0936065864e+00 -1.9897186224e+00 -2.3192391247e+00 -2.6060990389e-01 -2.2916258328e+00 -8.6027446036e-01  4.1401277253e+00  2.0535005802e+00  5.3400966768e+00  4.2341797982e+00  3.2567898951e-01  5.4552611868e+00  5.8650793034e-02  1.1595657900e+00 -1.8405406310e-01
ENERGY -7.164140017882e+02
GRADIENT -2.3750066849e-04  3.4267303585e-04  1.5518444086e-04  6.1884978420e-05 -4.0071840005e-05  1.1383802881e-04 -4.6214959466e-05  1.7790712799e-05 -1.0823286721e-04  9.8434163011e-05 -3.3629947670e-04 -1.6881117401e-04 -2.4053647573e-05 -4.8946975226e-05  6.7586681449e-06 -4.7426380750e-04  4.5197029356e-05  1.8670080658e-04 -6.9904098714e-05  4.2308046312e-05  1.6357790013e-04 -4.7772396246e-05 -2.1028414863e-05  6.7093695486e-06  6.5517205848e-05  3.2286617702e-05  3.3130078716e-05  2.4212738048e-06 -8.6745091448e-05 -3.9126477477e-05  6.0395612265e-04 -5.0646091339e-05 -2.2379270174e-04  1.1401674017e-05  2.5566941615e-05 -3.3671246271e-05  8.5382525547e-05 -1.2611635097e-05 -2.9995722211e-05  7.6442703852e-05  4.5924132038e-05 -4.7615488889e-05  1.4642796857e-05 -6.0445976954e-06 -5.1480040841e-08  9.3540138403e-06 -1.3298850411e-05  1.6051697804e-05 -2.1348124692e-05 -6.4434750240e-06 -7.9567981480e-06 -1.7010797192e-05  3.7644830966e-06  7.1734631086e-06 -9.0006622315e-06 -1.4870316892e-05 -1.2807445440e-05 -4.3444137274e-05  1.0415680443e-05 -6.8933095513e-05 -5.9896581889e-06  1.3813930340e-05  3.0538817260e-06  3.1337779033e-05 -2.9026884303e-05 -8.8092011467e-06

JOB 22
COORDS  1.2941285742e+00 -2.0595346586e-02  1.8582123593e+00 -5.2130187785e-01 -1.5853704761e+00  1.5856461403e+00  7.2195618639e-01 -1.6752001187e+00  3.5204583785e+00  2.4659441292e-01 -5.2398026490e-01  1.0704937067e+00  1.5158095033e+00 -6.0353814798e-01  3.0994534866e+00 -7.4598585996e-01 -2.9815299059e-01 -1.2718225254e+00  2.8452397398e+00  1.0998124144e+00  4.1431014249e+00 -2.7417307024e-01 -2.1529021140e+00  2.7726842654e+00 -1.0431333507e+00 -1.6484157508e+00 -1.3657626826e+00  3.9037522071e+00  1.1949444634e+00  5.0021065537e+00  1.2228222116e-04  1.0317548652e-01 -1.6531461434e-01 -1.1047780473e+00  5.2354261435e-01 -2.1085797672e+00  2.2749671186e+00  2.0292182511e+00  3.6097349041e+00  2.5547323461e+00 -2.3738278017e-01  3.9464577965e+00  1.9049126000e+00  8.0395166512e-01  1.5097921999e+00 -1.3736628719e+00 -1.9704586805e+00  1.0355341415e+00  9.0393657416e-01 -2.1409170328e+00  4.4868022198e+00 -1.3798144063e+00 -1.8950436500e+00 -2.2893899647e+00 -3.8135787688e-01 -2.3072400892e+00 -9.7022145981e-01  4.0845292782e+00  2.1146114219e+00  5.3800052534e+00  4.1525359153e+00  3.9136897966e-01  5.5633822028e+00  2.4251772856e-01  1.0854059198e+00 -2.2804110746e-01
ENERGY -7.164135044795e+02
GRADIENT -3.6708715117e-04  1.1654148935e-03  3.6109512997e-04  1.1537182770e-04 -5.3804945514e-05 -5.3191180355e-05  8.4294457819e-05 -1.8266612817e-04  4.4937506251e-04  2.2731650742e-04 -6.4582542102e-04 -3.0480265696e-04 -4.3779341358e-04 -2.0400058433e-04 -3.1681859817e-04 -1.1417967592e-03  5.2774192584e-04  5.7473809096e-04 -2.8792816658e-04  8.6375095050e-05  1.5537766445e-04  8.0247703483e-05  1.1074385556e-04 -3.6706326804e-05 -4.7085075472e-05 -2.1408084761e-05 -1.9720183627e-05  2.2975740158e-05  7.0297112216e-05 -3.5202063606e-05  1.3424649692e-03 -5.1239299128e-04 -4.8536184976e-04  5.1140206521e-05 -5.0762385755e-05  6.4910513428e-05  1.9729400864e-04 -1.4846370388e-05  2.5105352481e-05 -1.0659368784e-04 -2.7093728537e-04 -2.8774340872e-04  2.9248230500e-05  9.3953144037e-05 -2.5395439481e-05  1.3092173001e-06 -2.1777343517e-05  2.7432932582e-05 -1.0892376798e-05 -4.9092244250e-05  3.6704367912e-05 -2.2343414210e-05 -1.3538691958e-05 -1.4095889110e-05  4.2941710071e-05  9.6686351991e-06 -5.2767724199e-05 -5.6787624904e-05  2.4590734805e-05 -6.1742913753e-05 -1.3597784179e-06 -4.5163424945e-06 -3.7177803470e-05  2.2404409701e-04 -4.2157082841e-05  1.8950752960e-06

JOB 23
COORDS  1.4299896677e+00 -8.3320881897e-02  1.3341993013e+00 -6.5828854139e-01 -1.2634482729e+00  1.6389679834e+00  9.1684747165e-01 -1.3451722203e+00  3.3219587517e+00  1.6606703524e-01 -4.4352981897e-01  8.4293830433e-01  1.7968890584e+00 -5.4119204316e-01  2.5935482358e+00 -1.3819689452e+00 -1.5379003359e-01 -1.1136599658e+00  3.6461389532e+00  9.2342929580e-01  3.0619453944e+00 -2.7936424899e-01 -1.6979254133e+00  2.8473828855e+00 -1.4372546382e+00  5.5955550108e-01 -2.3140446333e+00  4.8458361881e+00  8.8288743184e-01  3.7181235197e+00 -1.9847255940e-01  5.7729220705e-02 -4.2052079025e-01 -2.2712375902e+00 -9.1655574166e-01 -7.5806874361e-01  3.2030991522e+00  1.8776207936e+00  2.4537049108e+00  3.0427781801e+00 -3.1081806419e-01  3.1705322078e+00  2.0955421477e+00  5.5183510499e-01  7.6092840024e-01 -1.6333750905e+00 -1.5692096752e+00  1.2825105831e+00  1.2033544195e+00 -1.7107788686e+00  4.3061012603e+00 -2.3626821011e+00  5.1672135878e-01 -2.7254593246e+00 -1.0426008928e+00  1.4937039491e+00 -2.3191116301e+00  5.2873049474e+00  1.7764567512e+00  3.8850900711e+00  5.0112414134e+00  1.4009608114e-01  4.3843516793e+00  5.1659013346e-01  5.9445578788e-01 -8.9503793902e-01
ENERGY -7.164133546619e+02
GRADIENT  1.6406131249e-05  2.6237650007e-04  1.3509442529e-04  8.0506560737e-05 -5.2049992349e-06  6.7585570431e-05 -2.0502500627e-04 -4.6841988398e-05 -1.3641835236e-04 -2.1545178215e-05 -2.0536226237e-04 -8.6652995402e-05  5.8232535027e-05  5.6871334773e-05 -4.7707304792e-06 -1.0780059863e-04  3.4019808519e-04  1.6043305701e-04 -1.2604949909e-06  8.3059063698e-06 -2.2440095921e-04  6.8732747719e-06 -3.3181430761e-05  7.9470445127e-05  4.0214881888e-05 -3.7388784558e-05  7.9528516755e-05 -5.2940649548e-05  9.5184641073e-05  4.2774304305e-05  2.6218385766e-04 -3.3682337184e-04 -2.7132142999e-04 -7.4979755787e-05 -3.9961388707e-05 -2.5020767566e-05 -7.2973582688e-06 -8.5938538912e-06  1.1562411580e-04 -1.0406054462e-04 -7.5768200822e-05 -1.8137275329e-05 -2.3416142637e-06  2.3805292925e-05 -1.7135379486e-05  5.1763092504e-06 -2.6459692439e-05  1.6626751825e-05 -4.4613325511e-06 -1.8556619414e-06 -1.3836607991e-05 -1.8056411237e-05 -1.0390623226e-05 -3.2388065246e-05 -2.1897097402e-05 -2.7009895825e-05  2.4784627840e-05  4.9632497636e-05  8.6171141061e-06 -4.2235636379e-06  2.2704026699e-05 -9.4968472217e-06  4.3886653239e-05 -1.5470184018e-05  3.5098058501e-05 -1.2876401065e-05

