JOB 0
COORDS  6.0445642830e+00  8.1230361808e-01 -2.3083917953e+00  5.6612211510e+00 -1.5260440246e+00 -1.8824473165e+00  7.3972582199e+00  5.2052601440e-01 -2.4635160852e+00  5.1409798867e+00 -2.2564831723e-01 -2.0120767528e+00  7.0337842555e+00 -1.6627620409e+00 -2.0567703226e+00  2.7876327907e+00 -7.1202417970e-01 -1.3167663165e+00  4.5872907889e-01 -8.3430226799e-01 -6.1137464550e-01  1.2613750633e+00  1.2068392088e+00 -1.8043025265e+00  7.9075688057e+00 -7.1104563088e-01 -2.3358562827e+00  3.7888050301e+00  9.3974728353e-02 -1.8857743899e+00  1.5432785840e+00 -1.2605276604e-01 -1.2869696296e+00  7.6159170192e+00 -3.0424283835e+00 -1.9155422895e+00  6.8129596459e+00 -3.9735894157e+00 -1.7859468634e+00  3.0164610596e+00 -1.8433316745e+00 -8.9692698979e-01  8.8368439410e+00 -3.1556070193e+00 -1.9392481438e+00  5.6994918296e+00  1.8379680000e+00 -2.4168241949e+00  5.0345700915e+00 -2.3721965606e+00 -1.6478547650e+00  8.1046277375e+00  1.3138604733e+00 -2.6963292209e+00  9.9095701184e-02 -2.5763567515e-01  2.4935306554e-01  8.3141793054e-01 -1.7967142977e+00 -2.6628825357e-01 -3.7621940946e-01 -9.9960373227e-01 -1.3017030286e+00  1.6009024561e+00  1.3195558889e+00 -2.8402883841e+00  1.7028198243e+00  2.0027420970e+00 -1.1868816052e+00  1.8102250861e-01  1.3584535682e+00 -1.8051984867e+00  3.5722036128e+00  1.0665420563e+00 -2.0512015655e+00
ENERGY -7.556093835310e+02
GRADIENT  7.8147704969e-05  4.4084277608e-05  7.2514943405e-04 -7.4019541791e-06 -1.1686500375e-04  1.5179933216e-05  1.0424507181e-04  8.6871374686e-06  2.3163078517e-05 -6.7308768699e-05 -7.6638068971e-05 -7.5020422017e-04  2.6394456749e-05  1.2501303543e-04 -1.3752130969e-04  3.9990860509e-05  1.5047646079e-04  8.4064490214e-04  1.2419947541e-04 -9.5589776298e-05  1.1437250590e-05  1.9145153230e-05  1.0786729449e-04  8.6969818981e-05  4.8115044034e-05  3.6534568060e-05 -7.4786969587e-05 -1.9466621278e-04 -2.3149557235e-04 -6.0966590895e-04  6.4055713382e-05  1.4356908975e-04 -2.2004404549e-04 -1.8358865647e-04  2.0446838233e-04  4.9743819582e-04  1.6929068300e-04 -2.0314086206e-04 -1.9226571689e-04 -2.2008347916e-05 -7.0589147284e-05  4.0553545495e-05 -9.7079824759e-05 -2.1948924412e-05 -1.8016056107e-04  1.7357576966e-05 -2.6034000535e-06  1.1326991290e-05  5.9020033006e-06  2.9323139886e-05 -4.1408916358e-06  4.9921639662e-06  4.2224452856e-06 -8.1044624383e-06  1.6304834992e-05  5.5586113305e-06 -1.1460860036e-05  2.5565444985e-05 -1.4617702549e-05  2.9974919249e-05  2.7058261813e-05 -1.4853043670e-05 -9.8268159602e-06 -9.8886278427e-06  7.8410145409e-06 -1.2821798415e-05  2.5519144678e-05 -1.3210101298e-05 -8.6207899898e-06  1.4314621986e-05  4.7639893448e-06 -5.1551151421e-06 -1.0331278484e-04 -5.1497226929e-05 -7.7013730547e-05

JOB 1
COORDS  6.0290694301e+00  8.3655157187e-01 -2.1722316163e+00  5.6033279648e+00 -1.5271930372e+00 -2.0312660550e+00  7.3842798894e+00  5.3991868455e-01 -2.3055106064e+00  5.1042193417e+00 -2.1324278907e-01 -2.0350993550e+00  6.9796087917e+00 -1.6707016433e+00 -2.1622638055e+00  2.7937599989e+00 -6.8008463822e-01 -1.2410200530e+00  5.0206905091e-01 -7.7831447354e-01 -4.1830415776e-01  1.1565549687e+00  1.0584090238e+00 -1.9757584146e+00  7.8739552763e+00 -7.0597861294e-01 -2.2951801030e+00  3.7424706253e+00  9.0388982667e-02 -1.9465456957e+00  1.5305983547e+00 -1.3900089642e-01 -1.2341202199e+00  7.5374670634e+00 -3.0664033349e+00 -2.1605724499e+00  6.7182124831e+00 -3.9904719347e+00 -2.2242708189e+00  3.0863250338e+00 -1.7419829282e+00 -6.9969543512e-01  8.7549356865e+00 -3.1989116952e+00 -2.0974045914e+00  5.7003892926e+00  1.8731474382e+00 -2.1747092547e+00  4.9593781251e+00 -2.3859350592e+00 -1.9200889201e+00  8.1112136099e+00  1.3417391158e+00 -2.4174300655e+00  1.1644178986e-01 -7.6649685044e-02  3.3093260055e-01  9.3894380763e-01 -1.6383414907e+00  8.5635491511e-02 -3.2954801423e-01 -1.1170360409e+00 -1.0471248059e+00  1.5644820660e+00  1.0416532003e+00 -2.9910820428e+00  1.4701466612e+00  1.9850263676e+00 -1.4720974881e+00  6.8977766858e-02  1.0878646455e+00 -2.0654052741e+00  3.5319384978e+00  1.0722936123e+00 -2.0661449419e+00
ENERGY -7.556088080106e+02
GRADIENT  3.0687064371e-04  2.4103562044e-04  1.3434377762e-03  3.2647018246e-04  6.4740048843e-04 -2.1956726761e-05 -3.9369341444e-04 -4.8823349150e-05  5.1481846425e-05 -3.7409126186e-04  2.9490729585e-04 -1.2946434708e-03  4.4576170162e-04 -3.2101435561e-04 -2.7813302030e-05  2.4273501853e-04  6.8191511728e-04  1.3583533911e-03  1.0703746948e-04 -7.8656039124e-05 -5.8045743758e-05 -5.2381793363e-05  1.4292901438e-05 -1.1306675541e-04 -1.4284237916e-04 -1.7071900200e-04  8.8543930142e-06 -5.6030716901e-04 -1.1465214622e-03 -1.2248678316e-03  3.6964190799e-05  2.3125603707e-04  1.0430395464e-04  3.6323975271e-05 -1.1611614153e-04  7.3373593858e-05  9.0113027383e-05 -8.9484706885e-05 -1.6447450541e-05 -8.1121250526e-05 -4.9563736631e-05 -3.8646292665e-05 -3.0963937772e-05 -1.0395808634e-04 -2.8698053730e-06 -6.0674082857e-05 -1.8638377675e-05 -7.3019708450e-06  6.4249592673e-05  5.7525238627e-05 -1.9520108825e-05  1.0057925410e-05 -4.6076830015e-05  7.9059742022e-06  2.7701547638e-05 -4.8990637910e-06  1.2543001488e-05  4.9144297069e-06 -2.3766067027e-05 -5.1009001000e-06 -5.5166291557e-06  2.6848987210e-05 -7.7080349393e-06  1.1155625545e-05  1.4009205422e-05 -6.2520937414e-06  3.2407002129e-06 -1.2754918285e-06 -3.8781537753e-07  1.2250406169e-05 -6.1273144417e-06 -3.2328667286e-05  1.3940555373e-05  1.0907288848e-05 -4.6172573969e-05

JOB 2
COORDS  6.1383413637e+00  8.8801228354e-01 -2.0337553300e+00  5.7038640434e+00 -1.4765970219e+00 -2.1112254088e+00  7.5018676385e+00  5.9430247472e-01 -2.0855789619e+00  5.2097011403e+00 -1.6347302017e-01 -2.0576754481e+00  7.0853437592e+00 -1.6198380602e+00 -2.1426256131e+00  2.9332382871e+00 -5.9308697631e-01 -1.2118767304e+00  6.7525643256e-01 -6.4981306264e-01 -2.9570409702e-01  1.2139677045e+00  9.8254799772e-01 -2.1025603259e+00  7.9865440755e+00 -6.5134110356e-01 -2.1324880317e+00  3.8343043300e+00  1.1323471265e-01 -2.0467154463e+00  1.6530960991e+00 -9.7473567300e-02 -1.2286626852e+00  7.6415906234e+00 -3.0137499482e+00 -2.2025261370e+00  6.8237320491e+00 -3.9294954511e+00 -2.3518693163e+00  3.2844972430e+00 -1.5677963810e+00 -5.5528335462e-01  8.8555882053e+00 -3.1541803157e+00 -2.1031014993e+00  5.8093068629e+00  1.9226560106e+00 -1.9750079569e+00  5.0520070293e+00 -2.3374600382e+00 -2.1184888129e+00  8.2362521183e+00  1.3970856588e+00 -2.0756900090e+00  2.8176681311e-01  1.3862085737e-01  3.5697240587e-01  1.1609007819e+00 -1.4114109829e+00  3.1151832941e-01 -1.5914881327e-01 -1.1062789732e+00 -8.4097548629e-01  1.6358551949e+00  8.7500223945e-01 -3.1056593305e+00  1.4653517038e+00  1.9778120447e+00 -1.7061045477e+00  1.2732395503e-01  9.3350666742e-01 -2.1997919958e+00  3.6185099130e+00  1.0915586396e+00 -2.1932482671e+00
ENERGY -7.556076555750e+02
GRADIENT  1.1553798679e-04 -1.4638291576e-04  2.4838271177e-03  7.7562394856e-05  2.6017573041e-05 -2.9749139700e-05 -4.7661280340e-05 -1.3120621617e-04 -8.1324943269e-06  7.2320146505e-05  1.0013470675e-03 -2.6953155812e-03  7.0546823210e-05  1.5528558059e-04 -4.5986506425e-05  2.7449021687e-04  1.5577361453e-03  1.5033004353e-03 -4.2394703324e-05  3.2793220710e-05  2.9604803332e-06  2.6415445669e-05  4.7337662928e-06  2.0027900435e-05  5.9918752695e-05 -7.0825727759e-05  2.0174963249e-05 -5.2208484839e-04 -2.5452484522e-03 -1.5285868045e-03  3.0315048668e-05  1.5815421270e-05  1.2107018756e-04 -1.5439557304e-05 -1.5781281403e-06  1.3068655257e-04  4.4839638562e-06  2.9321277632e-06 -3.4618500712e-05 -6.8052707533e-05  4.3558950182e-05  1.7869433927e-04 -1.4365968339e-05  5.4300473754e-07 -3.7069652334e-05 -1.9522156003e-05 -2.0183163041e-05 -4.6987006868e-06 -2.0781351783e-06  2.3470767744e-05 -6.0711462488e-06  1.5455676133e-05 -4.4385563860e-05  4.7002493532e-06 -1.8146677771e-05 -3.4529204591e-06  7.1411760186e-06 -6.0931431848e-06  1.4051980585e-06 -2.2261511330e-07 -4.2610840724e-06 -9.5576476609e-07  1.8374488111e-06  4.9886987505e-06 -8.1184050666e-06  1.7494635307e-06  1.1483397959e-06 -8.1968018954e-07 -6.9798061941e-06  1.4524049283e-07 -7.1987086676e-06  1.4781454441e-05 -8.8584958133e-05  1.0606055533e-06  8.7154843381e-06

JOB 3
COORDS  6.1465727808e+00  8.4939550201e-01 -1.9226715526e+00  5.7067196889e+00 -1.4932919530e+00 -2.2355078661e+00  7.5107825829e+00  5.4677078585e-01 -1.9166534765e+00  5.2202266613e+00 -1.8513768001e-01 -2.1058830336e+00  7.0861508599e+00 -1.6518987038e+00 -2.1933847260e+00  2.9831335715e+00 -5.3678043210e-01 -1.1834535383e+00  7.6857152591e-01 -5.1517356368e-01 -1.6643082855e-01  1.1894888497e+00  8.7990989574e-01 -2.1875640118e+00  7.9880762652e+00 -6.9533076735e-01 -2.0452866737e+00  3.8353428875e+00  7.5984080921e-02 -2.1416850433e+00  1.6933784441e+00 -6.9080951081e-02 -1.2037623938e+00  7.6372786828e+00 -3.0406616520e+00 -2.3394481086e+00  6.8155433261e+00 -3.9401262148e+00 -2.5538852131e+00  3.3853087794e+00 -1.4200900361e+00 -4.3395838290e-01  8.8495651179e+00 -3.1938101061e+00 -2.2402634422e+00  5.8175791324e+00  1.8766163734e+00 -1.7872969262e+00  5.0476705508e+00 -2.3412278632e+00 -2.3575502801e+00  8.2485210182e+00  1.3358753848e+00 -1.7865813784e+00  3.7672005324e-01  3.4423696231e-01  3.9073151188e-01  1.2985460221e+00 -1.1770135019e+00  5.1606803685e-01 -7.2447516946e-02 -1.0602160045e+00 -6.1120251481e-01  1.6271059412e+00  6.9384093830e-01 -3.1713826429e+00  1.3724533849e+00  1.9258480010e+00 -1.8988293347e+00  1.0884404113e-01  7.4785069558e-01 -2.2808964569e+00  3.6215622165e+00  1.0483039128e+00 -2.3323977141e+00
ENERGY -7.556057783625e+02
GRADIENT -3.6634046148e-05 -7.3561576308e-04  3.6490289962e-03 -6.3808653284e-06 -6.1848248788e-05 -2.7484733252e-05  1.0300172870e-04  9.7442506564e-05 -3.0199268760e-06  3.9621330522e-04  2.0478340890e-03 -4.3805625168e-03 -4.6783941823e-05  1.9793142255e-04  5.8299461715e-05  4.2036101638e-04  2.7194428728e-03  2.1392152838e-03  6.3390609792e-07  4.2956343319e-05  2.3487695005e-05  3.8329565125e-06 -2.0586267312e-06  9.6616419897e-06  1.3266225700e-05 -9.0907762982e-05  1.4504990655e-05 -7.2214424236e-04 -4.4339434976e-03 -1.4966059558e-03  1.9056676327e-05  6.2004874968e-05  1.1073926159e-05  6.7137567082e-05 -1.7204949516e-05 -1.5561287979e-04 -6.9780715531e-05  8.5751716276e-05  8.4502623729e-05  6.6997702699e-05  5.7037888102e-05 -3.2708336516e-05  7.5836404624e-06  2.4259904766e-05  4.4303229109e-05  1.0888172264e-05 -2.9019106336e-05 -1.1935669062e-05 -3.6788624644e-05 -1.2065057004e-05 -7.5561610926e-06  2.3825744388e-05 -1.9136590490e-05  9.7057473977e-06 -5.3280302975e-06  6.2913955829e-06 -7.8681576419e-06 -7.5760786689e-06  4.7337838340e-06 -3.4326237137e-06  1.3324596470e-06 -1.6858443060e-06 -1.9164262159e-06  2.6984312219e-05  1.7969954747e-05  1.1800904653e-05 -2.3642393927e-05  6.7385397189e-07  1.0986859729e-05  6.7538000628e-07 -2.5389794309e-05 -2.7799621665e-05 -1.7261054484e-04 -1.8526268075e-05  5.6309163368e-05

JOB 4
COORDS  6.1195224538e+00  7.8498646415e-01 -1.7847124945e+00  5.7103566219e+00 -1.5151788725e+00 -2.3456871372e+00  7.4825024856e+00  4.7883699525e-01 -1.7210793836e+00  5.2146525172e+00 -2.2512188666e-01 -2.1278358038e+00  7.0848713417e+00 -1.6853046212e+00 -2.2304132092e+00  3.0049776752e+00 -4.7491299434e-01 -1.1530046885e+00  8.1519566035e-01 -3.6681182247e-01 -8.8095090332e-02  1.1551620161e+00  7.5935885068e-01 -2.2843674294e+00  7.9697067852e+00 -7.4716254852e-01 -1.9374641664e+00  3.8197188784e+00  1.7532962244e-02 -2.2106906078e+00  1.7048519751e+00 -3.9746124630e-02 -1.1976375986e+00  7.6475828544e+00 -3.0562411838e+00 -2.4664469108e+00  6.8404671183e+00 -3.9325831354e+00 -2.8002404804e+00  3.4479795555e+00 -1.2450082060e+00 -3.0749105960e-01  8.8534236279e+00 -3.2190133249e+00 -2.3184210965e+00  5.7761115420e+00  1.7933563574e+00 -1.5690908061e+00  5.0580155590e+00 -2.3429066296e+00 -2.5889974724e+00  8.2091214410e+00  1.2482811975e+00 -1.4686369563e+00  4.1445258530e-01  5.4897218863e-01  3.6304651644e-01  1.3767676962e+00 -9.2280372921e-01  6.6048040311e-01 -2.2123493343e-02 -9.8309944249e-01 -4.3661977808e-01  1.5934551418e+00  4.6925958477e-01 -3.2420403298e+00  1.2997735434e+00  1.8391701790e+00 -2.1298123011e+00  7.9565503231e-02  5.7569334637e-01 -2.3467676108e+00  3.6068795709e+00  9.7100438777e-01 -2.4846289722e+00
ENERGY -7.556033565806e+02
GRADIENT -4.3833098545e-04 -9.7444883566e-04  4.0500001594e-03 -4.7171062256e-05  4.7733761371e-06 -1.0893510555e-05 -3.7819688736e-05 -3.3239381838e-05  1.3933901685e-05  1.0123610117e-03  3.1353228884e-03 -5.1716358590e-03  5.9283018113e-05  6.5239591247e-05  2.3485179176e-05  4.6853224912e-04  3.3537260652e-03  2.1708813359e-03 -3.5259722774e-05  2.0516126945e-05  9.3168699985e-06  1.4073905759e-05  8.1016605202e-06  2.9208393771e-05  5.6584527006e-06 -3.4071290991e-05 -2.0511600031e-05 -1.0867558442e-03 -5.5620000222e-03 -9.7508165392e-04  6.4556420482e-05 -3.2267211499e-05 -1.7483918388e-05 -5.2530644379e-05  3.6438351102e-07  4.6072279479e-05  4.5220303554e-05 -3.1919618861e-05 -1.3976431289e-05 -6.9562821888e-05  8.8810171206e-06 -6.0775666765e-05 -2.6032455754e-05 -8.3038709250e-06 -7.9341790602e-06 -9.8622580818e-07  6.3435314644e-06 -5.1818263038e-06 -9.2777068139e-06  7.6330278419e-06  3.4405425715e-06 -3.8686102665e-07 -1.4469842215e-05  7.7683779019e-06 -4.5000363772e-06  1.4666253694e-06 -1.2802050206e-06 -8.2825353253e-06 -5.9148974882e-07 -9.1789637489e-07 -9.2633910060e-06  2.9982681351e-06  1.0365347065e-06  7.6610994907e-06  9.0975435569e-06 -2.7030420673e-06 -1.5279818646e-05 -5.6767828573e-06  1.1821352701e-05 -1.3801876070e-06 -2.1144009126e-05 -1.9765001553e-05  8.9940042489e-05  4.1883623697e-05 -3.2952904283e-06

JOB 5
COORDS  6.4169346177e+00 -1.5050299244e+00 -9.1662069285e-01  6.1629809826e+00  7.6246975526e-01 -1.6621560274e+00  7.4807801996e+00 -1.6314117009e+00 -1.8131514402e+00  5.7324885926e+00 -2.8873189370e-01 -8.4861402929e-01  7.2489755272e+00  5.1036654098e-01 -2.4970620810e+00  3.3752587715e+00 -4.5783446284e-01 -3.4064325780e-01  9.8289537067e-01 -2.4660994955e-01  7.7962927729e-02  2.5989785232e+00  6.2041192502e-01  1.7673745340e+00  7.9031303601e+00 -6.3110380343e-01 -2.5977173885e+00  4.6808020746e+00 -1.0897279518e-01  9.9801914350e-02  2.3671083544e+00 -5.5906851536e-02  4.9834272406e-01  7.7360418174e+00  1.6243027054e+00 -3.3756433932e+00  7.1641312558e+00  2.7155496862e+00 -3.2479092414e+00  3.2030399796e+00 -1.1016510346e+00 -1.3718069582e+00  8.6580539031e+00  1.3921276302e+00 -4.1479212008e+00  6.1140744390e+00 -2.3355460632e+00 -2.8782592151e-01  5.6786217290e+00  1.7315443456e+00 -1.6628028722e+00  8.0265524285e+00 -2.5686966763e+00 -1.8952365192e+00  4.5091189633e-01 -8.8711047068e-01  7.9135371761e-01  9.7664061495e-01 -7.2297062399e-01 -9.0080796861e-01  4.6398749487e-01  7.1771989167e-01  1.5468775062e-02  2.7361762013e+00  1.7058560250e+00  1.6495570268e+00  3.4679987236e+00  2.0071924386e-01  2.2801796073e+00  1.7301825827e+00  4.6600900922e-01  2.4117110804e+00  4.7319595679e+00  7.9677277585e-01  5.5556701466e-01
ENERGY -7.556020917084e+02
GRADIENT  2.6716102034e-03  1.5033130437e-03  2.4790947853e-03  1.1834774128e-04 -2.4758365083e-04  3.4861190308e-05  5.4676867637e-05 -2.3128026263e-04  1.1646765068e-05 -4.2290661179e-03 -3.6413898088e-04 -4.3863473685e-03  2.1495683696e-04  1.6299266227e-04  5.7346828698e-06 -6.3304164423e-04  3.4476252677e-03 -1.2956965729e-03 -2.7550815286e-05 -4.9353511570e-05  4.2264071602e-05  8.8034944983e-06 -2.0570665759e-05  3.6445227228e-05 -7.0891192848e-05  2.8979326368e-06  9.9262978233e-05  1.9714233685e-03 -4.4273133780e-03  3.3286525095e-03  3.5982758423e-06  2.8100229362e-05 -7.7370056366e-05 -5.7564483792e-04 -2.1972572232e-04 -4.1076054617e-04  2.6836401143e-04  1.6685304611e-04  1.5251394189e-05  2.8758317359e-05  4.4142428969e-05  7.4509303501e-06  1.4360852422e-04  1.3168071968e-04  2.2397425027e-04  7.9096918988e-06  2.6581200413e-05  5.3933663027e-06  1.6679630646e-05 -4.3299273577e-05  3.7038802707e-06  5.7490926139e-06 -2.4240831966e-05  2.9458045745e-06  2.2861655408e-07 -4.0672279359e-06 -3.2687297054e-06  1.4730694313e-06  8.0897842922e-06  2.3766644565e-06 -9.6666581425e-07 -2.9128845182e-06  3.2222206317e-06  3.0246955787e-05 -6.8035194067e-06 -3.8799014397e-06 -3.5754162579e-06 -1.1632531713e-05 -4.1435838061e-06 -1.6819082668e-05  3.3216429009e-05 -2.6749843390e-05  3.6915156132e-05  5.5589548468e-05 -5.9016751431e-05

JOB 6
COORDS  6.2776149027e+00 -1.5271788394e+00 -1.0547931045e+00  6.2355385101e+00  8.0735444256e-01 -1.6197544344e+00  7.3476067168e+00 -1.6705551776e+00 -1.9384957494e+00  5.6926807289e+00 -2.6407060505e-01 -9.0397041503e-01  7.3195492866e+00  5.2918012214e-01 -2.4490734002e+00  3.3649177428e+00 -5.5506125903e-01 -2.7752856043e-01  9.8114891194e-01 -4.3380115383e-01  2.1345646545e-01  2.5890100297e+00  7.8442861105e-01  1.6778297950e+00  7.8770400977e+00 -6.5183306354e-01 -2.6314842682e+00  4.6572817339e+00 -5.4294216379e-02  4.2475646054e-02  2.3631529416e+00 -9.5293321018e-02  5.3864886083e-01  7.9239585393e+00  1.6649425147e+00 -3.2202068889e+00  7.4354889457e+00  2.7860520120e+00 -3.0214646239e+00  3.1998634623e+00 -1.3603281830e+00 -1.1889122849e+00  8.8476178260e+00  1.4188798294e+00 -3.9861107965e+00  5.8906839401e+00 -2.3779814283e+00 -5.0534928155e-01  5.8405178970e+00  1.8140889937e+00 -1.5505289174e+00  7.8135900344e+00 -2.6423035883e+00 -2.0852759869e+00  5.1881085650e-01 -9.8743941886e-01  1.0390850938e+00  9.7338205411e-01 -1.0552619712e+00 -6.8013072953e-01  3.9690129765e-01  4.7568594201e-01  2.7976482010e-02  2.6459499512e+00  1.8445882000e+00  1.3889637020e+00  3.4997650390e+00  5.0579463162e-01  2.2138631456e+00  1.7544117137e+00  6.7678483332e-01  2.3745317658e+00  4.6526918273e+00  8.9783858713e-01  3.9317527244e-01
ENERGY -7.556048651654e+02
GRADIENT  3.3733464899e-03  1.2115708140e-03  3.5474113393e-03 -2.7569779908e-05 -1.0095291759e-04 -1.0585764445e-05 -1.5492177794e-06 -1.7864863064e-05  1.3819946118e-05 -5.5784455381e-03  2.0199902324e-04 -6.2874919972e-03  4.3000378046e-06  1.2429105223e-04 -8.1412179471e-05 -1.0920939413e-03  4.0098060007e-03 -2.1050925761e-03 -3.3158800925e-07  2.0249191946e-05 -2.1104092535e-05  1.1511817851e-06  1.8593090326e-05 -2.5358333534e-05 -5.5606012244e-05  1.8617883961e-06  2.2405429555e-05  3.2778321635e-03 -5.4716005257e-03  4.9322092461e-03  4.2092264346e-05  3.6033774603e-05 -6.4045388188e-07  1.2577562732e-04  5.8707780789e-05  6.8390131937e-05 -4.3759365978e-05 -1.3574929259e-06 -2.2050292199e-05 -5.8520417951e-05  1.7542718913e-06 -6.3794571309e-05 -3.2061098201e-05  8.4196516194e-06 -6.7573570726e-05 -4.7327584592e-06  1.1805012842e-05 -1.0934826821e-05  7.4262237134e-06 -1.4166234583e-05 -5.7337147313e-06  4.9205329580e-07  3.7380203520e-06 -2.2118483845e-07  9.7313534133e-06 -2.7605903339e-06 -1.4130994075e-07  3.9516683123e-06  2.0051568016e-06 -4.6387975929e-06 -8.3096324911e-06 -4.6154024949e-06 -1.9250987115e-06 -9.8401802491e-06 -5.8147036463e-07 -7.4100643224e-07 -2.9987962569e-07 -1.7498782218e-07  5.7378439278e-07  6.6628992412e-06 -1.0637354057e-05  4.2405889562e-06  5.2299688411e-05 -4.1758502751e-08  9.6820039319e-06

JOB 7
COORDS  6.1415040324e+00 -1.5146554900e+00 -1.2026794860e+00  6.2860628537e+00  8.5185908553e-01 -1.5997684774e+00  7.2275343123e+00 -1.6695050153e+00 -2.0636943020e+00  5.6424087287e+00 -2.2346456780e-01 -9.7544664876e-01  7.3721203968e+00  5.5353409654e-01 -2.4175083943e+00  3.3416235617e+00 -6.1070822645e-01 -2.4063057754e-01  9.7868673074e-01 -5.8943537455e-01  3.5554697766e-01  2.5542984686e+00  9.0747309051e-01  1.5764849963e+00  7.8517116545e+00 -6.4861696916e-01 -2.6702975331e+00  4.6027194312e+00  1.5282351296e-02 -5.3870054555e-02  2.3451458844e+00 -1.1999238232e-01  5.6442199799e-01  8.0763700138e+00  1.6946490563e+00 -3.0896914833e+00  7.6605739222e+00  2.8318458360e+00 -2.8259689973e+00  3.1921113209e+00 -1.5306359104e+00 -1.0393541697e+00  9.0054528674e+00  1.4376595591e+00 -3.8452927963e+00  5.6777732043e+00 -2.3740863470e+00 -7.3421735507e-01  5.9649331459e+00  1.8788558504e+00 -1.4697041581e+00  7.6267684391e+00 -2.6608016741e+00 -2.2661599517e+00  5.9538699123e-01 -1.0665306631e+00  1.2650883988e+00  9.7736709030e-01 -1.3158379760e+00 -4.5497087971e-01  3.2170587038e-01  2.4839803335e-01  9.2736300712e-02  2.5454599850e+00  1.9240763429e+00  1.1559643066e+00  3.4921974216e+00  7.4557292198e-01  2.1143013083e+00  1.7457444559e+00  8.4676208971e-01  2.3082623216e+00  4.5522099893e+00  9.8719002833e-01  2.2985408903e-01
ENERGY -7.556076817635e+02
GRADIENT  2.8582571673e-03  5.3054381156e-04  3.1566138505e-03  3.1751158624e-06 -2.1095771905e-05 -3.2476282771e-05 -2.2088577472e-05  1.8157962585e-04 -9.9686169274e-06 -4.8926065153e-03  7.1359220070e-04 -5.8889056449e-03  6.4911868576e-05 -1.2691851194e-04 -2.5843789946e-05 -1.0542190632e-03  2.9374368824e-03 -1.7551201466e-03 -4.4163334449e-05  9.4515328112e-05  6.6103620119e-06 -6.7819134063e-07  1.8088528287e-05 -5.1221655975e-05  5.3970218940e-05  4.8742230986e-07 -2.2039846004e-05  3.4468761054e-03 -4.4713306344e-03  4.8781916817e-03 -9.9205972065e-05  1.4946487562e-05 -1.3452097855e-04 -1.4385890288e-04 -3.3413312276e-05 -4.1481910724e-05  1.2738751871e-04  6.7701526887e-05 -5.2853887740e-05 -6.6807540351e-05  1.3711723951e-04 -1.6754065939e-04 -7.5963040710e-06  3.5867914241e-05  7.0735845172e-05 -2.9148993957e-05 -1.5121598650e-06  1.0009747576e-05 -9.4082792511e-06 -1.5775196008e-05 -8.6659354352e-07  1.3398997440e-05  2.5561536849e-05 -4.2375711546e-06  8.7249039180e-06 -6.0274141938e-06 -6.1683348137e-07  8.9161217845e-06  2.2042186066e-06  8.4464595833e-06 -2.3991456167e-05 -6.3868577941e-06  9.6903973540e-06 -1.3822596241e-05  6.3661932873e-06  1.4114245896e-05  8.2940963299e-06  1.7191185591e-06 -1.8386177056e-05  5.1665135335e-06 -2.8702437086e-05  6.7864990482e-07 -5.6825396658e-05  2.1747834333e-05  5.3983677965e-05

JOB 8
COORDS  6.1439326426e+00 -1.4219788169e+00 -1.4382061090e+00  6.3675678330e+00  9.6210555154e-01 -1.6581887821e+00  7.2509560197e+00 -1.5421128599e+00 -2.2784042131e+00  5.6744102897e+00 -1.3525111116e-01 -1.1261035047e+00  7.4638028944e+00  6.9297566511e-01 -2.4693607658e+00  3.4201758709e+00 -6.5939106050e-01 -2.6777208704e-01  1.1060293869e+00 -7.8935936063e-01  4.8514788078e-01  2.5961470240e+00  9.6771892357e-01  1.4381950228e+00  7.9192058736e+00 -5.0126960734e-01 -2.7972380359e+00  4.6168179659e+00  9.4422211008e-02 -2.3372507699e-01  2.4298574170e+00 -1.7704886560e-01  5.5143253888e-01  8.2114877830e+00  1.8601554126e+00 -3.0429786376e+00  7.8219276943e+00  2.9865107738e+00 -2.7030379575e+00  3.3085031882e+00 -1.6690458167e+00 -9.5784354411e-01  9.1464825437e+00  1.6334116831e+00 -3.8009810171e+00  5.6444824781e+00 -2.3008412121e+00 -1.0530345858e+00  6.0740485649e+00  1.9869115395e+00 -1.4615961134e+00  7.6269325634e+00 -2.5285608498e+00 -2.5409003790e+00  8.2369608450e-01 -1.1958984955e+00  1.4632505059e+00  1.1293617480e+00 -1.5978472421e+00 -2.4303963996e-01  3.5647567271e-01 -4.9099566234e-02  1.8052948498e-01  2.4997290273e+00  1.9289805330e+00  9.1196490364e-01  3.5591421803e+00  9.3191334193e-01  1.9554723984e+00  1.8175043391e+00  9.3246120946e-01  2.2028678795e+00  4.5170938565e+00  1.0686584785e+00  2.3108969086e-02
ENERGY -7.556097621587e+02
GRADIENT  1.8584694125e-03  3.5889963912e-04  2.0770012657e-03  1.5452979010e-04 -2.3193092099e-04 -1.1050975914e-04  9.1702241764e-05 -2.3289100864e-05 -7.2333689800e-05 -3.5189397159e-03  7.4131560267e-04 -3.9711494252e-03  4.1537815620e-05  1.5072244063e-04 -4.4267406775e-06 -9.9321712425e-04  1.7577092304e-03 -1.6701484296e-03  2.2425416017e-06  2.4670700418e-05 -4.4037741096e-06  8.9227884828e-06 -2.4437923791e-05  3.3983319465e-05 -6.2844102924e-05 -1.0714020442e-04  4.8387250645e-05  2.3400047742e-03 -2.7013054835e-03  3.7602208410e-03 -3.9449593397e-05  4.1003434974e-05 -8.4528238821e-05 -4.6172340057e-05 -3.3002911740e-05 -2.1080726028e-05  7.5917086257e-05  4.3665387079e-05 -2.4071798985e-05 -4.8734915694e-05 -4.4557560524e-09  4.4835000110e-05 -1.4375923064e-06  3.3603189746e-05  3.3626231917e-05 -6.6962070743e-07  2.4570844638e-05 -7.0534399972e-06 -1.4382935688e-05 -5.0882776519e-05  6.2971303145e-06  4.1727730156e-06 -1.4463049669e-05  6.4512106094e-06 -1.0791326405e-05  1.1719860886e-07  1.6538246962e-06 -2.4817081676e-06  3.9684565376e-06 -3.2228087926e-06 -5.2441710593e-06  5.7946473737e-06  3.3020701636e-06 -2.9654751934e-05  3.4926133966e-07  1.8528061772e-06  5.0963481263e-06  1.6259316843e-05 -2.2348617479e-05  1.2084291917e-05 -1.5604981080e-05  2.1655803705e-05  1.6497992888e-04  8.0075763984e-06  2.8491843197e-05

JOB 9
COORDS  6.0310444827e+00 -1.4339347616e+00 -1.5390033153e+00  6.4243355973e+00  9.3915073171e-01 -1.5847290131e+00  7.1665030007e+00 -1.5705475246e+00 -2.3386081195e+00  5.6355894840e+00 -1.4076379668e-01 -1.1529870616e+00  7.5321721659e+00  6.5024095516e-01 -2.3702687741e+00  3.3957075467e+00 -6.6741304515e-01 -2.0555552475e-01  1.1257494641e+00 -8.1296777226e-01  6.7418609799e-01  2.5585579413e+00  1.1265815315e+00  1.3163755616e+00  7.9247348895e+00 -5.4824312560e-01 -2.7605079397e+00  4.5535417849e+00  1.2848901228e-01 -3.0952682469e-01  2.4148902223e+00 -1.3132509937e-01  5.9359953187e-01  8.3758872809e+00  1.8002877559e+00 -2.8359628172e+00  8.0395151536e+00  2.9270926159e+00 -2.4444721691e+00  3.2959081671e+00 -1.7531079009e+00 -7.7268818429e-01  9.3310979313e+00  1.5601620449e+00 -3.5640483179e+00  5.4568430239e+00 -2.2992388377e+00 -1.2395360026e+00  6.1934584980e+00  1.9670489867e+00 -1.3289953218e+00  7.4865439691e+00 -2.5616379472e+00 -2.6530739172e+00  9.0201963577e-01 -1.0844087916e+00  1.7122533569e+00  1.1697447319e+00 -1.7177162468e+00  7.1079657902e-02  3.2458945111e-01 -1.6623937760e-01  2.9672592722e-01  2.4924780165e+00  2.0041710919e+00  6.5668128797e-01  3.4991981369e+00  1.1627023597e+00  1.8756804339e+00  1.7485301812e+00  1.2046112837e+00  2.0433267397e+00  4.4608048333e+00  1.1045930523e+00 -6.2085236433e-02
ENERGY -7.556109988520e+02
GRADIENT  9.7722751067e-04 -1.0019483028e-05  1.1548753500e-03  7.5589255636e-05 -1.5983548602e-04 -3.9549115159e-05 -1.7592403481e-05 -3.2032726558e-06  3.9412860172e-06 -1.9763710573e-03  5.9688505351e-04 -2.4393706156e-03  8.2405233525e-05 -8.4523016865e-06 -2.1296612573e-05 -4.6308461638e-04  1.0374602241e-03 -9.3287233769e-04 -1.3390062716e-04  8.4223259919e-05  1.6360796024e-04 -7.2992143016e-07 -6.6784643410e-05 -5.8104961857e-06 -8.9542239302e-06  4.3556244365e-06  1.9810955762e-05  1.7599018181e-03 -1.3876194643e-03  2.3497568188e-03 -1.9836867412e-04 -2.1525313307e-04 -1.6711904410e-04 -1.0537152848e-04 -1.3028084318e-05 -6.6044897527e-05  9.1892337644e-05  3.8404884892e-05 -1.0289409974e-05  4.8619825958e-05  9.4618269651e-05 -3.6219793042e-05  1.1893214528e-05  1.7575613226e-05  6.3262384595e-05 -1.8160591365e-05  4.8064064410e-06  1.3291790164e-05 -1.0257159972e-06 -2.8376121269e-05  1.7992785261e-06  3.5728438665e-06 -1.0618298407e-06 -9.1215128510e-07 -2.8942327874e-05  8.6474529686e-06  3.1710945071e-06 -4.2470596921e-06  3.0299455801e-05  2.8286171871e-05 -2.6387793136e-05 -6.9516285795e-06  1.1781428209e-06  1.7987770910e-05 -5.6695763115e-06 -3.9292670304e-06 -8.9748258256e-06 -1.9332891978e-05  9.5804074135e-06 -3.1401754189e-05 -6.5226640687e-06 -3.2642246057e-05 -1.0294785131e-04 -3.1095716001e-05 -1.3519005331e-05

JOB 10
COORDS  5.9295004436e+00 -1.4277610599e+00 -1.6633685306e+00  6.4437774703e+00  9.2045226242e-01 -1.5428516757e+00  7.0912735050e+00 -1.5723740584e+00 -2.4235560831e+00  5.5851110836e+00 -1.4219196073e-01 -1.2070244895e+00  7.5661692587e+00  6.2328382681e-01 -2.3024117724e+00  3.3723641363e+00 -6.8524230947e-01 -1.7470720446e-01  1.1611552578e+00 -8.6429503608e-01  8.3554379660e-01  2.4959186142e+00  1.2152295747e+00  1.1910771850e+00  7.9169820337e+00 -5.6839043919e-01 -2.7508406538e+00  4.4757979841e+00  1.5003424745e-01 -4.1255397760e-01  2.4003377119e+00 -1.2213287683e-01  6.1823162053e-01  8.4838758969e+00  1.7548122160e+00 -2.6619634240e+00  8.1698928938e+00  2.8770436532e+00 -2.2398482764e+00  3.2999814859e+00 -1.8241401234e+00 -6.3293926443e-01  9.4723036437e+00  1.5053174421e+00 -3.3409405900e+00  5.3008799302e+00 -2.2776846435e+00 -1.4403738509e+00  6.2548309277e+00  1.9416108926e+00 -1.2314492202e+00  7.3732850995e+00 -2.5578531410e+00 -2.7883210542e+00  9.9796061123e-01 -1.0279635448e+00  1.9068610297e+00  1.2380714100e+00 -1.8278062828e+00  3.3567804293e-01  3.0556668098e-01 -3.1350577005e-01  4.2661817932e-01  2.4016413659e+00  2.0070452850e+00  4.3407386520e-01  3.4308179273e+00  1.3522443111e+00  1.7461176844e+00  1.6798157275e+00  1.3477899531e+00  1.9027107157e+00  4.3962184524e+00  1.1226197420e+00 -1.5065236852e-01
ENERGY -7.556116269843e+02
GRADIENT  3.5906338234e-04 -9.1002917945e-05  5.7173593817e-04  4.4409006504e-06 -1.7575908939e-05  6.1984234012e-06  1.5005276555e-06  7.9212343065e-06  2.4747658077e-06 -7.7271380607e-04  3.3491272157e-04 -1.1727480200e-03  6.2993713916e-06  2.3029165826e-05 -2.2265318094e-05 -3.2711529957e-04  2.1297154566e-04 -5.2918963190e-04  4.1319054609e-07 -7.6676674947e-08 -2.1497305471e-05  1.3047309312e-05  6.4986295398e-06  2.9315720670e-05 -1.1108196326e-05 -6.1113599208e-06 -1.3308557810e-05  6.8623796039e-04 -4.8055366342e-04  1.2051471876e-03  2.2277084261e-05 -1.2672332951e-05  3.6383634397e-05  1.3449873826e-05 -3.1409426001e-05  5.6912298741e-05 -1.4584816873e-05  1.7882228705e-05 -3.0253158286e-05 -1.4425499771e-05  2.7229565618e-05 -2.0337973946e-05  2.2342694893e-06  4.3772612172e-06 -9.1495381888e-06 -3.3930964596e-06 -2.5357155759e-06 -8.8640370901e-06 -5.8202084108e-06 -5.2494544922e-07 -5.5022729576e-06 -2.8460472407e-06  1.3167525332e-06 -3.9772648025e-07  3.2746819872e-06 -3.1069052416e-06  1.0835644237e-06 -2.0030006933e-06 -4.2416123801e-07  1.0876935552e-06 -1.5109495556e-06  4.6138831066e-06  6.5385100927e-06 -2.4558897277e-06  1.4375501025e-05 -8.8355562977e-08  3.4807224725e-06 -2.8812163050e-06 -1.1618765485e-05 -7.6346038880e-06  7.8113287525e-06 -1.7341187247e-05  1.8590152163e-05  2.5455646269e-05 -4.3280963681e-05

JOB 11
COORDS  5.7963075082e+00 -1.3325562596e+00 -1.7777555103e+00  6.4752379267e+00  9.5398810336e-01 -1.4530043480e+00  6.9718935551e+00 -1.5038303013e+00 -2.5110205744e+00  5.5313092611e+00 -6.5159929431e-02 -1.2267782965e+00  7.5988714395e+00  6.3384388193e-01 -2.2005557676e+00  3.3431807286e+00 -5.8696064127e-01 -1.2268008289e-01  1.2175613297e+00 -7.8170669919e-01  1.0553142750e+00  2.4003214768e+00  1.4196907244e+00  1.0297596827e+00  7.8795355589e+00 -5.4261124825e-01 -2.7316301476e+00  4.4048135304e+00  2.6021557707e-01 -4.7208782417e-01  2.3613864800e+00  1.9009651830e-02  6.2560506701e-01  8.6085965445e+00  1.7178811701e+00 -2.4390883223e+00  8.3403639729e+00  2.8354972526e+00 -1.9751597725e+00  3.3059132690e+00 -1.7687374188e+00 -4.6233406016e-01  9.6220657196e+00  1.4371271118e+00 -3.0670003947e+00  5.1043246532e+00 -2.1495445653e+00 -1.6337104564e+00  6.3497958626e+00  1.9591759124e+00 -1.0665512481e+00  7.1940081236e+00 -2.4760982844e+00 -2.9459713388e+00  1.1606766278e+00 -8.1317551656e-01  2.1496742189e+00  1.3374920470e+00 -1.7942549264e+00  6.7523925018e-01  2.8523694421e-01 -3.5903058690e-01  6.6325613756e-01  2.4133405645e+00  2.0991143888e+00  1.6762366759e-01  3.2567148366e+00  1.6408531288e+00  1.6805028268e+00  1.4976718452e+00  1.6424080837e+00  1.5995774816e+00  4.3737490889e+00  1.2193198695e+00 -1.5717016755e-01
ENERGY -7.556118089091e+02
GRADIENT  5.5757299655e-07  1.8608162867e-05  2.5589106241e-05  9.9124856152e-06  5.0079978276e-05  3.9192019726e-05  3.0552866645e-05 -5.3232543011e-06 -2.0765664394e-05 -4.0614920386e-05  2.4218827918e-05 -9.0515962184e-05 -2.8943895280e-05  9.3455788806e-06 -8.3284173690e-06 -1.1085209469e-04 -3.6644024859e-05 -9.9253362189e-06 -1.6615006029e-05 -3.3654529307e-05  1.8027216909e-05 -4.6065455448e-05  4.4851731517e-05 -3.7574313960e-05 -1.1618112428e-05 -1.2494597191e-05 -2.7221181856e-05  1.6002958261e-04 -2.8772911019e-06  1.1406331837e-04  6.2282536644e-05  2.5788325284e-05  3.1342805393e-05 -7.8133542514e-06 -6.2056604557e-05  4.6788384810e-05 -3.5342008038e-05  3.1410079485e-05 -3.0786719337e-05 -2.8528866319e-06 -3.4317339396e-06 -1.6562068655e-05 -7.9550965538e-06 -1.3985493435e-06 -1.5404429449e-06  3.7921957141e-06 -3.7935483393e-06 -1.2072048887e-06 -7.4088984014e-06  1.1666085887e-05 -5.9259794969e-08 -6.4550330630e-06  1.4440228938e-07 -9.8953163056e-07  1.2954461753e-05  6.3878706064e-06 -1.1846878508e-05  5.2953353916e-06 -2.0494731278e-06 -8.4025940503e-06  9.5252330515e-07 -7.3000856158e-07  1.5282114531e-06 -5.9434409126e-07 -9.1692719021e-06  4.1187027487e-06  9.1777729383e-06 -8.0974913008e-06  1.5751452260e-05  1.0352497749e-05 -4.1164780315e-06 -2.6156136682e-06 -2.9079368572e-05  8.1502415290e-06 -3.9564156350e-05

JOB 12
COORDS  6.1494463230e+00 -1.4440408570e+00 -1.8653425537e+00  6.5018359873e+00  9.0597817078e-01 -1.4876159423e+00  7.5383289710e+00 -1.5753438526e+00 -1.9128715755e+00  5.6043886683e+00 -1.6626778912e-01 -1.6424035539e+00  7.8583223558e+00  6.2428266956e-01 -1.5620016970e+00  3.1910183164e+00 -8.0344212058e-01 -1.4783788032e+00  7.9122425975e-01 -1.0991846729e+00 -1.1683221665e+00  1.6935868181e+00  1.1979759650e+00 -1.5246895538e+00  8.4030538417e+00 -5.6169999087e-01 -1.7648066391e+00  4.2397104281e+00  1.2179262131e-01 -1.6017991836e+00  1.9384807260e+00 -2.3648350206e-01 -1.4389973027e+00  8.8173422022e+00  1.7663085757e+00 -1.3946807610e+00  8.3166889485e+00  2.8889001602e+00 -1.2356957492e+00  3.3887183515e+00 -2.0160891104e+00 -1.4269148900e+00  1.0017636693e+01  1.5239411229e+00 -1.4228556474e+00  5.5055867662e+00 -2.3036009389e+00 -1.9829232436e+00  6.1683239928e+00  1.9229044381e+00 -1.3143300649e+00  7.9786034571e+00 -2.5557955686e+00 -2.0822198998e+00  3.1989684177e-01 -8.2727845933e-01 -2.1592468986e-01  1.1332570993e+00 -2.1308737084e+00 -1.1162252095e+00  4.9348607514e-02 -1.0067384353e+00 -1.9694995154e+00  2.2033155685e+00  1.6436822255e+00 -2.3858013256e+00  1.9856410967e+00  1.7334182090e+00 -6.0964345882e-01  6.2451427446e-01  1.3599400475e+00 -1.6710934935e+00  4.0239239170e+00  1.1001267191e+00 -1.4716751202e+00
ENERGY -7.556116202967e+02
GRADIENT  2.7155714417e-04  5.0036614696e-04 -6.1823747651e-04  1.3585570223e-04 -2.1319758790e-04  6.8238826229e-06  1.1229401992e-04 -4.9520627511e-04 -8.8548650139e-05 -3.3611580608e-04 -5.9576269790e-05  1.3052958442e-03 -2.5917820747e-05  3.1045305881e-04  6.2677197902e-05  1.2276546346e-04  2.9319210669e-04  1.1573663749e-03 -6.1827853168e-05  5.3151432396e-05  2.7348146324e-05 -1.0744525006e-06 -5.6071939661e-05 -1.7776659951e-05 -1.8782087183e-04  1.2516547474e-05  1.8515245091e-05  5.9380824056e-06 -1.2809932887e-04 -1.2882119324e-03 -7.0363354335e-05 -1.3793180357e-04 -1.1769311990e-04  1.4361106845e-04  7.0507625118e-05 -8.2069337133e-05 -1.4888870117e-04 -7.7644981214e-05  1.5684867666e-05 -4.4536460719e-05  1.0073170603e-05 -2.6045262893e-04  7.8296017420e-05 -2.2827398074e-05  2.7300289746e-05  4.1857400443e-05  3.2523855383e-05  1.3366851369e-05  3.4739801486e-06 -1.9863072250e-05  4.4360960817e-06  2.1658981237e-06 -4.7358737169e-05 -1.0758815541e-05  4.2776224362e-06  1.5619946907e-05  6.8308289767e-07 -7.0184967428e-06  1.6144416605e-05  1.1916037345e-05 -2.5358673291e-05 -1.1027176433e-05  7.6496100804e-06  2.0047169219e-05  1.2963219087e-05  2.5138338778e-05 -3.1592106444e-05 -1.3258031667e-05  3.0349170796e-05 -4.9731528887e-07  2.8386018519e-06 -6.1686481714e-05 -2.6596505812e-05 -1.6108925178e-05 -1.7358079748e-04

JOB 13
COORDS  6.1250969419e+00 -1.4142997760e+00 -2.0326299399e+00  6.4878844209e+00  8.9750506274e-01 -1.4719007031e+00  7.5125854043e+00 -1.5615740956e+00 -2.0405910957e+00  5.5879648981e+00 -1.4997111135e-01 -1.7309605734e+00  7.8441046981e+00  6.0384511827e-01 -1.5232852397e+00  3.1957325638e+00 -7.7981140943e-01 -1.4614076259e+00  8.2286111728e-01 -1.0651705988e+00 -9.8497407847e-01  1.6629855494e+00  1.1825407662e+00 -1.6637362557e+00  8.3819518928e+00 -5.7150135435e-01 -1.7908390307e+00  4.2208743569e+00  1.4363781517e-01 -1.7447127354e+00  1.9372365251e+00 -2.2848342005e-01 -1.4218604030e+00  8.8094540411e+00  1.7183021939e+00 -1.2443781467e+00  8.3172024830e+00  2.8361035253e+00 -1.0341404321e+00  3.4221144050e+00 -1.9753052697e+00 -1.2885631668e+00  1.0006695995e+01  1.4598503056e+00 -1.2398030570e+00  5.4771888053e+00 -2.2556991490e+00 -2.2336297058e+00  6.1586337406e+00  1.9031273896e+00 -1.2359933954e+00  7.9491643299e+00 -2.5321719060e+00 -2.2661440499e+00  4.0450407886e-01 -6.9098106470e-01 -4.2461506445e-02  1.1841066962e+00 -2.0810521172e+00 -8.3748814636e-01  3.3139953046e-02 -1.0711687302e+00 -1.7445967080e+00  2.1595888792e+00  1.5359938752e+00 -2.5729022840e+00  1.9517559883e+00  1.8225565506e+00 -8.1685631302e-01  5.8948881084e-01  1.3072385111e+00 -1.8161333314e+00  4.0130256807e+00  1.1213523843e+00 -1.5912994705e+00
ENERGY -7.556109962855e+02
GRADIENT  1.9559646890e-04  2.9082349240e-04 -1.4487950135e-03 -1.2930970314e-04 -1.2932508783e-05  2.2200554587e-05 -1.3200970763e-04 -1.1026850638e-05 -1.1658731805e-05  2.1070424476e-05 -1.8670019653e-04  3.1143696685e-03  6.2035047399e-05 -2.1592402567e-04 -6.3850502405e-05  2.3322104235e-04  4.2294078998e-04  1.4233276991e-03  4.0547377778e-05  5.0797997780e-05  1.6866405449e-05  3.7669667303e-05 -1.0251311467e-05 -1.6881627127e-05  3.8247862601e-05  1.2042637396e-04  2.8264020806e-05 -4.5046468552e-04 -5.5198229857e-04 -3.1415854485e-03 -1.4218306757e-04 -2.5549963326e-05 -8.4753921192e-05 -5.5164250135e-06  8.2326207796e-05  1.0282706816e-05  8.6211898871e-06 -3.5958616575e-05 -1.0875259491e-05  6.5392491342e-06 -6.3668784809e-05  4.8219513836e-05  8.9413113398e-06 -2.2820325662e-05 -9.4850276401e-06 -2.2453096557e-05  1.2767237646e-05  1.5288160740e-06  3.6442406959e-06  9.7653676648e-06 -1.4573794004e-05  9.3604314192e-06  1.1812464874e-05  1.5774882054e-06  1.5109640323e-06 -1.6615263695e-05  2.0715879234e-05 -5.3669039683e-06 -3.5130464948e-06  6.5028515061e-07 -1.1469003241e-05  1.5278188380e-05  1.1313132113e-05  5.5989075833e-06 -1.6163717199e-05  1.3499361059e-05 -2.0402397873e-06  5.8735644692e-06  3.5813474222e-05 -6.7617068736e-06  8.8142403803e-06  1.4964163566e-06  1.7950581880e-04  9.6879631087e-05  2.8182034786e-05

JOB 14
COORDS  6.0595449134e+00 -1.4135837625e+00 -2.1828367678e+00  6.4192765487e+00  8.3270441274e-01 -1.4021376799e+00  7.4442972450e+00 -1.5790009261e+00 -2.1583938917e+00  5.5238839077e+00 -1.7854397583e-01 -1.7807521709e+00  7.7756223996e+00  5.3061705466e-01 -1.4403789204e+00  3.1670656751e+00 -8.0123837355e-01 -1.3966650160e+00  8.2822817858e-01 -1.0824636957e+00 -7.6989781810e-01  1.5570558342e+00  1.0645481808e+00 -1.8033154262e+00  8.3109786100e+00 -6.2213666632e-01 -1.7943219308e+00  4.1529692848e+00  1.1214439107e-01 -1.8395945789e+00  1.8968034493e+00 -2.8183655335e-01 -1.3606224001e+00  8.7415401211e+00  1.6053696890e+00 -1.0374648014e+00  8.2520355261e+00  2.7049886468e+00 -7.4218577113e-01  3.4432474801e+00 -1.9597989284e+00 -1.0976743382e+00  9.9361296761e+00  1.3352595974e+00 -1.0232545733e+00  5.4110890840e+00 -2.2255478395e+00 -2.4836913076e+00  6.0885064478e+00  1.8149522507e+00 -1.0845256180e+00  7.8814836764e+00 -2.5293275373e+00 -2.4568012418e+00  3.9731872835e-01 -5.6642740419e-01  9.6556323639e-02  1.2403962750e+00 -2.0379337751e+00 -4.5112142396e-01  3.4626405948e-02 -1.2616024242e+00 -1.5045735092e+00  2.0769129635e+00  1.3190063915e+00 -2.7310668545e+00  1.7733326384e+00  1.8284776126e+00 -1.0417734664e+00  4.8595457936e-01  1.1029001040e+00 -2.0127837862e+00  3.9451571059e+00  1.0904831086e+00 -1.6818153128e+00
ENERGY -7.556097599438e+02
GRADIENT  3.8475190510e-04  1.0388324176e-03 -2.5315765464e-03  8.0038194460e-05  4.6859307545e-05 -5.3857322572e-06  3.5555303639e-05  5.5295747145e-05  3.2125533806e-05 -5.6094576816e-04 -9.8467456866e-04  5.2377398238e-03 -7.2457363844e-05 -1.4697259665e-04 -1.4283399002e-05  6.7441410420e-05  1.1150330224e-03  1.9585845757e-03 -8.1811661302e-05  9.5256076357e-05  8.0167775137e-05  9.7899024770e-06 -1.9378731215e-05  2.6434351514e-05  6.0506595471e-05 -2.9885788950e-06 -9.7664433394e-06  1.7644040193e-04 -1.1268607501e-03 -5.0891110961e-03  1.0812485083e-05 -5.4239239513e-05  1.4732977215e-04  1.6404231644e-05  2.0203919852e-05 -1.1855894298e-04 -1.2422529858e-05 -3.3619427699e-05  3.2419622961e-05  1.0027938591e-04  6.4435391006e-05  1.2964791517e-04 -1.7495752027e-05 -3.1620513447e-05  1.1584402206e-05 -2.9604019424e-05 -8.1587623852e-06  1.1011746519e-05 -1.7088559834e-05  3.1866190827e-06 -1.0742689694e-06  8.5866404849e-06  8.1921935507e-06 -1.0607844323e-06 -2.7510181328e-05  4.9934461594e-06  3.3629010957e-06 -1.6538983607e-05  2.1716921716e-05 -5.7356721569e-06 -6.7865744570e-06  1.6598085642e-06  4.0884727141e-06  3.5913269186e-05 -5.6612016025e-07  3.5910407070e-05 -4.2310430007e-05 -1.5255925532e-06  8.6968175850e-06 -5.7126728752e-06 -2.8777868599e-05 -4.1081350247e-05 -1.6037177770e-04 -1.5152366722e-05  4.6740817101e-05

JOB 15
COORDS  6.0646865136e+00 -1.3811661625e+00 -2.3377628439e+00  6.3824615461e+00  7.9503182056e-01 -1.3679364835e+00  7.4466813885e+00 -1.5542320240e+00 -2.2677652048e+00  5.5108714135e+00 -1.8422342091e-01 -1.8595371804e+00  7.7419973394e+00  4.9719406071e-01 -1.3762228450e+00  3.1885833825e+00 -7.7324949292e-01 -1.3651763122e+00  8.8539643463e-01 -1.0227355671e+00 -6.0809905046e-01  1.5240777087e+00  1.0003543275e+00 -1.9186524162e+00  8.2921685638e+00 -6.2551515984e-01 -1.7958959784e+00  4.1335639144e+00  9.2550437874e-02 -1.9772043537e+00  1.9098765660e+00 -2.7755395564e-01 -1.3337290482e+00  8.6894688873e+00  1.5379069029e+00 -8.5750377425e-01  8.1852264007e+00  2.6128438655e+00 -5.0263195765e-01  3.5096363120e+00 -1.8801458358e+00 -9.4302576788e-01  9.8831712983e+00  1.2666402686e+00 -8.1602446795e-01  5.4274655405e+00 -2.1622059135e+00 -2.7338905483e+00  6.0338203071e+00  1.7482928824e+00 -9.8775387700e-01  7.9002229717e+00 -2.4776094393e+00 -2.6209980068e+00  4.7893400927e-01 -4.1755463675e-01  2.1117974491e-01  1.3328332732e+00 -1.9268983486e+00 -1.9960411975e-01  6.6405675590e-02 -1.3006028273e+00 -1.2816913854e+00  1.9993619472e+00  1.1480292023e+00 -2.8921845502e+00  1.7591079955e+00  1.8534348065e+00 -1.2648609638e+00  4.4414940586e-01  9.9837020481e-01 -2.0809623000e+00  3.9292755886e+00  1.0801810378e+00 -1.8749229435e+00
ENERGY -7.556076827557e+02
GRADIENT  7.9920242661e-04  1.9918600435e-03 -3.7631275761e-03  6.4523674208e-05 -1.0623461829e-04 -4.0923919780e-05  4.8365454798e-05 -1.7680457707e-04 -8.6110780345e-05 -1.0572746219e-03 -1.5940180835e-03  7.6066307692e-03 -3.4614161301e-05  1.8126698252e-04  1.0407426786e-04  2.2232235154e-04  2.3731424027e-03  3.6009139778e-03 -8.1237100086e-05  3.3757235786e-05 -1.1622631320e-05  7.9847687461e-06 -1.6051186728e-05  7.3401111193e-06 -8.4858447206e-05  8.6759944713e-06  7.8594017328e-06 -7.0543404615e-05 -2.5112901134e-03 -7.3498198422e-03 -6.4435240754e-06 -1.3530752647e-04  1.0659106196e-05  1.8754274641e-04  1.0253111785e-04 -9.8841700511e-05 -1.7386820483e-04 -9.6309613049e-05 -3.7541454917e-06 -5.7445140336e-06  2.0221705874e-05 -7.0347747149e-05  7.4811911734e-05 -4.5979247551e-05  5.3221748357e-05  2.2851414269e-05  2.4627748778e-05  3.2058114956e-06  1.1940166314e-05  4.3529646092e-06 -5.8081465173e-07  7.7497455305e-06 -1.2698722011e-05 -1.1557694512e-05 -1.4837171020e-06  4.1536362938e-06 -5.9589696615e-06 -1.8146795058e-06  1.9165567707e-05 -8.1308595865e-06 -4.0582004636e-06  1.1869668431e-07  4.5470717380e-07  5.7609462721e-06  4.3915369434e-07 -3.9527493862e-07  1.0876461895e-05 -7.3578947168e-07  1.8348515115e-06  3.7009198116e-06  1.7186002993e-06  4.8334251442e-06  1.7112400883e-04  3.0557887986e-05  1.2219496586e-05

JOB 16
COORDS  6.0660561030e+00 -1.3425621818e+00 -2.5583756504e+00  6.3427449389e+00  7.2558420274e-01 -1.3682176141e+00  7.4465721610e+00 -1.5218462752e+00 -2.4666363985e+00  5.4945187647e+00 -2.0289577532e-01 -1.9794445293e+00  7.7048234860e+00  4.3393670252e-01 -1.3686980698e+00  3.2089695031e+00 -7.1715128040e-01 -1.3407161902e+00  9.5300244241e-01 -8.8123764317e-01 -4.3414653707e-01  1.4809175563e+00  9.2969410589e-01 -2.0633745468e+00  8.2711175535e+00 -6.4014720552e-01 -1.8827365064e+00  4.1083039307e+00  6.2845769617e-02 -2.1192946701e+00  1.9230799608e+00 -2.4054058041e-01 -1.3165999961e+00  8.6344368183e+00  1.4200201265e+00 -7.2592752748e-01  8.1168195258e+00  2.4546582390e+00 -2.8254756615e-01  3.5759120058e+00 -1.7461709620e+00 -7.8139443714e-01  9.8279803121e+00  1.1482697344e+00 -6.8228120432e-01  5.4401335034e+00 -2.0772947118e+00 -3.0522233916e+00  5.9751744248e+00  1.6332688053e+00 -9.0410684745e-01  7.9164054372e+00 -2.4037963017e+00 -2.8960179983e+00  5.7374904953e-01 -1.6430495520e-01  3.0420197583e-01  1.4402120973e+00 -1.7062629092e+00  8.2308211747e-02  1.0782131132e-01 -1.2703500163e+00 -1.0139250452e+00  1.9432563526e+00  9.6079597605e-01 -3.0531590982e+00  1.6877317656e+00  1.8721690640e+00 -1.5345845921e+00  4.0029106793e-01  8.6400717437e-01 -2.2100336504e+00  3.9100133130e+00  1.0577851771e+00 -2.0987786418e+00
ENERGY -7.556048643144e+02
GRADIENT  9.0643793918e-04  2.5796657504e-03 -4.2960126790e-03  3.1173705194e-05 -3.4698049211e-05 -2.8772198235e-05 -4.4215169936e-05  1.9013020252e-04  1.3044941086e-04 -1.2793897232e-03 -2.4343221632e-03  8.0914780077e-03  1.3308629111e-05 -3.5970332525e-05 -7.5534104840e-05  2.0212374113e-04  3.1043513214e-03  3.3487694511e-03  1.4898164152e-05  2.9521936562e-05  3.4925881804e-05  1.5672555769e-05  2.4420809015e-05  4.4007654353e-05  9.2266709094e-05  5.9801654422e-05 -1.8326827283e-05  6.7042311261e-05 -3.3996481283e-03 -7.3647952009e-03  1.0373620765e-05  5.3739274787e-05  8.2757435802e-06  9.2105506358e-05 -1.1944543135e-04  2.9895072126e-04 -1.0883313763e-04 -3.7775200618e-06 -1.5145513773e-04  3.3942555537e-05 -2.9363012951e-05  1.3657348075e-04  5.1790884542e-05  1.6708303858e-05 -8.2370710301e-05 -1.8550276987e-05  8.4398013916e-06  1.2791985909e-05 -5.1718011464e-06  3.4992156251e-06  6.8210135468e-06  2.0498540432e-05  2.7334174178e-05  2.5784538000e-05 -7.5600931081e-06 -4.7348911492e-06  6.5590072708e-06  3.6177080653e-06 -9.3256223219e-07 -2.2784996807e-06  9.7619601906e-06  8.1333188736e-07 -5.5933286409e-06  1.6032852667e-06 -6.2013969134e-07  5.2656258712e-07 -1.3948354130e-05  2.6441215046e-06  9.5149229398e-07  3.6719799266e-06 -1.0071022034e-05 -1.4230945611e-05 -3.7020042798e-05  2.4840632675e-05  1.1460661858e-05

JOB 17
COORDS  6.1056202278e+00 -1.2622811995e+00 -2.7341741078e+00  6.3056793657e+00  6.6007733957e-01 -1.3095983071e+00  7.4881728023e+00 -1.4299427985e+00 -2.6246527201e+00  5.4975721424e+00 -2.0562497923e-01 -2.0511775144e+00  7.6723213129e+00  3.9141608171e-01 -1.3001221652e+00  3.2529438102e+00 -6.3932286946e-01 -1.2656291383e+00  1.0308998104e+00 -7.3622716931e-01 -2.6845354001e-01  1.4393572278e+00  7.9843382541e-01 -2.1904529478e+00  8.2740286302e+00 -6.0742405874e-01 -1.9174601222e+00  4.0968488204e+00  2.9035090015e-02 -2.1927608104e+00  1.9489719088e+00 -2.1290050680e-01 -1.2745719492e+00  8.5643549818e+00  1.3091103212e+00 -5.1809202775e-01  8.0159234904e+00  2.2817141994e+00  1.8057524821e-02  3.6798714945e+00 -1.5467091062e+00 -5.5708315968e-01  9.7589380544e+00  1.0447795198e+00 -4.5857800944e-01  5.5054111641e+00 -1.9429017564e+00 -3.3286411301e+00  5.9024590120e+00  1.4986590884e+00 -7.5462811942e-01  7.9884551665e+00 -2.2486051609e+00 -3.1370823582e+00  6.3986772069e-01  7.6919078471e-02  3.5533170846e-01  1.5668520911e+00 -1.4458390374e+00  3.5936937659e-01  1.8839313458e-01 -1.2478888340e+00 -7.4856498928e-01  1.8811926378e+00  6.8384384283e-01 -3.1833793130e+00  1.6158851292e+00  1.8231976909e+00 -1.8303974774e+00  3.5960223035e-01  6.6671684931e-01 -2.2939481419e+00  3.8861861025e+00  1.0159393522e+00 -2.3031515407e+00
ENERGY -7.556020949119e+02
GRADIENT  8.2859085259e-04  2.5302410281e-03 -2.9851788795e-03 -1.0537407186e-05  2.5171127128e-04  1.3672945864e-04  1.3147324910e-04 -6.2660285612e-05 -2.7464156365e-05 -1.0351937784e-03 -2.3391002989e-03  5.6300414289e-03 -2.3028310641e-04 -2.2559468378e-04 -1.4292004813e-04  2.1047925384e-04  2.8141015898e-03  2.1751568954e-03  3.6610953898e-05 -2.9321352080e-05 -1.5131991341e-05 -9.0593085964e-06  7.7050708950e-06 -2.2444710894e-05  9.9401758189e-05 -1.1817962162e-05  2.0678340487e-05 -2.1604431232e-05 -3.0023753360e-03 -4.7969678052e-03 -1.3743694639e-05  8.5453046865e-05  3.6838232476e-05  6.2254229766e-05  8.4774090796e-05 -1.5268047887e-04 -1.1466079464e-04 -1.2100767086e-04 -7.0607122547e-08  3.2904378576e-05  4.8881773290e-05  6.2391799114e-05  8.0627068928e-06 -9.0624930932e-05 -1.2805456761e-05  1.5313492568e-05 -1.7521618062e-06 -1.0821074078e-06 -3.4440729677e-05  2.6455033487e-05  1.8003697441e-05  1.4833451421e-05 -1.2205471960e-06 -7.2582912695e-08 -9.3835620489e-07 -3.4643502137e-06  1.1884666431e-06  4.8496383485e-06 -4.5842741846e-06  4.7287704277e-06  8.0821678459e-06 -3.5514528121e-06 -2.7621276618e-06 -8.2085127626e-06 -8.4672374487e-06 -1.8291933924e-06  1.2902946861e-05  3.8083716120e-06 -1.6188271939e-05  1.3153334135e-06  1.4229746585e-05  2.5478924570e-05  1.4397073239e-05  1.1576313652e-05  1.2303579519e-05

JOB 18
COORDS  5.8848945373e+00  4.4789798989e-01 -2.8975135213e+00  5.9355223402e+00 -1.1931910619e+00 -1.1434042535e+00  7.1514803483e+00  2.2993851922e-03 -3.2882686821e+00  5.2721084868e+00 -1.4329188159e-01 -1.7875976363e+00  7.1802611476e+00 -1.5501262296e+00 -1.6481929778e+00  2.8938583688e+00 -6.0226022786e-01 -1.6176656246e+00  4.6716183719e-01 -8.0313002257e-01 -1.7072593389e+00  1.4809054223e+00  1.2321640060e+00 -6.8735430251e-01  7.7998796352e+00 -9.9316810385e-01 -2.6751804768e+00  3.9890596195e+00  2.6109776275e-01 -1.3388552651e+00  1.6661173935e+00 -6.1514307367e-02 -1.3306359821e+00  7.9196866203e+00 -2.6682536928e+00 -9.7397749995e-01  7.3871851717e+00 -3.1521372745e+00  3.2590651445e-02  3.0659047972e+00 -1.7378063828e+00 -2.0483190590e+00  8.9877572573e+00 -3.0277151621e+00 -1.4561196342e+00  5.3901485605e+00  1.2406775961e+00 -3.4524178476e+00  5.5022609099e+00 -1.7064530689e+00 -2.9561935990e-01  7.6561752019e+00  4.5342024823e-01 -4.1400420198e+00 -1.1915687534e-01 -1.0620594191e+00 -8.1754519564e-01  7.6538419758e-01 -1.7192527757e+00 -2.2138748722e+00 -1.5838498331e-01 -2.0264468083e-01 -2.3787366539e+00  1.4585833394e+00  2.0632742466e+00 -1.4081754307e+00  2.2637903288e+00  1.4159346525e+00  5.2150382766e-02  5.2457390095e-01  1.2282191291e+00 -1.5830776580e-01  3.8016348682e+00  1.2405510699e+00 -1.5252277797e+00
ENERGY -7.556033573515e+02
GRADIENT -1.7702455970e-03 -2.8926416654e-03 -2.4959987271e-03 -5.7074529805e-05 -4.5209594718e-05  4.9690365516e-05  1.2993645431e-05 -3.0913002352e-06  1.0764509537e-05  2.4620053082e-03  5.2308744535e-03  2.1890129572e-03 -4.8307041793e-05  2.0919183533e-05 -1.7713448800e-04 -5.6593801259e-04  1.7772709574e-03 -3.4829686136e-03  9.8805512441e-05 -3.2163443626e-05 -3.5906858224e-05 -9.0613070228e-06  1.3344414954e-06 -1.4008724593e-06  2.1213119693e-05 -5.8135072216e-05  2.8033996708e-06 -2.5673676181e-04 -4.2671349528e-03  3.6907532316e-03 -6.3382328566e-06  1.5314486456e-04  5.5330316042e-05  1.6369959771e-04  3.1633139080e-04  2.4193259249e-04 -3.3402558265e-05 -1.1493697630e-04 -7.8621388908e-05 -4.5063190960e-05 -4.5147742096e-05  2.8458488464e-05 -1.1892638022e-04 -9.8534953897e-05 -8.8684696163e-05 -4.7881571597e-06 -7.7251872882e-06  5.4320716379e-06 -1.3124622039e-05  7.0313047846e-06  5.2564559961e-06  5.2057777482e-06 -1.3934830633e-05  2.8122805107e-06  2.5362011108e-06  2.2749478935e-06  5.2847360057e-06  1.9657078126e-06 -1.8974907600e-05 -4.4252565826e-06  8.7258630169e-06  5.2758166615e-06  1.6434262181e-06 -2.1169348544e-05 -5.0690199833e-06  1.9658798587e-07 -1.2136904110e-05  2.1365714083e-05  7.5909668193e-06  3.9108915738e-06  1.1710640071e-05  3.3105856625e-05  9.7402569078e-05  8.8470255221e-06  5.0722487177e-05

JOB 19
COORDS  5.9591077909e+00  5.6287832518e-01 -2.8316141729e+00  5.8896262581e+00 -1.2367138328e+00 -1.2392673764e+00  7.2471783574e+00  1.4658232005e-01 -3.1784189031e+00  5.2679799537e+00 -1.2617124877e-01 -1.8268632788e+00  7.1647342001e+00 -1.5502480620e+00 -1.6924567977e+00  2.8918884598e+00 -6.3858936664e-01 -1.5565010662e+00  4.6789740380e-01 -8.8190281336e-01 -1.5540440391e+00  1.4703952210e+00  1.2831622011e+00 -8.3466802984e-01  7.8532934545e+00 -9.0675165293e-01 -2.6212449102e+00  3.9756106125e+00  2.7161908212e-01 -1.4290473993e+00  1.6630672278e+00 -8.1457903685e-02 -1.3069959204e+00  7.8594242346e+00 -2.7289263759e+00 -1.0743743362e+00  7.2648488051e+00 -3.2962295204e+00 -1.4973028818e-01  3.0699753008e+00 -1.8185213432e+00 -1.8391307606e+00  8.9576476787e+00 -3.0484316849e+00 -1.5157394297e+00  5.5077091046e+00  1.4116579181e+00 -3.3391091560e+00  5.4052286022e+00 -1.8273525030e+00 -4.7461526348e-01  7.8068297771e+00  6.7390505209e-01 -3.9482487960e+00 -9.2764304758e-02 -1.0311260018e+00 -6.2366358010e-01  7.6908098048e-01 -1.8517575165e+00 -1.9457240320e+00 -1.8260496480e-01 -3.8160485437e-01 -2.2814355136e+00  1.4309857270e+00  2.0136932669e+00 -1.6566146023e+00  2.2573788997e+00  1.5696603699e+00 -1.3281703454e-01  5.1968425784e-01  1.3380966688e+00 -2.9883438535e-01  3.7567855247e+00  1.2252541027e+00 -1.6938122792e+00
ENERGY -7.556057777756e+02
GRADIENT -1.3447668413e-03 -2.5077210452e-03 -2.4889679812e-03  1.5954242866e-04  4.9989187737e-05 -1.3852873032e-04  1.0922493815e-04  1.9305706771e-04 -2.1341670412e-04  1.6316950977e-03  4.1209930955e-03  2.4535228097e-03 -4.7371134553e-05 -1.5180916656e-04  2.2025750290e-04 -7.1676248626e-04  1.2761048320e-03 -3.5833294585e-03  1.0902570166e-04 -4.8637226729e-05 -4.0993453573e-05 -1.1530456763e-05  1.2089648741e-05  4.9591910566e-05 -1.2021391331e-04  3.0460469448e-05  2.8293055751e-06  2.9474987287e-04 -3.0836107242e-03  3.6035695422e-03  2.5751838114e-05  1.4778742800e-04  5.3920959319e-05  5.4989273422e-05 -1.5439145939e-04 -5.0979150942e-05 -9.2878362853e-05  9.7846780358e-05  4.2900992734e-06 -1.8500267512e-05 -3.3558518472e-05  1.2474482454e-04  8.3315807692e-05  7.6426378323e-06  1.2303037100e-05  2.4424737349e-05 -2.6169481112e-05  1.4892020724e-05  1.0308141530e-05 -5.7189348497e-06 -5.7619042125e-06  8.7960435692e-06  1.6824655894e-05 -1.8854851167e-05  5.0099353735e-06 -1.3491568064e-06 -5.1254327669e-07  5.2027824768e-06 -1.7668646888e-05 -1.2437453949e-05  2.3939180178e-05  1.7101979050e-05  2.1763339323e-06 -2.8933839441e-05 -3.7757159858e-06 -6.9220406626e-06  1.4510488734e-05  2.0015594024e-05 -2.7760339420e-05  1.7016803719e-05  1.2555146328e-05  4.3575772494e-05 -1.4388436279e-04 -2.3599926943e-05  6.1126442401e-05

JOB 20
COORDS  5.9886472818e+00  6.6496941689e-01 -2.7627141951e+00  5.8422306683e+00 -1.2759307540e+00 -1.3483011698e+00  7.2970673816e+00  2.8849990251e-01 -3.0698768792e+00  5.2401945680e+00 -1.2159825989e-01 -1.8739918301e+00  7.1450964998e+00 -1.5359495143e+00 -1.7541686203e+00  2.8659506216e+00 -6.6440375314e-01 -1.4914226776e+00  4.4710675386e-01 -9.2819967829e-01 -1.3545154277e+00  1.4486837501e+00  1.3236987469e+00 -9.7021035768e-01  7.8817107515e+00 -8.0997359883e-01 -2.5794006517e+00  3.9372533552e+00  2.6185581939e-01 -1.5235037157e+00  1.6395046694e+00 -9.0444498626e-02 -1.2652457866e+00  7.8153063513e+00 -2.7632202894e+00 -1.2058934901e+00  7.2045640352e+00 -3.3799182544e+00 -3.2471107715e-01  3.0460388418e+00 -1.8691527128e+00 -1.6352227543e+00  8.9117868133e+00 -3.0719317634e+00 -1.6596082465e+00  5.5629595597e+00  1.5587388340e+00 -3.2123518279e+00  5.3243330284e+00 -1.9384323169e+00 -6.7078734229e-01  7.8954492871e+00  8.9053454750e-01 -3.7506333922e+00 -7.6358330771e-02 -9.5378297848e-01 -3.9155779002e-01  7.4793461776e-01 -1.9395536165e+00 -1.6214406727e+00 -2.3667002108e-01 -5.3918051967e-01 -2.1183631334e+00  1.4429263520e+00  1.9488108643e+00 -1.8757994193e+00  2.2150988745e+00  1.6905173692e+00 -2.8178267784e-01  4.8197092962e-01  1.4508680922e+00 -4.7841071143e-01  3.6963307355e+00  1.1975859245e+00 -1.8259584073e+00
ENERGY -7.556076558255e+02
GRADIENT -8.8048746494e-04 -1.4217159525e-03 -1.9505744189e-03 -5.4430578829e-05 -5.7357858038e-05 -2.9970100446e-05  6.3935626241e-05  1.3170263459e-04 -1.2166837986e-04  1.0052776217e-03  2.2393089961e-03  1.8166763863e-03 -5.5801469194e-05 -2.4069964077e-05  2.4129744535e-05 -5.7148303083e-04  5.5209433640e-04 -2.5617927331e-03  2.5439200409e-05 -3.3520791602e-05  2.5815299538e-05 -2.7431797845e-05  5.2813828487e-06  2.6407785168e-05 -3.8051082307e-05  3.7282457748e-06  2.0358585789e-05  5.3612073776e-04 -1.6275911626e-03  2.6743193988e-03 -2.9143110964e-05  1.0719265619e-04 -1.8526120869e-05 -5.8912557442e-05 -6.6120073873e-06  1.8577458018e-05  2.2909702487e-05 -3.2666421320e-05  1.9504762932e-05  1.9641294063e-04  7.4370981234e-05  5.3132743516e-05 -2.7070816646e-05 -4.4937742498e-06  4.9518103131e-06  1.9119862790e-05 -1.2615460459e-05 -1.0298914708e-05 -4.6247503436e-05 -3.6464203389e-05  1.4583490013e-05 -4.7874047668e-06  6.3130884026e-06 -1.2204702507e-05  1.1891486201e-06  2.5830407862e-06  9.5348531494e-07 -1.4489376196e-05  5.7222376413e-06 -3.5611862324e-06  5.9656773703e-06  1.4595448866e-05  1.3448691545e-06  5.8739480813e-06  3.6116683266e-06 -1.2459107262e-06 -9.3607504173e-06  1.9827360965e-06  5.4633870640e-06 -4.2208380905e-06  1.7209860227e-05 -7.8003036952e-06 -1.6630784938e-04 -4.2071539135e-05  3.6644333549e-05

JOB 21
COORDS  6.0295051438e+00  7.2482372247e-01 -2.6675916924e+00  5.8141822076e+00 -1.3296449659e+00 -1.4310012213e+00  7.3613766908e+00  3.9060408606e-01 -2.9069368778e+00  5.2272212383e+00 -1.4530407184e-01 -1.9092055537e+00  7.1495424809e+00 -1.5336164681e+00 -1.7574062999e+00  2.8453612124e+00 -6.9587319494e-01 -1.4541688126e+00  4.3304176896e-01 -9.4432319347e-01 -1.2119592873e+00  1.4339330894e+00  1.3389910943e+00 -1.1227173487e+00  7.9322133512e+00 -7.3631722466e-01 -2.4648501510e+00  3.9056347437e+00  2.1807355594e-01 -1.6352000103e+00  1.6230931655e+00 -9.9475634395e-02 -1.2585263183e+00  7.8024647601e+00 -2.7918694823e+00 -1.2584331566e+00  7.1541773888e+00 -3.4719817965e+00 -4.5441264031e-01  3.0203307193e+00 -1.9105583365e+00 -1.4640850710e+00  8.9244354824e+00 -3.0606496410e+00 -1.6739453713e+00  5.6246530676e+00  1.6510589846e+00 -3.0685973874e+00  5.2614213657e+00 -2.0534399683e+00 -8.5202149524e-01  7.9962559604e+00  1.0561074796e+00 -3.4882508936e+00 -5.8385685941e-02 -8.6148775209e-01 -2.3545114653e-01  7.3080918002e-01 -1.9788446383e+00 -1.3719308121e+00 -2.7738413215e-01 -6.4633819012e-01 -1.9921524397e+00  1.4296017386e+00  1.8601649272e+00 -2.0917985273e+00  2.1983254294e+00  1.7810451392e+00 -4.7666565502e-01  4.6678565584e-01  1.5207460685e+00 -6.4984995157e-01  3.6559930809e+00  1.1419389571e+00 -1.9624627049e+00
ENERGY -7.556088083559e+02
GRADIENT -5.2346231000e-04 -3.1369902665e-04 -1.2841531957e-03 -1.8932966707e-04 -1.4748015242e-04  1.1256489694e-04 -1.5097142389e-04 -2.9290620682e-04  2.2123771587e-04  6.8652495870e-04  8.1801635153e-04  9.0837889854e-04  8.7321963056e-05  3.0888775660e-04 -1.6149470580e-04 -2.7868657917e-04 -2.0914955952e-05 -1.0977262635e-03  5.1662287916e-05 -2.1530676896e-05 -3.7859542683e-05  3.7566623309e-06  3.4945618075e-05  1.5083974083e-05  1.7011331386e-04 -8.0350633514e-05 -3.5039649467e-05  4.1089388203e-04 -3.5513614252e-04  1.5609735669e-03  1.5984123129e-05  8.7230825532e-05 -7.8948552293e-05 -2.2046165474e-04  1.6556695018e-05 -1.4402362241e-04  1.5157474514e-04 -1.0733317378e-04  4.8902604047e-05  4.0281652476e-06  9.8678776754e-06 -1.1655987020e-04 -5.9641535327e-05  5.7054637418e-05  7.4357435032e-05 -1.4249727688e-05  4.0825738961e-05 -1.3458836417e-05 -3.5557327033e-05 -2.4877433325e-05  2.5758389152e-06 -7.2957587554e-06 -3.8259637734e-05  1.5309998036e-05  1.5803492160e-05  1.2046184988e-06  2.7792983895e-06  1.0592103261e-06 -9.0730960863e-06 -4.4703218247e-06 -2.4677701111e-06  7.5564003250e-06  5.0211627789e-06 -6.0643707426e-06  1.0153137332e-05  7.2664315789e-06  1.2937570533e-05 -6.0529064531e-06 -1.2819614768e-05  5.9638446437e-06 -1.7168567597e-06  8.0509506296e-06 -8.9445341593e-05 -1.1441598458e-05 -4.5605890859e-05

JOB 22
COORDS  6.1275153019e+00  7.4330050364e-01 -2.5736244783e+00  5.8264253843e+00 -1.4263552801e+00 -1.5719587232e+00  7.4627156209e+00  4.1291274373e-01 -2.7898768346e+00  5.2764528341e+00 -1.8784543638e-01 -1.9487853104e+00  7.1738381665e+00 -1.6152651137e+00 -1.8582861530e+00  2.8868989134e+00 -6.7702991107e-01 -1.3925460610e+00  4.8762030156e-01 -8.5334537968e-01 -1.0004069489e+00  1.5024546528e+00  1.4024569694e+00 -1.3532624688e+00  7.9993776232e+00 -7.6363098656e-01 -2.4414234111e+00  3.9505215583e+00  1.8155257463e-01 -1.7215357617e+00  1.6729465126e+00 -4.2690433707e-02 -1.2681745062e+00  7.7862619424e+00 -2.9332254704e+00 -1.4694506718e+00  7.0653340792e+00 -3.7149541834e+00 -8.3887506636e-01  3.0439459890e+00 -1.8842736175e+00 -1.2307167757e+00  8.9482873101e+00 -3.1464504685e+00 -1.7984264657e+00  5.7553827740e+00  1.7153468145e+00 -2.8890654751e+00  5.2361335738e+00 -2.1950993547e+00 -1.0982909353e+00  8.1314619963e+00  1.1247287505e+00 -3.2694815969e+00  5.8087732831e-02 -5.9857567954e-01 -2.4273364865e-02  7.7527947410e-01 -1.9028866300e+00 -9.9741885040e-01 -2.6944246070e-01 -6.8820167893e-01 -1.7756204981e+00  1.6169178975e+00  1.7807618919e+00 -2.3794133125e+00  2.1964895927e+00  1.9332768841e+00 -6.9146764825e-01  4.9187459888e-01  1.6537529136e+00 -1.0283144632e+00  3.7215118400e+00  1.1182560426e+00 -2.0229005233e+00
ENERGY -7.556093814459e+02
GRADIENT -2.7541116998e-04 -6.2508984678e-05 -6.4264911275e-04 -3.0530234184e-04 -3.0555719220e-04  2.3052494305e-04 -2.2213289374e-05 -1.3749598685e-05  9.6014333037e-06  5.1478927557e-04  2.3476232243e-04  4.4472930470e-04 -6.2553791326e-05  3.1015703394e-04 -6.9275877755e-05 -1.1604659170e-04 -1.9096908398e-04 -4.9126701280e-04  4.4845442709e-05 -1.3249455837e-05  7.3520031846e-05  5.2834149683e-05  3.4451621868e-05  1.5948522690e-04  9.1795513745e-05 -7.2917948824e-05  2.0407511784e-05  1.3925560913e-04 -4.4535818828e-05  7.3258369237e-04 -4.7630905024e-05  2.2942756983e-05 -3.8677354691e-04 -1.0371233208e-04 -5.8458116157e-05 -1.0223990875e-04  3.1956862374e-05  4.1194114103e-05  4.5554983263e-05  2.3971131492e-05 -1.2181582663e-05 -7.5792208612e-06 -5.2178828664e-07  7.7650750185e-05  4.0219083512e-05  1.3965483553e-05  2.7683911592e-05 -2.1321310020e-05 -5.7084556871e-06 -4.5204110902e-05  1.5924074580e-05 -8.0720602038e-06 -5.8048640385e-08  6.2905223974e-06  2.5066600169e-06 -7.0003940493e-06 -2.1782908696e-06  7.5796046392e-06 -6.1947623407e-06  6.1619759563e-06  1.1427355459e-05 -1.5610836396e-06 -4.6599681954e-06 -9.2120526779e-06 -9.0404722903e-07 -6.1488607858e-06  1.5722188752e-05 -7.8451772449e-06 -2.0905073304e-05 -2.5384536149e-06 -4.2525307527e-06 -1.8296149796e-05  7.5856414108e-05  3.8798998064e-05 -6.1747307996e-06

JOB 23
COORDS  6.2006219035e+00  7.3140997054e-01 -2.4161332273e+00  5.8423118758e+00 -1.5325681579e+00 -1.6784105985e+00  7.5460210720e+00  4.1890761533e-01 -2.5887261845e+00  5.3128652336e+00 -2.5780511762e-01 -1.9504192026e+00  7.2057051790e+00 -1.6956322142e+00 -1.8984817924e+00  2.9273258295e+00 -7.3062462954e-01 -1.3406757610e+00  5.4996294027e-01 -8.7072042492e-01 -8.1793279134e-01  1.5015031925e+00  1.3068996367e+00 -1.5910288547e+00  8.0636917955e+00 -7.9009865794e-01 -2.3348745429e+00  3.9730203440e+00  9.1692806002e-02 -1.7885593256e+00  1.7081514731e+00 -9.7724487158e-02 -1.2604065688e+00  7.7965735807e+00 -3.0499478511e+00 -1.6143674019e+00  7.0253410459e+00 -3.9103856790e+00 -1.1747970440e+00  3.0994849462e+00 -1.9118281602e+00 -1.0499722120e+00  8.9919358664e+00 -3.2132742575e+00 -1.8347434017e+00  5.8481667483e+00  1.7351262125e+00 -2.6424850748e+00  5.2254704826e+00 -2.3412067596e+00 -1.3187876615e+00  8.2410584901e+00  1.1751894764e+00 -2.9478012117e+00  1.2377687630e-01 -4.3535099155e-01  9.3433539035e-02  8.6932161961e-01 -1.8899601429e+00 -6.0987389424e-01 -2.2049373108e-01 -8.8769822757e-01 -1.5976421172e+00  1.7164602611e+00  1.5223725205e+00 -2.6463834953e+00  2.0973484299e+00  1.9745613950e+00 -9.5485572080e-01  4.5310062532e-01  1.5537947174e+00 -1.4207222756e+00  3.7586897258e+00  1.0506767530e+00 -2.0206910136e+00
ENERGY -7.556095468108e+02
GRADIENT -3.0275807152e-05  3.3649840647e-05  2.8878395813e-05  1.0809231060e-05  7.1663887289e-06 -1.3468739808e-05  2.6795050982e-05 -5.3745107634e-05  1.9370301791e-05 -2.0595503593e-06  4.6767532707e-05  1.3683023579e-05  2.8640263499e-05 -1.7713534701e-04  2.6706545812e-05 -1.7544473045e-05 -1.3663873643e-05  2.9138024324e-05  1.3538998098e-05  6.6360977954e-06 -3.7565357723e-06 -3.1969951216e-06  6.9498006605e-05  5.5323410930e-05 -9.4599794294e-06  5.2969552768e-05 -3.0585928313e-05  1.0578070046e-05 -6.8855208944e-05 -1.9003012303e-04  5.8379703989e-05 -8.6523262445e-05 -2.5700154820e-05  2.2084429492e-06  1.1981353259e-04  4.0190498656e-05 -4.0118332855e-05  7.5048220946e-06 -3.3477964450e-05  1.5072331686e-06  5.5666938867e-05  2.8718662961e-05  2.7275038434e-05 -1.6786666245e-05 -3.6569035107e-05  6.9761710175e-06  2.3820345257e-06  5.2757354789e-07  1.2278860823e-05  1.8680820383e-06 -4.5319199280e-06  1.2545703970e-07  4.6229791384e-06 -3.5794504731e-06 -2.0313186662e-05 -7.3092218068e-07  6.4602349831e-06 -1.1280951680e-05  9.7634910448e-06  1.6926921896e-05 -4.3424261523e-06 -3.8079935157e-06 -2.5340701576e-06  2.1545246361e-06  2.1915813640e-05 -1.3022258312e-05 -7.6402708008e-06  9.8720340131e-06 -1.2691160335e-05  4.0312543814e-05 -6.5882203308e-06 -3.3961265384e-06  4.0550935339e-06  1.8808590881e-05  5.8784812099e-05

