JOB 0
COORDS  3.5940599564e-01 -4.3696166346e-01  7.4206622475e-01  1.6980456794e+00 -5.8414615518e-01  2.7420934109e+00 -5.0901765822e-01 -1.3337618307e+00  1.3495897317e+00  1.5073183292e+00 -4.9191172065e-02  1.4658099181e+00  7.4568895462e-01 -1.4855300271e+00  3.2414641619e+00  2.3733766042e+00  1.6849969260e+00 -1.2836753970e-01  4.8414776800e-01 -3.2922603542e+00  6.4091078623e+00  3.5932048540e+00  3.2867019372e+00 -1.5158185628e+00  6.6545542363e-03 -2.8996935030e+00  5.0220387092e+00 -3.4185552822e-01 -1.8652495403e+00  2.5754819214e+00  2.4854247697e+00  8.2302333120e-01  9.6641591517e-01  3.5053989748e+00  2.4626966546e+00 -3.1258689123e-01  1.3811000789e+00  1.7731751818e+00 -8.4193451906e-01  9.8045039830e-01 -1.9788637787e+00  4.4841878102e+00  1.5667730797e-01 -3.6921621225e-02 -2.4049587554e-01  2.5573000611e+00 -3.2651926967e-01  3.3554736267e+00 -1.4048611528e+00 -1.6515064038e+00  8.1855051023e-01  1.4642437976e+00 -3.7768066666e+00  6.3629017989e+00  5.6268409076e-01 -2.4147924675e+00  7.0582244116e+00 -2.2636807733e-01 -3.9928519559e+00  6.8601540267e+00  3.7217775715e+00  2.6879278110e+00 -2.4260274296e+00  4.4370595924e+00  3.9724551988e+00 -1.4090630669e+00  2.6755307126e+00  3.8669319339e+00 -1.6161801877e+00 -9.7268303775e-01 -2.4122684308e+00  5.0507320726e+00 -7.5019306582e-02 -3.7660834715e+00  4.3584354209e+00  3.2416305827e+00  1.0183866159e+00  1.6107193033e+00  4.3802444350e+00  2.0805073454e+00  2.5176368373e-02
ENERGY -6.656410028553e+02
GRADIENT  2.2091601962e-05 -1.3088268719e-04  1.9881080901e-04 -3.8745286866e-04  3.6239382660e-04  1.1859307256e-04 -1.2856836471e-04 -3.1522458578e-05 -1.3689022620e-04  4.6491761395e-04 -2.4413894270e-04 -3.2598928260e-05 -5.7091090641e-05  3.7631919109e-05  1.3059797272e-04  2.9335756100e-05  5.3900097954e-04  4.5527395319e-04 -2.2954221643e-06 -3.9343426516e-06  3.5177531701e-06 -5.0645779847e-05 -3.9341675060e-05  1.5319998210e-05 -2.8706918671e-06 -6.0097917082e-06  1.6462100602e-05  6.2471770084e-05  4.4397593163e-05 -4.0838013422e-06 -7.8532084557e-06 -7.4404029827e-04 -6.5071588536e-04 -1.2523429344e-05  1.3029087886e-04 -2.0816007865e-04  1.2259888053e-04  4.8405078167e-05  7.5052828906e-05  1.3701615155e-05 -3.7165593363e-05  5.9576344123e-06 -6.8268464217e-06  3.1919983695e-07  3.3328539562e-05 -3.0020471803e-05  1.0924286075e-05 -8.1027457612e-07 -1.7838650829e-05 -1.4362065586e-05  5.2183139440e-07 -4.2840442540e-06 -6.1188162674e-06  4.8697955177e-06  2.5954178553e-06  7.1823100123e-08  2.0014607867e-06 -3.8617565731e-06  2.0495423933e-06  7.5628321925e-06 -8.6099206675e-06 -4.8824122599e-06 -4.1060668965e-06 -1.3131384514e-05 -1.5839589781e-06 -1.2238044889e-05 -1.2177373973e-05  1.3376749360e-05  5.3313381425e-07  7.3045275294e-08 -4.8870788508e-06 -7.0190815757e-08  1.0841784791e-08 -6.0866794966e-06  6.6896170185e-06 -6.0419974601e-05 -1.3725784130e-06  4.2072054655e-05 -3.4631790545e-05  2.4606459953e-05  2.1261025327e-05

JOB 1
COORDS  4.3311586961e-01 -5.5766923379e-01  6.6594374288e-01  1.7590464522e+00 -6.7259319056e-01  2.6753721501e+00 -4.6399270197e-01 -1.4074521886e+00  1.2976364621e+00  1.5890560617e+00 -1.8045106624e-01  1.3808003054e+00  7.8178146661e-01 -1.5345583132e+00  3.1988143531e+00  2.3880744001e+00  1.6606744217e+00 -1.0329137099e-01  4.4954493159e-01 -3.2126122041e+00  6.4297232277e+00  3.5217219897e+00  3.3914786287e+00 -1.4074413087e+00 -7.5605052603e-03 -2.8601172548e+00  5.0251635258e+00 -3.1316394287e-01 -1.9044484377e+00  2.5406121628e+00  2.5917752388e+00  6.4135072864e-01  8.3791824555e-01  3.5309441425e+00  2.4109298087e+00 -3.2446354932e-01  1.3210444585e+00  1.8819873188e+00 -6.6167081852e-01  9.9769919250e-01 -1.9919373187e+00  4.4584574465e+00  2.4284450065e-01 -1.8277643932e-01 -3.2954123547e-01  2.6198021779e+00 -4.1247214567e-01  3.2854167515e+00 -1.3675300650e+00 -1.7166481507e+00  7.7482991707e-01  1.4149130710e+00 -3.7275294186e+00  6.4093025307e+00  5.5050126674e-01 -2.3132503810e+00  7.0448743237e+00 -2.8441354479e-01 -3.8736351565e+00  6.9024098262e+00  3.5178240931e+00  2.9214686286e+00 -2.3987560813e+00  4.4039192160e+00  4.0287430155e+00 -1.3104171238e+00  2.6271800747e+00  4.0085183574e+00 -1.3189489070e+00 -9.7117128490e-01 -2.3414974735e+00  5.0280391107e+00 -1.1270546157e-01 -3.7488097001e+00  4.3951828847e+00  3.3897088438e+00  7.7392597692e-01  1.4479950950e+00  4.4155281476e+00  1.9479317902e+00 -1.5450839665e-01
ENERGY -6.656403606224e+02
GRADIENT -1.2543208743e-05 -7.9809261980e-05  2.4558691300e-04 -9.6922466668e-04  1.1397568123e-03  3.6820305165e-04 -8.9767420245e-05  1.5538664572e-06 -9.5702363665e-05  1.1932997107e-03 -1.0117124552e-03 -3.0641758219e-04  2.4472524418e-05 -7.6614108996e-05  1.9152542898e-04 -2.2434536034e-04  1.1466827991e-03  1.1529063439e-03 -5.0752512607e-06  2.1467160582e-06  2.9403617593e-06 -6.8340968445e-05 -3.1990486420e-05  1.0720985124e-05  9.5589968842e-06 -6.2479328012e-06  1.4508072166e-05  7.3402389036e-05  5.0161555964e-05 -3.9453774196e-05  5.9422402359e-05 -1.0705593883e-03 -1.6830877772e-03  9.3675935946e-05 -8.7022142786e-05  4.6042155899e-05 -5.4975080645e-05 -1.5423177505e-05 -3.7987073622e-06 -1.9840677805e-05 -1.4714253879e-05  6.9877413516e-05  1.9263391182e-05  1.0888743618e-05  2.6449795804e-05 -4.3528502260e-05 -3.9940117084e-06 -2.4842647737e-05 -1.3720057069e-05 -1.0071546077e-05 -1.6030707942e-06 -2.3070377175e-06  3.6193614436e-06  3.1089976774e-06 -2.7547430471e-06  4.3356628832e-06  2.0075581042e-06 -2.2672094289e-06  3.7107284143e-06  3.8106810886e-06 -4.5269784631e-06 -4.5607615452e-06  1.1960597464e-06 -2.1969723770e-06 -7.7781814455e-06  6.1765339038e-06 -5.6676984918e-06  2.4574056785e-06 -6.4245164007e-07 -2.3999793103e-06 -7.8989338360e-07  3.9471688293e-06 -2.1993713397e-06  4.6385173150e-06  2.8606959212e-06 -1.6006027168e-05  6.0610589805e-05 -1.2657813538e-05  1.7346205881e-05  2.6392449409e-05  2.6553884657e-05

JOB 2
COORDS  4.8244196065e-01 -6.7601669586e-01  5.8871200018e-01  1.8005714159e+00 -7.3448802910e-01  2.6059507371e+00 -4.3953019866e-01 -1.4737650783e+00  1.2506123281e+00  1.6451748645e+00 -3.0144030161e-01  1.2908949800e+00  8.0195531842e-01 -1.5542621659e+00  3.1599104560e+00  2.3940626623e+00  1.6358389757e+00 -6.0542018715e-02  4.1904559824e-01 -3.0857535809e+00  6.4570864200e+00  3.4537969041e+00  3.4856960270e+00 -1.2602481332e+00 -2.6466232019e-02 -2.7796111289e+00  5.0380441650e+00 -2.9971529572e-01 -1.9229564562e+00  2.5135148819e+00  2.6581344686e+00  4.7939553099e-01  6.9613777815e-01  3.5394988814e+00  2.3663275485e+00 -3.2520936080e-01  1.2789135607e+00  1.9685820706e+00 -4.3854989298e-01  1.0036523861e+00 -1.9648162672e+00  4.4376095872e+00  3.0665099640e-01 -3.3915367217e-01 -4.2399278405e-01  2.6629175037e+00 -4.6236310140e-01  3.2082486847e+00 -1.3507352200e+00 -1.7812727594e+00  7.4050713701e-01  1.3692866786e+00 -3.6284488307e+00  6.4602385686e+00  5.4518000041e-01 -2.1646219134e+00  7.0341651835e+00 -3.3396757353e-01 -3.7051365371e+00  6.9554712930e+00  3.3003316952e+00  3.1564821193e+00 -2.2954753044e+00  4.3767869777e+00  4.0669325448e+00 -1.1964554437e+00  2.6144912781e+00  4.1211387590e+00 -9.7630296827e-01 -9.7480323303e-01 -2.2339135140e+00  5.0168842606e+00 -1.5622751810e-01 -3.6905230867e+00  4.4455174919e+00  3.5030984201e+00  5.3273330228e-01  1.2540435170e+00  4.4100548540e+00  1.8486441724e+00 -3.3235474258e-01
ENERGY -6.656391145223e+02
GRADIENT -3.4397476926e-05  2.2022909527e-05 -2.6362316582e-05 -1.1400035200e-03  2.1710666014e-03  8.3982933119e-04 -4.0076856027e-05 -1.2075841159e-05 -2.9812437829e-05  1.8517520439e-03 -2.4557434461e-03 -8.2400755250e-05  3.6526012862e-05  4.0283287518e-05  5.3416385943e-05  1.4455707825e-04  1.4167082894e-03  2.2390026729e-03  6.4982991230e-07  2.5939186865e-06 -7.4577694194e-08 -2.7282183672e-06 -1.0037269256e-05 -6.7794374520e-06  6.0984797826e-06 -8.2352818470e-06  7.3965393760e-06  6.1376749459e-06  1.9165637601e-05 -5.8021656014e-05 -8.0919063149e-04 -1.0702493026e-03 -2.9720698578e-03 -1.1792391333e-05 -3.0998730198e-06 -2.1526885271e-05  2.9313851647e-05 -6.4908294169e-08 -2.3584931191e-05  1.1072976290e-05  5.1411840768e-06  1.5059073306e-05 -3.2395446132e-06 -1.8844966596e-06  1.1839926799e-05  2.5340112933e-06  9.2176229859e-07  2.6471465998e-06 -3.1431367312e-06  7.2597023818e-06 -1.0829465704e-05 -1.3413611226e-07  2.4274486482e-06  8.7841637878e-08  1.5251154474e-06  3.7005589250e-06 -6.5406915797e-09 -5.8472571911e-07  4.8401881745e-06  5.2556125825e-08 -6.8851613585e-06  4.3223097642e-06 -1.1514482773e-06  8.5177006373e-06 -8.9473234123e-06 -9.2899270197e-06  1.0669942794e-05  1.2516485555e-05  5.6708444337e-06  1.6223054400e-06  3.9947007751e-06  2.2917190080e-06 -4.8008599004e-06  6.5232767526e-06  3.5154691688e-06 -6.9627291799e-06 -1.0571843239e-04  1.9228672837e-05  1.1438970764e-05  1.8737342550e-05  1.6123669941e-05

JOB 3
COORDS  5.2189843495e-01 -8.1297789012e-01  5.0966747170e-01  1.8393960105e+00 -7.9580605414e-01  2.5266506320e+00 -4.1159995084e-01 -1.5700721490e+00  1.2021943735e+00  1.6885156884e+00 -4.2563728624e-01  1.1941882589e+00  8.3250634708e-01 -1.5843622670e+00  3.1138461961e+00  2.4037554439e+00  1.6053420606e+00  5.5587556718e-03  4.2607812773e-01 -2.9626973008e+00  6.4748916332e+00  3.4094577400e+00  3.5586986877e+00 -1.0704820066e+00 -1.2738422829e-02 -2.7158998321e+00  5.0423272972e+00 -2.7230844629e-01 -1.9677904801e+00  2.4824290934e+00  2.6933412176e+00  3.3511422600e-01  5.4658479601e-01  3.5474593386e+00  2.3144545286e+00 -3.1722789523e-01  1.2703366175e+00  2.0347499023e+00 -1.5748906548e-01  1.0288134877e+00 -1.9423125760e+00  4.4076108129e+00  3.5506920492e-01 -5.1806008133e-01 -5.1888666110e-01  2.7018765463e+00 -5.0002380297e-01  3.1170724083e+00 -1.3276487568e+00 -1.8880826758e+00  7.0764482726e-01  1.3693680396e+00 -3.5165353143e+00  6.5052491736e+00  5.6250888025e-01 -2.0179119030e+00  7.0097929790e+00 -3.3575456721e-01 -3.5493268307e+00  6.9988436507e+00  3.1098622712e+00  3.3874521315e+00 -2.1119696962e+00  4.3641794732e+00  4.0897614681e+00 -1.0493878101e+00  2.6486657140e+00  4.1776732198e+00 -5.9422217740e-01 -9.5390042932e-01 -2.1596467923e+00  4.9938222825e+00 -1.5279116966e-01 -3.6511002204e+00  4.4913976352e+00  3.5868775640e+00  2.9904810936e-01  1.0261137431e+00  4.3705414402e+00  1.7608332078e+00 -5.2263155148e-01
ENERGY -6.656372543753e+02
GRADIENT -1.5469098578e-05 -1.0693885614e-05 -2.4092937489e-05 -1.5799950701e-03  3.0000602758e-03  1.0806257868e-03  3.9618849002e-05  9.7375388100e-07  4.4481711747e-05  2.8351358537e-03 -3.7036854212e-03 -2.7692279859e-05 -2.2992792703e-05 -8.6324922533e-07 -9.1550476303e-05  8.7777244103e-04  1.4085478755e-03  3.0662998282e-03 -2.2483235626e-06  1.6969790481e-06 -1.0305225822e-07 -1.0384691411e-05 -8.3936717126e-06 -2.3887810792e-06 -5.1797479408e-06 -2.2333857714e-06 -8.1916462682e-06 -2.9567659488e-05 -2.5211972724e-05  4.1636461915e-05 -2.1585503591e-03 -7.1994139418e-04 -3.9766707067e-03  4.3974146212e-05 -3.7907947548e-05  3.3099990660e-05 -5.8792849106e-05  4.1809766649e-07 -4.8970728668e-06 -8.4792313488e-06  1.5313744906e-05 -2.3082072269e-05  1.2681482309e-06 -2.8803350922e-06 -8.9413724742e-06  9.1121696497e-06  4.3436887272e-06  2.4672947360e-06  4.7772998124e-06 -5.7427952696e-06  6.8594811183e-06 -3.2516993081e-06  1.7443171415e-06  2.1217779731e-06 -3.0861331936e-06  3.0793080723e-06 -2.4310559666e-07 -4.0225659317e-06  3.5874743104e-06  9.8519359842e-07 -4.1124674393e-06 -4.8726671336e-06 -2.3768861863e-06  3.4614569975e-06 -9.2378480405e-06 -2.9237241403e-06  2.0016227486e-06 -1.4960993270e-06 -4.9061980174e-06 -4.0409992469e-06  2.1692756088e-06  2.2395556617e-07 -6.9898599105e-07  7.7886841280e-07 -1.4036290130e-06  5.6630987405e-05  3.9806871349e-05 -1.0602448242e-04  1.1764889762e-05  1.5902019336e-06 -4.2809007562e-06

JOB 4
COORDS  5.2525302025e-01 -9.5715707453e-01  4.1429110694e-01  1.8393102945e+00 -8.3166704590e-01  2.4281133554e+00 -4.0867399892e-01 -1.6828186271e+00  1.1403206756e+00  1.6874324843e+00 -5.3292038222e-01  1.0798062694e+00  8.3498349870e-01 -1.5958330886e+00  3.0530253011e+00  2.4061946112e+00  1.5720988863e+00  6.8877011557e-02  4.2603480401e-01 -2.8012676606e+00  6.4791775912e+00  3.3882438279e+00  3.6083342996e+00 -8.6566199552e-01 -1.2967704639e-02 -2.6269078714e+00  5.0361416255e+00 -2.6657496166e-01 -2.0148766178e+00  2.4383905443e+00  2.6753315040e+00  2.2143733834e-01  3.8281080113e-01  3.5417883339e+00  2.2645645465e+00 -3.1313078994e-01  1.2920793839e+00  2.0723610624e+00  1.2790640428e-01  1.0297806963e+00 -1.8880486392e+00  4.3628031421e+00  3.6480426251e-01 -7.1501032022e-01 -6.2992224644e-01  2.6974645013e+00 -4.9649890206e-01  3.0031188564e+00 -1.3234471020e+00 -2.0288872139e+00  6.6256773649e-01  1.3682904183e+00 -3.3546339022e+00  6.5371494237e+00  5.6451346094e-01 -1.8307307425e+00  6.9651323346e+00 -3.3663290578e-01 -3.3590524825e+00  7.0325512625e+00  2.9363700359e+00  3.6020519791e+00 -1.8654440128e+00  4.3714426128e+00  4.0827459993e+00 -9.1410068847e-01  2.7455609491e+00  4.1909793807e+00 -2.0506439558e-01 -9.5300450620e-01 -2.0718820302e+00  4.9594112092e+00 -1.5462503256e-01 -3.5885531818e+00  4.5332878051e+00  3.6073039497e+00  8.6291924996e-02  7.6262289379e-01  4.2886998197e+00  1.7051850338e+00 -7.0735537274e-01
ENERGY -6.656349905420e+02
GRADIENT  1.0973136367e-05  2.1292623870e-05 -2.8347474865e-05 -1.7808848527e-03  3.2955145804e-03  9.3796792844e-04 -2.8591539781e-05  1.0579918146e-05 -4.2032463575e-05  3.4186584142e-03 -4.4251712396e-03  2.1011853192e-04  1.3860018638e-05 -3.2269494733e-06  1.3284338979e-05  1.4830465113e-03  1.1200067288e-03  3.3565108198e-03 -2.4459541011e-06  2.6161885054e-06 -3.1172643048e-06 -4.8735405216e-06  2.9895139689e-06 -1.9451521210e-06  2.2031141932e-07  1.2935609721e-06  2.0716044083e-08  1.2886293622e-05  1.6939950056e-05 -1.7812746039e-05 -3.0896554107e-03  8.7471536860e-05 -4.4502017939e-03 -4.3553019479e-05 -4.3820737241e-05 -6.0107454728e-05  3.6979982344e-06 -1.9218862547e-05 -4.5154470630e-05  4.8973187493e-06  1.0506264533e-05  7.5845134086e-06 -7.7795613512e-06  4.3214358687e-06 -1.0126800406e-05 -1.2105503585e-06  2.5414827977e-06  4.1768789069e-06 -1.4184116561e-06  5.5531042889e-06 -1.2011319765e-05 -2.0262039980e-06  3.1818471943e-06 -3.2873521462e-06 -2.0696116083e-06  3.1226106506e-06 -3.4145460738e-06 -2.1599205335e-06  3.3874049520e-06 -3.3495225125e-06 -7.5726909683e-06  6.0651404674e-06  3.1743243542e-06  2.3254714386e-06 -4.9400187670e-06 -1.3559393281e-05  1.1157144890e-05  8.3358696902e-06  6.2656942275e-06 -1.9440783996e-06  4.5654983750e-06 -1.5750627856e-06 -3.9690537150e-06  5.1226165812e-06 -2.9401992909e-06 -2.6252325477e-05 -3.4989819485e-05  4.7215897031e-05  2.4316559908e-05  1.2708408090e-05  2.6560731655e-05

JOB 5
COORDS  5.0867622793e-01 -1.1140996748e+00  3.4190685310e-01  1.8072447189e+00 -8.4073752598e-01  2.3496882604e+00 -4.0156210346e-01 -1.8414226262e+00  1.0981882749e+00  1.6477589416e+00 -6.1253319388e-01  9.8983991390e-01  8.2828004851e-01 -1.6093595195e+00  3.0092813606e+00  2.4105682009e+00  1.5467724698e+00  1.5666141149e-01  4.4441297305e-01 -2.6604258791e+00  6.4884634781e+00  3.4073302792e+00  3.6253753336e+00 -6.6248666129e-01  8.2660252038e-03 -2.5748427020e+00  5.0366395070e+00 -2.5266247499e-01 -2.1010486948e+00  2.4108759015e+00  2.6061934124e+00  1.5264875755e-01  2.4913674327e-01  3.5304863515e+00  2.2119045504e+00 -3.1399877780e-01  1.3646870933e+00  2.1041118464e+00  4.5914633496e-01  1.0257526698e+00 -1.8297293173e+00  4.3319171338e+00  3.4984841872e-01 -9.3146245667e-01 -7.1510789516e-01  2.6492030033e+00 -4.4240826007e-01  2.9074344153e+00 -1.2991242326e+00 -2.2478677527e+00  6.3552233612e-01  1.4070578671e+00 -3.1729538012e+00  6.5780588223e+00  5.4187226844e-01 -1.6624212509e+00  6.9262490807e+00 -2.9960864539e-01 -3.2197060017e+00  7.0652037165e+00  2.8108911200e+00  3.7845002599e+00 -1.5696196445e+00  4.4079045115e+00  4.0400436221e+00 -8.0814668932e-01  2.9219548470e+00  4.1511869373e+00  1.6023547295e-01 -9.5202168163e-01 -2.0613882651e+00  4.9281764998e+00 -9.2422514626e-02 -3.5649524327e+00  4.5813225455e+00  3.5648726381e+00 -9.5919480287e-02  4.7418464040e-01  4.1517801605e+00  1.6648432358e+00 -8.9794778809e-01
ENERGY -6.656328556052e+02
GRADIENT -1.0694614203e-05  7.3810198459e-07 -8.3875709626e-06 -1.6120876373e-03  2.6257140429e-03  6.3807578299e-04  4.1615935618e-05  1.9280126532e-05  3.6264832916e-05  3.1959565949e-03 -3.7658789074e-03  1.8883597115e-04 -3.0309842301e-05  1.2488144616e-06 -4.4273836711e-05  1.6037333126e-03  4.0762231379e-04  2.4399351065e-03 -5.5197497088e-07  1.3089612143e-06 -1.7163446685e-06  9.4464844692e-06 -4.0412414380e-06  1.6227579088e-05 -4.1776910056e-06  6.4911216983e-06 -7.0517750644e-06 -1.7248867795e-05 -1.7634007768e-05  3.9150449607e-05 -3.1245419715e-03  7.9562235405e-04 -3.3454809271e-03 -3.7462079120e-05 -3.2057208038e-05 -2.7679246190e-05 -9.7602475255e-06  1.9299150452e-05  3.0752270936e-05 -7.1832200932e-06 -2.4850265929e-06 -2.0182176441e-05  1.4258528930e-06  7.2553844973e-06 -1.8932786790e-06  2.0172754117e-06  5.8062973600e-06 -3.9118610908e-06  2.5223228447e-06  2.4323986352e-06  8.1229597463e-06 -1.0620430913e-06  1.1460149555e-06 -1.6501874940e-06 -6.3833198616e-07  1.3829474018e-06 -1.5706251569e-06 -1.1255723432e-06  1.5922562713e-06 -1.6589356598e-06 -4.8344579505e-06  8.5168256264e-07  6.2675871851e-06  2.4569423487e-06 -1.3410030975e-06 -6.8607498943e-06  9.6740605854e-06  7.0691444415e-06  3.4799729437e-06 -3.7392601303e-07  2.5988248362e-06 -2.9883997165e-06  5.7063303524e-07  3.2583893845e-07 -3.1525558149e-06 -9.8206213617e-06 -2.6799553402e-05  2.8790780609e-05  1.7032658739e-05  2.8558210285e-06  2.2548858637e-05

JOB 6
COORDS  2.1177075095e-01 -3.9494017828e-01  1.2962906115e+00  1.7444656679e+00 -1.3379701584e+00  2.8951790411e+00 -7.9955592936e-01 -1.1101486277e+00  1.9255290501e+00  1.5185888573e+00 -5.0909051531e-01  1.8060165784e+00  6.3725799435e-01 -1.9928465453e+00  3.4651686479e+00  3.2257259510e+00  1.2469795227e+00  1.7774952717e+00  3.1379805038e-01 -4.2517190735e+00  6.3194542505e+00  4.9069641222e+00  2.9954579292e+00  1.4608529373e+00 -2.2839818022e-01 -3.4635559863e+00  5.1402423092e+00 -6.0690969340e-01 -1.8974246131e+00  2.9985445604e+00  2.6088547387e+00  1.3811155626e-01  1.1567789005e+00  4.0416871717e+00  1.9542629326e+00  9.1114801840e-01  3.0584567209e+00  1.5469764675e+00  2.9508147953e+00  8.9096075724e-01 -2.7754487231e+00  4.5413571141e+00 -8.4830724421e-03  2.4390749024e-01  4.4554862922e-01  2.7346721004e+00 -1.4685594795e+00  3.3154573043e+00 -1.8234575062e+00 -1.0472760976e+00  1.5606158142e+00  1.0624852637e+00 -4.9794872056e+00  5.9920923987e+00  7.7712553982e-01 -3.5857802097e+00  7.0535770522e+00 -5.0273823756e-01 -4.7923290908e+00  6.8094803441e+00  5.3172616256e+00  3.5830005699e+00  6.3588492820e-01  5.7287172063e+00  2.5849923645e+00  2.0608298934e+00  4.3119941172e+00  3.6486181157e+00  2.0998087325e+00 -9.7751010039e-01 -2.7286978879e+00  5.4507612773e+00 -6.9303363116e-01 -4.1144077440e+00  4.3928871456e+00  2.4345809514e+00  2.8909474508e-01  1.6812172369e-01  4.4232087972e+00  1.4259206405e+00  1.3548000138e-01
ENERGY -6.656347511367e+02
GRADIENT  4.4015907522e-05 -7.1951799127e-05  1.2469322230e-04  2.3241285586e-04 -2.8745142482e-03 -2.3701484372e-03 -2.2227537330e-04  7.6163648188e-05 -1.6704008454e-04 -1.6249331065e-03  5.4317640797e-03  2.5302075087e-03  1.4025443433e-04 -1.2784100225e-04  1.9468289292e-04 -2.5346124027e-03  2.3385715061e-03 -1.8576345778e-03 -1.0316815684e-06  1.9227801087e-06  3.0951360819e-06  2.4324388665e-05 -6.0837767090e-06 -2.3400481056e-05  1.0637529116e-05 -2.4172400810e-05  2.6850743666e-05  9.3725674735e-05  1.3129119136e-04 -1.2806119016e-04  3.6760121654e-03 -4.8109719242e-03  1.4177604801e-03  1.1549303777e-04  6.4197409706e-05  1.7118308618e-04  1.2864114791e-04 -1.6743005837e-05 -2.7010069037e-05  3.5728206692e-05 -5.0797534369e-05  7.9496662671e-05 -7.9949619227e-06 -2.5661726932e-05  1.2212016977e-05 -3.1222336899e-05 -1.1860519935e-05 -8.1160768013e-06 -1.9653023961e-05  1.6077078706e-05 -2.9129503284e-05  7.6429300194e-07  1.1415561829e-06  3.8935796381e-06  1.5247526822e-06  2.2906890325e-06  3.4233632144e-06  9.6047604834e-07  2.1725897915e-06  5.3669443940e-06  1.0335928119e-05 -3.4376806222e-06  1.2225099685e-06  1.6039760002e-06  1.0725870361e-05 -1.1706657853e-06 -1.3471856945e-05  2.9166539612e-06 -1.4833581416e-05  4.6604923511e-07 -4.0458956305e-06  4.8955403414e-06 -1.6748497065e-06  3.0690635621e-06  1.3817071913e-05 -7.9873158515e-05 -7.3214275393e-05  2.9223963486e-05 -1.0061761653e-05  1.0409535932e-05 -6.3045002064e-06

JOB 7
COORDS  1.4170679009e-01 -4.6747131048e-01  1.2306808816e+00  1.6870532972e+00 -1.2503317743e+00  2.9048984457e+00 -8.3429434091e-01 -1.2380183441e+00  1.8484369625e+00  1.4376371538e+00 -4.6845270098e-01  1.7837698292e+00  6.1147867641e-01 -1.9711326297e+00  3.4535730940e+00  3.2396277536e+00  1.2116463320e+00  1.8156357833e+00  3.6419733354e-01 -4.1826433560e+00  6.3523774844e+00  4.9855520133e+00  2.9004348430e+00  1.5265136057e+00 -1.9695160945e-01 -3.4631648663e+00  5.1385263734e+00 -6.2196568923e-01 -1.9812148327e+00  2.9486050844e+00  2.4805075618e+00  2.3627437661e-01  1.1338355903e+00  3.9947228876e+00  1.9904963327e+00  9.5600253732e-01  3.2315788921e+00  1.3547332687e+00  3.0297515357e+00  8.8666806812e-01 -2.7064734910e+00  4.5580300525e+00 -9.8073638143e-02  1.2674721031e-01  3.5286011849e-01  2.6650249564e+00 -1.2932084307e+00  3.3674364401e+00 -1.8468823252e+00 -1.2593751552e+00  1.4487064201e+00  1.1750240557e+00 -4.8590623693e+00  6.0653592404e+00  7.5331724216e-01 -3.4680123075e+00  7.0838088337e+00 -4.2511259137e-01 -4.7722325623e+00  6.8304540311e+00  5.3342064870e+00  3.5763825130e+00  7.4198821877e-01  5.8428182558e+00  2.3693442701e+00  1.9586226208e+00  4.5142875409e+00  3.4864844267e+00  2.3159566133e+00 -1.0085382985e+00 -2.7804117896e+00  5.4084909572e+00 -5.8782165458e-01 -4.1634040572e+00  4.3935545595e+00  2.2358425388e+00  5.0942586536e-01  1.8790423324e-01  4.2441571448e+00  1.5623358564e+00  7.2425937107e-02
ENERGY -6.656369539513e+02
GRADIENT  3.7805552729e-05  4.5222680436e-05 -7.9340197099e-05  7.0861682441e-04 -2.7561988135e-03 -2.0359827855e-03 -9.1802942671e-05  6.5391500427e-05 -9.9449669983e-05 -2.2770227740e-03  5.3750199214e-03  2.6463578160e-03  8.1623540632e-05 -4.7065419793e-05  7.3123013276e-05 -2.3875377735e-03  2.6587801775e-03 -9.8492963702e-04 -1.2123558674e-07  1.9244986997e-07  1.4183032999e-06  4.0122289010e-05  2.3815047813e-06 -2.1657446985e-05  7.6455564275e-06  6.4908548211e-07  2.1671287589e-05  4.3882608754e-05  7.4019263822e-05 -6.6563631684e-05  3.7956312848e-03 -5.3365266006e-03  4.5925632969e-04  1.0573612930e-04  3.7381002524e-05  1.6471874473e-04  1.1352117456e-04 -4.1009563243e-05 -1.3174223947e-04  4.1229965737e-05 -2.6911192708e-05  4.0124080271e-05 -1.9764059849e-05 -9.3738186722e-06 -1.1746219307e-05 -1.7549732653e-05 -2.1606527844e-05  6.0268210092e-06 -6.3058743847e-07  1.9066629127e-05 -2.9597108632e-05  1.1709976782e-06  8.3229463307e-07  1.1856642020e-06  1.5691955165e-06  1.0599183216e-06  6.1046972158e-07  5.0093767162e-07  8.6489142712e-07  1.1745978136e-06  1.3463973810e-05 -6.0442481526e-06  2.0134093227e-06  5.2313438752e-06  3.0906495003e-06 -1.6886408975e-06 -5.6105763504e-06  1.5314710588e-06 -8.9965246889e-06  6.2950273978e-07 -5.3158694235e-06  1.4283514557e-07 -8.4263378735e-08 -1.6888433411e-07  6.0973652738e-06 -1.4279764550e-04 -5.9253188375e-05  3.1803949603e-05 -3.9744680457e-06  1.3995577157e-05 -4.8273252687e-06

JOB 8
COORDS  1.0488737411e-01 -5.0953795034e-01  1.1847027982e+00  1.6350066014e+00 -1.1542323262e+00  2.9320849828e+00 -8.3814815708e-01 -1.3368987972e+00  1.7766686337e+00  1.3778355225e+00 -4.0925721018e-01  1.7855936483e+00  5.9055155701e-01 -1.9440115253e+00  3.4453073439e+00  3.2629182886e+00  1.2045786229e+00  1.8400471840e+00  3.8553479266e-01 -4.1238471346e+00  6.3714044668e+00  5.0691609738e+00  2.8259434010e+00  1.5379295041e+00 -1.7649927824e-01 -3.4644848772e+00  5.1242276775e+00 -6.1919353731e-01 -2.0498460045e+00  2.8958164877e+00  2.3705146985e+00  3.6404546503e-01  1.1498348653e+00  3.9682636407e+00  2.0379582337e+00  9.8814032438e-01  3.4005697784e+00  1.2082934983e+00  3.0555572278e+00  8.7322526838e-01 -2.6420362428e+00  4.5722067044e+00 -1.4149166906e-01  5.0224189070e-02  2.8604858001e-01  2.5890090190e+00 -1.1175330440e+00  3.4402139095e+00 -1.8298308082e+00 -1.4336538215e+00  1.3375116212e+00  1.2526875380e+00 -4.7451715883e+00  6.1277913577e+00  6.9440510448e-01 -3.3723826575e+00  7.1042334730e+00 -3.7857091330e-01 -4.7606767390e+00  6.8294738471e+00  5.3727216930e+00  3.5691433028e+00  7.9672627177e-01  5.9332086249e+00  2.2069625294e+00  1.8098423218e+00  4.7225353012e+00  3.3404585204e+00  2.4345049722e+00 -1.0441895775e+00 -2.8371323248e+00  5.3507866343e+00 -4.8783295663e-01 -4.2020165630e+00  4.3777596420e+00  2.0838998409e+00  7.1805661758e-01  2.4438672352e-01  4.0942218640e+00  1.7050253970e+00  3.9766624947e-02
ENERGY -6.656387823522e+02
GRADIENT  5.0913942365e-05  7.4824434410e-05 -4.9774206664e-05  7.7090862690e-04 -2.0763644992e-03 -1.4794832452e-03 -1.2771019638e-04  2.8279035222e-05 -1.2100724493e-04 -2.0250931086e-03  4.1915552790e-03  2.1919176716e-03  1.2610405153e-04 -2.2694445795e-05  1.0134775501e-04 -1.9390418508e-03  2.2300193123e-03 -9.9755834029e-05 -1.1003982629e-06  3.8966114706e-06  8.0894348166e-08  1.1977666689e-05 -1.1847670035e-05  9.0336393874e-06  7.8416607856e-06 -6.3238436065e-06  1.7070613579e-05  3.2575250499e-05  1.0586288495e-04 -1.0011070261e-04  2.8957565987e-03 -4.2108408950e-03 -4.6269568524e-04 -5.4036925690e-06 -1.2171252445e-04 -5.9452965680e-05  1.2865599547e-04 -5.3637595914e-05  4.5791801373e-05  4.4316517133e-05 -2.4441272581e-05  5.6041392115e-05 -1.6370941995e-05 -8.3224101513e-06 -2.0692266255e-06 -2.2965757603e-05 -2.1605664100e-05  1.2141922008e-05 -4.4815347012e-06  2.4046273321e-05 -3.8703329688e-05 -4.0736700008e-07  3.0826637832e-06  1.4747687027e-06 -1.9144392415e-06  3.2002282512e-06  1.0464773400e-06 -2.1004052086e-06  2.5291393110e-06 -2.6920783344e-07 -3.3317536704e-06 -2.6859340350e-06 -3.7940290950e-06  3.3911974275e-06  1.2069222474e-05 -3.6864214534e-07 -1.0075551271e-05 -4.1401637582e-06 -1.3232575050e-06 -2.0707098857e-07 -2.2676214877e-06  5.7458317474e-07 -3.5758582560e-06  2.9206357712e-06  7.4295934156e-06  5.7857856863e-05 -3.8427366532e-05 -8.2105544838e-06  2.0024698655e-05 -4.8293910712e-06 -1.9624155389e-05

JOB 9
COORDS  1.0303548216e-01 -5.3910960996e-01  1.1650045495e+00  1.5967848029e+00 -1.0514946066e+00  2.9873255635e+00 -8.0492571593e-01 -1.4216454143e+00  1.7284948468e+00  1.3418481262e+00 -3.4245634521e-01  1.8162714942e+00  5.8878079848e-01 -1.9119235443e+00  3.4601946011e+00  3.2872489052e+00  1.2252933941e+00  1.8617073988e+00  4.1832945242e-01 -4.0867745338e+00  6.3921938731e+00  5.1479858356e+00  2.7748647763e+00  1.5177759250e+00 -1.3822343486e-01 -3.4720667717e+00  5.1199800901e+00 -5.8645520315e-01 -2.1090925609e+00  2.8640945280e+00  2.2818980990e+00  5.0358945581e-01  1.2037682412e+00  3.9564236917e+00  2.0946651532e+00  1.0150816409e+00  3.5437688212e+00  1.1192858846e+00  3.0540276576e+00  8.7179888236e-01 -2.5784981668e+00  4.6059165176e+00 -1.4218986519e-01 -1.1537968929e-02  2.4659303177e-01  2.5193156990e+00 -9.3920523694e-01  3.5387864239e+00 -1.7679583803e+00 -1.5900564496e+00  1.2490776036e+00  1.3365123816e+00 -4.6453817074e+00  6.1866988174e+00  6.4335012340e-01 -3.3137163702e+00  7.1330685077e+00 -3.1655127364e-01 -4.7753337618e+00  6.8224535575e+00  5.4265192503e+00  3.5608094689e+00  8.1170672759e-01  5.9946170070e+00  2.0909322170e+00  1.6560064826e+00  4.9161937258e+00  3.2296255198e+00  2.4811933963e+00 -1.0568880686e+00 -2.9076289884e+00  5.3080180623e+00 -3.6601653294e-01 -4.2318841120e+00  4.3657810115e+00  1.9667106415e+00  9.0216733966e-01  3.2774956386e-01  3.9745726636e+00  1.8426421251e+00  3.4231724574e-02
ENERGY -6.656399916825e+02
GRADIENT -2.4115087161e-05  9.0854834083e-05 -1.7966040734e-04  6.1456140070e-04 -1.2482810012e-03 -7.8050294806e-04  1.8553552948e-04  5.6138478312e-06  1.3010996282e-04 -1.5039111970e-03  2.5815973668e-03  1.4789963944e-03 -5.9082706350e-05  2.8380189509e-05 -6.7427538591e-05 -1.0884091555e-03  1.2189224729e-03  1.0622821474e-04 -1.0516315543e-06 -9.8939454652e-07 -4.0657956816e-06  4.4926608170e-06 -2.6056518025e-06 -1.3530004812e-05 -1.0117055743e-05  3.9519860331e-06 -5.9020426272e-06 -6.2489719965e-05 -5.4624861994e-05  4.2661381362e-05  1.8123239547e-03 -2.5994555016e-03 -6.8441005548e-04  8.0872107273e-05  1.3199294417e-05  6.3895260945e-05  9.1622808190e-06 -9.6583548370e-06 -6.0822364237e-05 -5.6665459463e-06 -8.6814690868e-06 -2.6730985215e-05 -6.0782106026e-06  1.3258498537e-05 -2.5333226958e-05  1.1706085754e-06 -1.5898877124e-05 -5.2582254662e-06  1.2750993226e-05  3.5684455545e-06  1.2721409617e-05 -3.3208370386e-06 -3.9192082259e-06 -3.4599855164e-06 -3.1314083881e-06 -4.8769501778e-06 -1.1295872348e-06 -4.1253248847e-06 -4.2297195446e-06 -4.6322878101e-06  4.8602813014e-06 -6.5385252824e-06  9.5736904324e-07  3.0489743010e-06 -5.9551733612e-06 -5.1843998498e-06 -4.8428374067e-09 -6.3728425035e-06 -1.1882011128e-06 -2.4875594172e-06  1.4564968960e-06 -3.0424895011e-06 -6.4135083303e-06 -2.9970341945e-06 -2.0136006430e-06 -1.2965950373e-05 -7.7961998587e-05 -1.2266458033e-05 -2.0238183184e-06  2.6196743454e-06  8.5759899157e-06

JOB 10
COORDS  9.8943753301e-02 -5.6986958415e-01  1.1444106794e+00  1.5448991885e+00 -9.9085746836e-01  3.0278570133e+00 -7.8183586601e-01 -1.4966784159e+00  1.6770813906e+00  1.3012692357e+00 -3.0370012024e-01  1.8408877817e+00  5.6752215498e-01 -1.9061363059e+00  3.4622451038e+00  3.3001436204e+00  1.2126237590e+00  1.8730349299e+00  3.9724505103e-01 -4.0670050368e+00  6.4044931426e+00  5.1929991129e+00  2.7126950409e+00  1.4895449354e+00 -1.3889541557e-01 -3.4944770102e+00  5.1040864283e+00 -5.7123840101e-01 -2.1696499151e+00  2.8233325899e+00  2.1943022977e+00  6.1181057093e-01  1.2650491445e+00  3.9271222510e+00  2.1326848591e+00  1.0467125928e+00  3.6705624562e+00  9.8080579887e-01  3.0175143440e+00  8.4084366830e-01 -2.5504798533e+00  4.6228835832e+00 -1.3686097872e-01 -6.2909874119e-02  2.1198708380e-01  2.4371815018e+00 -8.2586043431e-01  3.6138064766e+00 -1.7147910093e+00 -1.7179007603e+00  1.1610526716e+00  1.3529298652e+00 -4.5747978143e+00  6.2429416752e+00  5.4774308508e-01 -3.2766291747e+00  7.1460133466e+00 -3.1556137398e-01 -4.7921396401e+00  6.8111635821e+00  5.4395687233e+00  3.5540151378e+00  8.3741050022e-01  6.0152960905e+00  1.9865665743e+00  1.4761603239e+00  5.0771276066e+00  3.0775552427e+00  2.5104102216e+00 -1.0944734101e+00 -2.9806716760e+00  5.2482638664e+00 -2.9261331704e-01 -4.2717867036e+00  4.3489692488e+00  1.8530071574e+00  1.0574601777e+00  4.2278983773e-01  3.8386736228e+00  1.9804142408e+00  4.9369562923e-02
ENERGY -6.656406179657e+02
GRADIENT -1.5260951072e-05 -4.0788958987e-05 -2.2564583978e-05  2.1072822577e-04 -4.9878229729e-04 -3.5312149790e-04  1.4516990668e-04 -1.0276860296e-05  1.3911178508e-04 -6.3603948215e-04  1.1580638694e-03  6.9324114854e-04 -1.0665529756e-04  9.8936309309e-06 -9.9961720375e-05 -2.8201598324e-04  4.2535895069e-04  1.8055311162e-04 -1.3998611728e-06 -1.2488768947e-06 -6.6907325865e-07 -2.4349738187e-05  5.8325332220e-06  2.5175309990e-05 -1.9913917689e-06  3.2014123296e-06 -2.1889036364e-05 -3.6423367985e-05 -9.1143799921e-05  8.5471878670e-05  8.2063577006e-04 -1.1010701612e-03 -6.1904350006e-04 -5.2112918510e-05  2.0735537741e-06 -2.8245257688e-05 -1.1552608827e-05  6.0243323104e-05  5.3977828425e-05 -3.9469239868e-05  1.6884680717e-05 -3.8407010042e-05  2.4041118230e-05  1.2972031647e-06 -3.9325510198e-06  2.4305010706e-07  6.1828687314e-06 -2.0013179265e-05  8.4144423686e-06 -1.5967274973e-05  2.8843448557e-05 -2.5818650012e-06 -7.1232385224e-07  7.7625722799e-07 -1.9018283344e-06  6.0510594001e-07 -5.4982511606e-07 -3.3130896141e-06  1.2764327443e-06  8.8850442940e-07 -3.4200903516e-06  1.2764239585e-05  1.2316402150e-05 -3.9919210415e-06  1.4029640043e-06 -1.6045921855e-06  2.4909902878e-06 -3.7414571564e-06  7.8160604593e-06 -4.8737368643e-06  2.9060557549e-06 -6.4629884607e-07  1.8698769046e-06  9.7395051016e-07 -5.8940727227e-06 -1.4462325655e-05  8.1793296237e-05  2.0648644427e-05 -3.1616814208e-06 -4.7242817110e-06  2.0362476150e-05

JOB 11
COORDS  3.0146118823e-01 -4.1994645329e-01  9.4197160496e-01  1.7283028772e+00 -6.5893378278e-01  2.8727204835e+00 -5.8943966618e-01 -1.2852730247e+00  1.5544957182e+00  1.4994941033e+00 -9.2591962393e-02  1.6205253341e+00  7.3964982794e-01 -1.5196454174e+00  3.3863704249e+00  3.6095906611e+00  1.2609297238e+00  1.4442765577e+00  5.3342689457e-01 -3.3845625499e+00  6.5225320098e+00  5.4037503303e+00  2.8675258175e+00  1.0200316684e+00  1.2286844344e-02 -2.9403991526e+00  5.1670003294e+00 -3.9414452891e-01 -1.8405446104e+00  2.7649452212e+00  2.3806007487e+00  7.8965928228e-01  9.8167812599e-01  4.1875056936e+00  2.1840457045e+00  5.8618621719e-01  4.1507416084e+00  8.8012399546e-01  2.4759539619e+00  9.9742426388e-01 -2.0458804738e+00  4.6084975096e+00  7.6401014188e-02 -4.7424260645e-03 -3.7314143557e-02  2.6271704649e+00 -4.5823571130e-01  3.4369997360e+00 -1.5178366852e+00 -1.5535140049e+00  1.0526919172e+00  1.4915069438e+00 -3.9033027877e+00  6.4215373728e+00  6.7423519504e-01 -2.5265531946e+00  7.1868051885e+00 -1.8344867932e-01 -4.0689650607e+00  6.9883471920e+00  5.2177071438e+00  3.5801482424e+00  1.8331251096e+00  5.8324239495e+00  3.3951465026e+00  1.6460727932e-01  6.1199503304e+00  2.1257384425e+00  1.3744511974e+00 -9.4515462579e-01 -2.4166045918e+00  5.2500214643e+00 -1.3228385696e-01 -3.7869082957e+00  4.4883852845e+00  2.1125941727e+00  1.0561311761e+00  4.3219282617e-02  3.5578160310e+00  2.7302507736e+00  1.1259071483e-02
ENERGY -6.656407170435e+02
GRADIENT  1.3873902011e-05  2.7678247460e-05 -2.4801082649e-06  2.7329966925e-04 -2.4832282568e-04 -6.5969859318e-05 -4.0130648467e-05 -2.1633824485e-05 -1.6133982997e-05 -3.4906678197e-04  4.4612434612e-04  3.0680365147e-04 -1.1727068554e-05  6.7640259153e-05 -5.9218330147e-05 -2.7324905223e-04  4.8567536017e-04  2.0539909133e-04 -2.7442109997e-06 -3.7643866258e-07  1.4747527113e-06  1.1422503759e-06 -2.3773608849e-05 -1.3261229649e-05 -1.5803146596e-06 -1.3269645289e-08 -8.8216436390e-06 -6.8512290922e-06 -1.5759153499e-05  5.6278507925e-06  2.5723197770e-04 -5.8251063549e-04 -2.3818574597e-04  4.1982772007e-05 -1.6905278176e-05  5.0411933268e-05  4.3709875159e-05 -7.5759803065e-05 -7.5813585624e-05  3.1086702441e-06  1.1843765819e-05 -2.7579345742e-05 -1.0133959437e-05 -3.8463303999e-06 -1.8687189574e-06  4.5975085801e-06  1.2087571515e-05  1.4421901734e-05 -4.6246551120e-07  1.1479092963e-06 -7.8013801736e-06 -2.5720645461e-06  2.8998252370e-07  2.4969286628e-06 -3.4097658279e-06  5.2601183292e-07  4.5170494587e-07 -3.1962687811e-06  4.3570904201e-07  2.9758629000e-07 -1.4788283299e-05  2.1467228893e-06  6.8849461339e-06  3.3624356302e-06  4.9986349667e-06  7.7015408919e-06  4.7592366521e-06  9.3871045520e-06  8.4888641437e-06 -2.7748265765e-06 -2.9650495328e-07 -6.6113920233e-07 -8.2238590656e-07 -2.0961087453e-06 -1.6385990413e-09  2.0688103893e-05 -3.4040277190e-05 -1.1121055247e-05  2.2628804592e-05 -3.4880309011e-05 -2.0912039006e-05

JOB 12
COORDS  3.0493966974e-01 -4.3757635546e-01  9.3127043421e-01  1.6637902159e+00 -5.8215241204e-01  2.9187596392e+00 -5.5390253603e-01 -1.3561186540e+00  1.5119521469e+00  1.4531140888e+00 -3.7122719069e-02  1.6541742337e+00  7.1596743207e-01 -1.5078585131e+00  3.3942782237e+00  3.5819466451e+00  1.2764234231e+00  1.4574170810e+00  5.1194201732e-01 -3.3895735227e+00  6.5206376143e+00  5.4398139175e+00  2.7983882445e+00  9.9766235120e-01  1.2797124433e-02 -2.9739350941e+00  5.1478987331e+00 -3.6997184526e-01 -1.8996188403e+00  2.7293227559e+00  2.2898185293e+00  9.2003890110e-01  1.0621188562e+00  4.1597694103e+00  2.2097101487e+00  6.1048932180e-01  4.1607675704e+00  8.0829222887e-01  2.4303952672e+00  9.5934420541e-01 -2.0175287206e+00  4.6264190094e+00  9.4029789220e-02 -3.9805895172e-02 -5.8342780270e-02  2.5264644516e+00 -3.2796446264e-01  3.5170264699e+00 -1.4437251764e+00 -1.6818885879e+00  9.7551895551e-01  1.5030984389e+00 -3.8480889411e+00  6.4530657649e+00  5.7607649169e-01 -2.5267551497e+00  7.1905028445e+00 -1.7745889840e-01 -4.1182821346e+00  6.9599610371e+00  5.3488090416e+00  3.4739305226e+00  1.8572681065e+00  5.8443768461e+00  3.3476840354e+00  1.4417067525e-01  6.1312114128e+00  1.9986190779e+00  1.2643842441e+00 -9.7798936012e-01 -2.5113679579e+00  5.1970887992e+00 -5.3981779695e-02 -3.8253848982e+00  4.4634593174e+00  2.0165700741e+00  1.1956838295e+00  1.2739681741e-01  3.5270321221e+00  2.8229359982e+00  1.1119791567e-01
ENERGY -6.656406181493e+02
GRADIENT  2.2831830172e-05  4.5679227390e-05 -4.1379585346e-05 -3.9021917891e-04  4.7701916521e-04  2.5133974941e-04  6.6332385749e-06 -5.9993980472e-06 -1.3472177992e-07  6.6902267808e-04 -1.0219851198e-03 -6.7944349195e-04  5.7847947577e-05 -5.5287353578e-06  9.5341999112e-05  5.0504355706e-04 -9.0903885062e-04 -6.4505599803e-04  6.1536364545e-07 -3.5975298453e-06 -1.5851480765e-07 -1.0495174923e-05  6.6398020465e-06  3.1733771165e-05  5.6321364394e-06 -1.6728577556e-06  1.3976264776e-05 -6.1624971103e-07  3.6734160345e-05 -7.0593187500e-05 -5.9423332671e-04  1.0970486538e-03  7.9178137598e-04 -1.1239372718e-04  7.4403934944e-05  6.7308134236e-05 -6.5012493990e-05  1.4939015832e-04  1.4048162764e-04  4.9797659460e-06 -1.8403085006e-05  4.4198552910e-05 -2.6378418238e-06 -1.0391641163e-06 -4.6204047977e-06 -9.9914335978e-06 -1.2394877941e-05  5.5073249863e-06 -2.5622977638e-07  1.1611958409e-05 -9.1333201679e-06 -2.8576721720e-06 -6.7515306628e-06 -5.9779163774e-07  3.6709680717e-06 -1.8183860175e-06 -6.6082677507e-07 -3.3341034518e-06  1.6877353580e-06  2.5057811480e-06  2.3448718190e-05  1.5682277120e-06 -6.0674144259e-06 -5.5078046458e-06 -5.7810400019e-06 -4.1479740122e-07 -6.4240334151e-06 -1.7095265290e-05 -5.2042518576e-06 -9.1355136537e-07 -7.4866596458e-06  1.5084371930e-06 -5.6548223018e-07  5.1850004840e-07  3.3581632023e-06 -7.0849742201e-05  3.8465886153e-05  3.2735829474e-05  1.4335828134e-06  1.8453002869e-05 -2.0467582948e-05

JOB 13
COORDS  3.3979942157e-01 -4.4922016509e-01  9.2568333582e-01  1.6290531696e+00 -5.0847207673e-01  2.9621399345e+00 -4.8630384677e-01 -1.4142364124e+00  1.4799360388e+00  1.4355119419e+00  1.6614612603e-02  1.6870716491e+00  7.2346733598e-01 -1.4892626141e+00  3.4070484289e+00  3.5781587856e+00  1.2788546474e+00  1.4412693665e+00  5.0481783438e-01 -3.3647681391e+00  6.5360540696e+00  5.4772994139e+00  2.7381517514e+00  9.4607293309e-01  3.9399984662e-02 -2.9873866358e+00  5.1406628515e+00 -3.1340427919e-01 -1.9439741812e+00  2.7044289787e+00  2.2291905458e+00  1.0411494185e+00  1.1435737119e+00  4.1347887792e+00  2.2551004487e+00  6.3044588295e-01  4.2085522059e+00  6.8461634600e-01  2.3062097181e+00  9.4960141654e-01 -1.9806424590e+00  4.6498506072e+00  1.4460147295e-01 -6.8740573851e-02 -7.3835945099e-02  2.4531234881e+00 -2.0335520149e-01  3.5911233575e+00 -1.3362172120e+00 -1.7924100937e+00  9.1398928084e-01  1.5234676523e+00 -3.7634834503e+00  6.5131537868e+00  4.8925184421e-01 -2.4959946940e+00  7.2011263268e+00 -1.5769076659e-01 -4.1309964111e+00  6.9523054863e+00  5.5031588545e+00  3.3334261179e+00  1.8672646569e+00  5.8364909129e+00  3.3440994910e+00  1.1084298608e-01  6.1407512570e+00  1.8825034251e+00  1.0743082156e+00 -9.7778826228e-01 -2.5832619398e+00  5.1454677575e+00  5.0622056089e-02 -3.8454107869e+00  4.4612703080e+00  1.9279029646e+00  1.3518465023e+00  2.2791880936e-01  3.4959346547e+00  2.9454826914e+00  2.5474126746e-01
ENERGY -6.656399922733e+02
GRADIENT  6.1447767227e-05 -1.0138358123e-05  5.7656418514e-05 -9.5652805631e-04  1.0579977855e-03  6.0024798588e-04 -6.4267583121e-05 -5.1806471919e-05 -1.2090522375e-05  1.6722048782e-03 -2.2160810048e-03 -1.6577364750e-03  1.7603718358e-05  2.3267763444e-05 -9.6612140540e-07  3.7586856311e-04 -8.5278062515e-04 -1.0160315246e-03 -3.1531605181e-06 -9.7325112200e-07 -2.1121187547e-06 -1.0832186740e-06  1.6591103647e-05 -1.4865195950e-05 -9.8103494573e-06 -3.5200333697e-06 -6.0138078288e-07 -6.7566484397e-06  1.6397639469e-05 -2.4370970349e-05 -1.0513574158e-03  2.1792196321e-03  2.1378033280e-03 -1.9231765533e-05 -5.4755598208e-05 -1.2804404117e-05  1.3313290017e-05 -7.0240870569e-05 -2.6182588651e-05 -6.6916496881e-06  2.5462858366e-06 -9.0531714968e-06 -1.0549071854e-06 -1.1862773722e-05  3.8712953110e-06 -3.4304027086e-07  5.3269803884e-06  1.1125381924e-06 -3.0358399046e-06 -6.5421562899e-06 -7.9037012433e-06 -6.9136971875e-06 -1.9663110980e-06  1.4325527832e-06 -6.5088282182e-06  6.0285070418e-07 -1.3679784021e-06 -7.7469837628e-06  1.0639247957e-06  4.4643442937e-08 -9.9278807939e-06 -4.8412891132e-06  8.7029307041e-06 -4.4815595173e-06  6.3930259847e-06  4.4866860170e-06 -4.4244671811e-06  9.9741404429e-06 -3.2735605547e-07 -5.2087683206e-06 -5.6878400893e-06 -2.4124706018e-06  1.0145901856e-06 -1.9916932343e-06 -2.1967894158e-06 -8.9221069979e-05 -2.2401656393e-05 -6.9334457095e-06 -1.6701901695e-06 -1.6745480330e-05 -7.1477710999e-06

JOB 14
COORDS  3.8641844416e-01 -4.5442017579e-01  9.2761637706e-01  1.5725664407e+00 -4.2232270144e-01  3.0252758148e+00 -4.0311931262e-01 -1.4689895522e+00  1.4487594277e+00  1.4108986972e+00  7.9869615962e-02  1.7379703483e+00  7.1846903696e-01 -1.4631353888e+00  3.4320322721e+00  3.5569597909e+00  1.2880788005e+00  1.4304047594e+00  4.8213787438e-01 -3.3532252171e+00  6.5507478703e+00  5.4980267002e+00  2.6693836444e+00  8.7736752305e-01  5.4921164122e-02 -3.0039216390e+00  5.1359872605e+00 -2.5204500481e-01 -1.9841954169e+00  2.6817704450e+00  2.1671184858e+00  1.1655522636e+00  1.2505082654e+00  4.1036182642e+00  2.2947804527e+00  6.5229396613e-01  4.2157832456e+00  5.8231436137e-01  2.1815756597e+00  9.1728709603e-01 -1.9377259079e+00  4.6858597103e+00  2.1908936411e-01 -9.2062002211e-02 -8.3488445794e-02  2.3409863626e+00 -5.7082825708e-02  3.6929790448e+00 -1.2001866707e+00 -1.9024916364e+00  8.4677758930e-01  1.5251874511e+00 -3.6829150084e+00  6.5728879269e+00  3.7908294496e-01 -2.4893748643e+00  7.2144367688e+00 -1.4531978839e-01 -4.1632397160e+00  6.9372836489e+00  5.6449366760e+00  3.1826078523e+00  1.8358113867e+00  5.8216486199e+00  3.3209524846e+00  6.2162713237e-02  6.1115895561e+00  1.7680867269e+00  8.7556230451e-01 -9.8606815192e-01 -2.6681372315e+00  5.0951847715e+00  1.5359930232e-01 -3.8574855688e+00  4.4581105709e+00  1.8303979113e+00  1.5202062339e+00  3.6266872110e-01  3.4795755605e+00  3.0502101800e+00  3.9540356799e-01
ENERGY -6.656387826823e+02
GRADIENT  2.9595110355e-05 -3.9831288295e-06  6.3328219357e-05 -1.7908868297e-03  1.7202686254e-03  9.4652419851e-04 -7.2193620400e-05 -4.1531977917e-05 -5.4408490965e-05  2.9972235943e-03 -3.3141921998e-03 -2.6398416238e-03 -1.1621569667e-05  4.5564352601e-05 -5.0713145362e-05  3.8165230948e-04 -1.3233146126e-03 -2.1845449801e-03 -1.2301725412e-06  7.5958118378e-07 -2.4105379952e-06  3.4871761362e-06  8.3610726420e-06 -4.0671543284e-07 -1.3340729008e-05  8.9902991105e-06 -2.4751181624e-06  1.4705272243e-05 -5.3893535028e-06  3.4241041956e-06 -1.4027502786e-03  2.9653666584e-03  3.9302912456e-03 -2.6622535325e-05 -2.0059032382e-05 -2.6334399361e-05  1.2864155229e-05 -1.4002865371e-05  5.7241284541e-06  2.1238405113e-05 -3.1448241482e-06 -4.1662517387e-05  7.3786827083e-07 -8.3105777614e-06  4.5022669185e-06  5.9925833107e-06  5.7395549237e-06 -3.7917981600e-07 -4.9260114514e-06 -1.3033727637e-06 -5.6055187127e-06  7.1250843950e-07 -2.4787188884e-06 -3.6190793679e-06  1.6645119632e-06 -1.7260463967e-06 -3.6256182274e-06  1.0511068101e-06 -1.7616963908e-06 -3.6580603803e-06  3.4455892895e-06 -9.5933944869e-06  2.1856518183e-06 -1.6677365454e-06  5.0680409835e-06  1.3697559148e-06  4.1700456192e-06  1.0974500684e-06 -8.2480695615e-06  8.6449523698e-07 -2.1924600592e-06 -8.3739746807e-06  6.4339084205e-06 -3.9167260692e-06 -1.6193193827e-06 -1.2364230741e-04 -2.3816357678e-05  2.3755303821e-05  3.3122973916e-06  2.7676299492e-06 -6.3444840331e-07

JOB 15
COORDS  4.5845018145e-01 -4.5907730382e-01  9.3504881091e-01  1.5151735384e+00 -3.5422574970e-01  3.0959122341e+00 -3.0035763722e-01 -1.5169702319e+00  1.4179702853e+00  1.4006264403e+00  1.3246090371e-01  1.7996843195e+00  7.0697102619e-01 -1.4448713050e+00  3.4632090526e+00  3.5443694953e+00  1.2793436070e+00  1.3997116891e+00  4.0594660478e-01 -3.3410469758e+00  6.5727467107e+00  5.5100722874e+00  2.6025294437e+00  7.9327923396e-01  3.8227280804e-02 -3.0185183410e+00  5.1351352432e+00 -1.8743433465e-01 -2.0199520285e+00  2.6597400233e+00  2.1338762270e+00  1.2669988072e+00  1.3739970154e+00  4.0765852572e+00  2.3397800561e+00  6.8631582969e-01  4.2227812568e+00  4.4689547465e-01  1.9843403320e+00  8.6121790886e-01 -1.9043757764e+00  4.7286659332e+00  3.3280211939e-01 -1.1093720075e-01 -8.6724648904e-02  2.2185949246e+00  6.5322746611e-02  3.8040397555e+00 -1.0367166774e+00 -1.9979718204e+00  7.7611200182e-01  1.4633692056e+00 -3.6101058149e+00  6.6537607037e+00  2.1666936890e-01 -2.4839353799e+00  7.2261242937e+00 -1.9431911792e-01 -4.1854611653e+00  6.9274680188e+00  5.7922458313e+00  2.9950951413e+00  1.7781652997e+00  5.7939820187e+00  3.3208780876e+00  2.0391946822e-02  6.0532621537e+00  1.6715722241e+00  6.2898611116e-01 -1.0164928766e+00 -2.7432998816e+00  5.0355506830e+00  2.2352301011e-01 -3.8653875732e+00  4.4671707003e+00  1.7440390983e+00  1.6977843718e+00  5.4246082969e-01  3.4833460737e+00  3.1561815150e+00  5.9741097683e-01
ENERGY -6.656369518593e+02
GRADIENT -1.6561032021e-05 -9.2992618201e-05  1.0878305593e-04 -2.9815432177e-03  1.9286386758e-03  5.6297322664e-04  2.0470689836e-05  2.4157769913e-05 -3.9188122984e-05  4.1400560432e-03 -3.4381355564e-03 -3.1921575165e-03  4.7880365996e-05 -1.5007359533e-04  3.7742468626e-04 -1.5205968366e-04 -1.3399082458e-03 -3.4187396991e-03  5.5509699492e-07 -6.0968483017e-06  9.6932698357e-07 -5.2625014393e-07  1.9418923064e-05  2.4881633578e-05  2.5798960412e-05 -9.2007185423e-06  3.4913532551e-05  7.6873948117e-05  1.1468466870e-04 -1.1204289058e-04 -1.3738451191e-03  2.9243112014e-03  5.2687708507e-03  5.2498197734e-05 -4.7633911199e-06  2.8970320869e-05  1.5321330643e-04  5.3000978211e-05  1.1713152686e-04 -2.0458612465e-05 -6.5109997809e-05  1.4089362967e-04  5.4922936526e-05  4.8916873404e-06  3.6990178132e-05 -2.4208318560e-05 -2.6033735299e-05 -4.7835754619e-05 -1.4498507617e-05 -2.3164584564e-07  3.6382002012e-06  1.3637712702e-06  9.9526978862e-08  1.5861670910e-06  1.0235317341e-06  8.3840499674e-07  2.8718616695e-06  5.1930316207e-07  3.4816201399e-07  3.0091058839e-06  1.0555719341e-05  9.7529721609e-06  2.2114142830e-08  5.6116199862e-07  8.0576703885e-06  7.3623180165e-06 -3.3042820636e-06 -1.2020254916e-06  5.7884385450e-08  5.1789054581e-06 -5.8616259701e-06  6.2667894563e-06 -5.6812388181e-06  2.0708689248e-06  3.9730904817e-06  2.7659713289e-06  7.7490171923e-05  8.2942397724e-05  8.9681976295e-06  2.3340405514e-05  2.2569226443e-05

JOB 16
COORDS  5.7213027592e-01 -4.6537987597e-01  9.6279971534e-01  1.4775400154e+00 -3.0287106393e-01  3.1877044936e+00 -1.5873928848e-01 -1.5632573123e+00  1.3995881368e+00  1.4202952827e+00  1.7390438474e-01  1.8862229150e+00  7.1017620365e-01 -1.4382393413e+00  3.5067586792e+00  3.5357144244e+00  1.2877219976e+00  1.3552370293e+00  3.1857866186e-01 -3.3578882031e+00  6.5912768329e+00  5.4910393624e+00  2.5781338760e+00  6.5088288391e-01  2.4516733368e-02 -3.0507375366e+00  5.1335763195e+00 -9.7795582088e-02 -2.0584344572e+00  2.6482510403e+00  2.1345322530e+00  1.3504010341e+00  1.5196607212e+00  4.0417438201e+00  2.4009328562e+00  7.0613074603e-01  4.2237195512e+00  3.5462163759e-01  1.7435182188e+00  8.0789630393e-01 -1.8904469805e+00  4.7798507532e+00  4.9847361599e-01 -1.2444157024e-01 -6.6161915497e-02  2.1054159185e+00  1.6326459851e-01  3.9378617130e+00 -8.2539374253e-01 -2.0847028670e+00  7.1467440924e-01  1.3821704188e+00 -3.5680254429e+00  6.7385724095e+00  4.0806558295e-02 -2.5154550035e+00  7.2319731231e+00 -2.5457526464e-01 -4.2359596533e+00  6.9068714868e+00  5.9212357889e+00  2.8262870962e+00  1.6291854798e+00  5.7204688874e+00  3.3755833952e+00 -6.0143410848e-02  5.9476716727e+00  1.6509965258e+00  3.0335210169e-01 -1.0354672323e+00 -2.8341353415e+00  4.9675445010e+00  2.9892825077e-01 -3.8829688228e+00  4.4780616974e+00  1.6748751564e+00  1.8653562964e+00  7.7528804677e-01  3.4955204679e+00  3.2494111780e+00  7.9609073549e-01
ENERGY -6.656347510578e+02
GRADIENT  3.0982253303e-06  1.6214495513e-05 -5.9027619800e-05 -2.9559138268e-03  2.0962891177e-03  9.3956029669e-04  8.8873794252e-06  3.4376908664e-05  3.9181644243e-05  4.2573701443e-03 -3.5049314366e-03 -3.0388501007e-03 -6.0473623982e-06  4.5496610952e-06 -4.4674555130e-05 -4.9764829935e-04 -9.8135466625e-04 -3.5248276603e-03  3.4603775364e-06  2.3480595762e-07 -6.3443216148e-07  7.7724708682e-07  1.5051089221e-05 -1.5676394389e-05 -2.5373140655e-06 -1.4878711902e-06 -3.0171156406e-06 -4.2663400980e-06 -2.7033812822e-05  1.6271514694e-05 -5.9107670841e-04  2.4051852088e-03  5.5124013683e-03 -1.9813819824e-04  1.2385472646e-05  9.9889470250e-05  6.7188975967e-05 -1.0750821299e-04  8.2987505925e-05 -2.0330160404e-06  1.1006330590e-05 -3.4457917634e-06 -1.2050050259e-05  3.1918761295e-06 -2.6902121700e-06 -5.5418087093e-06  2.3627506915e-07  3.8383994341e-06  5.3873454185e-06 -1.3307339676e-06  1.8166192927e-06  3.4082206852e-06 -7.8370986485e-07 -6.4927286385e-07  2.5746875314e-06 -2.3704665362e-06  3.4185944157e-07  4.4745259761e-06 -2.9170186542e-06  9.1409745936e-08 -3.4421222353e-06 -1.1250380231e-05 -2.6750454594e-06 -1.6920907588e-05  1.4761947068e-05  5.9239974826e-06 -1.1403764129e-05  1.1616837053e-05 -9.1835474823e-06  2.6463662208e-06 -2.8019038321e-06  1.3567603569e-06  4.0941813859e-06 -1.3779289879e-06 -2.0152031791e-06 -7.0561272708e-05 -1.3792592971e-05  4.2204536673e-05 -1.3724296804e-05  2.0103450226e-05 -4.8694087544e-05

JOB 17
COORDS -5.8062379432e-01  1.2405944095e-01  1.4996816383e+00  1.2190863278e+00 -2.2411365631e-01  3.0605494995e+00 -1.2369472210e+00 -9.3941198111e-01  2.1060378972e+00  6.7592858789e-01  4.9308005880e-01  2.0034877974e+00  4.5189655185e-01 -1.2708409867e+00  3.6081264389e+00  2.2425402209e+00  1.2803430212e+00  3.1172902123e-01  1.0843811580e+00 -3.6348179892e+00  6.3225249905e+00  3.8846921724e+00  2.2444169313e+00 -1.2243860249e+00  2.5275539318e-01 -3.0456797422e+00  5.1970715110e+00 -7.4430354806e-01 -1.6299421129e+00  3.1515761034e+00  1.3917573121e+00  1.5762773261e+00  1.3980487927e+00  3.0983788445e+00  2.3249055415e+00  4.2971447861e-03  2.2226976022e+00  2.1660011021e-01 -2.9151049629e-01  1.0019954059e+00 -1.9370547051e+00  4.6523707068e+00 -1.0163628737e+00  6.5499606031e-01  6.6055369942e-01  2.2036231420e+00 -5.7254728857e-03  3.4627004870e+00 -2.2131266530e+00 -1.2596373148e+00  1.7463331706e+00  2.0504406301e+00 -3.9886341506e+00  5.9500763323e+00  1.2664030227e+00 -2.8915539141e+00  7.1047159608e+00  5.5428459653e-01 -4.4828025942e+00  6.7685117413e+00  4.6469941044e+00  3.0272760933e+00 -1.2058667402e+00  3.2690607371e+00  2.3559635693e+00 -2.1257728338e+00  4.3760637832e+00  1.2719409023e+00 -1.2663216035e+00 -7.1731607141e-01 -2.6841337231e+00  5.5520725367e+00  6.3934202038e-02 -3.7752484626e+00  4.4035874802e+00  1.8286631685e+00  2.1879345680e+00  2.0811935028e+00  2.7721355459e+00  3.2489742365e+00  2.6110433513e-01
ENERGY -6.656328536112e+02
GRADIENT  5.9678045338e-05  3.7144343635e-05 -6.1447392596e-05  1.8583020869e-03 -1.9800483313e-03 -1.8329634981e-03 -6.7516084634e-05 -3.6080389083e-05  6.0383007169e-06 -1.1320334881e-03  2.7162108386e-03  4.1001407776e-03 -1.6701520581e-04  2.1381935765e-04 -3.8527018377e-04  2.4477579415e-03 -3.8117625264e-04  1.9800642818e-03 -2.1399122487e-06  5.2855118013e-06 -2.1074255502e-06  1.6308661165e-05  3.2300460464e-06  1.7869269429e-05 -2.4397166091e-05 -7.0518534300e-06 -3.1498636244e-05 -2.7193470901e-05 -1.2213945192e-04  1.0163843270e-04 -3.0569322965e-03 -6.1538478377e-04 -3.7154644291e-03  8.2593208484e-06 -1.0210657467e-05 -1.3842396365e-04 -4.1028777739e-05  5.2279380274e-05  5.4737469712e-05 -3.2944710082e-05  1.1866390934e-04 -1.0627594768e-04 -4.0824545206e-05 -1.2451417718e-05 -1.6888933545e-05  5.6881193689e-05  3.2789497153e-05  2.9676247634e-05  1.0351991891e-05 -5.6948547466e-06 -5.1706382658e-06  2.4308913718e-07  8.3256488833e-07 -3.3675585746e-06 -9.7049409186e-07 -2.1967995143e-07 -3.3755860514e-06 -1.4319281278e-07  2.1510223173e-06 -6.7779740201e-06 -3.4851064091e-06  7.0680595844e-06 -3.4804846761e-07  3.9915063628e-06 -5.2726538525e-06  1.8375189904e-06  7.0262417434e-06  6.2326766293e-06  4.8308099340e-06 -5.8082557956e-06  4.4139660109e-06  6.6938008748e-07  9.1699670611e-07  3.8011219718e-06 -3.7702885662e-06  1.4731368948e-04 -1.8960420725e-05 -4.0274953801e-05  2.8891156962e-05  4.5827512211e-06  6.9737796205e-06

JOB 18
COORDS -4.4626052046e-01  5.7810348831e-02  1.4891600279e+00  1.2626404842e+00 -2.5853928192e-01  3.1554751536e+00 -1.1254744403e+00 -1.0034611839e+00  2.0708381386e+00  7.7714779171e-01  4.4550942779e-01  2.0605312788e+00  4.7229684379e-01 -1.3024656626e+00  3.6738224511e+00  2.1964482639e+00  1.3226773241e+00  2.7537133864e-01  9.6802697338e-01 -3.6254339876e+00  6.4516934184e+00  3.7403231192e+00  2.3608565462e+00 -1.3132425639e+00  1.9752296186e-01 -3.0582907340e+00  5.2726505810e+00 -6.9193650965e-01 -1.6777646216e+00  3.1537521692e+00  1.5189897354e+00  1.5243787364e+00  1.4981775479e+00  3.1176577046e+00  2.3205771276e+00  7.9065711430e-03  1.9902020097e+00  3.7118393047e-01 -4.6428529451e-01  9.6775095465e-01 -1.9503000901e+00  4.7571748361e+00 -8.3747526090e-01  5.6901949834e-01  6.1717450480e-01  2.2199301123e+00 -2.9002429211e-02  3.6140436961e+00 -2.0759220584e+00 -1.3362718283e+00  1.6576805658e+00  1.9567187161e+00 -3.9755474870e+00  6.1399561738e+00  1.0989571109e+00 -2.8704705499e+00  7.2329149152e+00  4.2023348418e-01 -4.4722400519e+00  6.8781296826e+00  4.5845008037e+00  3.0541203535e+00 -1.2831877075e+00  3.0399517081e+00  2.6724428273e+00 -2.0982685417e+00  4.1080276580e+00  1.3646723187e+00 -1.5605911757e+00 -7.9426218553e-01 -2.7010354830e+00  5.5666486061e+00  6.0324045417e-02 -3.7998147004e+00  4.4796068043e+00  2.0897141838e+00  2.0055885983e+00  2.1864850305e+00  2.9313572004e+00  3.2190643217e+00  4.3726445325e-01
ENERGY -6.656349908603e+02
GRADIENT -2.8969037680e-06  1.5048626053e-05 -1.7823116389e-05  1.7671541216e-03 -2.4646088500e-03 -2.3966441486e-03  4.2472951139e-05  6.9530441728e-06  7.3085547564e-06 -1.2338017008e-03  3.1780623540e-03  4.4159510584e-03 -5.2952807861e-07 -1.1182017247e-05  8.8399390276e-06  3.1153656757e-03 -1.1655591408e-03  1.9638896755e-03  2.9742175339e-08 -1.3109862703e-07 -5.9627170471e-06 -1.0343186166e-05  2.1644459079e-05 -2.7459904792e-05  3.6250672857e-06 -3.5254606345e-07 -7.9240895221e-06 -2.6077617760e-06 -1.0358803982e-06 -2.0258711017e-06 -3.6995708381e-03  3.5445654711e-04 -3.9004850524e-03  6.1358141434e-05 -4.7452674444e-06 -3.5321060727e-05 -3.6353817892e-05  5.7141656430e-05 -2.5589107392e-05 -7.4035536522e-08 -6.2668174492e-06  5.8698774671e-06  2.5441735536e-06  4.6585316790e-06 -6.3258583016e-06 -6.3661263180e-06 -7.0946286851e-07 -3.1732875222e-06  4.1302725851e-06  1.1402794409e-06 -6.1690844388e-06  3.0053721416e-07  3.2954009144e-07 -5.1972901198e-06 -4.2496410356e-07  7.2869417406e-08 -5.1065405529e-06 -3.2221979374e-07  2.9816875410e-07 -6.0893031969e-06  8.7386921940e-07  2.6607092877e-06 -3.1671166714e-06  5.6012769071e-06  3.2071290885e-06 -4.1984783650e-06  6.6372889547e-07  1.6968077853e-06  5.4715161485e-06 -4.9082520051e-07  2.0738330159e-07 -5.8027047024e-06  1.8834184567e-07  4.3867734396e-07 -5.4986332303e-06  2.4209523758e-05  1.7943024086e-05 -4.4269784712e-05 -1.5049716270e-05  1.4544809560e-05 -2.0398719065e-05

JOB 19
COORDS -2.8364640748e-01 -1.9817900904e-02  1.4007422719e+00  1.3465786564e+00 -3.1976445756e-01  3.1491762804e+00 -1.0031534093e+00 -1.0543314610e+00  1.9807792883e+00  9.2287199834e-01  3.6408098868e-01  2.0142376524e+00  5.1777542644e-01 -1.3374568250e+00  3.6568269739e+00  2.2110834582e+00  1.3613440864e+00  1.7178646492e-01  8.4852624941e-01 -3.5878818732e+00  6.5182090411e+00  3.6557130616e+00  2.5093315684e+00 -1.4347445559e+00  1.4063571997e-01 -3.0399404737e+00  5.2916801828e+00 -6.2907905051e-01 -1.7095045046e+00  3.0975936887e+00  1.7026920334e+00  1.4236113121e+00  1.4869540213e+00  3.1827758449e+00  2.3172410635e+00 -6.5835074615e-02  1.8380533880e+00  5.5139041110e-01 -6.6497670895e-01  9.5587232274e-01 -1.9643365894e+00  4.7773259915e+00 -6.3045074080e-01  4.6908907865e-01  4.9888219884e-01  2.2835805591e+00 -9.1266755015e-02  3.6490215656e+00 -1.9408246679e+00 -1.3810232689e+00  1.5347722754e+00  1.8411908890e+00 -3.9682869351e+00  6.2588607693e+00  9.6396531765e-01 -2.8129270915e+00  7.2821298262e+00  2.6454296432e-01 -4.4096978024e+00  6.9455627342e+00  4.5564720761e+00  3.1274460556e+00 -1.4118103687e+00  2.9028121706e+00  2.9849486062e+00 -2.0756077167e+00  3.9031597141e+00  1.5375647636e+00 -1.8627599265e+00 -8.5437295145e-01 -2.6534882310e+00  5.5331905012e+00  1.9775958335e-02 -3.8020454461e+00  4.5156808851e+00  2.3721916552e+00  1.7882480319e+00  2.1567919354e+00  3.1379209185e+00  3.1499359775e+00  5.0921573446e-01
ENERGY -6.656372546405e+02
GRADIENT  1.3436580141e-04 -3.7243555329e-05  1.3059931190e-04  1.9745592654e-03 -2.2891302882e-03 -1.8677177603e-03 -1.8686965678e-04 -1.1275745159e-04 -2.0044486843e-05 -1.1652267124e-03  2.5545297014e-03  3.7304530679e-03 -3.2416959014e-05  1.5238289504e-04 -2.1104653438e-04  2.9221046012e-03 -1.4285592374e-03  1.1803398266e-03 -4.9374485717e-07 -1.8474691323e-06 -1.2414915951e-06  4.1341415950e-06  9.5435006997e-06  9.4096934744e-06 -2.7285266502e-05  1.5318884512e-05 -1.4123226271e-05 -3.0459234208e-05 -4.8164466368e-05  3.5822318155e-05 -3.7337030759e-03  1.2138120636e-03 -2.8123952095e-03  5.9072292623e-05 -5.4845440889e-05 -1.9202216851e-04  6.5678229018e-05  9.1994952943e-05  1.0713765430e-04 -2.4514376936e-05  5.0286216707e-05 -1.0832448119e-04 -1.4024127127e-05 -9.9116376579e-06  1.1990871408e-05  3.1441460668e-05  2.3752340777e-05  8.7254919622e-06 -1.5651793257e-05 -5.6542391019e-06 -5.1601231164e-07 -6.7866927265e-07 -2.3682431162e-06 -3.2006149114e-06 -3.6463290642e-07 -3.4411757318e-06 -1.9542976643e-06  2.6475816944e-07 -2.9133034516e-06 -3.3162901603e-06 -2.7595290621e-06  7.5309569771e-07 -1.1256065301e-05 -6.9169236013e-06  3.6235573801e-06  2.7194147829e-06  3.6457385766e-06 -5.3751495953e-07 -4.3484583995e-06 -2.4625944172e-06 -1.8811602331e-08 -3.3468926362e-06  4.8880433941e-06 -5.7563697330e-06 -7.8463961715e-06 -9.9590393951e-06 -8.9821818074e-05  7.0078469010e-05  2.7244035758e-06 -2.6157737543e-05 -2.8057649605e-06

JOB 20
COORDS -1.7368198223e-01 -1.1333898169e-01  1.3589695105e+00  1.4013614672e+00 -3.9965941051e-01  3.1612830511e+00 -9.3217249578e-01 -1.1096863280e+00  1.9560471217e+00  1.0304214979e+00  2.5709343806e-01  1.9899063903e+00  5.3708701609e-01 -1.3813151364e+00  3.6766220726e+00  2.1984336884e+00  1.3902401775e+00  1.2101990647e-01  7.3778636289e-01 -3.5433686522e+00  6.6174182402e+00  3.5388720395e+00  2.6741808456e+00 -1.4730499961e+00  7.5339945510e-02 -3.0192101605e+00  5.3555553075e+00 -6.0490486400e-01 -1.7427236648e+00  3.0998933438e+00  1.8551574999e+00  1.2821352855e+00  1.4812472760e+00  3.2084074589e+00  2.3113088465e+00 -9.6960763037e-02  1.6731705979e+00  7.3997501250e-01 -7.7250802598e-01  9.3150410290e-01 -1.9831604948e+00  4.8272346270e+00 -4.8668009691e-01  3.5007116519e-01  4.3307004289e-01  2.3273334267e+00 -1.7580350574e-01  3.6837017676e+00 -1.8675067395e+00 -1.4237546503e+00  1.4960904580e+00  1.7262160836e+00 -3.9576169752e+00  6.3964711156e+00  8.5476537853e-01 -2.7461407577e+00  7.3578430637e+00  1.2189443496e-01 -4.3350019817e+00  7.0567866536e+00  4.4801905977e+00  3.2289817707e+00 -1.4731764483e+00  2.7570360412e+00  3.2815171456e+00 -1.9459144616e+00  3.6641948429e+00  1.7631169505e+00 -2.0586933042e+00 -9.1477826258e-01 -2.5994988682e+00  5.5585135839e+00 -4.6544255170e-02 -3.8039176055e+00  4.6025833216e+00  2.5948573086e+00  1.5550045906e+00  2.1188016729e+00  3.2963702921e+00  3.0509879379e+00  5.8940342814e-01
ENERGY -6.656391149996e+02
GRADIENT  5.2651300549e-06  6.4833806921e-05 -7.2246956646e-05  1.3900247539e-03 -1.7110519148e-03 -1.3485293358e-03  1.2355142020e-05 -7.2450810192e-06  4.9605835022e-06 -8.1563829462e-04  1.6656548926e-03  2.3788673802e-03  1.0041207498e-05  3.2226452066e-05 -5.9231126064e-07  2.0976759301e-03 -1.4708755317e-03  4.6334542463e-04  2.8323983451e-06 -3.4888527649e-07 -2.7377226099e-06 -2.1916793495e-06  6.8050098476e-06  6.3811378932e-06 -1.0181414232e-06  6.4539109752e-06  3.3896866689e-06 -1.0654737503e-05  6.1324959016e-06 -2.2037904394e-05 -2.6354930587e-03  1.4185293302e-03 -1.4654350856e-03  3.5524146064e-05  1.3386435063e-08 -5.8085976704e-05  1.4830407579e-05  2.7081875201e-05  2.9776135452e-05  1.4112383312e-05 -2.4824043812e-06 -1.4988633173e-05 -8.5862192810e-06  5.3401841883e-06 -1.0335081958e-05  9.1054229092e-06  3.1571009189e-06  6.7828714678e-06  5.4521744195e-06  6.9425903963e-06 -9.7766001673e-06  2.9289348582e-06  2.3255485447e-07 -2.2452281379e-06  1.6915576409e-06  3.8123165525e-08 -2.9701829411e-06  2.5456792365e-06 -4.9279848000e-07 -3.5870029182e-06  1.9279484505e-06  5.3057336412e-06 -1.5786479258e-06  1.7717586024e-06  4.9155609080e-06 -1.3936578220e-06  4.4721419082e-06  3.6011871997e-06 -2.2091286839e-06  2.9057320377e-06 -3.7887253950e-06 -6.5768083532e-06  6.3380289119e-06 -3.0617685622e-06 -3.2645846017e-06 -8.1906721275e-05 -1.1480631274e-05  1.0283467388e-04 -6.3871329353e-07  4.2681124278e-06 -6.8029460530e-06

JOB 21
COORDS -7.2255166398e-02 -2.2111124360e-01  1.3018071865e+00  1.4643102464e+00 -4.8941675693e-01  3.1404199304e+00 -8.6785126427e-01 -1.1724831012e+00  1.9246035937e+00  1.1359419423e+00  1.3506397300e-01  1.9365890929e+00  5.6764495580e-01 -1.4299327071e+00  3.6727166564e+00  2.2006152682e+00  1.4080109466e+00  7.1801497664e-02  6.6202089027e-01 -3.4924675876e+00  6.6896273259e+00  3.4456893409e+00  2.8364670541e+00 -1.4757694949e+00  3.2296238529e-02 -2.9918930807e+00  5.4016619703e+00 -5.7713072340e-01 -1.7783799127e+00  3.0921021068e+00  2.0077955416e+00  1.1139142565e+00  1.4293085217e+00  3.2412172055e+00  2.2987313993e+00 -1.3287391578e-01  1.5401589691e+00  9.2611578455e-01 -8.3971535181e-01  9.2817688134e-01 -2.0032204995e+00  4.8490678721e+00 -3.5843092881e-01  2.1561347028e-01  3.5569684059e-01  2.3844691754e+00 -2.6992476849e-01  3.6751186860e+00 -1.8061929849e+00 -1.4722518279e+00  1.4609716528e+00  1.6388961899e+00 -3.9460801281e+00  6.4962243721e+00  7.9626989365e-01 -2.6739288145e+00  7.4033945247e+00  1.5283134478e-02 -4.2478194200e+00  7.1481600431e+00  4.4179632243e+00  3.3338208733e+00 -1.5100830673e+00  2.6617580028e+00  3.5465645638e+00 -1.7672003660e+00  3.4430419160e+00  2.0131628304e+00 -2.1904937844e+00 -9.4596965891e-01 -2.5336600311e+00  5.5769629326e+00 -1.0626391166e-01 -3.7984168900e+00  4.6751408597e+00  2.8025497083e+00  1.3068775965e+00  2.0273087635e+00  3.4546142074e+00  2.9272368537e+00  6.3211541522e-01
ENERGY -6.656403609983e+02
GRADIENT -4.5742138360e-06 -1.0416566505e-05 -9.7857408702e-07  7.5278008799e-04 -1.0453515089e-03 -7.5441502176e-04 -3.6954758126e-05  3.4186501166e-06 -2.9192018995e-05 -4.3612956483e-04  9.2534552734e-04  1.0562633675e-03  2.5520383262e-05 -8.9513152145e-06  1.7849584414e-05  1.2405141571e-03 -1.1062963470e-03 -8.2445706129e-05  1.6005380602e-06 -3.2878657653e-06 -1.8942515314e-06  1.3798578579e-06 -5.2524451694e-06 -2.5802275304e-06  1.1989139275e-06 -1.7447280967e-06  4.8369851802e-06  9.7944749503e-06  1.9267287960e-05 -1.9928819589e-05 -1.5691353888e-03  1.1708148180e-03 -1.6085956885e-04 -2.0197291929e-05  1.7063627601e-05 -8.3703694887e-06 -7.6527792766e-08  1.4194082207e-05 -1.2634215688e-06  1.2983429702e-05 -7.9203657151e-06  9.0746462192e-06 -4.1595702673e-06 -4.8199594680e-06  5.5967389394e-06 -2.6963135017e-07 -4.1627900495e-06  2.0652744115e-06 -3.9749739563e-06  2.9157195921e-06 -5.9401233204e-06  2.0977375811e-06 -4.0629066462e-06 -3.5788859218e-06  3.2924103886e-06 -4.4756748257e-06 -1.8151433301e-06  2.5265909488e-06 -4.1976408761e-06 -2.4575348889e-06  1.6994253900e-06 -7.2158262502e-06 -6.0590892738e-06  2.9336834950e-06  6.7700989839e-06  1.6467092220e-06 -1.1556295527e-05 -1.4980061928e-06 -8.8938570485e-07  2.2250211063e-06 -3.9847967058e-06 -6.5031530292e-07  1.4011753865e-07 -2.7599919742e-06 -1.7431222699e-07  3.3882395362e-05  1.8304093379e-05 -5.0649941857e-05 -4.7155392976e-06 -2.5805499475e-06 -1.0355178832e-06

JOB 22
COORDS  7.4032232724e-03 -3.1847868445e-01  1.2379469528e+00  1.5171789234e+00 -5.6386499686e-01  3.1028445216e+00 -8.1908432811e-01 -1.2242437239e+00  1.8892073675e+00  1.2207993531e+00  2.5353293412e-02  1.8713029018e+00  5.9323767005e-01 -1.4630053647e+00  3.6564941375e+00  2.2000473131e+00  1.4302376030e+00  3.7366166947e-02  5.9739549311e-01 -3.4103940923e+00  6.7506853398e+00  3.3702374533e+00  2.9898156641e+00 -1.4388218805e+00 -4.1438686681e-03 -2.9423146675e+00  5.4372441864e+00 -5.5660488951e-01 -1.7998686689e+00  3.0778098139e+00  2.1382202145e+00  9.4807116365e-01  1.3480618601e+00  3.2753131486e+00  2.2809438076e+00 -1.6492378008e-01  1.4135568539e+00  1.1253391720e+00 -8.5143348963e-01  9.2744013466e-01 -2.0046223846e+00  4.8555728703e+00 -2.5883259944e-01  9.5040268577e-02  2.7633056191e-01  2.4345101158e+00 -3.4599813216e-01  3.6431911833e+00 -1.7618375328e+00 -1.5124660149e+00  1.4270331611e+00  1.5613709498e+00 -3.9014282893e+00  6.5860448599e+00  7.5040078367e-01 -2.5685672290e+00  7.4329060380e+00 -7.7065046655e-02 -4.1264362865e+00  7.2318200004e+00  4.3647454651e+00  3.4353094229e+00 -1.5184234631e+00  2.6095033351e+00  3.7737581837e+00 -1.5407622891e+00  3.2352752252e+00  2.2759640774e+00 -2.2517615006e+00 -9.6914596048e-01 -2.4474200237e+00  5.5840438235e+00 -1.6124256557e-01 -3.7725519618e+00  4.7418962049e+00  2.9737445850e+00  1.0723152186e+00  1.9062841738e+00  3.6152798218e+00  2.7840486326e+00  6.4560374536e-01
ENERGY -6.656410019333e+02
GRADIENT -7.5217187552e-05  6.9964845377e-05 -2.8667832086e-04  2.4706367816e-04 -4.4979761663e-04 -3.2447344039e-04  2.9780424965e-04  7.6437958525e-05  1.6726771416e-04 -2.6440308819e-04  2.7607978132e-04  3.3965440811e-04 -4.5458699214e-05 -5.7708992203e-05  3.5647147453e-05  4.5011485180e-04 -4.8473375542e-04 -2.4060197907e-04  1.8597016593e-06 -5.1772535338e-06  2.0152119228e-06 -6.3743887370e-05 -5.7716977662e-05  2.7724271328e-06  1.4467745143e-05 -1.5843427996e-05 -3.6856961642e-06 -4.3818274094e-05 -4.5580305667e-05  2.7810416474e-05 -6.7525275515e-04  6.3168502436e-04  2.7508677511e-04  5.6999820192e-05  4.7090645373e-05  1.9290934053e-05  2.5353529515e-05 -1.0871222708e-05  2.6480229440e-05 -1.0331445702e-05 -1.8864276251e-05  5.3025209644e-05 -1.7934510197e-06  2.4227220464e-05 -2.2449329379e-05 -1.6480759797e-05 -6.9603524304e-06  1.5433359264e-05  2.4153984158e-05 -1.8658129433e-06  1.8002603244e-05  4.8272882769e-08 -5.2320784613e-06  2.5202887860e-06  1.3091043366e-06 -4.3650782638e-06  3.1355535742e-06 -1.9656397814e-07 -3.8915729762e-06  4.2349427515e-06 -3.8901496645e-06 -1.9832342711e-05 -4.2009307845e-06  8.0343370776e-07  4.9467309311e-06  7.6867065660e-06 -1.9453277768e-05 -8.5735244976e-06 -4.9582278023e-06 -1.3406679890e-06 -2.2874529016e-06  7.3934547541e-06 -5.6103264964e-06 -2.8972234893e-08  4.1073331226e-06  5.1210977501e-05 -7.0098783508e-05 -8.0772173065e-05 -1.6485679488e-05  2.6012857447e-07  6.3390022233e-06

JOB 23
COORDS  7.7484049003e-02 -4.0042021887e-01  1.1608880764e+00  1.5762099566e+00 -6.3120348450e-01  3.0373960266e+00 -7.7969329713e-01 -1.2554285267e+00  1.8408908721e+00  1.3015869272e+00 -7.6140341598e-02  1.7844544678e+00  6.2499222183e-01 -1.4842346547e+00  3.6160667662e+00  2.2109325211e+00  1.4480487218e+00  3.8097039761e-03  5.5355645956e-01 -3.3101891409e+00  6.7828287732e+00  3.3108839556e+00  3.1470932493e+00 -1.3700623939e+00 -2.5462377958e-02 -2.8772988806e+00  5.4473746027e+00 -5.3545701863e-01 -1.8018369639e+00  3.0468717028e+00  2.2596346013e+00  7.8127488018e-01  1.2283249856e+00  3.3027730480e+00  2.2786216784e+00 -1.9541959441e-01  1.3263680426e+00  1.2989273153e+00 -8.3194955234e-01  9.4058624074e-01 -1.9973112593e+00  4.8326798107e+00 -1.7611257156e-01 -3.3783876787e-03  1.8909553238e-01  2.4974732780e+00 -4.2173203936e-01  3.5744012214e+00 -1.7317785647e+00 -1.5261296613e+00  1.3871925890e+00  1.5011977039e+00 -3.8397510695e+00  6.6449335339e+00  7.3153966124e-01 -2.4461749602e+00  7.4303798528e+00 -1.4707924371e-01 -3.9824502993e+00  7.2890672626e+00  4.3131128185e+00  3.5659345164e+00 -1.4883786504e+00  2.5807139208e+00  3.9624286282e+00 -1.2949048293e+00  3.0685341349e+00  2.5527657180e+00 -2.2514248223e+00 -9.7356146099e-01 -2.3441558418e+00  5.5675111910e+00 -2.0771799598e-01 -3.7301936290e+00  4.7863636996e+00  3.1136296516e+00  8.7193449984e-01  1.7637777074e+00  3.7498525334e+00  2.6537363145e+00  6.3209699457e-01
ENERGY -6.656411038816e+02
GRADIENT  5.9247402889e-06  3.5735283339e-05 -7.2206140474e-05  1.2371107741e-05  1.8984225294e-04  1.0382168598e-04 -1.0167209517e-04  5.1831590335e-06 -8.7143168184e-05 -8.1583604455e-06 -1.8341242311e-04  9.8058283893e-06  8.3462674474e-05  1.3535863788e-05  1.0550950707e-04 -1.4432380087e-04  1.0393578888e-04  1.0212766660e-04 -1.3508132645e-06 -7.3877108945e-07  5.0700405749e-06  2.0561713852e-05  9.8327215338e-06  2.6195039036e-06 -3.9768493540e-06  5.9068822922e-06  3.0857668526e-05  2.4086696620e-05  5.5047988017e-05 -8.7201742910e-05  1.7546244923e-04 -3.6554161122e-04 -2.2222273498e-04  2.7756180882e-05 -3.4090575651e-05  3.6772566142e-05 -6.0888067343e-05  2.7443579040e-05  1.1522236319e-05  3.7994417881e-05 -1.6763560119e-05  2.7176552821e-05 -2.4077226779e-05 -8.2554281626e-06  3.1663445566e-07 -3.6502795588e-06 -2.7057720879e-06  2.4773538655e-05 -3.0246220730e-06  5.0294688831e-06 -2.9774197075e-05 -7.3755800241e-07 -2.3767944331e-06  6.7179098065e-06 -7.9354413042e-07 -4.9445684702e-07  3.3473938940e-06 -1.3157628937e-06 -1.0776920324e-06  5.4876369694e-06  2.2836288656e-06 -1.0258295032e-05 -3.4693561165e-07  2.4665430459e-06 -1.8054328855e-06 -4.9007709365e-06 -1.0893248022e-05 -3.8672879907e-06  7.5076693255e-06 -9.9913077143e-08 -1.4415142005e-05  2.3765329142e-08  5.0427318023e-06 -7.5442317508e-06  7.6104448864e-06 -4.0797784493e-05  5.1138003447e-05  6.9713463105e-05 -2.8749648381e-05  3.3952560741e-05  9.7046309097e-06

