JOB 0
COORDS  1.3277849141e+00  8.2791646687e-03  1.7022402591e+00  1.5826633865e+00 -5.9797861442e-01  2.9291040230e+00 -6.9215354101e-01 -1.2920079080e+00  1.5923065314e+00  1.5047882493e-01 -3.1510022268e-01  9.9185660216e-01  6.6805431772e-01 -1.5273339835e+00  3.4233959236e+00  8.7113097102e-01  1.0083678824e+00 -9.3115783593e-01 -1.2802396465e+00 -2.5450586307e-01 -9.9507313047e-01  8.7851012732e-01 -2.2304273806e+00  4.7436006364e+00 -4.4355225078e-01 -1.8691019753e+00  2.7630853968e+00 -1.6853552952e-01  2.7848716457e-01 -2.1583378254e-01  2.0244140913e+00 -1.8165394377e+00  5.3498394127e+00 -1.3475089601e-01 -1.9990692753e+00  5.6123276515e+00  9.7215454339e-01 -3.5744211661e+00  4.5970627566e+00  2.0391408649e+00  7.2512013567e-01  1.3098976784e+00  2.4805501235e+00 -3.5398445028e-01  3.4862889328e+00 -1.6030929208e+00 -1.6159053755e+00  1.0987487369e+00  4.6115482097e-01  1.3879459835e+00 -1.8677324229e+00  1.7428721731e+00  3.7850022583e-01 -1.1641545802e+00  1.2135570261e+00  1.8719718450e+00 -3.5139430878e-01 -1.4122472413e+00  3.5584239072e-01 -1.8894006388e+00 -2.2128201695e+00 -2.0415021056e-01 -4.2490335479e-01 -1.1192787248e+00 -1.2974957539e+00 -1.3069671755e+00
ENERGY -7.194478573255e+02
GRADIENT  2.6024051127e-05  4.3855284119e-06 -5.4189155016e-06 -2.2900801061e-05  6.1668220626e-06 -3.9106986875e-05  3.4269136651e-04 -4.1442159706e-04 -2.8940703264e-04 -3.9956353982e-04  4.3281721134e-04  2.5951978029e-04 -4.6939201280e-06 -6.0979888991e-06  1.9213646467e-05  1.8518060549e-04 -4.9021230803e-04 -2.1995010487e-04  7.9643361288e-06 -6.6803568267e-05  4.1216183530e-05 -1.0535980187e-05 -8.9970860814e-06 -1.4652014053e-07  1.7097819225e-05 -1.0563405074e-05  3.6186751434e-05 -1.0132671528e-04  5.6506042036e-04  1.7634379315e-04  4.4998079134e-06  4.8568832018e-06  1.9844540511e-06  5.6977505912e-06  4.9143753638e-06  7.1311111606e-06  1.0041867118e-05  1.9116726552e-07  2.2886054902e-06 -6.3565594359e-06  1.2928477596e-05 -5.8278278653e-06 -1.5818935885e-06  2.9305320622e-06 -5.1533529456e-06 -1.7986742530e-06  4.6948650718e-06  2.3274542410e-06  2.7912519624e-06 -4.7180615882e-06  3.3753235044e-06  4.9043506205e-06 -9.8116043304e-07 -1.4147516231e-05  7.2704987773e-06 -4.3521567794e-06  6.8890330818e-06 -1.5042728795e-05  2.2385354067e-06  1.1450570789e-05 -6.7667722449e-06 -2.2691237713e-07  6.2849813719e-06 -4.5524286461e-06 -7.1938998058e-06  1.0454813295e-05

JOB 1
COORDS  1.1560854141e+00  1.3168913610e-01  1.7678858672e+00  1.3838121639e+00 -4.6633519921e-01  3.0033778038e+00 -7.6078143721e-01 -1.2973369955e+00  1.5360528308e+00  4.2075408322e-02 -2.5784146150e-01  9.9365123187e-01  5.0568909785e-01 -1.4584440389e+00  3.4404066939e+00  8.8449143612e-01  8.4887205070e-01 -1.0129119147e+00 -1.3503126616e+00 -2.0332741441e-01 -1.0151706062e+00  6.9094011169e-01 -2.1594594002e+00  4.7664047836e+00 -5.4057224989e-01 -1.8681912881e+00  2.7174268728e+00 -2.3983158907e-01  3.3143674748e-01 -2.3362723216e-01  1.7689869310e+00 -1.6728234896e+00  5.4388560278e+00 -3.8319647062e-01 -2.0076654117e+00  5.5769796651e+00  8.8694867481e-01 -3.4914982411e+00  4.6158730357e+00  1.8361225005e+00  9.0034568488e-01  1.4195621344e+00  2.2304460288e+00 -1.6780142873e-01  3.6117997528e+00 -1.6166401430e+00 -1.6798581781e+00  9.8927064116e-01  5.1104234234e-01  1.2261941327e+00 -1.9660567692e+00  1.6437064565e+00  7.8221996913e-02 -1.2138005481e+00  1.3665441977e+00  1.6871360023e+00 -5.0243996694e-01 -1.5083862137e+00  4.3562078715e-01 -1.8858757326e+00 -2.2712994669e+00 -1.8815871446e-01 -4.2665039032e-01 -1.1760488016e+00 -1.2327745281e+00 -1.3664967517e+00
ENERGY -7.194469732315e+02
GRADIENT -4.9796196888e-05  8.1303393731e-05 -6.1587085409e-05 -5.9381880644e-05 -1.0473217397e-04  6.2688663810e-05  1.1874718827e-03 -1.5414090068e-03 -7.9870939700e-04 -1.6545028027e-03  1.3816685501e-03  1.0515589455e-03  1.3784545966e-04  9.7169151266e-05  4.8483335116e-05  1.9629360842e-04 -1.7961944712e-03 -9.6155707390e-04 -4.9512229286e-05  3.5434664777e-05 -5.9468469530e-05  4.0408506408e-05 -1.5541776956e-05 -3.5775382521e-05 -1.1038065183e-04 -5.2418797414e-06 -1.6062199548e-04  3.7199410473e-04  1.8632330737e-03  9.0286771387e-04 -1.2213140184e-06 -1.1648135162e-05 -6.7674375926e-06 -1.1528181596e-05 -3.6971979709e-06  1.3237468556e-05  2.5064497604e-06  2.2439566803e-06  2.2941239011e-06  1.9221591677e-05 -2.0608894780e-05 -2.4499244509e-05  1.0617901776e-05 -5.6736164677e-06 -8.0469885053e-06  1.5020395784e-05 -2.3087153339e-06 -3.7855173290e-05 -7.0045129311e-06  2.5435982005e-06  1.8116839429e-05  7.5541409166e-06  1.1344951067e-05  1.7994238160e-05  1.6138808307e-06  1.9498379767e-05  8.8099307260e-06  2.1267714235e-05 -5.3925103913e-06  7.7763520808e-06  1.3280818104e-05 -1.7681255948e-05  2.8331522608e-05 -6.6716792529e-06  7.7919665793e-06 -8.9478400675e-06

JOB 2
COORDS  1.1242217830e+00  2.2620021180e-01  1.8462971613e+00  1.3703514939e+00 -3.9945240176e-01  3.0630050660e+00 -6.3377420520e-01 -1.3662280832e+00  1.4833143895e+00  9.2995041806e-02 -2.4626376196e-01  1.0085406534e+00  5.7858307084e-01 -1.4924396394e+00  3.4240009845e+00  9.2525332659e-01  7.1751846044e-01 -1.0832007070e+00 -1.3624302275e+00 -1.0096933702e-01 -9.4882104451e-01  7.8858128523e-01 -2.2310986416e+00  4.7271501163e+00 -4.0280680185e-01 -1.9634020787e+00  2.6527961575e+00 -2.0003809780e-01  3.7822381552e-01 -2.0902698937e-01  1.8000945745e+00 -1.6811342091e+00  5.4515818826e+00 -3.1673452764e-01 -2.2081618297e+00  5.5081830356e+00  1.1061144045e+00 -3.5323346397e+00  4.5276722370e+00  1.7145706494e+00  1.0911650166e+00  1.5630503248e+00  2.1533675834e+00 -3.9972797598e-02  3.7215200317e+00 -1.4372342702e+00 -1.7966501826e+00  8.9392808552e-01  5.8273260171e-01  1.4134140131e+00 -1.8536967808e+00  1.3450394922e+00 -1.7369934452e-01 -1.5765694689e+00  1.7229621636e+00  1.2091422612e+00 -5.2714586521e-01 -1.5556489060e+00  5.8610209392e-01 -1.7764271914e+00 -2.2458470427e+00 -1.0489921180e-01 -3.0575615810e-01 -1.2250026325e+00 -1.1113503569e+00 -1.3681965317e+00
ENERGY -7.194458747707e+02
GRADIENT  6.7224575867e-05  2.2833492418e-05  5.0833300243e-05 -3.5522645076e-06  1.9221337347e-05 -9.4318762368e-05  9.5701358414e-04 -8.4207773841e-04 -7.3780540979e-04 -1.5118456490e-03  7.1863243912e-04  7.8698868465e-04 -1.3473766495e-05 -5.0658397227e-05 -8.6228636652e-06 -4.7527441507e-05 -1.1602584694e-03 -5.6180976720e-04  6.8047372484e-06  4.0783185925e-06  5.0426047991e-05 -1.6059528931e-05 -1.2776918034e-05  2.0322241382e-05  4.1945778955e-05 -5.3973742413e-06  8.9579691747e-05  6.1748216681e-04  1.3133797637e-03  4.0079051283e-04  8.3885144488e-06 -3.2324855261e-06 -2.0361823943e-06  2.0880201574e-05 -2.2069230520e-06 -2.8963181552e-06  1.4039098708e-05 -5.2662758336e-06 -5.5694710493e-06 -1.7655835268e-05  2.5256110465e-05 -2.3724905159e-05 -9.3961645134e-06  2.1082405436e-06  7.2349420769e-06 -1.0830723602e-06 -1.3258172518e-06  3.4343223896e-05 -3.5588292518e-06 -8.5645824905e-06  2.2618683206e-06 -8.6624100408e-07  8.8980183809e-08 -6.2791467801e-06  3.3072811120e-06 -1.9713649816e-05  2.2797608101e-05 -3.4126784658e-06 -4.3777361724e-06 -2.0350726298e-06 -3.0769230280e-06  1.2720046387e-05 -1.1684798350e-05 -4.8505749735e-06 -2.4573931694e-06  5.1466222555e-06

JOB 3
COORDS  1.0671328665e+00  3.0092507901e-01  1.8685250983e+00  1.3506816938e+00 -3.4865246282e-01  3.0648943496e+00 -5.3257223138e-01 -1.4262470105e+00  1.4055942587e+00  9.9679452208e-02 -2.3093951043e-01  9.9598145750e-01  6.5239624017e-01 -1.5221284323e+00  3.3631919219e+00  9.3757792242e-01  5.6915447023e-01 -1.1434958223e+00 -1.4055359382e+00 -2.8712456090e-03 -9.1224926220e-01  9.0427812087e-01 -2.2910079657e+00  4.6428322649e+00 -2.7135263621e-01 -2.0482146100e+00  2.5574208563e+00 -1.9172491235e-01  4.1869252605e-01 -2.1856536246e-01  1.8676877550e+00 -1.6971730030e+00  5.3969213223e+00 -2.0694125410e-01 -2.3726899653e+00  5.4111065838e+00  1.3142955573e+00 -3.5575002023e+00  4.3996386979e+00  1.5726625551e+00  1.2289873829e+00  1.6182612397e+00  2.0846349101e+00  5.1312240483e-02  3.7557472159e+00 -1.2884623321e+00 -1.8951696682e+00  7.8231969783e-01  6.7335436934e-01  1.2916590904e+00 -1.9211093744e+00  1.2015644730e+00 -3.8621077394e-01 -1.6260334899e+00  1.8186318618e+00  9.4387885942e-01 -6.2102690278e-01 -1.6166092021e+00  7.1451008391e-01 -1.7102430981e+00 -2.2529190224e+00  4.2115080722e-04 -2.2234707827e-01 -1.3239112432e+00 -1.0032004690e+00 -1.3698425473e+00
ENERGY -7.194446788076e+02
GRADIENT -1.4000567498e-05  6.1441541006e-05 -1.2331764826e-05 -6.6007339029e-05 -9.6188056791e-05 -6.6432936860e-06  2.0306677858e-03 -1.4578719000e-03 -1.0408548558e-03 -3.1925796048e-03  1.2876754126e-03  1.4005894152e-03  4.2002469078e-05  4.2825447541e-05 -1.6119683150e-06 -5.9318495586e-04 -2.0853264697e-03 -1.0154544737e-03 -3.0321175756e-05  7.4825413336e-05 -9.6858655823e-06  1.4742004729e-05 -1.6625368048e-05  1.2459777353e-05 -8.1993767825e-05 -3.6312817319e-05 -7.0225577639e-05  1.8981224108e-03  2.2351021295e-03  7.9987314065e-04 -1.1286342321e-05  1.4205010451e-05 -1.0558368647e-05 -1.4633296996e-05  1.3933888555e-05  9.1686005408e-06 -6.7563939883e-06  1.3846929875e-05  2.3192756507e-06 -8.8105129660e-06  9.4724291824e-06 -1.6810768763e-05 -8.6042059421e-06  1.1932696506e-05  5.9073373028e-06 -1.3728353513e-06  1.1464907564e-05  6.4047141302e-06 -7.3122315596e-06 -1.9862027224e-05 -3.1740079327e-07  2.7698328329e-05 -3.1674061904e-06  1.9190649502e-05  1.5795075853e-05  1.8524287858e-05 -8.1429502503e-06  2.9211304301e-05 -2.9005984819e-05 -1.8759684854e-05 -1.0474617707e-05  1.2694446035e-05  1.6878365162e-06 -1.5162451697e-05 -9.4486664536e-06  1.3913642461e-05

JOB 4
COORDS  1.0255994201e+00  3.9224083581e-01  1.9065673735e+00  1.3363373986e+00 -2.6773556854e-01  3.0920545814e+00 -4.0038302302e-01 -1.4527785165e+00  1.3447785444e+00  1.3147680912e-01 -1.9438887932e-01  9.9705034741e-01  7.3572165182e-01 -1.5067161257e+00  3.3309430130e+00  9.5923085570e-01  4.2284050113e-01 -1.1875648520e+00 -1.4168066674e+00  1.0946163302e-01 -8.6255769507e-01  1.0211804905e+00 -2.2916015383e+00  4.5952695821e+00 -1.1642810535e-01 -2.0884655536e+00  2.4847315902e+00 -1.4974487759e-01  4.6690243462e-01 -2.2485026540e-01  1.9154025656e+00 -1.6450690343e+00  5.3895410971e+00 -9.7385469913e-02 -2.4847288967e+00  5.3315143889e+00  1.5381064450e+00 -3.5118687986e+00  4.3247883682e+00  1.4524046847e+00  1.3663509264e+00  1.6839877696e+00  2.0148879369e+00  1.6937944513e-01  3.8162359412e+00 -1.0976449795e+00 -1.9611846789e+00  6.8397904756e-01  7.4893593706e-01  1.1112990267e+00 -2.0116087170e+00  1.1060208142e+00 -5.8860692150e-01 -1.6023535706e+00  1.8896231630e+00  7.3694713050e-01 -7.1005559363e-01 -1.6298199577e+00  8.4124389545e-01 -1.6476100735e+00 -2.2270936766e+00  1.5043554883e-01 -1.3051275975e-01 -1.4103315624e+00 -8.9012056704e-01 -1.3292209364e+00
ENERGY -7.194427732806e+02
GRADIENT  3.4101826401e-05 -7.2979555185e-05  5.6689339014e-05  3.1387405019e-05  4.4561221967e-05  9.7924769851e-05  3.0070077255e-03 -1.6036891447e-03 -1.4948158748e-03 -5.0666314415e-03  1.4266178726e-03  1.8749368062e-03 -1.5318913233e-04 -7.1138267463e-05 -1.2919297843e-04 -1.1226796915e-03 -2.7038117569e-03 -1.1735670315e-03  4.2680680026e-05  4.2101538764e-05  4.6971150369e-05  4.7423286370e-05  5.0006485066e-05  3.0549042468e-05 -5.7405062346e-05 -4.6877627198e-05 -3.3096213693e-05  3.1956061067e-03  2.9096380098e-03  8.6503547576e-04  1.7659098654e-06  4.9590744151e-05 -1.7835423489e-05 -2.4870868690e-05  2.2213909925e-05 -3.2276015047e-05 -1.3189268929e-05  5.3643185236e-06 -7.0241779653e-06 -5.9633886116e-06 -1.1641754005e-05  2.2306329521e-05  1.3655261794e-05  1.2395050012e-05  3.0943853330e-05 -1.4063307044e-05  3.5083567759e-06  1.8575258715e-05  9.9514801465e-07  1.8492856981e-06 -4.8170341377e-07 -2.1957148905e-06 -8.1703172724e-07 -1.2722295669e-06  5.2676820896e-06 -5.4210344158e-06 -4.0487835045e-05  1.1585067155e-05 -2.3568181533e-05 -2.2552690054e-05 -2.5544061742e-05  1.7115082324e-05 -2.5627972349e-05  4.3639425754e-06 -1.7378461146e-05  4.1532607214e-07

JOB 5
COORDS  2.2469931766e-01  6.5720719465e-01  1.7759812539e+00  5.7812590425e-01  3.7121266478e-01  3.0981205373e+00 -4.3609296650e-02 -1.7019643779e+00  1.4365597071e+00 -8.0519662280e-02 -3.9664653068e-01  9.0730941078e-01  6.0925348183e-01 -9.6312559842e-01  3.4968238838e+00  6.4263422629e-01 -2.9376930949e-01 -1.3864109998e+00 -1.3136279476e+00  9.5204887074e-01 -6.9836152807e-01  9.8070500653e-01 -1.3562344009e+00  4.9131993883e+00  3.0283091527e-01 -1.9872491227e+00  2.6901127511e+00 -4.8819473907e-01 -2.3162838247e-01 -4.5008593570e-01  1.2898400868e+00 -2.6781553247e-01  5.6667169187e+00 -3.1894725481e-02 -1.9987805245e+00  5.5382768870e+00  2.0549813604e+00 -2.1769599609e+00  4.9398275591e+00  1.8841723330e-01  1.6877003484e+00  1.4358249395e+00  8.2274037496e-01  1.1636611014e+00  3.7968315604e+00 -3.1352535489e-01 -2.5381894053e+00  7.9354973337e-01  2.6090935987e-01 -3.2032171798e-01 -2.4117027458e+00  1.2210571576e+00 -1.2045526297e+00 -1.2118764129e+00  1.3194904826e+00  5.7236192845e-01 -1.2857968940e+00 -7.5307465155e-01  1.9023040061e+00 -6.6303148605e-01 -2.1248340473e+00  9.9615443488e-01  3.2657756380e-02 -1.7556083787e+00  8.6594469775e-01 -1.6957947245e+00
ENERGY -7.194410118858e+02
GRADIENT  1.6788110843e-06  1.5883499952e-05  8.1411949755e-05 -8.2025844119e-06  4.7653555420e-07 -8.4439139585e-05 -3.4079081384e-03  3.6692592217e-04  1.0535783944e-03  5.1190084004e-03  7.3660992573e-04 -1.5689961740e-03  2.1990802167e-05 -1.3236057333e-05  3.7581026660e-05  3.3839106160e-04  3.2558614495e-03  2.7020236171e-04  5.2621255522e-06 -2.7948778961e-05 -1.6726145774e-05 -1.9829183978e-05 -4.2217685739e-05 -8.7651085242e-06  7.9199640312e-06  3.6308431643e-05  7.3999281687e-05 -2.0875569169e-03 -4.3378226790e-03  1.5622423606e-04 -1.2155674327e-08 -2.0787935195e-05  1.2546656692e-05  1.5152162162e-06 -1.6773572930e-05  3.2550798956e-06  1.3668540091e-05 -7.2517506760e-06  7.5357138579e-06  3.3424651174e-06 -8.7421848104e-06 -1.6716596924e-05 -1.5199526940e-05 -1.8351095759e-05 -8.7514483046e-07  7.5321229225e-06 -5.7905223294e-07 -1.2577848102e-05 -1.3701248130e-06  8.7479604937e-06  3.3685522437e-06  1.3585679322e-06 -1.1523178823e-05  7.6971570897e-06  7.7487659606e-06  5.0650248396e-06  7.7230611556e-06 -1.0323146638e-05  7.6339820096e-06 -4.5347769678e-06  4.2857114072e-06  9.0407408514e-07  1.1434783858e-05 -2.8699507922e-06  1.6705829702e-06 -1.7407455743e-06

JOB 6
COORDS  8.5891136920e-02  6.9870933495e-01  1.8313395659e+00  4.4765158921e-01  4.0340180847e-01  3.1500548571e+00  8.5591008893e-02 -1.6630917023e+00  1.4090719042e+00 -8.4594055300e-02 -3.4835260468e-01  9.1733733080e-01  6.2188027477e-01 -9.3018627225e-01  3.5058711912e+00  5.5205607872e-01 -4.3989049411e-01 -1.4131333800e+00 -1.2028191622e+00  1.0705262511e+00 -7.1563343672e-01  1.0090310417e+00 -1.3310423054e+00  4.9138163928e+00  4.4101311137e-01 -1.9517939409e+00  2.6556448760e+00 -5.0509433994e-01 -1.8026715607e-01 -4.2526188279e-01  1.1866079624e+00 -2.4304392630e-01  5.7097759136e+00  6.1667911575e-02 -2.1007383907e+00  5.4979031162e+00  2.1649680163e+00 -2.0335598521e+00  4.9371153735e+00 -5.6106536477e-02  1.7316443072e+00  1.5314509488e+00  5.9182678362e-01  1.1940022426e+00  3.8782218934e+00 -8.6571526248e-02 -2.5053647888e+00  7.4047402112e-01  1.0785835900e-01 -4.9639045252e-01 -2.4113780534e+00  1.0407189966e+00 -1.3934771850e+00 -1.2026340508e+00  1.3203796164e+00  3.5130580393e-01 -1.4133249156e+00 -5.4267110346e-01  1.9551197601e+00 -7.1661383236e-01 -2.0023496858e+00  1.2285451921e+00  1.2615860144e-02 -1.6557838367e+00  9.9368371276e-01 -1.7083603975e+00
ENERGY -7.194433874353e+02
GRADIENT -1.7137781413e-05 -5.1868737663e-05 -8.3994646844e-05  1.4797321121e-05 -3.4809670407e-05  5.1347698012e-05 -3.6348220454e-03 -6.6298990781e-05  1.1937457378e-03  5.7932480499e-03  1.5131662988e-03 -1.5507150634e-03  8.5866350522e-06  5.9901347270e-05  2.7220039850e-05  9.1445895806e-04  3.3949711149e-03  9.8848882294e-05 -3.7756063460e-05 -1.7090372020e-05 -2.9317273630e-05 -7.6126493624e-06  2.7796874520e-06 -7.2409422243e-06 -2.3654929276e-05 -3.1256345684e-05 -6.7892317651e-05 -3.0188563125e-03 -4.7876756104e-03  3.7943153418e-04  3.4297806669e-06 -1.1787918735e-05  1.5755652182e-06  5.5738451258e-06 -1.1007093495e-05 -7.7509650269e-06  1.0799449387e-05 -1.2171544562e-05  3.8759780289e-06  1.0563773787e-05 -5.5957795287e-06  8.3709880055e-06  4.7162497405e-06 -6.6748897329e-06  4.8744593449e-07  5.9541320854e-06  4.2309222792e-06 -8.6251546849e-06 -7.2618999637e-06  6.7845423724e-06  6.2062195951e-06 -1.9464342530e-06 -3.1055964896e-06 -8.8313082710e-06 -2.5164937053e-06 -7.5176512673e-06  3.3443374031e-06 -9.0992007610e-06  2.5132400477e-06  9.6462664993e-06 -1.2314426228e-05 -1.1142170765e-05 -9.1370050406e-06  3.2793950033e-05  1.4021300262e-05 -1.1047982686e-05

JOB 7
COORDS -3.5454007025e-02  6.7327195002e-01  1.9037070554e+00  3.2660727180e-01  3.4624632676e-01  3.2139800050e+00  1.9560411314e-01 -1.6546744647e+00  1.3680242105e+00 -9.4650169876e-02 -3.3703410132e-01  9.3172456862e-01  6.1809172730e-01 -9.8033354544e-01  3.5124863958e+00  4.4175183187e-01 -5.4238451178e-01 -1.4353979995e+00 -1.1002927642e+00  1.1740059879e+00 -6.9445625473e-01  1.0157935480e+00 -1.4138334229e+00  4.9059528226e+00  5.5004371384e-01 -1.9681209352e+00  2.6070335549e+00 -5.0792955389e-01 -1.2500393193e-01 -3.9609104829e-01  1.0605264356e+00 -3.5768143426e-01  5.7616116107e+00  1.4456490682e-01 -2.3098420737e+00  5.4260319312e+00  2.2395524029e+00 -1.9924249765e+00  4.9251459930e+00 -2.5866821060e-01  1.7044750953e+00  1.6543532331e+00  3.8487946515e-01  1.1119483639e+00  3.9797929047e+00  1.1764214322e-01 -2.4832334530e+00  6.6645184276e-01 -7.5634485428e-02 -5.9467565563e-01 -2.3976837570e+00  8.4620787205e-01 -1.5307960235e+00 -1.2158095051e+00  1.2836141183e+00  1.6315676282e-01 -1.5263399510e+00 -3.7200631386e-01  2.0027759009e+00 -6.7058877391e-01 -1.9050410471e+00  1.3915106944e+00  1.2477967201e-02 -1.5330937471e+00  1.1373185857e+00 -1.6978103332e+00
ENERGY -7.194453561007e+02
GRADIENT  2.5913622706e-05 -2.7255119003e-05 -2.0976988856e-05  9.5862430001e-07  9.9365807068e-06  4.5040205607e-05 -2.2844887723e-03 -2.5450931354e-04  6.4477175741e-04  3.9138941360e-03  1.3776794201e-03 -9.1097430528e-04  2.6076522708e-06  1.0937689133e-05 -4.7884831357e-05  9.3199341292e-04  2.0571784786e-03  2.7735403483e-05  3.4696606894e-05 -1.8892452024e-05 -2.5854833323e-05  2.5769244441e-05  7.2642027776e-06  3.2009521719e-05  1.0839399056e-05 -3.1411515383e-05  5.8561188124e-06 -2.5937017767e-03 -3.1540685520e-03  2.6020040323e-04  2.9465640003e-06  1.5568796402e-05 -1.2893197203e-05  2.7872002561e-06  1.4660618831e-05 -5.8788581863e-06 -1.2647234380e-05  1.2644054533e-05 -1.5331158514e-05 -1.8246404775e-05 -9.8978437555e-06  1.8691360652e-05  8.6305214736e-06  4.8983721880e-06  5.9069267807e-06 -1.4218915966e-05 -2.5712941684e-06  1.4491566583e-05 -2.5398976601e-06 -2.3755438173e-06 -3.6292223868e-06 -4.3437655949e-06  5.0291960029e-06 -4.9024997473e-06  2.0204616874e-06 -4.0093305156e-08 -4.8858516862e-06  4.0363767605e-06  8.5783318545e-06  7.0689149268e-06 -1.1426690533e-05 -1.0757979635e-05 -1.8942769137e-05  1.8828811530e-05  1.4160946232e-05 -1.1920331914e-05

JOB 8
COORDS -1.0245505437e-01  6.7137614696e-01  1.9295083501e+00  2.6483470489e-01  3.4740865345e-01  3.2370163657e+00  3.4705810015e-01 -1.6126065549e+00  1.3442720320e+00 -6.6071500315e-02 -3.1780438066e-01  9.2925729144e-01  6.6508548658e-01 -9.5536812289e-01  3.5153837140e+00  3.3544383977e-01 -6.4918314092e-01 -1.4691072729e+00 -9.9689193299e-01  1.2396022820e+00 -7.0012485167e-01  1.0778313967e+00 -1.3848513670e+00  4.9043537079e+00  7.0273737735e-01 -1.9193983706e+00  2.5845324038e+00 -4.7541094989e-01 -8.4592965195e-02 -3.8702138844e-01  1.0057170601e+00 -3.5172581700e-01  5.7861863313e+00  2.8822274076e-01 -2.3735321822e+00  5.3865327205e+00  2.3514620934e+00 -1.8447293792e+00  4.9361115618e+00 -4.0186787780e-01  1.6875564493e+00  1.7022568435e+00  2.4636946507e-01  1.1004079079e+00  4.0173255084e+00  3.7070923753e-01 -2.4343985388e+00  6.3312403188e-01 -2.4025011516e-01 -6.2244992852e-01 -2.3980573136e+00  5.9163346997e-01 -1.6888923619e+00 -1.2707988484e+00  1.2696285417e+00 -8.4960335744e-02 -1.6186102373e+00 -2.2908777194e-01  2.0302034570e+00 -6.5502347168e-01 -1.8087359344e+00  1.4992647950e+00 -1.5718186765e-02 -1.4071045722e+00  1.2236355831e+00 -1.7126330625e+00
ENERGY -7.194463131428e+02
GRADIENT  4.2444129940e-05 -2.2943221509e-05 -6.8329174401e-05 -1.4522497442e-05 -8.0495149781e-06  1.8843227568e-05 -8.9061226150e-04 -2.5437748823e-04  2.2130627165e-04  1.5537194989e-03  7.3008869460e-04 -2.7542242379e-04 -4.8097904948e-06  8.1352595044e-05  1.0732546185e-05  5.0217747466e-04  6.7098709419e-04 -3.5729713042e-05 -6.5983211750e-05 -3.7087146454e-05  9.3941293836e-05 -1.4113966576e-06  3.7102220918e-06  1.8448042005e-05 -9.9715762186e-06 -2.3323376724e-05 -2.1752642345e-05 -1.1432496942e-03 -1.1571377555e-03  4.8993813749e-05 -5.2843715029e-06 -8.3838453778e-06  5.7083433127e-06  1.8462837859e-06  5.6984168864e-06 -5.3583256237e-07 -1.9704130033e-05  4.5120413783e-06  6.0876502080e-06 -3.6842730403e-05  1.2650214025e-05 -1.9142602892e-05  4.5378843249e-06 -1.5513566306e-06  2.1102838852e-06 -3.3852695072e-05  2.7426931857e-06 -6.4317138131e-06  6.2556167257e-06  2.4293784669e-06  6.2439119414e-06  1.9233744126e-05  1.5661507955e-05  6.5105594983e-06 -4.5669436495e-06 -2.8167419227e-06  1.9954257537e-06  8.8859476988e-06  1.8678527018e-05 -8.7865461661e-06  1.4957438940e-05  1.1016824182e-05  1.6738682034e-05  1.3420835736e-05  1.1592916078e-05 -1.9926902046e-06

JOB 9
COORDS -1.7578238628e-01  6.4662744885e-01  1.9663345607e+00  2.0632784271e-01  3.1274695140e-01  3.2646756749e+00  5.0255807396e-01 -1.5615291473e+00  1.3064710774e+00 -4.1968869117e-02 -3.0225025993e-01  9.3157852635e-01  7.2010346363e-01 -9.5878963321e-01  3.5071417875e+00  2.2282341165e-01 -7.6437125756e-01 -1.4564110467e+00 -9.2257042566e-01  1.2877735500e+00 -6.9453310181e-01  1.1522019428e+00 -1.3961751939e+00  4.8872295931e+00  8.6716694845e-01 -1.8764312619e+00  2.5435565195e+00 -4.6018113529e-01 -5.7055869432e-02 -3.7177856137e-01  9.7936652210e-01 -4.0251093899e-01  5.8003327459e+00  4.4558393591e-01 -2.4650284730e+00  5.3269862901e+00  2.4603634232e+00 -1.7453700632e+00  4.9250539057e+00 -5.6471755922e-01  1.6385949612e+00  1.7715488568e+00  1.1130181429e-01  1.0346199035e+00  4.0684613319e+00  6.4554859453e-01 -2.3428814407e+00  5.6597585216e-01 -1.9388564787e-01 -4.3536631652e-01 -2.4096017068e+00  5.8526701028e-02 -1.8424699627e+00 -1.3885791597e+00  1.3064398295e+00 -5.7515416793e-01 -1.4633392807e+00 -1.3196210676e-01  2.0500669676e+00 -6.0373932520e-01 -1.7545477227e+00  1.5703454530e+00 -4.3371722636e-02 -1.2933318665e+00  1.2979460306e+00 -1.7208743963e+00
ENERGY -7.194471607699e+02
GRADIENT -3.9889018719e-06  3.4282560423e-05  4.7622927530e-05 -4.6336018045e-05  5.1508044743e-06 -7.2730842099e-05 -1.5654901346e-03 -5.2935050724e-04  3.5721380227e-04  2.9141062971e-03  1.4061412170e-03 -6.3074928216e-04 -1.5689355244e-05 -3.3363418541e-05  1.0292737551e-05  1.0817440208e-03  1.1977912346e-03 -1.5982870101e-04 -2.9337184904e-05  2.4964787993e-05 -1.6111755484e-05  2.3706551611e-05 -1.0724736004e-06 -1.1345487786e-06  3.7329785247e-06  3.0862261470e-05  4.8082405923e-05 -2.4662745490e-03 -2.1114070235e-03  3.9021879413e-04 -3.0301176339e-06 -1.6103068858e-05  6.6655372840e-06 -1.9702254597e-06  2.0839995397e-06  1.5432487901e-06 -1.8005304072e-05  6.1922483468e-07  1.6164281249e-05  1.6079154778e-05  7.3798726469e-06 -2.7337150541e-05  1.4139864400e-05 -5.5939792345e-06 -1.0204101036e-06  2.1463232371e-05  6.5102370998e-06  2.5186624293e-06 -3.3246624285e-06  3.4144019241e-06  1.1640794705e-05  5.2077324194e-06  1.1117441165e-05  6.0573919439e-06  2.1829188782e-06  1.4471603131e-06  9.9166760942e-06  2.5527290059e-07  4.1198429746e-06 -7.1337203931e-06  1.2078373175e-05 -5.9737130771e-06  1.5615357705e-05  2.3683812782e-05 -1.0073336761e-07 -4.6228449821e-06

JOB 10
COORDS  1.0109629346e+00 -1.3138494770e+00  9.0802826598e-01  1.2646156427e+00 -1.9392216109e+00  2.1260191498e+00 -2.2992143738e-01  3.4317467123e-01  2.1323497419e+00  2.5100489154e-01 -1.2382073979e-01  8.7682209503e-01  7.4995828586e-01 -1.3750259154e+00  3.2923142668e+00 -1.0352977211e+00  1.5933546352e+00 -3.0480714794e-01  3.4230977376e-01 -6.5517033946e-02 -1.5642977537e+00  9.8317814699e-01 -1.9948012775e+00  4.6497720720e+00  1.4117034749e-02 -2.5771279740e-01  3.2914453317e+00 -1.3112318130e-03  5.6366335925e-01 -2.9593940086e-01  1.7265750032e+00 -3.1308186699e+00  4.5563818779e+00  1.6436168404e+00 -1.1577773782e+00  5.4861129362e+00 -1.7664547926e-01 -2.3304055744e+00  5.2642615327e+00  1.4007711544e+00 -1.7538514951e+00 -1.9576321020e-03  1.8478933020e+00 -2.8527986628e+00  2.1631447529e+00 -8.3792045222e-01  1.2406259908e+00  2.1921346194e+00 -1.1122744005e+00  2.0114128950e+00 -1.3091354889e+00 -7.7718936386e-01  2.4141065694e+00  3.7183565428e-01 -2.0216849720e+00  1.2018475668e+00 -1.5573694985e-02  1.0661767178e-01  6.2041486724e-01 -2.3788326889e+00 -2.0453570542e-01 -1.0057827892e+00 -1.7336469299e+00  1.4156427108e+00 -2.7597847400e-01 -1.6148532023e+00
ENERGY -7.194478777758e+02
GRADIENT  1.7433308248e-05  1.4377612269e-05 -1.0154537866e-05 -7.9563080471e-06  1.1389359398e-05 -9.0953855966e-06  3.8938729597e-04  2.3828021212e-04  6.7236204660e-05 -7.7154966046e-04 -5.3935520322e-04 -1.7685074102e-04  1.8020699079e-05 -2.9112440423e-05  1.5722924389e-06 -2.8244832547e-04 -2.6433470845e-04 -6.3319724687e-05 -1.7757400483e-05 -6.9235927819e-05 -6.4412916780e-06 -9.6739631951e-06  2.3892079612e-06 -9.0284486937e-06 -4.9061181219e-06 -7.9641392223e-06 -5.1815059444e-06  6.5701261939e-04  6.3315158040e-04  1.6113579971e-04  2.1629423079e-06 -7.4508717307e-06  1.5884216170e-07  1.2495246975e-05 -7.0866266246e-06  3.3402643662e-06  8.4482942650e-06 -4.0666604893e-06  5.7202401255e-07 -1.7916477581e-06  4.4570676311e-07 -1.1069359107e-05  6.8823734325e-06  4.6814685452e-06 -9.7847390407e-06  5.4810479621e-07 -3.7723855612e-06 -3.4004654634e-06 -6.2820059334e-06 -1.2833346898e-05  7.7310758297e-06 -4.0660975989e-06 -1.0897595468e-05  1.1761098974e-05 -1.8055324216e-05 -6.1079849468e-06  1.3054107688e-06  1.9304655672e-05  8.3977632692e-06  3.5556478604e-06  1.4667452786e-05  3.8455945412e-06  1.4370832432e-05  9.7410355989e-06  8.2761254856e-06 -1.0225858845e-05

JOB 11
COORDS  9.8379437360e-01 -1.3659018773e+00  8.6473336397e-01  1.2847161241e+00 -1.9797590350e+00  2.0771872148e+00 -2.8526603836e-01  2.5264162013e-01  2.1171758613e+00  1.7133910398e-01 -2.0936577378e-01  8.4969697943e-01  7.7467222762e-01 -1.4333273458e+00  3.2546789974e+00 -1.0013909165e+00  1.6283874279e+00 -2.7655220770e-01  3.4575356772e-01 -5.3139398704e-02 -1.5874642073e+00  1.0564487776e+00 -2.0444983005e+00  4.6062350504e+00  5.9735986892e-03 -3.3821303360e-01  3.2701282723e+00 -1.6221291214e-01  4.3906353863e-01 -3.1667028026e-01  1.8518822647e+00 -3.1437022725e+00  4.4988770652e+00  1.6869991201e+00 -1.1799362576e+00  5.4375292699e+00 -7.7665641382e-02 -2.4378005807e+00  5.2358774098e+00  1.3776609840e+00 -1.7844748782e+00 -5.3868504067e-02  1.9066340868e+00 -2.8679047400e+00  2.1032511136e+00 -9.1039344904e-01  1.1375819994e+00  2.1896199968e+00 -1.1656868492e+00  1.9859091830e+00 -1.2932592264e+00 -5.3273601696e-01  2.4402169246e+00  2.9532896873e-01 -1.9824414068e+00  1.4169096717e+00  1.6783626974e-01 -1.7052130855e-02  5.8596560330e-01 -2.3926350803e+00  5.2832396668e-03 -1.0771948550e+00 -1.7916406280e+00  1.4437622029e+00 -4.3589277884e-02 -1.6184071021e+00
ENERGY -7.194478255962e+02
GRADIENT  1.6432936682e-05 -4.8946006817e-05 -1.8954699793e-05 -4.6511242774e-05  1.6114975153e-05 -3.3221175417e-05  6.5912497228e-05  5.3461629764e-05  6.1784106108e-05 -2.2656142432e-04  2.5863855767e-05 -7.4171063133e-05  3.5091282328e-05 -8.3334327822e-05  2.0371273978e-05 -1.7139996788e-05 -7.5155664736e-05  1.1777571629e-04 -3.1841289228e-06  6.2153980560e-05  5.1141602450e-05  6.6516158727e-06  2.9193015603e-05 -1.3537138657e-05  1.3118857855e-05  2.2158548983e-05 -4.1512859894e-05  1.8018811828e-04 -3.7442094287e-05 -1.2605110234e-04  1.4283322066e-05 -8.4109395989e-06  2.6741274385e-06  3.4158931646e-06 -1.1172951005e-05  5.9006359588e-06 -1.7198910635e-05 -2.1282989573e-05  7.5652292868e-06  1.3932439143e-05  1.8269392445e-05  5.1471979987e-06  1.2708999673e-05  1.2241215636e-05 -3.8225316122e-06  1.1478450966e-05  1.9226673158e-05 -1.0589161405e-05 -1.7751044610e-05 -9.9908348428e-06  1.8246504694e-05 -2.0542871655e-05  1.1776566754e-05  1.2238189867e-05  2.1893404317e-06  4.6904380609e-06  1.8518611049e-05  1.0944164421e-05 -1.2324619945e-05  6.8351903526e-07  7.1094284400e-06 -1.8748440058e-05 -7.8216680741e-06  5.8682299070e-06 -1.0444113229e-05 -3.0097413980e-05

JOB 12
COORDS  9.3278471124e-01 -1.3696859533e+00  8.9633565566e-01  1.2574906554e+00 -1.9461457596e+00  2.1215648659e+00 -3.9438473822e-01  2.2491634902e-01  2.1128785048e+00  7.0153989743e-02 -2.5217499185e-01  8.5498147854e-01  7.2578126296e-01 -1.3953242297e+00  3.2866048279e+00 -9.4724060977e-01  1.6562197621e+00 -2.9520216734e-01  3.4460399419e-01 -6.1559985926e-02 -1.5655860774e+00  1.0317345448e+00 -1.9653319872e+00  4.6514069008e+00 -8.0881121922e-02 -3.2807705034e-01  3.2790934144e+00 -3.1984381823e-01  3.3923808649e-01 -3.3245633398e-01  1.8663839476e+00 -3.0368245367e+00  4.5667747236e+00  1.6317546817e+00 -1.0594336957e+00  5.4605994397e+00 -8.6530440945e-02 -2.3847948362e+00  5.2915048612e+00  1.3513179868e+00 -1.7884422081e+00 -1.0911709117e-02  1.9177679709e+00 -2.8053618289e+00  2.1662565676e+00 -1.0455521341e+00  1.0917887734e+00  2.1689374577e+00 -1.1687079683e+00  1.9735786763e+00 -1.3148347358e+00 -3.0392369223e-01  2.4159823061e+00  1.7258578678e-01 -1.8958137190e+00  1.6232999414e+00  2.4990261585e-01 -1.0160626504e-01  4.7631866837e-01 -2.4029178044e+00  2.0376093738e-01 -1.1312003682e+00 -1.7523410758e+00  1.4248594925e+00  1.4991878103e-01 -1.5537970458e+00
ENERGY -7.194478778167e+02
GRADIENT -1.8159719599e-05 -1.8078902619e-05 -1.9225188474e-05 -1.0517302076e-05  2.7969255295e-05 -6.5757853532e-06 -3.2972492663e-04 -3.1930346359e-04 -6.5384898490e-06  7.6380223585e-04  5.5457181456e-04 -1.1867590487e-05  1.1525461721e-06 -1.0213445453e-05  1.1757341686e-05  3.6041252220e-04  1.7432745395e-04 -1.1759601900e-05  7.1137671642e-05  9.1161402090e-06  9.0058513929e-06  4.2658210682e-06  8.3481876650e-06 -4.0799398158e-06  8.2527011950e-06  3.0467438801e-06  7.6781484090e-06 -8.2238142437e-04 -4.2279525002e-04  5.1623034270e-06  7.8948775830e-06 -5.6260265162e-06 -6.9845601983e-06  2.6802739373e-06 -6.7433091451e-06 -2.5899753904e-06 -7.0802323816e-07 -1.4113338483e-05  1.0429763334e-07  2.9868545160e-06  4.3630391526e-06 -1.1732875475e-05 -6.2787946453e-06 -5.5738797188e-06 -1.0193842953e-05  1.0121465669e-05 -8.1959944809e-06  6.6335073100e-06  6.2485088906e-06  1.4800088363e-06  2.4064839001e-06  1.0226945896e-05  1.0073238287e-05 -1.9058518442e-06  1.1878453639e-05  7.3745122520e-07  1.0988985627e-05 -1.7782565969e-05 -1.0650690634e-05 -2.2714989832e-06 -9.2040693182e-06 -1.8841715493e-06 -1.2003978660e-05 -1.5477115279e-05 -8.9257115099e-06  1.1398982301e-05

JOB 13
COORDS  9.3422179722e-01 -1.3582524174e+00  9.9658348630e-01  1.2649806425e+00 -1.9237852426e+00  2.2270009648e+00 -6.3879988913e-01  2.7528528388e-02  2.1698962153e+00 -5.1331005100e-02 -3.5154782303e-01  9.3135696523e-01  6.1151895207e-01 -1.4717942221e+00  3.3708089486e+00 -9.8775825859e-01  1.5811717159e+00 -2.4081602233e-01  2.4175765576e-01 -1.6523519016e-01 -1.4826370059e+00  9.1197392082e-01 -2.0379867881e+00  4.7389499273e+00 -3.2083999393e-01 -5.1161453085e-01  3.3406782823e+00 -4.7303623106e-01  2.1090855228e-01 -2.6845904875e-01  1.8753130951e+00 -2.9968575970e+00  4.6793780911e+00  1.3516872253e+00 -1.0879807046e+00  5.5984840373e+00 -1.7902929465e-01 -2.6077025405e+00  5.3048872659e+00  1.4487046526e+00 -1.6986664675e+00  1.0627727867e-01  2.0233354380e+00 -2.6964641504e+00  2.2907903999e+00 -1.3991306527e+00  8.0209315316e-01  2.2052998552e+00 -1.2380637369e+00  1.8847655933e+00 -1.2584840529e+00 -2.5778195025e-01  2.2950009872e+00  1.6862433072e-01 -1.9053719097e+00  1.6454942175e+00  3.4891129388e-01  1.2950501148e+00  1.5874112472e-01 -1.4820358979e+00 -2.5645729851e-01  2.8760363542e-01 -2.3414970185e+00  2.1153651075e-01 -1.2496515331e+00 -1.6211978334e+00
ENERGY -7.194471607393e+02
GRADIENT  3.9000103476e-05 -5.1828217256e-05  2.9462889387e-05 -2.7827194760e-05  1.0783516965e-05 -7.5853770064e-05 -1.1479906348e-03 -1.2327812571e-03 -2.2416116521e-04  2.4851842725e-03  2.1616476860e-03  1.7057323333e-04 -5.5203458275e-05  5.0570167266e-06  2.0811132116e-05  1.4784475660e-03  6.1936143822e-04 -2.9726026624e-04  5.8335369060e-06 -3.7556742848e-06 -6.0213138535e-05  1.3997953198e-05  1.0831518173e-05  1.1004579976e-05  5.0033226473e-05 -3.8222295301e-05  2.3558032272e-05 -2.8773520328e-03 -1.5545635521e-03  3.1811343014e-04 -9.2527452003e-06 -3.5846736228e-06  7.8459749546e-06 -3.1456452948e-06 -2.1579221564e-05 -3.2027539066e-07 -3.0752281847e-06 -2.9261910755e-06 -2.3423282119e-06  8.3815403415e-06  3.4617995413e-05 -1.5707340295e-05  4.3060759140e-06  1.0207528702e-05  1.0883788590e-05  1.7344453411e-05  2.1702972342e-05  2.0300971166e-06  3.5036159952e-06  7.3445847016e-07  3.7161540131e-06  3.0140789450e-06 -1.2048175663e-05  5.3223584362e-06  4.3118848639e-06 -1.5899557794e-06  1.3743868216e-05  1.7871558560e-06  1.2888261153e-07 -5.9849010041e-06  1.2743923201e-05  1.9803805869e-05  1.2742841639e-05  3.7963232955e-06 -5.1201300114e-06  1.7869306284e-05

JOB 14
COORDS  9.8138889371e-01 -1.2881776984e+00  9.9346091865e-01  1.3147550893e+00 -1.8723396231e+00  2.2170245654e+00 -7.5150183167e-01 -9.5812935790e-02  2.1495165983e+00 -7.7563314426e-02 -3.6383321214e-01  9.2745269203e-01  5.8697193391e-01 -1.5166716279e+00  3.3478471754e+00 -8.3958958232e-01  1.6438175572e+00 -2.6087128029e-01  1.6193041629e-01 -2.0318881766e-01 -1.4938719839e+00  8.8564643901e-01 -2.1043128649e+00  4.7078189841e+00 -4.3096751683e-01 -6.4495686881e-01  3.3133514074e+00 -5.0754488984e-01  2.1657692697e-01 -2.6950748597e-01  1.9278233394e+00 -2.9767743139e+00  4.6543794680e+00  1.2129990249e+00 -1.1507864579e+00  5.6122511378e+00 -1.7278534472e-01 -2.7815494196e+00  5.2125876050e+00  1.5528873799e+00 -1.5498355156e+00  1.1092246317e-01  2.1315445197e+00 -2.5826739130e+00  2.2842180533e+00 -1.5992268436e+00  5.8430733191e-01  2.1699580284e+00 -1.4056023710e+00  1.8842665212e+00 -1.1646825559e+00  6.3110014152e-02  2.2745129894e+00 -2.3375251482e-01 -1.4620807443e+00  1.9003933914e+00  5.9506020326e-01  1.2116740609e+00  1.3058971797e-01 -1.5508176734e+00 -3.7391027154e-01  2.1812771721e-01 -2.3477259345e+00  1.3424062122e-01 -1.2919655950e+00 -1.5873476402e+00
ENERGY -7.194463129611e+02
GRADIENT -3.0467494687e-05  1.1173140337e-04 -4.8597960509e-05 -3.7164246621e-05 -9.7682626792e-06  7.1347080609e-06 -5.8141387367e-04 -7.4231914041e-04 -1.1173511663e-04  1.3472978941e-03  1.0849190385e-03  1.3458027469e-04  7.5181197523e-05 -1.9284207476e-05 -4.3042812668e-05  7.5589446878e-04  2.6336577575e-04 -1.6023175447e-04 -2.6415456467e-05 -1.2545209627e-04  7.0513665372e-05 -2.8059798177e-06 -5.2138915728e-06  2.5534758003e-05 -4.3935580468e-05  2.6200638284e-05  9.9804368072e-06 -1.4903910153e-03 -5.9372777163e-04  1.5344177252e-04 -7.1861539908e-06  5.5298896524e-06  2.3724909296e-06 -4.2035855566e-06 -2.1345420198e-05 -1.3743520403e-05 -1.2939606005e-07 -1.0267565166e-05 -3.9067782509e-06 -1.9372206878e-05 -1.8886277018e-05 -6.2577240078e-05  1.6575774858e-06  3.0658546564e-06  1.2372524316e-06 -1.7995732354e-05 -3.3550900821e-05 -1.9761253882e-05  1.4999992590e-05  2.3488892340e-06  7.8455945844e-06 -9.0837884883e-06 -7.2398431222e-06  1.8745509576e-06  3.1737929777e-05  1.7198245253e-05  5.0907050709e-07  1.7848869085e-05  7.6904094215e-06 -1.2441068992e-05  1.7252656668e-05  5.7070258357e-06 -1.0876732123e-06  2.7275592318e-05 -9.4885454866e-06  1.1621082562e-05

JOB 15
COORDS  1.0131037308e+00 -1.2228135013e+00  1.0064762228e+00  1.3435033072e+00 -1.8121218311e+00  2.2305561770e+00 -8.5718173830e-01 -2.0836022106e-01  2.1166441654e+00 -1.0639756589e-01 -3.8069120382e-01  9.2615557337e-01  5.4502537489e-01 -1.5417808437e+00  3.3365694187e+00 -6.8944276304e-01  1.6720866106e+00 -2.4815719960e-01  5.4783535768e-02 -2.6342261194e-01 -1.5025770038e+00  8.3532263237e-01 -2.1417121530e+00  4.6944572808e+00 -5.4146488682e-01 -7.5641527716e-01  3.2824384640e+00 -5.6006877631e-01  2.0959648437e-01 -2.6751218705e-01  1.9488661051e+00 -2.9219518995e+00  4.6658425372e+00  1.0420253282e+00 -1.1892584513e+00  5.6339763408e+00 -1.8271239832e-01 -2.9183992221e+00  5.1335137496e+00  1.6302627254e+00 -1.4187809210e+00  1.3693438086e-01  2.2080101887e+00 -2.4611788374e+00  2.3171592951e+00 -1.7624403765e+00  3.9578487177e-01  2.0992351787e+00 -1.2943473889e+00  1.9924637069e+00 -1.1012938401e+00  2.9223829988e-01  2.1698480125e+00 -3.0607369605e-01 -1.1881815496e+00  2.0045837388e+00  6.6258460137e-01  1.1066252825e+00  5.0684827065e-02 -1.6159721523e+00 -5.0805368294e-01  1.3991486977e-01 -2.3486938415e+00  5.3117993495e-03 -1.3541314357e+00 -1.5532412829e+00
ENERGY -7.194453556313e+02
GRADIENT  1.3402196617e-05  6.4169666174e-05  1.4331939037e-05 -3.5320793186e-05 -3.9594964223e-06 -3.5180821298e-05 -1.2358433439e-03 -1.9417024210e-03 -5.7103776519e-04  2.9291877288e-03  2.9712971354e-03  5.3552824583e-04  4.5097308981e-05 -1.5792486520e-05 -3.0229897790e-05  2.1168173622e-03  1.6121978792e-04 -7.1431141676e-04 -5.0852629266e-05  1.4255574575e-05  3.7910386942e-05  9.9778478617e-06  1.6823527004e-05  5.4176854002e-05  1.8488121675e-05 -1.1268147367e-05  4.3722231528e-05 -3.7870636096e-03 -1.2270351318e-03  6.8913444951e-04 -3.7544524629e-06  1.1950902603e-05  1.4567779619e-05 -2.0541018532e-06 -2.2318969300e-05 -1.9083201149e-05  1.9468820280e-05  2.2683183186e-06  1.1025573298e-06 -3.0157786499e-05 -2.4974119109e-05 -1.3032436698e-05  3.8137440828e-06  1.8376720057e-05  1.4834359587e-05 -1.1637662371e-05 -2.4982300518e-05  3.3413708678e-07  3.1419323628e-06 -7.3721510308e-07 -1.0659699975e-05  1.4055638733e-06  1.3179737775e-05  1.2366957386e-05  1.5659570721e-06 -5.1012583185e-06 -2.5811785239e-05  1.7190314081e-05  2.1691657756e-06 -9.1441110586e-06  2.8472582653e-05  3.4500758045e-05 -6.8825711650e-06 -1.3470782422e-05  9.8062331159e-06  1.0009242283e-05

JOB 16
COORDS  1.0742832226e+00 -1.0946476680e+00  1.0059155597e+00  1.4302280619e+00 -1.6963936946e+00  2.2176042947e+00 -9.1395737147e-01 -3.0970970826e-01  2.0956369868e+00 -1.1606829144e-01 -3.6103732133e-01  9.2944743003e-01  5.7886588420e-01 -1.5442133169e+00  3.3073234622e+00 -5.4206578318e-01  1.7115665274e+00 -2.3973211437e-01 -8.6460245616e-02 -2.9831414086e-01 -1.5047532019e+00  8.9250414959e-01 -2.1684889220e+00  4.6507097154e+00 -5.7786004573e-01 -8.6729999942e-01  3.2531215184e+00 -6.1088387617e-01  2.4317226230e-01 -2.5271627642e-01  2.0835854198e+00 -2.8239984268e+00  4.6286113898e+00  9.6785184754e-01 -1.2399293398e+00  5.6317132201e+00 -4.9014516907e-02 -3.0667226932e+00  5.0219300533e+00  1.7225980793e+00 -1.2003237117e+00  1.4244848458e-01  2.3486047916e+00 -2.2660660016e+00  2.3078387260e+00 -1.8703143886e+00  2.1014256328e-01  2.0610218841e+00 -1.1206629619e+00  2.1077553888e+00 -1.0795019979e+00  4.9516190461e-01  2.0770644934e+00 -3.2258074284e-01 -9.7152490214e-01  2.1025156422e+00  6.8504366172e-01  9.6491651860e-01 -2.4060069492e-02 -1.6989320456e+00 -6.8880439566e-01  9.0276707183e-02 -2.3310505776e+00 -1.7169564227e-01 -1.3879495343e+00 -1.5039536525e+00
ENERGY -7.194433872405e+02
GRADIENT -6.0746935676e-05  1.9793709371e-05 -1.8907797527e-05  4.2423643586e-05 -4.4950997581e-05  9.5541598717e-05 -1.6321942095e-03 -3.3289443069e-03 -9.2996690942e-04  3.7985379441e-03  4.7964295858e-03  8.6912732922e-04 -3.1673817352e-05  4.5471485615e-05 -2.9528938849e-05  3.2089676526e-03 -1.2170445368e-04 -1.4548205539e-03 -4.7435590163e-05 -5.4679826874e-07 -4.1510774253e-05  3.4775018303e-05 -2.2690749496e-05 -1.8055114530e-05 -8.2339460717e-05  4.1367542616e-05 -3.6912429115e-05 -5.2731041323e-03 -1.3886582925e-03  1.6265300158e-03  7.1841755346e-06  5.1434024048e-06 -2.0757429856e-05 -6.9119343446e-06  1.8247391929e-05 -1.8163071971e-06 -1.6074561415e-05  1.3498229847e-05 -7.1479026341e-06  7.1162268277e-06  5.4479938309e-06  1.7170663002e-05  9.3050486334e-06 -9.3311571638e-06  6.7560036499e-06  8.9270850155e-06  6.6236698275e-06  5.1458067494e-06  1.6846583534e-05 -1.0596545271e-05 -5.9019856341e-06 -4.5459758203e-06 -3.5440966833e-06  1.4865386885e-05 -2.1946982944e-05  2.3569106146e-05 -6.6909025866e-06  2.3878088588e-06 -5.0188615719e-06  3.4683380517e-06  9.5840530866e-06  4.6245505461e-06  3.7635492346e-06  1.0996995179e-06 -8.8621631442e-06 -2.1427603234e-05

JOB 17
COORDS  1.1004255930e+00 -9.5274224608e-01  1.0596296764e+00  1.4605088452e+00 -1.5650263563e+00  2.2638169623e+00 -1.0050935415e+00 -4.1152669687e-01  2.0727555479e+00 -1.5422277337e-01 -3.4219992720e-01  9.5186548975e-01  5.4450137853e-01 -1.5416462158e+00  3.3130395316e+00 -3.6986433236e-01  1.7242663203e+00 -2.6373921325e-01 -2.3435621582e-01 -3.6331059164e-01 -1.4791470677e+00  8.5837194733e-01 -2.1842570789e+00  4.6498763675e+00 -6.6878860901e-01 -9.8117794259e-01  3.2283127852e+00 -6.4887020152e-01  2.8201395994e-01 -2.3195487938e-01  2.1081792755e+00 -2.7188819244e+00  4.6635689176e+00  7.9678002557e-01 -1.2900258649e+00  5.6622370491e+00 -5.2523674806e-03 -3.1830364328e+00  4.9423782187e+00  1.7914712067e+00 -9.5685766090e-01  2.2215039905e-01  2.4257242906e+00 -2.0450416330e+00  2.3820080631e+00 -2.0018225885e+00  2.1399981381e-02  2.0044271712e+00 -9.0263993176e-01  2.1762698242e+00 -1.1060672019e+00  7.0695215045e-01  1.9416736372e+00 -3.7182131887e-01 -7.2460509299e-01  2.1927533014e+00  6.5777609168e-01  8.2678281628e-01 -1.9920598814e-01 -1.7351620483e+00 -8.3809639299e-01  4.0036272379e-02 -2.2979657595e+00 -4.1762644607e-01 -1.4388997384e+00 -1.4167216710e+00
ENERGY -7.194410118011e+02
GRADIENT  2.3139073037e-05 -6.5928729109e-05  9.9602880286e-05  3.2491728839e-05  6.2110432213e-06 -6.2419517693e-05 -1.2013836117e-03 -3.1549445106e-03 -1.1987419365e-03  2.7896101421e-03  4.5175856506e-03  9.8407675478e-04 -7.1773053545e-05  1.8535401602e-05  2.2680085701e-05  2.7907003045e-03 -6.8098888588e-04 -1.4788790041e-03 -5.3158089511e-05 -1.0537990663e-06  6.6798273482e-05 -1.2735728631e-05  3.2996910647e-06  6.0191039387e-06  5.3676925482e-05 -4.7008695903e-05  4.2327238327e-05 -4.4008022935e-03 -6.0325460657e-04  1.5386706820e-03 -4.4823911438e-06 -4.8039540418e-06  6.2288541293e-06 -7.6431246138e-07  3.3836864759e-06  4.2373036632e-06 -1.1525447947e-05  7.5000742055e-06  5.7733576021e-06 -1.4379429017e-05  8.9274021866e-06 -6.5884216578e-07 -8.4332817917e-06 -5.8978358818e-06  1.0424691899e-05  2.5768573996e-08 -3.7030556148e-06  1.0349460924e-05  7.9745196938e-06  8.6927018733e-07 -5.4745120098e-06  1.1723725005e-05  3.2120778207e-06  1.5152531408e-06  6.8770767452e-07  5.8830407420e-06 -5.9827095064e-06  7.1558835295e-06 -4.0791071898e-06 -4.7029451514e-06 -3.8488891306e-06 -8.7647414272e-06 -7.5576240489e-06  4.6938524385e-06 -2.6515505866e-06  3.4742566384e-06

JOB 18
COORDS  1.6466878715e+00 -5.7489426265e-01  1.3482867127e+00  1.8291298868e+00 -1.0409084313e+00  2.6471499182e+00 -7.0049191001e-01 -9.9320694545e-01  1.6118573143e+00  3.5731779970e-01 -5.4709754206e-01  7.9368064118e-01  7.0318433083e-01 -1.4681230937e+00  3.3561113643e+00  3.1438429912e-01  1.4245756525e+00 -6.0247409474e-01 -1.0247085612e+00 -4.9399554030e-01 -1.2150326044e+00  8.1423708267e-01 -1.9875010162e+00  4.7752479928e+00 -5.3352110395e-01 -1.4520073680e+00  2.8551712438e+00  1.7560568879e-01 -3.5509819323e-02 -5.1575070528e-01  2.0986463635e+00 -1.9473920720e+00  5.2193151434e+00  7.1407244924e-02 -1.2576681572e+00  5.6383771831e+00  3.9890568254e-01 -3.2712259336e+00  4.8756741719e+00  2.4933152274e+00 -2.4933491477e-01  7.5009365992e-01  2.8161074770e+00 -1.0834474569e+00  3.0943673706e+00 -1.7227821059e+00 -9.9648006394e-01  1.2427752484e+00  3.5869618407e-01  1.7206575131e+00 -1.6549040694e+00  1.2381658998e+00  1.7479047522e+00 -1.1832504614e-01 -5.3017157230e-01  1.9487403832e+00 -1.2436086546e-01 -9.3204046612e-01 -2.3256757639e-01 -2.2734553975e+00 -1.9565936186e+00 -3.9610501856e-02 -8.3806258387e-01 -1.1079224964e+00 -1.5809457574e+00 -1.1392684601e+00
ENERGY -7.194427732732e+02
GRADIENT  3.8776955516e-05  2.1179522055e-05  6.6211126040e-05  5.4387014662e-05 -5.2704048816e-05  3.1831322937e-05 -2.5924573122e-04  3.4211996303e-03  1.4313985678e-03 -8.0616986388e-04 -5.1766803069e-03 -1.9485866765e-03 -2.0160773226e-04 -2.7241102337e-05 -9.1537153399e-05 -3.0851080685e-03  3.3793469872e-04  5.8679280719e-04  6.9896404287e-05 -4.8254818985e-06  8.7699234778e-06  7.4844620539e-05  5.4505570019e-06  7.4835721396e-06 -7.5844953478e-05 -7.0286026965e-06 -1.1967330343e-05  4.2061045766e-03  1.3594013905e-03  1.3364746792e-05  3.3832099936e-05  8.1155018498e-06 -4.6445615341e-05 -7.5104441108e-06 -2.5755527520e-06 -1.2570819399e-05 -1.0596275920e-05 -8.5027244805e-07 -4.7246260427e-05  5.5610665983e-06 -1.6032403297e-05  1.7536134322e-05  2.8902158398e-05 -8.8482724498e-06  1.3854273530e-05 -1.0521393754e-07 -2.6472608090e-05  6.1111753983e-06 -5.8076338088e-07  9.4016425689e-07 -3.0142446088e-07 -1.6658059662e-05  3.2876891414e-05 -2.3373110013e-05 -1.2913635293e-06 -2.3404129995e-06  1.3352732260e-06 -2.0880440849e-05  1.9302326678e-05  3.8352138139e-06 -8.9229298893e-06  8.1313375708e-06  1.4578463072e-05 -1.6533340613e-05 -2.7553325811e-06 -3.7231157369e-05

JOB 19
COORDS  1.5842872244e+00 -5.0642343677e-01  1.4035842275e+00  1.7654119435e+00 -1.0001807310e+00  2.6908142863e+00 -7.2475541101e-01 -1.1347266238e+00  1.5749064137e+00  3.1278563424e-01 -5.6504221460e-01  8.0350058935e-01  6.6164431205e-01 -1.5476284612e+00  3.3508534088e+00  4.2911207410e-01  1.3580618132e+00 -6.8218622763e-01 -1.1228594274e+00 -4.3869352220e-01 -1.1665579433e+00  7.7314607057e-01 -2.1032759796e+00  4.7547601273e+00 -5.5426990129e-01 -1.6193578797e+00  2.8069605203e+00  1.2049369815e-01 -6.4790764972e-02 -4.9840218239e-01  2.0379356273e+00 -1.9785518659e+00  5.2386993731e+00 -4.7954765880e-02 -1.4627599589e+00  5.6189606630e+00  4.5681269614e-01 -3.4182000087e+00  4.8051218283e+00  2.4264039602e+00 -9.8366627573e-02  8.5241476900e-01  2.7398732224e+00 -9.7430247813e-01  3.1659015069e+00 -1.7326830393e+00 -1.2119505294e+00  1.1775896275e+00  4.9118109655e-01  1.5786350637e+00 -1.7517748194e+00  1.3901731731e+00  1.6072778589e+00 -2.3067653063e-01 -3.4226429629e-01  2.0054528909e+00 -2.3373114665e-01 -1.0455103662e+00 -1.6553964686e-01 -2.2226863466e+00 -2.0121190288e+00  6.4855927828e-02 -7.5137368617e-01 -1.2708257041e+00 -1.5197148772e+00 -1.1073223145e+00
ENERGY -7.194446788801e+02
GRADIENT -9.5436748729e-05 -8.2925991034e-05  5.5803896688e-05  5.9648937414e-05 -6.0025690468e-06  9.2370372471e-05 -4.9743790448e-04  2.3959997805e-03  1.1208113062e-03 -1.4501138903e-04 -3.4368936870e-03 -1.3917823792e-03  6.3795363681e-05  4.9867191381e-05 -6.1390016794e-05 -2.2460217549e-03  5.3434832872e-04  5.3920412642e-04  3.8491756006e-05 -5.5355207574e-05 -3.2307243227e-05  3.1646235913e-05  6.7221638256e-06  1.8277211849e-05 -9.8792688733e-05 -4.8275797505e-06 -7.2893125944e-05  2.9327786424e-03  5.5791801492e-04 -2.4731496873e-04 -3.6292309664e-06 -8.0019540668e-06 -1.4403953800e-05  1.0152477922e-05 -1.5455656802e-05 -1.6554180061e-05  5.2586674327e-06 -2.4876683065e-06 -8.4221847280e-06 -1.5544263513e-05 -1.1466771904e-05 -6.4275592239e-07  1.9305118407e-05 -1.8268229851e-05  5.0557395120e-06  6.1981990509e-06  2.0695762225e-06 -2.1102264216e-05 -1.6516232259e-05 -4.3622373632e-07  9.1269195843e-06  9.2243010593e-06  2.3296561436e-05 -1.6708111746e-05  2.0772381847e-05  7.6830575244e-06  2.2788666020e-05 -1.0550006970e-05  3.3126020922e-05  1.6708431045e-05 -7.3013390875e-06 -1.4262283163e-05  9.8992935744e-06  1.8338211385e-06 -7.3716406823e-06 -7.6671468584e-06

JOB 20
COORDS  1.5504251035e+00 -4.3411954375e-01  1.4634117091e+00  1.7386884838e+00 -9.7025480855e-01  2.7320686713e+00 -6.9921368825e-01 -1.2655451791e+00  1.5420702665e+00  3.0374323229e-01 -5.7308557270e-01  8.1920302781e-01  6.7291972451e-01 -1.6390645899e+00  3.3392476628e+00  5.5561903275e-01  1.2888555953e+00 -7.5137229972e-01 -1.1889464115e+00 -3.7024950972e-01 -1.1046961466e+00  7.9592109193e-01 -2.2431143833e+00  4.7205210419e+00 -5.1806271664e-01 -1.7855567964e+00  2.7563313415e+00  8.9578193543e-02 -7.0832479325e-02 -4.6928208538e-01  2.0408877734e+00 -2.0546182656e+00  5.2352513246e+00 -8.1283407569e-02 -1.6947472450e+00  5.5943852862e+00  5.6715815000e-01 -3.5772370598e+00  4.7140276909e+00  2.3759048373e+00  6.6878362946e-02  9.6896881848e-01  2.6954035686e+00 -8.7968774194e-01  3.2345362348e+00 -1.6893468615e+00 -1.4069981759e+00  1.1203858478e+00  5.5741557279e-01  1.4492762379e+00 -1.8327970199e+00  1.5742869750e+00  1.4390056320e+00 -3.9503260962e-01 -9.0526880901e-02  2.0495087653e+00 -2.8464454643e-01 -1.1378594787e+00 -6.1638092451e-02 -2.1518241593e+00 -2.0403100127e+00  1.5038255176e-01 -6.3591715508e-01 -1.3802219361e+00 -1.4458527696e+00 -1.0832118091e+00
ENERGY -7.194458747536e+02
GRADIENT  9.5214286148e-05  9.5237503443e-06  5.8489432880e-05 -3.4568809558e-05  6.0674504069e-05 -8.8271698786e-05 -4.5379355742e-04  1.3092646286e-03  5.0116901066e-04  7.8429909899e-05 -1.7298057563e-03 -6.3544078965e-04 -4.1998897984e-05  2.1871615035e-06  3.1054144401e-05 -1.1333971526e-03  4.9296695162e-04  3.9270170329e-04  4.4259762979e-05 -5.5839739576e-06  2.6436799811e-05 -1.1199942239e-05 -2.2222776300e-05  8.4861562678e-06  6.5887929209e-05 -2.6498720165e-05  7.7929941914e-05  1.4687302964e-03 -3.3919881280e-06 -3.4525391114e-04 -1.5858559867e-06  7.2173987581e-06  8.7713147438e-06  4.2024139212e-06  1.1496933185e-05  7.2194796003e-06  6.9808282290e-06  1.8268975191e-05  1.2124480627e-05 -6.5424649680e-07 -7.5916305911e-06 -3.2809886465e-05 -2.1440557984e-06 -1.3193935018e-05 -1.6868576866e-06  1.1268624516e-05 -2.4655372740e-05  1.7914752858e-05 -8.9943727663e-06 -9.3704580173e-06  9.6244591584e-06 -2.0042776291e-05 -1.3617515727e-05  1.3719870292e-05 -5.3839613443e-06  1.3618293315e-05  7.5116714889e-07 -5.4629186992e-06 -2.4017423597e-07 -2.3522949136e-07 -2.3587267996e-06 -7.9397944205e-06 -4.3282183285e-07  5.5043298750e-06  3.8232367461e-06 -1.0454718580e-05

JOB 21
COORDS  1.4639562111e+00 -3.4560639830e-01  1.4911900567e+00  1.6709713436e+00 -9.1152038438e-01  2.7453102144e+00 -6.9257845956e-01 -1.4035834179e+00  1.4747464476e+00  2.6207864524e-01 -5.9913648544e-01  7.9590986279e-01  6.6668769695e-01 -1.7082930068e+00  3.2957230080e+00  6.6114370002e-01  1.1938862735e+00 -8.1237650163e-01 -1.2864467340e+00 -3.0301637064e-01 -1.0726163944e+00  8.1429078884e-01 -2.3509090611e+00  4.6556029517e+00 -4.9263040651e-01 -1.9430413851e+00  2.6743385774e+00  2.3691312499e-02 -7.7297170146e-02 -4.7050349998e-01  2.0253167455e+00 -2.0700905279e+00  5.2085488627e+00 -1.2834896558e-01 -1.9200829192e+00  5.5280858588e+00  7.0942910098e-01 -3.6996951159e+00  4.5954171167e+00  2.2377275308e+00  2.7790922391e-01  1.0586159691e+00  2.5947751909e+00 -7.3244347968e-01  3.2843925294e+00 -1.6567089704e+00 -1.6185121490e+00  1.0252530367e+00  3.3584836913e-01  1.4966289379e+00 -1.8087966045e+00  1.7494483245e+00  1.0935671415e+00 -8.4661619032e-01  4.0572888549e-01  1.9940761675e+00 -1.0165538325e-01 -1.2709887594e+00  6.7223105886e-02 -2.0992872339e+00 -2.1034338013e+00  2.0209864954e-01 -5.3321587466e-01 -1.5065274794e+00 -1.3729075035e+00 -1.1138777168e+00
ENERGY -7.194469732646e+02
GRADIENT  1.0084919307e-05 -7.5207173398e-06 -1.1016012849e-04 -8.1792821535e-05 -6.9279049119e-05  8.2710355708e-05 -8.4825774771e-04  1.6199448337e-03  1.0393198098e-03  5.9623797690e-04 -2.1086672826e-03 -9.7559667140e-04  1.5725827208e-04  5.4564062140e-05  2.2662035640e-05 -1.6296561695e-03  1.0337682726e-03  6.8204459299e-04 -2.4628923001e-05 -4.4770418997e-06 -7.9535236944e-05 -4.3360245639e-06  5.5496969987e-05  6.3608483629e-06 -1.3100160106e-04  2.4282118425e-05 -1.4168077396e-04  1.9522665041e-03 -5.8234028494e-04 -5.2282635977e-04 -1.1546770493e-05  6.1073283708e-06  1.9587938167e-06  3.8256622698e-06  3.8420186358e-07  2.2948091208e-07 -3.2397835612e-06 -1.6442552345e-05  5.0478964355e-06 -1.5545785269e-05  3.3035409363e-05  5.7643536564e-06 -1.1034015358e-06  1.3325060859e-05  3.4635057188e-06 -9.6155383947e-06  3.5955275401e-05 -1.4816115310e-05  6.1588361575e-06 -1.7715395271e-05  6.1127154467e-06  1.9126783281e-05 -7.3742739592e-06 -7.2169146367e-06  2.0016029608e-05 -8.0034898651e-06  6.5934801666e-06  1.0097101160e-05  1.1780072162e-05  1.7619633363e-05 -2.2605930725e-06 -1.0131733551e-07 -1.3131485311e-05  6.0253407432e-06 -6.4134129206e-06  3.4583326167e-05

JOB 22
COORDS  1.4345578940e+00 -1.5827688833e-01  1.6063708072e+00  1.6459568611e+00 -6.9743422476e-01  2.8722042502e+00 -6.2936169453e-01 -1.3904765820e+00  1.5355369996e+00  2.7556172065e-01 -5.0977794798e-01  8.7941132105e-01  6.9299312795e-01 -1.5676630866e+00  3.4004402570e+00  8.0666469738e-01  1.1076005981e+00 -8.7341119471e-01 -1.2784234634e+00 -2.5771496703e-01 -9.9680914324e-01  8.5019597218e-01 -2.1875282818e+00  4.7688393101e+00 -4.2385187480e-01 -1.9012785881e+00  2.7448006434e+00  2.9700456008e-02 -2.8879612521e-02 -3.9376205035e-01  2.0153550996e+00 -1.8030461069e+00  5.3574951804e+00 -1.5269231411e-01 -1.8325938106e+00  5.6083887225e+00  8.6017119676e-01 -3.5411080293e+00  4.7178988058e+00  2.1678114484e+00  5.2477305142e-01  1.1945407808e+00  2.5344464517e+00 -4.3908329810e-01  3.4379356226e+00 -1.5565078026e+00 -1.6891135738e+00  1.0564508361e+00  4.7087878173e-01  1.3719180906e+00 -1.8767665855e+00  1.8700201609e+00  8.5493945660e-01 -9.4147473422e-01  7.0036362162e-01  1.9923016253e+00 -2.2769062295e-01 -1.2801026267e+00  1.5153419437e-01 -2.0078936457e+00 -2.0959312092e+00  2.1310690700e-01 -4.3026410830e-01 -1.4860889915e+00 -1.3290112341e+00 -1.0777678478e+00
ENERGY -7.194478573348e+02
GRADIENT -4.6261242075e-07 -3.7643183805e-06  1.7224473535e-05  2.4799002717e-05 -1.9345680884e-05  3.3793177739e-05 -2.4118054388e-04  4.8497280051e-04  3.0762390898e-04  1.9114451663e-04 -5.4938593871e-04 -2.8944193390e-04 -4.9522538346e-05 -1.3652441731e-05 -4.9914610703e-05 -3.8073733875e-04  3.5950363450e-04  2.1839326510e-04 -3.5385052775e-05 -1.0220911428e-05  6.9552457007e-05  3.3178196883e-05  4.6089522804e-06  1.2514324943e-05 -3.2667011755e-05 -1.6114532530e-05 -5.2328560120e-06  4.9069369188e-04 -2.4599195983e-04 -2.9425696344e-04  2.0446401026e-05  1.9681906169e-05 -1.8602306967e-05 -1.9534571631e-06  1.4380390637e-05 -4.5339784898e-06  6.0294510389e-06  7.3458915501e-06 -1.3893223451e-05  5.3676073873e-07 -3.1387229759e-06  4.4514662655e-07  8.4863755716e-06  1.2225710382e-05  8.2108027971e-06  8.3543206529e-06 -5.1558343426e-06  7.4489662310e-06 -1.1201299961e-06 -2.3866477142e-06 -3.7507430951e-06 -4.0996890227e-06  4.1381158629e-06  3.4306180265e-06 -6.0270268600e-06  7.5300022336e-06  3.4144675195e-06  2.2364196485e-06 -2.5227081591e-06 -1.0394753338e-06  5.5890174810e-06 -1.1307544575e-05 -1.7380008539e-06  3.6739707525e-06 -1.0036189763e-05  2.7829299645e-06

JOB 23
COORDS  1.4115590943e+00 -5.0895196090e-02  1.6459523525e+00  1.6612967604e+00 -6.1406916716e-01  2.8941107121e+00 -6.2745258267e-01 -1.3308141560e+00  1.5907384106e+00  2.3541804651e-01 -4.0032482942e-01  9.4421208217e-01  7.3809673578e-01 -1.5152292978e+00  3.4240527433e+00  8.4405994261e-01  1.0716289131e+00 -9.1505376271e-01 -1.2869588185e+00 -2.7532710474e-01 -9.7723183795e-01  9.4109770090e-01 -2.1659237947e+00  4.7713647279e+00 -3.8274629445e-01 -1.8642074585e+00  2.7819384758e+00 -6.6117866804e-02  1.2398327650e-01 -2.9133256582e-01  2.1013556492e+00 -1.7553637825e+00  5.3524549865e+00 -5.9457629206e-02 -1.8727724052e+00  5.6371059730e+00  1.0001082708e+00 -3.5169998787e+00  4.6833557241e+00  2.1247185703e+00  6.4975292167e-01  1.2280066010e+00  2.5598089581e+00 -3.5486064568e-01  3.4434301785e+00 -1.5504369094e+00 -1.6497624480e+00  1.1158518275e+00  4.3981545681e-01  1.3780424783e+00 -1.8799948298e+00  1.8346880974e+00  6.3024714524e-01 -1.0895913924e+00  9.7296836470e-01  1.9740103895e+00 -3.0240476903e-01 -1.3463646519e+00  2.4304044960e-01 -1.9344560651e+00 -2.1823883697e+00 -1.5689187866e-02 -3.9766164033e-01 -1.3073755467e+00 -1.3547540706e+00 -1.1765716073e+00
ENERGY -7.194478265664e+02
GRADIENT -3.2385629404e-06 -1.1170911507e-05  1.3503255710e-05  3.8089417171e-05  1.3462440612e-05  1.6081271953e-05 -5.7738637138e-05  1.9886309553e-05  2.5794073235e-05  2.6134925447e-05 -3.8969502370e-05 -3.6549113856e-05 -1.6435584118e-05  1.1726826881e-05 -3.6952342003e-05 -2.7103118372e-05  2.1539561049e-05  1.5605110099e-05  1.1622033595e-05 -5.2429612184e-06 -3.2367686929e-06  2.9423076560e-05  5.2014137009e-05 -4.7998525930e-05 -1.1776893268e-06  1.1896920089e-05 -2.1753442250e-05  1.2746431131e-05 -4.7395465748e-06 -2.2446605174e-05 -1.8638018145e-05 -3.9806675998e-05  4.2573268197e-05  6.3919518722e-05 -4.6830210149e-05  2.4782064664e-06  4.4391375526e-06  5.3031290546e-05  6.0474217650e-05  3.6990932276e-06  3.0895294928e-06 -7.3085948848e-07  5.7803661356e-06  5.2907350464e-06 -2.8970518280e-06  9.0893793310e-06 -1.7731494083e-06  1.0401247968e-05 -5.4538200489e-06 -1.3378614073e-06 -4.7491950106e-06  6.6206763535e-07 -1.5625583166e-06 -3.5130983880e-06 -2.7613534550e-06  1.3723093368e-06  4.9164604557e-07  6.9455042775e-07  7.3017150921e-06  3.5781068448e-06  1.2705181211e-06 -2.9978004762e-06  2.9818389654e-06  2.1524087946e-06 -2.9540863545e-06 -2.6886896999e-06

