JOB 0
COORDS  1.6095127533e+00 -3.3593859910e-02  1.6603419980e+00  1.8551602516e+00 -6.2813897286e-01  2.8812456202e+00 -4.7129908056e-01 -1.2334261143e+00  1.5799985570e+00  4.1827085136e-01 -3.4090276620e-01  9.6911366480e-01  8.9332532116e-01 -1.5345806339e+00  3.4037038556e+00  4.3634998777e-02  2.8572314674e-01 -3.0981370212e-01  8.3103660030e-02 -2.9630974274e+00  5.2564623263e+00 -2.5350377646e-01 -1.8245795043e+00  2.7567538152e+00  1.1127553641e+00 -2.1703044542e+00  4.5960260407e+00 -1.0665031618e+00  2.5898179031e-01 -8.1683840038e-01  1.0806913073e+00  9.5865512700e-01 -8.9618842803e-01  2.3220849434e+00  6.6325701070e-01  1.2309091845e+00  2.7639866647e+00 -4.1260027000e-01  3.4375550543e+00 -1.4076312515e+00 -1.4743202749e+00  1.0810735424e+00 -2.6422834213e-01 -3.7544162299e+00  4.5894434598e+00 -7.8497730410e-01 -2.3564486447e+00  5.5424365940e+00  5.1793528552e-01 -3.4158932520e+00  6.1504210300e+00  1.8635376685e+00 -1.8094842753e+00  5.1673838081e+00  7.0914514990e-01  1.3529294154e+00 -1.7078814711e+00
ENERGY -5.316346540549e+02
GRADIENT -1.0893507742e-03  1.6592656357e-03  1.1089350895e-03 -4.5105775706e-05 -5.7654409022e-06 -4.4606785938e-05  5.0473986768e-05  6.0397972673e-05  1.1773163243e-05  1.2560567766e-03 -1.4260861582e-03 -1.0914309608e-03  1.2617130691e-04  2.8424012677e-05  1.8254400903e-05  4.2288451906e-04 -2.4766912118e-03 -1.4330811199e-03  4.6300085488e-05 -4.4741466493e-05  1.2414191920e-04 -6.9868673318e-06  1.8562466207e-05 -2.2551346854e-05 -1.3449212100e-04 -8.3179794825e-05 -5.7480152562e-05 -6.8090927953e-04  2.2477943262e-03  1.3723373578e-03  2.9037330853e-05  2.7852800032e-05 -5.0798084098e-06 -1.3311561969e-05 -9.4443085382e-06 -1.0159680295e-05 -1.2378469822e-05 -3.7474899749e-06  1.9378476631e-06 -8.2113717173e-07  5.8643269019e-06  1.6168075318e-06  1.1400421676e-07  1.7391290928e-05  5.3809279033e-06  2.9020329102e-06  1.6782641660e-06  4.7890028393e-06 -5.8152317587e-06 -1.1473770579e-05  9.5378328327e-06 -2.9248399695e-05  2.1010514649e-05  7.1530952836e-07 -1.0115687999e-05  9.6174556638e-07  8.1573866261e-06

JOB 1
COORDS  1.6046441767e+00 -1.6300847685e-02  1.6713948492e+00  1.8433953451e+00 -6.0566898501e-01  2.8967722767e+00 -4.5604798775e-01 -1.2472460850e+00  1.5677328321e+00  4.3094025892e-01 -3.4847741636e-01  9.6343168498e-01  8.9421838673e-01 -1.5327607995e+00  3.4047714438e+00  4.1162509204e-02  3.1581682359e-01 -2.9394324467e-01  8.3736725059e-02 -2.9759577408e+00  5.2437022390e+00 -2.3935403328e-01 -1.8408336892e+00  2.7436162024e+00  1.1115447871e+00 -2.1685546299e+00  4.5983429046e+00 -1.1032334273e+00  4.8551133542e-01 -6.8149385774e-01  1.1142162790e+00  8.0207617716e-01 -9.8873269041e-01  2.3098023325e+00  6.9476788177e-01  1.2523372704e+00  2.7372833243e+00 -3.6784872892e-01  3.4679475680e+00 -1.3881352596e+00 -1.4958909371e+00  1.0641908117e+00 -2.4382594936e-01 -3.7705315005e+00  4.5705706637e+00 -7.9649399482e-01 -2.3819306393e+00  5.5191902770e+00  5.1262715337e-01 -3.4249093274e+00  6.1424808773e+00  1.8444556147e+00 -1.7913149460e+00  5.1822137025e+00  7.3856650208e-01  1.2670891588e+00 -1.7603440313e+00
ENERGY -5.316327355854e+02
GRADIENT -1.9771034010e-03  3.1917462855e-03  2.0904241822e-03 -2.4561013495e-04 -6.2137235795e-05 -1.7979556820e-04 -7.2123996392e-05  2.6686389408e-05 -3.0476722695e-05  3.1516131142e-03 -2.4654368683e-03 -2.0453840771e-03  4.7237472192e-05 -1.5153392430e-04  2.0445264232e-04 -7.9268765606e-04 -5.0239825029e-03 -2.6001495018e-03 -8.9685885057e-06 -3.8227549212e-06 -4.3997126643e-05  6.2555520627e-07  4.6740589890e-05 -8.6663349845e-05  7.4660066133e-06  5.0056059603e-05  7.5057801912e-05 -1.9848194648e-04  4.3634450897e-03  2.6065496129e-03  1.3378911893e-04  3.4902686065e-05 -3.0921865850e-05  1.3046484229e-05  8.9551001795e-06 -2.3237449119e-05 -3.7003630993e-05  1.2085639270e-05 -1.8531233200e-05 -4.7582709538e-06 -1.6980559054e-05 -1.5187509436e-05 -7.5995970653e-06  8.9416654576e-06 -1.0231761496e-05 -3.6012278969e-06  3.7701130752e-06  9.5768403483e-07 -2.4066213235e-06 -4.0552803104e-07 -9.8951429866e-06  5.4247569110e-06 -9.4982278739e-06  1.5703710935e-06  4.3304017703e-06 -1.1268255019e-05  6.6611795259e-06

JOB 2
COORDS  1.5861479959e+00  8.4843054245e-03  1.6780711262e+00  1.8188271016e+00 -5.7889365541e-01  2.9063430248e+00 -4.5096973008e-01 -1.2534427635e+00  1.5443094631e+00  4.3264243612e-01 -3.4609850116e-01  9.4996493468e-01  8.8230481855e-01 -1.5273498694e+00  3.3959664677e+00  3.8744334359e-02  3.5156702157e-01 -2.9238567568e-01  7.2033764033e-02 -2.9879947449e+00  5.2203328407e+00 -2.3716301825e-01 -1.8504976307e+00  2.7196642332e+00  1.0992260069e+00 -2.1692497250e+00  4.5881530564e+00 -1.0879484248e+00  7.2527172901e-01 -5.6975576347e-01  1.1086633336e+00  6.3352966721e-01 -1.0947355643e+00  2.2845588750e+00  7.3444342477e-01  1.2723979260e+00  2.6983810359e+00 -3.2267066060e-01  3.4916101039e+00 -1.3775892329e+00 -1.5115512901e+00  1.0347997655e+00 -2.3580694927e-01 -3.7877026750e+00  4.5439510921e+00 -8.1988220532e-01 -2.4053163679e+00  5.4827088728e+00  4.9387341154e-01 -3.4307181192e+00  6.1255761751e+00  1.8083254465e+00 -1.7707286536e+00  5.1872589342e+00  7.5241309563e-01  1.1584978632e+00 -1.8370255569e+00
ENERGY -5.316296970983e+02
GRADIENT -3.2095214743e-03  3.7946239904e-03  3.2086923949e-03  5.5384731606e-05  2.0334029298e-05  3.5226054443e-05 -3.0451548909e-05 -4.2534789439e-05  2.3560953178e-06  5.4078752515e-03 -2.7582935461e-03 -3.3190387814e-03 -8.6507648053e-06  4.9609281119e-06  1.2173956679e-05 -3.5562672963e-03 -7.3380167901e-03 -2.9532046395e-03  2.8154618984e-05 -2.8713958532e-06 -1.6774424741e-05 -2.0548253112e-05  2.6716369912e-06 -1.7325875356e-05  2.9269417983e-05  4.1513861341e-05 -2.3668942425e-05  1.2980810175e-03  6.2628886530e-03  3.0994298139e-03  1.0368054386e-06  1.3431073568e-06 -6.0898156605e-07 -3.2142456347e-06  4.8366663379e-07  5.8058007260e-06  4.6981077891e-06  1.5835680989e-07  4.1939041448e-06 -1.0285598317e-05 -1.8214163163e-06 -2.8413388638e-06 -7.7067468277e-06 -6.0084737263e-06 -2.8744851700e-07 -8.8261812006e-06 -8.9933235245e-06 -3.3012451337e-06 -2.7526976092e-06  1.5574352305e-05  4.9802580324e-07 -9.3013690032e-06 -1.8051915210e-05 -9.1145530772e-06 -1.2053240355e-05 -1.7662971546e-06  5.5263121087e-06

JOB 3
COORDS  1.6184227551e+00 -5.8145836466e-02  1.7859439370e+00  1.8560455594e+00 -6.2118888386e-01  3.0257133966e+00 -3.6407346379e-01 -1.3986325755e+00  1.6411947708e+00  4.9266526340e-01 -4.6847369872e-01  1.0463695009e+00  9.5147316321e-01 -1.5989210798e+00  3.5152846309e+00  8.8500090657e-02  2.2279999028e-01 -2.0309169781e-01  1.6205734998e-01 -3.0503242811e+00  5.3535883196e+00 -1.4356266146e-01 -1.9728607577e+00  2.8277518158e+00  1.1786340694e+00 -2.2190010997e+00  4.7199954051e+00 -9.8047621685e-01  7.7461604490e-01 -3.9110958768e-01  1.0997490931e+00  2.7524557973e-01 -1.1181580179e+00  2.2954662026e+00  6.8973171485e-01  1.3826731157e+00  2.7164428365e+00 -3.2204870829e-01  3.6189607135e+00 -1.2748176460e+00 -1.7002778961e+00  1.1264165711e+00 -1.1998017950e-01 -3.8657321044e+00  4.6850219755e+00 -7.4609303417e-01 -2.4847822747e+00  5.5984959914e+00  5.8374651542e-01 -3.4717604524e+00  6.2691249192e+00  1.8455972876e+00 -1.7666316595e+00  5.3296427693e+00  7.6411270696e-01  8.1643287088e-01 -1.8591460075e+00
ENERGY -5.316259754800e+02
GRADIENT -3.6822434304e-03  4.0597409238e-03  3.2677406568e-03 -6.7969561342e-05 -7.9115227510e-05 -8.7020047247e-07  7.6561028828e-05  1.2622554208e-05  9.2632930791e-05  6.9239754188e-03 -2.8951350652e-03 -3.7270120765e-03  7.6108201389e-06  3.9000305971e-06  3.0473735854e-05 -6.0810666854e-03 -7.5667157027e-03 -2.3465833394e-03 -2.6438836514e-05  2.0906151729e-05 -4.6628367340e-05 -7.3574190183e-05 -5.6534541380e-05 -2.4836703775e-05  3.5820081317e-05 -1.6837261433e-05  2.4627624037e-05  2.9286580545e-03  6.5072521771e-03  2.6826500342e-03 -4.2230062057e-05 -2.8482269914e-05  1.4105023267e-05  9.3155070607e-06 -1.0560034194e-05 -1.0822892548e-05 -2.0249652753e-05  2.7595365802e-05  4.3840087987e-07  1.6362374242e-05 -1.7505780456e-05  5.1722334708e-06 -1.8397919266e-06  5.1216288565e-06 -6.8012174225e-06 -4.0795576411e-06  3.8841611494e-06  4.2157122779e-06  1.6970151695e-06  9.2712370871e-07 -7.7088873227e-06  1.5322233183e-06  1.6332140573e-05 -1.9114339795e-06  2.0091800808e-05 -4.5658606522e-06 -2.0674143212e-05

JOB 4
COORDS  1.6499452258e+00 -8.2507214050e-03  1.8394834941e+00  1.8738307327e+00 -5.9223935118e-01  3.0727932583e+00 -3.0458128990e-01 -1.3778097569e+00  1.6278604047e+00  5.4402109749e-01 -4.1931036666e-01  1.0731074177e+00  9.7332654874e-01 -1.5893838445e+00  3.5280031567e+00  1.8171722276e-01  2.7593134549e-01 -1.9475085756e-01  1.6598289609e-01 -3.0776650575e+00  5.3275311519e+00 -1.0061103657e-01 -1.9658885280e+00  2.8125263034e+00  1.1887705236e+00 -2.2293359107e+00  4.7272099979e+00 -7.5001760131e-01  1.0446586929e+00 -3.3562184962e-01  1.0706836283e+00  2.4080030048e-02 -1.1961483623e+00  2.3250832497e+00  7.5666332887e-01  1.4651090761e+00  2.7222983017e+00 -2.9606010084e-01  3.6843808023e+00 -1.1967957257e+00 -1.6931588515e+00  1.0888993559e+00 -9.2760716938e-02 -3.8871607672e+00  4.6425504252e+00 -7.5361935989e-01 -2.5248302949e+00  5.5593842865e+00  5.7127615779e-01 -3.5074119112e+00  6.2467091191e+00  1.8219270046e+00 -1.7636693795e+00  5.3625613940e+00  7.8322903559e-01  5.6624298600e-01 -1.9572640541e+00
ENERGY -5.316225217605e+02
GRADIENT -2.8297716334e-03  3.0513457062e-03  2.3610536519e-03  8.0330437532e-05  1.4905909410e-05  8.0017545995e-05 -4.5430814880e-06  2.4110573471e-05  7.2808580357e-06  5.7623268006e-03 -2.5206909198e-03 -2.8326806128e-03 -1.9188351793e-05  5.2494508510e-05 -1.5169317554e-04 -6.3526583101e-03 -4.9018583127e-03 -9.4016838828e-04  7.5496082013e-06 -1.7709530990e-05  1.0407562594e-05 -5.1006677049e-05 -5.8312770877e-05  5.7682661357e-05 -6.3542368091e-05  2.9437070937e-05 -5.7950626827e-05  3.3879642521e-03  4.3622503309e-03  1.4953994368e-03 -9.4508405676e-06 -3.2923629637e-05 -1.7788589243e-05 -8.8667811867e-06 -6.7657081167e-06  9.2682483818e-07  8.2073164021e-06  1.5321889497e-05  3.7811125759e-06  1.6108296275e-06 -7.1952022196e-06  1.2308952596e-05  8.9741320948e-07  3.4638845580e-06 -3.2249682655e-06  4.1553286344e-06 -9.7481639540e-07  5.2842477666e-06  2.0999684390e-06 -6.4040010043e-06 -1.9053519480e-06  5.1107221762e-06 -2.3883593904e-07 -2.1100318967e-05 -5.0810980720e-06  5.1587600246e-06 -2.1800260729e-05

JOB 5
COORDS  1.5592573110e+00 -8.2505520683e-02  2.0411571457e+00  1.8314491584e+00 -6.6630129719e-01  3.2652306757e+00 -2.8753953092e-01 -1.5933310445e+00  1.8156871664e+00  4.7187734931e-01 -5.5235949823e-01  1.2838699542e+00  9.9866015676e-01 -1.7205784753e+00  3.7193233227e+00  1.0591240584e-01  7.5329150299e-02 -2.2012778931e-02  2.9147299352e-01 -3.2639527238e+00  5.5129222072e+00 -4.5249110337e-02 -2.1671457649e+00  3.0013283542e+00  1.2586902996e+00 -2.3496500644e+00  4.9171605004e+00 -6.6706259768e-01  1.0018048599e+00 -1.6891973848e-01  7.4651477237e-01 -5.0717074582e-01 -1.0719088636e+00  2.1795668562e+00  7.3016382221e-01  1.6721226952e+00  2.6696489103e+00 -3.2862091729e-01  3.8693320373e+00 -1.1429444781e+00 -1.9848019066e+00  1.2666698813e+00  9.7404107527e-02 -4.0943405320e+00  4.8314594333e+00 -6.6737419298e-01 -2.7760338024e+00  5.7315813769e+00  7.1616907497e-01 -3.6584772071e+00  6.4391366780e+00  1.8477241611e+00 -1.8360049015e+00  5.5580170095e+00  4.4699498638e-01 -3.1657913481e-02 -1.8723420043e+00
ENERGY -5.316208958104e+02
GRADIENT  1.4958189680e-04  5.6665700119e-04 -5.5743471765e-05 -2.5545927247e-04 -1.0116527711e-04 -1.6838190731e-04 -2.9370001140e-04 -1.6762733890e-04 -2.2895743141e-04  5.1841613588e-04 -5.2450372957e-04  2.0518818561e-04  8.8981918988e-05 -5.5851442129e-05  1.3263751275e-04 -3.1293465628e-04 -4.7771171660e-05  2.8963131088e-04  2.7132543907e-05 -1.8249555652e-05 -1.0177447824e-05  5.1498557866e-05  1.1082679288e-04 -3.1448631615e-05 -8.6642338750e-05  7.9624548652e-05  1.4007814220e-05  2.4196987267e-04  1.3561346745e-04 -1.7492596280e-04 -1.2845562570e-04  2.9476155685e-05  8.4458375797e-05  4.5463373081e-05  4.0745491260e-05 -6.2996323439e-06 -2.2994781908e-05  1.1942086367e-05 -3.8999586814e-05 -3.6371554340e-05 -2.5509886439e-05 -1.0667461256e-05 -3.3322797155e-07 -5.2044110526e-06  2.6212145679e-06 -1.6878504020e-06 -4.9368766077e-07 -6.7928497155e-06 -9.1344508493e-06  2.2561538108e-06  5.5886540247e-06  2.6923936077e-05 -3.7959823371e-05 -1.3440885527e-05  6.5060643071e-06 -5.3486161577e-06 -7.9338966577e-06

JOB 6
COORDS  1.5584196979e+00 -1.7922171928e-02  2.0878653981e+00  1.8269289021e+00 -6.2292614020e-01  3.3019315190e+00 -2.3750617366e-01 -1.5756147595e+00  1.7902110986e+00  4.8647370200e-01 -4.8557869965e-01  1.3068800413e+00  1.0047538575e+00 -1.6993224565e+00  3.7233295524e+00  1.7999275133e-01  1.0929930797e-01 -2.5702624316e-02  2.9864634760e-01 -3.2937838971e+00  5.4731485177e+00 -1.2371576165e-02 -2.1586824625e+00  2.9740148675e+00  1.2508386623e+00 -2.3406046832e+00  4.9160770582e+00 -3.4934127136e-01  1.1878566508e+00 -2.1626591377e-01  5.0125373732e-01 -7.2995081788e-01 -1.0489153556e+00  2.1659232126e+00  8.1490533268e-01  1.7435888216e+00  2.6556348163e+00 -2.8895272985e-01  3.9209800353e+00 -1.0555411173e+00 -1.9928892288e+00  1.2046790236e+00  1.4334781559e-01 -4.1165884930e+00  4.7727903837e+00 -6.7816050302e-01 -2.8372474631e+00  5.6793177608e+00  7.1435213516e-01 -3.6928829357e+00  6.4014154862e+00  1.8236242129e+00 -1.8324558807e+00  5.5755077434e+00  2.1801569044e-01 -2.7849128686e-01 -1.8687063361e+00
ENERGY -5.316222074474e+02
GRADIENT  2.6189297639e-03 -2.9092894637e-03 -1.8353037670e-03 -3.9974449587e-05  1.2483965483e-05 -6.8242434970e-05 -9.4210618633e-05 -4.7189121005e-05 -1.4258438524e-04 -6.1246923925e-03  3.1910090030e-03  2.7842798031e-03  1.2580810556e-04 -1.3035130945e-04  2.3655871306e-04  8.0866295005e-03  1.9164777734e-03 -8.9134362129e-04  4.7909455797e-05 -2.3121339508e-05 -6.2113963493e-05  3.7619301621e-05  1.2042651936e-04 -1.1307882646e-04 -8.0938768799e-05  1.7829988497e-04  1.4022386794e-04 -4.6539380507e-03 -2.2639159952e-03 -3.2632469285e-05  3.2213838639e-05  3.7645770969e-05 -2.4684742335e-05  2.6988344072e-07 -1.1269156541e-06 -2.1923527985e-06 -1.1127101366e-05 -1.7325820433e-05 -2.5931774432e-06 -1.6196406431e-05  1.8974118832e-05 -3.4797794480e-05 -1.0370785301e-05  2.4415996973e-06 -3.1802330230e-07 -3.1497779595e-06  6.7896145898e-06 -2.3116151926e-06 -3.7807483538e-06  7.6768786486e-06 -1.5102743600e-06  6.0480218941e-05 -7.1543029539e-05 -1.6248611858e-05  8.2830372145e-07  9.1430958279e-07 -1.5450577363e-06

JOB 7
COORDS  1.5578275171e+00  2.3944671864e-02  2.1229532464e+00  1.8151660329e+00 -5.8580090754e-01  3.3357426325e+00 -1.9297681283e-01 -1.5750789836e+00  1.7711004534e+00  5.0922259260e-01 -4.5676986984e-01  1.3158717586e+00  1.0042555421e+00 -1.6814348557e+00  3.7322118942e+00  2.5078774376e-01  1.2759335904e-01 -2.4464186092e-02  3.0248351586e-01 -3.3122539683e+00  5.4522406762e+00  1.4006558467e-02 -2.1590174580e+00  2.9566977407e+00  1.2346625046e+00 -2.3232002792e+00  4.9251062095e+00 -2.7886458419e-02  1.2919053799e+00 -2.4965261147e-01  2.6261378077e-01 -8.1493097659e-01 -1.0098082969e+00  2.1518923173e+00  8.7229477412e-01  1.7940112827e+00  2.6269123218e+00 -2.4416573391e-01  3.9728653322e+00 -9.8071942660e-01 -2.0102380850e+00  1.1585692968e+00  1.8518056451e-01 -4.1305594485e+00  4.7393326545e+00 -6.9087378465e-01 -2.8872198963e+00  5.6451561098e+00  7.1265005850e-01 -3.7096197247e+00  6.3836294397e+00  1.7965621857e+00 -1.8187560808e+00  5.5964114838e+00  4.5668980536e-03 -3.4900756705e-01 -1.8291558694e+00
ENERGY -5.316255400199e+02
GRADIENT  3.8727304172e-03 -4.4325665479e-03 -2.5956094226e-03  4.2211682264e-07  2.5842425760e-05 -1.8181211157e-05  1.5546792477e-04  1.0289195256e-04  7.5814298511e-05 -9.5825376554e-03  5.5606528005e-03  4.0344720622e-03  4.1894686316e-05 -1.4198540131e-04  1.3237333637e-04  1.3116790856e-02  4.7048694011e-04 -2.3063772066e-03  3.7744317894e-05 -1.4122881425e-05 -5.4104019987e-05 -3.0131025443e-05  1.0938943348e-05 -3.7679419456e-05 -4.5488702161e-05  1.1105851114e-04  1.4891734789e-04 -7.5902759854e-03 -1.7007692444e-03  6.2871367029e-04  4.5113687137e-06  4.6414090222e-05  1.1738270687e-05 -2.6992918197e-05 -1.6093675785e-05 -5.4632634152e-06 -2.7327619427e-06 -2.4692174770e-05  8.8117528532e-06  9.5884442529e-06  1.8527667521e-05 -2.1366765636e-06 -1.2207262027e-05  4.7944058667e-06  5.1057934562e-07 -1.9915425907e-06  5.1072392221e-06  1.0283920705e-05  2.7624836076e-06 -1.9748248125e-07  1.0826161348e-06  3.6047627002e-05 -4.4614753495e-05 -7.7758866724e-06 -1.3356952435e-06 -5.1557775409e-06 -9.6243768060e-06

JOB 8
COORDS  1.5531092003e+00  3.6149403813e-02  2.1314585972e+00  1.7962600416e+00 -5.5969420366e-01  3.3523966000e+00 -1.5889582962e-01 -1.6049786801e+00  1.7533428661e+00  5.3222342436e-01 -4.7525216504e-01  1.3049341146e+00  1.0002830580e+00 -1.6716882461e+00  3.7377851599e+00  3.0743951247e-01  1.0133501950e-01 -3.8085307907e-02  3.1028333083e-01 -3.3187030167e+00  5.4491963316e+00  3.5429395003e-02 -2.1765879336e+00  2.9462689955e+00  1.2184050071e+00 -2.2997698774e+00  4.9375832295e+00  2.7324475091e-01  1.2925612154e+00 -2.9811642975e-01  4.4857646360e-02 -8.4963216583e-01 -9.8143361975e-01  2.1318173051e+00  8.9551613511e-01  1.8043638317e+00  2.5858752698e+00 -1.9733648517e-01  4.0057464330e+00 -9.2547152214e-01 -2.0572302885e+00  1.1273977499e+00  2.2888792824e-01 -4.1388289927e+00  4.7333718619e+00 -6.9803751299e-01 -2.9242175496e+00  5.6275967946e+00  7.1846735418e-01 -3.7043903552e+00  6.3862679797e+00  1.7706012701e+00 -1.7904336387e+00  5.6130527034e+00 -1.7000981135e-01 -3.5975995685e-01 -1.7985337881e+00
ENERGY -5.316294429690e+02
GRADIENT  4.3652449657e-03 -3.7883606989e-03 -2.6585763189e-03 -2.0412402525e-04 -9.3339461342e-05 -1.1519755782e-04 -1.3822381274e-04 -1.6264655452e-04 -1.2790437434e-04 -9.6891530101e-03  6.1018967214e-03  4.7551962555e-03  5.7883651669e-05 -5.2662055695e-05  5.0271810281e-06  1.3267105074e-02 -2.0855003120e-03 -3.2090855482e-03  1.3113187414e-05 -2.6563467299e-05 -2.2322872256e-05  5.3283397607e-06  1.1642523783e-05 -1.9504588888e-05 -9.1049794691e-05  7.3387608453e-05 -1.7697069583e-05 -7.6002489181e-03  4.4393635232e-05  1.4164140592e-03 -1.9136195091e-05 -8.2796772487e-05  2.2666619014e-05  1.5276756057e-05  5.2222171386e-05  3.6846032437e-06 -3.8896791144e-06  6.5532164754e-06 -4.3715597129e-05 -3.7174348786e-05 -2.2018419788e-05  1.7578407494e-05 -8.3142355953e-06  9.6019509422e-06 -8.2157282640e-06  5.0214014938e-06  1.9892478212e-06  1.8766097356e-05  4.0206621227e-06 -1.3607912185e-05 -4.8330195099e-06  2.2631968325e-07 -1.3148219805e-06 -1.5432824506e-05 -1.8503792854e-06  5.3228875658e-06  8.6847351082e-06

JOB 9
COORDS  1.5074616991e+00 -1.6292588290e-01  1.6756004411e+00  1.8298335652e+00 -7.2335409211e-01  2.8936950489e+00 -5.9297830453e-01 -1.3252239249e+00  1.7756954666e+00  2.5591928426e-01 -4.4913350177e-01  1.0908400120e+00  8.7836769933e-01 -1.5703746319e+00  3.5250752415e+00 -7.5506429886e-02  1.0663023973e-01 -2.3429789522e-01  1.5853941833e-01 -2.8872327764e+00  5.4922616713e+00 -3.1485393842e-01 -1.8571303670e+00  2.9700677415e+00  1.1633796269e+00 -2.1574773254e+00  4.7294097867e+00  3.4379496193e-01  1.1636477027e+00 -6.7860526570e-01 -9.7354958626e-01 -6.5612777941e-01 -9.2470512567e-01  2.1984796210e+00  4.9850280539e-01  1.1610008017e+00  2.7914989473e+00 -5.3254586249e-01  3.3634079320e+00 -1.5553602823e+00 -1.5943993682e+00  1.3462442324e+00 -2.4530081328e-01 -3.7052723081e+00  4.8925304544e+00 -6.7773052554e-01 -2.2446833931e+00  5.7945760093e+00  6.3629206640e-01 -3.3014003893e+00  6.3830520124e+00  1.9545250128e+00 -1.7850788967e+00  5.2350658851e+00 -1.1664153301e+00 -1.5907766542e-01 -1.7423730004e+00
ENERGY -5.316328165291e+02
GRADIENT  1.7999328462e-03 -3.7302906579e-03 -2.0570550777e-03  4.2174417964e-05  1.7289232095e-07  3.1449768662e-05 -2.7099289516e-05  1.0576203204e-05 -4.2066898832e-06 -4.7205033396e-03  6.7681851773e-03  4.1101211378e-03 -1.0977727995e-05 -2.4200762458e-05 -8.0537344732e-05  7.4135281740e-03 -5.7669011808e-03 -4.3254746842e-03  8.7520628620e-06 -2.2606170607e-05 -2.5879124701e-05 -1.5764659154e-05 -2.1430907563e-05  2.9654277605e-05 -6.3310690420e-05  1.0705769415e-04  1.4394865338e-05 -4.4325534902e-03  2.7046625384e-03  2.2835048313e-03 -1.3348993379e-06 -2.1730590667e-05  4.4431902421e-06  1.3942700811e-05 -1.0944646261e-05 -1.2953460568e-07  9.7229797451e-06 -2.2322464135e-07 -2.6504638462e-06  2.6166002439e-06 -5.1963709911e-06  2.3721086971e-06 -1.1664451068e-05  7.3634080476e-06 -2.8819271017e-06 -2.2232874347e-07  7.5952154511e-06  5.5152190922e-06 -8.1048873538e-06 -1.3993141458e-06 -3.1861572528e-07  1.3955511169e-05 -2.9911846757e-05 -2.2838891516e-05  6.9690837456e-06 -3.4944293457e-06 -3.2878732198e-06

JOB 10
COORDS  1.5067002928e+00 -1.6118775871e-01  1.6785468828e+00  1.8164669034e+00 -7.0074699978e-01  2.9084995957e+00 -5.7388149195e-01 -1.3627288632e+00  1.7534475320e+00  2.7518162869e-01 -4.8498913297e-01  1.0695587832e+00  8.7419565199e-01 -1.5679864508e+00  3.5271911240e+00 -4.4071717971e-02  6.7485291922e-02 -2.5769409100e-01  1.5519358033e-01 -2.8977936253e+00  5.4868422268e+00 -3.0335882753e-01 -1.8840608195e+00  2.9540152207e+00  1.1518235231e+00 -2.1421877826e+00  4.7385118005e+00  5.4275454409e-01  9.9573288719e-01 -7.9263749572e-01 -1.1110530758e+00 -5.4213800526e-01 -8.5431037627e-01  2.1906988775e+00  5.1043440263e-01  1.1682229564e+00  2.7613508869e+00 -4.7897823788e-01  3.3983496428e+00 -1.5267379715e+00 -1.6477763250e+00  1.3138530225e+00 -2.2369202924e-01 -3.7211738970e+00  4.8783029645e+00 -6.9823984382e-01 -2.2753567410e+00  5.7829900440e+00  6.3227656549e-01 -3.3058971661e+00  6.3807751066e+00  1.9290228937e+00 -1.7538325347e+00  5.2537607084e+00 -1.2455299904e+00 -6.7358903288e-02 -1.6961781026e+00
ENERGY -5.316349978832e+02
GRADIENT  1.0441547222e-03 -1.9471745535e-03 -1.0822143244e-03  3.7558609659e-06  6.4126770558e-06  1.3152436694e-05 -3.3529601585e-05 -5.0930046415e-06 -3.5786973251e-05 -2.4361082441e-03  3.7953760945e-03  2.2298798550e-03  1.1580841541e-05 -1.1186635745e-05 -6.4599528615e-06  3.3361659591e-03 -3.7873592212e-03 -2.3905810751e-03 -1.6217872714e-06 -6.9028927463e-06 -4.8997440131e-07  3.7141213208e-06  1.1379767163e-05 -7.2335275909e-06  1.6589905327e-05 -2.5738054336e-05  4.2796833574e-06 -1.9199312299e-03  1.9530996367e-03  1.2831907511e-03  7.6511079958e-06  1.1209702241e-06  9.1647676110e-06  1.3563570427e-06  5.6786377303e-06  1.0396089684e-05  1.6698256257e-06 -4.8363804952e-06  4.3037361340e-06 -4.5151305394e-07  3.8320583674e-06 -2.9805719094e-06 -8.7410276612e-06  8.1343764516e-06 -9.0813613829e-06  1.9147864361e-06 -2.8178769617e-06  1.2731435636e-05  8.5811076042e-07 -1.9252229202e-05 -8.1187349315e-06 -2.0731577084e-05  2.4827032401e-05  1.2381573343e-05  4.3119810905e-06  8.9293995592e-06  2.8979603434e-06

JOB 11
COORDS  1.5063472153e+00 -1.5379418233e-01  1.6838180519e+00  1.8065038923e+00 -6.7596058723e-01  2.9232972420e+00 -5.4898672512e-01 -1.4009255312e+00  1.7369170427e+00  2.9579392481e-01 -5.1713437613e-01  1.0549729982e+00  8.7831990407e-01 -1.5658755108e+00  3.5313386281e+00 -2.4803404424e-02  3.9628806089e-02 -2.6934284313e-01  1.6071460039e-01 -2.9002912243e+00  5.4877869559e+00 -2.8170774637e-01 -1.9146615273e+00  2.9413875441e+00  1.1505600812e+00 -2.1253331300e+00  4.7503486592e+00  6.8368047531e-01  8.1316633005e-01 -8.9578902111e-01 -1.2233993003e+00 -3.9099832293e-01 -7.6350496835e-01  2.1815797714e+00  5.3045051208e-01  1.1787428682e+00  2.7333117133e+00 -4.2084726600e-01  3.4310928348e+00 -1.4915275129e+00 -1.7048875358e+00  1.2880740432e+00 -1.8699852035e-01 -3.7376824996e+00  4.8797001188e+00 -7.1287767870e-01 -2.2971784077e+00  5.7642909661e+00  6.3260018898e-01 -3.2890812123e+00  6.3929858077e+00  1.9125155241e+00 -1.7181992796e+00  5.2737883327e+00 -1.3178961993e+00  4.2771424247e-02 -1.6323838891e+00
ENERGY -5.316357346659e+02
GRADIENT  3.0261309124e-04  3.1807405762e-04 -2.0530187056e-04 -4.1752896610e-04 -1.1960615454e-04 -2.5085947819e-04 -7.4388662701e-05 -2.4622024507e-05 -2.0844129917e-05  8.5174049859e-05 -3.4796486224e-06  1.9972137166e-04  5.9966106930e-06 -1.4089831934e-04  2.9795893881e-04 -1.0259056401e-06 -1.2504637861e-04 -1.3523483912e-04 -3.3736263403e-05  3.1330932863e-05 -5.2847546608e-05  3.7344335083e-05  5.5482969576e-05 -9.6723551568e-05  1.0478391316e-04 -5.6004421706e-05  7.4852489418e-05  6.6487036591e-05  2.4531064122e-05  1.3771222670e-04 -1.0266764771e-04 -1.0105573140e-05  4.4167706156e-05  2.4647715822e-05  3.0998142253e-05 -4.1954107812e-05 -4.9481377172e-05 -1.5163050280e-06 -4.4936443711e-05 -1.4209108915e-05 -1.6856474824e-05  6.0059752797e-06 -8.7711654255e-06  4.5756600009e-06 -6.8624842565e-06 -7.7027335348e-07  4.6422535824e-06  6.8117771621e-06  6.1969799837e-06 -2.0374041668e-06 -1.2465188230e-05 -9.5817485224e-06  2.3010649809e-05  1.6358260968e-05  6.9919021906e-06 -6.4575706211e-06  5.6755222183e-06

JOB 12
COORDS  1.8493611966e+00 -1.9478946631e-01  1.7561674753e+00  2.0253479299e+00 -7.8910172551e-01  2.9873474397e+00 -4.4887866600e-01 -8.9677349671e-01  1.8252624655e+00  5.8178687245e-01 -2.4594083699e-01  1.1373300265e+00  9.1623336704e-01 -1.4418135139e+00  3.5925374613e+00  3.8414074464e-01  4.1439526484e-01 -1.6410493159e-01 -6.4943935255e-03 -2.8564656478e+00  5.4006239897e+00 -2.9744172907e-01 -1.4953897429e+00  3.0106040121e+00  1.0432623376e+00 -2.0242908512e+00  4.8256189332e+00  1.2795999615e+00  7.9596905124e-01 -9.0214163224e-01 -9.3089087142e-01  5.4237933114e-01 -5.1079803719e-01  2.6668492941e+00  3.1111805463e-01  1.2510320765e+00  2.9863308483e+00 -7.5772383662e-01  3.4947369843e+00 -1.4436866418e+00 -9.4803416889e-01  1.3891814690e+00 -9.3793217467e-01 -2.2907586281e+00  5.4632192680e+00  2.9978116238e-01 -3.1503929907e+00  6.4071606815e+00 -1.9630692370e-01 -3.7557774742e+00  4.8015338972e+00  1.9865644576e+00 -2.1706456463e+00  5.1565121736e+00 -9.2844762946e-01  9.5151423264e-01 -1.3967127848e+00
ENERGY -5.316349948499e+02
GRADIENT -4.7636268422e-04  2.1511151419e-03  1.0694134655e-03 -1.2692659545e-04 -8.9127343100e-06 -3.0331391855e-05 -2.6658723597e-05 -2.0520926839e-05  1.9705363530e-05  9.6100560364e-04 -4.4337245551e-03 -2.2709976256e-03 -8.8735513789e-06 -3.1548530849e-05 -7.4304506523e-05 -3.1252400989e-04  5.0355055666e-03  2.6321667877e-03  2.9105731076e-07 -6.2206633584e-05 -2.9501534484e-05  1.1419803372e-05  5.2355639874e-06  2.5715764088e-05 -7.3093528063e-05  1.8719346511e-04  1.4110977506e-04  2.1231534105e-05 -2.7220198356e-03 -1.3894256235e-03  2.0832191411e-05 -4.1528026197e-05  2.9068121209e-06  2.3114225444e-05  5.6544417636e-06 -6.0442769021e-06 -3.5310674251e-06  1.3012388780e-06 -1.4109483296e-05 -1.1852385222e-05 -7.3192926660e-06  7.5055597406e-06 -2.1061555165e-06  1.8230377978e-06 -1.4913521822e-05 -1.4506569725e-05  1.9130030293e-05  8.7966215292e-06  1.4782453835e-06 -9.8794519938e-06  1.1045815954e-05  2.5054060890e-05 -9.4598221103e-05 -6.9785801584e-05  1.6636773512e-05 -1.4233876256e-06  2.1470494185e-06

JOB 13
COORDS  1.8454565054e+00 -1.8839993979e-01  1.7615204499e+00  2.0120371916e+00 -7.6084757904e-01  3.0051024128e+00 -4.3964667052e-01 -9.2955444549e-01  1.8048434671e+00  5.9236517360e-01 -2.7911768426e-01  1.1199127847e+00  9.0875711204e-01 -1.4338390441e+00  3.5972371616e+00  3.9194521108e-01  3.7421623110e-01 -1.8692602310e-01 -8.5571201797e-03 -2.8637034979e+00  5.3948363596e+00 -2.9359241620e-01 -1.5171577934e+00  2.9965945643e+00  1.0284650776e+00 -2.0027911094e+00  4.8388382245e+00  1.2616965224e+00  5.5131150022e-01 -1.0251627062e+00 -9.0838405284e-01  7.2178472246e-01 -4.1737458427e-01  2.6631479603e+00  3.2692766202e-01  1.2658914567e+00  2.9612638079e+00 -6.9590903610e-01  3.5309823650e+00 -1.4289619478e+00 -9.9701850683e-01  1.3578824539e+00 -9.5607324595e-01 -2.3237466227e+00  5.4395009993e+00  2.8665533965e-01 -3.1482854903e+00  6.4073803428e+00 -1.6268373680e-01 -3.7684878824e+00  4.7934587831e+00  1.9711071181e+00 -2.1378978558e+00  5.1766709650e+00 -9.2848129570e-01  1.0752815890e+00 -1.3270328371e+00
ENERGY -5.316328125986e+02
GRADIENT -1.2769043063e-03  3.9138202104e-03  2.1262758245e-03 -7.4697796733e-05  3.9218171511e-06 -1.9804631352e-05 -3.8423557017e-05 -3.3200782232e-06  3.0747614956e-05  1.4939902006e-03 -8.1263987676e-03 -4.2655897032e-03  1.2975109200e-05 -1.6621026276e-05 -8.1391463728e-05  1.0996525044e-03  9.2749509760e-03  4.4699605387e-03  7.4948505178e-06 -7.2109081310e-05 -1.6050219101e-05  1.8587400991e-05  6.2106947897e-06  2.4439670713e-06 -8.6361156943e-05  1.8164547002e-04  1.3003594937e-04 -1.1696467433e-03 -5.0382779320e-03 -2.2892678542e-03 -3.3672124475e-05  1.0301536177e-05  3.4768065415e-06  1.2108237467e-05  1.8351211138e-05 -4.4959436406e-08 -4.4448985999e-06  7.4974496121e-06 -6.1258437777e-06 -4.3541233035e-06 -5.9135570065e-06  1.4039203643e-06  1.6152047771e-06 -8.7042012540e-06 -2.0339385907e-05 -1.1825021349e-05  1.0378784584e-05  3.1553286529e-06  9.4867438830e-06 -1.3047616196e-05  1.5710909580e-06  2.6026432700e-05 -9.1970362969e-05 -7.3364833078e-05  6.6449055940e-06  6.2725301404e-06  6.0064066469e-06

JOB 14
COORDS  1.8431359002e+00 -1.7588359139e-01  1.7673069846e+00  2.0030131521e+00 -7.3224415458e-01  3.0202404258e+00 -4.2151976530e-01 -9.7138809930e-01  1.7806689366e+00  6.0713150323e-01 -3.0981757570e-01  1.1032677021e+00  9.0969382942e-01 -1.4310049308e+00  3.5989474193e+00  3.9392311066e-01  3.4056563283e-01 -2.0766136875e-01 -3.7838272208e-03 -2.8664189009e+00  5.3937643687e+00 -2.7926328202e-01 -1.5486171438e+00  2.9783877534e+00  1.0231489337e+00 -1.9879675863e+00  4.8475029634e+00  1.1831146058e+00  3.3135178282e-01 -1.1376336842e+00 -8.4613047462e-01  8.9942274198e-01 -3.2140356215e-01  2.6584688238e+00  3.5637200694e-01  1.2853503586e+00  2.9398739021e+00 -6.3309777940e-01  3.5625660190e+00 -1.4043224400e+00 -1.0607760325e+00  1.3223037146e+00 -9.6222295475e-01 -2.3448499104e+00  5.4257395133e+00  2.8456500054e-01 -3.1421366864e+00  6.4107703195e+00 -1.3371976817e-01 -3.7761352786e+00  4.7940221979e+00  1.9625385783e+00 -2.0971150840e+00  5.2028388841e+00 -9.0908904361e-01  1.2194603501e+00 -1.2419613319e+00
ENERGY -5.316294443875e+02
GRADIENT -2.1065831420e-03  5.2022403985e-03  2.8524355985e-03 -9.3655864870e-05 -5.7169067233e-06 -8.3028186293e-05 -9.5665467071e-05  5.5344518082e-05 -1.1998515088e-04  1.5802859784e-03 -1.0721588518e-02 -5.4373190787e-03  7.8835285174e-06 -7.4288991619e-05  2.3665297692e-04  3.7889519396e-03  1.1954484678e-02  5.2832444866e-03 -1.3663094999e-05  5.1446611142e-05 -2.7432327684e-05  5.6080572494e-05  4.0067133116e-05 -9.5738960934e-05  1.1921853274e-04 -8.4779842128e-05  5.9702708728e-05 -3.2688625350e-03 -6.4295865992e-03 -2.6810195250e-03  3.1488026277e-05 -1.2063379371e-05  2.0257050777e-05 -2.8758530543e-06 -6.7275405304e-06 -7.4291993093e-06 -2.3630395358e-05 -7.9382824442e-06 -3.1440609099e-06 -5.9205800150e-06 -6.8640831626e-07 -2.0783656825e-05 -5.0734505431e-06 -7.8931411290e-06 -1.0156115609e-05 -2.0637406918e-06  9.9363947227e-06  3.6475506559e-06  7.2511525842e-06 -1.0293231554e-05  5.8284061673e-06 -6.9890016001e-06  6.6477650875e-06  2.0472059507e-05 -1.0771840215e-05  2.4180092353e-06 -5.7483393695e-06

JOB 15
COORDS  1.8325876298e+00 -1.6672482871e-01  1.7699330148e+00  1.9848292757e+00 -7.0537753666e-01  3.0330794769e+00 -4.0944814783e-01 -1.0152899832e+00  1.7566444702e+00  6.1362793938e-01 -3.3995026877e-01  1.0871611894e+00  9.0118516069e-01 -1.4246257973e+00  3.6019328084e+00  3.8928331319e-01  2.8588139712e-01 -2.4051020565e-01 -2.1282017244e-03 -2.8745920026e+00  5.3884074041e+00 -2.7332527048e-01 -1.5761145407e+00  2.9634549658e+00  1.0078386260e+00 -1.9655811767e+00  4.8604737637e+00  1.0507324171e+00  8.0421642824e-02 -1.2426411021e+00 -7.2561513842e-01  1.0707762290e+00 -2.6000807089e-01  2.6459759232e+00  3.7988293888e-01  1.3004126622e+00  2.9099906895e+00 -5.7572212831e-01  3.5887984924e+00 -1.3842952549e+00 -1.1315717817e+00  1.2862769952e+00 -9.7592319911e-01 -2.3815007253e+00  5.4028533065e+00  2.7548746124e-01 -3.1410207686e+00  6.4109363700e+00 -9.5017011247e-02 -3.7883985004e+00  4.7876101073e+00  1.9466571033e+00 -2.0634256706e+00  5.2208792953e+00 -8.2941381553e-01  1.3655301305e+00 -1.1859367914e+00
ENERGY -5.316255401412e+02
GRADIENT -2.3964543211e-03  5.2195604960e-03  2.8769368318e-03 -1.0291473030e-04 -3.8363208222e-06 -9.5124230237e-05  1.6183275681e-04  4.1407315889e-05  5.0416233478e-05  1.1482274522e-03 -1.0515021987e-02 -5.3126693264e-03 -4.3301818685e-05 -7.6022501972e-05  2.6314997152e-04  5.9613309777e-03  1.1202827252e-02  4.2358676648e-03 -1.9030721833e-05  7.1871155668e-05 -2.4225230666e-05 -1.2573396288e-05  1.7744967630e-05 -5.9486614726e-05  1.3878944773e-04 -1.5263997800e-04  1.6801122860e-05 -4.8065916658e-03 -5.8443660465e-03 -1.9593179524e-03 -4.6663825710e-07  7.4775128468e-07 -2.8598628780e-06 -1.7261525564e-05 -5.8015971179e-06 -1.3706825279e-05 -2.7284901734e-05 -2.9324034875e-06  7.2180444800e-06  1.4766235908e-05  2.2807420802e-06 -4.0598412715e-06 -3.9754782999e-06 -9.6523979770e-06 -8.4418964011e-06  2.1653535739e-06  2.3322904130e-06  9.7668793411e-07  7.0712162125e-06 -9.2909046212e-06  2.4706334414e-06 -1.8676013783e-05  3.9279008099e-05  4.3681286632e-05 -5.4782877505e-06  2.3416286496e-06 -4.0292535552e-07

JOB 16
COORDS  1.7838852215e+00 -1.3851533948e-01  1.7731281274e+00  1.9456512225e+00 -6.7091634506e-01  3.0390963676e+00 -4.2736699652e-01 -1.0615018782e+00  1.7465730518e+00  5.7377754571e-01 -3.4752012459e-01  1.0880208691e+00  8.8059548688e-01 -1.4173875873e+00  3.6053065076e+00  3.3684503167e-01  2.3649021732e-01 -2.6354101000e-01  1.7560945124e-02 -2.9004869616e+00  5.3818798206e+00 -2.8268781393e-01 -1.6085103439e+00  2.9597809481e+00  9.9500443800e-01 -1.9462877907e+00  4.8714613833e+00  8.2121224408e-01 -1.6585320540e-01 -1.3043224812e+00 -5.6013438368e-01  1.2605424668e+00 -2.3041672589e-01  2.5859230122e+00  4.3017750849e-01  1.3100060274e+00  2.8659315977e+00 -5.1628218949e-01  3.5964954459e+00 -1.3926045933e+00 -1.2200145995e+00  1.2677677013e+00 -9.7535170382e-01 -2.4471143552e+00  5.3885560711e+00  2.9413341501e-01 -3.1616347686e+00  6.4061391106e+00 -3.2522429946e-02 -3.8137853595e+00  4.7747994465e+00  1.9389737973e+00 -2.0356786027e+00  5.2213058914e+00 -6.8818935440e-01  1.5388837002e+00 -1.1589838171e+00
ENERGY -5.316222085578e+02
GRADIENT -1.5982047832e-03  3.6078285258e-03  1.7252805041e-03 -8.0558822486e-07  3.6970421227e-06 -3.9775223500e-06 -6.4219855718e-05  2.0419344539e-05 -9.4004325554e-05  5.3362768271e-04 -6.8801671577e-03 -2.8473476563e-03 -1.2773419585e-05  3.7296229122e-06 -9.0932972265e-06  5.2110188779e-03  6.4808660563e-03  1.8220394105e-03 -1.1450868675e-06  2.2684190092e-06 -3.5232087739e-06  1.4604066578e-08 -3.5636301520e-06  2.6980459678e-06  8.6595575252e-07 -8.7032058096e-06 -1.4585019350e-05 -4.0729253105e-03 -3.2158645381e-03 -6.4896830003e-04 -8.6570655453e-06  4.7692066219e-06  2.6974531815e-05 -1.4182665260e-06  4.3351003350e-06 -2.4006855843e-06 -4.9878970394e-07  1.7479573454e-06 -5.0468911308e-06 -1.1386567384e-06 -8.6398974694e-07 -1.6001845509e-06  1.6126059007e-07 -2.0620178307e-06 -6.3146796172e-06 -9.2136106535e-07 -1.3813387388e-06 -4.8917973599e-06  2.0747855930e-06 -1.3658231335e-06 -5.1805630890e-06 -2.1828157855e-06  4.5700763654e-06 -4.2286258427e-06 -2.2916191411e-06  2.3232217367e-06 -1.8536702212e-06

JOB 17
COORDS  1.7063480485e+00 -9.0303970382e-02  1.7773981889e+00  1.8948995657e+00 -6.3092635979e-01  3.0365608160e+00 -4.6272917017e-01 -1.1058461541e+00  1.7469647751e+00  4.9556238048e-01 -3.2517312276e-01  1.1025120320e+00  8.5715943878e-01 -1.4117309286e+00  3.6064832332e+00  2.6090538575e-01  1.9536521618e-01 -2.7853495984e-01  5.2405985841e-02 -2.9287826273e+00  5.3815196310e+00 -2.9846187120e-01 -1.6443601383e+00  2.9621531322e+00  9.9366175191e-01 -1.9387166596e+00  4.8718145295e+00  5.2244429690e-01 -3.9304796303e-01 -1.3094741992e+00 -2.8827561083e-01  1.4405007581e+00 -2.7438802194e-01  2.4878319694e+00  5.0832233552e-01  1.3166513739e+00  2.8183214636e+00 -4.5977581746e-01  3.5838963978e+00 -1.4132624674e+00 -1.3197963999e+00  1.2600820246e+00 -9.5618626758e-01 -2.5112966566e+00  5.3917920202e+00  3.4045274879e-01 -3.1828029440e+00  6.4044458870e+00  3.3282010612e-02 -3.8417014254e+00  4.7720520600e+00  1.9407223145e+00 -1.9938081234e+00  5.2202210838e+00 -3.9947695557e-01  1.6929115618e+00 -1.2127050300e+00
ENERGY -5.316208962741e+02
GRADIENT  1.7739213331e-04 -1.9896781597e-04 -1.2679023054e-04 -1.1030060365e-04 -2.4793862966e-05 -9.7586615124e-05  7.8836894852e-05  3.2465422890e-05  5.5664156635e-05 -6.6974279585e-05  5.6198061239e-04  1.9999695002e-04 -4.3294702286e-05 -2.4814611139e-05  1.5673777290e-04 -3.7627892791e-04 -5.0704844461e-04  4.9203976276e-05 -1.7471075480e-05  6.2548449339e-05  4.8420289659e-06 -9.9762080440e-06 -7.8994587948e-06 -9.3796831811e-06  8.1957414604e-05 -1.6314127720e-04 -9.7104601827e-05  2.7147216866e-04  3.1414265081e-04 -1.1641751446e-04  4.8640777957e-05 -1.0111173830e-04 -5.2856773339e-05  5.8013603783e-07  9.4656980584e-06 -1.1510173705e-05 -1.1488549563e-05 -4.4578091447e-06 -9.4953396098e-06  2.2181857075e-06 -4.7192203206e-07  8.2164321655e-06 -2.6138621938e-06 -2.3715072349e-06  3.2044404688e-06  4.3566545718e-06 -1.0962896145e-05 -4.5426082253e-06 -2.4717183449e-06  5.1627952623e-07 -5.8745584252e-06 -3.2954906365e-05  7.2490934704e-05  5.2872177875e-05 -4.8701659056e-06  1.2955825437e-05  2.7929797366e-07

JOB 18
COORDS  1.6272129884e+00 -3.0016750392e-02  1.8000107846e+00  1.8486731131e+00 -5.8840724185e-01  3.0455856704e+00 -5.0064737986e-01 -1.1301728441e+00  1.7665853882e+00  4.1160079753e-01 -2.8199791529e-01  1.1381839171e+00  8.3839029790e-01 -1.4043997528e+00  3.6163604171e+00  1.8186656180e-01  1.8165988643e-01 -2.5986521956e-01  9.6744128556e-02 -2.9641756520e+00  5.3827115916e+00 -3.1340153276e-01 -1.6706831432e+00  2.9765077198e+00  1.0000702812e+00 -1.9381340992e+00  4.8749090243e+00  1.8985341438e-01 -5.2719452304e-01 -1.2479723222e+00  3.7776834758e-02  1.5341723950e+00 -3.3990045734e-01  2.3833760704e+00  6.0092371726e-01  1.3404609734e+00  2.7774374285e+00 -4.0746568145e-01  3.5806403928e+00 -1.4358350203e+00 -1.3875542920e+00  1.2714637804e+00 -9.2617915879e-01 -2.5834787489e+00  5.3965500200e+00  3.9634858815e-01 -3.2113685112e+00  6.4039616213e+00  1.0975990363e-01 -3.8745098067e+00  4.7694411431e+00  1.9501258480e+00 -1.9614347362e+00  5.2189887946e+00 -4.5973373730e-02  1.7424881705e+00 -1.2914495839e+00
ENERGY -5.316225217819e+02
GRADIENT  1.7036431041e-03 -4.0827462090e-03 -1.7003227342e-03  1.2691147721e-05  1.1442637339e-05 -6.6073907738e-06  1.7448825311e-05  4.8191698656e-05 -7.6925060164e-05  9.6783894147e-05  6.4648699146e-03  2.2340581592e-03  1.5682607513e-05 -3.8870065803e-05 -9.2951762874e-08 -7.5050576707e-03 -3.3570168367e-03  2.4397533158e-05  1.8437293420e-05 -2.8605964689e-05  8.9575287892e-06 -1.4521912718e-06 -6.9352135580e-06 -4.8152712462e-06 -3.9700415085e-05  5.2819554009e-05  7.3772624242e-05  5.6553207861e-03  8.9110123849e-04 -5.9421862534e-04  6.4840167442e-07  2.1354082229e-05  8.2237912308e-06 -1.7574990781e-05 -9.6238118455e-06 -9.6332202618e-06 -7.5754207713e-06 -7.0899270512e-06  4.2461561519e-06  6.7868060329e-06  3.7330148047e-06  1.3775992302e-06  3.1511925298e-07  4.5922597553e-06  9.8927822095e-06  5.3689141578e-06  1.4534842318e-06  8.8100319305e-07 -8.3220424918e-06  6.7795263020e-06 -1.6327375894e-06  7.9636668921e-06 -2.5129548111e-05 -9.6933238706e-06 -7.8363961053e-06 -3.4286213883e-06 -1.0943471109e-05

JOB 19
COORDS  1.5803067021e+00  1.0655889079e-02  1.8171510129e+00  1.8194247753e+00 -5.5783203509e-01  3.0540102582e+00 -5.1335314188e-01 -1.1574673122e+00  1.7661267082e+00  3.7047399719e-01 -2.6625307917e-01  1.1518073514e+00  8.3040132331e-01 -1.4077287788e+00  3.6141680421e+00  1.3476101388e-01  1.6945878464e-01 -2.4696989575e-01  1.2373699753e-01 -2.9961659521e+00  5.3726418349e+00 -3.1462405864e-01 -1.7017084626e+00  2.9705364283e+00  1.0059906976e+00 -1.9540891615e+00  4.8618130313e+00 -1.0245010127e-01 -5.6707702716e-01 -1.1871087120e+00  3.1776907926e-01  1.5121341997e+00 -4.0999287205e-01  2.3158511854e+00  6.6906496641e-01  1.3634909522e+00  2.7452487135e+00 -3.6280621187e-01  3.5893457461e+00 -1.4344150585e+00 -1.4408685361e+00  1.2593718479e+00 -9.0740211729e-01 -2.6380493492e+00  5.3825496740e+00  4.2698453914e-01 -3.2333091421e+00  6.3951018066e+00  1.5879915957e-01 -3.9078559430e+00  4.7626918767e+00  1.9473136903e+00 -1.9279998516e+00  5.2279642504e+00  2.2427365826e-01  1.6817458160e+00 -1.3676366254e+00
ENERGY -5.316259743859e+02
GRADIENT  2.2783190091e-03 -5.5523699344e-03 -2.1082689867e-03  3.0207511490e-04  3.1164539009e-05  2.3218293502e-04 -1.7215535956e-04 -2.5622534834e-05 -7.0723740412e-05  2.5127130248e-05  7.9768623210e-03  2.6787655371e-03 -6.9535925969e-06  2.2028297760e-04 -2.6422189999e-04 -9.9033303002e-03 -2.0064757930e-03  1.1032381089e-03 -1.5192697485e-05  2.6890756465e-05  4.0126445345e-05 -3.0408418329e-05 -4.2329610177e-05  4.9569221843e-05 -7.0670238886e-06 -8.4443385692e-05 -2.0497008028e-04  7.5145695025e-03 -4.2915340621e-04 -1.5195340252e-03 -2.9175990934e-05 -1.0890079571e-04  1.1814160656e-05  1.0499901910e-05 -6.5249586177e-06  3.1882947533e-05  5.0021289735e-05  2.8191826705e-06  5.4876626473e-06 -1.8444334669e-05  1.1570437315e-05  1.8449620372e-06  2.1673589386e-06  4.4445937916e-06 -8.7977439741e-06 -9.3759086646e-06 -5.1974824523e-06 -1.3204192269e-07  3.4001074947e-06 -2.8036815859e-06  1.9505795727e-06 -2.1871696868e-05  4.4164094829e-05 -3.7874393688e-06 -2.1060485333e-06  1.4529261392e-05 -6.8537674960e-07

JOB 20
COORDS  1.5556750050e+00  3.7676624510e-02  1.8340362783e+00  1.8016025543e+00 -5.3166123730e-01  3.0682767220e+00 -5.1202189659e-01 -1.1791920125e+00  1.7688454503e+00  3.5544953501e-01 -2.6564110185e-01  1.1604608189e+00  8.2986294921e-01 -1.4076919693e+00  3.6202949222e+00  9.4839488239e-02  1.7894288533e-01 -2.2519959630e-01  1.4787928525e-01 -3.0124546393e+00  5.3752688388e+00 -3.0644230487e-01 -1.7254945719e+00  2.9700557821e+00  1.0127421812e+00 -1.9563080218e+00  4.8637654087e+00 -3.7174080459e-01 -5.1038206703e-01 -1.1157702178e+00  5.2550554881e-01  1.4557745896e+00 -4.5366574402e-01  2.2759034814e+00  7.1542813192e-01  1.3854184066e+00  2.7198918428e+00 -3.1868829675e-01  3.6097474615e+00 -1.4237315464e+00 -1.4771859536e+00  1.2542724602e+00 -8.9005561057e-01 -2.6744505248e+00  5.3784996549e+00  4.5106211380e-01 -3.2395010104e+00  6.3999755744e+00  2.0426648133e-01 -3.9254098501e+00  4.7691740621e+00  1.9465042770e+00 -1.8967004238e+00  5.2448098170e+00  3.8159421792e-01  1.6179054952e+00 -1.4057713320e+00
ENERGY -5.316296969471e+02
GRADIENT  2.4180829526e-03 -4.9711227786e-03 -2.1287117326e-03  6.6541996212e-06 -6.7865962613e-06  2.5793202672e-05  4.0445278124e-06 -1.2932137042e-05 -1.0127047625e-05 -4.9122391524e-04  6.5558616779e-03  2.3134014157e-03 -3.1964679852e-06  3.1831535130e-05 -6.8248342020e-06 -8.4834626485e-03  4.2472774847e-04  1.6946851441e-03 -9.9618165432e-06  1.1767869957e-05  9.7970464739e-06 -3.6333511080e-05 -1.9538397061e-05 -7.4975650694e-07  6.1874479306e-06 -3.1259708430e-05 -2.9603875488e-05  6.5527534359e-03 -2.0167173543e-03 -1.8676549678e-03  2.7727342697e-06 -1.1309137735e-05  5.8129885137e-06 -6.7288341754e-06 -1.9163184963e-06  1.4561931394e-06  5.0166147199e-06 -5.0371132934e-06 -4.2318200009e-06 -1.5890890723e-06 -1.7393075819e-06  8.8997697431e-06  1.4360644038e-06 -1.0896005472e-06 -5.4446949241e-06 -5.5368912421e-06  5.4641437877e-06  7.0342835631e-06  6.1000189220e-06 -4.8465291084e-06  9.7104459007e-06 -3.0511227459e-06  7.3314942087e-06 -2.5714062066e-06 -2.9216680704e-06 -5.6335500523e-06 -2.7685698832e-06

JOB 21
COORDS  1.5374407668e+00  6.2013458864e-02  1.8485627479e+00  1.7841384909e+00 -5.0223298465e-01  3.0841527040e+00 -5.0943512066e-01 -1.1941312507e+00  1.7691885157e+00  3.5060770305e-01 -2.7068683629e-01  1.1631276328e+00  8.2790774604e-01 -1.4025610056e+00  3.6258411470e+00  6.1805582264e-02  1.9438456653e-01 -2.0602454491e-01  1.6426499176e-01 -3.0231524498e+00  5.3731147551e+00 -2.9929911388e-01 -1.7408987874e+00  2.9687045128e+00  1.0153960303e+00 -1.9539731500e+00  4.8657715981e+00 -6.0938782400e-01 -4.0291019774e-01 -1.0314479425e+00  6.8716038559e-01  1.3731805270e+00 -5.0598036745e-01  2.2451718605e+00  7.5584620021e-01  1.4056134202e+00  2.6911257705e+00 -2.6820745683e-01  3.6359109090e+00 -1.4152444575e+00 -1.4998547691e+00  1.2493526063e+00 -8.7890398847e-01 -2.7016543608e+00  5.3706852823e+00  4.6593867101e-01 -3.2457753192e+00  6.3991563608e+00  2.3865520214e-01 -3.9345435509e+00  4.7668469481e+00  1.9417286186e+00 -1.8687245768e+00  5.2597058479e+00  4.7673434219e-01  1.5513538038e+00 -1.4423079610e+00
ENERGY -5.316327348873e+02
GRADIENT  2.1112132707e-03 -3.3202199951e-03 -1.7762215002e-03 -1.5809705769e-04 -1.2702125400e-05 -6.6928070017e-05 -1.5629251451e-04 -3.6419952280e-05 -7.1147914136e-05 -9.3923117521e-04  4.0122276411e-03  1.8948479462e-03 -3.6825918989e-06 -7.1887379046e-05  8.8412294058e-05 -5.0402825161e-03  1.7631416167e-03  1.5089311765e-03 -2.8434527068e-05  2.1971222446e-05 -6.6194182481e-05 -9.4601444473e-06  2.1431422973e-05 -5.6991594458e-05  5.1017772609e-05  1.6975108357e-05  1.2714107503e-05  4.1161026279e-03 -2.4654950216e-03 -1.4886541607e-03  3.2478177859e-05  1.3037754409e-04  3.1288574052e-05  7.8008854162e-06  3.8202681103e-05  2.8412864361e-06 -3.5172329510e-06 -1.3945901323e-05 -3.9468989718e-05 -3.0025971961e-05 -8.4241604923e-06 -5.1452467322e-06 -1.0623683571e-05 -8.4854102745e-07 -2.3017046815e-05 -1.3472901472e-05  1.7528809448e-05 -9.6313761861e-06  7.0482913899e-06 -8.3371023519e-06 -1.1911720247e-06  2.2106097928e-05 -6.3335425650e-06 -6.0161344215e-06  5.9135185054e-06  5.6793870917e-06  1.1167714047e-05

JOB 22
COORDS  1.5255645585e+00  7.6025769485e-02  1.8547778524e+00  1.7659559745e+00 -4.8114246598e-01  3.0942471892e+00 -5.0240936993e-01 -1.2108723842e+00  1.7561062284e+00  3.5475062449e-01 -2.8191039471e-01  1.1531502862e+00  8.2169029729e-01 -1.4016999235e+00  3.6237357052e+00  3.9970262840e-02  2.1619512576e-01 -1.9650128512e-01  1.7285059753e-01 -3.0383864502e+00  5.3621899118e+00 -2.9290566087e-01 -1.7590159981e+00  2.9549953042e+00  1.0066635832e+00 -1.9506450394e+00  4.8648723147e+00 -8.0464432606e-01 -2.4460664948e-01 -9.4780117755e-01  8.2988965678e-01  1.2684973888e+00 -5.7136854151e-01  2.2252499181e+00  7.8259688074e-01  1.4199726858e+00  2.6576698353e+00 -2.2463022831e-01  3.6607316070e+00 -1.4028225778e+00 -1.5215219320e+00  1.2303481775e+00 -8.7676439886e-01 -2.7393893006e+00  5.3472294747e+00  4.6711312115e-01 -3.2545175508e+00  6.3917658854e+00  2.7435110126e-01 -3.9477330495e+00  4.7568079418e+00  1.9290714721e+00 -1.8517992368e+00  5.2650598544e+00  5.5522856892e-01  1.4888593495e+00 -1.4815229031e+00
ENERGY -5.316346492790e+02
GRADIENT  1.2657257945e-03 -1.5410450872e-03 -9.9209969690e-04 -2.6101417263e-04 -8.4274982643e-05 -1.6509522655e-04 -5.2881506181e-05 -3.2365068509e-06  1.4882677865e-05 -5.5631532653e-04  1.8910029376e-03  1.0004913110e-03  2.4157749881e-05 -1.0713264440e-04  5.7986988396e-05 -2.2480761044e-03  1.3762644565e-03  1.2657899254e-03  2.7355260463e-05 -4.9385182540e-05 -3.0306962423e-05  4.7981030704e-05  2.8373764853e-05 -1.7349358716e-05 -1.1538237281e-04  1.3452573203e-04  1.8279058258e-04  1.9048120754e-03 -1.5039556613e-03 -1.2459019867e-03 -1.1284479768e-04 -1.3646414660e-04  1.3860009990e-05  3.2618173091e-05  2.0105436799e-05 -3.4612005253e-05 -3.5784530594e-05  1.0393920808e-05 -2.3891767330e-05  2.6971677462e-06 -2.1891989059e-05  7.7909900588e-06  7.5839673613e-07 -8.6676823534e-06 -1.6944749430e-05 -1.2677695067e-05  1.2012995124e-05  5.5034755953e-06  9.7937144087e-06 -1.1517661572e-05  6.0893677031e-06  4.9822362194e-05 -8.4983116505e-05 -6.6756066815e-05 -2.0810044576e-06  7.1488122766e-06 -2.0406871170e-05

JOB 23
COORDS  1.6169756836e+00 -4.6889315616e-02  1.6507962641e+00  1.8655362854e+00 -6.5075069549e-01  2.8663377569e+00 -4.8373509461e-01 -1.2140999723e+00  1.5887607438e+00  4.0948099913e-01 -3.2657769081e-01  9.7555306626e-01  8.9056101693e-01 -1.5358133041e+00  3.4013469330e+00  5.4452805435e-02  2.6486170350e-01 -3.2490222647e-01  7.1103216862e-02 -2.9477841722e+00  5.2608839388e+00 -2.6779035952e-01 -1.8048943210e+00  2.7659905098e+00  1.1103508209e+00 -2.1749408543e+00  4.5917187886e+00 -9.7535059784e-01  5.4065770669e-02 -9.4614340889e-01  1.0165725495e+00  1.1104799507e+00 -8.0607394006e-01  2.3388098047e+00  6.3525898061e-01  1.2135042460e+00  2.7888992012e+00 -4.6155968371e-01  3.4080907594e+00 -1.4232428409e+00 -1.4474275792e+00  1.0924234789e+00 -2.9752910149e-01 -3.7314634209e+00  4.5963517438e+00 -7.8232393125e-01 -2.3243965420e+00  5.5548839642e+00  5.0489373423e-01 -3.4098400546e+00  6.1505880383e+00  1.8706012184e+00 -1.8250557478e+00  5.1574260146e+00  6.7348026584e-01  1.4351713266e+00 -1.6599363257e+00
ENERGY -5.316352930750e+02
GRADIENT  2.2031182975e-04  1.5231129325e-04 -1.1712018974e-04 -3.1318582367e-04 -4.6896001198e-05 -1.9148643325e-04  9.2302195107e-05  2.3582387271e-07  2.9133071930e-05 -3.6515632579e-06  5.9031650256e-05  9.6941023014e-05 -2.6109621902e-05 -1.1296236935e-04  2.2728251119e-04  3.5896794600e-05 -6.2313128556e-05  2.5431912256e-05 -2.5157012543e-05  3.2850940250e-05 -2.2981865378e-05  2.0824012144e-05  3.4776487843e-05 -4.9101940798e-05  1.0160445849e-04 -1.2301546893e-04  5.7822497354e-05  2.2890419230e-05  5.4767248840e-05 -3.7432335890e-05 -2.9750931378e-05 -8.8873063038e-06  5.4321372032e-06  9.5535537227e-06  3.3529540889e-05 -1.6189001593e-05 -2.5319258396e-05 -2.0735840621e-05 -2.8862950852e-05  6.9037709151e-06  4.8298529002e-06  1.0381240272e-05 -1.0715616529e-05  8.5473506746e-06 -8.6554965153e-06 -2.4383092159e-06  2.7563668441e-06  6.6515918421e-06  1.6338292140e-06 -9.4421114761e-06 -1.1261111682e-05 -3.0928362004e-05  4.3028998092e-05  3.1432497167e-05  1.5166923290e-05  1.2971365557e-05 -2.7010321286e-06

