JOB 0
COORDS  1.6462684616e+00 -1.4977836497e+00 -7.7646670387e-04  3.0112761727e+00 -1.2496857391e+00  1.9601807666e+00  5.6911279225e-01 -9.1697991936e-01  6.6032181935e-01  1.9421207811e+00 -6.6283533601e-01  2.6361150061e+00  5.1827252526e+00 -2.7607384863e+00  5.7470586505e-01  4.0883096869e+00 -2.3453574811e+00 -1.4989607616e+00  6.2541927984e+00 -3.2764137150e+00 -1.5457759713e-01  5.2078113275e+00 -2.8819451340e+00 -2.1356478481e+00  2.8916381802e+00 -1.6893961596e+00  6.3015528540e-01  4.0437204550e+00 -2.2774447623e+00 -9.4642782565e-02  7.1238590922e-01 -4.9502331316e-01  1.9879306286e+00  6.2891162473e+00 -3.3475982135e+00 -1.4934397045e+00 -3.7759802138e-01  7.3582575152e-02  2.5946234547e+00  1.4964014024e+00 -1.8350759418e+00 -1.0212348423e+00  3.9591181445e+00 -1.3366201326e+00  2.4810163072e+00 -3.8927655031e-01 -7.8729115699e-01  1.6656903900e-01  2.0703638637e+00 -3.2558744189e-01  3.6634698545e+00  5.2384810400e+00 -2.7715104609e+00  1.6583131440e+00  3.2760957537e+00 -1.9642058986e+00 -2.1088766672e+00  7.1312984000e+00 -3.6561027000e+00  3.6795065370e-01  5.2388133049e+00 -2.9318565953e+00 -3.2233135178e+00 -1.4673779754e-01  3.1494382971e-01  3.5058207447e+00
ENERGY -5.546572998610e+02
GRADIENT  7.0235292114e-04  2.1906977627e-03 -8.3868752761e-04  1.5042517860e-04 -2.8706018243e-05  6.7332450979e-05  6.3477751818e-05 -2.4151574712e-06  3.1157962079e-05 -1.2269811489e-05 -2.7853490066e-05 -9.1611182346e-05  1.0041591305e-03  2.2574723442e-03 -2.5070586881e-04  1.5191912485e-05 -3.6940419732e-06  2.6050561232e-05  1.2551848302e-04 -5.4942554748e-05  1.1837073526e-04 -4.1045770942e-05  1.6128001733e-05 -1.0071297472e-04 -6.6122782870e-04 -2.1513760390e-03  1.0655631007e-03 -1.2629348725e-03 -2.2519714131e-03 -8.4728130819e-05 -4.8814073656e-05  3.0107478438e-05  2.7397624460e-05 -6.8571469718e-05  3.2192622837e-05  4.5848238299e-05 -1.4744207561e-05 -4.4519916576e-06  1.2721971741e-05 -9.2553301000e-06 -3.8446170466e-06 -1.4303742432e-05  2.3046915905e-05 -1.3233403106e-06  7.3788386197e-06  8.2851485809e-06 -4.6777078372e-07  2.5983401975e-06  4.6604114887e-06 -4.2138670208e-06 -1.1776528178e-05  2.2948008203e-06 -1.8164234661e-06 -9.6601728770e-06  3.5943745022e-06 -3.6339277405e-07  7.9293242579e-06  7.5851647744e-06 -4.1764215607e-06  1.8075603627e-05 -1.2376214095e-05  9.3973062387e-07 -9.8760680205e-06 -8.0889149528e-07  8.7400150180e-06 -1.9727320694e-06

JOB 1
COORDS  1.6232555752e+00 -1.6164633238e+00  3.8692639058e-02  3.0546812494e+00 -1.1193283140e+00  1.9081973286e+00  5.3826260396e-01 -1.0560044859e+00  7.0583027933e-01  1.9777976299e+00 -5.4895755159e-01  2.5872342440e+00  5.1152376694e+00 -2.8777820985e+00  5.7792563721e-01  4.1534280283e+00 -2.2036660689e+00 -1.4998586480e+00  6.1835245492e+00 -3.4045087762e+00 -1.4921173706e-01  5.2635698190e+00 -2.7639438119e+00 -2.1334479111e+00  2.9030800348e+00 -1.6663506494e+00  6.2333403512e-01  4.0533133174e+00 -2.2540075447e+00 -9.9011435039e-02  7.1273847869e-01 -5.1731018990e-01  1.9870531843e+00  6.2762056726e+00 -3.3601874825e+00 -1.4866686573e+00 -3.8721672883e-01  2.6123690455e-02  2.6003631413e+00  1.4630479423e+00 -2.0520613723e+00 -9.4331158167e-01  4.0335988018e+00 -1.1075960471e+00  2.3784090087e+00 -4.4949657011e-01 -1.0340523136e+00  2.5526184534e-01  2.1255678518e+00 -1.1984623422e-01  3.5770471381e+00  5.1027385933e+00 -2.9840458197e+00  1.6586814512e+00  3.3926506711e+00 -1.7093992090e+00 -2.0966423861e+00  7.0053759862e+00 -3.8946319950e+00  3.7121445869e-01  5.3470016005e+00 -2.7233192587e+00 -3.2187358933e+00 -1.3413596588e-01  3.5450766874e-01  3.4777766710e+00
ENERGY -5.546584017838e+02
GRADIENT  1.7575203919e-04  7.7966836295e-04 -3.8731233583e-04 -8.6464877917e-05  1.4879185394e-05 -3.1458775816e-05  3.0443030320e-05  1.0346667345e-05  2.7090616909e-05  1.3984156665e-05  4.1079911707e-05  8.5056272269e-05  4.3459017878e-04  7.9486194185e-04  4.5037525286e-05  2.4991348362e-05  1.0489102587e-06  9.0010239404e-06  7.1775463473e-05 -5.2083762849e-05  1.0988418184e-04 -3.8960557255e-05  3.7719729019e-05 -1.5721364775e-04 -2.7809857751e-05 -8.2754012068e-04  5.4271988196e-04 -5.5810987486e-04 -8.1534582897e-04 -2.6821076850e-04  2.1812870813e-05 -1.7863105961e-05 -2.4643073183e-05 -7.5633666481e-05  4.3904065173e-05  5.1254467279e-05  1.7109868505e-05 -6.9339391361e-06  2.8180632904e-06  1.0112696238e-05 -1.7382165164e-06 -7.2251022069e-06 -4.7930440592e-06 -1.7005882223e-06 -3.6123841106e-06  5.7522605589e-06 -8.7477745204e-07 -2.3616908836e-06 -1.9436766198e-06  6.6644708701e-06  1.1029365349e-05  4.8117717015e-06 -1.7529605876e-07  9.3689130808e-07  2.2347335778e-06 -3.1466231481e-06 -2.9500463540e-06  9.5082600616e-07 -8.8470149985e-07  2.2629420659e-05 -1.8063962508e-05  7.8475354313e-06 -1.5797144028e-05  2.2443587546e-06  1.6430964223e-06  4.2710244147e-06

JOB 2
COORDS  1.6167945886e+00 -1.7136218668e+00  8.3644997517e-02  3.0853584709e+00 -9.8871712202e-01  1.8511790784e+00  5.2219345642e-01 -1.1835560293e+00  7.6158270644e-01  1.9982565070e+00 -4.4632475196e-01  2.5382583570e+00  5.0443200666e+00 -2.9721418243e+00  5.6662277104e-01  4.2269406621e+00 -2.0767578723e+00 -1.4930286822e+00  6.1025798572e+00 -3.5258161263e+00 -1.5660034446e-01  5.3201746391e+00 -2.6737930859e+00 -2.1236744829e+00  2.9179191527e+00 -1.6232799967e+00  6.1067415803e-01  4.0706294018e+00 -2.2154296260e+00 -1.0466292898e-01  7.1152398043e-01 -5.4399837463e-01  1.9934521302e+00  6.2556349645e+00 -3.3902411694e+00 -1.4823446938e+00 -3.9939079498e-01 -3.5845587421e-02  2.6187295255e+00  1.4566821335e+00 -2.2267423242e+00 -8.6077298213e-01  4.0813423732e+00 -8.9268484766e-01  2.2750642225e+00 -4.8305987534e-01 -1.2638692226e+00  3.5878994895e-01  2.1530778378e+00  5.6290891161e-02  3.4917616284e+00  4.9695169500e+00 -3.1473466139e+00  1.6362573800e+00  3.5199105904e+00 -1.4914249425e+00 -2.0744000448e+00  6.8610286187e+00 -4.1173534819e+00  3.5466082315e-01  5.4544493605e+00 -2.5654673366e+00 -3.1991798239e+00 -1.3445100082e-01  3.7143917370e-01  3.4587132177e+00
ENERGY -5.546581919284e+02
GRADIENT -2.3250528576e-04 -1.4241440114e-03  6.7017745286e-04 -5.5454291899e-05  5.5830516129e-06 -2.4408225883e-05 -6.1325844103e-06  1.6227581349e-05  2.2765837827e-05  1.8458071107e-05  8.3755730410e-05  1.4552208261e-04 -8.5316811280e-04 -1.2986533619e-03 -3.6708681498e-04  4.6903683943e-05 -1.5662929860e-05  3.5323318813e-05  1.6188254205e-04 -1.4616276867e-04  2.2202796308e-04 -5.8907963415e-05  8.2149890850e-05 -2.4800685010e-04 -1.6098614242e-04  1.4002121492e-03 -1.2169532358e-03  1.1348111037e-03  1.3021400412e-03  7.5793954555e-04  8.3117063383e-05 -5.3750793161e-05 -6.6208169855e-05 -1.3895025779e-04  7.6514511630e-05  9.2522143481e-05  4.6775960202e-05 -1.5567806044e-05 -2.1607780168e-05 -3.1637127086e-06  2.3160542814e-06 -1.0019557576e-05 -1.3785024620e-05  6.1383403431e-06  7.9557030620e-06  4.4946273037e-06 -7.6942415418e-06 -1.4653947936e-05  5.2073134685e-06  1.0437943275e-05  1.7688774007e-05  1.5076433460e-05  1.7262368037e-07 -1.8596940806e-05  1.3425936730e-05 -1.2328954825e-05 -1.5440612308e-07  4.5408781435e-06 -1.0688503564e-05  3.8421068679e-05 -2.2323832285e-05  1.7496305958e-05 -2.5040524711e-05  6.4039281236e-06 -2.5720020703e-07  5.8676977074e-06

JOB 3
COORDS  1.6129989767e+00 -1.8300563593e+00  1.4665643658e-01  3.0996143828e+00 -8.6453393832e-01  1.7796590023e+00  5.1194575331e-01 -1.3220966582e+00  8.3283642124e-01  2.0053483784e+00 -3.4270110015e-01  2.4731277017e+00  4.9655807569e+00 -3.0728418103e+00  5.3684713486e-01  4.3105594495e+00 -1.9556792749e+00 -1.4734722106e+00  6.0193605350e+00 -3.6380130276e+00 -1.8556141849e-01  5.3927589642e+00 -2.5734679001e+00 -2.1049005636e+00  2.9237266215e+00 -1.6014777138e+00  5.9980448674e-01  4.0838428986e+00 -2.1941027451e+00 -1.0984121697e-01  7.0743686600e-01 -5.7151571621e-01  1.9991799579e+00  6.2457120438e+00 -3.4034486653e+00 -1.4864954682e+00 -4.1023446780e-01 -9.0664419295e-02  2.6354472377e+00  1.4548921817e+00 -2.4246785151e+00 -7.4928868645e-01  4.1042864560e+00 -6.7958917508e-01  2.1508913525e+00 -5.0114314991e-01 -1.5037999953e+00  4.8653454148e-01  2.1632200495e+00  2.4114964726e-01  3.3786658724e+00  4.8260526731e+00 -3.3220004720e+00  1.5852797117e+00  3.6627304355e+00 -1.2849608896e+00 -2.0314666025e+00  6.7107409220e+00 -4.3226212613e+00  3.0415731858e-01  5.5859010284e+00 -2.3894549171e+00 -3.1609686248e+00 -1.3928163011e-01  4.0425046020e-01  3.4248784235e+00
ENERGY -5.546567392564e+02
GRADIENT -1.5147887082e-04 -2.4179725996e-03  1.8480520089e-03 -3.8889283743e-05 -9.6055621496e-06 -1.2424453615e-05 -9.9009299238e-05 -7.6228387744e-06 -2.6551772776e-05  8.2137405005e-06  2.7599991061e-05  3.7315560385e-05 -1.7459616971e-03 -2.3914015631e-03 -7.8671094098e-04 -2.9215996878e-05  3.5280405111e-05 -3.6690122143e-05 -6.2197679241e-05  8.4610400507e-05 -1.1805340427e-04  1.4383685969e-05 -4.9779632475e-05  1.2991587223e-04 -5.4874467200e-04  2.4646607462e-03 -3.0687672705e-03  2.5493646971e-03  2.3254716616e-03  2.1102380644e-03  5.3807922959e-05 -2.5157020259e-05 -3.5443631309e-05  6.9132114091e-05 -4.1377785416e-05 -3.5717778037e-05  1.2288529808e-05 -1.4672092079e-05 -1.0234626744e-05  2.0759194515e-06  7.8840470315e-06  9.7908251121e-06 -3.9021856512e-06 -2.0816354978e-08 -6.1450083393e-06 -9.9897984353e-06 -2.6799710697e-06 -4.0194211224e-06  3.7847290320e-06  2.2377669552e-06  6.6074851921e-06 -5.6390121313e-06  2.7070790621e-06  1.0255387436e-05 -6.1634921207e-06  6.9372113549e-06  9.6225345320e-07 -1.5100493811e-06  6.7197757441e-06 -1.5925356189e-05  9.6034479300e-06 -1.2759883866e-05  1.3072186357e-05  5.7070888548e-06  3.3651360525e-06 -3.7383163991e-06

JOB 4
COORDS  1.6081628915e+00 -1.9691593922e+00  2.4508776662e-01  3.1047146543e+00 -7.5265332611e-01  1.6904770724e+00  5.0939042108e-01 -1.4558168709e+00  9.3255131772e-01  2.0119469986e+00 -2.2651119854e-01  2.3849919652e+00  4.8720420492e+00 -3.2074088437e+00  4.8107883245e-01  4.4077729528e+00 -1.8334024037e+00 -1.4200480564e+00  5.9343314486e+00 -3.7563273368e+00 -2.4262897215e-01  5.4899979262e+00 -2.4447004931e+00 -2.0593333596e+00  2.9197646575e+00 -1.6190038497e+00  6.0514538024e-01  4.0846669859e+00 -2.2092100393e+00 -1.0904774252e-01  7.1096143882e-01 -5.7828740907e-01  2.0052128033e+00  6.2524362748e+00 -3.3917663052e+00 -1.4934221623e+00 -4.0478992970e-01 -9.9045969130e-02  2.6474050874e+00  1.4477504671e+00 -2.6561014711e+00 -5.8180883858e-01  4.1123416783e+00 -4.7713409308e-01  1.9906659022e+00 -5.0529735870e-01 -1.7272337756e+00  6.5670405316e-01  2.1744933664e+00  4.5428299195e-01  3.2192350818e+00  4.6575352468e+00 -3.5545153477e+00  1.4881538296e+00  3.8296477206e+00 -1.0690303894e+00 -1.9321559655e+00  6.5554157829e+00 -4.5325724213e+00  2.0268073895e-01  5.7576710201e+00 -2.1580565678e+00 -3.0755766870e+00 -1.2907782753e-01  4.9162703930e-01  3.3661361940e+00
ENERGY -5.546549422394e+02
GRADIENT  9.0737105496e-05 -1.8466197302e-03  1.7363790696e-03  8.0554575038e-06  1.8488299496e-05 -1.8321300744e-05 -1.2920145412e-04 -2.7471081254e-05 -3.3313404041e-05  1.1194678688e-05  1.8216332871e-05  1.8646277129e-05 -1.5173719103e-03 -1.7165605738e-03 -1.1631368833e-03  1.3352314867e-04 -1.4258344271e-04  1.4493260175e-04  1.4310878001e-04 -2.6139563989e-04  2.6675403552e-04 -5.5900570784e-06  2.1780799799e-04 -4.2522353739e-04 -8.3841361922e-04  1.9279411962e-03 -2.9096267447e-03  2.2123744579e-03  1.7606043720e-03  2.3088228316e-03  5.0307010956e-05 -2.2024788497e-05 -3.2809548282e-05 -1.9337734638e-04  1.0468661423e-04  1.3277670664e-04  7.2221778631e-06 -1.1708705607e-05 -1.1736643788e-05 -3.4891246448e-06  1.4569771253e-05  8.2880066680e-06 -1.9115443955e-06 -4.3198643109e-06 -1.6485910444e-06 -1.5415684342e-05  2.1591045959e-06 -4.7895599004e-06  4.9512788064e-06  5.9940748064e-08  6.5203124082e-06  1.2552282852e-05 -8.8354328601e-07 -2.8013913542e-05  3.0041283123e-05 -2.2667765332e-05  4.4618504359e-06 -4.5945026570e-06 -3.1269967019e-05  4.2841879697e-05 -1.4518568485e-05  3.4365366616e-05 -4.0591797810e-05  4.3271453897e-06  1.2011431057e-06 -5.4381151571e-07

JOB 5
COORDS  1.6030063157e+00 -2.1291449719e+00  3.7947655740e-01  3.0923744689e+00 -6.5624692361e-01  1.5721439775e+00  5.1058581076e-01 -1.5919047008e+00  1.0595282649e+00  2.0059185825e+00 -1.0901515051e-01  2.2609283015e+00  4.7668223466e+00 -3.3596614117e+00  3.9036652263e-01  4.5099618047e+00 -1.7121080025e+00 -1.3231239019e+00  5.8497469026e+00 -3.8664131552e+00 -3.3428023776e-01  5.6044350930e+00 -2.2929905538e+00 -1.9706227730e+00  2.9071582061e+00 -1.6709643479e+00  6.2473949748e-01  4.0690483797e+00 -2.2513874201e+00 -1.0744532577e-01  7.1198965619e-01 -5.7792834660e-01  2.0040475608e+00  6.2751556849e+00 -3.3533631418e+00 -1.4977260277e+00 -3.9746117221e-01 -8.3087165583e-02  2.6458610389e+00  1.4424031494e+00 -2.9160136604e+00 -3.5295381457e-01  4.0947881099e+00 -2.8862298378e-01  1.7752728235e+00 -4.9917611433e-01 -1.9446668104e+00  8.7165084509e-01  2.1683821764e+00  6.7936284079e-01  2.9943999721e+00  4.4705406370e+00 -3.8209998360e+00  1.3284749132e+00  4.0077096320e+00 -8.5263897072e-01 -1.7586863790e+00  6.4023242683e+00 -4.7274775340e+00  3.9554096880e-02  5.9592183571e+00 -1.8853184034e+00 -2.9163773479e+00 -1.2246129995e-01  6.0811865117e-01  3.2688100025e+00
ENERGY -5.546541301625e+02
GRADIENT -9.9502032692e-06 -8.6381212644e-05 -1.0064317826e-04 -1.4777183083e-05  2.1875850242e-05  2.0797931805e-07 -3.8762662551e-05  1.7712916138e-05  2.4889717109e-05  1.5518873744e-05  1.2542346571e-04  1.2066403479e-04  2.8177431468e-05  5.3871604251e-05 -7.0247628141e-05  5.6198641182e-05 -4.8304838355e-05  1.9683327187e-05  1.0369564565e-05  1.4939693264e-05 -3.5935932967e-05 -4.3950678838e-07 -1.4796020545e-05  2.7356102257e-05 -1.0996419725e-04  2.9090863562e-05  8.4772113330e-05 -1.5881289921e-04  1.7367711104e-05  6.5956548437e-05  1.0958637284e-04 -7.0564680076e-05 -8.0831965972e-05  1.0957489374e-05 -1.8707915195e-05 -4.3948271822e-06  6.0023572788e-05 -2.6169043776e-05 -3.5105974652e-05 -2.0056464636e-05 -8.5206663692e-06 -9.5841588638e-06 -6.9049995317e-06  1.7698233915e-05  1.5953677438e-05  1.7556101141e-06 -1.8197271929e-05 -1.5343051813e-05  1.2064798522e-05  1.5271558320e-05  1.6180375136e-05 -3.3367543274e-06  1.4332640770e-05 -3.6394379998e-06 -3.4810461495e-06 -4.3144680369e-06  1.6911095440e-05  5.6429504575e-06  4.1938494491e-06 -8.0506429708e-06  8.0209850378e-06 -1.1684860503e-05  3.8628335949e-06  9.6501516591e-06  5.8578244432e-06  2.1628003160e-06

JOB 6
COORDS  1.6139813303e+00 -2.2618801745e+00  5.3266812355e-01  3.0628375286e+00 -5.6649960510e-01  1.4465089808e+00  5.2496015782e-01 -1.7089949230e+00  1.2050321646e+00  1.9807457226e+00 -5.4936880679e-03  2.1301621559e+00  4.6539055529e+00 -3.4820767527e+00  2.8368611163e-01  4.6072235212e+00 -1.6061004348e+00 -1.1988024442e+00  5.7519552311e+00 -3.9571168024e+00 -4.3907152391e-01  5.7081288661e+00 -2.1651770148e+00 -1.8537254675e+00  2.8989659905e+00 -1.7078068201e+00  6.5039794610e-01  4.0489219474e+00 -2.2783641227e+00 -1.0284498373e-01  7.0844615470e-01 -5.7779484054e-01  2.0098382653e+00  6.2834264833e+00 -3.3217417680e+00 -1.4936095492e+00 -3.9590515899e-01 -7.3552406771e-02  2.6526280009e+00  1.4654211953e+00 -3.1353236966e+00 -9.7020771709e-02  4.0478034789e+00 -1.1720097365e-01  1.5425910984e+00 -4.6965103817e-01 -2.1352434616e+00  1.1135337888e+00  2.1291640540e+00  8.7499718052e-01  2.7535248777e+00  4.2769072690e+00 -4.0391658127e+00  1.1370998398e+00  4.1839964828e+00 -6.6607924394e-01 -1.5422842392e+00  6.2326181516e+00 -4.8912311026e+00 -1.5114577845e-01  6.1486651572e+00 -1.6583109797e+00 -2.7113766335e+00 -1.3502713170e-01  7.0451539091e-01  3.1703537482e+00
ENERGY -5.546549312614e+02
GRADIENT -4.7635565646e-04  1.5875397558e-03 -1.9400290357e-03 -7.9971022695e-07  1.5944946678e-05  1.9138926358e-06  5.2650145286e-06  3.2346931411e-06  7.6264037732e-06  1.3780820849e-05 -1.5279424369e-05 -1.0543483187e-05  1.6094133732e-03  1.3023660044e-03  1.5166478168e-03 -1.3253269300e-05  2.3258354379e-05 -2.0706218832e-05  1.0975780292e-06 -2.9732381918e-06  3.2010318745e-06 -4.6798658596e-06  2.0844479289e-05 -1.9891009903e-06  1.5322624919e-03 -1.7117182206e-03  3.6008166354e-03 -2.6311392434e-03 -1.2190928807e-03 -3.1721107195e-03 -1.9828962810e-05  4.7407671606e-06  2.7951729289e-06 -1.2037628833e-05 -1.0474598564e-05  2.1829688343e-06 -3.5968560732e-06  4.5520401455e-06  1.2275019156e-05 -2.4209927261e-07 -2.8498779751e-06  9.1051457924e-06 -1.7674761051e-07 -4.3093385622e-06 -3.7438850569e-06  1.0618007127e-06  2.1331769635e-06  6.0015103907e-06 -8.2150173007e-07  2.0585776893e-06 -3.5535836203e-06  3.1340183712e-06 -6.0157614180e-06  4.5281716044e-06 -3.0830114574e-06 -1.5829390896e-06 -4.8418771759e-06 -1.7528792606e-06  6.6196396656e-07  7.4955145623e-06 -7.0686671200e-06 -4.7729431397e-08 -4.5242300698e-06 -1.6076995263e-06  5.5903789754e-06 -1.9665738253e-06

JOB 7
COORDS  1.6558583977e+00 -2.3484478589e+00  6.6455404470e-01  3.0291235878e+00 -4.8106089864e-01  1.3262457498e+00  5.6696027484e-01 -1.8007131242e+00  1.3395127993e+00  1.9478892814e+00  7.4983169085e-02  2.0135746307e+00  4.5510248974e+00 -3.5527645233e+00  1.7454420206e-01  4.7082079821e+00 -1.5331564281e+00 -1.0951593822e+00  5.6490389884e+00 -4.0279800851e+00 -5.4671067663e-01  5.8005028816e+00 -2.0987647033e+00 -1.7575415575e+00  2.9060979047e+00 -1.7064030934e+00  6.5575157689e-01  4.0467000866e+00 -2.2738971385e+00 -1.0457151894e-01  7.1291426600e-01 -5.8562993045e-01  2.0208051676e+00  6.2768437278e+00 -3.3261034565e+00 -1.5017776978e+00 -3.8920332808e-01 -9.0899797225e-02  2.6734170421e+00  1.5333354540e+00 -3.2844885645e+00  1.2575373341e-01  3.9858551088e+00  3.4572096512e-02  1.3287978753e+00 -4.0079330453e-01 -2.2933599934e+00  1.3420755506e+00  2.0675401699e+00  1.0190128334e+00  2.5430158382e+00  4.0999425478e+00 -4.1660913927e+00  9.4990569331e-01  4.3653863884e+00 -5.3649535387e-01 -1.3595251886e+00  6.0507753022e+00 -5.0189674823e+00 -3.3929985732e-01  6.3167626234e+00 -1.5379924444e+00 -2.5357140740e+00 -1.5754770888e-01  7.5095052449e-01  3.0967148474e+00
ENERGY -5.546567152845e+02
GRADIENT -8.4832190698e-04  1.5085943991e-03 -2.5162141506e-03  1.9578730389e-05  2.6967105302e-06 -6.8931493732e-06  4.8379685311e-05  3.0428615747e-05  6.2967887569e-06  7.5781985686e-06  1.7182204775e-05  1.8054668346e-05  2.0391638457e-03  1.3058084602e-03  1.9030354537e-03  4.0407646769e-05 -1.6942584247e-04  3.8280852072e-05  2.3881326076e-05 -5.0450242980e-05  9.5849671946e-06  4.6296723551e-05  1.8200649417e-05 -4.0942716652e-05  2.0919250082e-03 -1.7004657604e-03  4.7258196962e-03 -3.4561219236e-03 -9.6566267478e-04 -4.1284345286e-03 -6.5135714931e-06 -6.7623169954e-07 -7.4973527635e-06 -2.1881040432e-05  1.1348922693e-05  5.2499271643e-07  5.4358785990e-06  2.3848322237e-06  8.5501532746e-06  4.6291567272e-07 -1.1077561428e-05  4.9681957647e-07  4.8907608077e-06  2.6525494464e-06  4.3957183116e-06  7.5085753311e-06  8.8347837500e-07 -5.5555400039e-06  9.8760302576e-07  3.4782572218e-06  1.9075281141e-07 -2.0309585789e-06  2.5027621405e-05 -1.6788511324e-05 -5.4892020418e-06 -2.2824935829e-05  1.7774604012e-05  1.8249164265e-05 -2.3192114403e-07 -9.9339996722e-06  1.4958402356e-05 -7.3938420011e-06 -5.8379989307e-06 -7.0911521235e-08  3.5225348605e-06 -4.0045080228e-06

JOB 8
COORDS  3.0436844116e+00 -2.5963761524e-01  1.0881636781e+00  1.7901711564e+00 -2.3106729609e+00  9.2495086489e-01  2.0013579975e+00  3.3468702141e-01  1.7945373535e+00  7.3444075772e-01 -1.7251744939e+00  1.6255981307e+00  4.7633585709e+00 -1.5435601537e+00 -1.1195208815e+00  4.5023613783e+00 -3.5280656048e+00  1.8614652421e-01  5.8071625001e+00 -2.1860287000e+00 -1.7881706874e+00  5.5557595881e+00 -4.0817916921e+00 -5.4418587262e-01  2.9581036687e+00 -1.5886392395e+00  6.3515984988e-01  4.0828642227e+00 -2.2176368550e+00 -9.2955258279e-02  8.3852052836e-01 -3.9874295532e-01  2.0635201604e+00  6.2121536282e+00 -3.4364288334e+00 -1.5198046309e+00 -1.6098148022e-01  2.3377975156e-01  2.7594396901e+00  3.9499769505e+00  3.1071027084e-01  9.0283701844e-01  1.6909429122e+00 -3.3347437580e+00  5.7542268821e-01  2.0737575763e+00  1.3574110683e+00  2.1523329682e+00 -1.6982185827e-01 -2.2982462657e+00  1.8247132115e+00  4.4723468875e+00 -5.3768960052e-01 -1.4094457360e+00  4.0328170169e+00 -4.1030334442e+00  9.7947507747e-01  6.3391883350e+00 -1.6724776989e+00 -2.5879608252e+00  5.8939151372e+00 -5.0947173918e+00 -3.2934976865e-01 -9.0113337542e-01 -3.8116184327e-01  2.8845993324e+00
ENERGY -5.546581868588e+02
GRADIENT  5.7210918490e-04 -5.7675550333e-04  1.4153732043e-03  2.5368829515e-05 -5.0440747740e-05  6.9512842497e-07  3.7616645816e-05  1.5698247401e-05 -1.4368978445e-05  4.4345584168e-05  3.7841669679e-05 -1.5843882655e-05 -1.0530052525e-03 -6.5857910778e-04 -1.0793310922e-03 -8.3255661527e-06  4.0395975714e-05 -5.7280632086e-05 -1.7307856587e-05  4.2057110247e-05  4.0934956867e-06  2.9442783435e-05 -7.0056646746e-05  9.7630854630e-08 -1.4596101924e-03  5.0144998953e-04 -2.6865759270e-03  1.8932527350e-03  7.0703819064e-04  2.3828507460e-03 -4.3257295638e-05 -3.0969737789e-06  2.4157262124e-05 -2.3414618624e-05 -9.6328653514e-06  2.7784937016e-05 -1.6826036091e-05  1.4238039096e-05  5.2276861704e-06 -3.7279281499e-06 -2.5332521097e-06  6.8464207058e-07  1.5116220854e-06  8.1998507329e-06 -4.9347183315e-06 -5.0492118270e-06  1.8050254266e-06  5.5108863889e-06  3.7672682869e-06  3.8485235114e-06  1.5825847877e-06 -6.0762634034e-06 -3.0631345886e-06 -3.1561391127e-06  9.7040957993e-06  6.9597278746e-06 -1.3018395479e-05  1.2296662257e-06  3.6012164544e-06 -1.6520112051e-06  5.4356392221e-06 -6.6303664903e-06  4.1936024006e-06  8.6355612720e-07  2.6508068234e-06  4.6889907368e-06

JOB 9
COORDS  2.9854674114e+00 -2.3081437065e-01  9.7873381691e-01  1.8352702715e+00 -2.3443634909e+00  1.0388523353e+00  1.9413063301e+00  3.7074639105e-01  1.6746159655e+00  7.7820417717e-01 -1.7541807173e+00  1.7318434576e+00  4.8473320815e+00 -1.5071626718e+00 -1.0228330150e+00  4.4218378424e+00 -3.5766353908e+00  8.6777825901e-02  5.8914255287e+00 -2.1439140426e+00 -1.6953295990e+00  5.4828857714e+00 -4.1203025641e+00 -6.3858008488e-01  2.9607235023e+00 -1.5994800019e+00  6.4946842024e-01  4.0718799317e+00 -2.2282647347e+00 -9.8930222245e-02  8.2939417248e-01 -3.9208043697e-01  2.0539602234e+00  6.2213887775e+00 -3.4323481696e+00 -1.5219994401e+00 -1.7428614361e-01  2.4821907627e-01  2.7350698192e+00  3.8508382061e+00  3.7049003654e-01  7.1569731367e-01  1.7635907862e+00 -3.3949014355e+00  7.7265389892e-01  1.9733096692e+00  1.4234998621e+00  1.9389608430e+00 -8.8771023989e-02 -2.3510052232e+00  2.0108654561e+00  4.6269103133e+00 -4.6739426760e-01 -1.2453412859e+00  3.8969562621e+00 -4.1956890613e+00  8.0840747833e-01  6.4900535968e+00 -1.5898602519e+00 -2.4171985559e+00  5.7598820327e+00 -5.1638631671e+00 -4.9468995282e-01 -8.7602349285e-01 -3.8893214075e-01  2.9432582853e+00
ENERGY -5.546584003506e+02
GRADIENT -3.8759440503e-04  1.8247528538e-04 -7.6381274899e-04  2.6614052110e-05 -1.4642877684e-04 -1.1449576664e-05 -1.2459696938e-05  1.8375042955e-04  4.5079042457e-05 -4.6022734410e-05 -3.4195500655e-06  1.0961624546e-05  5.8361303225e-04  5.5711406647e-05  6.9264525689e-04 -1.1800775397e-04 -1.3563672214e-04  1.1946241868e-04  9.3923439480e-05 -7.6445212510e-06 -5.9838523006e-05 -5.4660525565e-05  3.7936952683e-04 -8.2510322189e-05  7.3306281701e-04 -1.3080403730e-04  1.5199768596e-03 -1.0825430199e-03 -2.2725145463e-04 -1.2972819642e-03  1.1462007886e-04 -8.1493758888e-05 -7.7171026837e-05  7.0888482642e-05 -5.4506752118e-05 -4.9280303916e-05  7.1610546822e-05 -1.6429597262e-05 -3.9792663723e-05 -1.3272103516e-05  2.5267487267e-05  1.3269927334e-05 -1.7740077699e-05 -2.1195331231e-05 -2.4122013205e-06  1.5371294570e-05  2.2657838321e-05 -9.6960236476e-07  5.8371291596e-06 -2.6725934177e-05 -7.2309015342e-06  8.4807808034e-06 -1.9353489040e-05 -1.3681193024e-06 -2.6075342974e-05  5.6521033000e-06  2.4396749765e-05  1.2461164998e-05 -1.6464333576e-05 -7.9260178474e-06  4.0734186331e-06  3.4328667436e-05 -1.6724199655e-05  4.8008320227e-06 -1.1927179563e-05 -6.6372312187e-06

JOB 10
COORDS  2.9105013400e+00 -2.0533916544e-01  8.6386856704e-01  1.8926905851e+00 -2.3607932937e+00  1.1549144936e+00  1.8626072378e+00  3.9620994378e-01  1.5530568171e+00  8.3330872229e-01 -1.7731079551e+00  1.8452687481e+00  4.9425953453e+00 -1.4821211959e+00 -9.1683630073e-01  4.3380229262e+00 -3.6064778409e+00 -2.6896489963e-02  5.9830484357e+00 -2.1214564904e+00 -1.5915888880e+00  5.4039785273e+00 -4.1507599390e+00 -7.4344210083e-01  2.9630426999e+00 -1.5980273687e+00  6.5572146672e-01  4.0677750422e+00 -2.2281565445e+00 -1.0645310831e-01  8.1442647512e-01 -3.8810618541e-01  2.0502527088e+00  6.2299954551e+00 -3.4377749274e+00 -1.5231755625e+00 -1.9541822913e-01  2.5214105573e-01  2.7209554462e+00  3.7181418239e+00  4.2776594835e-01  5.1149232800e-01  1.8609007796e+00 -3.4322011748e+00  9.8585961914e-01  1.8424952679e+00  1.4690907997e+00  1.7193181661e+00  1.6721961449e-02 -2.3923230670e+00  2.2132012563e+00  4.8097334419e+00 -4.1474032529e-01 -1.0583409346e+00  3.7466290570e+00 -4.2619259136e+00  6.0406752607e-01  6.6531277921e+00 -1.5415412271e+00 -2.2249320732e+00  5.6095140227e+00 -5.2185284741e+00 -6.7933004240e-01 -8.4993060579e-01 -4.0191265676e-01  3.0136210513e+00
ENERGY -5.546573030894e+02
GRADIENT -1.3260210659e-03  2.7354352696e-04 -2.0316226119e-03  4.7227921722e-05 -2.9346009253e-05 -1.7791528238e-05  2.0773902778e-05 -9.6811907283e-05 -4.5404437840e-05  1.7423903677e-04  1.2323914143e-04 -9.4263489596e-05  1.5525970283e-03  3.6590573349e-04  1.8963089066e-03 -6.9715404900e-06  6.3899932906e-05 -1.2171077486e-06 -4.4431754266e-05 -6.4030595782e-05  6.3872250064e-05  3.5644757164e-05  7.7345570685e-05 -3.3034565485e-05  2.7129663785e-03 -2.9182723098e-04  4.1119297839e-03 -2.9539155271e-03 -4.3219956584e-04 -3.9847888885e-03 -1.6177534180e-04  8.5474218323e-05  1.0371545070e-04  3.7485537802e-05 -3.6607276611e-05 -2.4855348940e-05 -7.0453905159e-05  3.7750133836e-05  6.5383945088e-05 -4.3944791530e-05 -1.5943888462e-05  3.2476532050e-05  3.3389370674e-05 -2.9820144295e-05 -3.4169195173e-05 -2.3975756532e-05 -1.7609580354e-05  1.5236074847e-05  1.8612468385e-05  2.4828556531e-05 -3.5498342774e-06  1.5694848882e-05 -3.7075109615e-05 -1.8989256250e-05 -2.9258231260e-05  4.2520206565e-06  2.6250279869e-05  1.0380031357e-07 -1.9431608075e-05 -1.2708223892e-06  3.3291224965e-06  7.4322407297e-06 -6.9473990812e-06 -8.6497184739e-06  1.5467926273e-05 -6.1866601488e-06

JOB 11
COORDS  2.8101254327e+00 -1.9474015231e-01  7.0462961376e-01  1.9785206074e+00 -2.3652276964e+00  1.2933279030e+00  1.7608465801e+00  4.0760314576e-01  1.3903399591e+00  9.1993114478e-01 -1.7789632351e+00  1.9854400676e+00  5.0622061116e+00 -1.4714732815e+00 -7.6729331474e-01  4.2369855846e+00 -3.6235770420e+00 -1.8328585685e-01  6.0998757787e+00 -2.1119449096e+00 -1.4446448755e+00  5.3113378013e+00 -4.1679568792e+00 -8.8660920248e-01  2.9534433762e+00 -1.5954365869e+00  6.3348749181e-01  4.0787857550e+00 -2.2272881280e+00 -1.0212227612e-01  8.0527923791e-01 -3.8474647239e-01  2.0376852895e+00  6.2455363729e+00 -3.4427617221e+00 -1.5186005416e+00 -2.0953633811e-01  2.5563975709e-01  2.6997575205e+00  3.5283975999e+00  4.5482143484e-01  2.1711669809e-01  2.0296842444e+00 -3.4480948526e+00  1.2779204383e+00  1.6669870588e+00  1.4885245869e+00  1.4341653928e+00  1.8457470447e-01 -2.4085854700e+00  2.4839172767e+00  5.0414308396e+00 -3.8757387039e-01 -7.7196791090e-01  3.5394291835e+00 -4.3047604687e+00  2.9096368182e-01  6.8563598276e+00 -1.5184981352e+00 -1.9565097758e+00  5.4254383269e+00 -5.2497212040e+00 -9.4386863572e-01 -7.9645088806e-01 -4.0483740746e-01  3.1012510585e+00
ENERGY -5.546563487578e+02
GRADIENT -5.6208060006e-05 -6.4571195205e-05  3.9513653482e-05 -1.7636255223e-05  1.6386682991e-04  9.7216161613e-06 -3.7497371328e-06  2.8721993499e-05  4.2170902555e-06 -7.2550506660e-05 -6.2911850013e-05  4.5768288894e-05 -1.6570605993e-05  1.0219767386e-04  5.7151442642e-06 -7.2663012486e-05 -7.3196976919e-05  4.8567244348e-05 -3.8542350966e-05 -4.1656088737e-05  2.7459214550e-05  1.3055959435e-06  6.7655603577e-05 -1.2289602173e-06  1.1288656899e-04 -6.2235476462e-05 -8.0163712030e-05  1.1027541158e-04 -4.8057734829e-05 -6.5173769952e-05  3.4605485225e-05 -1.5869892998e-05 -1.8042213585e-05  2.4937064375e-05 -1.5737225327e-05 -1.8149802575e-05 -2.2361891518e-06 -8.8325189983e-06 -9.0658853822e-06  3.6139981666e-06 -1.4765971173e-05 -1.9890032688e-06 -4.7619104731e-06  2.9498396388e-05  3.4240819452e-06 -3.0757371720e-06  3.0641776694e-06  2.6634077485e-06 -1.4423804178e-05 -1.2357653420e-06  9.4071247943e-06 -1.6994736422e-06  2.2608488689e-05  9.5026469626e-07  1.8760356491e-06 -1.3475507295e-05 -1.7141720634e-06 -7.2847494471e-06  5.6879660108e-07  5.1254682631e-06 -3.8895603702e-06  6.4411660027e-06  2.8197379054e-06  1.0975364906e-06 -1.8805202987e-06  6.6527843938e-06

JOB 12
COORDS  2.6984731550e+00 -2.1020566764e-01  5.5362001372e-01  2.0672052803e+00 -2.3564310284e+00  1.4281744953e+00  1.6463669944e+00  3.9099533837e-01  1.2365890582e+00  1.0097426048e+00 -1.7691007729e+00  2.1216850790e+00  5.1478769257e+00 -1.4749758776e+00 -5.9633269932e-01  4.1285396539e+00 -3.6109680030e+00 -3.3457529627e-01  6.1850180560e+00 -2.1133135783e+00 -1.2771078024e+00  5.2123691872e+00 -4.1538788977e+00 -1.0248066971e+00  2.9318726347e+00 -1.5982972384e+00  6.1916473421e-01  4.0734273087e+00 -2.2269737228e+00 -8.7909328038e-02  7.9292088588e-01 -3.8902578391e-01  2.0266984267e+00  6.2399783422e+00 -3.4346063002e+00 -1.4996201797e+00 -2.2766399476e-01  2.5093234138e-01  2.6811174036e+00  3.3276959935e+00  4.1826890399e-01 -6.8037530456e-02  2.2268157687e+00 -3.4230413908e+00  1.5476780980e+00  1.4686099788e+00  1.4598738593e+00  1.1656067530e+00  3.6240851419e-01 -2.3839517938e+00  2.7450375295e+00  5.2085995896e+00 -4.0248096111e-01 -4.4437875646e-01  3.3285886569e+00 -4.2727580927e+00 -1.9154466408e-02  7.0193177152e+00 -1.5282869625e+00 -1.6619940622e+00  5.2512806463e+00 -5.2259882770e+00 -1.2133866841e+00 -7.4293134977e-01 -3.9987249421e-01  3.1838937895e+00
ENERGY -5.546573036658e+02
GRADIENT  1.4506034403e-03  3.6626845467e-04  1.9114547505e-03  1.5760628100e-05 -7.4417109349e-05 -3.1670747068e-06 -1.0752603465e-05  1.2197772752e-06 -1.0434518613e-06 -1.3130182581e-05 -8.8545140731e-06  5.7579593478e-06 -1.1934625415e-03  2.1473148491e-04 -2.1271184427e-03  2.8301403511e-05  2.4717352148e-05 -4.6590256873e-07  1.1779738519e-05 -5.3581844566e-06  5.8703724775e-07 -5.2724084453e-06 -1.1866975558e-05  8.0710608167e-07 -2.7617241762e-03 -3.0000347577e-04 -3.9190492176e-03  2.4197864254e-03 -1.8396676953e-04  4.1674465465e-03  2.1952542139e-05 -7.8662998738e-06 -1.2662991777e-05  6.0902368460e-07  8.2373474869e-06 -4.8564667784e-07  1.8125061758e-05 -8.0540875478e-06 -6.7745667866e-06 -6.6674728162e-06  1.1757304103e-05 -4.8195869929e-06 -9.7308209530e-06 -7.5347455245e-06  4.6345762576e-06  6.5994358454e-06  2.6273171047e-06 -3.6384731412e-06  2.3693655409e-06 -6.0261354795e-06  1.4906797747e-06  2.9803199396e-07 -9.6729626247e-06  2.8561000655e-06  5.1667672084e-06  6.5053210936e-06  1.9976186604e-06 -1.5623268954e-07 -1.1900796557e-06 -4.2265116033e-06  4.4639773763e-06 -1.6927520410e-07 -9.1937738092e-07 -1.8074603568e-06 -2.4638408972e-06 -1.4203813874e-06

JOB 13
COORDS  2.6212286433e+00 -2.3934312695e-01  4.3985479583e-01  2.1524401054e+00 -2.3351947797e+00  1.5257944224e+00  1.5640360175e+00  3.6084488612e-01  1.1170364484e+00  1.0930818280e+00 -1.7460540509e+00  2.2162061879e+00  5.2104713468e+00 -1.4957666651e+00 -4.6619877209e-01  4.0560947511e+00 -3.5844818527e+00 -4.5746788076e-01  6.2460943901e+00 -2.1330463769e+00 -1.1511481292e+00  5.1455146902e+00 -4.1278385315e+00 -1.1397112489e+00  2.9372051407e+00 -1.5990907393e+00  6.2277399652e-01  4.0693048241e+00 -2.2268258495e+00 -9.4511472584e-02  7.9395151101e-01 -3.9314010333e-01  2.0118177525e+00  6.2355405316e+00 -3.4302068178e+00 -1.4922273706e+00 -2.3438475433e-01  2.4606754313e-01  2.6562472170e+00  3.1904326339e+00  3.5487380631e-01 -2.6904621825e-01  2.3868064232e+00 -3.3777488457e+00  1.7201296062e+00  1.3159551940e+00  1.4062836917e+00  9.5993414780e-01  5.0854990809e-01 -2.3361520080e+00  2.9203382800e+00  5.3131170584e+00 -4.4768702290e-01 -2.0119532324e-01  3.1968786712e+00 -4.2121325275e+00 -2.4005765348e-01  7.1352323124e+00 -1.5714592701e+00 -1.4348285469e+00  5.1372854163e+00 -5.1787172554e+00 -1.4261722854e+00 -6.8888019497e-01 -3.8488067697e-01  3.2368309632e+00
ENERGY -5.546584011962e+02
GRADIENT  5.6526102619e-04  2.5277385015e-04  6.3197313877e-04 -1.2393601556e-05  2.4314029076e-05 -1.7404462148e-05  4.9299288498e-06 -2.1591200517e-05  1.0515284893e-05 -2.2981580087e-05 -2.5066016243e-05  3.6393117315e-05 -3.6714341044e-04  2.0322585156e-04 -7.9281164022e-04 -1.2798697582e-05 -1.1098727020e-05  1.3320218363e-05 -5.3668515255e-05 -5.8033741662e-05  5.6748767131e-06  4.0294826541e-05  1.0784027590e-04  5.8925183338e-06 -1.0248142399e-03 -2.2370680610e-04 -1.3670549381e-03  8.2069825392e-04 -1.9079093719e-04  1.5179468031e-03  1.5150667176e-05 -8.8332284126e-06 -1.1627897224e-05  4.0625576501e-05 -3.4931791874e-05 -2.8751761330e-05  7.3164998564e-06 -1.1243595888e-05 -5.5733202457e-06 -2.9313087053e-06  4.3739087672e-06  9.7403721806e-07 -1.1210395922e-06 -1.5979853384e-06  5.9554631694e-06  3.4880146403e-06 -2.1615405777e-06 -2.8941566083e-06 -3.8437501900e-06 -6.0015772130e-06  3.2405617288e-06 -2.6187788775e-06 -3.2358053971e-06  2.7653629230e-06 -8.7109337287e-06  3.3213980145e-06  3.9578965811e-06 -1.4446902437e-06 -1.4877133455e-05 -2.8185181601e-06  1.0173220629e-05  1.0427485711e-05 -1.1735751528e-06  3.6347565010e-07 -2.9637406341e-06  3.3128476893e-06

JOB 14
COORDS  2.5380099296e+00 -2.7298737509e-01  3.5001109302e-01  2.2368137902e+00 -2.3008196693e+00  1.6157502261e+00  1.4722571038e+00  3.1876162481e-01  1.0228220187e+00  1.1712578871e+00 -1.7177355247e+00  2.3033669845e+00  5.2623873571e+00 -1.5266960765e+00 -3.4715055266e-01  3.9917619412e+00 -3.5387685695e+00 -5.6898704921e-01  6.2951734613e+00 -2.1674537142e+00 -1.0343480706e+00  5.0835966790e+00 -4.0892845209e+00 -1.2430614697e+00  2.9448647344e+00 -1.5890574534e+00  6.3519174867e-01  4.0637080206e+00 -2.2161028502e+00 -1.0366582722e-01  7.8566766312e-01 -4.0418035483e-01  2.0068676720e+00  6.2266309901e+00 -3.4296964795e+00 -1.4832635197e+00 -2.5446443910e-01  2.2543246064e-01  2.6433132739e+00  3.0509243679e+00  2.8850797245e-01 -4.2629606928e-01  2.5379235362e+00 -3.3143959393e+00  1.8662731538e+00  1.1531836667e+00  1.3311880037e+00  7.9389431756e-01  6.4657492274e-01 -2.2822883512e+00  3.0726152749e+00  5.3990473121e+00 -5.0990481817e-01  1.0586498099e-02  3.0881403173e+00 -4.1261929286e+00 -4.3160062948e-01  7.2300296941e+00 -1.6421116440e+00 -1.2254253232e+00  5.0344534503e+00 -5.1118717808e+00 -1.6150990420e+00 -6.4588600308e-01 -3.8119520787e-01  3.2917239592e+00
ENERGY -5.546581869814e+02
GRADIENT -1.0650782457e-03 -5.7924799791e-04 -1.0669870339e-03 -9.4692213677e-06  3.3923989722e-05 -1.4674607727e-06 -1.8073835731e-05  4.8594318194e-05 -7.6301075606e-06 -2.6553197935e-05 -2.0930828794e-05  3.0636406168e-05  6.0966784843e-04 -5.6504538479e-04  1.4035636379e-03  1.8964497798e-06 -3.4681675381e-06 -1.5474036571e-06  2.6109647027e-05  2.9668664760e-05 -4.5497037069e-07 -2.4219774562e-05 -3.5560487719e-05 -4.6354968604e-06  1.8867917982e-03  5.3542206349e-04  2.3072925354e-03 -1.4162015252e-03  5.7102474054e-04 -2.6371842934e-03  4.0058785335e-05 -2.0479092036e-05 -2.0785878287e-05 -1.6778695685e-05  1.4011452732e-05  1.4423234610e-05  1.2879970871e-05 -7.3150206542e-06 -1.4359231076e-05 -4.1063372881e-06 -1.5300365573e-06  2.2452015889e-06 -3.1602240234e-06  3.2708649012e-06  1.0285920623e-06 -2.7525545482e-07  6.3943529202e-06 -2.1714405735e-06 -1.0421161652e-06 -4.0007255619e-06  5.2437301184e-06  3.0643968646e-06  9.3508003202e-07 -1.9145411548e-06  1.1579288465e-06 -4.1289691783e-06 -1.6664136716e-06 -7.1677014927e-08  8.2482980708e-06  1.7442556315e-06 -6.3783912449e-06 -3.4567590055e-06  1.4129404379e-06  4.1561943023e-06 -1.0735073772e-06  3.5111474264e-06

JOB 15
COORDS  2.4475187893e+00 -3.1758206811e-01  2.5755846822e-01  2.3326179629e+00 -2.2457332220e+00  1.6993099891e+00  1.3721844466e+00  2.6264138264e-01  9.2705919602e-01  1.2590464622e+00 -1.6720529602e+00  2.3841660893e+00  5.3196989566e+00 -1.5775355873e+00 -2.2597281915e-01  3.9378802871e+00 -3.4737302449e+00 -6.8860053022e-01  6.3472486691e+00 -2.2284338861e+00 -9.1302277609e-01  5.0289640856e+00 -4.0395309871e+00 -1.3527627246e+00  2.9535904292e+00 -1.5725885020e+00  6.3752368354e-01  4.0685441110e+00 -2.2016269964e+00 -1.1211332838e-01  7.7649841216e-01 -4.1509284184e-01  1.9983268029e+00  6.2226443346e+00 -3.4402903226e+00 -1.4741469536e+00 -2.7719959755e-01  2.0037651708e-01  2.6277802355e+00  2.8972392172e+00  2.0599205874e-01 -5.8213504445e-01  2.7047358907e+00 -3.2191397982e+00  2.0079251847e+00  9.7766836135e-01  1.2297682524e+00  6.2989059107e-01  8.0055998451e-01 -2.2023923293e+00  3.2174238571e+00  5.4932575771e+00 -6.0292504351e-01  2.2222811928e-01  2.9931703658e+00 -4.0081638035e+00 -6.3686233400e-01  7.3240198321e+00 -1.7559045484e+00 -1.0083780055e+00  4.9378476169e+00 -5.0225505715e+00 -1.8131134664e+00 -5.9880019346e-01 -3.7102459527e-01  3.3430599598e+00
ENERGY -5.546567144028e+02
GRADIENT -2.1336259859e-03 -1.4720958667e-03 -1.6594641861e-03  7.8244684872e-05 -2.2255087459e-04  5.0316037749e-05 -5.3836496100e-05  1.9315449225e-04 -6.9824134347e-05  9.4048518151e-05  1.2293352441e-04 -1.8801876663e-04  1.0255259691e-03 -1.1571320875e-03  2.6503781942e-03  1.5325382756e-04  1.2604496029e-04  3.4760909302e-06 -2.6927864757e-04 -1.1250849532e-04  2.8107919146e-05 -1.8475684604e-06 -2.1069024298e-04 -1.1185401570e-04  3.5026075342e-03  1.3551731751e-03  3.9949455518e-03 -2.3844404418e-03  1.3338380160e-03 -4.6960798925e-03 -9.9695568533e-06 -1.1011854589e-05  3.2986336133e-05  1.8404582047e-05  3.2639386252e-06 -1.0543532475e-06 -1.0581994439e-05  2.7111347569e-05 -2.2157226720e-05 -1.4453071100e-05  6.9703119513e-07  2.6460281265e-05  2.9890214448e-05 -1.2219066362e-05  1.0699733205e-05 -2.3764206666e-05  1.7375449914e-05  4.5855342956e-06  2.0352752693e-05 -2.4091315752e-06 -2.7523116849e-05 -1.0675109695e-05  2.7050199414e-05 -1.0354862095e-07  1.6163025351e-05 -3.0069762854e-07 -3.4192074021e-05 -1.6894951849e-05 -1.1964896608e-05  7.9979282931e-06 -1.5038446601e-06 -2.2589564222e-05  2.1321949369e-06  1.0126111677e-05  3.7552100983e-06 -4.7407636694e-06

JOB 16
COORDS  2.3434300068e+00 -3.9452264704e-01  1.6005653704e-01  2.4316568939e+00 -2.1732321206e+00  1.7841720037e+00  1.2648911851e+00  1.7961420457e-01  8.3145650225e-01  1.3544071475e+00 -1.6051846781e+00  2.4697298509e+00  5.3656427494e+00 -1.6570532688e+00 -8.8900159053e-02  3.8974539584e+00 -3.3935404557e+00 -8.2905020214e-01  6.3932865496e+00 -2.3060337932e+00 -7.7918413889e-01  4.9917379495e+00 -3.9646775617e+00 -1.4847708592e+00  2.9494790520e+00 -1.5709871966e+00  6.2994845128e-01  4.0740072391e+00 -2.2006198191e+00 -1.1465640487e-01  7.6938797193e-01 -4.2571246642e-01  1.9929810410e+00  6.2267374552e+00 -3.4424372625e+00 -1.4713352139e+00 -2.9270453128e-01  1.8113669442e-01  2.6180618629e+00  2.7198566631e+00  7.4423268068e-02 -7.4540935337e-01  2.8808931407e+00 -3.0895511455e+00  2.1580850587e+00  7.9391702983e-01  1.0883285591e+00  4.6849846420e-01  9.7236434620e-01 -2.0810615948e+00  3.3716487948e+00  5.5680299062e+00 -7.4345677490e-01  4.6350808167e-01  2.9196871595e+00 -3.8646753221e+00 -8.8143334341e-01  7.4022347327e+00 -1.8956529127e+00 -7.6895282969e-01  4.8688066928e+00 -4.8877073712e+00 -2.0499632913e+00 -5.3798872311e-01 -3.3545656648e-01  3.4019330707e+00
ENERGY -5.546549313502e+02
GRADIENT -1.6438468602e-03 -1.3711104649e-03 -1.3641647901e-03  3.2332122602e-05 -2.3228966071e-05 -1.2257503648e-05  1.1590699971e-05 -7.2490032375e-06 -6.5365030501e-07 -5.5739875459e-06  6.4954001782e-06 -6.7033792885e-06  5.7086060006e-04 -1.3989134302e-03  2.0756773808e-03 -2.7843924611e-05  1.3079958221e-05  1.1352425474e-05 -5.3237611652e-05 -3.1304365207e-05 -6.8993492670e-06  4.1217103795e-05  4.8780080982e-05  1.5424078446e-05  2.6914907628e-03  1.3720780924e-03  3.0445652266e-03 -1.6273735690e-03  1.4311632473e-03 -3.7457636351e-03 -5.5347459088e-06 -3.7089261297e-06  1.4770086651e-05  2.0874030062e-05 -2.2823765052e-05 -2.4119442023e-05 -5.1776436354e-06 -9.0156847404e-07  2.7241274044e-06  2.2963403586e-06  1.5117187865e-06  2.1264376301e-06 -3.0628825419e-06 -4.3192673735e-06 -7.0260122090e-07  1.0033358809e-06  1.4260622338e-06  5.8159018597e-06 -7.8645441288e-07 -3.7241035348e-06 -1.6794752169e-06 -6.9523076463e-06  1.1135506044e-07  5.2442108798e-06 -2.8404033554e-06  5.1963020710e-06 -2.3611446982e-06 -2.8629175375e-06 -9.3243347087e-06 -3.7533259858e-06  7.2732570716e-06  9.3625623555e-06 -3.6034903169e-06  6.8760924980e-07 -1.2380295790e-06  3.1950806622e-06

JOB 17
COORDS  2.2246396871e+00 -5.2692969641e-01  6.0226264091e-02  2.5262120183e+00 -2.0832459528e+00  1.8753597844e+00  1.1541294542e+00  6.3641233775e-02  7.3091490429e-01  1.4547677933e+00 -1.5003012252e+00  2.5583748302e+00  5.3817593217e+00 -1.7753076857e+00  7.0079137656e-02  3.8756637936e+00 -3.3003127136e+00 -9.8992705348e-01  6.4189136497e+00 -2.3953231619e+00 -6.3318258002e-01  4.9807581141e+00 -3.8514299953e+00 -1.6453322999e+00  2.9253711714e+00 -1.6067739977e+00  6.2031667845e-01  4.0687427905e+00 -2.2319432822e+00 -1.0423588843e-01  7.6671487136e-01 -4.2422664324e-01  1.9849860549e+00  6.2390594687e+00 -3.4183335200e+00 -1.4810222646e+00 -2.9383130257e-01  1.9284124298e-01  2.6032391442e+00  2.5219092696e+00 -1.4482301819e-01 -9.1292432800e-01  3.0567263756e+00 -2.9182951859e+00  2.3253303277e+00  6.1072184747e-01  8.9899445787e-01  2.9936394336e-01  1.1582643533e+00 -1.8840591844e+00  3.5334229504e+00  5.5927470124e+00 -9.4896844676e-01  7.4337298502e-01  2.8793393977e+00 -3.6964507634e+00 -1.1662274141e+00  7.4451214435e+00 -2.0520218798e+00 -5.0845353966e-01  4.8473462794e+00 -4.6824299131e+00 -2.3368155800e+00 -4.5833432343e-01 -2.3755166171e-01  3.4571435253e+00
ENERGY -5.546541300327e+02
GRADIENT  3.9576236986e-05  1.0298148523e-05 -4.3600652130e-05 -4.0266404836e-05  6.4827233952e-05 -1.5977441278e-05  1.5808149258e-05 -4.8890927683e-05  4.8130775082e-05 -1.0294829612e-05 -3.4117632827e-05  7.3468934840e-05 -2.9738736765e-05 -5.5734541878e-08 -2.3430988352e-05 -2.4634093646e-05 -1.9653442486e-05 -3.4283314980e-05 -6.0406717782e-05 -7.6407085442e-05 -5.1868648622e-05  3.3749628631e-05  9.8188464922e-05  7.3500309662e-05 -5.2898234004e-05  1.0864664411e-05 -5.8108816606e-05  3.6322146376e-05  3.3556004217e-06  8.1273716187e-05 -3.5484426191e-06  6.6362713833e-06 -2.5333398530e-05  6.5407946381e-05 -2.1497288606e-05 -1.7012741890e-05  9.3145792717e-07 -6.5476700124e-06  1.4926357621e-05  6.5600803758e-06  6.3020364033e-06 -9.9251703044e-07 -3.3842469143e-06  1.0323356531e-05  1.9328472449e-06  4.4686455940e-06 -5.8298889875e-06 -3.7543365659e-07 -1.0321981147e-05  6.2842389332e-07  1.0175795125e-05 -8.0163599549e-06  5.5599125838e-06  5.8983255787e-07 -1.0286757110e-05  9.9240209282e-06  8.6167142773e-06 -6.7316893703e-06 -8.9359798553e-06 -1.2652568979e-05  1.7294228155e-05  1.1934919687e-05  3.8773670731e-06 -3.7237330118e-06 -1.1346962355e-06  3.6218168092e-06

JOB 18
COORDS  2.0978762046e+00 -6.8444969758e-01 -3.0099376089e-03  2.6104908588e+00 -1.9857997492e+00  1.9586376018e+00  1.0398464366e+00 -7.1082208535e-02  6.6612349901e-01  1.5495987354e+00 -1.3829851767e+00  2.6402073806e+00  5.3662889221e+00 -1.9130981797e+00  2.2317042476e-01  3.8605731208e+00 -3.1838234619e+00 -1.1320772886e+00  6.4158852015e+00 -2.4893074472e+00 -4.9781819853e-01  4.9780556284e+00 -3.7017523920e+00 -1.7928915971e+00  2.8922345151e+00 -1.6568399523e+00  6.2634723246e-01  4.0464480026e+00 -2.2699616704e+00 -8.5822650832e-02  7.6178538652e-01 -4.2356487036e-01  1.9926658049e+00  6.2426316569e+00 -3.3718250214e+00 -1.4925742303e+00 -2.9264245881e-01  2.0787999823e-01  2.6062052289e+00  2.3153760427e+00 -4.0226800441e-01 -1.0298560776e+00  3.2193691012e+00 -2.7287554147e+00  2.4671643902e+00  4.2650000351e-01  6.8232323156e-01  1.8078764927e-01  1.3388588794e+00 -1.6598385602e+00  3.6721011389e+00  5.5722692225e+00 -1.1937217524e+00  1.0110800521e+00  2.8601676378e+00 -3.4939244171e+00 -1.4215988044e+00  7.4468737708e+00 -2.2223563518e+00 -2.6900700095e-01  4.8500143263e+00 -4.4183823378e+00 -2.6031770717e+00 -3.7586072271e-01 -1.2198146341e-01  3.5149128311e+00
ENERGY -5.546549420863e+02
GRADIENT  1.4476578700e-03  1.7326870358e-03  1.3198878862e-03 -1.2171899780e-04  1.5646112021e-04 -1.2230490812e-04 -1.5822528624e-04  1.9742431132e-04 -1.4696320815e-04 -2.9706098577e-05 -1.1491549044e-05  7.3858825800e-05 -9.4084555115e-05  1.8462636217e-03 -1.8115047162e-03  2.2233093473e-05  1.0542877176e-06  1.6365290376e-05  6.9684901421e-05  4.6677652047e-05  4.2556296664e-05 -2.4299630251e-05 -2.7765863347e-05 -3.0888067962e-05 -2.0465452387e-03 -1.9618655227e-03 -2.3370001074e-03  9.0031579115e-04 -1.9460379342e-03  3.0186304734e-03  9.4418395723e-05 -6.4180357741e-05 -3.2242984383e-05 -3.4144077583e-05  9.2223095604e-06  1.1863142788e-05 -1.6418699281e-06  5.5099596884e-06 -2.1915426262e-05 -7.8418426173e-06 -2.4058563953e-05  4.7831505645e-05 -3.9604826515e-06  2.0664109873e-05 -3.2468687782e-05 -3.4280113641e-05  2.0664126248e-05  4.2919691503e-06 -5.6994368716e-06  2.6848151252e-06  1.1785040510e-05  2.6225909710e-06 -6.4573348239e-07 -5.2875977165e-06  3.8102746394e-07 -4.4428217780e-06 -1.5238447015e-07  5.9319734899e-06  9.9291631564e-06  1.4732129893e-06 -9.1355227319e-06 -5.1550107460e-06 -2.1005433656e-06  8.7430686382e-06 -1.6120591554e-06 -3.0324361807e-06

JOB 19
COORDS  1.9990094836e+00 -8.1720959159e-01 -4.6944254772e-02  2.6975678813e+00 -1.8782793438e+00  2.0010443596e+00  9.4193646761e-01 -2.0186398600e-01  6.2027343411e-01  1.6372954348e+00 -1.2740392584e+00  2.6803475410e+00  5.3595400791e+00 -2.0419035499e+00  3.3046095568e-01  3.8653660092e+00 -3.0575642586e+00 -1.2367588499e+00  6.4138045993e+00 -2.6005708168e+00 -3.9625081741e-01  4.9877731543e+00 -3.5680560769e+00 -1.8933585811e+00  2.8869956152e+00 -1.6732872603e+00  6.2697017433e-01  4.0402401002e+00 -2.2786275364e+00 -8.3346271809e-02  7.5605287558e-01 -4.3305653300e-01  1.9892073316e+00  6.2499884025e+00 -3.3548489226e+00 -1.4930778798e+00 -3.0272066653e-01  1.9432433561e-01  2.5981118000e+00  2.1470850882e+00 -6.2207212790e-01 -1.1058492339e+00  3.3749750692e+00 -2.5329018793e+00  2.5432270433e+00  2.5954109865e-01  4.6462076627e-01  1.0123882570e-01  1.4972292363e+00 -1.4587865487e+00  3.7443168128e+00  5.5625264019e+00 -1.4218536983e+00  1.1994239256e+00  2.8680845067e+00 -3.2768987745e+00 -1.6085423697e+00  7.4431642294e+00 -2.4239974432e+00 -8.6793912882e-02  4.8661452764e+00 -4.1823257704e+00 -2.7846113859e+00 -3.1591459434e-01 -4.3521453268e-02  3.5387555041e+00
ENERGY -5.546567389851e+02
GRADIENT  1.7292241241e-03  2.3711668325e-03  7.7239758803e-04 -2.6342146206e-05 -5.9514933435e-07 -2.4268955252e-05  8.3819264417e-05 -7.0489602199e-05  3.3258619409e-05  2.5749222830e-05  3.2151071363e-06 -1.0245268597e-04  1.6776320864e-04  2.5291895983e-03 -1.6871304773e-03 -1.1401710354e-04 -4.7767575179e-05 -1.4032052144e-05 -1.2211262363e-04 -2.9606545202e-05 -5.8857320455e-05  3.7364021097e-05  4.5011966528e-05  4.9012175206e-05 -2.4199830838e-03 -2.3355748543e-03 -2.0157364295e-03  7.9910084940e-04 -2.5334730367e-03  2.9447399011e-03 -1.0944383990e-04  6.9433613019e-05  7.6507173606e-05  4.4606698211e-05 -2.7592212584e-05 -2.7474863146e-05 -5.8631551787e-05  2.3164305661e-05  4.5274757327e-05  9.3449920124e-06 -2.2295330653e-05  7.0994474254e-06  4.1013323753e-06  1.0342293249e-06 -2.1277204668e-05  3.1687420807e-06 -6.1752721849e-06  2.2932542037e-05 -9.3587457690e-06  1.2233940626e-05 -1.3474255337e-05  2.5031167133e-06  1.5674457139e-06  2.2670875507e-05 -9.4998105173e-06 -6.7192533953e-06 -4.5805595333e-06 -1.1815609578e-05 -6.1311381674e-08 -3.8941090110e-06  4.1149673555e-06  4.7731371917e-06  7.0716622089e-06 -5.9679693513e-06  8.4990457120e-06 -1.0925816105e-06

JOB 20
COORDS  1.9207705318e+00 -9.1749347506e-01 -6.9335464051e-02  2.7766251894e+00 -1.7597808917e+00  2.0188942248e+00  8.5395483283e-01 -3.2091639651e-01  5.9761305895e-01  1.7085810907e+00 -1.1733023042e+00  2.6996788637e+00  5.3567147343e+00 -2.1580118418e+00  4.0369478202e-01  3.8821933298e+00 -2.9283949999e+00 -1.3114126063e+00  6.4072421324e+00 -2.7288598583e+00 -3.1759988020e-01  5.0002575140e+00 -3.4609860858e+00 -1.9562178024e+00  2.8992886721e+00 -1.6517180957e+00  6.2505252685e-01  4.0457831605e+00 -2.2568744035e+00 -8.9330887963e-02  7.4294422994e-01 -4.4996818323e-01  1.9881031403e+00  6.2523358105e+00 -3.3748668260e+00 -1.4827643788e+00 -3.2912954105e-01  1.5412960117e-01  2.5956410620e+00  2.0089842530e+00 -7.9252018247e-01 -1.1451817855e+00  3.5106884746e+00 -2.3326466919e+00  2.5791213944e+00  1.0565334724e-01  2.5486443341e-01  6.1215412323e-02  1.6248285644e+00 -1.2841645947e+00  3.7797076837e+00  5.5619899699e+00 -1.6243467382e+00  1.3275367353e+00  2.8943488312e+00 -3.0570331819e+00 -1.7451923496e+00  7.4278522230e+00 -2.6541498981e+00  5.5580730335e-02  4.8825554838e+00 -3.9904875295e+00 -2.9007621654e+00 -2.8465403457e-01 -3.8058939017e-03  3.5520534099e+00
ENERGY -5.546581905918e+02
GRADIENT  8.5852827307e-04  1.3480377220e-03  8.4529514647e-05 -2.2952212493e-04  2.2208531129e-04 -2.0102296207e-04  1.8357564862e-04 -1.3575783273e-04  1.3595447343e-04  8.8922712676e-06 -3.9430253608e-05  2.2140395231e-04  1.4316416277e-04  1.2611202365e-03 -1.0192031398e-03 -9.3473498571e-05 -2.7281066623e-06 -9.8942036675e-05  3.3234771419e-05 -6.6316391223e-05 -9.9279708586e-05  1.2744507669e-04  1.9763384361e-04  3.8102356546e-04 -1.0967386059e-03 -1.4067558192e-03 -8.0490128316e-04  2.4690490002e-05 -1.3705118689e-03  1.3944975050e-03 -7.3499121515e-05  5.1207536824e-05  5.2497873004e-06  1.2953360802e-04 -6.1999085504e-05 -8.2632098720e-05 -1.4660736210e-05 -6.8043753084e-06  5.9234008551e-05  2.3408083587e-05 -1.1039663229e-05 -4.0347085168e-06 -3.1933270118e-05  9.3522478775e-06 -1.6989579765e-05  2.0100568006e-05 -1.2732732020e-05  1.3964495973e-05 -3.0368854760e-05  1.5678556317e-05  2.6989202495e-05 -1.0940190752e-05 -4.7873447030e-06 -1.8728104870e-05 -3.1281674363e-05  6.5078920258e-06  2.6118849934e-05  1.1064983677e-05 -2.2404381697e-05 -3.4055367754e-05  4.3613665833e-05  1.2576785714e-05  3.1055377630e-05 -9.2360433394e-06  8.5355000862e-06  8.6836045004e-06

JOB 21
COORDS  1.8593103593e+00 -1.0044681601e+00 -8.1217091107e-02  2.8487421930e+00 -1.6338372155e+00  2.0202005564e+00  7.7678298767e-01 -4.3808996408e-01  5.8492352678e-01  1.7673136839e+00 -1.0753130327e+00  2.7018526487e+00  5.3518008179e+00 -2.2652063747e+00  4.5678969281e-01  3.9141240446e+00 -2.8009917424e+00 -1.3713361653e+00  6.3917253398e+00 -2.8632439977e+00 -2.5621672936e-01  5.0200649213e+00 -3.3717054168e+00 -2.0029943610e+00  2.9210143090e+00 -1.6100323733e+00  6.1759587257e-01  4.0624828594e+00 -2.2195564287e+00 -1.0056009799e-01  7.2637619549e-01 -4.7259625743e-01  1.9843601867e+00  6.2506654263e+00 -3.4140266807e+00 -1.4710868818e+00 -3.6331005717e-01  9.6434919852e-02  2.5927650486e+00  1.8931612246e+00 -9.4529463014e-01 -1.1652285343e+00  3.6310901542e+00 -2.1225133998e+00  2.5934690074e+00 -3.1601672550e-02  4.0592548533e-02  4.0367976398e-02  1.7295495018e+00 -1.1191285073e+00  3.7892112211e+00  5.5588757209e+00 -1.8138628605e+00  1.4226482841e+00  2.9442965941e+00 -2.8387058432e+00 -1.8584175847e+00  7.3938630944e+00 -2.8947636636e+00  1.6946021341e-01  4.9082693902e+00 -3.8271125500e+00 -2.9861205163e+00 -2.7212549922e-01  1.2095123517e-02  3.5552152319e+00
ENERGY -5.546584019066e+02
GRADIENT -4.3345592073e-04 -7.7074872330e-04 -3.4664614102e-05 -3.7030745951e-05  2.6849348786e-05 -1.0816378724e-05  1.5398267681e-05 -1.3516484623e-05  1.6292266131e-05  3.3002318403e-06 -6.8960951820e-06  3.3121623132e-05 -1.6977683115e-04 -7.8234616034e-04  4.1071304323e-04 -8.0566134310e-06 -4.1724415185e-06 -1.7566367437e-05 -6.0703210439e-05 -7.0346290787e-06 -4.7396759033e-05  1.7946259284e-05  1.4461509080e-05  4.2516837105e-05  5.6925282194e-04  7.4938087741e-04  2.1336581920e-04  7.8365339892e-05  8.0789039802e-04 -5.8558575427e-04  8.6519502281e-07  1.7008337958e-06 -6.0593270746e-06  2.8976460739e-05 -1.7870576318e-05 -1.2660684207e-05  5.1951725481e-06  1.3348783832e-06  5.7633181986e-06  3.1222024508e-07 -3.4936040769e-06  5.2591377349e-07 -6.9569281167e-06 -7.9477949262e-07 -1.6019679823e-06  2.5910597703e-06 -1.1704404304e-06  1.2894810525e-06 -1.9495663398e-06  1.6374597276e-06  4.7128686443e-06 -1.3933755422e-06  1.2591199030e-06  3.3473600490e-06 -4.8230321237e-06 -8.0877316160e-07  1.4385569248e-06 -4.9875624143e-06 -2.9188703970e-06 -7.7776990094e-06  4.7975072812e-06  2.2476963065e-06  3.6351342500e-06  1.6754784498e-08 -2.0014411745e-06  2.0169676242e-06

JOB 22
COORDS  1.7967346816e+00 -1.1148849100e+00 -7.9697977402e-02  2.9120301535e+00 -1.5022568729e+00  2.0122447189e+00  7.0561209965e-01 -5.6962228916e-01  5.8872332986e-01  1.8248775315e+00 -9.6119618203e-01  2.6976096863e+00  5.3278776835e+00 -2.3913528792e+00  4.9857375745e-01  3.9624438368e+00 -2.6656663718e+00 -1.4329334000e+00  6.3627742937e+00 -3.0000682832e+00 -2.1154736946e-01  5.0592465940e+00 -3.2599981524e+00 -2.0577322764e+00  2.9319782426e+00 -1.5867420606e+00  6.0900202751e-01  4.0748291939e+00 -2.1982812960e+00 -1.1095384337e-01  7.1452692232e-01 -4.8957337215e-01  1.9868044500e+00  6.2542268245e+00 -3.4363671684e+00 -1.4751528027e+00 -3.8547019602e-01  5.3554146470e-02  2.5987458229e+00  1.7689039190e+00 -1.1416244196e+00 -1.1641664073e+00  3.7428798273e+00 -1.8869120834e+00  2.5944478314e+00 -1.5747190957e-01 -1.9740185970e-01  4.4978542137e-02  1.8376247916e+00 -9.1785572317e-01  3.7855431301e+00  5.5229840369e+00 -2.0475210442e+00  1.5090896698e+00  3.0269768279e+00 -2.5981645325e+00 -1.9781947402e+00  7.3336016135e+00 -3.1412591469e+00  2.6181569190e-01  4.9678103806e+00 -3.6214763998e+00 -3.0811782266e+00 -2.4932142075e-01  5.3889374807e-02  3.5596284358e+00
ENERGY -5.546572998637e+02
GRADIENT -1.0308295809e-03 -2.2201934946e-03  6.9781515454e-05  1.4063076509e-04 -5.6779880765e-05  7.4235801197e-05  5.4016911457e-05 -2.9724320953e-05  3.7505557523e-05 -3.5188098249e-06 -4.9935721381e-06 -9.8566221196e-05 -7.7024911666e-04 -2.2596947623e-03  6.8357910344e-04  1.9507627276e-05  1.3599642366e-06  2.6776743557e-05  1.4112462208e-04 -4.2074220096e-06  1.0595234296e-04 -5.4414066541e-05 -1.9472561527e-05 -9.5786082127e-05  1.0650218273e-03  2.2456561122e-03  1.6067562204e-04  5.2978137492e-04  2.3113413384e-03 -1.0254801165e-03 -5.2565044114e-05  2.1700190206e-05  2.9289197043e-05 -6.5578700625e-05  3.9072519602e-05  4.4280568573e-05 -6.1535764516e-06  1.6442269253e-05  8.4975348949e-06 -6.2352258806e-06  3.6783256544e-06 -1.5883098355e-05  1.8841562666e-05 -1.1705517319e-05  9.4434587509e-06  7.1392539680e-06 -4.3415901028e-06  3.5472970637e-06  4.6532107048e-06 -4.3433685455e-06 -1.2196266421e-05  1.4735454806e-06 -3.5192089922e-06 -9.2810511839e-06  4.3684364868e-06  5.4692402382e-07  7.7998004499e-06  1.0408091298e-05  4.0831195950e-06  1.6081721099e-05 -1.1018837718e-05  4.0556279007e-06 -1.0557445760e-05 -6.6041925444e-06 -5.6451288456e-06  7.8027247845e-07

JOB 23
COORDS  1.7106753616e+00 -1.3032547872e+00 -4.5414218853e-02  2.9595903862e+00 -1.3722796402e+00  2.0005789961e+00  6.2691145156e-01 -7.4024278664e-01  6.1977053604e-01  1.8830024126e+00 -8.0848276964e-01  2.6835293341e+00  5.2616544628e+00 -2.5765104774e+00  5.4671620124e-01  4.0241910243e+00 -2.5083845320e+00 -1.4822002973e+00  6.3138499327e+00 -3.1387899171e+00 -1.7576933678e-01  5.1316476281e+00 -3.0737699338e+00 -2.1143943323e+00  2.9080399896e+00 -1.6365986674e+00  6.2002828228e-01  4.0590988678e+00 -2.2375814514e+00 -1.0152211532e-01  7.0714768664e-01 -4.8840415028e-01  1.9945802297e+00  6.2748051634e+00 -3.3945497233e+00 -1.4914787757e+00 -3.8702405020e-01  6.7218592006e-02  2.6048107946e+00  1.6073956484e+00 -1.4820653836e+00 -1.1097819662e+00  3.8509486612e+00 -1.6046641690e+00  2.5723888659e+00 -2.8747252653e-01 -4.9003249141e-01  9.0230446529e-02  1.9605395063e+00 -6.1856380610e-01  3.7528987514e+00  5.4020258959e+00 -2.4127702599e+00  1.6092567692e+00  3.1495313053e+00 -2.2887315733e+00 -2.0838641268e+00  7.2405702808e+00 -3.3976996388e+00  3.3478544304e-01  5.0950213193e+00 -3.2796604752e+00 -3.1833755612e+00 -1.9920937487e-01  1.8909079095e-01  3.5491449790e+00
ENERGY -5.546563489094e+02
GRADIENT  3.5396151404e-06  4.5897343880e-06  2.7562400483e-05  1.8657698344e-05 -3.3734352912e-06  2.0224558218e-05  1.1984812136e-05 -1.8368180691e-06  7.6558284528e-07 -3.4183994685e-06 -1.4527428481e-05 -5.6961287347e-05  1.1656400812e-05  5.8087791350e-06  4.0856499952e-05 -3.4851182301e-05  1.0209976118e-05 -1.5995837013e-05 -3.7527737095e-05  7.4665745511e-06 -3.4927228009e-05  1.5964002411e-05  4.5895274226e-06  4.9300265982e-05  1.4478840136e-05 -1.0133250622e-05 -1.1931266387e-05  2.7571074595e-05 -1.2936557457e-05 -1.6548410525e-05 -3.0153014974e-05  2.2694297680e-05  2.4868494099e-05  2.1920738346e-05 -1.1774210165e-05 -1.4583496550e-05 -2.1246346328e-05 -1.6577012270e-06  1.2328371564e-05  3.7111926806e-06 -2.4652779042e-06 -1.0524350846e-06 -1.0277138001e-06  2.1543587757e-07 -2.4881438525e-06 -7.7474260230e-07  3.1722271134e-06  7.3181460211e-06 -2.0163155003e-06  1.0391472705e-07 -6.0307967442e-06  1.4729340033e-06 -2.2138913772e-06  2.1056874792e-06 -1.1738265296e-05  3.1928708875e-06 -1.4044282743e-06 -3.6365754384e-06  8.5332007591e-07 -4.4033142861e-06  9.1153400620e-07  7.0556225026e-07  5.5890820553e-06  4.2513259908e-07  7.8488188262e-06 -1.0781719343e-06

