JOB 0
COORDS  1.0658767485e+00  2.8208891257e-01  1.7169873373e+00 -7.4652609146e-01 -1.2931649323e+00  1.5690038253e+00  4.2002348029e-01 -1.1409575666e+00  3.5718074974e+00  3.9149567522e-02 -2.9791152183e-01  9.5008774078e-01  1.2329591527e+00 -1.4212936968e-01  3.0299819711e+00 -1.2281289785e+00 -4.8992587812e-02 -1.2053479404e+00 -1.1242189837e+00  6.3026180873e-01 -2.5608254118e+00 -5.5994285335e-01 -1.6815077816e+00  2.8369101975e+00 -1.3761610371e-01  1.5408903976e-01 -3.7290212056e-01 -2.1925309254e+00 -7.3458710162e-01 -8.9311370328e-01  3.2579787547e+00  2.5503674402e-01  4.0077421553e+00  1.7098327901e+00  1.0454729851e+00  1.2881725971e+00 -1.5439768859e+00 -1.7770872815e+00  1.0190377258e+00  5.4286962950e-01 -1.4936573497e+00  4.5922292063e+00 -1.0084880214e+00 -1.4028628852e-01 -3.3287614491e+00 -2.9387384311e-01  1.3369564617e+00 -2.6446022485e+00 -2.0631332527e+00  1.1520885085e+00 -2.7580365403e+00  5.8089156846e-01  7.7844561418e-01 -7.1660171421e-01
ENERGY -7.440912510249e+03
GRADIENT -1.1439445762e-03  1.0084079650e-03  5.7232210196e-04  2.4665163069e-04 -3.0989212031e-05  1.5267876070e-04 -2.5909353735e-04  1.9279206474e-04 -3.9854928588e-05  9.8162810708e-04 -6.9273849909e-04 -6.0597493031e-04  2.0140334408e-04 -1.9366769927e-05  8.0886959787e-05 -6.6490447435e-04  1.6062728892e-03  6.0060643510e-04 -4.6013308463e-05 -2.0175333477e-05 -2.9029211467e-05 -4.5196570687e-05 -9.5474537596e-05  4.9529410660e-05  7.3697701842e-04 -1.8970780497e-03 -6.9512559831e-04  1.1847214690e-05  6.8089254162e-06 -9.8544107024e-06  1.3838531761e-05  3.3984667581e-05  3.3739599162e-05 -2.6076688423e-05 -5.4834013141e-06  1.0160545741e-05  1.0324222433e-05  3.2133571763e-05  3.0221599216e-05  7.6948160460e-05 -6.2674655483e-05 -4.0801796859e-05  1.1984588882e-05 -6.4156206807e-07 -9.5415569809e-06 -8.6895167508e-06  7.4187907225e-07  7.2528022153e-06 -6.7832298253e-07 -9.1944850841e-06 -1.1769772368e-05 -4.3760303103e-05 -1.2275190235e-05 -6.5976670306e-05

JOB 1
COORDS  1.0494859566e+00  2.7830364598e-01  1.7066088639e+00 -6.8283530555e-01 -1.3810549348e+00  1.5222550379e+00  3.9623937131e-01 -1.1371622086e+00  3.5619095167e+00  8.1634230753e-02 -3.6415010449e-01  9.1626786938e-01  1.1897474479e+00 -1.1622460504e-01  3.0329483998e+00 -1.2488464009e+00  3.8324744624e-03 -1.1714162592e+00 -1.1491332507e+00  6.5717878843e-01 -2.5395679113e+00 -5.3260419897e-01 -1.7351343988e+00  2.8041741811e+00 -7.8288329250e-02  4.3917732756e-02 -4.2496231040e-01 -2.2729982785e+00 -5.3844780532e-01 -7.8033569684e-01  3.1425960491e+00  3.9391822636e-01  4.0724580417e+00  1.6720816575e+00  1.0632770183e+00  1.2856266155e+00 -1.4365354867e+00 -1.9108193795e+00  9.5180989441e-01  4.9481120843e-01 -1.4651866270e+00  4.5932577729e+00 -1.2081644903e+00 -1.2369022357e-01 -3.3034385569e+00 -2.3125598474e-01  1.2309444118e+00 -2.6951847751e+00 -2.0123956032e+00  1.3129236183e+00 -2.6724566917e+00  6.7468608030e-01  6.0692049919e-01 -7.9986051306e-01
ENERGY -7.440911389878e+03
GRADIENT -1.3493518144e-03  1.3476487650e-03  7.5435886246e-04  9.6514799657e-06 -1.7592565510e-04 -2.5558652073e-04  3.2214209745e-04 -1.7827390774e-04 -1.9004976771e-04  1.6471679168e-03 -7.0902359156e-04 -2.5592148103e-04 -1.2299504383e-04  2.9971976087e-04  1.1666406467e-04 -5.6481957821e-04  2.1362321375e-03  7.5453452772e-04  7.1148367349e-06 -4.5907482845e-06 -9.6818632928e-06 -4.0953886357e-05  1.6310387981e-04  2.2945221286e-05  1.6116990961e-04 -2.8360297054e-03 -9.5014719235e-04  2.9351223648e-05 -1.0123679842e-05  5.7531324324e-06 -1.4328280126e-05 -9.8534146448e-05 -9.8662292765e-05  2.4666036176e-05 -2.2289584664e-05  6.0616299043e-06 -8.3631213540e-06 -4.0669949312e-06 -1.9024740809e-05 -9.3578054588e-05  9.4390196373e-05  2.4805456330e-05  2.8196753764e-05  9.5583881550e-07 -4.2994700034e-06 -1.5729624872e-06  1.5728963007e-05  3.9251993611e-06 -4.7708810249e-06 -1.7380778195e-05 -1.0967731848e-06  4.4545231435e-05  1.1024456819e-05  7.5590281771e-05

JOB 2
COORDS  1.0248701719e+00  2.9913005771e-01  1.6973805991e+00 -6.0666558934e-01 -1.4549069775e+00  1.4901868324e+00  3.8062774492e-01 -1.1139887487e+00  3.5578511578e+00  1.2565712156e-01 -4.1387613692e-01  8.9030883764e-01  1.1408133235e+00 -6.4502067168e-02  3.0366696413e+00 -1.2482469174e+00  6.9565460250e-02 -1.1287431560e+00 -1.1566826644e+00  6.7754232374e-01 -2.5179000288e+00 -4.9045762692e-01 -1.7763148101e+00  2.7832182269e+00 -2.8910998009e-02 -5.7901340816e-02 -4.6966891377e-01 -2.3059698368e+00 -3.1285842253e-01 -6.5055641345e-01  3.0187706102e+00  5.7242997003e-01  4.1307400777e+00  1.6126580967e+00  1.1130810832e+00  1.2819315471e+00 -1.3084613386e+00 -2.0364465443e+00  9.0184539366e-01  4.6196051941e-01 -1.4187586003e+00  4.5978481876e+00 -1.3877715615e+00 -9.8937752433e-02 -3.2529719042e+00 -1.7781942139e-01  1.1036077883e+00 -2.7549446173e+00 -1.9207323781e+00  1.4529271464e+00 -2.6069530565e+00  7.5635454351e-01  4.2762588579e-01 -8.8526856430e-01
ENERGY -7.440909935021e+03
GRADIENT -1.9922776544e-03  1.8064472192e-03  6.7990584002e-04 -5.9304746355e-05  6.1769029067e-05 -3.5820888192e-05 -4.8832212466e-05  3.5518524673e-05  1.2305948557e-04  3.1778475274e-03 -1.0523914496e-03 -5.3584738861e-04 -5.9273046615e-05  2.2161625711e-05  3.6728981890e-06 -1.7572203873e-04  2.8588573173e-03  6.8308550697e-04 -1.0732902470e-05  1.3451242850e-05  6.7709404479e-07  8.7421423348e-05 -1.4488186389e-06 -2.8448127113e-05 -9.5303522668e-04 -3.7667533837e-03 -9.1441382414e-04  3.2559453121e-05  5.6668963403e-05  1.2400124446e-05 -5.5252783642e-05 -6.5257359770e-05 -7.8843694148e-05  1.7475032896e-05  8.5003724145e-06 -5.2371881066e-06  4.6644502689e-06 -7.5268427734e-06 -5.5810433210e-06  5.3172828037e-05 -4.0360956221e-05 -3.5876013207e-06  3.3124438335e-05 -3.5456033526e-06  1.2674915579e-07 -4.9553668291e-07  2.4252492502e-05  1.1598511330e-05 -8.7401308892e-06 -1.3962347920e-05 -9.4173280168e-06  6.6808234809e-05  5.1307599987e-05  1.2625495521e-04

JOB 3
COORDS  9.6534044229e-01  3.4031326302e-01  1.6866176258e+00 -5.3331453971e-01 -1.5229113709e+00  1.4552658653e+00  3.6645096609e-01 -1.0995125563e+00  3.5426279685e+00  1.4403086139e-01 -4.4311728316e-01  8.6506217339e-01  1.0695706209e+00 -5.5326884128e-03  3.0331952715e+00 -1.2405843974e+00  1.7328814225e-01 -1.0923084676e+00 -1.1577355414e+00  6.9185429671e-01 -2.5176473891e+00 -4.3860972173e-01 -1.8271149289e+00  2.7537113650e+00 -1.2585215504e-02 -1.3090512333e-01 -5.1045108229e-01 -2.3053635058e+00 -2.6596488938e-03 -5.1929647164e-01  2.8589751427e+00  7.7210417927e-01  4.1730598706e+00  1.5029538625e+00  1.1913835997e+00  1.2783876487e+00 -1.1780407191e+00 -2.1528745121e+00  8.4891112513e-01  4.3842293812e-01 -1.3883384265e+00  4.5878938814e+00 -1.5799721616e+00 -6.3606361011e-02 -3.1866492776e+00 -1.4159513904e-01  9.2379342250e-01 -2.8487493898e+00 -1.7788745133e+00  1.5867164484e+00 -2.5976208349e+00  8.1110813315e-01  2.1636050945e-01 -9.8616326619e-01
ENERGY -7.440908112788e+03
GRADIENT -2.2967028906e-03  1.7451591551e-03  6.8740683959e-04 -2.5279971704e-05 -1.5941380284e-04 -1.0805003646e-04  4.3873258252e-05  6.6893540656e-05  1.2323843792e-04  3.6524111317e-03 -1.0856008968e-03 -6.8346202128e-04 -1.5902075570e-05  2.7915352161e-05  3.3020122083e-05  5.5606790897e-04  2.8260560210e-03  7.0627234366e-04  7.9664706914e-06  3.0512091244e-05  3.1220728351e-05  1.5518993219e-06  7.6969012138e-05 -5.3594877757e-05 -1.8434138949e-03 -3.4161703036e-03 -6.5768796357e-04 -6.1222313011e-05  2.7668431542e-05  3.7314532805e-05 -5.9269225033e-06 -6.4156746424e-05 -5.2574712419e-05  1.0358275176e-05 -1.3940677566e-05  2.6374743039e-06 -2.5228954081e-06  6.1632858467e-07 -2.3244414671e-05  4.2708393100e-05 -3.3567469825e-05 -1.9749246484e-07  3.3201216067e-05 -2.5196431400e-05 -2.4139927517e-06  6.2301996690e-06  1.7280861872e-05  3.2819597984e-06 -1.3717066864e-05 -2.9151644069e-05  8.4558278055e-06  8.1090226453e-06 -9.3537568899e-05 -1.4266896535e-05

JOB 4
COORDS  9.2186992760e-01  3.5151982957e-01  1.7114006728e+00 -4.1235082655e-01 -1.6258959462e+00  1.4480364767e+00  4.0621159017e-01 -1.1419984789e+00  3.5509437152e+00  1.8041946908e-01 -4.9141605643e-01  8.7496505418e-01  1.0229444756e+00  1.1425386522e-02  3.0594524521e+00 -1.1732316114e+00  2.9988242569e-01 -1.0283475686e+00 -1.1181870380e+00  6.8864270562e-01 -2.4959760405e+00 -3.1462810155e-01 -1.9357455265e+00  2.7455700509e+00  1.7440594399e-02 -1.9398142362e-01 -5.0874017368e-01 -2.1953068503e+00  3.8209908453e-01 -3.6311553700e-01  2.7161716915e+00  9.3084455785e-01  4.2423619965e+00  1.3981253699e+00  1.2412844351e+00  1.3103260207e+00 -9.8507689227e-01 -2.3062297474e+00  8.2196886665e-01  4.8159076357e-01 -1.4261868324e+00  4.5973354362e+00 -1.7238970236e+00 -2.1864450618e-02 -3.0659458666e+00 -1.0753852442e-01  7.0051184410e-01 -2.9137515134e+00 -1.5711835107e+00  1.6756981007e+00 -2.6118271471e+00  8.5807423235e-01 -6.4541808361e-02 -1.0576781986e+00
ENERGY -7.440906924900e+03
GRADIENT -9.3413368400e-04  5.9244927188e-04  2.6269851100e-04  3.5523997165e-05  1.0243426471e-04  1.4019188444e-04 -2.2084207864e-04  9.1039038578e-05 -1.6241600585e-04  1.7394859524e-03 -3.9376687726e-04 -2.3795785201e-04  5.9637762001e-05 -2.5421200381e-05  9.1004668177e-06  4.3011023194e-04  1.2538672806e-03  1.0162750995e-04 -4.0452410626e-05 -2.7512593579e-05 -2.4056332002e-05  4.3275937301e-05 -1.3805991407e-04  3.6935872489e-05 -1.1480146420e-03 -1.4051661875e-03 -8.5145645333e-05  1.3229786576e-05  1.6095679557e-05 -8.4861951179e-06  8.8261237266e-06 -5.5907069917e-06 -3.8219530296e-06 -6.9721760388e-06  7.1645649652e-06 -5.7227101654e-06  9.7341457479e-06 -3.8519987267e-06  2.2534666185e-05  6.7050551012e-05 -4.5152699704e-05 -3.3829331460e-05 -1.7001668333e-06  6.5833276598e-06 -2.4292570631e-05 -7.1649519985e-06  3.2502893846e-05  2.0979409578e-05 -1.9880632337e-05  1.3961855783e-06  1.2357293162e-05 -3.1412474510e-05 -4.4980877133e-05 -5.1264281241e-05

JOB 5
COORDS  1.6766851587e+00 -3.2370820736e-01  1.5726043456e+00 -6.6692774751e-01 -8.3785662289e-01  1.5904007586e+00  5.0536337353e-01 -1.0704627551e+00  3.5630395054e+00  4.6289131000e-01 -4.1040618045e-01  8.8013789165e-01  1.6760235340e+00 -6.4258648923e-01  2.9290077921e+00  1.3300906229e-01  1.2052106137e+00 -9.4202042683e-01 -1.8381573236e-01  1.3240432305e+00 -2.4230513594e+00 -6.5138842257e-01 -1.1535771892e+00  2.8913849955e+00  4.0060091694e-01 -8.9053731510e-02 -5.1031615803e-01  1.5694401847e-01  2.1631033501e+00 -1.8349266451e-01  3.6677999035e+00 -1.1657070267e+00  3.8809148911e+00  2.5767168776e+00 -1.8886385339e-02  1.0489761369e+00 -1.6241273573e+00 -9.3056052210e-01  1.0788246778e+00  4.9342944262e-01 -1.3339725066e+00  4.6174160471e+00 -1.2704012989e+00  1.2940349469e+00 -2.5576642989e+00  2.6220382206e-01  5.2344961149e-01 -3.0204212985e+00  1.7276416176e-01  2.2902337956e+00 -2.7824026857e+00  1.9631612079e-01 -8.4623457961e-01 -1.1516629761e+00
ENERGY -7.440906430795e+03
GRADIENT  3.0080747951e-04 -1.5380327449e-03 -3.6299030980e-04 -1.1647461702e-04  1.1545742547e-04 -2.6690994744e-05  1.0731719340e-04 -3.5218762363e-04 -9.3353712284e-05 -1.2048222837e-03  2.0856866943e-03  6.1295975090e-04 -3.1687339439e-06  8.5145697377e-05  7.1147951514e-06 -1.5397090624e-03 -3.1745573979e-04 -8.7636210311e-06  4.3662357669e-07 -3.9991876022e-05  1.3852719593e-05  3.6132560951e-05  5.8918091080e-05 -1.0911329083e-05  2.3975798502e-03 -3.2318226362e-04 -1.4755842140e-04  6.5176005404e-05  6.9422455737e-05  1.8178989954e-05  3.2390666676e-05  1.3326535301e-05  1.3975998473e-05  8.8141575616e-06 -1.1992779209e-08  5.8734067690e-06 -1.8857169659e-06 -1.7044048898e-05 -7.4483297889e-06 -2.7046400104e-05  1.5600225066e-04  3.7987630709e-05  3.8590327357e-06 -4.6327848394e-05  9.5340638362e-07  2.4923521183e-05  5.8251952239e-06 -9.2833271987e-06 -2.1505584485e-05  4.8456347571e-06  2.3834409462e-05  3.0346519882e-06  3.7163476992e-05 -3.9053506231e-05

JOB 6
COORDS  1.6472104602e+00 -2.5450040197e-01  1.5851377706e+00 -6.4436469858e-01 -9.6905925483e-01  1.5898075565e+00  5.3138978538e-01 -1.1060617831e+00  3.5682671445e+00  4.4613287767e-01 -4.3932696823e-01  8.8636439990e-01  1.6639963039e+00 -5.7670877883e-01  2.9398717642e+00  2.9510301015e-01  1.1858840853e+00 -9.5218362038e-01 -1.6705965487e-01  1.3385123108e+00 -2.3907846648e+00 -6.0751189683e-01 -1.2919227211e+00  2.8885495117e+00  3.5886531434e-01 -1.3334817479e-01 -5.0192126236e-01  5.9453516972e-01  2.1334525520e+00 -2.4246445102e-01  3.6835746699e+00 -9.3666358394e-01  3.9054717149e+00  2.5243591368e+00  1.1826078288e-01  1.0680523433e+00 -1.5877243189e+00 -1.1490055497e+00  1.0743356587e+00  5.3812753153e-01 -1.3741861909e+00  4.6213859594e+00 -1.2507208517e+00  1.4986205643e+00 -2.4003791677e+00  6.0097589411e-02  4.6245810984e-01 -3.0052049144e+00  3.0692842803e-01  2.2213113489e+00 -2.8215961591e+00 -1.1392218766e-01 -8.2229840633e-01 -1.0759233537e+00
ENERGY -7.440907782845e+03
GRADIENT  7.5378990831e-04 -2.5552174592e-03 -5.6885052873e-04  7.8136083038e-05  1.6529210223e-05  9.7134906617e-05 -1.2720874443e-05  2.5186898260e-05 -4.4823282388e-05 -2.5104412134e-03  3.8448517076e-03  9.2686970570e-04 -2.2787984978e-05 -1.0021318989e-05 -2.4789183406e-05 -2.7544509912e-03 -2.0516313930e-04  1.3766393667e-04 -6.2297806062e-06  7.6778588666e-05 -1.1784642157e-05 -3.9922918712e-05 -3.2574870988e-05  1.6635169987e-05  4.4696032602e-03 -1.1239355807e-03 -4.7127646838e-04  1.3846543364e-05 -3.1451678037e-05 -1.4151746668e-06  3.9150271541e-05 -9.9780423419e-06  1.8465737746e-05  1.3446594279e-06 -3.7006736304e-06  3.0653810005e-06  1.0971194351e-05 -4.0584217840e-06  2.3478531149e-05  4.0789178530e-07 -4.6799539443e-06 -4.6943688441e-06  2.9206279139e-07  3.6029916529e-06  8.3078915536e-06  6.8837206274e-06  1.1958492522e-05  1.1266684493e-05 -9.3565598643e-06  1.0523595857e-05 -5.7234930159e-06  3.2890261830e-05  1.6019753115e-05 -9.2644329692e-07

JOB 7
COORDS  1.5784123807e+00 -1.8800987284e-01  1.5893719115e+00 -6.4852579196e-01 -1.0899973823e+00  1.5792962703e+00  5.2776627233e-01 -1.1521929733e+00  3.5609095574e+00  3.9555021352e-01 -4.6094363701e-01  8.8467177435e-01  1.6146940205e+00 -5.2754510809e-01  2.9393985582e+00  3.9464247917e-01  1.1465157084e+00 -9.8855255856e-01 -1.4969615098e-01  1.3379649248e+00 -2.3931116995e+00 -5.8892346460e-01 -1.4241929570e+00  2.8733647300e+00  2.6857625616e-01 -1.5351516847e-01 -4.9427301426e-01  9.0339130489e-01  2.0490597374e+00 -3.4210284968e-01  3.6480630461e+00 -7.2182200298e-01  3.9110573845e+00  2.4266849215e+00  2.6079737014e-01  1.0867844524e+00 -1.5728110527e+00 -1.3432844925e+00  1.0589497104e+00  5.5376807744e-01 -1.4289156924e+00  4.6112975862e+00 -1.1880485145e+00  1.6809146112e+00 -2.3277058244e+00 -1.2365285838e-01  4.2056563800e-01 -2.9882832892e+00  4.3003066716e-01  2.1150529196e+00 -2.8927084989e+00 -3.5912387022e-01 -7.5773858479e-01 -1.0127782975e+00
ENERGY -7.440909430428e+03
GRADIENT  9.7705086089e-04 -2.7031786688e-03 -6.5975225581e-04 -6.0221155198e-05  2.6908312568e-05 -9.6399437498e-05  1.7467341567e-04 -2.9516523986e-04  3.6105347880e-05 -3.0905780934e-03  4.1673391320e-03  1.2927329186e-03 -3.0511447000e-05  1.1368081466e-04  1.0802999934e-05 -2.9037465475e-03  4.4836491500e-04  3.1278821609e-04  5.4212662673e-07 -1.6480629054e-05  3.2988972745e-06  3.3593459700e-05  1.1631140664e-04 -6.5669112698e-06  5.0385345913e-03 -1.9571763429e-03 -9.1756659341e-04  3.2052036743e-06  3.1584676953e-05  1.6939940443e-06 -1.7079160478e-05 -2.2456021271e-05 -2.8459665204e-05  3.5978980640e-07 -1.5658161309e-05 -4.6440985538e-06 -2.9823455278e-06  1.5784351987e-05 -1.8388829100e-05 -3.7427499099e-05  1.1744101354e-04  4.0305906253e-05  1.0176859826e-05  2.3230310229e-05 -6.3745398310e-07 -1.0374265790e-05 -3.7689678209e-07  3.3738308104e-06  1.7428363484e-05 -3.3955427948e-06 -1.6785536515e-06 -2.3893703567e-05 -5.1617141477e-06  6.6170937572e-06

JOB 8
COORDS  1.5480992488e+00 -1.0469828859e-01  1.6251831501e+00 -6.1077911500e-01 -1.1642605690e+00  1.6003922342e+00  5.7486832768e-01 -1.1973664166e+00  3.5753498294e+00  3.8114766132e-01 -4.3921347564e-01  9.1760585109e-01  1.6102333601e+00 -4.8298372148e-01  2.9645619247e+00  4.9242911288e-01  1.1320875705e+00 -1.0034564530e+00 -1.2767487346e-01  1.3648613513e+00 -2.3700484248e+00 -5.2273687358e-01 -1.5292879749e+00  2.8825886820e+00  1.9685615650e-01 -1.1005769270e-01 -4.4423790013e-01  1.1899210814e+00  1.9632290431e+00 -4.4097549217e-01  3.6564210317e+00 -5.5893887758e-01  3.9279208267e+00  2.3584825577e+00  4.1860262417e-01  1.1345618381e+00 -1.5169345707e+00 -1.4705727228e+00  1.0758321342e+00  6.2640721467e-01 -1.5003460412e+00  4.6173035917e+00 -1.0890097634e+00  1.8741569333e+00 -2.2417388935e+00 -2.9768198601e-01  4.3797196290e-01 -2.9256379454e+00  5.2648393358e-01  2.0206432500e+00 -2.9458194755e+00 -5.2736662727e-01 -6.3929399757e-01 -9.1605663250e-01
ENERGY -7.440911188561e+03
GRADIENT  1.1645271844e-03 -2.5704757619e-03 -8.5560704229e-04  8.0255814349e-05  2.1387376015e-05  1.9422322659e-04 -1.9440788639e-04  2.0431832058e-04 -7.0616280180e-05 -3.3201503334e-03  4.4460736941e-03  1.4360422252e-03  6.4236741217e-05 -1.3323889705e-04 -1.1507041497e-05 -2.7974990656e-03  8.6706749883e-04  5.6763055359e-04  1.4176483662e-05  3.9332964198e-05 -1.0499830165e-05 -5.8338520545e-05 -8.6322860978e-05  2.3073475894e-06  4.9330310419e-03 -2.8409290558e-03 -1.2773023301e-03 -1.3973426220e-06 -7.8835538249e-06  2.6669635439e-05  5.7051113715e-05  2.2223193723e-05  5.7980296544e-05 -2.8696502809e-06  1.6693090343e-05 -1.9497636139e-05 -1.1853343662e-06  1.7950192842e-05  2.0547644416e-05  3.5404450042e-05 -8.5032599950e-05 -3.8326667467e-05  1.0719311734e-05  2.4349294932e-05 -2.9695472365e-06 -1.3433251610e-05  7.3331790779e-06 -8.1054847020e-07  9.5536097808e-06 -8.3685871184e-06 -1.4462416927e-05  1.6382625764e-05  4.8366098229e-05 -6.2500262502e-05

JOB 9
COORDS  1.4953534573e+00 -5.5293985194e-02  1.6428630383e+00 -6.0490230278e-01 -1.2278376560e+00  1.5707589414e+00  5.8372913725e-01 -1.2868735681e+00  3.5437453681e+00  3.4592843955e-01 -4.1957459532e-01  9.1941570522e-01  1.5773230910e+00 -4.9392720767e-01  2.9631771638e+00  5.6239169401e-01  1.1119620643e+00 -1.0473931780e+00 -9.0995308382e-02  1.3833185423e+00 -2.3916283740e+00 -4.9807371164e-01 -1.6403606767e+00  2.8355513821e+00  1.1390602130e-01 -4.3722482318e-02 -4.1923748311e-01  1.4037835579e+00  1.8546465371e+00 -5.6031447319e-01  3.6335994269e+00 -5.2304525676e-01  3.9224605985e+00  2.2717787319e+00  5.3549117171e-01  1.1757676075e+00 -1.4949471763e+00 -1.5585083139e+00  1.0329021368e+00  6.5087808427e-01 -1.6301813856e+00  4.5721623435e+00 -9.4435879120e-01  2.0535818936e+00 -2.2425450047e+00 -4.4575391815e-01  4.7580855761e-01 -2.8889495430e+00  6.2857724784e-01  1.8923972306e+00 -3.0340206870e+00 -6.6615102151e-01 -5.1394524332e-01 -8.6269373589e-01
ENERGY -7.440912753264e+03
GRADIENT  1.1381858468e-03 -2.0301610868e-03 -7.7949960660e-04 -4.6084052610e-06 -6.1075001732e-05 -1.7099568280e-04  8.3628472817e-05 -1.0365355707e-04  9.9365682302e-05 -3.1908008639e-03  3.8877388662e-03  1.7560216187e-03  1.4198987339e-06  5.2802734009e-05  2.7481523174e-05 -2.1313857892e-03  1.2739423609e-03  7.2499823524e-04  1.1264684703e-06  1.4045101987e-05  7.5588472104e-07  2.5069642365e-05  8.7239247655e-05  1.5965446738e-05  4.1691102912e-03 -3.0206971897e-03 -1.6845003318e-03 -1.6202391839e-05 -3.2300318428e-05 -3.6391659181e-05 -7.2943653464e-05 -8.6251612892e-05 -9.1245048934e-05  1.3783052795e-05 -4.7931805640e-05 -4.0007065561e-06 -2.2756750355e-05  2.9263172248e-05 -1.3354705479e-05 -1.7693376398e-05  2.5324166953e-05  2.5989459756e-05  5.8521145254e-07  6.7398878543e-07 -4.4246809851e-07  1.9742924902e-06  3.7136707400e-06  4.1150051610e-06 -9.8437804600e-07  4.2435227919e-07 -1.3387094574e-06 -2.2378462100e-05 -8.3853315043e-05  8.8564315148e-05

JOB 10
COORDS  1.4420603432e+00  3.7601777715e-02  1.6773280929e+00 -5.7910342117e-01 -1.2667913222e+00  1.5693329469e+00  6.2231661825e-01 -1.3231528637e+00  3.5340633975e+00  3.1436777292e-01 -3.7475585405e-01  9.4362806656e-01  1.5571876151e+00 -4.4587357565e-01  2.9794837477e+00  5.9426563341e-01  1.0868936692e+00 -1.0806971230e+00 -7.6663104972e-02  1.3692477735e+00 -2.4142541992e+00 -4.4127053481e-01 -1.7154004730e+00  2.8175968774e+00  3.2677018423e-02  3.4786614284e-02 -3.7322366438e-01  1.5382004215e+00  1.7477693464e+00 -6.6669554993e-01  3.6313493557e+00 -3.9415498015e-01  3.9325209465e+00  2.1703277380e+00  6.9970689180e-01  1.2287441785e+00 -1.4508395114e+00 -1.6322923097e+00  1.0237062735e+00  7.1783163268e-01 -1.7018655488e+00  4.5476538335e+00 -8.2682660567e-01  2.1549426787e+00 -2.2748271618e+00 -5.6936347398e-01  4.9288633768e-01 -2.8455760053e+00  6.7573571875e-01  1.7421154394e+00 -3.1103237029e+00 -7.8041277147e-01 -4.0062945545e-01 -7.9118969920e-01
ENERGY -7.440914067763e+03
GRADIENT  1.3526680191e-03 -1.5997217777e-03 -9.6061382560e-04 -1.0481892636e-05 -1.1732509684e-04  1.5015433957e-05 -3.9452771291e-04  4.2615798831e-04  1.1161919941e-05 -2.6401042442e-03  3.3353891033e-03  1.8191580936e-03 -8.2785114651e-06 -2.3196584740e-04 -1.2107333372e-04 -1.6281594474e-03  1.3765104355e-03  6.8455321618e-04  3.6052086309e-05  1.8598256468e-05 -1.5975352585e-05  1.2491368311e-05 -1.2125775802e-04  1.3629890019e-05  3.1325135623e-03 -3.1144067704e-03 -1.3946110099e-03  2.6692643669e-05 -8.6143766726e-05 -9.5923695151e-06  5.6672514678e-05  1.6444186940e-05  8.3410339401e-05 -8.1420599262e-06  4.4711042090e-05  1.1315848951e-05 -4.2734482078e-05  1.0621050236e-05  3.7840033702e-05  1.0892712673e-04 -1.9213155839e-04 -9.0971452601e-05 -1.5236931852e-05 -1.4292550261e-05  1.9764182443e-05  2.0142295447e-05 -4.2451430291e-06 -5.3758001985e-06 -6.3227598813e-07  2.6298386654e-05  1.3886441387e-05  5.0995128709e-06  9.9513406411e-05 -5.7501566724e-05

JOB 11
COORDS  1.2943025941e+00 -5.3193684327e-01  1.1868679894e+00 -8.9777748306e-01 -4.2739313787e-01  2.1758877584e+00  8.7751551798e-01 -9.1036619642e-01  3.5646296559e+00 -8.7287502729e-02 -3.1277331500e-01  1.0287841025e+00  1.7447208529e+00 -8.1475662336e-01  2.4744144696e+00 -1.1830287891e-01  1.7419204535e-01 -1.4358932245e+00 -1.0835965314e+00  5.4290746566e-01 -2.5494671884e+00 -4.3685091201e-01 -6.9997389335e-01  3.3972268879e+00 -7.0625163123e-01  1.0819288353e-02 -1.9286798229e-01  1.0837383773e+00  4.5413986015e-02 -1.6346577891e+00  3.7765144392e+00 -1.8651762757e+00  2.6646626448e+00  1.9521828701e+00 -4.7942357737e-01  3.2998653262e-01 -1.9771436518e+00 -2.8817798297e-01  2.0927501728e+00  1.2311155900e+00 -1.1362101292e+00  4.5665630952e+00 -8.3359060430e-01  1.5457709283e+00 -2.9071637783e+00 -2.1359779910e+00  5.2599382572e-01 -2.2527584436e+00 -9.3457721895e-01 -1.4965628807e-01 -3.3810920431e+00 -1.7091253810e+00  1.3887882587e-01 -1.4534376011e-01
ENERGY -7.440914945538e+03
GRADIENT -4.6448293716e-05 -6.1112254967e-04 -1.3135344094e-04  1.4043653725e-05  4.8473794423e-05 -9.5457691358e-06  7.2930850872e-05 -3.3577869441e-04  9.3341135285e-05  2.2260815541e-04  1.4231705909e-03  2.7855015157e-04 -9.7583601280e-05  1.5750443212e-04 -1.0697954060e-05  2.0246066122e-04  6.5608104896e-04  1.5102260626e-04 -5.6821056387e-05 -1.2154506347e-08  7.9112448710e-05  3.5708159395e-05  6.3686821661e-05 -5.0774176741e-05 -3.2290041923e-04 -1.4551623479e-03 -4.2179715960e-04  6.4409129886e-05 -4.8155153087e-05 -2.4804291694e-05 -1.4770351900e-04 -5.3720107631e-05 -3.8779529019e-05 -9.7253718982e-06 -6.4555031714e-05 -1.9455153490e-05 -4.2247711401e-06  4.2618783257e-06 -5.7133809288e-06  2.5841711927e-06  8.0326604858e-05  3.0246182443e-05 -8.5954089883e-06  9.4932171340e-06  2.5613668140e-05 -1.7812306250e-05 -2.5603155326e-06 -2.5862051796e-07  1.4417915113e-05  1.1816416084e-05  1.1655654486e-05 -2.1657410188e-05 -9.2511442595e-06  2.5537980795e-05

JOB 12
COORDS  1.2635563520e+00  9.3508893840e-02  8.0615170791e-01 -9.1990678677e-01 -2.3915485635e-01  1.7645154753e+00  9.0948647141e-01 -6.4336127315e-01  3.1075558850e+00 -1.3558754602e-01  1.3404540782e-01  6.5560428577e-01  1.7530615186e+00 -2.8886062659e-01  2.0524855235e+00 -2.4674066686e-01  6.8506971310e-01 -1.7898280750e+00 -1.2636614466e+00  9.7444709162e-01 -2.8807384464e+00 -4.2163880367e-01 -5.9841401596e-01  2.9488283654e+00 -7.9048371887e-01  5.3918347777e-01 -5.2291592591e-01  9.5073997789e-01  5.7897853540e-01 -2.0230171010e+00  3.9100722898e+00 -1.0522981143e+00  2.1397399738e+00  1.9072792647e+00  3.4050339103e-01 -2.7044400226e-02 -2.0081879581e+00 -2.4361798280e-01  1.6822453590e+00  1.2940178598e+00 -9.4638113107e-01  4.0772572220e+00 -8.3432728218e-01  1.7014905105e+00 -3.5721342112e+00 -2.2176314045e+00  1.3529580862e+00 -2.5026045539e+00 -1.4505842629e+00  5.2257758072e-02 -3.4402670494e+00 -1.7994853701e+00  5.9090507371e-01 -4.5779208105e-01
ENERGY -7.440914764677e+03
GRADIENT  2.8005618018e-04  1.3532506430e-03  1.2086523635e-04 -3.3103561384e-04 -3.8663535670e-04 -2.5240240242e-04  1.4486159113e-04  9.6733530858e-05  2.2048760720e-04  6.3621111132e-05 -2.6108281216e-03 -3.8946458638e-04 -1.9385832586e-04  2.7419214399e-04  6.1671370712e-05 -2.9371502402e-04 -1.2900320688e-03 -3.2462183553e-04 -6.1349697654e-07  3.7682566323e-05  2.3275347521e-05  1.3391455338e-04  1.0581080081e-04 -9.3922819602e-05  5.0974650104e-04  2.5391207766e-03  8.0071337872e-04 -2.5385575719e-07  1.6034118201e-05  4.9636433526e-05 -3.2895593356e-04 -1.9199848079e-04 -1.2159101862e-04  3.7709335121e-05 -4.7575315085e-05 -4.8802917057e-05 -3.6010615096e-05  8.9644787550e-05  2.2112623969e-05  2.4047202122e-06 -1.0712555840e-04 -2.0435610466e-06  1.4857031202e-05 -9.3857157891e-06 -3.0980534794e-06  2.6264994716e-06  2.6580977503e-05  1.6097155981e-06 -6.5838673845e-06  5.7607514301e-07  2.2185719017e-05  1.7821049103e-05  7.5842356866e-06 -7.1557987443e-05

JOB 13
COORDS  1.2661587651e+00  1.8090631721e-01  8.4029643049e-01 -9.1878752979e-01 -2.7488232618e-01  1.7393902360e+00  9.0170251058e-01 -6.8852728154e-01  3.0901640172e+00 -1.3023980497e-01  1.8239333634e-01  6.6771785640e-01  1.7524943519e+00 -2.5246331394e-01  2.0709970240e+00 -2.5635573357e-01  6.3362229965e-01 -1.7884719108e+00 -1.2718758664e+00  9.5186910932e-01 -2.8724579535e+00 -4.2718502313e-01 -6.7978849489e-01  2.9128665971e+00 -7.6868473804e-01  6.5483298912e-01 -4.9745270126e-01  9.1420985769e-01  3.7871802979e-01 -2.0377515954e+00  3.9302870364e+00 -9.1245304297e-01  2.1655692408e+00  1.9162657697e+00  4.8783074467e-01  3.2305906593e-02 -2.0044580752e+00 -3.1232711295e-01  1.6367195262e+00  1.2815168681e+00 -1.0271121202e+00  4.0499748720e+00 -7.9006611884e-01  1.5700036206e+00 -3.6318847770e+00 -2.1631497589e+00  1.4644503989e+00 -2.4995359676e+00 -1.5803527457e+00  1.6227355583e-02 -3.3500280884e+00 -1.7721639827e+00  7.6625315914e-01 -4.1833967083e-01
ENERGY -7.440913668210e+03
GRADIENT -1.8234527056e-04  2.1596180955e-03  9.9601766757e-04  7.4016219186e-05 -4.9897291250e-05  3.6583316807e-06 -4.3788478450e-05  1.5608348998e-04 -4.9833195829e-07 -5.1965839075e-04 -4.5838058865e-03 -1.6837213536e-03  6.2284393847e-05 -1.9429695326e-04 -4.9056946660e-05 -1.0215257311e-03 -2.2693282573e-03 -3.7029489680e-04 -3.5462867207e-06  5.1485091815e-07  3.9266182125e-06 -4.8481555992e-05 -2.3382343615e-05  2.6275126006e-05  1.5927375485e-03  4.8316944567e-03  9.2094608689e-04 -3.7265161339e-06 -2.1255990062e-05 -2.5638670992e-05  9.8460966267e-05  6.2197295102e-06  2.3865401266e-05 -1.0325424295e-05 -2.0410314129e-05  1.1824644781e-05  1.0938056063e-05  2.1789592634e-05  2.7341274192e-06  7.5436547918e-06 -3.7348081878e-05 -2.4196970901e-05  5.1032765311e-07  5.8076939030e-06 -3.2354893942e-06 -1.6768808137e-06  1.4260652400e-06 -4.2435591013e-07 -1.5633339863e-07  3.9472811210e-06 -5.8625276967e-06 -6.5790854988e-07 -1.3494342532e-05  8.7017211093e-05

JOB 14
COORDS  1.2770161225e+00  2.2935470469e-01  8.6218891162e-01 -9.1237061306e-01 -3.3536915702e-01  1.6848918314e+00  8.9200406145e-01 -7.7760553511e-01  3.0476156940e+00 -1.1376803840e-01  2.0238056859e-01  6.6212122753e-01  1.7539882874e+00 -2.6383663473e-01  2.0737217193e+00 -2.7360201418e-01  5.5334347640e-01 -1.7946258001e+00 -1.2689075804e+00  9.5372767948e-01 -2.8696730272e+00 -4.3266426467e-01 -7.9191429598e-01  2.8459035235e+00 -7.2417470805e-01  7.4622063462e-01 -4.9123580816e-01  8.3498482165e-01  1.0730938549e-01 -2.0527665641e+00  3.9406283879e+00 -8.5366490733e-01  2.1791639038e+00  1.9348292460e+00  6.0247287764e-01  8.8147658775e-02 -1.9935673267e+00 -3.9744911227e-01  1.5542674630e+00  1.2621947055e+00 -1.1585193002e+00  3.9954348635e+00 -7.2861131743e-01  1.4412155175e+00 -3.6829595387e+00 -2.0567232047e+00  1.6199407576e+00 -2.5069660731e+00 -1.7335327600e+00  4.8188752074e-02 -3.2732465589e+00 -1.7097145773e+00  9.5923799959e-01 -3.9351291382e-01
ENERGY -7.440912045008e+03
GRADIENT -1.1338571967e-04  2.6398129470e-03  1.1524172955e-03 -1.3623969744e-04 -4.8379373008e-05  3.1662634775e-05  9.0087670572e-05 -8.1274594771e-05 -2.4538723782e-05 -4.9120575524e-04 -5.4630232011e-03 -2.0599533080e-03 -1.4892150278e-04  6.3784441884e-05  5.8180681610e-05 -1.7988224575e-03 -2.4866721831e-03 -2.6413732130e-04  5.1115218082e-06 -3.6814679867e-06  1.3652933447e-06 -9.9199969810e-06  6.8478217695e-05 -7.2364429549e-05  2.7290484695e-03  5.3768121575e-03  1.2906447158e-03 -1.0319768998e-05 -2.5199258007e-05  1.2274862371e-06 -4.7995875827e-05 -4.9959547451e-06 -1.7624277597e-05  1.1730986705e-05  1.7952187828e-05 -1.4097836739e-05 -1.7073647766e-05  7.0130672862e-06  3.5280299352e-06 -1.6192409425e-05  2.4505392567e-05  1.5897090505e-05 -2.0241846679e-06  1.7001804507e-05  8.7507090287e-06 -5.3951676214e-06 -6.7144477057e-06  2.9098231110e-06  9.6902565422e-06  4.9593421435e-06 -1.3087225652e-05 -2.2365212233e-05 -4.7350614019e-05 -6.2194437245e-05

JOB 15
COORDS  1.2844745230e+00  3.1768914178e-01  9.0748825673e-01 -9.0039588261e-01 -3.8687185360e-01  1.6197079038e+00  8.8068234599e-01 -8.3620722581e-01  3.0112134653e+00 -9.4797148787e-02  2.4302460604e-01  6.5996500059e-01  1.7511693086e+00 -2.3007060709e-01  2.0988885360e+00 -3.0971091478e-01  4.8005156230e-01 -1.7894198097e+00 -1.2813353604e+00  9.3446301197e-01 -2.8641800059e+00 -4.3566791566e-01 -8.9145968648e-01  2.7687880675e+00 -6.7229939678e-01  8.3948137091e-01 -4.9079521539e-01  7.1588536730e-01 -1.3537090625e-01 -2.0374155997e+00  3.9553636655e+00 -7.3316648363e-01  2.2313093916e+00  1.9448221080e+00  7.7298030058e-01  1.7938548368e-01 -1.9724477933e+00 -4.8816991537e-01  1.4482252976e+00  1.2389053876e+00 -1.2600022935e+00  3.9455128451e+00 -7.1263271737e-01  1.2624073447e+00 -3.7358923096e+00 -1.9427257257e+00  1.7414570691e+00 -2.5365893063e+00 -1.8943962231e+00  7.9452799114e-02 -3.1676184534e+00 -1.6272886819e+00  1.1582839487e+00 -3.7520953866e-01
ENERGY -7.440910075912e+03
GRADIENT -3.9895380815e-04  3.1278304536e-03  1.7150531678e-03 -8.5410843105e-06 -1.5103684889e-05 -2.1255155806e-05 -7.4722073243e-05  2.0971446491e-04  1.2739024550e-04 -7.2470490159e-04 -6.0947363584e-03 -2.7548866104e-03 -9.7179680911e-05 -1.3787381650e-04 -6.9074444315e-05 -2.6085236091e-03 -2.7031025612e-03 -3.4356766116e-05 -1.8159783895e-05  1.1636658485e-05  2.6058104675e-05  2.5231400716e-06 -5.1962867318e-05  2.4317587588e-06  3.8840470275e-03  5.7405168893e-03  9.0139216225e-04 -4.8273361810e-05 -1.1051325396e-05  8.4867317629e-07  9.1271330610e-05  1.5349788523e-05  4.3998777757e-05 -5.6882220984e-06  2.0953069564e-05  1.1671861352e-05 -6.8894851319e-06  1.1195101496e-05  2.5913503884e-05  1.8424796116e-05 -8.1956688283e-05 -4.0249202570e-05  6.3674077288e-07  2.3998099986e-05  7.4626456493e-06 -1.4148662043e-05 -1.2114698077e-05  7.6264372278e-06  2.0721721524e-05 -4.1407370553e-06 -1.0715343225e-05 -2.0955681067e-05 -4.0390961514e-05  1.0484226072e-04

JOB 16
COORDS  1.2999437003e+00  4.1021208891e-01  9.5922002344e-01 -8.6892341391e-01 -4.3603193651e-01  1.5435541105e+00  8.8160971810e-01 -8.7434459944e-01  2.9786579035e+00 -6.0679673528e-02  2.8061369939e-01  6.5085176301e-01  1.7540383211e+00 -1.7599727977e-01  2.1370726783e+00 -3.7736315146e-01  4.0425619648e-01 -1.7853633769e+00 -1.3111957020e+00  9.4113435170e-01 -2.8558961316e+00 -4.2087932884e-01 -9.7989496883e-01  2.6824493527e+00 -6.0632488402e-01  9.0947050614e-01 -5.0549163545e-01  5.1732220222e-01 -3.9304203096e-01 -2.0211056819e+00  3.9759522439e+00 -5.8391933934e-01  2.3117769088e+00  1.9592499284e+00  9.4146335162e-01  2.8182498025e-01 -1.9260601851e+00 -5.8201140754e-01  1.3219258028e+00  1.2262932846e+00 -1.3332713418e+00  3.9015430731e+00 -7.3884119786e-01  1.1067475118e+00 -3.7701487362e+00 -1.8127988866e+00  1.8690479040e+00 -2.5670356638e+00 -2.0713675378e+00  1.8291441693e-01 -3.0707121745e+00 -1.4888772304e+00  1.3886062324e+00 -3.6913360772e-01
ENERGY -7.440907832869e+03
GRADIENT -7.6288259918e-04  2.9714033823e-03  2.0794037526e-03 -1.0421820925e-05  3.4853458707e-05  1.5784309302e-05  2.0937323493e-05  1.1689575440e-04  6.0382969150e-05 -4.5968830184e-04 -5.6275801337e-03 -2.9361740059e-03 -2.0206662694e-05  4.9645644148e-05  8.8121138976e-06 -3.0513792713e-03 -2.0876704468e-03  3.4622985513e-04 -5.0394766976e-06 -1.4131465108e-05 -9.7974161990e-06 -5.7711771250e-06 -5.6950482302e-05 -6.2527224739e-06  4.2458561468e-03  4.6899672607e-03  5.2853325867e-04 -6.9028013543e-06 -3.4231579523e-05 -1.8545952354e-06  2.4828672667e-05 -3.5101425732e-05 -1.3496592268e-05  7.1341151500e-06 -3.0360055262e-06  8.8446757399e-08  4.5358056849e-06 -1.4291286993e-06 -3.1138154529e-07  1.9245824233e-05 -6.0998405299e-05 -3.3036251385e-05  5.3471856765e-06  2.0799544685e-05  6.7160993355e-06 -8.4004790211e-06 -6.3107426876e-06  8.0165289577e-06  1.7403385000e-05 -6.8986550975e-06 -1.0248790266e-05  1.9794753208e-05  2.8730152599e-05  3.5151136668e-05

JOB 17
COORDS  1.3042139258e+00  4.9485253187e-01  9.8090312510e-01 -8.0937423179e-01 -5.3655926786e-01  1.4542399816e+00  9.1714028645e-01 -8.7612635957e-01  2.9447673552e+00 -2.9466274018e-02  2.7207668793e-01  6.1722980909e-01  1.7630283874e+00 -8.2128640824e-02  2.1633012464e+00 -5.3006020170e-01  2.9240609662e-01 -1.7994108567e+00 -1.3586284347e+00  9.8601546177e-01 -2.8678163145e+00 -3.5895980947e-01 -1.0826266346e+00  2.5909946075e+00 -5.7550165730e-01  8.9162101138e-01 -5.4847485750e-01  1.2737581437e-01 -7.1443672939e-01 -2.0189496508e+00  4.0004464819e+00 -2.9921592726e-01  2.4232544204e+00  1.9448419363e+00  1.0943381577e+00  3.4259916479e-01 -1.8406021584e+00 -7.5832755350e-01  1.1827596074e+00  1.2614697013e+00 -1.3348470298e+00  3.8682222209e+00 -8.0097324529e-01  9.7363758839e-01 -3.8058375126e+00 -1.6215562979e+00  2.0171148883e+00 -2.6146162750e+00 -2.2810692808e+00  4.1670894840e-01 -3.0208347868e+00 -1.2359791499e+00  1.6459544798e+00 -4.0731161156e-01
ENERGY -7.440906094630e+03
GRADIENT -4.7396337010e-04  1.0286963574e-03  7.5417299748e-04  1.0996383618e-04  1.1568807311e-04  1.6986378982e-04 -1.6034907394e-04  5.9918166976e-05 -7.1271599867e-05 -5.9211152308e-05 -1.9370282714e-03 -1.0168809920e-03  7.8835936952e-05 -6.7984490685e-05  1.2230005736e-06 -1.2831449797e-03 -6.3689290707e-04  1.2841163801e-04  3.1475959215e-05 -4.1902337131e-07 -2.2092361997e-05 -3.0283399048e-05 -1.0250100722e-04  1.3432104456e-05  1.7280991556e-03  1.4555620507e-03  1.5936223255e-04 -5.6609298256e-06  4.2961936483e-05 -4.6196358663e-06  6.3992464603e-05  1.1330196481e-05  4.1697968618e-05 -2.0000732098e-06 -8.8037322784e-06  1.8332920185e-05  1.2431196959e-05 -6.9705425428e-06  1.2649756587e-05 -8.3515068677e-06 -1.4615105184e-05 -1.2740473772e-05 -1.1384190809e-05 -1.2245870272e-05 -1.8366878348e-06  1.4327799026e-05  3.5968176279e-06  3.1351947776e-06 -1.5349297743e-05  1.2362847456e-05  2.3968710257e-05  6.3898221417e-07  2.2228714942e-05 -7.5738192080e-05

JOB 18
COORDS  1.3174286662e+00 -1.5692788386e-01  1.5552686023e+00 -8.8751510058e-01 -1.0287866426e+00  1.9291216698e+00  7.6040902889e-01 -1.5428764729e+00  3.4650805664e+00 -2.2157413588e-02 -2.4431824801e-01  1.1526238504e+00  1.6890457809e+00 -7.8882020864e-01  2.7419334989e+00 -7.6185483042e-01 -2.8651645715e-01 -1.2026107036e+00 -9.1384594267e-01  5.9653623138e-01 -2.4294941899e+00 -5.1044464221e-01 -1.6499576191e+00  3.0522128927e+00 -4.8334468898e-01  4.0825346195e-01 -2.6212634525e-02 -8.7816115626e-01 -1.5016294859e+00 -1.2355903318e+00  3.8932272312e+00 -1.1792423266e+00  3.0695011370e+00  2.0386814599e+00  3.8222486990e-01  9.4795485055e-01 -1.9183812606e+00 -1.1665661720e+00  1.6116485434e+00  1.0340731155e+00 -2.0534038467e+00  4.3848697859e+00  5.1667535213e-02  6.6182489899e-01 -2.9428253180e+00 -1.2472330143e+00  1.6096215891e+00 -2.1865182311e+00 -1.6265725625e+00  1.3096700529e-01 -3.1112282199e+00 -2.0515689572e-01  1.3767834445e+00 -1.3362257952e-01
ENERGY -7.440906929028e+03
GRADIENT  6.1100051957e-04 -2.1672830120e-03 -1.4454949584e-03 -3.1342474631e-05 -1.1404380916e-05  3.3273262810e-06  6.3312884724e-05 -9.7508114729e-06  2.2933902892e-05  4.5510467520e-04  3.4707000765e-03  1.7552295158e-03 -4.4865572834e-05  3.1826036962e-05  3.5358285406e-05  2.5513348347e-03  4.6294295603e-04 -7.3473973203e-04  5.5498025577e-06 -3.0553550766e-05 -5.8118700587e-05 -1.4619690379e-05  2.6615505940e-05 -4.8567396455e-05 -3.5003186354e-03 -1.7255028871e-03  4.5822421551e-04 -3.9580077915e-05 -1.4442318984e-05  1.5258356948e-05 -7.7441350034e-05 -1.8031736832e-05 -3.6549896016e-05  1.5561771882e-06 -6.3294753243e-06 -1.1890696927e-05 -1.5988632092e-05  4.6495631957e-06 -8.1743561586e-06 -1.9097814979e-05  3.1740389379e-07  2.3962260802e-06  3.5174135162e-06  3.0951242010e-05 -4.9671053312e-07 -3.2729072085e-05 -1.7127846518e-05 -2.4934649613e-06  2.3468811505e-05 -1.6231664472e-05 -2.1334777644e-05 -3.8927185704e-05 -3.9433103044e-06  2.9618832980e-06

JOB 19
COORDS  1.3624227291e+00 -1.1712922254e-01  1.6268251228e+00 -8.1005467404e-01 -1.1178124600e+00  1.8618315014e+00  7.9117686666e-01 -1.5927652061e+00  3.4636894447e+00  5.0764626957e-02 -2.6221930049e-01  1.1533736042e+00  1.7102994819e+00 -7.6847844367e-01  2.8098361422e+00 -8.4769639933e-01 -2.6269494594e-01 -1.1531148896e+00 -9.2235579146e-01  5.9922178878e-01 -2.4015644607e+00 -4.5082025875e-01 -1.7499785704e+00  2.9840753002e+00 -3.7533295861e-01  4.0660326581e-01 -2.3058337431e-02 -1.1784165882e+00 -1.4378712194e+00 -1.1326010363e+00  3.9162742072e+00 -1.0542611070e+00  3.2302164677e+00  2.0841464374e+00  4.8103966276e-01  1.0776183818e+00 -1.8137344980e+00 -1.3047864477e+00  1.4915353288e+00  1.0458485103e+00 -2.1166308407e+00  4.3812755522e+00 -3.8490112437e-03  4.6357325511e-01 -2.9827650949e+00 -1.0394427328e+00  1.6637482945e+00 -2.1790682074e+00 -1.7600661763e+00  2.6011989657e-01 -3.0122364226e+00  5.4893276494e-02  1.3082699670e+00 -1.9250379210e-01
ENERGY -7.440908710014e+03
GRADIENT  8.1261864304e-04 -2.2244485589e-03 -1.5425232938e-03 -3.3443300017e-04 -2.7612799336e-05 -1.8746472262e-04  5.8447057161e-05  3.5091665966e-05 -1.5765740168e-04  3.6264305225e-04  3.1977993429e-03  1.9561054333e-03  7.2444523782e-05  1.3792521840e-04  1.2450329122e-04  2.7178644295e-03 -2.0347160991e-04 -1.1626687260e-03 -1.3064661207e-05  1.5066947709e-05  6.1685272720e-06  5.0021160905e-05  7.2962664928e-05 -1.4140314559e-05 -3.8652441958e-03 -9.6084726320e-04  9.4986368552e-04 -1.7721980507e-05  2.4008122128e-05 -2.2057596476e-06  1.2053487757e-05 -3.2425637760e-05 -3.9060747784e-05  1.2034872212e-05 -2.6587912812e-06  2.5736000505e-06 -3.7113987344e-05  9.1479875585e-06 -2.2335986192e-05 -5.8578154215e-06  3.6378045344e-05  9.5990277313e-07 -2.8256502713e-06  6.0919728675e-06 -2.2718399867e-06 -1.6229499437e-05 -7.4286462052e-07 -8.0897090631e-06 -1.9494541658e-06 -1.0714724154e-05 -5.0946292414e-06  2.2957971383e-05  3.0765310596e-06 -1.0986150553e-05

JOB 20
COORDS  1.3385952382e+00 -9.2446920269e-02  1.6370613004e+00 -8.0107078319e-01 -1.1847172183e+00  1.7589907457e+00  7.3062199424e-01 -1.5827670999e+00  3.4520127150e+00  6.2948842713e-02 -2.9696993603e-01  1.0893877228e+00  1.6471663745e+00 -7.2485656319e-01  2.8397938205e+00 -9.5834687610e-01 -2.2565196855e-01 -1.1802948279e+00 -9.6391533159e-01  6.1822489469e-01 -2.4436246393e+00 -4.7514906549e-01 -1.7911299616e+00  2.9058217802e+00 -3.0924372028e-01  3.7049792657e-01 -1.0048770657e-01 -1.4771736291e+00 -1.3296472626e+00 -1.1144917103e+00  3.8407236968e+00 -9.2007929847e-01  3.3759156336e+00  2.0621051517e+00  5.4113461158e-01  1.1311352213e+00 -1.7733059520e+00 -1.4187394229e+00  1.3396124910e+00  9.5636302857e-01 -2.0905234912e+00  4.3859643780e+00 -1.0088232445e-01  3.4397029944e-01 -3.0599393055e+00 -9.1734389260e-01  1.6919697008e+00 -2.2397676245e+00 -1.8684913579e+00  3.9413679763e-01 -3.0101264669e+00  2.2184461942e-01  1.2065575967e+00 -3.1293773029e-01
ENERGY -7.440910259780e+03
GRADIENT  1.0239170450e-03 -1.6352819070e-03 -1.2909282303e-03 -1.1662201096e-04 -2.6375864541e-05 -1.4177238977e-04 -9.9626104107e-05  7.6406546283e-05  1.4994736621e-04 -1.1170438438e-05  2.2085744750e-03  1.4031895317e-03 -1.7654577103e-04  3.9952360724e-05 -1.1705692548e-04  2.2175982152e-03 -5.2026375979e-04 -1.0586545794e-03 -5.7941173143e-05 -3.8774498604e-05 -6.0155261824e-05  1.1569180928e-04 -1.0612535462e-05  1.8437893192e-05 -3.0087977823e-03 -2.4449878552e-05  1.2280404104e-03  2.8806103473e-05  8.6189480868e-05  3.2569457827e-05 -6.6553623973e-06 -1.8950479953e-05 -3.1505341023e-05  7.8584201562e-06  4.6458670125e-05 -1.3889417219e-05 -1.2309221684e-05 -6.2027266798e-06  1.2472923082e-05  3.5058150964e-05 -4.6722080480e-05 -2.7670352044e-05 -9.5667222890e-06 -8.7509611620e-07  2.7022945496e-06 -2.1856498382e-05 -1.0550931595e-05  1.0480590871e-06 -1.0855636104e-05  3.7918601207e-06 -1.8073851501e-05  9.2222871358e-06 -5.2573221525e-05 -9.3837970879e-05

JOB 21
COORDS  1.3125335831e+00 -6.2990356649e-02  1.6323625738e+00 -7.6879053110e-01 -1.2700808769e+00  1.6787536375e+00  7.1132266562e-01 -1.5639553021e+00  3.4420793748e+00  7.4467533724e-02 -3.4346990966e-01  1.0308287948e+00  1.6020108120e+00 -6.6263586274e-01  2.8546859567e+00 -1.0740778966e+00 -1.8588747090e-01 -1.1903368346e+00 -1.0135003595e+00  6.2149416078e-01 -2.4765068619e+00 -4.5653909575e-01 -1.8413605272e+00  2.8482244410e+00 -2.6472094242e-01  3.0983389022e-01 -1.7292181947e-01 -1.7658689408e+00 -1.1861663272e+00 -1.0669361238e+00  3.7890950455e+00 -7.3966775646e-01  3.4807161328e+00  2.0198055629e+00  6.1019165445e-01  1.1549646331e+00 -1.7101737495e+00 -1.5580340919e+00  1.2267835724e+00  9.2483465233e-01 -2.0475712842e+00  4.3914971934e+00 -2.4061941720e-01  1.9781132628e-01 -3.1268856518e+00 -7.8359240556e-01  1.6778889994e+00 -2.3091254040e+00 -1.9720654100e+00  5.3468950031e-01 -2.9891789213e+00  3.4563409013e-01  1.0757560227e+00 -4.3117674283e-01
ENERGY -7.440911648264e+03
GRADIENT  1.0238215456e-03 -1.5435630719e-03 -1.1550018853e-03  1.5608854828e-06 -3.9226940330e-05 -1.3977718369e-04 -9.6570953980e-05  1.3979547924e-04  1.4235673796e-04 -1.5311761174e-04  1.7336862804e-03  1.1110593840e-03 -6.9298526445e-05 -1.7141816366e-05 -7.0757083156e-05  1.9463972435e-03 -9.9810815427e-04 -1.1820602796e-03 -3.7979334063e-05 -1.0578773197e-05 -2.1417114274e-05  4.2430301555e-05 -4.3103452271e-06  2.8921198358e-05 -2.7520783786e-03  8.2802355517e-04  1.4187049581e-03  3.9248813535e-05  6.4668181646e-05  1.9706789984e-05 -4.1816607642e-06 -3.6638739655e-06 -7.5632445318e-06 -6.6554427343e-06  2.9609842688e-05 -7.2008223698e-07 -2.1405363732e-05  1.3746446777e-05  1.1521342685e-05  4.9801129579e-05 -6.3814049303e-05 -3.5990436314e-05 -6.2247427308e-06  2.2538039953e-06  3.4299171471e-07 -9.0832349732e-06 -3.9388876301e-06  9.5216671933e-06 -4.3166928238e-06  1.1433566855e-05 -7.9209384003e-06  2.9443902444e-05 -3.6535951199e-05 -6.2158624524e-05

JOB 22
COORDS  1.2964330818e+00  2.3742002364e-03  1.6631963629e+00 -7.1230619929e-01 -1.3237088065e+00  1.6510634932e+00  7.2134792389e-01 -1.5145132419e+00  3.4697590467e+00  1.0050931287e-01 -3.5866842345e-01  1.0176327345e+00  1.5742423283e+00 -5.6592927400e-01  2.9010632883e+00 -1.1570691065e+00 -1.2464165207e-01 -1.1463931087e+00 -1.0797664117e+00  6.4363457191e-01 -2.4556893774e+00 -4.0757225240e-01 -1.8613714666e+00  2.8392030685e+00 -2.1011465449e-01  2.6299039604e-01 -2.0790392761e-01 -1.9702977948e+00 -1.0174987045e+00 -9.5195845556e-01  3.7586420787e+00 -5.2277678411e-01  3.5984202797e+00  1.9788167613e+00  7.1415986398e-01  1.2056602554e+00 -1.6240590458e+00 -1.6632156355e+00  1.1759299908e+00  9.2951649821e-01 -1.9756706241e+00  4.4313355536e+00 -4.2492393977e-01  1.0246551090e-01 -3.1470858143e+00 -6.9204115969e-01  1.6598507789e+00 -2.3373143135e+00 -2.0766360346e+00  6.8377349404e-01 -2.8959415164e+00  4.4439003322e-01  9.7601325974e-01 -5.0546086381e-01
ENERGY -7.440912870112e+03
GRADIENT  6.8444793257e-04 -1.0523219059e-03 -6.6830366970e-04 -6.6866463106e-05  6.5645645535e-05  1.6299393204e-05  8.2424657915e-05 -6.9943249126e-05 -2.8192384547e-05 -3.0122847810e-04  9.6852000754e-04  5.7174804141e-04 -5.2980146670e-05  5.9533418223e-05  2.2401392254e-05  1.0698819522e-03 -8.9180180015e-04 -7.0881938137e-04 -9.6566630082e-06 -3.0299151207e-06 -2.1577126626e-06  1.0625113596e-05  1.8411889308e-05 -1.2727232213e-05 -1.4558197298e-03  9.0580039140e-04  7.5809304621e-04  1.8427264196e-06  3.9968560271e-06  5.6905159152e-06  5.5216077283e-06  1.3589085781e-05  9.3347134185e-06 -9.9903752692e-06  1.0319069316e-05  6.1880521162e-06  9.7889576652e-06 -1.5037565599e-05 -9.6250996371e-06 -1.3651445410e-05  3.0718131911e-05  1.7198989024e-05  3.5577450713e-06  6.7134212222e-06  5.5435902140e-06 -1.0331520542e-05  4.5324519862e-06  4.6244237956e-06 -2.9027512354e-06 -4.5425083430e-06  1.3456599539e-06  1.6072450981e-05  2.3360611227e-05  7.6919080041e-05

JOB 23
COORDS  1.0706403363e+00  2.6752660712e-01  1.7096149015e+00 -8.1849751315e-01 -1.2199798114e+00  1.5988486038e+00  4.2683909484e-01 -1.1653746559e+00  3.5607550166e+00 -1.4334986880e-02 -2.4272202263e-01  9.7301139737e-01  1.2603830151e+00 -1.9056009852e-01  3.0074260290e+00 -1.2121372125e+00 -8.9209007917e-02 -1.2334425982e+00 -1.1076407732e+00  6.0936139161e-01 -2.5791411115e+00 -6.0160007955e-01 -1.6450215778e+00  2.8504820635e+00 -2.2135449039e-01  2.5673180379e-01 -3.2752971198e-01 -2.0956947888e+00 -8.9994574878e-01 -9.8839281061e-01  3.3554990483e+00  7.9488746108e-02  3.9132627720e+00  1.7367961204e+00  1.0062148728e+00  1.2712511836e+00 -1.6520515884e+00 -1.6603561588e+00  1.0665540157e+00  5.6932500281e-01 -1.5435268156e+00  4.5693416819e+00 -8.3092977005e-01 -1.3191023683e-01 -3.3347109702e+00 -3.8010710884e-01  1.4254389678e+00 -2.6040738680e+00 -2.0931645131e+00  9.9764353895e-01 -2.8448952403e+00  4.6174142955e-01  9.3293407674e-01 -6.4432541777e-01
ENERGY -7.440913199655e+03
GRADIENT -2.3449118137e-04  3.2529982327e-04  1.2727868331e-04  8.9263547736e-05 -4.9571835592e-05  2.4327423990e-05 -2.0078291651e-04  1.8687740020e-04  7.2504227191e-05  1.9396739170e-04 -2.7064485318e-04 -1.7535558083e-04  3.9750073627e-05 -5.1799799716e-05 -8.8303775360e-06 -3.2529860963e-04  3.4564732999e-04  2.2614509270e-04  4.4545404985e-05  2.3149114727e-06  2.3382825338e-05  1.7347202284e-05 -5.1599077045e-05  1.8496492471e-05  3.7996253534e-04 -3.6067716138e-04 -2.4048924201e-04 -1.0912209099e-05 -5.1104036858e-05 -1.7642799814e-05  4.3350840464e-06  2.9535964140e-05  2.2677191742e-05 -1.7566356069e-05  2.1773120509e-05  5.6001389239e-06  3.1874008383e-06  1.4020155161e-05  1.9012051178e-05  7.1708921462e-05 -7.0435527585e-05 -3.3900925677e-05 -7.8915845053e-06 -7.5166963395e-06  5.9964183677e-06  1.1911361829e-05 -6.1631618620e-06 -2.4527483186e-06  1.4775103870e-06  1.6913386154e-06  1.6438949008e-05 -1.3936140027e-05  2.4962853096e-05 -4.9989148874e-06

