JOB 0
COORDS  1.3387569017e+00  1.8195719394e-02  1.6911938850e+00  1.6148803649e+00 -5.2157468446e-01  2.9410859502e+00 -5.6634386831e-01 -1.4594107288e+00  1.5423832429e+00  2.3276367351e-01 -4.4707958062e-01  9.5839135343e-01  7.5327359564e-01 -1.5158786667e+00  3.4030717908e+00 -1.1724516204e+00 -1.0661524814e-02 -1.0703956449e+00 -2.1849760135e+00  5.3163061383e-01 -3.2305223161e+00 -2.9519796567e-01 -1.9727805927e+00  2.7420185694e+00  4.9209545090e-03  9.0202273146e-02 -3.1138614099e-01 -1.0869101742e+00  6.5944338023e-01 -2.2739149559e+00  1.0128900385e+00 -2.1266958719e+00  4.7352946054e+00  2.0071488926e+00 -1.7082046395e+00  5.3480341624e+00 -2.1749000125e+00 -6.0340691208e-01 -6.9380800232e-01  2.4459684383e-01 -2.9924558181e+00  5.1416726958e+00  1.9787003476e+00  7.9841390719e-01  1.2843735137e+00  2.4550276681e+00 -1.9238273228e-01  3.5394361633e+00 -1.4370429568e+00 -1.8396896456e+00  1.0240326487e+00 -2.2041550549e+00 -4.5290014661e-01 -3.7129978266e+00 -2.0791928591e+00  1.3085562147e+00 -3.9909977303e+00 -3.1291609224e+00  6.7460955601e-01 -2.7048022972e+00  6.5762473118e-01  8.1143207414e-01 -5.9368540142e-01 -1.6312338763e-01  7.8522344020e-01 -2.6690068916e+00
ENERGY -7.162925195522e+02
GRADIENT -2.0798875762e-04  2.1643437030e-04  1.4653720326e-04  4.7986376652e-05  7.5851147761e-06  3.3724689555e-05 -4.6075736864e-05  1.0217369438e-05 -1.3058207406e-05  2.0507457339e-04 -1.7226557729e-04 -9.4065627192e-05  1.8483271206e-05 -1.3075402561e-05 -5.5264296165e-05 -1.6398818723e-04  3.6735088557e-04  1.4737849361e-04 -8.5082553426e-06  8.7743526559e-06  1.2416866010e-05 -1.1981131117e-05 -1.1862137746e-05 -1.8074266220e-05  2.1425498099e-04 -4.9956956900e-04 -2.0382760198e-04  1.9782552779e-05 -1.8106141451e-05 -4.3533857429e-05 -6.6214860222e-05  1.5677748461e-04  1.1012274483e-05  1.8219541721e-05 -6.7794051666e-05  3.0402398716e-05  8.6250383548e-06  1.1480090036e-05  9.6188622167e-06  5.4198833444e-05 -3.7060782945e-05 -3.8425568539e-05 -2.1942419047e-06 -3.4003780981e-07  9.9993626734e-06  1.1016860626e-06  7.8587367726e-06  3.1202878663e-07 -9.0373450686e-07  2.5385783804e-07 -1.3411856090e-05  1.5471646720e-05  8.1010015417e-06 -1.7218144911e-05 -9.2276502370e-06  1.3662394689e-05  7.6041620005e-06 -7.7332597798e-07 -1.7668898616e-05  6.6060172471e-07 -7.5552405678e-05  8.0382552339e-05  2.8472763170e-05  6.4429313530e-06 -1.6373686931e-05  3.5772897808e-06

JOB 1
COORDS  1.3113609639e+00  3.4909769648e-02  1.6946300958e+00  1.5470331477e+00 -4.6578248971e-01  2.9704171148e+00 -4.6997883686e-01 -1.5769542070e+00  1.4618698779e+00  2.9099279185e-01 -5.2155640140e-01  9.0706521676e-01  7.2903617248e-01 -1.5097294078e+00  3.3990587717e+00 -1.1413992495e+00 -1.5609186887e-02 -1.0685626446e+00 -2.2296517394e+00  5.9563104237e-01 -3.1725908704e+00 -2.4258965959e-01 -2.0517716584e+00  2.6852325803e+00  9.5289754365e-02 -4.2442942916e-02 -3.9404182623e-01 -1.0625488813e+00  6.1568891446e-01 -2.2922758368e+00  9.4807435459e-01 -2.0805194688e+00  4.7569392994e+00  1.8605660328e+00 -1.5730668728e+00  5.4266528675e+00 -2.1736361631e+00 -4.8248839064e-01 -6.0747380137e-01  2.2857817978e-01 -3.0028580938e+00  5.1262689566e+00  1.9153750325e+00  8.5528288189e-01  1.3129735726e+00  2.3212405092e+00 -6.7050408972e-02  3.6137225121e+00 -1.2787821343e+00 -2.0267212501e+00  8.9923244464e-01 -2.3954313892e+00 -3.9117416315e-01 -3.6210822476e+00 -2.0853698523e+00  1.3358741412e+00 -3.9627134577e+00 -3.1135704684e+00  8.6200608096e-01 -2.5928301691e+00  7.6758587024e-01  6.5471762325e-01 -6.9220637934e-01 -1.5815553216e-01  6.2229131301e-01 -2.7478569422e+00
ENERGY -7.162921025878e+02
GRADIENT -7.5805699028e-04  5.8036665732e-04  4.4642171723e-04  6.6442149537e-05  4.5996423935e-05  1.3619716902e-05  1.2060261997e-04  5.2507540423e-05  1.2698086624e-04  8.5146842934e-04 -4.1502862376e-04 -5.0525750440e-04 -1.3778499682e-05 -7.5211278745e-05 -4.1164688474e-05 -1.6139569955e-04  1.1698576801e-03  3.9527653629e-04  2.8019415598e-06  5.7896154806e-06  6.0447307303e-07 -4.6726201974e-06 -4.7402153474e-05 -7.3911521227e-06  2.4217692182e-05 -1.3068231315e-03 -3.9907871079e-04 -7.2396963622e-05 -3.8453062102e-05 -6.4334731626e-05 -1.2976791251e-04  2.0775217001e-04  2.9199293127e-05  5.4569188988e-05 -1.0494136842e-04  3.8394336507e-05  2.2612661570e-05 -1.9426696777e-06 -5.8837655254e-05  8.4468496266e-05 -3.1260096915e-05 -3.2118289604e-05 -1.6799666861e-05 -9.8494124852e-06 -3.2168112561e-06 -1.3071731440e-06 -9.9858470961e-07  9.6463850180e-07  2.4372918263e-05  8.8797930852e-06  1.2484275610e-05  3.7511193628e-06  6.1591228173e-06 -1.6379260818e-05 -1.1435591235e-05  8.5911836477e-06  1.0487722263e-06 -1.4915807428e-06 -8.7588549546e-06  5.0950019291e-06 -4.8177591650e-05  1.7605704854e-05 -3.2915328606e-05 -6.0894770695e-06 -1.0962319250e-05 -1.4315523287e-06

JOB 2
COORDS  1.2911450584e+00  4.8560795255e-02  1.6758299240e+00  1.4876474231e+00 -4.0992708476e-01  2.9758248857e+00 -3.4989633040e-01 -1.6943175745e+00  1.3829733655e+00  3.6767860381e-01 -6.0263205937e-01  8.4673845666e-01  7.2086593889e-01 -1.5001167805e+00  3.3812213051e+00 -1.0905412916e+00 -1.9566451869e-02 -1.0618689048e+00 -2.2580928547e+00  6.8211416960e-01 -3.0936910824e+00 -1.6836884406e-01 -2.1266900139e+00  2.6287163338e+00  1.8809653087e-01 -1.8094107356e-01 -4.8122570023e-01 -1.0354000374e+00  5.8861123958e-01 -2.2975308607e+00  9.0041942569e-01 -2.0264117503e+00  4.7640030874e+00  1.7375962202e+00 -1.4437262189e+00  5.4692318935e+00 -2.1261329758e+00 -3.6993136322e-01 -5.1487054105e-01  2.2102083900e-01 -2.9845923325e+00  5.1170190326e+00  1.8507000832e+00  9.0664305522e-01  1.3102039131e+00  2.1898287941e+00  5.7523624857e-02  3.6545411621e+00 -1.0881218149e+00 -2.2137840548e+00  7.8215137192e-01 -2.5560279725e+00 -2.8621217508e-01 -3.5132032825e+00 -2.0952050143e+00  1.3962072409e+00 -3.9040208703e+00 -3.0662799784e+00  1.0439988779e+00 -2.4578631519e+00  8.8255535740e-01  4.8455851519e-01 -8.0237395564e-01 -1.6963068249e-01  4.9229146335e-01 -2.8141990531e+00
ENERGY -7.162911701959e+02
GRADIENT -1.6245812542e-03  1.1389150837e-03  7.5588495547e-04  1.1556917397e-04  1.0344599977e-04  1.2980885448e-04  1.6114966445e-04  8.5372450819e-05  1.7857017743e-04  2.1434711107e-03 -9.1648343122e-04 -9.0427734925e-04 -6.8111306270e-05  8.9517613872e-05 -4.6153015557e-05 -5.6575779750e-05  2.0214772389e-03  6.5812337860e-04 -1.1557982346e-05 -5.8832516254e-06  3.5136316053e-05 -7.5712359918e-05 -4.3214016864e-05 -5.8510855443e-06 -7.4331592644e-04 -2.3516654807e-03 -6.8336559074e-04  1.7256333159e-04  7.3983452083e-06  5.0610037007e-06  2.8707728052e-04 -2.5967882028e-04 -1.4324099994e-04 -8.6330204365e-05  9.9959888733e-05  1.3946774642e-05 -1.5855085482e-05 -5.6095448789e-05  9.5106665296e-05 -1.2332327213e-04  8.5890031124e-05  3.5593689604e-05 -1.5458535455e-05 -1.7972531452e-05  1.3509334586e-05  1.4682053155e-05  2.1392518488e-06  2.0072279891e-05 -5.8436972466e-06  1.0748115869e-05 -2.1567555473e-05  7.9521451819e-06  2.1418936994e-06 -1.4708874981e-06  8.7767930852e-06  8.9292589053e-06  8.5034221338e-06  5.7781390622e-08 -7.3609933355e-06  1.3707336334e-06 -4.7874349599e-05  1.8134738848e-05 -1.2919903839e-04  1.2485855378e-05  3.0063856381e-06 -7.3564356145e-06

JOB 3
COORDS  1.2404062923e+00  6.0906526416e-02  1.6477667787e+00  1.4037518761e+00 -3.5302281396e-01  2.9687932240e+00 -2.3345784261e-01 -1.8179988867e+00  1.3198471056e+00  4.2619668984e-01 -6.8980820209e-01  7.9249995204e-01  7.0639396396e-01 -1.4927280356e+00  3.3619354070e+00 -1.0462536006e+00 -2.4251705651e-02 -1.0514633270e+00 -2.2773607290e+00  7.6547293528e-01 -3.0121686297e+00 -9.1053544310e-02 -2.2071226001e+00  2.5847416140e+00  2.4897636560e-01 -3.2425545046e-01 -5.5924596429e-01 -1.0175714558e+00  5.5931107423e-01 -2.2991510366e+00  8.5526289487e-01 -1.9725119560e+00  4.7672837308e+00  1.6085305637e+00 -1.3101902921e+00  5.4956563153e+00 -2.0685921791e+00 -2.5629811149e-01 -4.2357604129e-01  2.3417358625e-01 -2.9722468554e+00  5.1113223099e+00  1.7412602682e+00  9.5693276699e-01  1.2886261706e+00  2.0254865796e+00  1.8604251447e-01  3.6724003620e+00 -8.9349517640e-01 -2.4076131760e+00  6.9098538808e-01 -2.6998958051e+00 -1.7336402094e-01 -3.3896779081e+00 -2.1008891161e+00  1.4476553052e+00 -3.8468193237e+00 -2.9986497132e+00  1.2166394398e+00 -2.3305166063e+00  9.7277078059e-01  2.9507219089e-01 -9.0907694133e-01 -2.0444988350e-01  3.6428429849e-01 -2.8707451769e+00
ENERGY -7.162895965529e+02
GRADIENT -2.4406407111e-03  1.9324829721e-03  7.0694371485e-04 -9.2096382504e-05 -7.8878513290e-05 -1.9595623227e-05 -1.0824886983e-04 -1.4317362349e-04 -1.5662842245e-04  4.1566639659e-03 -1.1763147033e-03 -5.2852644659e-04  1.5093932881e-05  1.8619327078e-04  9.3453810087e-05  2.9728393224e-04  2.9979923552e-03  7.1236252191e-04 -4.7356123748e-06  2.7638208387e-06 -1.0100743127e-05  1.7346157735e-06  5.9222264108e-05  2.4138705590e-05 -1.8463560349e-03 -3.6758413679e-03 -8.1756329535e-04 -1.0880648608e-04 -1.8145130201e-05  2.6455789685e-05  3.0642205920e-04 -4.2144102727e-04  2.0844008367e-05 -1.1499676393e-04  2.6065268370e-04 -1.7606247218e-04 -2.0720498412e-05  7.1721920668e-05 -9.0292564861e-05 -1.7612487776e-04 -6.3891483046e-06  2.9856885541e-05  1.0685761683e-05  2.2802560961e-05 -1.4850408298e-06 -3.2427822122e-06  1.1158615406e-05  9.7468131924e-06  9.7621214276e-06 -1.1549741261e-05  1.0294292653e-05 -3.5051202031e-06 -1.1633788907e-06 -2.5338322809e-06 -1.7260833993e-05 -1.4394511405e-06  4.5468526066e-07 -8.1022377946e-06 -2.8959657773e-06  3.3527848063e-06  7.3795616653e-05  1.3668240849e-05  1.4299904884e-04 -5.5242459389e-06  7.5692661404e-06  1.9421772380e-05

JOB 4
COORDS  1.1594155355e+00  7.1457797202e-02  1.6264086076e+00  1.3083420991e+00 -3.0093669444e-01  2.9623343700e+00 -1.1371827460e-01 -1.9429115145e+00  1.2861919088e+00  4.5922902945e-01 -7.7228986747e-01  7.5905689699e-01  7.0514849298e-01 -1.4943648700e+00  3.3523198905e+00 -1.0094585479e+00 -9.9592910602e-03 -1.0289338967e+00 -2.2723629274e+00  8.4978516149e-01 -2.9397050629e+00  8.8415686926e-03 -2.2963890608e+00  2.5644533858e+00  2.7047145596e-01 -4.5567230383e-01 -6.1100175564e-01 -9.9904880023e-01  5.2135053567e-01 -2.3005694162e+00  8.3976021015e-01 -1.9306689040e+00  4.7758081161e+00  1.5078473051e+00 -1.1939832028e+00  5.5149206335e+00 -2.0039154041e+00 -9.2719203003e-02 -3.2329811106e-01  2.9130910740e-01 -2.9717142070e+00  5.1192776712e+00  1.5823334817e+00  1.0058994569e+00  1.2657419430e+00  1.8459070837e+00  3.0739758048e-01  3.6787123535e+00 -6.8898050047e-01 -2.6019349187e+00  6.4114548735e-01 -2.8278562436e+00 -4.5080202331e-02 -3.2450042290e+00 -2.0755373891e+00  1.4729321537e+00 -3.8150884950e+00 -2.8865850320e+00  1.4105610770e+00 -2.2348901578e+00  1.0338189994e+00  8.2804283434e-02 -1.0087761795e+00 -2.5865273747e-01  2.0201828872e-01 -2.9136962514e+00
ENERGY -7.162875389272e+02
GRADIENT -3.0579217205e-03  1.7015863232e-03  7.8319020594e-04  3.2312576676e-06  3.1972250846e-06  2.1315076634e-05  5.9631644138e-05  4.8669113354e-05  1.1232518652e-04  5.1120394927e-03 -1.0380147211e-03 -9.5691516384e-04 -6.0333208512e-05 -1.2500061410e-05 -9.3114133391e-05  9.0191269710e-04  3.3241577411e-03  6.2095746886e-04  3.3645434693e-06  2.3615041445e-06 -6.4545756252e-06 -3.8503503232e-05 -5.0894743652e-05  2.5027900148e-05 -2.9818979527e-03 -3.9115542599e-03 -5.9087517898e-04 -3.7170007378e-05 -7.2899267749e-05 -5.9778593695e-07  7.0206186652e-05 -5.5534202351e-05 -3.0817515489e-05 -4.9082966694e-05  1.5696439447e-05  4.8160891850e-06  3.5242645723e-05 -3.3885184300e-05 -1.7861797266e-05 -1.2116603281e-05  1.1241765502e-05 -1.5492082462e-05 -8.1263638580e-06  5.6263257741e-06  4.7786515930e-06 -1.9607513584e-06  7.8646532288e-06  1.2625300815e-07  1.5230162367e-05 -3.7437184868e-06  1.1991689728e-05  7.1832608406e-06 -3.2003292864e-06 -5.0021136521e-06  2.7964281878e-06 -6.2738253045e-06 -6.3648183782e-06  3.1063790076e-06 -1.6627390689e-06 -6.8147176585e-06  2.4172923899e-05  1.4663385741e-05  7.5249298559e-05  1.6914680272e-05  3.7883625845e-05 -1.1087794316e-09

JOB 5
COORDS  2.1693695148e+00 -9.0218975559e-01  1.2588371886e+00  2.3932817187e+00 -1.1752933856e+00  2.6070746667e+00 -1.8943994194e-01 -9.3606634419e-01  1.7248105101e+00  8.5537046068e-01 -7.6625290513e-01  8.0433145016e-01  1.2664966182e+00 -1.3237525165e+00  3.4147749688e+00  5.3232533327e-01  8.1166211797e-01 -1.0119363081e+00  3.8900896666e-02  2.2557771973e+00 -2.9252210491e+00  1.2538282796e-02 -1.2192593211e+00  3.0131233762e+00  5.9084921378e-01 -5.3679791611e-01 -5.7923710716e-01 -1.3871083863e-02  9.5044379753e-01 -2.2696318714e+00  1.4618003493e+00 -1.6350342615e+00  4.8661072498e+00  2.6342085825e+00 -1.7261365271e+00  5.2537668786e+00  9.3223888104e-01  1.7422608149e+00 -3.2642893915e-01  4.6708739786e-01 -1.7854526544e+00  5.5663849330e+00  2.9944724746e+00 -7.8708663008e-01  5.6310280735e-01  3.3876728141e+00 -1.2859974627e+00  3.0208460054e+00 -1.2258630055e+00 -8.3795389621e-01  1.4034484566e+00 -6.4559713065e-01  2.2496868357e+00 -3.7766488237e+00  1.0488289780e+00  2.5085988011e+00 -3.2701598007e+00 -2.8216881300e-01  3.0194105546e+00 -2.2164637225e+00 -1.7557405459e-01 -1.1020486741e+00 -9.3326622526e-01  4.1019504412e-02  1.4031884878e-01 -2.8750811262e+00
ENERGY -7.162861805444e+02
GRADIENT -1.5419191188e-04 -3.3980519814e-03 -5.0237964532e-04 -1.2392459347e-05  1.2395159486e-06  8.9200001068e-06 -1.2097642920e-05  2.1737871263e-05  2.9565683032e-05 -1.2163501730e-03  5.1242978270e-03  1.0462585366e-03  7.5542735873e-05 -1.4531317413e-04 -2.3144643118e-05 -3.3019346073e-03  5.3312268535e-05  5.6023015331e-04 -5.2868203055e-06 -9.7999620242e-06  9.3642284048e-06  7.4659161784e-06 -6.8636213484e-05 -1.3494312889e-05  4.7017189640e-03 -1.8271613771e-03 -1.1270507937e-03  5.5474657029e-05  7.6223578506e-05 -4.7157892756e-05 -5.5171984895e-05  6.1677075586e-04  2.4048665811e-04  3.2613043913e-05 -2.0957201104e-04 -2.0862388853e-04 -2.3646442382e-05 -7.0396362893e-05 -1.9670781153e-05 -6.1781036202e-05 -1.9528089012e-04 -2.4367779206e-05  5.8052169428e-06 -6.2933376869e-06 -1.3043273661e-05  6.3284810766e-06 -1.5133151992e-05  2.4047159073e-06 -9.8710024870e-06  2.0013500067e-05  3.0195417306e-06  8.0566712384e-06 -1.6976961744e-06 -9.5894872290e-06  9.6479169816e-07 -2.9401768246e-06 -6.1710600531e-07 -4.0834162977e-06  2.1337605682e-06 -8.7208333434e-06 -4.8644030886e-05  3.5120586031e-05  3.5752707581e-05 -2.2623304126e-05  2.0200051011e-06  7.4607964547e-06

JOB 6
COORDS  2.1058377043e+00 -7.4872376355e-01  1.2854598665e+00  2.3608764486e+00 -1.0428832564e+00  2.6219115780e+00 -2.3311589901e-01 -1.0727699880e+00  1.7488171010e+00  7.8047150482e-01 -7.4332203056e-01  8.3536709911e-01  1.2628460748e+00 -1.3515914019e+00  3.4258781341e+00  5.8674954198e-01  8.0194100419e-01 -1.0374379774e+00  1.5083135206e-01  2.2162192850e+00 -2.9862778883e+00  4.8428797344e-03 -1.3790517935e+00  3.0250851471e+00  4.7888954253e-01 -5.2097659274e-01 -5.3337960202e-01 -3.9165342289e-02  9.6650375326e-01 -2.2523867391e+00  1.4980290714e+00 -1.6907811904e+00  4.8624492450e+00  2.6747623053e+00 -1.6610497194e+00  5.2475169966e+00  1.1830009491e+00  1.6888451752e+00 -4.4343766279e-01  5.2971832161e-01 -1.9747525020e+00  5.5592495104e+00  2.9118262881e+00 -5.1366195370e-01  5.9858271230e-01  3.3634075139e+00 -1.0551241311e+00  3.0306428074e+00 -1.2758149648e+00 -1.0894198491e+00  1.4314912815e+00 -6.0014752573e-01  2.2770185314e+00 -3.7771867109e+00  1.1524065862e+00  2.2918495053e+00 -3.4264822426e+00  1.3289608300e-02  3.0522879088e+00 -2.3002715795e+00 -3.7714324667e-01 -9.8557518121e-01 -8.2234871519e-01 -1.7857701765e-01  1.3191557094e-01 -2.8089412351e+00
ENERGY -7.162886586433e+02
GRADIENT  3.4339722974e-04 -4.4831596203e-03 -8.5554287607e-04 -1.2623140718e-04 -1.0643218600e-06 -4.5306123356e-05 -1.3099545960e-06  1.0134085781e-05 -6.1763331561e-05 -2.4452220130e-03  7.0804199624e-03  1.8080308121e-03  4.0899466100e-05  8.1965753052e-06  1.0326952243e-04 -4.4807218972e-03  9.2749131557e-04  1.0812157643e-03  1.4927453302e-05 -6.7373917948e-06  2.2303332568e-05  3.0563078256e-05  3.1931450768e-05 -6.6418001641e-06  6.5382552455e-03 -3.5126701652e-03 -2.0044161288e-03  1.8913038295e-04  8.3289975207e-05 -6.2815724579e-05 -4.9240405883e-06 -1.3562836098e-04  2.2515248826e-05  2.5653075791e-06  5.3011578046e-05 -8.9335346101e-06  3.2557308225e-06 -7.7046447098e-05 -1.3170272084e-04 -1.6558001039e-05  4.1608460716e-05  3.6292751888e-05  7.4754658449e-07 -1.2283906996e-05 -1.0446533245e-06 -1.3329574416e-05  6.2880580023e-06  6.5774251596e-06 -3.2901376328e-06 -1.1414399608e-05  3.2115367879e-06  1.5179375116e-05 -4.9284744690e-06 -2.8107354721e-06  1.1118325866e-06  2.3938942419e-06 -5.9769330428e-07 -9.5148226739e-06 -4.7042076840e-07  8.6435610301e-06 -1.1082523128e-05 -3.9273271622e-05  1.5269914291e-04 -4.0969639795e-05  5.7999025544e-06  1.8747316324e-05

JOB 7
COORDS  2.0312361882e+00 -6.0565207251e-01  1.3174893998e+00  2.3198535310e+00 -9.3551891059e-01  2.6379994372e+00 -2.6322278412e-01 -1.1791902556e+00  1.7742133583e+00  7.0613411160e-01 -7.0965922418e-01  8.7083593368e-01  1.2645128395e+00 -1.3847768483e+00  3.4332510144e+00  6.1243395202e-01  8.0547160434e-01 -1.0513877605e+00  2.4580079559e-01  2.1794803463e+00 -3.0431398726e+00  1.2143511462e-02 -1.5163779876e+00  3.0333312594e+00  3.5761231845e-01 -4.6351181237e-01 -4.7374190976e-01 -5.7459742610e-02  9.9785940084e-01 -2.2379852823e+00  1.5406603273e+00 -1.7592974832e+00  4.8507447705e+00  2.7117032362e+00 -1.6324043153e+00  5.2348760746e+00  1.3532033597e+00  1.6319594785e+00 -5.3763413219e-01  6.0909092924e-01 -2.1653117274e+00  5.5380177332e+00  2.8070174862e+00 -2.5772431230e-01  6.4561213811e-01  3.3222672990e+00 -8.6782965797e-01  3.0416703586e+00 -1.3020973713e+00 -1.2845855497e+00  1.4600118422e+00 -5.3806298252e-01  2.3037254225e+00 -3.7936126508e+00  1.2199839866e+00  2.1040509646e+00 -3.5409173403e+00  2.5828779584e-01  3.0551255094e+00 -2.3938450382e+00 -5.4591421762e-01 -8.5237406471e-01 -7.2541094490e-01 -3.4623365826e-01  1.6836605001e-01 -2.7420657667e+00
ENERGY -7.162912710504e+02
GRADIENT  5.6010447432e-04 -3.8687021316e-03 -9.0708302901e-04 -2.1911197849e-05 -1.5206549196e-05  2.2757159500e-05 -3.6172419354e-05 -1.1825613635e-05  5.9514075099e-05 -2.6759527091e-03  6.4444892444e-03  1.8606431597e-03  9.0777472446e-05  9.4160158897e-06  5.2376775944e-05 -3.4656422873e-03  1.2312456874e-03  1.1486921266e-03  1.7065585249e-05 -1.6911587405e-05  5.3985836897e-05 -5.8082181026e-05  1.5117014363e-05 -6.9759652437e-05  5.5410715347e-03 -3.5524571119e-03 -2.2980902537e-03  1.8560283793e-05 -5.7223080616e-05 -4.3772045310e-05 -3.1315152420e-05  6.4428513047e-06 -4.7402252667e-05  2.1070520505e-05  4.2066773986e-06  1.2580557320e-06  2.5330731647e-05 -6.3526682406e-06 -6.9475737388e-06 -8.8244515346e-06  2.8201082102e-06  6.6211652883e-06  7.6229739836e-07 -1.5628206844e-07 -3.9792948928e-06 -2.5226826136e-06 -6.2740494590e-07 -7.2826547489e-06 -6.3482144733e-06  1.4048843886e-05 -1.0752700694e-05  2.8931319114e-07  9.3073380066e-06 -1.5813511940e-05 -8.6193171825e-06 -6.8148805401e-06  9.2659937800e-06 -1.4672169835e-05  8.5828031087e-06  2.0478193046e-06  2.4718368015e-05 -1.7635328500e-04  1.3295248947e-04 -3.2208661082e-05  2.0506512646e-05 -1.0369565854e-05

JOB 8
COORDS  1.9679735277e+00 -4.6440859276e-01  1.3700191707e+00  2.2842772100e+00 -8.4703772742e-01  2.6700425016e+00 -2.7115779324e-01 -1.2497147592e+00  1.7958818652e+00  6.5294749443e-01 -6.5421229625e-01  9.1515309982e-01  1.2736486041e+00 -1.4205921562e+00  3.4424339181e+00  6.2651538904e-01  8.2415293359e-01 -1.0640980258e+00  3.1670375071e-01  2.1203401228e+00 -3.1171730578e+00  3.3480901788e-02 -1.6284029910e+00  3.0341047733e+00  2.5333382069e-01 -3.6530438241e-01 -3.9921990255e-01 -7.3169150329e-02  1.0236915941e+00 -2.2329981754e+00  1.5830486697e+00 -1.8444854444e+00  4.8366257090e+00  2.7452365424e+00 -1.6571861081e+00  5.2240222151e+00  1.4751046105e+00  1.5941580423e+00 -6.3476032124e-01  6.8532832190e-01 -2.3463706751e+00  5.5062349445e+00  2.7107578562e+00 -1.2689997842e-02  7.2514776401e-01  3.2799227353e+00 -7.1980866442e-01  3.0763139416e+00 -1.2995172947e+00 -1.4228467889e+00  1.4760948171e+00 -4.8495775277e-01  2.2908786190e+00 -3.8391314085e+00  1.2514576195e+00  1.9112063825e+00 -3.6510522558e+00  4.5570880117e-01  3.0221389647e+00 -2.5206400756e+00 -6.7741085501e-01 -6.9987617023e-01 -6.2502675063e-01 -4.7480863534e-01  2.0664853455e-01 -2.6763005593e+00
ENERGY -7.162932116035e+02
GRADIENT  5.7136833624e-04 -2.3959513935e-03 -6.5635182156e-04  2.3638670360e-05 -3.0655811586e-05 -7.8555061293e-06  1.1688357543e-04 -3.0262136793e-06  8.8006783557e-05 -2.0071378650e-03  4.2957415642e-03  1.4564255708e-03 -3.9458898831e-05 -1.3921507924e-05 -4.5178781025e-05 -1.9030125558e-03  9.5779400507e-04  6.9916504639e-04 -1.3583503237e-05  1.2521389511e-05  1.7680702910e-05 -1.5961974551e-05 -8.4293601983e-06  3.6220107817e-05  3.4384035389e-03 -2.9795433554e-03 -1.6070595113e-03 -5.3095102880e-05  1.9202072697e-05  3.3725075213e-05 -2.2795627497e-05  3.9033817019e-05  4.4185706694e-05  2.7108985212e-06  6.8375049374e-06 -3.9694026689e-05 -5.7344023770e-05  5.8489592279e-05  8.3003424986e-05  6.4958938336e-06 -6.5076507441e-05 -2.3471893900e-05 -4.1818165466e-06  1.7970269264e-06 -1.1450340402e-05  9.1866634137e-06 -8.4634865802e-06 -1.5542287672e-06  8.9379674158e-06  3.5244903606e-06  1.3896901338e-05 -8.4215666152e-07  1.1712538983e-05  5.0136613603e-06  3.2831069278e-06 -1.3735127788e-06  9.8111115612e-06  4.8614361628e-06  8.1262949382e-06 -1.3833011542e-06 -5.4483613175e-06  3.9451804896e-05 -1.0172031996e-04 -7.9723768620e-06  1.3169850194e-05  1.4492036327e-05

JOB 9
COORDS  1.9105175687e+00 -3.4105010495e-01  1.4501417068e+00  2.2468955382e+00 -7.8862756705e-01  2.7247505396e+00 -2.7251443373e-01 -1.3014631209e+00  1.8137017261e+00  6.1242473376e-01 -5.9267562057e-01  9.7320525608e-01  1.2777710940e+00 -1.4763099593e+00  3.4547955987e+00  6.4053594423e-01  8.4729052586e-01 -1.0579773318e+00  3.8104865230e-01  2.0511569347e+00 -3.1735638840e+00  5.3107933840e-02 -1.7355566926e+00  3.0261249587e+00  1.7034553712e-01 -2.4649666863e-01 -3.0816851729e-01 -8.3824896530e-02  1.0534805444e+00 -2.2118301111e+00  1.6128002707e+00 -1.9698106080e+00  4.8180323607e+00  2.7558414241e+00 -1.7228252761e+00  5.2290761994e+00  1.5823877012e+00  1.5491173378e+00 -7.1130983837e-01  7.5315784876e-01 -2.5834230848e+00  5.4438223857e+00  2.6208231402e+00  2.0415801063e-01  8.4352567493e-01  3.2307466131e+00 -6.1914240294e-01  3.1442840179e+00 -1.2870459581e+00 -1.5210274531e+00  1.4778015770e+00 -4.2600192624e-01  2.2598095684e+00 -3.8793198299e+00  1.2696474809e+00  1.7170393712e+00 -3.7224395508e+00  6.3141593319e-01  2.9675703224e+00 -2.6388699122e+00 -7.7151614191e-01 -5.5440807998e-01 -5.2182886935e-01 -5.8710299517e-01  2.6165376903e-01 -2.5925463238e+00
ENERGY -7.162943464152e+02
GRADIENT  4.3368214623e-04 -1.2797990630e-03 -5.1341787233e-04 -1.0226619647e-05 -6.4756408003e-06 -3.3120663702e-05  1.3755379501e-05  3.8299448566e-05 -1.7901928028e-05 -1.2659197042e-03  2.4404032915e-03  1.0695858615e-03 -6.5939338468e-05 -6.0263084582e-05  3.4117649201e-05 -8.7866121016e-04  7.3580818208e-04  5.9187859251e-04 -9.0686778958e-06  5.5130746503e-06 -1.2469266432e-05  5.4237141738e-06  3.6332472051e-05  7.8697855696e-06  1.6760627180e-03 -1.7764602747e-03 -1.3217303248e-03 -5.5274892991e-05 -5.1640125142e-05  8.1773877084e-05  3.9516438080e-05  5.6718529251e-05 -1.1396847333e-04 -3.1466584878e-06 -6.0784615027e-05  1.6891571780e-04  4.7769951973e-05  9.1130207697e-05  1.8386723736e-05  8.2316955056e-05  2.4974840924e-05 -1.6437246822e-05 -7.6489117335e-06 -8.9416372602e-06 -5.2606346817e-07 -1.3035171909e-05  2.2620841129e-06 -1.2941888906e-05  1.0518748210e-05  3.2415744673e-06 -3.3279349777e-06 -7.2624924234e-06  1.0684709665e-06 -2.7476096288e-06 -5.8138416988e-06 -1.4335260776e-06 -3.4209966240e-06 -3.3411847571e-06 -3.9734978551e-06 -7.2862281339e-06  1.8746042902e-05 -1.4778911379e-04  1.2263922007e-05 -3.2694207396e-06 -4.9531436454e-06 -1.4954465173e-06

JOB 10
COORDS  1.8544839740e+00 -2.1115062959e-01  1.5125320773e+00  2.2154835703e+00 -7.1347823109e-01  2.7601424636e+00 -2.6523410652e-01 -1.3269301186e+00  1.8102046228e+00  5.7665857581e-01 -5.1922230220e-01  1.0126685197e+00  1.2911817039e+00 -1.5003401779e+00  3.4456200875e+00  6.4090391275e-01  8.7250926014e-01 -1.0653816822e+00  4.2182077705e-01  1.9808759478e+00 -3.2360803203e+00  8.3780810794e-02 -1.8068430153e+00  2.9972337996e+00  9.4848066198e-02 -1.1753404823e-01 -2.3468491411e-01 -1.0321516950e-01  1.0863448333e+00 -2.2062763138e+00  1.6552880137e+00 -2.0520465130e+00  4.7775663331e+00  2.7836948142e+00 -1.7665430805e+00  5.2041846447e+00  1.6585924383e+00  1.4989377477e+00 -7.9417672874e-01  8.3387920156e-01 -2.7515438189e+00  5.3636475933e+00  2.5286814651e+00  4.1208635447e-01  9.4153350991e-01  3.1857556564e+00 -5.0585594736e-01  3.1940421449e+00 -1.2638741863e+00 -1.5892271922e+00  1.4572590528e+00 -3.8623079271e-01  2.2321499311e+00 -3.9266550036e+00  1.2525997846e+00  1.5314204577e+00 -3.7931516212e+00  7.8062825763e-01  2.8941527341e+00 -2.7611818784e+00 -8.5696890860e-01 -4.0098280810e-01 -4.3498707124e-01 -6.9330837456e-01  3.2913701303e-01 -2.5280000069e+00
ENERGY -7.162948960786e+02
GRADIENT  1.8605352219e-04 -4.3439584368e-04 -2.5192107858e-04 -9.3468982366e-06  7.8879667332e-06 -2.3632783720e-05 -6.0584698183e-05 -6.2408630815e-06 -1.5098067237e-05 -5.1874978455e-04  1.0514589885e-03  6.0217696281e-04 -1.7815125345e-05 -1.7354662943e-04 -5.7302421669e-05 -3.5809768596e-04  3.4371925208e-04  1.6356732983e-04  1.6755312688e-05 -3.9182598456e-06  3.0516430915e-05  2.7237730675e-05 -4.5526559729e-05 -5.3817957720e-05  7.7549482320e-04 -1.1008548589e-03 -4.5513036578e-04 -1.8780798450e-05  8.9182961549e-05 -8.1917381735e-05 -2.1018875630e-04  6.6946601475e-04  1.7273822146e-04  8.6235124896e-05 -3.3035268194e-04  7.2070826101e-05 -8.0672938488e-05 -2.3635732525e-05  3.7146366704e-05  1.4876181238e-04 -1.1536994916e-04 -1.0014292751e-04  1.0196704402e-05  1.3421996588e-05 -1.7675533462e-05 -1.5499697546e-05  3.5469988364e-06 -1.4075858465e-05 -1.1969787261e-05  7.0296162709e-06 -2.3549335109e-06  3.7483898297e-06  1.3408268620e-05  1.3574172716e-06 -3.7107716651e-06 -1.2899361266e-05 -8.9331230028e-06  1.7974195904e-05 -1.2247252524e-06 -5.0913340677e-06 -2.5916686411e-05  1.1242347722e-04  1.7420124252e-05  2.4637004018e-05 -9.3035953818e-07  3.4329466681e-06

JOB 11
COORDS  1.5727384496e+00  3.9270547968e-02  1.6183215130e+00  1.8347566311e+00 -4.7309376319e-01  2.8865390571e+00 -4.2761742424e-01 -1.3127836193e+00  1.6187957085e+00  4.0642365256e-01 -3.8350597566e-01  9.5553785112e-01  9.2910760843e-01 -1.3823965202e+00  3.4303538073e+00  6.7001120897e-01  9.5651031441e-01 -1.1457487140e+00  4.9052928278e-01  2.2404625715e+00 -3.2213601349e+00 -1.7239247313e-01 -1.8005933291e+00  2.8258566742e+00  9.0090320460e-03  4.7314472293e-02 -3.1018012015e-01 -1.5655675086e-02  1.2131691394e+00 -2.3135661092e+00  1.1881949166e+00 -1.9432273485e+00  4.7824356611e+00  2.2170180036e+00 -1.5528153642e+00  5.3534181045e+00  1.7621867526e+00  1.4479568726e+00 -8.8324286416e-01  3.8287087860e-01 -2.7458955953e+00  5.2459169347e+00  2.2442937389e+00  7.4168603754e-01  1.1444820177e+00  2.7176402635e+00 -1.8189233801e-01  3.4420309128e+00 -1.3400564070e+00 -1.6676316705e+00  1.1368205614e+00  3.3766365262e-01  3.2532166221e+00 -2.8298460867e+00 -1.9930319266e-02  2.1403149405e+00 -4.1817334097e+00  1.5597287654e+00  2.0869715017e+00 -3.3692379120e+00 -8.1907523685e-01 -4.0373491480e-01 -6.7954193016e-01 -1.0161596221e+00  1.0599218139e+00 -2.3192378865e+00
ENERGY -7.162949764331e+02
GRADIENT  1.4516070695e-04 -1.8269663516e-04 -1.2085558363e-04 -3.3421851123e-05 -1.9698568120e-05 -1.0233003421e-05 -6.1583086424e-05 -2.6218135773e-06 -3.2549854528e-05 -2.4834839357e-04  4.1043440174e-04  2.3411745618e-04  5.7825543070e-05  5.8293742531e-07  5.1382571510e-05 -5.1052145726e-05  1.8120440459e-04  4.1638592149e-05  2.1545991805e-05 -1.4090857637e-05  9.9371703849e-06  1.5235617100e-05  7.0892354619e-06 -3.3626335661e-05  2.0183730255e-04 -3.9369174137e-04 -2.2839130952e-04 -6.8408935517e-05  2.8689675639e-05  1.2471582194e-04 -7.2169925952e-05  4.8432727357e-05  6.1388692850e-05  1.7289324920e-05  4.4268938563e-07 -4.1454804179e-05  2.2877563235e-05  2.6110967331e-05  2.0665190474e-05 -2.0503285079e-06 -5.3450936499e-05 -1.1367701478e-05 -3.5364141166e-06  4.7316662815e-07  2.0092857494e-06 -2.3552224640e-06 -1.2957141022e-05 -6.2789228398e-07 -2.7137561293e-06 -1.0062541993e-05 -1.7816397578e-05  5.7462843764e-06  5.2009625055e-07  4.3917750747e-06 -4.1267464368e-06  5.2692517264e-06  5.6671015361e-06  1.6532086710e-06 -1.9750005116e-06 -2.8682063537e-06 -3.5194292330e-06  3.4331609884e-06 -1.4580980758e-05  9.8532588901e-06 -6.0055392216e-05 -4.7886703793e-05

JOB 12
COORDS  1.4680076802e+00  1.4391712009e-01  1.7029120810e+00  1.7500692607e+00 -4.0854475802e-01  2.9496617504e+00 -4.5289767536e-01 -1.3156583998e+00  1.6243529666e+00  3.3536334666e-01 -3.1728167020e-01  1.0086320264e+00  8.8985445451e-01 -1.3867128000e+00  3.4462145703e+00  6.5483923870e-01  9.5820285529e-01 -1.1196604519e+00  5.6948596787e-01  2.1560804145e+00 -3.2520086751e+00 -1.8316320949e-01 -1.8368139708e+00  2.8146611304e+00 -8.9310006639e-02  1.7012385429e-01 -2.2889804082e-01 -1.9843502488e-02  1.2243016212e+00 -2.2922687564e+00  1.1668153244e+00 -1.9874466909e+00  4.7779134679e+00  2.1799080695e+00 -1.5834269942e+00  5.3671786962e+00  1.7936527653e+00  1.3486618463e+00 -8.9091796270e-01  3.8965040856e-01 -2.8349673135e+00  5.2082542434e+00  2.1061954914e+00  8.9950981276e-01  1.2661123404e+00  2.6103836052e+00 -9.2534160389e-02  3.5265430885e+00 -1.3402428360e+00 -1.6994254449e+00  1.1183971053e+00  5.2322425088e-01  3.1951869717e+00 -2.9048240646e+00  3.5908898158e-02  2.0646323370e+00 -4.2005950084e+00  1.6157955924e+00  1.8913648433e+00 -3.4058166266e+00 -9.1127022654e-01 -2.8571190702e-01 -6.0707245237e-01 -1.0312577669e+00  1.1852189628e+00 -2.2682681823e+00
ENERGY -7.162948971114e+02
GRADIENT -3.2297695582e-04  3.8049900170e-04  2.4314896843e-04  6.8600588855e-06 -5.3411586784e-06 -5.7283990257e-05 -5.7869478477e-05  9.0420040858e-06 -1.5485459105e-05  7.0450134886e-04 -9.3763579667e-04 -5.7403998579e-04 -6.1508750532e-05 -1.8731072726e-04 -4.3457062292e-05  1.3078328726e-04 -4.4840867116e-04 -1.7467867356e-04 -4.0730583318e-05  1.0741480687e-05 -5.5748276959e-05  2.3326413729e-05 -6.9873760600e-06 -3.9010936480e-05 -6.0531982295e-04  1.0501183938e-03  6.5792970982e-04  9.1552176339e-05 -8.1918219225e-06 -3.1240004620e-05 -1.6217280649e-04  5.2945394398e-04  2.6670329228e-06  5.4434893993e-05 -3.2843102277e-04  2.3413472554e-04  9.0324494392e-06 -5.4044616224e-05  2.1535398066e-05  2.2140938300e-04 -5.3380848169e-05 -8.8752540759e-05  1.1737968276e-06  1.6663646729e-05 -1.1403193676e-05 -2.0802087958e-05 -3.1984578745e-06 -2.2914507619e-05 -3.3804054065e-06 -3.5108275537e-06 -1.0566985343e-05  8.9299448385e-07  6.0334903038e-07  9.5603959691e-06 -1.1156393378e-07  1.1993782235e-05 -5.5486075844e-06 -7.6332690621e-06  8.0448714128e-06 -1.8812835732e-06  5.4469358380e-05 -3.8412385582e-05 -8.0678491504e-05  1.1500633568e-05  5.8473584393e-06  6.4085986531e-06

JOB 13
COORDS  1.3923092807e+00  2.2540101695e-01  1.7632407514e+00  1.7164534876e+00 -3.8328484847e-01  2.9725871585e+00 -4.2903532756e-01 -1.3475421395e+00  1.5911395056e+00  2.9358906122e-01 -2.6832122989e-01  1.0387494051e+00  9.2246247884e-01 -1.4450585172e+00  3.4052805174e+00  6.3582092425e-01  9.5790699772e-01 -1.1011650966e+00  6.1349500483e-01  2.0880207063e+00 -3.2720772206e+00 -1.2267770688e-01 -1.9221458258e+00  2.7488575471e+00 -1.6773410683e-01  2.9056649215e-01 -1.5795252399e-01 -4.1303296745e-02  1.2575399905e+00 -2.2631389437e+00  1.2457961453e+00 -2.1121599142e+00  4.6954514985e+00  2.2168888315e+00 -1.6622776587e+00  5.3208008936e+00  1.8151200792e+00  1.2287178784e+00 -9.1257781761e-01  5.4345510035e-01 -3.0512019635e+00  5.0588573155e+00  1.9792995401e+00  1.0470997334e+00  1.3759004810e+00  2.5542778995e+00 -4.6755402084e-02  3.5705064945e+00 -1.2919614409e+00 -1.7550644323e+00  1.0623398564e+00  6.8209623579e-01  3.1384923926e+00 -2.9650870165e+00  4.8463003346e-02  2.0169445357e+00 -4.2040633509e+00  1.6230082855e+00  1.7118411756e+00 -3.4389886583e+00 -1.0044148720e+00 -1.4674175579e-01 -5.2719834370e-01 -1.0500899010e+00  1.3256542411e+00 -2.2092190512e+00
ENERGY -7.162943469516e+02
GRADIENT -8.4556521480e-04  8.6074968013e-04  7.1165979377e-04 -7.7756477378e-06  6.9431477439e-06 -1.6832429488e-05 -3.2287281615e-05 -5.5307802743e-06 -2.4200599559e-05  1.4845525963e-03 -2.0107411790e-03 -1.4975888036e-03 -2.0594665723e-05 -8.9167861458e-07  1.9323140282e-05  1.8554862398e-04 -1.2944690824e-03 -7.3156080467e-04 -5.4116145691e-06 -5.8319143017e-06 -1.9172759890e-06  4.1981124780e-06  2.3451229859e-05 -6.7229743022e-06 -8.3408251743e-04  2.3515426535e-03  1.6246874712e-03  4.1299015607e-05  7.0218603817e-05 -3.6872483126e-05  6.0121558947e-05  1.5055480230e-06 -6.8899166969e-05 -1.8030053905e-05 -1.0718678071e-05  6.3956637941e-05 -5.3291460952e-05  1.3743278648e-05 -7.1298239629e-06  8.2333044152e-06  3.7835798246e-05  1.4116773846e-05  3.5228491332e-06  7.7892575434e-06 -5.8200732316e-06 -4.3555660464e-06  8.3625449536e-06 -8.0549231827e-06 -3.0340379617e-06  2.3781647652e-06 -4.2959353274e-06 -3.7577512787e-07 -1.3798534275e-06 -8.3742785428e-06 -3.0210973435e-06  1.4905893773e-06 -4.5471385629e-06 -1.4417185051e-06 -5.7741613234e-06 -8.1186360293e-06  2.1139882649e-05  2.2619809917e-05 -5.4578750170e-05  3.6845480917e-06 -4.0631010224e-06 -9.6915660650e-06

JOB 14
COORDS  1.2986615891e+00  3.4472123335e-01  1.8335435299e+00  1.6639579544e+00 -3.0404412762e-01  3.0092397462e+00 -4.0211582898e-01 -1.3413876046e+00  1.5569307208e+00  2.4635597635e-01 -1.8885109494e-01  1.0717140788e+00  9.4387838845e-01 -1.4418212082e+00  3.3750476299e+00  6.0886621423e-01  9.5216487693e-01 -1.0891216208e+00  6.5435613185e-01  1.9874013193e+00 -3.3061098582e+00 -6.2283614307e-02 -1.9544916535e+00  2.6874283473e+00 -2.4224376305e-01  4.2933866240e-01 -9.0138269188e-02 -6.1502258007e-02  1.2797474749e+00 -2.2462049516e+00  1.3091087654e+00 -2.1551392468e+00  4.6308575768e+00  2.2480269662e+00 -1.6774780934e+00  5.2836531233e+00  1.8153294586e+00  1.0886818324e+00 -9.3708840723e-01  6.7180019765e-01 -3.1580809323e+00  4.9376004965e+00  1.8225385904e+00  1.2309675686e+00  1.4993885854e+00  2.4707714247e+00  5.8441154274e-02  3.6338836690e+00 -1.2307030489e+00 -1.7796153029e+00  9.9908110119e-01  8.5524798795e-01  3.0332776961e+00 -3.0449574262e+00  5.6271745537e-02  1.9481346343e+00 -4.2191330577e+00  1.6071599106e+00  1.4882073241e+00 -3.4837688226e+00 -1.1011734259e+00  1.7666399517e-02 -4.3927093368e-01 -1.0538606893e+00  1.4656059839e+00 -2.1687434984e+00
ENERGY -7.162932096257e+02
GRADIENT -1.5655389086e-03  1.4314740032e-03  1.4352554663e-03 -1.4828571278e-04 -3.4920268320e-05 -1.0077342028e-04  4.5248846326e-05  7.3652710136e-05  5.9944391941e-05  2.5724921669e-03 -3.2115915739e-03 -2.9196024804e-03  3.1832947119e-05 -1.9657190781e-04  2.1088686526e-05 -2.3290320299e-04 -2.1615367904e-03 -1.0152277672e-03 -1.7033870139e-05 -2.0332228502e-06 -1.5498032966e-05  6.1490676109e-05 -2.0715755632e-05 -5.3981030003e-05 -7.8473197218e-04  4.0190662712e-03  2.5666454076e-03  2.0436676631e-04  6.4648102781e-05 -1.4459015290e-04 -3.7228413347e-04  4.5770589971e-04  2.2412391926e-04  1.5510309218e-04 -2.6482095788e-04  4.7543981551e-05 -1.2810621096e-04 -3.5827935270e-05 -6.0103378039e-05  1.7334053751e-04 -5.3207159928e-05 -6.3900919812e-05 -2.5105206335e-05 -4.7513630894e-07  8.7797045484e-06 -2.1705635500e-05 -8.2527720713e-06 -1.8642195171e-05 -5.8823025919e-06  3.2969367794e-06  1.8293284872e-05  1.6220590632e-05 -5.5850073967e-06  1.6617758499e-06  1.1848224430e-05  9.3740120401e-06 -3.0447985241e-06  6.4703796889e-06 -1.2794526217e-05 -1.6787006997e-05 -6.0862333187e-06  4.8088080932e-06  9.2963598160e-05  3.2663238631e-05 -2.1984479303e-05 -1.0022441818e-05

JOB 15
COORDS  1.2168352036e+00  4.5178146643e-01  1.9329194515e+00  1.6161199091e+00 -2.4022434424e-01  3.0719583651e+00 -3.5127503228e-01 -1.3281412036e+00  1.5144641502e+00  2.2186870755e-01 -1.0728351403e-01  1.1180810068e+00  9.6944993033e-01 -1.4454077106e+00  3.3503107324e+00  5.9060275489e-01  9.4151625874e-01 -1.0644187336e+00  6.7364253267e-01  1.8802539837e+00 -3.3230594346e+00  1.2578659001e-02 -1.9839635368e+00  2.6156501228e+00 -2.8140241124e-01  5.7619272542e-01 -8.5927443754e-03 -7.9396716935e-02  1.3023302938e+00 -2.2113999643e+00  1.3634914761e+00 -2.2078093819e+00  4.5707986490e+00  2.2645996574e+00 -1.7126758888e+00  5.2620104243e+00  1.8085129445e+00  9.3069391703e-01 -9.5341404686e-01  7.7692279623e-01 -3.2568706157e+00  4.8165035631e+00  1.6734403300e+00  1.3970992745e+00  1.6641593539e+00  2.3843776807e+00  1.3756843545e-01  3.7348515561e+00 -1.1356528847e+00 -1.7883137716e+00  9.1276036251e-01  9.9244004626e-01  2.9093627257e+00 -3.1184367907e+00  4.7033574558e-02  1.8639627458e+00 -4.2175767375e+00  1.5621128030e+00  1.2739078109e+00 -3.5002699109e+00 -1.1748412885e+00  2.1402999807e-01 -3.2721218461e-01 -1.0367740244e+00  1.6145852958e+00 -2.1036314278e+00
ENERGY -7.162912697780e+02
GRADIENT -2.8492325323e-03  1.5875142383e-03  2.3374605718e-03  8.2489462898e-05  6.1927179346e-05  8.4710185923e-05 -1.2768700426e-06 -6.4640437591e-05 -1.3276085479e-05  3.9723090888e-03 -4.1750859579e-03 -4.3538484428e-03 -1.7429526714e-04  8.1390017166e-05 -1.8987926226e-05 -8.2508090309e-04 -3.1490939908e-03 -1.6507764445e-03  1.4857249178e-05 -1.3663953752e-06  2.7863342696e-05 -4.5174344771e-05  1.0533688296e-05  4.4728376103e-05 -3.0732032799e-04  5.7666038724e-03  3.8028102280e-03 -6.9662590032e-05 -1.0551378748e-04 -8.0978061095e-05  5.0015867418e-04 -2.7061584556e-04 -4.3721530672e-04 -1.7305056381e-04  5.4572490018e-05  1.9316657572e-04  3.2646041619e-05 -9.3113902139e-05  8.8779211629e-06 -1.5435962141e-04  1.7125112169e-04  1.1954409720e-04  5.0297233187e-06  1.9467771355e-06 -1.0062705975e-05 -7.1317842258e-06  1.2639422591e-05  5.8022280968e-06  1.1291834541e-05 -1.3372965238e-05 -2.2471133945e-05  3.9248778652e-06 -9.3527354386e-07  8.1888956739e-06 -4.5178627928e-06  5.0258462354e-07 -1.2096226537e-06  2.6053264060e-06  4.1116563899e-06 -1.3841624511e-05 -3.7704946916e-05  1.2061943063e-04 -1.2295313955e-04 -2.3991866441e-06  2.0439936981e-06 -1.0731037667e-05

JOB 16
COORDS  1.1519900709e+00  5.3758196063e-01  2.0010714641e+00  1.5518279411e+00 -1.8088853158e-01  3.1243065437e+00 -2.6071923715e-01 -1.3209050839e+00  1.4185760236e+00  2.4006287117e-01 -4.5531251639e-02  1.1136462495e+00  9.7900003527e-01 -1.4397482313e+00  3.3099276110e+00  6.1172687101e-01  8.6273219118e-01 -1.1156059242e+00  7.1704959375e-01  1.6848794116e+00 -3.4183447121e+00  9.8404320850e-02 -2.0062225629e+00  2.5051484506e+00 -2.5080003654e-01  6.7809940424e-01 -3.8878528355e-03 -5.5943285373e-02  1.2654160811e+00 -2.2507211121e+00  1.3685628862e+00 -2.2346080376e+00  4.5142794974e+00  2.2021796795e+00 -1.7149549748e+00  5.2685329860e+00  1.8193364927e+00  6.8176591292e-01 -1.0526919701e+00  8.4491425654e-01 -3.3306918973e+00  4.6821396965e+00  1.5443213114e+00  1.5286995830e+00  1.8000072815e+00  2.2598845210e+00  2.1356362909e-01  3.8421943697e+00 -9.8045682780e-01 -1.8021962433e+00  7.5639287709e-01  1.1790630203e+00  2.6697756588e+00 -3.2795320334e+00  5.5305616504e-02  1.7121273439e+00 -4.2870394157e+00  1.5083360583e+00  9.5655719949e-01 -3.5966680159e+00 -1.1872015667e+00  3.9093612875e-01 -2.7357490973e-01 -9.4817797803e-01  1.7245178276e+00 -2.1125472135e+00
ENERGY -7.162886591415e+02
GRADIENT -3.5483849630e-03  1.4548787418e-03  2.5778554007e-03  5.5771399389e-05  4.8478714712e-05  6.8387894805e-05  1.9601194333e-05  2.1509215709e-05  4.4282597768e-06  4.5722065784e-03 -4.1214101782e-03 -4.7499384402e-03 -4.4276970871e-05  3.4955771617e-05  3.4880839218e-05 -1.5152958872e-03 -3.7481397911e-03 -1.7344471072e-03  3.9812999580e-06  1.9371305050e-05  9.1365193946e-06 -1.5446865821e-05 -1.0761777227e-05  5.4010607464e-06  4.2828404334e-04  6.3300151652e-03  3.8997617028e-03 -3.9481279649e-05 -6.4634416247e-05 -2.3457073000e-05  2.0258957775e-04 -1.1024338098e-04 -1.3838712189e-04 -5.8890337278e-05  2.7913549120e-05  4.6212012225e-05  1.3537641110e-05 -1.5517549930e-06  6.4750779286e-06 -7.6099306414e-05  3.6237113268e-05  5.1810336123e-05 -3.0398177045e-06 -2.1130833647e-05  6.4298588149e-06  8.0846512113e-06 -1.1832921436e-05  1.2102083672e-05  5.8985610607e-06  7.3228116806e-06 -7.5588668629e-07 -2.5465045583e-06  4.6857712470e-06  5.2340365745e-06 -2.1580623846e-06 -6.1425609257e-07  6.6669051409e-06  3.6352442728e-07  5.9496031768e-06  6.2855674337e-06  4.4702215982e-06  3.0889575672e-05 -3.1408894548e-05  8.9944027566e-06  2.9248198115e-05  2.0279776671e-05

JOB 17
COORDS  1.0713831315e+00  6.1771195813e-01  2.1250014313e+00  1.4789802446e+00 -1.4234868708e-01  3.2198512661e+00 -1.3506488319e-01 -1.3072215774e+00  1.3373181330e+00  2.5882372514e-01  2.6622693783e-02  1.1544695562e+00  1.0135087364e+00 -1.4551189340e+00  3.2829832887e+00  5.8994382369e-01  8.1939751094e-01 -1.1163169582e+00  6.8730319459e-01  1.5911581961e+00 -3.4368062848e+00  2.3077142265e-01 -2.0375508891e+00  2.3925777228e+00 -2.1700173439e-01  7.9195836055e-01  4.7973990880e-02 -7.1950175234e-02  1.3191603238e+00 -2.2176247527e+00  1.4128000831e+00 -2.3011715985e+00  4.4518697273e+00  2.1629028237e+00 -1.7707384857e+00  5.2819862581e+00  1.7513586058e+00  4.3605334172e-01 -1.1236056411e+00  9.7510101680e-01 -3.4442517152e+00  4.5169415858e+00  1.3796070325e+00  1.6522433092e+00  2.0119070934e+00  2.1134551014e+00  2.5666542383e-01  4.0011954632e+00 -7.6941263158e-01 -1.7983864705e+00  6.0016310999e-01  1.3221719812e+00  2.4805910659e+00 -3.3431901479e+00 -1.2946532268e-02  1.7291788927e+00 -4.2639351352e+00  1.3269272399e+00  7.3488752599e-01 -3.6516467121e+00 -1.1998788643e+00  6.2971736498e-01 -1.5136388404e-01 -8.5264654853e-01  1.9362926797e+00 -2.0285671517e+00
ENERGY -7.162861809818e+02
GRADIENT -2.8217992236e-03  8.0191830441e-04  1.8368186385e-03 -8.7128001664e-06  1.5168139785e-05 -7.3916651153e-06  7.4606257762e-06 -2.4504766171e-06 -1.2255934028e-05  3.4591757569e-03 -2.4171418320e-03 -3.3393030841e-03 -4.5242258230e-05  1.3138601200e-05  1.1731243369e-04 -1.5906325246e-03 -2.5840886936e-03 -1.0097291696e-03 -4.9466918997e-06  2.6600233640e-05 -2.5307215416e-11 -2.4564512762e-05  4.4309934580e-05  6.4077697780e-06  9.1303512930e-04  4.1913044895e-03  2.4977526741e-03 -7.7966999065e-05 -8.7111634203e-05 -7.8051878509e-05  3.2637142838e-04 -1.3790867197e-04 -2.0626712914e-04 -1.1695865586e-04  5.4847874243e-05  8.2344674313e-05  1.5268557762e-05 -3.2716984489e-06 -1.1606046178e-05 -9.5420611398e-05  3.1722757504e-05  7.3337018915e-05 -9.7256739538e-06 -4.2827947189e-06 -1.0416598461e-06 -1.0046847332e-05 -3.4378551336e-06  3.6632438801e-06  7.6523295605e-06  3.8039662492e-06 -1.4853257625e-05 -3.0756695800e-06  4.1859569406e-06  1.0314932052e-06 -4.8783125775e-06  2.6261368391e-06  9.2329389776e-08  1.2386763077e-06  1.0377003501e-05 -2.9384275200e-06  5.2311167740e-06  3.8148202284e-06  2.9092927086e-06  3.0761625606e-05  4.9759954456e-05  2.0819301867e-05

JOB 18
COORDS  1.2373208359e+00 -4.4954250796e-01  1.3270808864e+00  1.6693539935e+00 -1.2200646967e+00  2.4065453974e+00 -1.0263090253e+00 -8.9600676686e-01  2.0134320651e+00 -1.3394272102e-01 -2.5775835954e-01  1.1344456097e+00  6.8220545263e-01 -1.7839297994e+00  3.2113715857e+00 -1.2280142106e+00 -1.6834813207e-01 -1.0401898725e+00 -2.1946392406e+00  1.4424406680e-01 -3.2654544699e+00 -6.2147116274e-01 -1.6474775094e+00  3.0359530827e+00 -6.4355341203e-01  5.1394635459e-01  5.8081980677e-02 -1.4299127942e+00  6.5323863174e-01 -2.1279401152e+00  1.1022825280e+00 -2.6181365298e+00  4.3787319677e+00  2.3225707279e+00 -2.7352815588e+00  4.5590992282e+00 -1.5138323287e+00 -1.3561719157e+00 -1.0088518359e+00  2.3010154807e-01 -3.1218380229e+00  5.0774000110e+00  1.9582551974e+00 -5.2576804177e-03  6.4515978702e-01  2.7176527256e+00 -1.3981446478e+00  2.6104131915e+00 -2.0981943722e+00 -7.8794138323e-01  1.8693830741e+00 -2.0553643787e+00  8.1986802338e-01 -4.1124694957e+00 -3.2642542542e+00  5.4300921052e-02 -3.0411036788e+00 -1.8161892866e+00 -8.4279970229e-01 -3.5320757558e+00 -2.6810673328e-02  1.2706708510e+00 -2.2137810756e-01 -1.5225664903e+00  1.6426482665e+00 -1.9315660760e+00
ENERGY -7.162875355361e+02
GRADIENT -9.6500209029e-05 -2.8506837304e-03 -2.1149041107e-03 -1.7548937947e-04  5.6229456639e-05 -1.9431584121e-05  1.9308994128e-05  6.8437480774e-05 -8.3085394001e-05  1.7866403145e-03  4.1559655393e-03  2.4374084272e-03  3.5532445692e-05  5.4898701841e-05  2.1905520587e-04  3.1437614130e-03 -6.2213425025e-04 -1.8023652525e-03 -2.8802695550e-05 -1.2920537103e-05  2.0534823336e-06  3.1195610971e-05  5.6581738993e-05 -4.3031015209e-06 -4.8051874409e-03 -7.7837816821e-04  1.1098354525e-03  1.6777051300e-05  1.1134395734e-04  2.9452666734e-04  5.4891090211e-06 -5.5822721112e-04 -3.9010059372e-04 -3.5566616434e-07  1.3840120069e-04  1.7489356164e-04 -1.4076220694e-04 -7.1066158603e-05  4.8799448121e-06  2.7793530850e-05  2.0459472849e-04  1.6737148793e-04  3.8964343191e-06  4.1325443169e-06 -1.3639120051e-05 -2.7948887585e-05 -1.0166198267e-05 -4.5444351204e-06 -7.3827612171e-06  2.1851569177e-05 -8.2639745022e-06 -5.9579737403e-06  1.8762717767e-05  1.3414658978e-05  4.1354082974e-06 -4.7133658204e-07 -1.3858100689e-06  6.4144789244e-06  1.4239103861e-05  2.6089001801e-06  1.0789432120e-04  1.8045988488e-05  2.6512681542e-05  6.2663810086e-05  4.0656114466e-05 -3.2793758841e-05

JOB 19
COORDS  1.2886227415e+00 -4.0430809816e-01  1.3918520771e+00  1.6937851166e+00 -1.1478091070e+00  2.4991185687e+00 -9.8544707804e-01 -1.0227259890e+00  1.9019502407e+00 -7.5206132522e-02 -3.1529029777e-01  1.0913928114e+00  6.9355412965e-01 -1.7891030708e+00  3.2258817249e+00 -1.2630867974e+00 -1.7990926837e-01 -1.0489131172e+00 -2.2866082717e+00  1.9551384613e-01 -3.2381064385e+00 -5.9975952257e-01 -1.7460693388e+00  2.9505870058e+00 -5.3568859178e-01  4.4415051713e-01 -5.2251201569e-03 -1.4101641255e+00  6.3246678346e-01 -2.1522374730e+00  1.0830765568e+00 -2.5943395512e+00  4.4205549480e+00  2.2912243674e+00 -2.6198440411e+00  4.6968486739e+00 -1.7000068675e+00 -1.3183951921e+00 -9.6901503150e-01  2.0077001310e-01 -3.1709277729e+00  5.0471166718e+00  2.0254848015e+00  9.9904034927e-02  7.7095610331e-01  2.7341613970e+00 -1.2463158024e+00  2.7821464741e+00 -2.0480230162e+00 -9.9724130622e-01  1.6803464550e+00 -2.0986823158e+00  8.2070028650e-01 -4.1138795883e+00 -3.3472407862e+00  2.5541895269e-01 -2.9661834501e+00 -2.0536930313e+00 -8.4062856315e-01 -3.4843200292e+00  1.3061431411e-01  1.1380227298e+00 -3.2812314165e-01 -1.3631983755e+00  1.6308187158e+00 -1.9877002778e+00
ENERGY -7.162895964606e+02
GRADIENT  4.2662955150e-04 -2.4739933854e-03 -2.0892057991e-03  1.3985036183e-05 -2.0428021466e-05  1.3646091217e-05 -5.0829811598e-04  7.5517914179e-05 -9.9006342649e-05  1.1551150403e-03  3.4563132362e-03  2.4698591852e-03 -7.7419553299e-05  4.5112926064e-05 -1.3250631622e-04  2.6190002969e-03 -6.4271326307e-04 -1.5084720061e-03 -1.2282610925e-05 -3.2774523091e-05  3.0247059748e-05  4.7938003086e-05  4.7992604888e-05  1.4046919031e-05 -3.8092043075e-03 -6.2828637142e-04  1.3382556695e-03  7.2703028644e-05  7.4816211145e-05  7.0974101874e-06  6.7957508680e-05  2.3764058160e-05 -1.9233873801e-04 -2.4341841155e-05 -6.7633159219e-05  1.5609541583e-04 -2.5767534997e-05 -2.1998482865e-05 -6.2721742750e-06  4.8785349689e-05  7.2951752616e-05 -1.8301828301e-05  5.4796593698e-05  4.2235594612e-06 -1.1681319274e-05  1.1198707315e-06  2.1701556011e-05 -2.7015193990e-05 -3.3698266490e-05 -2.7668795598e-05 -1.4991067123e-05 -2.1629497621e-06 -3.9564558113e-06  1.5034377504e-06 -7.2862316425e-06 -6.2688188036e-06 -5.6829695356e-07 -1.1024554360e-05 -6.7731924897e-06 -2.9395338785e-06 -1.5961044888e-05  5.0310260021e-05  4.1599675264e-05 -5.0750455569e-06  2.1497172552e-06 -1.5755762074e-05

JOB 20
COORDS  1.3171240507e+00 -3.8751240119e-01  1.4216431970e+00  1.6994942802e+00 -1.0874591213e+00  2.5629658746e+00 -9.3854444833e-01 -1.1596017635e+00  1.7892644433e+00 -2.5717150225e-02 -4.0409765505e-01  1.0209090068e+00  7.0132977712e-01 -1.7884549242e+00  3.2360779973e+00 -1.2958793828e+00 -2.0401814386e-01 -1.0904805368e+00 -2.3800561938e+00  2.7317121118e-01 -3.2301427798e+00 -5.7049668007e-01 -1.8350518060e+00  2.8756157537e+00 -4.3763594609e-01  3.3154018571e-01 -1.0294474418e-01 -1.4059105955e+00  6.1373215550e-01 -2.1943972956e+00  1.0653590017e+00 -2.5484875971e+00  4.4653478020e+00  2.2583945173e+00 -2.5110115625e+00  4.8015237687e+00 -1.8623834806e+00 -1.2811808354e+00 -9.7602218167e-01  1.8053034754e-01 -3.1538081350e+00  5.0611615533e+00  2.0572804863e+00  1.6518871784e-01  8.4734099876e-01  2.7233328745e+00 -1.1057578556e+00  2.9145618474e+00 -1.9828599487e+00 -1.2150986246e+00  1.5027796945e+00 -2.1708616193e+00  8.7294343929e-01 -4.1186981683e+00 -3.4120491674e+00  4.4914962579e-01 -2.9040357390e+00 -2.2746950845e+00 -7.8253743300e-01 -3.4809711432e+00  2.6456173423e-01  9.7187948248e-01 -4.5680783829e-01 -1.2311441285e+00  1.6007048614e+00 -2.0492958456e+00
ENERGY -7.162911704692e+02
GRADIENT  3.8853476766e-04 -1.6546299157e-03 -1.2195250414e-03 -6.3148391039e-06  9.1168495200e-06  3.1849468584e-07 -1.7443492115e-05 -1.1943401169e-05  6.6727679795e-06  3.9629488558e-04  2.1661205043e-03  1.2423133560e-03  3.4904194500e-05 -1.4986877798e-05  3.1224513882e-05  1.6004161273e-03 -7.5463784823e-04 -1.1011326263e-03  9.9106358485e-06 -1.2601318974e-05  2.6809934625e-05 -1.1592515868e-05  7.4940429071e-06 -2.1140912103e-05 -2.4784040132e-03  2.1610040281e-04  9.1833310279e-04  1.3504624036e-05  3.1428945599e-05  2.3397530749e-05 -1.6256027986e-05  1.9877254939e-05 -2.9609157804e-05  1.8045585905e-05 -7.9748865393e-06  2.8302823435e-06  9.8681729040e-06  2.8207633045e-05 -6.7271605764e-06 -8.0403648207e-06  5.7345479076e-06  1.6827083591e-05  3.1922476393e-06  1.5730338169e-06  3.0522385697e-07  1.4001678868e-06 -1.7021233597e-06  4.5710838285e-07 -5.0735106774e-07  7.0392103305e-06  1.3730591405e-06 -3.7804008802e-06 -6.4537802414e-07 -5.6947894970e-07  8.8785823328e-06 -3.6243620601e-06  2.9496412259e-06  2.9548906730e-06 -7.2744365569e-06 -3.3746213014e-06  8.4586589129e-05  5.6121121572e-06  1.2325629232e-04  1.5877799596e-05 -9.5355530360e-06 -1.4373430934e-06

JOB 21
COORDS  1.3268581611e+00 -3.9759609647e-01  1.4711805937e+00  1.6901429183e+00 -1.0503562675e+00  2.6441317413e+00 -8.8701157279e-01 -1.3297233900e+00  1.7172692880e+00  1.5596497222e-02 -5.2309086124e-01  9.8556695780e-01  7.0723930305e-01 -1.8126629040e+00  3.2729854577e+00 -1.3245993109e+00 -2.4559438481e-01 -1.0970669065e+00 -2.4588440450e+00  3.5507091945e-01 -3.1797351039e+00 -5.3298946099e-01 -1.9555171985e+00  2.8383581898e+00 -3.5337675399e-01  1.7792146260e-01 -1.6902146218e-01 -1.3978460967e+00  5.8031969746e-01 -2.1992745983e+00  1.0510486216e+00 -2.5259427254e+00  4.5342875051e+00  2.2122784722e+00 -2.3865368975e+00  4.9475292647e+00 -2.0096997586e+00 -1.2481527557e+00 -9.4955617190e-01  1.8232740088e-01 -3.1978873461e+00  5.0806825171e+00  2.0576272242e+00  2.0394412787e-01  9.3482749321e-01  2.6892004817e+00 -9.8419480184e-01  3.0560821873e+00 -1.9040559206e+00 -1.4697475030e+00  1.3721992847e+00 -2.2289896702e+00  9.2675286074e-01 -4.0815984472e+00 -3.4447392195e+00  6.4949399008e-01 -2.8006915826e+00 -2.4899237744e+00 -7.0563795524e-01 -3.4295538928e+00  3.6496402634e-01  7.8991661047e-01 -5.3821735403e-01 -1.1010912923e+00  1.5403932834e+00 -2.0739491807e+00
ENERGY -7.162921023067e+02
GRADIENT  4.4591288504e-04 -6.6487810296e-04 -7.6384807842e-04 -1.7782713482e-04 -1.6594976916e-05 -8.1783732373e-05 -1.3028213974e-04  1.7873769343e-05 -6.7606400674e-05  9.5007421272e-05  8.1764227252e-04  7.3367063709e-04 -8.3306494174e-05 -8.0744006995e-05  4.2032687501e-05  7.8134473930e-04 -5.1608336433e-04 -4.5211070776e-04 -9.9336925937e-06  3.8741503941e-05 -3.9877372815e-05  3.0375866196e-05  3.6326559533e-05 -2.9992947520e-05 -1.1012545742e-03  3.7986811422e-04  4.5664277929e-04  4.0824318250e-05 -4.9987908224e-05  1.6100866887e-05  3.5228118945e-05  2.0618869959e-04 -8.7802205948e-05 -1.6614036623e-05 -1.7353441437e-04  2.1220957631e-04 -1.7640607749e-05 -3.7780445131e-05 -1.7303821311e-06  1.2279800387e-04  1.6148031861e-05 -3.4526069590e-05  2.4403760620e-05  1.1731951742e-05 -2.3942506891e-05 -2.5988013330e-05  1.6700409014e-05 -3.3061742896e-05 -1.2724080286e-05  7.6294644126e-06  5.4150432932e-06 -1.6636946446e-06  1.6953350094e-06 -8.2125141168e-06  1.3149882189e-06  5.4077116546e-07 -1.7464041628e-06  5.5163255602e-07  7.7368158185e-06 -1.9733051113e-06  4.5626246150e-06  6.5081359314e-05  8.9386444109e-05  4.9396286698e-06 -2.7010878643e-06 -9.2663685602e-06

JOB 22
COORDS  1.3248211895e+00 -3.7090443505e-01  1.4837380645e+00  1.6702240875e+00 -9.7585679798e-01  2.6856537311e+00 -8.2458090020e-01 -1.4641159008e+00  1.6247756679e+00  5.5699996247e-02 -6.0369173631e-01  9.2534982730e-01  7.1252499281e-01 -1.7986303312e+00  3.2776165608e+00 -1.3409033812e+00 -2.5804158037e-01 -1.1266873616e+00 -2.5117904105e+00  4.4294255950e-01 -3.1559971074e+00 -4.8619605870e-01 -2.0401985416e+00  2.7779568739e+00 -2.7487529341e-01  4.8885090796e-02 -2.6533659223e-01 -1.3782444070e+00  5.5709465340e-01 -2.2398038096e+00  1.0376269624e+00 -2.4632906769e+00  4.5691604758e+00  2.1607100624e+00 -2.2290189972e+00  5.0413351697e+00 -2.1347134644e+00 -1.1679232306e+00 -9.2675183943e-01  1.9116463561e-01 -3.1866714713e+00  5.0841130128e+00  2.0365540361e+00  2.7955686942e-01  9.7960432366e-01  2.6364755133e+00 -8.2554210259e-01  3.1503670769e+00 -1.8065284461e+00 -1.6863491320e+00  1.2274987869e+00 -2.2674596157e+00  9.6856637408e-01 -4.0817753088e+00 -3.4335810621e+00  8.5810281849e-01 -2.7313674535e+00 -2.6809895491e+00 -6.1060134328e-01 -3.3793082932e+00  4.5918400178e-01  6.2925365246e-01 -6.5288237391e-01 -9.6432688312e-01  1.4772043213e+00 -2.1540351613e+00
ENERGY -7.162925192130e+02
GRADIENT  2.7677448442e-04 -1.3380563706e-04 -2.8007986733e-04 -2.5600877918e-04  2.1067356564e-06 -1.2534449770e-04  9.5225086655e-05  1.0168150359e-05 -3.9932127162e-05 -8.3220086397e-05  2.2310690438e-04  2.0237233642e-04 -7.7870803041e-05 -1.6831415864e-05  2.2880079821e-04  3.5602800757e-04 -1.8629202081e-04 -3.6620325220e-04  1.3575277868e-05 -3.4186391677e-05  5.0048968532e-05  1.6021194941e-05  5.8164113935e-05 -3.4681513014e-05 -2.7461880580e-04  2.0839427928e-04  5.9458795781e-04 -1.9979815884e-04  3.4348290127e-05 -1.5399075624e-04  2.0366689844e-04 -3.7744085910e-04 -3.1149031704e-04 -6.2450443317e-05  5.5985480712e-05  1.9425466441e-04  9.6736508630e-05  1.3355335183e-04  1.2272037463e-05 -2.8606576213e-05  1.8616856357e-04  1.2991743017e-04  9.8400912606e-06  1.5703946443e-05 -2.7589944397e-05 -3.0098395519e-05 -5.4394200409e-06 -2.4142194938e-05 -2.2809273189e-05 -3.7715095852e-06 -1.6642692152e-05 -2.1721060472e-06 -1.0507868331e-05 -5.7556651919e-06 -8.5439082173e-07  1.5065484634e-05 -1.0291324238e-05 -7.4038129777e-06 -1.2071953935e-05 -3.9696619734e-07  4.7837133355e-07 -1.0290014036e-04 -7.9165050885e-05 -1.4985067994e-05 -6.5862172688e-06  4.9327036574e-06

JOB 23
COORDS  1.3118113835e+00 -3.5831370552e-01  1.4961831169e+00  1.6423582193e+00 -9.1855479245e-01  2.7229586458e+00 -7.5693254767e-01 -1.6048358499e+00  1.5524532854e+00  9.2947087786e-02 -6.9384783877e-01  8.7911802999e-01  7.1788154466e-01 -1.7995895068e+00  3.2837303173e+00 -1.3531539346e+00 -2.8449736114e-01 -1.1336284334e+00 -2.5595723260e+00  5.2180605123e-01 -3.1022174151e+00 -4.3415688778e-01 -2.1351219361e+00  2.7323784938e+00 -2.0747139950e-01 -9.8870594580e-02 -3.4780402276e-01 -1.3677020158e+00  5.1960347897e-01 -2.2557166436e+00  1.0282803842e+00 -2.4213889551e+00  4.5997005981e+00  2.1102498551e+00 -2.1024933268e+00  5.1162918058e+00 -2.2301280463e+00 -1.0991812015e+00 -8.7528597886e-01  2.1310249896e-01 -3.1976709286e+00  5.0873313086e+00  1.9963371132e+00  3.3853842453e-01  1.0169618015e+00  2.5699923503e+00 -6.8846910382e-01  3.2316645764e+00 -1.7018624055e+00 -1.8988741771e+00  1.1146438011e+00 -2.3149316345e+00  1.0089558351e+00 -4.0487479381e+00 -3.4039363866e+00  1.0392232936e+00 -2.6314000338e+00 -2.8553061786e+00 -5.0892052778e-01 -3.2987089951e+00  5.2660138971e-01  4.7839061329e-01 -7.3905039740e-01 -8.4766457462e-01  1.3873444310e+00 -2.2156804294e+00
ENERGY -7.162925078422e+02
GRADIENT -2.2961692642e-04  1.7837747089e-04  2.4592656202e-04  6.0563062564e-05  2.5956484717e-05  2.9061792913e-05  8.5684697778e-05  2.6184631494e-05  5.7465434964e-05  1.0997069742e-04 -1.8223064688e-04 -2.6858234318e-04  1.1257782719e-05  8.8067283476e-07 -3.0467847290e-05 -2.1661890128e-04  2.5269912733e-04  2.1195216120e-04 -5.6786734305e-06 -1.9812500065e-05  3.7274557828e-05 -1.1370405199e-05 -2.2296703405e-05  2.1314118822e-05  1.6069245686e-04 -2.9756526574e-04 -3.0954069268e-04  9.3614673495e-05  1.7728607261e-05 -5.0442477660e-05 -5.8821912642e-05  4.4907084757e-05  8.5263286359e-05  1.6091979944e-05  1.0727076907e-05 -6.3698586128e-05 -2.4934930907e-05  9.0538606854e-06 -6.5644209264e-06 -4.4187009259e-06 -3.2713928037e-05 -1.8278063704e-05 -1.5719265489e-05 -7.8566572448e-06  5.5705797068e-06  6.6213271769e-06 -5.8480631648e-06  1.1145985674e-05  7.7198277654e-06  1.3003980681e-05  7.4777918140e-06  9.6282753155e-06 -9.1343373175e-06 -1.3447160673e-06  1.9071519191e-06  6.3622447479e-06 -4.9004482853e-06 -5.4678009566e-06 -3.9218755039e-06  4.5049889893e-06  2.2459842049e-05 -1.0800734965e-05  1.4548955622e-06 -1.5153735659e-05  2.6168247313e-05  2.4376905453e-05

