JOB 0
COORDS  2.2356498019e+00 -1.8958008388e-01 -5.2378092921e-02  2.3037151301e+00 -2.1102085740e+00  1.4353710327e+00  1.3220850216e+00  4.4675169726e-01  7.8887976222e-01  1.3820765586e+00 -1.4779580493e+00  2.2839853107e+00  2.7244683296e+00 -1.4727462591e+00  2.5602562237e-01  9.3023666048e-01 -1.9968439061e-01  1.9655728527e+00  4.7036298549e+00 -3.7782426148e+00 -1.7959806255e+00  3.8893752089e+00 -3.4129765554e+00 -5.6657140383e-01  3.6068535671e+00 -2.0064893422e+00 -6.3835320553e-01 -1.0557025057e+00  4.7497295538e-01  2.9211905037e+00  2.5761099274e+00  2.9385957121e-01 -9.6374327498e-01  2.6720254336e+00 -3.0943067111e+00  1.7032141617e+00  9.3987931319e-01  1.4292543075e+00  5.3252332484e-01  1.0460510210e+00 -1.9820310247e+00  3.1841628548e+00  4.1405066372e+00 -3.5655430471e+00 -2.7090548164e+00  5.6375074331e+00 -3.2095388288e+00 -1.8233439501e+00  4.9472932147e+00 -4.8453317237e+00 -1.7774191654e+00  4.4508136064e+00 -3.6302693319e+00  3.5161884387e-01  2.9464633940e+00 -3.9734487445e+00 -5.3584905941e-01
ENERGY -7.370692697469e+03
GRADIENT -1.3015085720e-03 -7.2009315245e-04 -9.5914911426e-04  5.0549033039e-05 -5.0823101322e-05  1.7632276252e-05 -6.9339514318e-05 -5.5546251195e-05 -1.1431767337e-05 -4.2745013945e-05 -1.2015285464e-05 -5.9493543932e-05  1.2455302991e-03  9.8736638033e-04  8.2956869042e-04  5.1785117204e-05  4.1672140842e-05  3.4626869145e-05 -2.3159952862e-06 -1.8347147456e-06 -7.3844101022e-06 -1.3654815885e-03 -3.5025821283e-04 -1.1183395056e-03  1.3700059004e-03  1.7977947971e-04  1.2862027135e-03  7.2206330429e-06 -8.5474967834e-06 -2.0189126220e-05 -9.2345848812e-08  1.0165667059e-05 -5.4902201459e-06  1.2167206135e-06 -1.7544718768e-05 -3.5827544798e-06  2.3280235346e-05  8.6494479528e-06  4.9030889682e-06  2.1653474776e-05  6.8748459261e-06  6.9934422820e-06  2.0288487115e-06  9.5486979329e-06 -1.2627563459e-06  9.3103626259e-07 -3.9739486791e-06  7.4500852536e-06 -7.4345732403e-06 -1.4615217225e-07 -3.8720748487e-06  2.4953161145e-06  2.2574201697e-05  2.9312282990e-06  7.1340336438e-06 -7.4129881291e-06  5.3382805431e-06

JOB 1
COORDS  2.2604350080e+00 -2.0823289578e-01 -3.8722638102e-02  2.3966266571e+00 -2.0545022805e+00  1.5328321220e+00  1.2956940650e+00  4.1445177566e-01  7.5680307923e-01  1.4236905617e+00 -1.4399727506e+00  2.3337953235e+00  2.8113807940e+00 -1.4456961067e+00  3.3634538275e-01  9.1019925696e-01 -2.0170233301e-01  1.9508938426e+00  4.6601593826e+00 -3.7496810641e+00 -1.8210555348e+00  3.8537703335e+00 -3.4141135293e+00 -5.7783951366e-01  3.7436133460e+00 -1.9808875685e+00 -5.0844606239e-01 -1.1184242680e+00  4.0864800574e-01  2.8362880441e+00  2.5908844699e+00  2.5112741718e-01 -9.6614518821e-01  2.8136957211e+00 -3.0058598768e+00  1.8462805398e+00  8.6562360902e-01  1.3613836794e+00  4.4797160900e-01  1.0935287603e+00 -1.9227529029e+00  3.2476962688e+00  4.1562146903e+00 -3.3807685360e+00 -2.7188179628e+00  5.6543213338e+00 -3.2965377713e+00 -1.7693983291e+00  4.7777939956e+00 -4.8347755104e+00 -1.9071229459e+00  4.3558081048e+00 -3.7931008308e+00  3.2189368059e-01  2.8490552753e+00 -3.8523393172e+00 -6.2341750750e-01
ENERGY -7.370691177096e+03
GRADIENT -2.0532690456e-03 -1.3789303978e-03 -1.3345768216e-03  3.7451373080e-05  1.8978041396e-04  7.5176824140e-05 -7.6124377378e-05 -8.6329927209e-05 -5.8628343402e-05 -1.2714225350e-04 -1.4412347219e-04 -1.0314039062e-04  2.1728473659e-03  1.9657044270e-03  9.8960938204e-04 -2.0338916327e-05  7.1487514504e-05  4.3689287250e-05 -5.3967087286e-06 -6.2135297345e-06 -4.0641950540e-06 -1.9581296840e-03 -5.8488541746e-05 -2.1471990008e-03  1.9659583766e-03 -6.0686047362e-04  2.4716991878e-03  4.3599336048e-06  2.2851460554e-05  1.9724881096e-05 -1.8994442578e-06 -1.5346215153e-05 -3.4441189311e-06 -1.1598185197e-05  3.5885936892e-06 -2.3458640587e-05  1.8132068365e-05  2.9669351185e-06  9.3695636474e-06  2.8829347072e-05  2.8643893580e-05  1.6475246391e-05  1.0776314560e-05  7.0355978445e-06 -1.2240304475e-06  7.0852178192e-06 -6.7964942377e-06  6.8133166679e-06 -1.9294262819e-06 -3.0618501110e-07 -4.7261299037e-06  8.1432868385e-06  2.1278177474e-05  8.5940249658e-06  1.4013430611e-05 -1.6018645232e-05  2.3344373191e-07

JOB 2
COORDS  2.2388882858e+00 -2.5685807600e-01 -5.6881505610e-02  2.4844748441e+00 -1.9940268535e+00  1.6199429166e+00  1.2542722220e+00  3.6683185182e-01  7.1632069476e-01  1.4930964750e+00 -1.3826171500e+00  2.3985915443e+00  2.8517205758e+00 -1.4405574964e+00  3.8212911532e-01  9.1149675663e-01 -1.9702980594e-01  1.9472962698e+00  4.6892311128e+00 -3.7293110940e+00 -1.8083049356e+00  3.7574089798e+00 -3.4135806374e+00 -6.5075460611e-01  3.8107676430e+00 -1.9896731767e+00 -4.2981994888e-01 -1.1287839185e+00  3.6936927670e-01  2.8231015882e+00  2.5357179000e+00  1.6189812591e-01 -1.0144090940e+00  2.9588842630e+00 -2.9016489338e+00  1.9804275020e+00  7.7523460519e-01  1.2723404203e+00  3.5900581083e-01  1.1982990858e+00 -1.8236730929e+00  3.3450753568e+00  4.3682991532e+00 -3.2090896316e+00 -2.7152307142e+00  5.7118587119e+00 -3.4197202072e+00 -1.5740733092e+00  4.6892566350e+00 -4.8065265551e+00 -2.0042074411e+00  4.0753541057e+00 -3.9472997488e+00  2.5401192397e-01  2.7237691491e+00 -3.7034080916e+00 -8.7634425878e-01
ENERGY -7.370689449270e+03
GRADIENT -1.5851507584e-03 -1.3054279832e-03 -1.1047458339e-03 -4.2371900448e-06  2.3049760117e-05  3.3330372932e-05 -1.8598100671e-05 -1.1761644388e-06  7.9940966304e-05 -2.6303494236e-07 -8.1952971308e-06  2.3556348363e-05  1.5517917083e-03  2.0612814554e-03  5.3940081675e-04  6.0106859097e-05  2.5014442330e-05 -4.0737966749e-05 -3.2960183769e-05  5.4240856600e-06 -3.6856315253e-05 -1.4522386629e-03  3.1378193180e-04 -1.9182172418e-03  1.4340705436e-03 -1.1001248545e-03  2.3893333069e-03  1.2629676233e-05 -4.1766275169e-05 -5.4332841279e-05 -1.4258822160e-05 -7.0814156734e-07 -3.0970221256e-08 -3.7055309363e-06  3.8953106845e-06 -1.5236175673e-05 -1.6407410820e-05 -5.0256817806e-06 -1.6925335508e-05 -1.7461533960e-05 -3.8836675869e-06  2.2887998936e-06  1.0512657444e-05  3.5209716717e-06 -6.9881184954e-07  2.5203872810e-06 -5.3574925039e-06  5.5569269807e-06  3.6267315434e-06 -3.3695611324e-06 -4.2985073872e-06  6.7347107157e-05  2.1410774466e-05  1.5884986786e-07  5.3477572904e-06 -9.1245522299e-06  6.5519115308e-05

JOB 3
COORDS  2.1700636681e+00 -3.1282400486e-01 -9.0767312471e-02  2.5901752510e+00 -1.9252730502e+00  1.6708600048e+00  1.1932928861e+00  3.0913736629e-01  6.9657702681e-01  1.6088867634e+00 -1.3197362589e+00  2.4650548314e+00  2.8600774554e+00 -1.4375826062e+00  3.8210837687e-01  9.4077689263e-01 -1.9644790703e-01  1.9728721139e+00  4.7629339276e+00 -3.7671449953e+00 -1.7248988139e+00  3.6190820856e+00 -3.3724505932e+00 -8.0750532151e-01  3.8250346042e+00 -1.9967406689e+00 -4.2305056853e-01 -1.0777470247e+00  3.2505037486e-01  2.9218414444e+00  2.3990985699e+00  6.4138723657e-02 -1.0837827329e+00  3.1377589533e+00 -2.7811776039e+00  2.0554043633e+00  6.5229532082e-01  1.1684315210e+00  3.1442806206e-01  1.3870486581e+00 -1.7138114180e+00  3.4513761627e+00  4.7790467058e+00 -3.1337311331e+00 -2.6164699715e+00  5.7224667634e+00 -3.6638426068e+00 -1.2098375415e+00  4.6473485525e+00 -4.8092909388e+00 -2.0398441306e+00  3.5953325901e+00 -4.0135691031e+00  8.2525200776e-02  2.6496377434e+00 -3.4582261473e+00 -1.3153715964e+00
ENERGY -7.370688501595e+03
GRADIENT -7.6062191513e-04 -6.4070643695e-04 -4.6411464421e-04 -2.0358729453e-07 -5.5145548702e-06 -4.2353314327e-06  6.0977367211e-07 -8.5158221481e-06 -1.7434040653e-06 -1.9789601462e-05 -8.7909763054e-06 -1.0464771205e-05  8.8269434192e-04  1.0981986828e-03  2.7536220684e-04  2.0749790794e-05 -5.6632482079e-06 -4.2388374442e-06  3.8233799694e-06  1.3449069685e-06 -2.8750437498e-06 -5.0221929485e-04  3.1131115173e-04 -8.2304533109e-04  3.7535833064e-04 -7.5782701569e-04  1.0195793428e-03 -1.8691808051e-05 -2.0399529802e-06 -6.2725000474e-06  1.5698982296e-06  3.2212243811e-06 -3.2703971428e-06 -2.9500868035e-06 -1.8237014251e-06  6.3551841597e-07 -3.3310044879e-06 -2.5101823439e-06 -5.6176296500e-06 -1.6233782378e-06 -7.1129183754e-07 -3.6679325134e-06 -1.9414923940e-06 -8.1234220874e-06 -6.6329140293e-06  3.9225895386e-06  1.8829214892e-05 -5.5647591258e-07  1.5265046449e-05 -2.5260487831e-06  1.2646110816e-05 -1.1546753236e-05 -8.2348127095e-06 -7.8079294067e-06  5.6726558239e-06  1.4894258725e-05 -1.1465349844e-05

JOB 4
COORDS  2.1340313976e+00 -4.0303010925e-01 -1.3220115718e-01  2.6456590732e+00 -1.8801406128e+00  1.7201339930e+00  1.1210709838e+00  2.0586895629e-01  6.1997091949e-01  1.6335970802e+00 -1.2857695832e+00  2.4835029311e+00  2.8853419212e+00 -1.4572069501e+00  4.0401415092e-01  8.9952990561e-01 -2.3678753013e-01  1.9250932200e+00  4.8051758097e+00 -3.7752732281e+00 -1.6971113539e+00  3.5894270065e+00 -3.3168236075e+00 -9.1187051434e-01  3.8916393721e+00 -2.0216294349e+00 -3.4951359785e-01 -1.1433416042e+00  2.2077198293e-01  2.8494250377e+00  2.3414286012e+00 -6.9316053839e-02 -1.1454566930e+00  3.2466598704e+00 -2.6801511264e+00  2.1445595380e+00  5.3015254838e-01  1.0078613859e+00  1.9015798750e-01  1.4354074718e+00 -1.6329766414e+00  3.4921953631e+00  5.0376339311e+00 -3.0659488988e+00 -2.4967026746e+00  5.6783695603e+00 -3.8570646455e+00 -1.0432636870e+00  4.6131798423e+00 -4.7551835060e+00 -2.1461373216e+00  3.3503742231e+00 -4.0231006763e+00 -1.0594783424e-01  2.7059916330e+00 -3.2287327189e+00 -1.5583532703e+00
ENERGY -7.370687989508e+03
GRADIENT -2.3377798888e-04 -3.3190779801e-04 -1.5351478463e-04 -4.3345072583e-06  4.9780045165e-05  3.6821103569e-05 -2.0586780223e-04 -1.1376348788e-05 -9.5030358421e-05 -4.0193151631e-05 -1.2436563264e-04  1.0106125295e-04  3.7423123290e-04  6.7697426057e-04  1.2430498075e-04  1.1092053105e-04  3.2602713050e-05 -3.2906395109e-05  4.5926828771e-06  2.4025878299e-06  6.0689863938e-06 -2.0326401394e-04  2.1390168938e-04 -4.3704245023e-04  1.1175790933e-04 -5.5114619412e-04  5.0533925556e-04  7.5494108780e-05 -4.4382911505e-05 -6.0882671410e-05 -3.3148568254e-05  5.8321973741e-07 -7.3255358632e-06  1.2904540329e-05  6.4293144264e-06 -4.6508342189e-06  1.1915038005e-05  2.1400475260e-05 -6.4748923215e-06 -5.3784326393e-06 -1.6991720543e-05  1.0669622022e-05  1.1494540571e-05  5.5651273881e-06  5.0296883793e-06  1.1228589100e-06 -6.7833248983e-06  1.7968042028e-06  8.5308628742e-07  5.1578420891e-06 -1.0763308018e-05 -5.4129106828e-06  1.0472340231e-05  2.4802566023e-06  8.0224137642e-06 -4.2135415572e-06 -8.4838999418e-06

JOB 5
COORDS  2.1210327890e+00 -4.9783674618e-01 -1.3260798317e-01  2.6977634757e+00 -1.8297699475e+00  1.8079675323e+00  1.0968946806e+00  1.2689263873e-01  5.9009156461e-01  1.6780625377e+00 -1.2144879014e+00  2.5452057631e+00  2.9096358234e+00 -1.4916273262e+00  4.6422080371e-01  9.0363023889e-01 -2.3176944518e-01  1.9256776589e+00  4.8007710462e+00 -3.7748597662e+00 -1.6989368081e+00  3.5605131509e+00 -3.2622215742e+00 -9.8926065559e-01  3.9343478560e+00 -2.0834198086e+00 -2.4340012592e-01 -1.1409292715e+00  2.2351028869e-01  2.8463280558e+00  2.3074440710e+00 -2.2061795009e-01 -1.1669347121e+00  3.3300415282e+00 -2.5824734978e+00  2.2716691129e+00  4.7458599999e-01  8.7837198567e-01  1.1552560456e-01  1.5047399566e+00 -1.4976011842e+00  3.5781541870e+00  5.1954727085e+00 -3.0167036555e+00 -2.3816048356e+00  5.5815114205e+00 -4.0286693064e+00 -9.7600965076e-01  4.5572776899e+00 -4.6717444271e+00 -2.2777596279e+00  3.1570591921e+00 -4.0149081802e+00 -2.9850801544e-01  2.7701840999e+00 -3.0032645176e+00 -1.7066970830e+00
ENERGY -7.370687823622e+03
GRADIENT -1.0175145506e-05  4.5667117964e-05 -1.4768767243e-04  4.4712134158e-06 -3.4890127718e-05 -3.7428307675e-05  1.6960657337e-04  2.7595441476e-06  8.9732461384e-05  7.6610817848e-06  3.5431454076e-05  2.7789517752e-05 -8.9785263349e-05 -8.9544819396e-05  4.2440225894e-05 -7.4531800628e-05 -6.9031479074e-05 -1.1392569722e-05  1.3060678687e-06  3.4267308554e-06  2.6600138974e-06  1.9189790334e-05 -3.9396493457e-05  5.9984415837e-05 -9.2632053542e-06  1.2519826142e-04 -5.9533052907e-05 -3.3041013206e-05  1.9659365860e-05  1.7360643675e-05  8.1380024617e-06  7.1528078343e-06 -9.8789161911e-06 -8.2779453895e-06  5.7206491068e-07  7.0197809685e-06 -2.3743779729e-05 -3.1283467327e-05 -3.2329137084e-06 -8.3018710759e-06 -6.3910926871e-06 -2.4031032853e-06  2.8809903510e-06  3.5668088940e-06  2.5437042161e-06 -1.0755180786e-07 -2.9849287219e-07  4.8225698858e-08  2.0779640235e-06  3.9156025940e-06 -2.8596753088e-06  9.8745365206e-07  2.1207204776e-06  2.7193635244e-06  7.8665642509e-07 -8.1201301384e-06 -5.0169754655e-06

JOB 6
COORDS  2.0713425183e+00 -6.1852005374e-01 -1.3888055099e-01  2.7233753568e+00 -1.7989322108e+00  1.8747415998e+00  1.0414576959e+00  2.1132111984e-02  5.6140413860e-01  1.7020296360e+00 -1.1620389040e+00  2.5913399326e+00  2.8994177277e+00 -1.5489265747e+00  5.0730833184e-01  8.8583035448e-01 -2.4795955728e-01  1.9230928357e+00  4.8155621625e+00 -3.7786045825e+00 -1.6909122305e+00  3.5479199131e+00 -3.2023972094e+00 -1.0857900970e+00  3.9358042252e+00 -2.1649869768e+00 -1.5941553435e-01 -1.1511425146e+00  2.1380492851e-01  2.8587291865e+00  2.2267215064e+00 -3.9991697154e-01 -1.1920947395e+00  3.3869069098e+00 -2.5020388161e+00  2.3710059706e+00  3.8768731536e-01  7.2094947478e-01  5.1323522537e-02  1.5600727463e+00 -1.3767011310e+00  3.6453301485e+00  5.3787507441e+00 -3.0022185622e+00 -2.2169944394e+00  5.4564346156e+00 -4.2029170476e+00 -9.1263298960e-01  4.5637171231e+00 -4.5699126268e+00 -2.4044219318e+00  2.9780417298e+00 -3.9696734529e+00 -5.4511827191e-01  2.8969240870e+00 -2.7814624546e+00 -1.8632140662e+00
ENERGY -7.370688071596e+03
GRADIENT  4.6040033085e-04  5.0509114796e-04  2.9615018735e-04 -1.4698317028e-04  9.0269466706e-05 -1.9622181751e-05  5.6155559086e-06 -5.2054073891e-05  1.9700467143e-05  3.0339192390e-05 -6.8420958025e-05  3.0521999521e-08 -4.6003661363e-04 -1.0287470475e-03 -7.7641889241e-05 -1.7159024893e-04 -1.3246646721e-04 -4.3691965090e-05  8.3288577758e-06 -3.3881721041e-05  1.3453204843e-05  7.1875886059e-05 -4.8421674247e-04  5.8500001119e-04  1.9857168175e-04  9.9153967918e-04 -8.0867516450e-04 -4.2516030895e-06  1.1037175314e-04  5.7670033147e-05  4.6821576113e-06 -2.1987421235e-05  3.7095384964e-06 -1.1044637096e-07  1.1174207005e-05 -3.4243680751e-05 -3.6477496305e-06  5.3080594464e-07  1.0074340677e-05 -1.3999119403e-05  2.0162218596e-05  3.6437319629e-06  8.6463320631e-06  6.9422119469e-06  1.0990381566e-05 -1.2954386807e-06 -7.8238975655e-06 -2.6324590655e-06  6.5346287340e-06  1.2747620701e-05 -1.6470445296e-05 -2.7107698936e-05  1.2664400509e-05 -8.1549695677e-06  1.2238612661e-05 -1.1928736530e-06 -3.5398145058e-05

JOB 7
COORDS  2.0224131354e+00 -7.2562237757e-01 -1.3671919103e-01  2.7478385957e+00 -1.7596229747e+00  1.9341926725e+00  1.0078054360e+00 -4.9969681392e-02  5.5182154218e-01  1.7444266041e+00 -1.0814455115e+00  2.6365822641e+00  2.8785746311e+00 -1.6041863592e+00  5.4716813957e-01  8.9793136773e-01 -2.2293194056e-01  1.9332373810e+00  4.8219962563e+00 -3.7843227739e+00 -1.6811880475e+00  3.5453069059e+00 -3.1424605745e+00 -1.1673314784e+00  3.9082010458e+00 -2.2639680688e+00 -8.1564575184e-02 -1.1150878017e+00  2.8248821895e-01  2.8992090838e+00  2.1380834382e+00 -5.7063307015e-01 -1.2056095814e+00  3.4334622989e+00 -2.4223710917e+00  2.4549643520e+00  3.3224579561e-01  6.0905396094e-01  1.6342991341e-02  1.6386334271e+00 -1.2234894350e+00  3.7069986633e+00  5.5185928468e+00 -3.0213678903e+00 -2.0407601783e+00  5.3133491448e+00 -4.3552785097e+00 -8.8812799867e-01  4.5923749205e+00 -4.4636097095e+00 -2.5084984480e+00  2.8393947734e+00 -3.8957187658e+00 -7.9418651851e-01  3.0489199618e+00 -2.5750261888e+00 -1.9641566692e+00
ENERGY -7.370688644164e+03
GRADIENT  7.0995072169e-04  9.7141053562e-04  9.5063773122e-05  1.4978035921e-04 -1.1834986908e-04 -1.4622582774e-05  8.6369011613e-05  3.8653169413e-05  5.4801822009e-06  2.5576637672e-05  1.3164740207e-04 -2.8159445456e-05 -1.4823182513e-03 -1.9060138371e-03  2.3981329779e-06  9.7899759680e-05  1.5232642324e-04  9.9109250303e-05 -7.9422337850e-06  3.0549063997e-05 -1.6411954413e-05 -1.0741559245e-04 -8.0758848596e-04  6.1927655160e-04  5.6286191965e-04  1.7273493176e-03 -7.4941339302e-04 -2.3356787115e-05 -1.5826803865e-04 -7.0837880930e-05 -7.9540434379e-06  1.7550360022e-05 -8.4831562957e-06  5.9001481906e-07 -1.2798841030e-05  3.4671329036e-05 -1.8310013659e-05 -3.0523492707e-05 -4.0992200346e-06 -1.4028150139e-05 -4.4955224834e-05 -1.3144588473e-05  3.9545779462e-06  1.8786949286e-06  2.3348216059e-06  3.2610165065e-07 -7.6949767622e-07 -2.2362800849e-06  2.9168188221e-06  1.0979909686e-06  2.3152485054e-07  3.1845812290e-05 -1.3934958979e-05  1.9762309933e-05 -1.6070987293e-05 -3.6764036924e-05  2.1881439639e-05

JOB 8
COORDS  1.9141416850e+00 -8.5109922969e-01 -1.4760130328e-01  2.8044693190e+00 -1.7189971092e+00  1.9376036310e+00  8.9705142047e-01 -1.9607029162e-01  5.5882995708e-01  1.7988763773e+00 -1.0620013631e+00  2.6534164799e+00  2.8559467527e+00 -1.6369746530e+00  5.3732854834e-01  8.6826487960e-01 -2.9303787045e-01  1.9505525234e+00  4.8092715709e+00 -3.8666667210e+00 -1.6113795416e+00  3.6122898448e+00 -2.9815181899e+00 -1.3083463272e+00  3.8982121843e+00 -2.2725810277e+00 -8.6032226092e-02 -1.1202443035e+00  1.5326554509e-01  2.9920691008e+00  1.9608916842e+00 -7.5038351662e-01 -1.2275647329e+00  3.5559256520e+00 -2.3084245990e+00  2.4554349544e+00  1.5750218378e-01  3.9155861024e-01  2.4752508180e-02  1.7554989501e+00 -1.1479601817e+00  3.7341318224e+00  5.7147341169e+00 -3.2633864727e+00 -1.7240376947e+00  4.9704565514e+00 -4.5872625573e+00 -8.0461154354e-01  4.6407739886e+00 -4.4163691527e+00 -2.5431519107e+00  2.6985376723e+00 -3.5737682675e+00 -1.1761201717e+00  3.4458933916e+00 -2.2683993070e+00 -2.1259947494e+00
ENERGY -7.370689716295e+03
GRADIENT  1.5356780157e-03  2.0729256040e-03  4.2990169224e-04  1.2835800272e-05 -1.7335029276e-04  5.2221085628e-05 -1.1571211488e-04  1.8321205211e-04 -6.2274018430e-05  1.5667281545e-05  7.0760243665e-05  5.3930655380e-05 -2.7377576165e-03 -4.4245762328e-03  1.7448861647e-04  1.6541172968e-04  1.9579957088e-05 -7.0755554075e-05 -1.7217609483e-05 -2.4409000747e-05  1.0985335608e-05 -5.2797385414e-04 -2.1504262639e-03  1.3518103542e-03  1.5906455591e-03  4.4862383440e-03 -1.7844063846e-03  6.8809740053e-05 -1.4100964110e-04 -9.2023481753e-05 -7.4161632681e-06 -4.8433733015e-06 -1.7149432990e-05  9.9323230045e-06  2.2789915244e-06  1.1815160077e-05 -2.5414616981e-05 -1.2659486803e-06 -2.6663216214e-05  2.5375565178e-06 -1.9088798944e-05  1.2555650501e-05  1.9034627254e-06  2.3732748732e-06 -4.1305422499e-06  1.8161803423e-07  5.7076812611e-06  6.5773457537e-07  2.5278986208e-06  1.2101244674e-06 -5.5788435420e-06 -1.7964459791e-05  3.6176571856e-05 -2.7467563598e-05  3.9401643665e-05  2.0120321498e-05 -1.0685011346e-05

JOB 9
COORDS  1.8591901620e+00 -9.7447419077e-01 -1.3864569694e-01  2.8250118961e+00 -1.6873568702e+00  1.9733978565e+00  8.5361164038e-01 -2.8836496237e-01  5.5678301048e-01  1.8309962623e+00 -1.0005154407e+00  2.6740491282e+00  2.8343739156e+00 -1.6986576726e+00  5.6787924362e-01  8.6917413798e-01 -2.8947058246e-01  1.9506347999e+00  4.7886897448e+00 -3.8820978715e+00 -1.6232546227e+00  3.6633938012e+00 -2.8991196265e+00 -1.3477370830e+00  3.8681246989e+00 -2.3667747295e+00 -2.6876026688e-02 -1.1024497744e+00  1.9735096346e-01  3.0215428257e+00  1.8658107642e+00 -9.4376806563e-01 -1.2231149153e+00  3.6016184085e+00 -2.2291583930e+00  2.5058854249e+00  8.9292792511e-02  2.5142509512e-01  7.2738765383e-03  1.8212888913e+00 -1.0152440030e+00  3.7588772820e+00  5.7599776761e+00 -3.3830209303e+00 -1.5606295887e+00  4.7714482955e+00 -4.7011247257e+00 -8.9873166328e-01  4.6789078909e+00 -4.3021943994e+00 -2.6282850704e+00  2.6842956724e+00 -3.3920206911e+00 -1.3922496954e+00  3.6738724689e+00 -2.0836077564e+00 -2.0826565449e+00
ENERGY -7.370691445755e+03
GRADIENT  1.6849845352e-03  2.4273987403e-03  1.2549493526e-04  7.2372923112e-05 -6.2988089438e-05 -3.6314536105e-05  5.4686325162e-06 -3.0236289144e-05  3.5031185623e-06 -5.7404440170e-05  2.6735930936e-05 -2.8142121028e-05 -3.1090452410e-03 -4.8956911704e-03  3.3526023358e-04  5.6852388193e-05 -2.2653331128e-07  1.5020992994e-05  4.9221903708e-06  6.8657212979e-06 -4.6973281749e-06 -8.7008509773e-04 -2.3016749076e-03  1.0946093831e-03  2.2630214888e-03  4.8291664972e-03 -1.5261770020e-03 -6.1607209489e-05  6.5987548951e-06  3.1960890631e-05 -1.8850839487e-06 -4.0657634389e-06  1.3883143027e-06  2.0996690359e-06  3.3950016714e-06  4.8453942675e-06  1.2317889645e-05  2.1379259197e-06 -1.8546344602e-06  1.8472189386e-05 -4.1508302956e-06 -3.9178754746e-06  3.9273522592e-07  1.1532674407e-06  2.2680847789e-06  7.1420522928e-09 -2.2137551715e-06 -3.5516138999e-06  9.2801117363e-07  3.5256943053e-06 -6.1190928237e-07  2.0923059622e-06 -8.7462466851e-06  2.6391052913e-06 -1.1108319779e-05 -2.1732587612e-06 -7.1158346776e-06

JOB 10
COORDS  1.8059092243e+00 -1.0957857796e+00 -1.3533853649e-01  2.8110315901e+00 -1.6964399817e+00  1.9950818578e+00  8.2680049079e-01 -3.5310342349e-01  5.4237311331e-01  1.8429139792e+00 -9.5677369638e-01  2.6750604807e+00  2.7901248651e+00 -1.7873972634e+00  5.9081552638e-01  8.7660124301e-01 -2.7144718426e-01  1.9316176655e+00  4.8043387946e+00 -3.8613093436e+00 -1.6660451555e+00  3.6834125618e+00 -2.8830676243e+00 -1.3587950355e+00  3.7919181678e+00 -2.5239606030e+00  2.7483897600e-02 -1.0748632535e+00  2.9953080874e-01  3.0175129417e+00  1.7804278542e+00 -1.1293045017e+00 -1.2188118649e+00  3.5920642977e+00 -2.2180389342e+00  2.5410605397e+00  5.6623521239e-02  1.6308114872e-01 -2.1383174720e-02  1.8577378357e+00 -9.0760608857e-01  3.7588339000e+00  5.7789830258e+00 -3.4045881210e+00 -1.4716074861e+00  4.7126637213e+00 -4.7597911718e+00 -1.0492898330e+00  4.7628752418e+00 -4.1559986432e+00 -2.7195194451e+00  2.7013116552e+00 -3.3364987894e+00 -1.5433872716e+00  3.7705801477e+00 -1.9822159139e+00 -1.9804250678e+00
ENERGY -7.370692818520e+03
GRADIENT  9.1151863194e-04  1.2295832717e-03 -1.2378380911e-04  7.8841482727e-05 -3.6595125434e-04  1.3753461127e-04  1.8949935937e-05  5.4569576798e-05 -1.3960960165e-06  9.3614152127e-05  1.3949196153e-04 -2.1470961587e-04 -1.9644259856e-03 -2.5303227503e-03  3.3897599729e-04 -4.8603489082e-05 -2.9666220268e-05  1.5964877527e-05  6.2106440041e-07 -3.0396521470e-06  1.3783181114e-06 -7.5136369838e-04 -1.3026690117e-03  3.9194120216e-04  1.6414777977e-03  2.7679811018e-03 -5.4738990324e-04 -2.1976378260e-06  1.5040685439e-05  1.2477227536e-05  2.1573324026e-06  2.7908137976e-05 -3.8779590416e-06  4.5344385391e-05  3.0688895475e-05  1.9402979798e-05 -1.4273658488e-06  8.6017555597e-06  2.9159983550e-07 -1.7110772570e-05 -2.5985709997e-05 -7.9737062904e-06 -8.7532640799e-07  7.8702597417e-07 -7.3259202220e-06  3.4073177284e-06  3.6374889084e-06  7.6986338992e-06 -7.4830620253e-06 -7.0832020693e-06  3.9820623140e-06  6.0858795597e-06  1.5244182176e-06 -1.2335066343e-05  1.6192811159e-06  1.1082501708e-05  1.6843297870e-05

JOB 11
COORDS  1.7505364288e+00 -1.1830626988e+00 -1.2233032864e-01  2.8050884349e+00 -1.6958668037e+00  2.0062835718e+00  8.1153940712e-01 -3.7990309523e-01  5.4552376437e-01  1.8753457559e+00 -9.0112235267e-01  2.6761703342e+00  2.7413077260e+00 -1.8586895658e+00  6.0904765315e-01  9.0489006645e-01 -2.2821793724e-01  1.9260618150e+00  4.8247262804e+00 -3.8364506613e+00 -1.6780356502e+00  3.6922604965e+00 -2.8770896440e+00 -1.3551220973e+00  3.6886253839e+00 -2.6770848896e+00  6.5814616632e-02 -1.0073961441e+00  4.3784518796e-01  3.0379173824e+00  1.6829791000e+00 -1.2762695331e+00 -1.2003185945e+00  3.5877179870e+00 -2.2115106099e+00  2.5555577882e+00  3.5203404673e-02  1.2275225734e-01 -2.1782063051e-02  1.9257395673e+00 -7.9625564821e-01  3.7549335957e+00  5.7842974498e+00 -3.4243718688e+00 -1.3528899017e+00  4.6721644666e+00 -4.7968795050e+00 -1.1776134087e+00  4.8687273533e+00 -4.0098142219e+00 -2.7579990057e+00  2.7257526474e+00 -3.2904933211e+00 -1.6713354438e+00  3.8368144388e+00 -1.9131661895e+00 -1.8604265153e+00
ENERGY -7.370693162332e+03
GRADIENT -3.3407222668e-04 -4.7145319801e-04  2.5954608780e-05  2.0961786348e-05  1.5899516337e-04 -4.2964180492e-05 -4.3329743298e-05 -2.3354809410e-04  1.3698836741e-04 -1.8070518473e-04 -2.0817640618e-04  2.0675898728e-05  8.7634394844e-04  1.0840813958e-03 -1.7096238319e-04  5.6006584657e-05  1.9259943772e-04  9.5840891001e-06 -3.7327072881e-08  2.8548738254e-06  1.4197707740e-06  4.0659419840e-04  5.2879932139e-04 -5.2879856049e-05 -8.3083883888e-04 -1.0866604951e-03  1.2125044282e-04 -1.0759843505e-05  3.7956701788e-05  1.6993730869e-05  8.3393756582e-06 -2.3088110908e-05 -1.2171203007e-05 -8.2321936889e-06 -5.0035171759e-06 -9.8607733812e-06  4.6586593362e-05  3.0607120605e-05  1.7584444703e-06  3.9166363466e-05  6.0260460578e-05 -1.5542208166e-05 -1.9735968292e-06 -9.9819274534e-06  1.8187801105e-05 -1.4407895149e-05 -4.2483743127e-06 -1.0681102399e-05  1.0747723776e-05  1.2469480662e-05  1.4973609482e-07 -2.0739573543e-05 -6.1709446967e-06  3.1499292882e-05 -9.2402006667e-06 -1.8063855279e-05 -3.2845149723e-05

JOB 12
COORDS  1.6642607072e+00 -1.2589528667e+00 -1.2310453047e-01  2.7758803146e+00 -1.7100621936e+00  1.9905841708e+00  7.6798622969e-01 -4.0613549981e-01  5.4181080983e-01  1.8860298977e+00 -8.6855440821e-01  2.6575272697e+00  2.6638347897e+00 -1.9256666415e+00  6.0401758234e-01  9.0552707914e-01 -2.0385649616e-01  1.9128732901e+00  4.8551344842e+00 -3.8081971287e+00 -1.6594814292e+00  3.7007673131e+00 -2.8682614846e+00 -1.3571997732e+00  3.5505952627e+00 -2.8153369635e+00  6.9516162121e-02 -9.4734038609e-01  5.4188144967e-01  3.0512509018e+00  1.5555381016e+00 -1.3996564642e+00 -1.1928763498e+00  3.5624782550e+00 -2.2243491266e+00  2.5354585186e+00 -1.6625614193e-02  8.9884687569e-02 -1.9829701551e-02  1.9734995696e+00 -7.2309931984e-01  3.7292539323e+00  5.7824727893e+00 -3.4382756241e+00 -1.2129066306e+00  4.6527544765e+00 -4.8070570710e+00 -1.2625361940e+00  4.9969168566e+00 -3.8867852897e+00 -2.7421441696e+00  2.7722194628e+00 -3.2346381437e+00 -1.8143888148e+00  3.8991000851e+00 -1.8596037509e+00 -1.7418057862e+00
ENERGY -7.370692138027e+03
GRADIENT -1.6966602493e-03 -2.0783797420e-03 -1.9985230293e-04  1.2407267485e-05 -2.5104038380e-04  1.0094454389e-04  1.5533589997e-04 -1.2409096535e-04  2.9289263814e-04  7.5945559421e-05  7.2640996941e-05  1.0660148816e-04  3.3650502903e-03  4.2996744730e-03 -5.3123707228e-04  1.6805151799e-04  7.3272794088e-05 -1.1300162727e-04  5.7524684324e-06  1.1405320429e-05  1.0584322842e-05  1.7452282213e-03  1.6207534923e-03  1.0087472227e-04 -3.8413326549e-03 -3.4916865907e-03  2.3329575659e-04  2.2312935131e-06 -1.1431413190e-04 -6.2684896310e-06 -4.8503985050e-05 -1.0767503238e-05 -4.4034764162e-05  2.5979958317e-05  2.7293485905e-05  6.0262613624e-05  4.9653227699e-05 -2.6096036586e-05 -2.9314833711e-05  1.3989781380e-05 -4.2716256587e-06  1.5344194379e-05  1.1399586061e-05  1.0160148551e-05 -1.6145905765e-05  1.7991063139e-05  8.7776111018e-07  1.6275743585e-05 -2.0641444048e-05 -1.1805736428e-05  4.9702091793e-06 -3.7186293714e-06  1.5016250092e-05 -6.4423155868e-06  2.1733112449e-06 -9.5529113132e-06  7.0853723478e-06

JOB 13
COORDS  1.5681479238e+00 -1.3415084845e+00 -1.1390870952e-01  2.7785422337e+00 -1.7243162535e+00  1.9553412630e+00  7.2595122403e-01 -4.3863202125e-01  5.5304240115e-01  1.9393076180e+00 -8.3476924552e-01  2.6284171689e+00  2.5910332110e+00 -1.9985458081e+00  5.8922333862e-01  9.3515730807e-01 -1.8092715621e-01  1.9072847523e+00  4.8824520721e+00 -3.7904306248e+00 -1.6382082598e+00  3.7234683926e+00 -2.8481334066e+00 -1.3611571176e+00  3.4180108491e+00 -2.9398807232e+00  4.1136410195e-02 -8.3129008667e-01  6.5677632286e-01  3.0957351133e+00  1.4039277587e+00 -1.5317789486e+00 -1.1694484669e+00  3.5821795147e+00 -2.2303831678e+00  2.4826711496e+00 -7.4932722641e-02  5.2344299678e-02  1.0216428748e-02  2.0824380688e+00 -6.4723165786e-01  3.6875670987e+00  5.7624506896e+00 -3.5022857736e+00 -1.0561812998e+00  4.6141452675e+00 -4.8180699746e+00 -1.3767266109e+00  5.1414804246e+00 -3.7595176073e+00 -2.7015269984e+00  2.8454286507e+00 -3.1349975595e+00 -1.9543556444e+00  3.9834492479e+00 -1.8115758263e+00 -1.6100322887e+00
ENERGY -7.370690498617e+03
GRADIENT -1.8837341362e-03 -2.0547568117e-03  7.4358322439e-04  1.4522644271e-05 -6.6697438143e-05 -3.1456916314e-05 -5.0275728260e-05 -1.5024296567e-04 -9.6698374203e-06 -2.0542703541e-05  2.3114689327e-05 -3.8278319535e-05  4.0405729850e-03  4.1929565190e-03 -8.7632888226e-04  1.6089272170e-05  6.8049643956e-05  7.3011871438e-05  4.1868349567e-07 -4.3940889876e-06 -8.0290584458e-07  2.1487897040e-03  1.5801917622e-03  5.5548231705e-04 -4.2779129654e-03 -3.5866426730e-03 -4.0798691474e-04  3.0530237929e-05 -1.4985426058e-05 -5.2272875875e-06 -4.1965631476e-06 -1.5217444118e-05  2.6000090709e-06  1.3512275016e-05  1.1662456598e-05  4.4401250034e-06  2.3297504705e-05  2.2127641973e-05  6.2015671416e-07  2.8733631890e-06 -1.0714861249e-06  1.1143045906e-06 -5.6878086955e-06 -1.1582208883e-05  1.4696144078e-05 -2.7708016778e-06 -3.7041463563e-06 -2.5059854877e-05  1.3661893715e-05  1.8063698098e-05  1.8335513395e-06 -1.1630365992e-05 -1.7212394742e-05  2.3029884079e-05 -7.8640273198e-06 -6.6939391638e-06 -2.2103104869e-05

JOB 14
COORDS  1.4615820744e+00 -1.4252170997e+00 -1.0878745094e-01  2.7857035754e+00 -1.7080871305e+00  1.9037236398e+00  6.5477907657e-01 -4.8951963952e-01  5.5380781864e-01  1.9810587043e+00 -7.8503317990e-01  2.5777268225e+00  2.5211262781e+00 -2.0504667556e+00  5.6801953903e-01  9.3787377469e-01 -1.6811457980e-01  1.8819728670e+00  4.8836327665e+00 -3.8017388674e+00 -1.6151739947e+00  3.7854523869e+00 -2.7892939144e+00 -1.3387752853e+00  3.3102292366e+00 -3.0190465231e+00  2.2575272915e-03 -7.6261000833e-01  7.2567825336e-01  3.1219162723e+00  1.2440243866e+00 -1.6727247663e+00 -1.1432696573e+00  3.6183671833e+00 -2.1877614848e+00  2.4103262400e+00 -1.7513967965e-01 -2.4114151381e-02  3.2450456583e-02  2.1781171176e+00 -5.4859813457e-01  3.6182549502e+00  5.7128623861e+00 -3.6740526008e+00 -9.1354946596e-01  4.4999537288e+00 -4.8214606021e+00 -1.5171666465e+00  5.2639442382e+00 -3.6708372260e+00 -2.6335527470e+00  2.9639868363e+00 -2.9119732723e+00 -2.0562661439e+00  4.1601470046e+00 -1.7609222206e+00 -1.4164270834e+00
ENERGY -7.370688914796e+03
GRADIENT -1.3021283139e-03 -1.6354934393e-03  1.3657390754e-03  1.1046897446e-04  1.0750568397e-04  1.4098643695e-04 -3.4624628218e-04  2.1816675919e-04 -1.7678307451e-04  3.2026114490e-05 -1.0998174956e-05 -1.8666927415e-04  3.1965999872e-03  2.7722073920e-03 -1.0175021855e-03  7.1960671893e-06 -6.2655163309e-05 -5.3223755480e-05 -6.4719631432e-06 -6.1210673997e-06 -3.6100358700e-05  1.7669434885e-03  9.9769628080e-04  8.8012145019e-04 -3.4182372403e-03 -2.4170440644e-03 -7.9761824547e-04 -4.9646466872e-06 -7.1357576081e-07  8.7648898978e-07  2.0470995301e-05  2.4514102841e-05  7.7776267180e-06  1.9416140336e-05 -2.6544704247e-05 -4.5306903749e-05 -2.9724084243e-05  1.7821407040e-05 -7.5043688483e-06 -1.8935912722e-05 -3.2078254653e-05 -5.2363719619e-06 -8.9751811425e-06 -4.1259232447e-06  5.7334430699e-06 -3.7833967365e-06  3.1710931458e-06 -1.5225537583e-05  1.5284503886e-05  7.4639208824e-06 -2.7268916313e-07 -9.2914590924e-06  1.4992067366e-05 -1.3767834763e-05  5.9022571575e-06 -4.6557368385e-07 -2.2487533871e-05

JOB 15
COORDS  1.3246738190e+00 -1.4839165982e+00 -1.3255183220e-01  2.7400816440e+00 -1.6162280570e+00  1.8321139106e+00  5.2459843889e-01 -5.2825573459e-01  5.0686980286e-01  1.9418947167e+00 -6.7115245855e-01  2.4866914078e+00  2.4242683553e+00 -2.0451055470e+00  5.3504916604e-01  8.5497375785e-01 -1.2336781190e-01  1.8021157502e+00  4.8044754916e+00 -3.8434172078e+00 -1.6016489661e+00  3.8568088890e+00 -2.7055101719e+00 -1.2655587895e+00  3.1977722395e+00 -3.0353951290e+00 -2.5087609515e-02 -8.1421193089e-01  8.0282164997e-01  3.0611086597e+00  1.0709543658e+00 -1.8081355407e+00 -1.1377895850e+00  3.6030861814e+00 -2.0481968455e+00  2.3310561922e+00 -3.3936939647e-01 -1.1478320098e-01 -2.7439573734e-03  2.1755104128e+00 -3.6931412587e-01  3.5024342395e+00  5.5516721932e+00 -3.9694941625e+00 -8.1289968835e-01  4.2548366616e+00 -4.7828935897e+00 -1.7116354633e+00  5.3226266231e+00 -3.6318763154e+00 -2.5427346758e+00  3.1148676823e+00 -2.5726064741e+00 -2.0632619909e+00  4.3972004673e+00 -1.7583117640e+00 -1.1398390187e+00
ENERGY -7.370687802088e+03
GRADIENT -7.2933440622e-04 -9.1967794646e-04  4.7146215622e-04  5.5324153136e-05  3.6056463232e-05  2.9725207274e-05  3.0771612193e-05  1.6073822625e-05  3.6388154378e-05  2.4792198052e-05 -3.3857381898e-05 -8.4314344766e-06  1.5584319149e-03  1.5297259371e-03 -5.1148370468e-04 -9.8440707218e-06  1.6721093522e-05 -1.1775342086e-05 -6.9941690938e-07 -1.1394200939e-06  2.1345956870e-06  9.4250237775e-04  4.0502937604e-04  6.2087427313e-04 -1.7883008677e-03 -1.0283582845e-03 -5.9339209006e-04 -1.1956229137e-05 -1.3065092536e-05  1.5823725942e-05 -5.8016460632e-06 -2.2364182457e-06  2.5611080239e-06  6.7751228115e-06 -6.5776401881e-06  7.9867235392e-07 -1.3649561337e-06 -2.1040390964e-05  1.1179947761e-05  6.8437352007e-06 -1.3506944798e-08 -1.4527514200e-06 -4.0077927609e-06 -7.8269180014e-06  6.9606009408e-06  4.3726978658e-06  1.0122087220e-06 -1.8022642085e-05  1.1027329499e-05  1.3442526711e-05  7.3754931495e-06 -1.4404533541e-05 -2.0651812592e-05  6.7531553622e-06 -3.9778792372e-06  4.9334647656e-06 -2.7303855221e-05

JOB 16
COORDS  1.2447263611e+00 -1.5676515452e+00 -9.2981336121e-02  2.7752482286e+00 -1.5464670818e+00  1.7871029670e+00  4.4215611252e-01 -6.1216988212e-01  5.4281279589e-01  1.9782291949e+00 -5.9738516358e-01  2.4396127632e+00  2.4000036160e+00 -2.0541365663e+00  5.3619807810e-01  8.2981764637e-01 -1.3186779155e-01  1.7963065086e+00  4.7434057140e+00 -3.8647166773e+00 -1.6366116164e+00  3.9756328856e+00 -2.6470508933e+00 -1.1539159048e+00  3.1573295592e+00 -3.0530935226e+00 -3.6832407275e-02 -8.0057016588e-01  7.8901905219e-01  3.1085445993e+00  9.5403772429e-01 -1.9594868410e+00 -1.0641391376e+00  3.6801058300e+00 -1.9207550163e+00  2.2582611171e+00 -4.6757183294e-01 -2.6128236615e-01  6.7016621020e-02  2.2556862265e+00 -2.3544737350e-01  3.4241453017e+00  5.3786755375e+00 -4.2615886109e+00 -8.3948309603e-01  4.0553613541e+00 -4.6530587692e+00 -1.9557630012e+00  5.3792322634e+00 -3.5927842165e+00 -2.4855488458e+00  3.3396085139e+00 -2.2420605273e+00 -1.9520027859e+00  4.6569156440e+00 -1.8498437955e+00 -8.2707308044e-01
ENERGY -7.370687331623e+03
GRADIENT -2.5200455915e-04 -3.6456089211e-04  2.3175401254e-04  9.0130711761e-05 -1.4237982529e-05  2.9104156343e-05  3.2882182156e-05 -3.0407264036e-06 -5.1829454474e-06 -9.2784825110e-06 -1.0195723258e-06 -7.0412845380e-05  4.5360299236e-04  4.7752633025e-04 -2.0866117702e-04  4.2955887378e-05  1.2759606508e-04 -6.0159176567e-06  5.2248427365e-06  5.4400160586e-06 -8.6684964391e-06  3.3992512960e-04  1.0306453488e-04  2.7770150187e-04 -6.1744093372e-04 -2.6177365268e-04 -2.5658216477e-04 -1.7482304061e-05 -6.9055234122e-05  1.6755252539e-05 -1.4478215375e-05  7.7578499264e-06  3.6195948948e-06  9.4813447906e-06 -6.9196075953e-06 -2.7821519938e-06  1.5816606677e-06 -1.7147003543e-05  1.1573852635e-05  2.2616838044e-06 -1.5148344026e-05 -2.7343806561e-06  8.3665590192e-06  6.1558295436e-07 -4.5213423147e-06  4.3718515483e-06  1.6923826133e-06 -3.4138334883e-06  4.7531158064e-06  8.7152771343e-07 -3.5581531518e-06  1.2412490279e-05 -6.4272038319e-06  1.7927864306e-06  9.2759204906e-06 -8.5530154784e-06 -4.9701096419e-06

JOB 17
COORDS  1.1508587540e+00 -1.6167631873e+00 -7.0496753561e-02  2.7982008735e+00 -1.5057600087e+00  1.7046335044e+00  3.6755201409e-01 -6.5823556019e-01  5.8495199650e-01  2.0266898011e+00 -5.4677073293e-01  2.3733947867e+00  2.3514324013e+00 -2.0627182403e+00  4.9873462725e-01  8.2700948395e-01 -1.2866806990e-01  1.7930985582e+00  4.7391723245e+00 -3.8641918713e+00 -1.6324872162e+00  4.0525555995e+00 -2.6326038109e+00 -1.0693720843e+00  3.0724968768e+00 -3.0713722275e+00 -1.0552328082e-01 -7.3187257178e-01  8.0504021396e-01  3.1810172468e+00  8.1597394742e-01 -2.0460388035e+00 -1.0111892478e+00  3.7360069135e+00 -1.8491398154e+00  2.1334504088e+00 -5.7835757265e-01 -3.4146383141e-01  1.5828191022e-01  2.3593751470e+00 -1.4441398554e-01  3.3244949542e+00  5.2347901468e+00 -4.4276757760e+00 -8.3658716431e-01  4.0136628521e+00 -4.5209351735e+00 -2.1213004838e+00  5.4923404816e+00 -3.5674759825e+00 -2.3698119250e+00  3.5528643049e+00 -2.0601870544e+00 -1.8626913716e+00  4.7742800169e+00 -1.9667240932e+00 -5.7689206987e-01
ENERGY -7.370687150932e+03
GRADIENT  2.6077449909e-05  3.7907802417e-05 -5.8974659105e-05  3.7137950167e-06  5.9324277060e-05 -7.9567660209e-05 -9.1081682501e-05 -1.2515468793e-04  7.6118899418e-05 -7.3313532010e-05 -5.9461030741e-05  1.6426454112e-04 -2.6728826499e-05  4.8834773176e-06  4.2683300112e-06  1.3613334314e-04  8.4187512251e-05 -1.0088274682e-04 -3.7337602110e-06  5.4773098173e-06 -7.5691772527e-06  5.3996430683e-06  1.0389485137e-05  7.7747681609e-06 -2.3541328905e-05 -2.0502285618e-05  1.2492695417e-05  3.7159060336e-05 -6.0256504192e-05 -2.4957624514e-05 -9.7018554526e-06 -1.1096499342e-05  8.7960512342e-07 -3.7915469143e-06  2.7934890781e-06 -2.7119720463e-06  2.6272331872e-05  1.3937011143e-05 -3.0062675124e-05  3.0150724214e-05  1.5152936405e-05 -1.2403354853e-05  7.9503511447e-06 -4.9845948590e-07 -5.6129156438e-06  3.1696572567e-06 -7.7734824166e-07 -2.4581162049e-06  3.9665125688e-06  1.3931256473e-06 -3.3355375485e-06  1.7645730894e-05  2.3281546400e-06 -1.4774741876e-06  1.1648404564e-05 -1.0252614530e-05  1.2820845587e-06

JOB 18
COORDS  1.0661398765e+00 -1.6404832553e+00 -1.8592840274e-02  2.8334442628e+00 -1.4428638774e+00  1.6284338368e+00  3.0931503217e-01 -6.7843407165e-01  6.6213869566e-01  2.0926551273e+00 -4.7355877218e-01  2.3163485906e+00  2.3127112661e+00 -2.0474322747e+00  4.7511660577e-01  8.4457848844e-01 -9.7298039289e-02  1.8133899350e+00  4.7278058354e+00 -3.8612454243e+00 -1.6152381944e+00  4.1217960604e+00 -2.6294530540e+00 -9.6657184775e-01  2.9962726871e+00 -3.0556584647e+00 -1.7018171979e-01 -6.2509027304e-01  8.6021577463e-01  3.2801719407e+00  6.8061405335e-01 -2.1026860107e+00 -9.2338643776e-01  3.8035035563e+00 -1.7536097459e+00  2.0074155184e+00 -6.7113078346e-01 -3.9445743127e-01  2.9421395046e-01  2.4849435573e+00 -3.1538711070e-02  3.2262000725e+00  5.0597460524e+00 -4.5736671165e+00 -8.5430365043e-01  3.9962927759e+00 -4.3581714992e+00 -2.2589852164e+00  5.5912262636e+00 -3.5757942693e+00 -2.2251029339e+00  3.7752229139e+00 -1.9111193011e+00 -1.7218671694e+00  4.8556657091e+00 -2.1203697038e+00 -3.2784566240e-01
ENERGY -7.370687298175e+03
GRADIENT  2.0477188730e-04  4.6686012199e-04 -2.8353540174e-04 -1.8058747040e-04  6.6767776079e-05 -1.6493885427e-04  4.7585920606e-05 -1.3713457243e-04  5.0034110297e-05  4.4178997015e-05 -5.0089406966e-05  2.2588507517e-04 -3.4913315074e-04 -6.3029059048e-04  1.7066092813e-04 -7.1095625450e-05 -6.9380320071e-05  1.9083453304e-05  6.0528501364e-05  2.9613144677e-05 -5.9383747925e-05 -3.0670622156e-04  2.6207237832e-05 -3.9814187531e-04  4.6801338590e-04  1.1929109714e-04  4.6253856739e-04 -6.7621062398e-06  1.2991574755e-04  1.2289640556e-06  2.4845406856e-05 -3.1282238393e-05  1.8923588436e-06 -2.1229207314e-05  1.4681916367e-05 -1.4400309509e-05  2.2865468136e-05  7.0134388994e-06 -2.8157152326e-05 -7.8847881045e-06  2.0334829771e-05 -1.6482078748e-05 -1.9704371694e-05 -2.0117484286e-06  4.1368803465e-06  8.5036243045e-06  3.1196966615e-05 -1.8380744797e-05  2.7025895292e-05 -2.5524595547e-05  1.3435176137e-05  4.7771115537e-05 -1.8090867861e-05 -4.7720688699e-05  2.1459883925e-05  4.9962755302e-07 -2.2974005369e-05

JOB 19
COORDS  1.0075269619e+00 -1.7358300919e+00 -3.1367601687e-03  2.8523301348e+00 -1.3781806676e+00  1.5301913541e+00  2.4388972048e-01 -7.7622012856e-01  6.7112630133e-01  2.1031300590e+00 -4.0690893432e-01  2.2066946706e+00  2.2971641940e+00 -2.0638924576e+00  4.3890340967e-01  8.1460396637e-01 -1.0962178315e-01  1.7574512958e+00  4.6986759327e+00 -3.8341809101e+00 -1.6953680649e+00  4.2293117931e+00 -2.6747088267e+00 -8.3441494564e-01  2.9771975285e+00 -3.0570700814e+00 -2.2780662913e-01 -6.1328053997e-01  8.6300056859e-01  3.2557684512e+00  6.0121950075e-01 -2.2559898312e+00 -8.6608150059e-01  3.8550341564e+00 -1.6166404394e+00  1.8733561350e+00 -7.6597112367e-01 -5.5270322515e-01  3.4295280848e-01  2.5246085803e+00  1.0257674391e-01  3.0668993060e+00  4.8393745242e+00 -4.7330736707e+00 -1.0879051381e+00  3.9666314366e+00 -4.0556010396e+00 -2.4772866148e+00  5.6525464688e+00 -3.5834887727e+00 -2.1709604802e+00  4.0711179486e+00 -1.7689636367e+00 -1.4341263925e+00  4.9700828784e+00 -2.4454978941e+00 -5.7747191556e-02
ENERGY -7.370687766756e+03
GRADIENT  4.4052401693e-04  8.9303663420e-04 -8.3911316225e-04  3.3979352205e-05 -8.2756081769e-05 -2.3733588656e-05 -2.1717215430e-05 -1.1344914147e-04  1.0548949363e-05 -6.3333166065e-05  1.3147120820e-05 -1.1722774219e-05 -9.8209066094e-04 -1.0699426542e-03  7.0808915075e-04  5.0764487324e-05  6.7294509767e-06  2.1171251478e-05  5.2624176528e-06 -2.7900587694e-06 -6.8584935439e-06 -6.1498463961e-04  2.8968537974e-04 -1.0280921727e-03  1.0886438024e-03  1.7321409585e-05  1.1257688436e-03 -1.4306742576e-05  1.1817831394e-05 -7.1297024906e-06  4.1330329000e-06 -6.9792635788e-06 -1.0557095492e-05  4.5807265686e-06  2.2074835044e-07 -1.0290509383e-06  1.0894302285e-05  1.7518736913e-05 -2.2708054335e-05 -2.3855327029e-06 -1.5934062940e-05 -2.5796271947e-06  1.9831165009e-05  2.2941024104e-06 -3.0940016131e-06 -8.7945023256e-06 -1.2056131210e-05  6.1559277819e-06 -9.1941628707e-06  1.3327100852e-05 -1.4959302791e-05  3.1872387749e-05  9.2886343681e-06  7.5826482229e-06 -1.1866629680e-05 -1.5219427429e-05  2.2268710417e-05

JOB 20
COORDS  2.2181858020e+00 -2.9706543131e-01 -4.0599385500e-02  1.8639640741e+00 -2.3208574697e+00  1.2523034190e+00  1.5443082830e+00  4.5537908685e-01  9.2520952131e-01  1.1955150750e+00 -1.5736579106e+00  2.2322372770e+00  2.3533300935e+00 -1.6878538150e+00  9.8575917076e-02  1.0600429054e+00 -1.9520227200e-01  2.0633179989e+00  4.7935347571e+00 -3.6779162649e+00 -1.7695513988e+00  3.9806148595e+00 -3.3409108820e+00 -5.3142901856e-01  2.9992050580e+00 -2.3561870831e+00 -9.1027784503e-01 -6.1257929049e-01  8.3870831740e-01  3.2296305999e+00  2.6352247346e+00  1.8221780303e-01 -9.2173119856e-01  1.9796972483e+00 -3.3917032696e+00  1.3884657359e+00  1.4190895052e+00  1.5253108605e+00  7.9429972006e-01  7.9660287828e-01 -2.0681398121e+00  3.1117932380e+00  4.1465739003e+00 -4.0710327352e+00 -2.5591907470e+00  5.3050669215e+00 -2.7892920464e+00 -2.1501660625e+00  5.5446548140e+00 -4.4367671956e+00 -1.5269197914e+00  4.6141874482e+00 -2.9282441844e+00  2.6386979826e-01  3.4838385999e+00 -4.2400656170e+00 -1.4505008804e-01
ENERGY -7.370688912729e+03
GRADIENT  2.0793002954e-03  4.1525829945e-04  1.0819476718e-03  1.0100518428e-04 -2.1572741329e-04 -4.9254803459e-05 -6.3679673939e-05  7.3779569766e-05 -1.0616533443e-04 -3.3320661034e-05  9.4214672530e-05 -8.0444202323e-05 -2.2142188440e-03  3.7664878681e-04 -1.3792407011e-03  1.6961064553e-05 -7.5061565506e-05 -2.1147143029e-05 -1.9286705240e-05 -2.2702965774e-05 -3.9971029816e-06  1.5154220421e-03  1.5896935575e-03 -2.2166354893e-05 -1.4694492792e-03 -2.1722411580e-03  5.6094876512e-04  3.2850384402e-05 -8.4181944934e-06 -3.6717866363e-05 -1.6219168366e-06  8.8948136596e-06 -1.5188394879e-05 -1.3895850446e-05 -4.3402569027e-05  2.2569593777e-06  2.3166087796e-05  1.2962162552e-05 -2.2482390316e-06  7.8391703406e-06 -1.6333706119e-05 -2.3010276069e-05  5.6481713764e-06 -1.7881558410e-05  8.9485688920e-06 -9.7485875282e-06  1.2503693956e-06 -4.1471520539e-06  1.2968107404e-05  1.2501086478e-05  1.4294539550e-05  1.1764661398e-05  1.0691513283e-05  8.6409526585e-06  1.2899039819e-05  4.8827897327e-07  1.6325261517e-05

JOB 21
COORDS  2.1816839663e+00 -2.5834264504e-01 -7.1291513914e-02  1.9761882809e+00 -2.2666134140e+00  1.2776772551e+00  1.4701563187e+00  4.7323792158e-01  8.8084777730e-01  1.2685337856e+00 -1.5365666511e+00  2.2449556546e+00  2.4128812601e+00 -1.6343737110e+00  1.0213999296e-01  1.0410494570e+00 -1.7604334463e-01  2.0429211678e+00  4.8084040011e+00 -3.6975165153e+00 -1.7487930975e+00  3.9198905816e+00 -3.3960643019e+00 -5.5396622248e-01  3.1031696321e+00 -2.2636210239e+00 -8.9730438295e-01 -6.8105170389e-01  7.8084764383e-01  3.2053670619e+00  2.5597014610e+00  2.2411734467e-01 -9.6810543974e-01  2.1645544116e+00 -3.3213218660e+00  1.4486244347e+00  1.2782081783e+00  1.5298362128e+00  7.2479147972e-01  9.1266519003e-01 -2.0327959321e+00  3.1418395694e+00  4.2032989494e+00 -3.9234778990e+00 -2.6315081976e+00  5.4515237420e+00 -2.8430160375e+00 -1.9777098818e+00  5.4422823483e+00 -4.5634825812e+00 -1.5319281607e+00  4.5152646133e+00 -3.1575156072e+00  3.3645373174e-01  3.2835332359e+00 -4.2598847403e+00 -3.2166381669e-01
ENERGY -7.370690508359e+03
GRADIENT  2.3957099180e-03  4.5841236988e-04  1.4435326674e-03 -1.2508217128e-04  1.1458984569e-04 -5.1127072880e-06 -8.8528506600e-05  6.4558278184e-05 -6.5114394368e-05  1.4190004025e-04 -5.8064731366e-05  6.0070309064e-05 -2.3235886380e-03 -1.4401310541e-05 -1.7783098032e-03 -1.0590659827e-04  6.3579855964e-06 -5.6517256278e-05  2.0586905336e-05 -6.9110649856e-07  2.4199427659e-06  2.1634434385e-03  1.6681073438e-03  4.3381606178e-04 -2.0353706717e-03 -2.2623957450e-03 -9.3344587315e-05  1.5408981486e-05  3.4374042072e-05  3.7461445548e-05 -1.1490054710e-05 -1.4616151446e-05  5.1180721629e-06  1.1096096370e-05  2.5440758500e-05 -1.3247662745e-05  3.0292254960e-05  1.8191572952e-05  7.3850545999e-06 -4.6273451114e-05  1.0008859629e-05 -1.0861475061e-05  7.4449880712e-06 -2.3638938455e-05  7.1654336548e-06 -1.2968410303e-05  7.6559420942e-06 -1.3894786572e-05  1.9896606475e-05  1.1581054047e-05  7.2666202193e-06  6.2416786981e-08 -4.0064632067e-05 -4.5037073387e-07 -4.4875672838e-05  2.0143397046e-05 -2.1602316856e-05

JOB 22
COORDS  2.1888289565e+00 -2.1304458053e-01 -7.1760586990e-02  2.0947147795e+00 -2.2085155951e+00  1.3108517739e+00  1.4099339017e+00  4.8358239000e-01  8.5165648482e-01  1.3148719687e+00 -1.5119645138e+00  2.2484322047e+00  2.5130544503e+00 -1.5672201337e+00  1.3354083226e-01  1.0021319495e+00 -1.7463682391e-01  2.0171269377e+00  4.7872168441e+00 -3.7438700445e+00 -1.7540358498e+00  3.9038492106e+00 -3.4069887536e+00 -5.6505450738e-01  3.2645789307e+00 -2.1526978569e+00 -8.4489636507e-01 -8.1686020247e-01  6.8374877089e-01  3.1257442329e+00  2.5489824041e+00  2.7764274625e-01 -9.7149975565e-01  2.3500281984e+00 -3.2433645158e+00  1.5102845409e+00  1.1510073363e+00  1.5220594964e+00  6.7261034647e-01  9.7346538361e-01 -2.0180306873e+00  3.1454317287e+00  4.1898261241e+00 -3.8311850697e+00 -2.6660264556e+00  5.5426447405e+00 -2.9677660491e+00 -1.9064568390e+00  5.2972652227e+00 -4.6967660906e+00 -1.5799313039e+00  4.4943757375e+00 -3.3183256606e+00  3.5594190246e-01  3.1445187926e+00 -4.1853585526e+00 -4.1355731836e-01
ENERGY -7.370692171740e+03
GRADIENT  2.0484575104e-03  6.4324349442e-04  1.2074219174e-03 -1.0906711196e-05  3.4540079678e-05 -4.0208274896e-05  1.1756667167e-05  1.1214659950e-04 -8.5257000103e-06  4.8018575476e-05 -2.8825340245e-05  9.7844285234e-05 -2.0235072380e-03 -3.9369002064e-04 -1.3143759023e-03  1.9799998299e-05 -8.7963248927e-06 -1.6143386748e-05  1.7340808319e-06  4.5023036311e-07 -5.7104811080e-06  1.9900652245e-03  1.2130869956e-03  8.3347579511e-04 -2.0406314617e-03 -1.4853190219e-03 -6.8746427318e-04  3.6630346940e-05 -3.9125113497e-05 -6.4497158828e-05 -1.6704358906e-06 -1.1052540970e-08  3.6570814033e-06  5.1567230717e-06 -5.1399482203e-06 -1.2410232005e-06 -3.2269695443e-06  1.1967139378e-05 -8.0129556993e-06 -2.2902136943e-05 -1.1864136885e-05 -7.0463130258e-06 -1.7944406438e-06 -2.5551971175e-05  5.0300186666e-06 -1.4735731023e-05  1.2598369043e-05 -1.6888730232e-05  1.9525393696e-05  1.2826786577e-05  1.0260744707e-05 -4.6357666588e-06 -3.6632457396e-05  4.3653364246e-06 -2.7334723532e-05  1.6674757420e-05 -1.7452893503e-05

JOB 23
COORDS  2.2014295922e+00 -1.9296038718e-01 -6.3639191152e-02  2.2022243156e+00 -2.1609289882e+00  1.3631904591e+00  1.3519519355e+00  4.6796985342e-01  8.2311214827e-01  1.3474063474e+00 -1.5011831304e+00  2.2612814319e+00  2.6163301470e+00 -1.5150803927e+00  1.8649121423e-01  9.5898780999e-01 -1.9181524815e-01  1.9924810745e+00  4.7505836455e+00 -3.7744489396e+00 -1.7686151577e+00  3.8963830523e+00 -3.4107714643e+00 -5.6643899845e-01  3.4346546828e+00 -2.0654982399e+00 -7.5676581988e-01 -9.6034594805e-01  5.6494234831e-01  3.0315295757e+00  2.5479016395e+00  3.0002175270e-01 -9.6754189799e-01  2.5191861459e+00 -3.1718312950e+00  1.5931755776e+00  1.0253211524e+00  1.4807764936e+00  6.1140941243e-01  1.0126272863e+00 -2.0120478386e+00  3.1580516688e+00  4.1658380862e+00 -3.7128378511e+00 -2.6907939236e+00  5.6054294007e+00 -3.0975042313e+00 -1.8539785517e+00  5.1261394194e+00 -4.7971691130e+00 -1.6622632757e+00  4.4788487106e+00 -3.4697398482e+00  3.6237824527e-01  3.0360862236e+00 -4.0867008883e+00 -4.7738049906e-01
ENERGY -7.370693185901e+03
GRADIENT  4.3930638062e-04  2.3591594950e-04  1.5894848036e-04  8.2127818567e-05  3.6234193967e-05  9.3101344000e-06 -3.3584260626e-05 -6.8265658103e-05  7.1451464878e-06 -1.3080505823e-04 -4.5700358629e-05 -8.7656231695e-06 -4.0262755817e-04 -1.2478906233e-04 -1.5767042435e-04  1.3402451388e-04  2.3330064690e-05  3.8852067098e-05 -9.1577561325e-06 -3.9095995144e-07 -2.5261959572e-06  3.4252039456e-04  1.4844901234e-04  2.3938353249e-04 -4.5295682455e-04 -1.4354662087e-04 -2.4794796704e-04 -1.3393625390e-05 -1.7133138731e-05 -3.1328917440e-05  1.1743138573e-06  7.2575499804e-06 -9.5144862655e-06 -9.4318590281e-06 -1.7292937976e-05 -5.6806125458e-06  2.0328128548e-05 -2.9174254567e-06  2.4035150332e-06  3.3299885456e-05  5.6088559034e-06  1.5050574329e-05  6.0129130887e-07  1.7657986885e-05 -4.7662941827e-06  3.6956097024e-06 -7.3027005924e-06  1.1963498690e-05 -1.5483461364e-05 -3.7996003567e-06 -7.5261080558e-06  4.4741832543e-07  3.0478059314e-05  7.1649728317e-06  1.8456182569e-05 -1.9324511078e-05  8.7775087074e-06

