JOB 0
COORDS  1.7568291953e+00 -1.0000303442e+00 -8.3032342846e-02  2.7945826786e+00 -1.5779973419e+00  1.9968198708e+00  7.3659857219e-01 -3.4277822241e-01  6.0230350395e-01  1.7586233540e+00 -9.5251241392e-01  2.6947227877e+00  2.8207885450e+00 -1.6105721233e+00  5.9681354658e-01  7.1244252058e-01 -2.9268533274e-01  2.0152023844e+00 -1.5167714624e+00  7.2035567997e-01  1.9813250021e+00 -4.5550875109e-01  1.1307684857e-01  4.1274435749e+00  3.8212245721e+00 -2.3140987946e+00 -1.3793468943e-01 -2.9849566974e-01  3.9193845879e-01  2.7076310499e+00  1.7243877718e+00 -1.0541867205e+00 -1.1685549092e+00  3.5943229309e+00 -2.0558772623e+00  2.5605699093e+00 -5.6789238309e-02  1.1318905526e-01  2.1856163706e-02  1.7866115679e+00 -9.7382168378e-01  3.7777311282e+00 -2.2067207907e+00  1.2330230508e+00  2.6544824488e+00 -2.0272882950e+00 -1.6639804074e-01  1.5702556835e+00 -1.3039369652e+00  1.4054529103e+00  1.1546062321e+00 -1.2851254002e+00  7.0516018250e-01  4.5187729404e+00  4.4102729860e-01  4.0705912005e-01  4.6825314992e+00 -6.5753659675e-01 -9.5024463118e-01  4.3391930212e+00  4.3873027460e+00 -2.9059216994e+00  4.6196000611e-01  4.4227054175e+00 -1.7004458516e+00 -6.7991090412e-01
ENERGY -4.216416184364e+02
GRADIENT -1.2595229065e-03 -1.9692208650e-03  2.7895364829e-04 -4.4865847826e-05  2.9496019403e-05 -2.8592133781e-05 -6.3394384081e-05  3.7716892954e-05 -5.1454093649e-05  8.9665879924e-06  1.1498430641e-06  6.3711293887e-05  1.3852621567e-03  2.2997189642e-03 -4.1681079843e-04  2.6226432319e-05  1.1656124013e-05 -1.0467457832e-05  2.2341127239e-05  4.9319313755e-05  3.6432787385e-05 -8.9261891649e-06  5.5686243563e-05 -1.0177108139e-05  1.8537683259e-03  1.9044707108e-03  5.9995152995e-04  1.2975738747e-05 -1.5212152249e-04 -5.1896080422e-05  3.4849558276e-06  9.1526675086e-09  1.2745720908e-05 -2.8191894529e-06  4.2438317903e-06 -4.7935299449e-06 -1.2990339510e-05  5.5514020988e-06 -2.4521990876e-06 -1.3713438105e-06  9.8014746750e-09  9.6183148912e-06 -4.6045408140e-06 -1.2989586093e-05  1.7970481105e-06  3.4476859778e-06  1.3239026403e-06 -8.6439008565e-06  1.2131485932e-06  6.7143465081e-06 -3.0959398099e-06 -9.4931785421e-06 -1.4211580234e-05 -3.7771505553e-06  5.3671049213e-07  9.4523619289e-06  6.6037244152e-06  1.3159303313e-05 -1.3529490000e-06  1.8298440038e-06 -1.9257659155e-03 -2.2952591114e-03 -4.2455104472e-04  1.0811535518e-05  1.2150364340e-05  1.1524954596e-05

JOB 1
COORDS  1.7474788176e+00 -9.9999930796e-01 -9.0035926356e-02  2.8018792675e+00 -1.5571825244e+00  1.9867190091e+00  7.2245489867e-01 -3.5025694865e-01  5.9645728346e-01  1.7661892675e+00 -9.3704606249e-01  2.6884732443e+00  2.8193958517e+00 -1.5962346017e+00  5.8638252069e-01  7.0826690129e-01 -2.9242869777e-01  2.0093610165e+00 -1.5226091367e+00  7.1857253340e-01  1.9813547524e+00 -4.4690044891e-01  1.2162123146e-01  4.1284035443e+00  3.8328085901e+00 -2.2810967345e+00 -1.6666864598e-01 -3.0428990388e-01  3.8190851201e-01  2.7035519577e+00  1.7168824332e+00 -1.0607517486e+00 -1.1748266885e+00  3.6095664142e+00 -2.0262148859e+00  2.5463602844e+00 -8.0148354655e-02  9.3478201574e-02  1.9277410100e-02  1.7989894095e+00 -9.5162189899e-01  3.7714513953e+00 -2.2108137843e+00  1.2273743350e+00  2.6590152996e+00 -2.0349146193e+00 -1.6430216644e-01  1.5650183816e+00 -1.3091126284e+00  1.4087951393e+00  1.1589795360e+00 -1.2822476404e+00  7.0700976195e-01  4.5172281669e+00  4.4929696454e-01  4.3579935264e-01  4.6730405245e+00 -6.3251494915e-01 -9.4108623363e-01  4.3558558842e+00  4.2403070964e+00 -3.0401417250e+00  3.7243296811e-01  4.5777797955e+00 -1.6556887542e+00 -4.6447707884e-01
ENERGY -4.216401733450e+02
GRADIENT -1.1665385342e-03 -1.9144355656e-03  1.9822173536e-04 -5.7470642713e-06  1.0445092998e-05 -1.2319160561e-06 -3.7214743901e-05  1.7471368859e-05 -2.0366868559e-05  3.3793109318e-05 -2.1475607495e-05  3.6666098229e-05  1.2235067551e-03  2.3510374500e-03 -5.1292259330e-04  1.2393595831e-05  1.3079989471e-05 -6.6376659162e-06  2.6803958668e-05  4.9498806102e-05  2.5081135983e-05  9.8298949942e-06  5.1936965166e-05 -1.2483148506e-05  1.9677144146e-03  1.3470547382e-03  1.3530084422e-03 -4.4539141795e-05 -1.2381265734e-04 -2.3243048023e-05 -1.0037745990e-06 -9.5880809853e-07  4.0336184790e-06 -1.0417422011e-06 -2.2435325606e-06 -3.6770318697e-07 -8.0286894603e-06  6.9719242284e-06 -3.4090505935e-06  8.0950155286e-06 -2.2698844218e-06 -8.3655719950e-06 -1.1698354841e-05 -1.2133049409e-05  7.6565959033e-06  7.7813997144e-06  1.6403780252e-06 -8.0911348041e-06  7.3594259216e-06  8.3292545573e-06  3.6626844427e-06 -1.5575529777e-05 -9.7040966567e-06 -1.0957850220e-05 -9.7736184448e-06  1.5539998340e-05  3.3363965581e-06  1.4928009276e-05 -3.5038016963e-07  3.9712092192e-07 -2.0063597126e-03 -1.8153186588e-03 -1.0304693566e-03 -4.8169297641e-06  1.2850501160e-05  1.3177231168e-05

JOB 2
COORDS  1.7441415205e+00 -9.9270095169e-01 -9.4473969810e-02  2.8097318467e+00 -1.5337958697e+00  1.9805350043e+00  7.1077860817e-01 -3.5557329363e-01  5.9297481725e-01  1.7757227510e+00 -9.1518660730e-01  2.6844083342e+00  2.8192294996e+00 -1.5809803973e+00  5.7989371527e-01  7.0464431959e-01 -2.8953050117e-01  2.0052983924e+00 -1.5329995059e+00  7.0643524506e-01  1.9830772764e+00 -4.4090581544e-01  1.2845073161e-01  4.1295974364e+00  3.8504528911e+00 -2.2405388365e+00 -1.8752719992e-01 -3.1045778991e-01  3.7551535005e-01  2.7010040499e+00  1.7213803001e+00 -1.0483098713e+00 -1.1794562887e+00  3.6235913933e+00 -1.9952616139e+00  2.5373767428e+00 -9.7829295955e-02  7.9490069050e-02  1.7670558848e-02  1.8147985195e+00 -9.1930075210e-01  3.7672803270e+00 -2.2212868057e+00  1.2118123666e+00  2.6630661654e+00 -2.0418899553e+00 -1.7928142632e-01  1.5691324788e+00 -1.3257729725e+00  1.3972775860e+00  1.1596620368e+00 -1.2801184385e+00  7.0851599019e-01  4.5178294707e+00  4.5517382968e-01  4.5773962374e-01  4.6653764381e+00 -6.1367115727e-01 -9.3368929169e-01  4.3684204088e+00  4.0878344225e+00 -3.1363828708e+00  2.3314609914e-01  4.7006895570e+00 -1.6803701463e+00 -2.1133115833e-01
ENERGY -4.216390744757e+02
GRADIENT -6.4117562417e-04 -1.0914555640e-03  7.0611297187e-05 -8.4329833892e-06 -1.3097029316e-07 -8.5760618972e-06 -6.2025348503e-06  6.8307253985e-06 -6.1924695767e-06 -2.0872338263e-06  6.4361972560e-06  2.4957720399e-05  6.6656710122e-04  1.4216173869e-03 -3.2581390939e-04  8.2376890334e-06 -8.2747799066e-06 -6.5189037024e-06  6.7880085821e-06  9.7477182384e-06 -2.6840230765e-06  8.2065333196e-06  9.2359284913e-06  3.2846464572e-07  1.1067119270e-03  3.9403057023e-04  1.1382327156e-03 -2.4805921596e-07 -3.1287317523e-05 -2.8388408724e-06  1.1833375937e-06  2.1139325214e-06 -1.8405821134e-07  3.2167338649e-08  3.2451649250e-06 -3.2972515733e-06 -2.0853454393e-06  1.5589587278e-06 -1.1403664401e-06 -2.1032969867e-06 -7.0015309509e-07  5.3978909223e-06 -1.8433775413e-06 -4.5713600692e-06  1.5782714975e-07  1.8308506840e-06  8.9443019749e-10 -2.3403032336e-06 -1.2664545283e-06  2.3844369677e-06  5.8236856719e-07 -2.1112635488e-06 -6.7218115606e-06 -9.2270260538e-07  2.2242088586e-06  9.2886723579e-07  1.1765501757e-06  4.2095649041e-06 -1.5393537659e-06 -4.1248238045e-08 -1.1374651322e-03 -7.2055860750e-04 -8.9666590993e-04  1.0721030044e-06  2.5290157266e-06  7.0933646159e-06

JOB 3
COORDS  1.7472374653e+00 -9.8060332517e-01 -9.6727702902e-02  2.8209068425e+00 -1.5095376711e+00  1.9763043400e+00  7.0412099529e-01 -3.5830636584e-01  5.9034654326e-01  1.7877375719e+00 -8.9048617014e-01  2.6803668242e+00  2.8242141300e+00 -1.5655126753e+00  5.7586273064e-01  7.0417532060e-01 -2.8467017976e-01  2.0020462716e+00 -1.5435551424e+00  6.8731714370e-01  1.9841675663e+00 -4.3535176415e-01  1.3399670237e-01  4.1295991721e+00  3.8728708133e+00 -2.1970636386e+00 -1.9820957431e-01 -3.1447501593e-01  3.7308327372e-01  2.6986473442e+00  1.7331185731e+00 -1.0238111352e+00 -1.1823155961e+00  3.6394075731e+00 -1.9635169101e+00  2.5324935451e+00 -1.0778652852e-01  7.1256831653e-02  1.5534107254e-02  1.8341069711e+00 -8.8220793153e-01  3.7629334184e+00 -2.2355096388e+00  1.1861673803e+00  2.6651875354e+00 -2.0428247306e+00 -2.0581929832e-01  1.5746345755e+00 -1.3477158683e+00  1.3782313681e+00  1.1580461048e+00 -1.2797163645e+00  7.0646004230e-01  4.5178520772e+00  4.5901142657e-01  4.7768150023e-01  4.6591373407e+00 -5.9416282491e-01 -9.2850609294e-01  4.3760361231e+00  3.9459463839e+00 -3.1827059776e+00  4.9957716700e-02  4.7734070336e+00 -1.7761560041e+00  2.5728686284e-02
ENERGY -4.216387103360e+02
GRADIENT  6.8950304903e-05  6.9120808415e-05  5.6105290818e-04 -2.7136167569e-05  1.5857246414e-05 -4.2897846131e-05 -3.6280509110e-04  1.9216806201e-04 -2.2247454226e-04 -3.7357037159e-05  8.0825481388e-06 -4.3890811744e-05  1.2706611713e-04 -1.7698996075e-04 -1.1175297951e-04  1.2954914160e-04 -1.2316862361e-04 -7.2990903516e-05 -1.4104818762e-05 -3.1190874558e-05 -2.8918946406e-05  4.2311786803e-06 -3.5718850924e-05  1.3353039460e-05  4.2939909910e-05 -6.2765633906e-05 -1.1341219146e-04  3.4875431423e-05  8.5845670293e-05 -3.0080394312e-05 -4.2439308548e-06  3.1818627006e-06  6.3891166649e-05 -1.4325906934e-06 -4.5685886492e-06 -2.9841344295e-05 -5.7912794604e-05  3.8383551143e-05 -9.0352546877e-07  9.9041205622e-06 -4.5152999833e-07  4.1279717581e-06  4.1436052918e-06 -4.9683893504e-06  6.0533680901e-07  4.1521503076e-06  1.0400008338e-06 -2.9730003047e-06  1.4689115463e-06 -1.8370406662e-07 -2.7674129374e-06  5.2010296515e-06 -2.7969906575e-06 -1.6136512703e-06  3.3902254749e-06 -1.2055620412e-06  1.0749710120e-06  2.5476891931e-06 -2.1846591178e-06 -5.6887737989e-07  6.3654314406e-05  1.2028685335e-05  5.8477551749e-05  8.0622254058e-06  4.6266793881e-06 -8.7650379498e-06

JOB 4
COORDS  1.7548300598e+00 -9.6902754125e-01 -9.9896716409e-02  2.8347167112e+00 -1.4865303039e+00  1.9738815560e+00  7.0460583255e-01 -3.6198803544e-01  5.8932415742e-01  1.8010532157e+00 -8.6769602490e-01  2.6780650948e+00  2.8335644812e+00 -1.5505612395e+00  5.7404727781e-01  7.0736847516e-01 -2.8061078362e-01  2.0007654463e+00 -1.5519575577e+00  6.6499274301e-01  1.9854601287e+00 -4.2973991615e-01  1.3781725447e-01  4.1293009968e+00  3.8974270127e+00 -2.1542694280e+00 -1.9756097264e-01 -3.1628651581e-01  3.7111739704e-01  2.6969547240e+00  1.7459257837e+00 -9.9885552362e-01 -1.1861351640e+00  3.6571833535e+00 -1.9327954494e+00  2.5306171364e+00 -1.1024824405e-01  6.2112335587e-02  1.4644550133e-02  1.8538688375e+00 -8.4910392548e-01  3.7602176714e+00 -2.2469645958e+00  1.1608607814e+00  2.6656085698e+00 -2.0424280807e+00 -2.3715395345e-01  1.5848221006e+00 -1.3682161324e+00  1.3519305409e+00  1.1533043349e+00 -1.2781982827e+00  7.0401152973e-01  4.5179237648e+00  4.6310516101e-01  4.9277179732e-01  4.6539645509e+00 -5.7722813430e-01 -9.2502302346e-01  4.3816977826e+00  3.8273176220e+00 -3.1707690040e+00 -1.5904006740e-01  4.7973409685e+00 -1.9195891283e+00  2.1850467645e-01
ENERGY -4.216391376822e+02
GRADIENT  6.3162059367e-04  1.1103967136e-03 -2.9727978958e-05  7.7188368911e-06 -1.4006889824e-06  1.6684684521e-06 -4.0781536089e-05  2.0856300573e-05 -1.6123461348e-05 -2.6017777424e-06  9.2862350873e-06  4.5139966552e-05 -6.8630787818e-04 -1.6472450938e-03  3.5482390524e-04  5.5616317911e-05 -5.9655765748e-06 -2.5989938007e-05 -2.4957545471e-06  4.9705377322e-06  4.7569217881e-06  1.0771330789e-05 -1.2722600355e-05 -1.1206602726e-05 -9.0397686948e-04  5.5438870113e-04 -1.6522511502e-03  5.6144344780e-06 -2.6224742647e-05 -1.6879780932e-05 -4.4592569207e-06  3.6016258227e-06 -6.1181642394e-07 -2.3382747663e-06  9.3897688617e-07 -3.7857443329e-07  4.0455041640e-08 -3.7071781988e-06 -8.7478990113e-06 -1.6581093393e-06 -1.3937583117e-06  1.3131020238e-05  1.3235460704e-06  7.0821841797e-06 -1.4561218990e-07 -4.9055432719e-06 -1.1932282539e-06  6.6844898401e-06 -5.4757580143e-07 -6.9029255660e-06  8.7145798765e-07  3.0657843183e-06  3.3986841550e-06 -7.1420475265e-08  6.1502829477e-06 -8.0988643968e-06 -3.1416380516e-06 -4.8907182045e-06 -9.1713826872e-07  3.5988527076e-08  9.5084745070e-04 -1.1570959461e-06  1.3278989170e-03 -1.4041379000e-05 -5.7282424227e-06 -3.1360942600e-08

JOB 5
COORDS  1.7654305282e+00 -9.6258355712e-01 -9.4124448402e-02  2.8465627881e+00 -1.4657274776e+00  1.9826699160e+00  7.0955925206e-01 -3.6434377269e-01  5.9276151129e-01  1.8100409960e+00 -8.4520037725e-01  2.6826295110e+00  2.8459590183e+00 -1.5396223995e+00  5.8389765366e-01  7.1087319326e-01 -2.7325427080e-01  2.0038626558e+00 -1.5589410272e+00  6.4624697588e-01  1.9832437079e+00 -4.2929906408e-01  1.4945607396e-01  4.1292544186e+00  3.9228780239e+00 -2.1206596557e+00 -1.7593045530e-01 -3.1864129525e-01  3.7662127706e-01  2.6959468905e+00  1.7588558268e+00 -9.8546100069e-01 -1.1808177871e+00  3.6702441615e+00 -1.9046931291e+00  2.5436035210e+00 -1.0639107818e-01  5.3622182757e-02  1.5086153632e-02  1.8654617455e+00 -8.1741654213e-01  3.7644560617e+00 -2.2605359379e+00  1.1379312404e+00  2.6597320592e+00 -2.0370442286e+00 -2.6622271499e-01  1.5905884471e+00 -1.3862161727e+00  1.3287536625e+00  1.1450398391e+00 -1.2835902418e+00  7.0860653767e-01  4.5154340346e+00  4.5997388312e-01  5.1665843434e-01  4.6517106643e+00 -5.6511250518e-01 -9.1369427525e-01  4.3876606972e+00  3.7406413187e+00 -3.1062488019e+00 -3.6213039993e-01  4.7827560407e+00 -2.0906891501e+00  3.6876109357e-01
ENERGY -4.216401612608e+02
GRADIENT  9.5863555851e-04  1.7712184986e-03 -5.0436096650e-05 -1.5321603834e-05  9.7452207312e-06  9.4606022187e-06  4.8683618718e-05 -2.8797471336e-05  3.4636787762e-05  2.9905567229e-05 -9.3470509491e-06 -9.6621049957e-06 -1.1103458252e-03 -2.7781179577e-03  5.3271372368e-04 -5.8729542073e-05  8.3019118347e-05  6.3482421731e-06  4.2820753836e-05  4.7035846532e-05  1.9969014489e-06  1.1879051780e-05  4.7512943869e-05 -1.8396994623e-05 -1.0620799688e-03  1.6336975872e-03 -2.7138878365e-03 -5.0742067916e-05 -1.3673757692e-04  3.6247435404e-05  3.9684643722e-06 -1.4619354484e-06 -4.2422798593e-06  9.6719674863e-07 -9.0388408490e-07 -5.7685623666e-06  6.9288671778e-06 -7.5213600498e-06  2.9423404213e-06 -5.6823077241e-06  4.3066688108e-08 -4.7033635333e-06 -2.0796282915e-06 -2.3876870709e-06  5.9829086714e-07 -2.6050032729e-06 -1.2155824435e-06 -5.4018121804e-07 -4.8124813266e-07 -2.0914134421e-07 -2.1122954959e-06 -4.7686812726e-06 -7.8456567693e-06  5.7987086530e-07 -1.8759489672e-06  4.2295303629e-06  5.0894548250e-06  6.4643855145e-06 -1.4782356934e-06  9.3402422008e-07  1.2100285781e-03 -6.3111264620e-04  2.1833320812e-03 -2.8534962284e-07  7.4580389505e-07 -1.0871778267e-05

JOB 6
COORDS  1.7747666657e+00 -9.5443048475e-01 -8.6004227336e-02  2.8551041335e+00 -1.4436313216e+00  1.9947737551e+00  7.1755188855e-01 -3.5587452764e-01  5.9730671309e-01  1.8163178925e+00 -8.1884103370e-01  2.6889373061e+00  2.8564895824e+00 -1.5269477108e+00  5.9708881917e-01  7.1678630173e-01 -2.5422295447e-01  2.0076044663e+00 -1.5655769015e+00  6.3130072077e-01  1.9829204760e+00 -4.3069287926e-01  1.6963596368e-01  4.1272505629e+00  3.9421609586e+00 -2.0945501842e+00 -1.4630519005e-01 -3.1606883356e-01  4.0225058390e-01  2.6947707576e+00  1.7657989994e+00 -9.7849793097e-01 -1.1730276084e+00  3.6776598522e+00 -1.8782600553e+00  2.5608594326e+00 -9.8195449397e-02  5.6712957444e-02  1.5461303082e-02  1.8720523487e+00 -7.8541378516e-01  3.7705521384e+00 -2.2718419527e+00  1.1272770341e+00  2.6515867658e+00 -2.0295705348e+00 -2.9906190500e-01  1.6153674988e+00 -1.4102464972e+00  1.2964471262e+00  1.1278343421e+00 -1.2824974172e+00  7.3251702999e-01  4.5139327330e+00  4.5939882647e-01  5.3085517902e-01  4.6519486352e+00 -5.7229904634e-01 -8.9394100802e-01  4.3821753913e+00  3.6815593099e+00 -2.9919857396e+00 -5.5141643602e-01  4.7339263336e+00 -2.2706403399e+00  4.6812899811e-01
ENERGY -4.216414403283e+02
GRADIENT  9.8753626243e-04  1.8850922258e-03  1.4946793297e-05 -4.6073777867e-06 -8.8450676631e-07 -3.5708043169e-05 -1.1889430420e-06  2.6040666588e-06 -4.7957804777e-06 -1.1746747631e-05  1.3806064036e-07  1.3936382305e-05 -1.2710209095e-03 -3.1181085772e-03  6.3826056317e-04  1.7493963668e-05 -5.3897532569e-05 -1.2339127552e-05 -3.7487861790e-05 -4.2324150381e-05 -1.3593238906e-05 -1.9345123004e-05 -4.4606500940e-05  2.5856763790e-05 -5.5281804959e-04  2.5162425642e-03 -2.9209733206e-03  4.0993708198e-05  1.2176329548e-04  1.6474661143e-06  2.5198691129e-06  1.2475235328e-06  2.5566485408e-06 -1.9844635633e-06  3.7065008762e-06  3.9328468094e-06 -1.6613224114e-06  1.9824539114e-06  4.6732094827e-07  3.2941669182e-06 -4.2896979706e-07 -2.7199299886e-06  4.3524682261e-06  5.2626455018e-06 -2.8901351509e-07  1.3064435206e-06 -1.4850777995e-06  5.0057948029e-06  3.2608986940e-06 -5.2734140725e-06  2.2802157305e-06  2.0686696384e-06  3.0987175698e-06 -1.2938215517e-06 -3.3887446518e-06 -1.9771532203e-06 -3.6967450983e-06 -2.4449253983e-06  1.1038268662e-07 -2.9329635845e-06  8.6124960666e-04 -1.2815329208e-03  2.2746793641e-03 -1.1080277522e-05 -8.7473970358e-06  1.8758096858e-05

JOB 7
COORDS  1.7820578411e+00 -9.5963949676e-01 -7.7104761388e-02  2.8657035912e+00 -1.4264424884e+00  2.0078777439e+00  7.2431127275e-01 -3.5876645349e-01  6.0326208692e-01  1.8229147823e+00 -8.0207453142e-01  2.6964599329e+00  2.8684828288e+00 -1.5196127725e+00  6.1068356151e-01  7.2207721976e-01 -2.4530578755e-01  2.0121537957e+00 -1.5668266059e+00  6.2108439257e-01  1.9809501542e+00 -4.3251849757e-01  1.8201066199e-01  4.1268435517e+00  3.9617927850e+00 -2.0777739663e+00 -1.1409890103e-01 -3.1456964337e-01  4.1455057300e-01  2.6946445118e+00  1.7657353395e+00 -9.9386603011e-01 -1.1642325914e+00  3.6899296888e+00 -1.8525303689e+00  2.5780005499e+00 -9.4212228282e-02  4.3050480446e-02  1.7740669509e-02  1.8780338586e+00 -7.6368200980e-01  3.7779308767e+00 -2.2766474566e+00  1.1215551120e+00  2.6426290004e+00 -2.0235521625e+00 -3.1886250711e-01  1.6281686873e+00 -1.4182158393e+00  1.2742846696e+00  1.1155565996e+00 -1.2857748750e+00  7.4442243297e-01  4.5112878799e+00  4.5580975755e-01  5.4455150218e-01  4.6534931335e+00 -5.7357593986e-01 -8.8175003996e-01  4.3823568090e+00  3.6654997193e+00 -2.8426073435e+00 -7.1562467884e-01  4.6697747615e+00 -2.4411510596e+00  5.1841583645e-01
ENERGY -4.216426123049e+02
GRADIENT  7.6895576529e-04  1.4914549385e-03 -1.9049770434e-04 -1.3516757515e-05  7.5281105595e-06 -4.0960160919e-05  9.7535207436e-05 -3.4530719985e-05  1.1517192800e-04  3.6619946510e-05 -9.8661005213e-06  1.0292423899e-04 -1.1265012754e-03 -2.6078151723e-03  5.0518950044e-04 -1.6326209232e-05 -1.9714828269e-05 -3.5489733826e-05  1.1430915201e-06 -4.6191826388e-05 -2.2204958817e-05 -3.0156772014e-05 -1.0563747671e-05  4.1843730691e-05 -5.2301974950e-05  2.5067793862e-03 -2.0674019247e-03  3.6419365991e-05  6.1877256288e-05  1.1949952832e-06  1.5318102070e-06  1.4807667578e-06 -2.1202933093e-05 -6.0618723595e-06  9.8491396512e-06  1.1406448589e-05 -1.6297057885e-05  5.0701478590e-06 -2.6682752841e-06  1.2046116812e-05 -1.2462708875e-05 -2.0998559691e-05  5.4027389157e-06  2.2379430218e-06 -1.1694329794e-06  6.3807498244e-07 -2.2195356642e-06  5.4785958218e-06  2.1020298138e-05 -8.1773304437e-06 -1.5992006800e-05  1.0847942712e-06  3.0012269248e-06  1.0373204475e-06 -2.3508647728e-05  1.8848055180e-06  3.1518799436e-06 -1.4271514296e-06  9.8921366452e-07 -2.2249286929e-06  3.3932523396e-04 -1.3842495653e-03  1.6263771334e-03 -3.1251386976e-05  1.9106673027e-05  3.0353790261e-06

JOB 8
COORDS  1.7870998819e+00 -9.7380457549e-01 -6.5895813551e-02  2.8761452535e+00 -1.4107370919e+00  2.0225909442e+00  7.2917992870e-01 -3.6588451386e-01  6.0911186878e-01  1.8277559740e+00 -7.8876544411e-01  2.7036726418e+00  2.8800031285e+00 -1.5164313868e+00  6.2562395863e-01  7.2537332041e-01 -2.3911927449e-01  2.0159829999e+00 -1.5670283811e+00  6.1738033349e-01  1.9792008432e+00 -4.3515089914e-01  1.9114193392e-01  4.1263896819e+00  3.9786426327e+00 -2.0740817343e+00 -8.0099665079e-02 -3.1373809463e-01  4.2428756739e-01  2.6945837305e+00  1.7611885872e+00 -1.0266009193e+00 -1.1525426058e+00  3.7040695311e+00 -1.8237542899e+00  2.5967414009e+00 -9.2313694668e-02  2.2903775413e-02  1.9047302773e-02  1.8816614834e+00 -7.4339781929e-01  3.7849630939e+00 -2.2786581123e+00  1.1226082324e+00  2.6354277587e+00 -2.0204792263e+00 -3.2824708549e-01  1.6368557998e+00 -1.4212174741e+00  1.2615132367e+00  1.1065697295e+00 -1.2896102123e+00  7.5321344938e-01  4.5088625082e+00  4.5159016366e-01  5.5415191598e-01  4.6553206992e+00 -5.7628744810e-01 -8.7283508501e-01  4.3816613329e+00  3.6823481646e+00 -2.6753878878e+00 -8.4341714072e-01  4.5902094382e+00 -2.6064156667e+00  5.3157361617e-01
ENERGY -4.216434012253e+02
GRADIENT  4.1545041887e-04  8.2693571422e-04  5.3216580895e-06  3.3649678420e-05 -1.7892672179e-05  1.1315965535e-05  1.2542493655e-04 -6.9131601104e-05  2.5807704276e-05  1.4208615194e-05 -1.9049954537e-05 -1.9971721095e-04 -6.7218117803e-04 -1.4916720164e-03  2.5058949145e-04 -1.5030317845e-04  8.5933763061e-05  1.0476881559e-04 -2.9171948719e-05  1.5398789976e-05  2.1749264802e-05 -2.4179719856e-05 -8.3220797159e-06  1.2985522288e-06  3.1018216363e-04  1.6083395844e-03 -9.9668607750e-04 -3.2394732956e-05  4.2682236827e-05  3.0372252995e-05  1.4037214026e-05 -4.0215860428e-06  2.5135706676e-06  9.3975310895e-06 -4.9069764133e-06 -7.6548682259e-06  3.2209999978e-05 -1.8990634518e-05  2.2630912785e-05 -1.1180559638e-05  3.4272989657e-06 -2.5378641769e-05 -3.4446188023e-07  2.7303624327e-06  3.0112659556e-07  8.0902784269e-08 -2.6659324034e-06  2.1607180572e-06 -9.3017653976e-06 -3.1168848423e-07  1.4174159657e-05 -1.2450757252e-06 -1.3287908911e-07  5.0587705814e-07 -2.7243582140e-06  1.7963243171e-06 -2.4857986767e-06  5.3554855495e-07 -1.7459864028e-06 -3.4570455310e-06 -1.5016574407e-05 -9.4883376802e-04  7.3918235677e-04  1.2135883447e-06 -1.9468934128e-05  1.0662008445e-05

JOB 9
COORDS  1.7913204336e+00 -9.9268847370e-01 -5.5146794611e-02  2.8859277095e+00 -1.4005215998e+00  2.0376837708e+00  7.3382138779e-01 -3.7658415000e-01  6.1490811380e-01  1.8311772567e+00 -7.8468689705e-01  2.7125309431e+00  2.8900976243e+00 -1.5167884014e+00  6.4048206872e-01  7.2815992945e-01 -2.4083204581e-01  2.0198618038e+00 -1.5661618273e+00  6.0796254925e-01  1.9747101149e+00 -4.3729753210e-01  1.9740536814e-01  4.1263187192e+00  3.9924578301e+00 -2.0809819060e+00 -4.6664711730e-02 -3.1383024022e-01  4.2405326369e-01  2.6937398626e+00  1.7566106029e+00 -1.0660781268e+00 -1.1407598079e+00  3.7197649262e+00 -1.7983260385e+00  2.6135977786e+00 -9.0193425306e-02  1.7004944142e-03  2.1488830200e-02  1.8830836042e+00 -7.3288722105e-01  3.7936408294e+00 -2.2818473721e+00  1.1129723638e+00  2.6267080436e+00 -2.0145575770e+00 -3.4129755870e-01  1.6355001066e+00 -1.4210092271e+00  1.2485693820e+00  1.0992131109e+00 -1.2944576641e+00  7.5840667075e-01  4.5043634454e+00  4.4706326609e-01  5.6608776251e-01  4.6553424590e+00 -5.7535274160e-01 -8.6578477517e-01  4.3868801135e+00  3.7301583011e+00 -2.4980728303e+00 -9.3392293921e-01  4.4948075142e+00 -2.7635751184e+00  5.1162159536e-01
ENERGY -4.216436930795e+02
GRADIENT  2.1053533754e-05  3.1420214942e-05 -2.4604046021e-04  1.8991860481e-04 -8.3769261900e-05  1.6564824516e-04  1.3941574429e-04 -6.9462695966e-05  1.3212040230e-04  1.4716740160e-05 -4.2522374712e-05 -1.9931106842e-04 -1.5236893352e-04  1.1679015532e-05  5.5287714066e-05 -1.2436316883e-04  7.2403267097e-05  6.1253688072e-05  2.7328148320e-05  6.7314010842e-06  1.6944777073e-05 -1.4304565207e-06  4.8879430151e-05 -1.3873286801e-05 -1.0325190077e-04  1.2005773113e-04  4.7935456251e-05 -5.2081009950e-05 -3.5406676957e-05  8.6605030641e-06 -9.5301115727e-06 -9.9935501105e-06 -3.4432722632e-05  2.6631081183e-05 -1.8096106248e-05  1.6832941159e-05  1.4135460604e-05  4.6244997425e-07  6.5517302309e-06  1.5447156101e-05 -7.6715089814e-06 -4.0124672646e-05 -8.1318063850e-06 -1.3556199638e-05 -7.0168089303e-08  5.3316641139e-06 -3.2310173263e-07 -1.1829595496e-05  9.1742479188e-07  1.0817143950e-05 -5.7274631063e-06 -3.9678288754e-06 -7.9631894495e-06  3.5828680695e-06 -8.3657034947e-06  6.6178192998e-06  7.9101382767e-06  4.6169573657e-06 -3.6033991972e-06  4.9081774293e-06 -2.8624658861e-06 -4.3057813599e-05  1.7899672444e-05  8.4051503272e-06  5.8358534243e-06  1.3440615714e-06

JOB 10
COORDS  1.7925266132e+00 -1.0092165024e+00 -3.9568823876e-02  2.8958999548e+00 -1.3795506963e+00  2.0555160937e+00  7.3521327677e-01 -3.8325483884e-01  6.2355576558e-01  1.8354871335e+00 -7.6962471514e-01  2.7249163308e+00  2.8987416882e+00 -1.5114785124e+00  6.5900723255e-01  7.3009333054e-01 -2.3546358748e-01  2.0265591367e+00 -1.5625848183e+00  6.1650908589e-01  1.9721285673e+00 -4.4117443627e-01  2.0991357781e-01  4.1288828623e+00  4.0031156719e+00 -2.0924576332e+00 -1.0922504327e-02 -3.1331867952e-01  4.3108711612e-01  2.6956824184e+00  1.7496062838e+00 -1.1067221484e+00 -1.1232079487e+00  3.7381912133e+00 -1.7578106757e+00  2.6315928500e+00 -9.2178209480e-02 -1.7305283840e-02  2.7102043476e-02  1.8873201900e+00 -7.0613839793e-01  3.8054358778e+00 -2.2777065038e+00  1.1289295639e+00  2.6189381906e+00 -2.0146900776e+00 -3.3256021671e-01  1.6372642186e+00 -1.4113660029e+00  1.2509723378e+00  1.0931592466e+00 -1.3014342702e+00  7.6980656682e-01  4.5014380068e+00  4.3995530242e-01  5.8329488402e-01  4.6599314449e+00 -5.7713319466e-01 -8.5259250368e-01  4.3929295485e+00  3.8010950072e+00 -2.3195618910e+00 -9.7873296493e-01  4.3783408107e+00 -2.9058713005e+00  4.6542800991e-01
ENERGY -4.216434392096e+02
GRADIENT -3.9369393125e-04 -8.3775035942e-04 -4.4518333241e-05  1.0765410984e-04 -5.5562834705e-05  5.0032215414e-05 -4.1350259887e-05  2.6212365019e-05  2.4672363620e-05  1.7931377985e-05 -6.5867962882e-06 -1.3715053468e-06  6.1541181317e-04  1.5983650055e-03 -9.7800786300e-05  1.0832738386e-05  4.9188488268e-06 -2.3407784519e-05  3.4323688768e-05  6.2074466868e-06 -1.2086643114e-05  4.2852331258e-06  3.3988121281e-05  9.8040128391e-06 -7.0464055982e-04 -1.7636272104e-03  4.5879635414e-04  1.0121858697e-05 -9.0318155037e-05 -3.6384207289e-05 -1.3789361780e-05  6.3855381017e-06 -1.1848945964e-05  8.1294022989e-06 -4.5118808133e-06  1.7510051552e-05 -2.9167692960e-05  1.3410987559e-05 -9.2345485483e-06  1.9971932449e-05 -1.4356038506e-05 -1.7315038481e-05 -1.0778696224e-06 -1.0031980843e-05  4.4955249351e-07  3.0322148652e-06  8.9584606786e-07 -3.7403783267e-06  1.5286674040e-05 -4.9728210696e-08 -1.6445612307e-05 -1.7892127708e-06 -6.5928367472e-06  1.6887782450e-07 -1.2281310052e-05  5.1676694049e-06  6.4155941679e-06  5.4634479756e-06  3.3312440399e-07  1.0894952505e-06  3.4935547086e-04  1.0643541566e-03 -3.1389754329e-04 -5.7967237498e-06  1.0820325635e-05  5.0964619467e-06

JOB 11
COORDS  1.7947117543e+00 -1.0265559869e+00 -3.0489495957e-02  2.9032620452e+00 -1.3703443712e+00  2.0651808025e+00  7.3663215906e-01 -3.9453757512e-01  6.2663319442e-01  1.8380057885e+00 -7.6705272971e-01  2.7320113508e+00  2.9068486111e+00 -1.5121794549e+00  6.6972249529e-01  7.3114232340e-01 -2.4025674574e-01  2.0288382597e+00 -1.5639777974e+00  6.0416710130e-01  1.9684420345e+00 -4.4181747099e-01  2.1621464181e-01  4.1284882920e+00  4.0126011167e+00 -2.1162243163e+00  1.4821670967e-02 -3.1416333597e-01  4.2606139515e-01  2.6933039689e+00  1.7476356763e+00 -1.1412083118e+00 -1.1123054684e+00  3.7526367399e+00 -1.7344936448e+00  2.6390677556e+00 -9.2490466244e-02 -3.5627725251e-02  2.8276969878e-02  1.8892589887e+00 -6.9556674325e-01  3.8120364137e+00 -2.2795517917e+00  1.1207491754e+00  2.6113835539e+00 -2.0145535711e+00 -3.4822316798e-01  1.6415066995e+00 -1.4137023775e+00  1.2317742037e+00  1.0844821197e+00 -1.3019750996e+00  7.7925793262e-01  4.4964467828e+00  4.3924747526e-01  5.9370604990e-01  4.6564288170e+00 -5.7807179061e-01 -8.4408071281e-01  4.4006117698e+00  3.8982382516e+00 -2.1502052586e+00 -9.9260315978e-01  4.2394848611e+00 -3.0381570837e+00  3.7316774095e-01
ENERGY -4.216426316525e+02
GRADIENT -8.1439885895e-04 -1.6345183864e-03  3.6040422177e-04 -1.6817428822e-04  5.3948542818e-05 -1.5251835657e-04 -2.2256632866e-04  1.0483029348e-04 -3.8234663170e-05  3.5583619643e-05 -1.1200713030e-05  2.6412408240e-04  1.6612923661e-03  3.0729481201e-03 -3.1965322951e-04  1.8155240007e-04 -1.2908533390e-04 -1.6174807435e-04  1.6607163353e-05 -9.6134568069e-05 -3.9921898028e-05 -1.7021899832e-05 -2.3612512953e-05  3.7010471830e-05 -1.6728274490e-03 -3.5775762089e-03  2.6282957425e-04  4.4672484383e-05  1.0145232532e-04 -2.6280955825e-05 -3.7016592065e-06  3.0490016819e-06  3.1915398777e-05 -2.4606310039e-05  8.7387153714e-08 -1.5881376018e-05 -7.6313127106e-05  4.8812254470e-05 -1.7562967169e-05  2.3366290528e-05 -9.3803726010e-06 -5.7746574689e-06  7.1488802717e-06  3.9808214578e-06 -2.6063032762e-06  4.5764782644e-07 -2.7701991945e-06  5.5556366836e-06  2.9629508756e-05 -1.2952742717e-05 -2.9455636388e-05  7.7862775900e-06  1.2702444414e-05  6.5030222167e-07 -2.5332736903e-05 -5.8728205223e-06  5.1187320937e-06 -1.1812527341e-05 -1.2620479756e-06  1.6914650302e-06  1.0165179980e-03  2.0820741453e-03 -1.8908788674e-04  1.3928772802e-05 -6.2768150562e-07  2.2000026502e-05

JOB 12
COORDS  1.7974889493e+00 -1.0424006893e+00 -1.8925311600e-02  2.9085153070e+00 -1.3607204090e+00  2.0798087312e+00  7.3704942041e-01 -4.0850557775e-01  6.3223383974e-01  1.8394363074e+00 -7.6046620647e-01  2.7434260903e+00  2.9126785911e+00 -1.5133895134e+00  6.8638715216e-01  7.3054485081e-01 -2.4482153767e-01  2.0342770562e+00 -1.5654549950e+00  5.9967549985e-01  1.9653477726e+00 -4.4028037585e-01  2.3214367915e-01  4.1310512338e+00  4.0229055793e+00 -2.1429233016e+00  4.7121894199e-02 -3.1719992294e-01  4.1896331121e-01  2.6922529228e+00  1.7510771154e+00 -1.1699735692e+00 -1.0992935881e+00  3.7635641021e+00 -1.7143300802e+00  2.6509505468e+00 -9.3939056531e-02 -5.7273223593e-02  3.1989818588e-02  1.8894390676e+00 -6.7877609462e-01  3.8227825274e+00 -2.2802002716e+00  1.1197213443e+00  2.6062531776e+00 -2.0183049809e+00 -3.5204465144e-01  1.6404677451e+00 -1.4121794061e+00  1.2246343677e+00  1.0800195171e+00 -1.3038450577e+00  7.9460823554e-01  4.4915300406e+00  4.3927326735e-01  6.2428804600e-01  4.6508196414e+00 -5.6833133012e-01 -8.2438578205e-01  4.4201031314e+00  4.0215995493e+00 -1.9887180493e+00 -9.5627149683e-01  4.0783700971e+00 -3.1386530507e+00  2.4017482385e-01
ENERGY -4.216413720705e+02
GRADIENT -1.0595157403e-03 -2.1387195699e-03 -3.9447741478e-05 -8.7063890959e-05  5.4904549157e-05 -9.1984964037e-05  1.3244709266e-04 -5.5355319849e-05  1.3748553361e-04  3.7359936789e-06  1.1659446354e-05  2.4923634711e-04  1.9728123720e-03  3.9100865411e-03 -2.2282388080e-04  6.0176670044e-05 -4.3106650760e-05 -6.9308501741e-05 -6.0600035249e-06 -7.6428559830e-05 -2.9400493821e-05 -2.1938453783e-05 -4.4935387350e-05  3.4177725674e-05 -2.6435545533e-03 -4.1828441489e-03 -3.1331221082e-04  5.9198897775e-05  1.0743479822e-04  1.5579687857e-05  5.1188154466e-06 -1.1340294263e-05 -3.1203175190e-05 -2.1014242517e-05  8.5105681862e-06  9.1163692230e-06  1.1372254459e-06  2.8942968132e-06 -1.2291341185e-05  6.1757241005e-06  2.1943461337e-06  8.9265074286e-06  8.3136459543e-06  1.4169882216e-05 -4.2057675623e-06 -6.0890577420e-06 -4.1610357301e-06  1.3726546526e-05  1.3915221995e-05 -1.6945412589e-05 -1.1791286486e-05  7.5756792578e-06  1.4635290010e-05  3.0868487046e-06 -1.3570637601e-05 -1.2165265634e-05 -2.9835612657e-06 -1.3631712231e-05  3.0024646208e-07 -2.8621168288e-06  1.6111101560e-03  2.4514215769e-03  3.7047966024e-04 -1.3505066266e-05 -3.6169505058e-06 -2.7024907964e-05

JOB 13
COORDS  1.9126841887e+00 -8.6091911436e-01  5.0964084351e-03  2.7998831166e+00 -1.5982194970e+00  2.1041920643e+00  8.5457566858e-01 -2.3157550181e-01  6.6305809836e-01  1.7324328074e+00 -9.9941686400e-01  2.7728629315e+00  2.9150454940e+00 -1.5407906689e+00  7.1000099315e-01  7.3867096691e-01 -2.7944101669e-01  2.0705710047e+00 -1.4552738294e+00  8.0304896853e-01  1.9630369042e+00 -5.5166357227e-01  1.9166304097e-02  4.1307897410e+00  4.0216574519e+00 -2.1968065168e+00  6.9419354481e-02 -3.0279061844e-01  3.7345272394e-01  2.7411035377e+00  1.9559823769e+00 -8.1897239130e-01 -1.0820141598e+00  3.5676491081e+00 -2.1198920104e+00  2.6697445326e+00  1.1334283939e-01  2.8643284718e-01  6.5980947547e-02  1.6916526021e+00 -1.0833618202e+00  3.8524392787e+00 -2.1792378245e+00  1.2778386329e+00  2.6278966069e+00 -1.9570724762e+00 -2.8462726880e-02  1.4412690225e+00 -1.1646970554e+00  1.5488204165e+00  1.2159899491e+00 -1.3977122732e+00  6.0047005382e-01  4.5021368273e+00  3.1131095552e-01  2.6807943304e-01  4.7566203168e+00 -7.7880633297e-01 -1.0507875785e+00  4.2684886927e+00  4.2688996780e+00 -1.7334664170e+00 -8.0084102512e-01  3.8192820057e+00 -3.1736276763e+00 -1.2957884173e-01
ENERGY -4.216400137631e+02
GRADIENT -1.1340248164e-03 -1.8469450145e-03 -1.3163507334e-04  4.5213202765e-05 -4.2892190675e-05  3.1282488496e-05  9.4502529204e-06 -5.8887027412e-06  8.6940521463e-06  1.0294472096e-05 -9.6723412505e-07 -6.7848102254e-05  2.1635727153e-03  3.2379073134e-03  5.0561998050e-04 -5.5178043387e-05  4.7476603742e-05  2.9938873322e-05  2.3264976325e-05  4.3315153244e-05  9.5818922437e-06  2.5425415012e-05  5.8876784859e-05 -3.9915819546e-06 -2.6984692847e-03 -2.9707133394e-03 -1.6988897604e-03 -4.0787501409e-05 -1.2860654033e-04 -1.8193908364e-05 -1.9063990798e-06  3.2607676421e-06  8.7806911868e-07  6.0016496789e-06 -1.7045932566e-06  2.0053279359e-06  4.8158420021e-06 -7.6913047809e-08  2.6037792382e-06 -2.2741930924e-06  2.6489855543e-06 -4.0598391558e-06 -8.8104216877e-06 -1.8490132889e-05 -1.3896404902e-06  1.2083769980e-05  3.1665476196e-06 -1.2127356593e-05 -3.2438062316e-06  1.4525303967e-05  3.0995920699e-06 -5.9251994987e-06 -1.1897703674e-05 -3.3200437259e-06  4.4325018656e-06  6.4703257604e-06  4.8481415877e-06  9.4728671892e-06 -1.3972786747e-06  1.3507039125e-06  1.6727735276e-03  1.5854752924e-03  1.3313051432e-03 -2.6506383088e-05  1.6409114917e-05  4.8090831051e-06

JOB 14
COORDS  1.9069045122e+00 -8.8996329035e-01  1.0078996189e-02  2.7942457252e+00 -1.6120640691e+00  2.1137612461e+00  8.4691683694e-01 -2.5900689976e-01  6.6209921905e-01  1.7323919284e+00 -1.0000773510e+00  2.7806636037e+00  2.9063896188e+00 -1.5690190074e+00  7.2034667867e-01  7.3649408619e-01 -2.8992227207e-01  2.0717310560e+00 -1.4580261848e+00  7.9218664221e-01  1.9570370266e+00 -5.4406505622e-01  4.0080474534e-02  4.1333504179e+00  4.0190349036e+00 -2.2391274209e+00  8.6879872394e-02 -3.0336970741e-01  3.6886878638e-01  2.7357649567e+00  1.9536087481e+00 -8.5296419761e-01 -1.0770348054e+00  3.5593340440e+00 -2.1381934488e+00  2.6782640706e+00  1.0381003324e-01  2.5277497273e-01  6.2031212753e-02  1.6935099446e+00 -1.0725343931e+00  3.8611039700e+00 -2.1788962249e+00  1.2748977423e+00  2.6194376966e+00 -1.9625425100e+00 -4.4290056401e-02  1.4463957687e+00 -1.1692418232e+00  1.5295627977e+00  1.2011018929e+00 -1.3882147314e+00  6.2774045496e-01  4.4987913492e+00  3.2253598505e-01  3.0049564129e-01  4.7493431911e+00 -7.6993190239e-01 -1.0271196557e+00  4.2912498602e+00  4.4211166588e+00 -1.6506786386e+00 -6.3989492038e-01  3.7148356160e+00 -3.1038294893e+00 -3.5695578971e-01
ENERGY -4.216390178862e+02
GRADIENT -6.2714347239e-04 -9.9512053201e-04 -5.1429747234e-05  1.6029201057e-06 -3.0805966192e-06  4.8883036368e-06  4.2009648497e-06 -4.1900743419e-06  1.8846487423e-06  4.4641289844e-07 -1.3977616829e-06 -1.5522384704e-05  1.1786526670e-03  1.6743647383e-03  3.2805327527e-04 -1.6462239872e-05  2.5210958490e-07  8.9183493201e-06 -1.5246909867e-06  5.7012680612e-06  1.0143964871e-06  2.3780464541e-06  9.7472706077e-06  2.1058797714e-06 -1.4282829555e-03 -1.2665713880e-03 -1.2257218866e-03 -2.7070963516e-06 -9.1037847045e-06 -4.0670337169e-06  1.1518153214e-06 -1.1068011225e-06  7.3294441786e-07  1.1451917012e-06 -1.0185375184e-07  8.3601096363e-08  2.9856851202e-06 -3.8440221207e-07  1.9113072824e-06 -2.2212140926e-06  2.7281759450e-06  1.1858189907e-07 -2.3171856919e-06 -6.9395242578e-06 -1.7668101274e-06  4.5378203124e-06  2.8107966652e-07 -5.3879137639e-06 -1.8899415573e-06  4.6775958827e-06  8.0410942652e-07 -1.5879945444e-06 -3.3294379437e-06 -9.4894142090e-07  2.7797682267e-07  2.1218541895e-06  1.3247439722e-06  2.2853894730e-06 -5.0450033921e-07  1.7333324999e-07  8.9732731504e-04  5.8586083348e-04  9.6155766122e-04 -5.9908807543e-06 -6.4098573632e-06 -3.4302920634e-06

JOB 15
COORDS  1.8951038704e+00 -9.2403387523e-01  1.1813543143e-02  2.7848986549e+00 -1.6322644961e+00  2.1196272049e+00  8.3562017801e-01 -2.8890172248e-01  6.6017473460e-01  1.7327164092e+00 -1.0011686886e+00  2.7844211044e+00  2.8902137522e+00 -1.6055168108e+00  7.2589106190e-01  7.3411639868e-01 -2.9932381057e-01  2.0711313661e+00 -1.4595638727e+00  7.8392022012e-01  1.9528812991e+00 -5.3465416187e-01  6.1742313861e-02  4.1349450187e+00  4.0062797058e+00 -2.2809254293e+00  9.6733386263e-02 -3.0123783849e-01  3.6967308780e-01  2.7312542996e+00  1.9427608260e+00 -8.9178704596e-01 -1.0754380455e+00  3.5442367989e+00 -2.1657765618e+00  2.6848110379e+00  9.0480281575e-02  2.1684272199e-01  5.7536219270e-02  1.6980251156e+00 -1.0609900000e+00  3.8657402749e+00 -2.1764173587e+00  1.2762164778e+00  2.6125547073e+00 -1.9674697829e+00 -5.8860003161e-02  1.4563025442e+00 -1.1740318012e+00  1.5108108127e+00  1.1856937986e+00 -1.3755955956e+00  6.5637480452e-01  4.4964414752e+00  3.3594197525e-01  3.2939022423e-01  4.7420968900e+00 -7.6163474570e-01 -1.0025479831e+00  4.3094296566e+00  4.5583932320e+00 -1.6149696635e+00 -4.4195988840e-01  3.6649903758e+00 -2.9744068871e+00 -5.6735486096e-01
ENERGY -4.216387156680e+02
GRADIENT  8.1489438881e-05  1.0479827097e-04 -6.8941960274e-05  1.8706826322e-04 -1.4517838394e-04  1.3681999062e-04 -1.4590617674e-05  2.0991478564e-05 -5.2558471814e-07  3.0790703797e-05 -7.7057986969e-07 -1.7198166960e-04 -2.7302447015e-04 -9.3201028646e-05  2.8169240131e-05 -4.9494217231e-05  1.9338338988e-06  2.5950278868e-06  7.1213753918e-06 -2.1937815406e-05 -2.1731355923e-05 -1.2215022057e-05 -2.0605821575e-06  1.6169097328e-05  1.3634256847e-04  1.1966725253e-04  2.5839118265e-04  1.2794209502e-05  3.1728992728e-05  6.0814439691e-06 -1.1830079342e-05  1.3096867641e-05 -1.0486098600e-05  2.1561022410e-05 -1.3700389434e-05  2.1373116582e-05 -1.2223243366e-05  6.6104956541e-06 -1.5428697560e-06  2.2760939458e-05 -1.5631307436e-05 -3.1594330826e-05 -3.5052724219e-07 -3.9875323863e-06  1.9924103206e-07  3.9990692886e-06 -3.9964557741e-07 -1.0268138909e-06  9.6821026793e-06 -2.4100060592e-06 -5.2653660745e-06 -1.9487037107e-06 -2.7842409743e-07 -2.6643845396e-06 -8.6002725025e-06  4.9456473869e-06 -1.0618967912e-06  9.5843108101e-07  1.2583604505e-06 -1.9761799603e-06 -1.0755420286e-04 -2.1573387712e-05 -1.5257895698e-04 -1.6000458662e-05 -1.6317601395e-06 -2.9721461544e-06

JOB 16
COORDS  1.8789105726e+00 -9.5631910688e-01  7.2094280714e-03  2.7743838391e+00 -1.6513040835e+00  2.1171667488e+00  8.2129592813e-01 -3.1761332130e-01  6.5581880354e-01  1.7326344185e+00 -1.0031837576e+00  2.7814360328e+00  2.8719488799e+00 -1.6394067717e+00  7.2210668433e-01  7.2982495313e-01 -3.0827090774e-01  2.0670644186e+00 -1.4627905030e+00  7.7838982834e-01  1.9521993328e+00 -5.2295491038e-01  8.0148105941e-02  4.1357440495e+00  3.9849781461e+00 -2.3167928294e+00  9.3975934876e-02 -3.0004353363e-01  3.7015929562e-01  2.7267651853e+00  1.9236618650e+00 -9.2844061787e-01 -1.0803783467e+00  3.5278516903e+00 -2.1911409626e+00  2.6843769275e+00  7.3049175319e-02  1.8179351421e-01  5.1811751821e-02  1.7041016868e+00 -1.0520181532e+00  3.8635153079e+00 -2.1738069762e+00  1.2798410545e+00  2.6113193118e+00 -1.9763159343e+00 -6.8683163438e-02  1.4687129937e+00 -1.1812960678e+00  1.4959061139e+00  1.1747101637e+00 -1.3590727529e+00  6.8180876038e-01  4.4968531961e+00  3.5339937631e-01  3.5232961325e-01  4.7326300140e+00 -7.5185866101e-01 -9.8120624827e-01  4.3253631549e+00  4.6688568352e+00 -1.6345524247e+00 -2.3239714435e-01  3.6623568154e+00 -2.8086192997e+00 -7.3813140746e-01
ENERGY -4.216391544582e+02
GRADIENT  6.6090584089e-04  1.1123345517e-03 -1.7147803320e-04  1.3909161546e-04 -1.2370446310e-04  8.7518861512e-05  2.0001866872e-04 -1.0417103045e-04  5.2440211727e-05  1.0006661151e-06  1.0476250661e-05 -1.8638420080e-04 -1.3855167167e-03 -1.5160866548e-03 -3.6487592531e-04 -1.4554983565e-04  1.7351415045e-04  1.5424923100e-04  1.6482244977e-05  6.8945842688e-05  2.8815843014e-05  3.2564319352e-05  6.7433357422e-05 -1.7661494682e-05  1.3176014667e-03  3.8987943002e-04  1.9562448695e-03 -7.8841421675e-05 -1.8512483027e-04 -1.5378355096e-05  7.2024396555e-06 -5.3108537996e-06 -3.0513641282e-05  1.5548458350e-05 -9.6281926154e-06  1.5487786865e-05  3.6076336424e-05 -3.5028094326e-05  1.3332218789e-05 -8.5159330489e-06  2.0530546493e-06 -1.3324580044e-05 -1.8335145128e-06  2.0244020103e-06 -8.2642682970e-06 -2.5793727688e-06 -1.7218033794e-06 -7.8563825370e-07 -2.0816634865e-05  1.9075096221e-06  3.8605971800e-06  1.3858314932e-06 -7.5950304592e-06  3.6147605917e-06  1.0799730030e-05 -7.6322839519e-06  4.4483490602e-06 -3.1580610182e-06 -2.5096828008e-06  2.0484060306e-06 -7.9475973873e-04  9.5840653397e-05 -1.4686381812e-03  8.6598931449e-06  6.4332238870e-05 -4.5575039831e-05

JOB 17
COORDS  1.8597980382e+00 -9.8338753703e-01 -1.6054912674e-03  2.7690392414e+00 -1.6601038578e+00  2.1084265334e+00  8.0667890579e-01 -3.3806627694e-01  6.4945398430e-01  1.7383633310e+00 -9.9617353287e-01  2.7729832822e+00  2.8547653280e+00 -1.6646106731e+00  7.1122721268e-01  7.2963623274e-01 -3.0830934716e-01  2.0599142266e+00 -1.4662468278e+00  7.6917667685e-01  1.9528871888e+00 -5.1859010502e-01  8.2676974031e-02  4.1299063752e+00  3.9519438538e+00 -2.3519593769e+00  7.9084634800e-02 -2.9216747483e-01  3.8456318664e-01  2.7232753212e+00  1.8962373728e+00 -9.6348867205e-01 -1.0897487696e+00  3.5191266464e+00 -2.2020521637e+00  2.6785389146e+00  5.4545919420e-02  1.5484601158e-01  4.4998137562e-02  1.7204963999e+00 -1.0316459288e+00  3.8558177722e+00 -2.1696031200e+00  1.2869492246e+00  2.6078487309e+00 -1.9841033930e+00 -9.1303083017e-02  1.4978993014e+00 -1.1958523512e+00  1.4668360029e+00  1.1541223209e+00 -1.3484306224e+00  6.9005490441e-01  4.4963032594e+00  3.5977214908e-01  3.4103537267e-01  4.7294540206e+00 -7.5833025230e-01 -9.7818903977e-01  4.3096462964e+00  4.7440887175e+00 -1.7216815765e+00 -4.0712280121e-02  3.6810765576e+00 -2.6471034671e+00 -8.5729782386e-01
ENERGY -4.216401356734e+02
GRADIENT  1.0847724014e-03  1.6487922230e-03  3.1297143790e-05  4.8974226659e-05 -5.4504592768e-05  1.6908229125e-05 -4.6196723266e-05  2.7537208634e-05 -1.7096073287e-05 -8.9475793115e-06  1.2286376704e-05  2.8671043543e-06 -1.9547396090e-03 -2.2878114278e-03 -5.8308400640e-04  5.9212936414e-05 -7.4143221561e-05 -6.9269753738e-05 -4.8950855432e-05 -4.6223449560e-05 -2.5818148513e-05 -2.1772449954e-05 -9.5252120868e-05  1.0452813554e-05  1.6537989858e-03  2.6872073922e-05  2.7985126471e-03  7.4196714393e-05  1.6343693901e-04  2.9324079957e-05 -1.2524384811e-05  3.5419000202e-06 -6.3998667165e-06  3.1161281383e-06 -2.5921213705e-06  1.0125742087e-05  1.0726077051e-05 -7.0263497124e-06 -1.0294966947e-05  3.6809110313e-06  7.9077082410e-07  1.4472751978e-05  7.9117703689e-06  1.7346143145e-05 -8.5652232029e-07 -9.1279330619e-06 -3.5148534260e-06  1.3739648290e-05 -4.8971472930e-06 -1.6969648716e-05  5.4381529186e-06  6.7644450911e-06  1.1538273149e-05 -9.6102718890e-08  3.6975451265e-06 -1.1001830439e-05 -1.0447242077e-05 -9.6918504423e-06  2.7399702725e-06 -6.3390979446e-06 -8.2036503421e-04  6.8914453985e-04 -2.1732601841e-03 -2.4035852594e-05 -1.9382508647e-05 -3.6512776839e-05

JOB 18
COORDS  1.8431516115e+00 -9.9537301508e-01 -9.7429423355e-03  2.7670156579e+00 -1.6606183290e+00  2.0979804577e+00  7.9277416098e-01 -3.4842785894e-01  6.4532916600e-01  1.7416141341e+00 -9.9071573359e-01  2.7636204265e+00  2.8432224377e+00 -1.6727537017e+00  6.9878827757e-01  7.2591902890e-01 -3.0836416990e-01  2.0549130542e+00 -1.4708223515e+00  7.6703629347e-01  1.9574471441e+00 -5.0745980876e-01  9.4390264592e-02  4.1318911435e+00  3.9183529202e+00 -2.3707461711e+00  5.7243700808e-02 -2.9179086485e-01  3.8873879005e-01  2.7224557848e+00  1.8719882072e+00 -9.7947970247e-01 -1.0982334984e+00  3.5166583850e+00 -2.2012062002e+00  2.6706432180e+00  3.6647258826e-02  1.4022678257e-01  4.2308775379e-02  1.7322236343e+00 -1.0191441645e+00  3.8468030462e+00 -2.1728860495e+00  1.2841237263e+00  2.6143885490e+00 -1.9882303650e+00 -9.6310970723e-02  1.5069704905e+00 -1.2068767909e+00  1.4633566589e+00  1.1550769244e+00 -1.3366204501e+00  7.0126862542e-01  4.5007643327e+00  3.7429264955e-01  3.5891517339e-01  4.7240522189e+00 -7.4265591314e-01 -9.6620263567e-01  4.3202724881e+00  4.7887337088e+00 -1.8473255268e+00  1.3017407060e-01  3.7246186593e+00 -2.4798164778e+00 -9.3559446648e-01
ENERGY -4.216413351032e+02
GRADIENT  1.1588718590e-03  1.7395011030e-03  2.3451187796e-04  1.8965088017e-04 -1.2434671986e-04  1.7229190415e-04 -1.6420430671e-04  9.5750595662e-05 -1.4538026384e-04 -1.1237878105e-06  1.7735246653e-05 -2.1999052826e-04 -1.8809707380e-03 -2.3981130315e-03 -6.9846247239e-04  2.4057789956e-05  4.6701827853e-05  5.8150618097e-05  2.0881554924e-05  3.8262704187e-05  2.8803072953e-05  1.6277882919e-05  5.5179495768e-05 -2.3289131802e-05  1.2682682041e-03 -4.5396528735e-04  2.7801648572e-03 -3.4433986883e-05 -1.5092706872e-04 -8.5004723035e-05 -6.9089223242e-06  1.4790734620e-05  2.7389776835e-05  2.2424836277e-05 -1.7612315981e-05  1.3258631340e-06 -3.2287002003e-05  1.2434619772e-05 -3.0075838375e-06  1.3370359478e-05 -1.7181826866e-05 -2.1193162524e-05 -4.3104316548e-06 -4.8055438162e-06  8.4089805118e-07  1.2720202587e-06  4.8506723813e-07 -2.3095337506e-06  3.1923608298e-06  9.6967993981e-07 -5.1514588665e-06 -1.0383486783e-06 -4.7510049014e-06 -1.5420220273e-06  7.1308796344e-06 -1.7517272824e-06  1.8663530534e-06 -4.0391059662e-07 -2.9440714976e-06  3.0544520564e-06 -6.0412466290e-04  1.1343223448e-03 -2.2261483682e-03  4.0902670140e-06  1.5062292208e-05  1.0907685732e-04

JOB 19
COORDS  1.8272131706e+00 -1.0019016464e+00 -2.1273381076e-02  2.7693737659e+00 -1.6502257901e+00  2.0836989865e+00  7.8203283098e-01 -3.5258765583e-01  6.4028767555e-01  1.7469158844e+00 -9.7954411390e-01  2.7527401717e+00  2.8358442974e+00 -1.6706664318e+00  6.8309342751e-01  7.2409581305e-01 -3.0343835225e-01  2.0491279325e+00 -1.4775299187e+00  7.6092669100e-01  1.9620843698e+00 -5.0286560517e-01  9.5202598913e-02  4.1298887378e+00  3.8860591001e+00 -2.3819321527e+00  3.0194246942e-02 -2.9008954492e-01  3.9853568728e-01  2.7218239051e+00  1.8447640879e+00 -9.9396971176e-01 -1.1101213433e+00  3.5231733000e+00 -2.1834886663e+00  2.6585463747e+00  2.1447480309e-02  1.3150917359e-01  3.9241818949e-02  1.7480422853e+00 -1.0005983310e+00  3.8361636093e+00 -2.1772270260e+00  1.2817344498e+00  2.6187882324e+00 -1.9938602474e+00 -1.1026967042e-01  1.5250877012e+00 -1.2238817139e+00  1.4497504651e+00  1.1500648827e+00 -1.3304752764e+00  7.0082504280e-01  4.5045659403e+00  3.8028146737e-01  3.5550663850e-01  4.7217452347e+00 -7.3859694563e-01 -9.6648564482e-01  4.3126624465e+00  4.8001959207e+00 -2.0066546201e+00  2.7119410536e-01  3.7887644158e+00 -2.3265917005e+00 -9.8021087692e-01
ENERGY -4.216424661240e+02
GRADIENT  9.3580768711e-04  1.4484319041e-03 -3.6463053779e-06  1.0883009391e-07  2.5097477746e-06  1.4155389214e-05  4.4640385365e-05 -3.6966690226e-05  2.2895372961e-06 -1.1933769281e-05 -4.8175784765e-06 -6.0955609025e-05 -1.4715126786e-03 -1.8507931617e-03 -4.2669273396e-04 -4.0504646329e-05  7.3958188275e-05  6.3445340891e-05  3.1042477258e-05  3.0335592621e-05  2.1942120573e-05  1.9348178388e-05  4.5013278280e-05 -2.6977625919e-05  6.3444053603e-04 -9.4575965136e-04  2.0969524842e-03 -6.3523113296e-05 -9.8340895779e-05 -1.5729368969e-06  4.1681777497e-06 -8.8875104716e-06 -2.4208883638e-06  3.0583105605e-06 -4.5764996141e-06 -4.2424146948e-06  8.5518874917e-06 -4.5006925157e-06  6.4538929645e-06 -2.2608666063e-06  3.4407863314e-06 -7.3688461508e-06 -4.5561497482e-06 -5.4632237278e-06 -1.2740072345e-06 -7.8939451989e-07 -6.0988726697e-07 -5.4432844121e-06 -5.2934737301e-06  5.1152411150e-06 -5.3780198058e-07 -9.0581774728e-07 -4.4150658546e-06  2.5303709579e-06  3.0670297847e-06 -1.3693143117e-06  4.2761136224e-06  7.6532318861e-07 -4.1298135490e-06  3.3825907419e-06 -1.0295876244e-04  1.3460882528e-03 -1.6743746681e-03  1.9742228415e-05 -5.5566353287e-06 -1.3100868164e-05

JOB 20
COORDS  1.8119005451e+00 -1.0036654938e+00 -3.3778479182e-02  2.7741942032e+00 -1.6374570931e+00  2.0666153379e+00  7.7308966030e-01 -3.5138761998e-01  6.3412052508e-01  1.7514178736e+00 -9.7078573183e-01  2.7399716863e+00  2.8307500586e+00 -1.6634086793e+00  6.6535300672e-01  7.2252677678e-01 -2.9872711588e-01  2.0429121559e+00 -1.4850061154e+00  7.5289039212e-01  1.9670969671e+00 -4.9687672385e-01  9.5633539495e-02  4.1282808282e+00  3.8571323802e+00 -2.3843926882e+00 -1.8465049320e-03 -2.8919746363e-01  4.0555289710e-01  2.7208610093e+00  1.8172734644e+00 -1.0049863567e+00 -1.1226976845e+00  3.5354202126e+00 -2.1601047633e+00  2.6422727320e+00  8.1111668465e-03  1.2963754862e-01  3.6149985907e-02  1.7620941678e+00 -9.8758195269e-01  3.8234082210e+00 -2.1830201965e+00  1.2751230341e+00  2.6246016810e+00 -1.9991316864e+00 -1.2547189374e-01  1.5415526520e+00 -1.2421878778e+00  1.4362435662e+00  1.1472410990e+00 -1.3233728638e+00  6.9934595075e-01  4.5086942088e+00  3.8812318258e-01  3.5402667331e-01  4.7181382478e+00 -7.3131253847e-01 -9.6714525337e-01  4.3075873481e+00  4.7771829973e+00 -2.1875246940e+00  3.8130913968e-01  3.8733840515e+00 -2.1817574584e+00 -9.9693544192e-01
ENERGY -4.216432879586e+02
GRADIENT  5.7222526989e-04  9.0840957992e-04 -4.0207713500e-06  2.0737523764e-05 -7.9170945774e-06  3.7755304540e-05  7.4688521523e-05 -5.9617721056e-05  4.5970065006e-05  2.3290137271e-05 -2.7250151965e-05 -1.6493801930e-04 -8.2506962334e-04 -1.1166655015e-03 -2.0865037211e-04 -1.1172245679e-04  1.1002868246e-04  9.0835396918e-05  3.7763487346e-05  1.7102069072e-05  2.5811185493e-05 -4.7761468348e-06  5.4860188313e-05 -1.5038178586e-05  1.3187507709e-04 -8.0030232742e-04  1.0873822453e-03 -8.7844516165e-05 -5.4608172176e-05  9.5628941965e-06  7.8827974317e-06 -1.1220717148e-05  1.3487244943e-06  1.0630494939e-05 -9.3242086384e-06 -1.0831511997e-05 -2.6214326994e-06  5.0357507269e-06  1.8779717944e-05  7.7133386824e-06 -1.5172883544e-06 -4.3246137983e-05 -5.9069643843e-06 -7.4888948848e-06 -8.0135825116e-07 -6.8857200262e-07 -2.1752417106e-06 -6.4450246945e-06  3.3436323295e-06  4.7988632912e-06 -6.9051863867e-06 -1.3558321090e-06 -2.6876768691e-06  5.0232489486e-06 -1.5725731852e-05  5.1322182791e-06  9.6594288174e-06  1.1801141955e-06 -5.5192741864e-06  4.0128719515e-06  1.5439511815e-04  1.0011090488e-03 -8.8056813181e-04  1.1034574978e-05 -1.3498462698e-05 -4.0162018998e-06

JOB 21
COORDS  1.7988462883e+00 -1.0040863695e+00 -4.5244659959e-02  2.7791962435e+00 -1.6245183344e+00  2.0510622120e+00  7.6728587451e-01 -3.4766474337e-01  6.2789639284e-01  1.7534435420e+00 -9.6563471233e-01  2.7293415735e+00  2.8278680125e+00 -1.6542086779e+00  6.4996924923e-01  7.2151981116e-01 -2.9523787091e-01  2.0374083447e+00 -1.4930566227e+00  7.4244880914e-01  1.9719499859e+00 -4.8862529864e-01  9.7736028509e-02  4.1273887469e+00  3.8362525322e+00 -2.3795861841e+00 -3.1800415556e-02 -2.8892854117e-01  4.0939816177e-01  2.7192669642e+00  1.7924330547e+00 -1.0174986992e+00 -1.1338677854e+00  3.5494176322e+00 -2.1348970518e+00  2.6265443321e+00 -1.7938412370e-03  1.3082132286e-01  3.3129194878e-02  1.7706651365e+00 -9.8124540208e-01  3.8127146334e+00 -2.1897298327e+00  1.2645331651e+00  2.6310846866e+00 -2.0041966247e+00 -1.4258412322e-01  1.5565744842e+00 -1.2615983812e+00  1.4217570600e+00  1.1455554003e+00 -1.3141185529e+00  6.9967420454e-01  4.5128976416e+00  3.9914739472e-01  3.5733780259e-01  4.7125148638e+00 -7.2000276654e-01 -9.6578294010e-01  4.3072174533e+00  4.7214876260e+00 -2.3794354692e+00  4.6477178810e-01  3.9837129474e+00 -2.0444056257e+00 -9.7839044983e-01
ENERGY -4.216436813694e+02
GRADIENT  1.1634773326e-04  2.4831246456e-04 -5.9863374062e-05  7.9655243364e-06  4.9628642909e-06  1.5361937472e-05  9.1609585433e-05 -8.3659244756e-05  5.0902935350e-05 -6.1304355181e-06 -7.9563054356e-06 -1.0129420580e-04 -1.4566291726e-04 -3.0580495782e-04 -4.5318399281e-05 -7.4112127696e-05  6.7730732195e-05  6.5251950250e-05  2.4175605076e-05  1.6978698711e-05  2.0775222862e-05 -3.7180747466e-06  2.0823089057e-05 -1.9345807419e-05 -5.4221244552e-05 -1.6927284062e-04  2.0911460382e-04 -5.8694080973e-05 -1.4767631599e-05  2.9431872955e-05  7.1510778777e-06 -1.5922767245e-05 -7.3977807916e-06  4.2711582961e-06 -6.3467384477e-06 -6.1918178569e-06  1.6647219070e-05 -4.7501428324e-06  1.2640609993e-05  1.0088346432e-06  7.2386037594e-06 -1.8412021710e-05 -5.0091522386e-06 -5.8101157409e-06 -1.3591559346e-06 -2.8869663593e-06 -2.3172373843e-06 -5.7738571860e-06 -3.9149092138e-06  4.6699152197e-06 -7.2461792665e-07 -3.2691655578e-07 -2.6385253481e-06  4.6710303149e-06 -5.8701822985e-06  1.9217049722e-06  6.4695083053e-06  2.8898933317e-06 -4.8966855492e-06  1.7954422454e-06  8.7200130829e-05  2.5086198509e-04 -1.6491875996e-04  3.8069104205e-06 -1.6707899969e-05  1.0855044274e-06

JOB 22
COORDS  1.7843353818e+00 -1.0009693317e+00 -5.9159501468e-02  2.7832931213e+00 -1.6113292645e+00  2.0314809061e+00  7.6005298273e-01 -3.4125167377e-01  6.1956400884e-01  1.7534565598e+00 -9.6351952307e-01  2.7163754458e+00  2.8243844932e+00 -1.6410708428e+00  6.3095161212e-01  7.1932374778e-01 -2.9243193633e-01  2.0303440752e+00 -1.5029305258e+00  7.3059591110e-01  1.9772167735e+00 -4.7766317483e-01  1.0194019160e-01  4.1270750772e+00  3.8219350716e+00 -2.3641504561e+00 -6.7931912019e-02 -2.9029822058e-01  4.0940140562e-01  2.7164394391e+00  1.7663568949e+00 -1.0273782221e+00 -1.1470535057e+00  3.5633696748e+00 -2.1103698089e+00  2.6042098982e+00 -1.4620303243e-02  1.3405413924e-01  2.9484223702e-02  1.7751114298e+00 -9.8236413517e-01  3.7995837835e+00 -2.1974826039e+00  1.2514067550e+00  2.6396085533e+00 -2.0115065540e+00 -1.5993984292e-01  1.5707250476e+00 -1.2831192796e+00  1.4073279749e+00  1.1456398252e+00 -1.3020295573e+00  7.0242995197e-01  4.5172395601e+00  4.1414593252e-01  3.6652504557e-01  4.7037630276e+00 -7.0392954963e-01 -9.6178615618e-01  4.3124540619e+00  4.6331471193e+00 -2.5685898407e+00  5.0611986909e-01  4.1142142822e+00 -1.9104550094e+00 -9.2720752962e-01
ENERGY -4.216435566672e+02
GRADIENT -3.9362869667e-04 -5.4067033131e-04 -5.0620304784e-05  7.1306467347e-05 -3.2708766901e-05  5.1694664664e-05  1.0652571517e-04 -8.7863339238e-05  6.1692069921e-05  4.2596048227e-06 -7.7515710659e-06 -1.5555550682e-04  4.3109438858e-04  6.4543513483e-04  3.1740389200e-05 -9.8097497049e-05  5.4837773075e-05  6.4954993107e-05 -1.8740794333e-06  3.5385977713e-06  1.2346679077e-05 -1.9143519073e-05 -8.2152587433e-06 -2.2990190342e-06  2.7327589286e-04  7.0426873300e-04 -2.8522173120e-04 -2.7128810581e-05  4.6890665265e-05  3.0070754456e-05  4.8913122422e-06 -1.0962880102e-05 -1.3649470475e-05  1.0893794926e-05 -1.1173139187e-05  3.2801142172e-06  2.2461155438e-05 -9.1758286939e-06  1.3997147935e-05  2.8125077645e-06  3.6720570462e-06 -2.4050837564e-05 -1.5865872169e-06 -5.1021508204e-07 -1.8151587569e-06 -2.4272548213e-06 -2.5538121260e-06 -1.1371656950e-06 -3.3320132788e-06  1.6976045364e-07  2.0139742979e-06 -4.9438287161e-07 -1.5714916659e-06  2.1247834401e-06 -6.4311570351e-06  3.7017195222e-06  3.8714751180e-06  3.0896009530e-06 -2.1969425154e-06 -7.4456611475e-07 -3.6338093176e-04 -7.6436296234e-04  2.5420683511e-04 -3.9821919215e-06 -4.5956776417e-06  4.0241371165e-06

JOB 23
COORDS  1.7734057124e+00 -1.0086848224e+00 -6.9628860947e-02  2.7929307468e+00 -1.5984778888e+00  2.0167466922e+00  7.5206348955e-01 -3.4866362317e-01  6.1177530658e-01  1.7581264039e+00 -9.6310048368e-01  2.7071326551e+00  2.8266816453e+00 -1.6316740934e+00  6.1672094190e-01  7.1850853474e-01 -2.9828545417e-01  2.0236968765e+00 -1.5076887478e+00  7.1794742720e-01  1.9777775159e+00 -4.7007842268e-01  9.5136166032e-02  4.1254911605e+00  3.8231470881e+00 -2.3471880578e+00 -9.7787009421e-02 -2.9247729209e-01  3.9614227262e-01  2.7123211721e+00  1.7459784103e+00 -1.0522290884e+00 -1.1562834321e+00  3.5843069068e+00 -2.0834215337e+00  2.5862993576e+00 -3.2137617724e-02  1.1567025509e-01  2.5530218450e-02  1.7831373886e+00 -9.8192364824e-01  3.7902568484e+00 -2.1989251880e+00  1.2400236392e+00  2.6425834753e+00 -2.0188945370e+00 -1.7231111746e-01  1.5742703006e+00 -1.2904269599e+00  1.3936429550e+00  1.1447470560e+00 -1.2985400742e+00  6.8946515781e-01  4.5162327214e+00  4.2196706274e-01  3.7139674429e-01  4.6964279835e+00 -6.8506836370e-01 -9.6962392902e-01  4.3175039292e+00  4.5262719923e+00 -2.7488993362e+00  5.1363189645e-01  4.2684331397e+00 -1.7995245398e+00 -8.2703757796e-01
ENERGY -4.216428581832e+02
GRADIENT -8.7879681009e-04 -1.3942663658e-03  8.1006782856e-05  3.8529791031e-05 -2.8397046725e-05  1.3021105230e-05 -3.3198163340e-06 -4.6832025464e-06  1.2206019629e-05  4.2659028875e-05 -2.1832111971e-06  1.6572349487e-05  9.4508200081e-04  1.5498616073e-03 -4.0428682822e-05 -6.5443346254e-05  2.7354210867e-05 -3.2311770153e-05  5.8456364530e-05 -3.7343290618e-06 -1.2246369893e-05 -1.6573897017e-05 -2.5566276080e-05 -1.9888535311e-05  9.9038092044e-04  1.7510103114e-03 -3.3307382858e-04  1.0934112722e-05  1.0254295354e-05  4.7559103604e-05 -1.2284070358e-07  4.2960838565e-06 -3.3726871250e-06  5.3715952242e-06  4.4011103404e-06  1.2586088661e-07 -7.3567055385e-06  5.9383515177e-07 -3.3226489433e-06  4.5344312846e-06  7.7882340851e-07 -8.1230869045e-06  6.4380892995e-06  1.2448516098e-05 -6.3731479989e-06 -1.6605160630e-05 -7.8703031168e-06 -3.2830833061e-08  6.1358695131e-06 -1.6515864338e-05 -6.6348093260e-06 -5.3349739355e-06 -9.6693303408e-06 -2.1190096217e-06 -5.7626228172e-06  8.6643312254e-06  3.8752631162e-06  9.5869419528e-06 -3.8910000642e-06  6.2298160196e-06 -1.1469489233e-03 -1.7787244542e-03  2.3899028650e-04  3.1255582327e-05 -1.1376221932e-04  4.3534201117e-05

