JOB 0
COORDS  1.7946995145e+00 -1.1604519340e+00 -2.2940077484e-01  2.8151885506e+00 -1.6733348174e+00  1.9199239492e+00  7.2397004884e-01 -5.6762935037e-01  4.2807882955e-01  1.7492615832e+00 -1.0813797560e+00  2.5750788102e+00  2.8609534921e+00 -1.7321622127e+00  5.0429169485e-01  7.0109137759e-01 -5.2920879295e-01  1.8250740203e+00  5.5134411182e+00 -2.9118859422e+00 -1.8956406093e+00  4.2157555855e+00 -2.1926692734e+00 -1.5383326047e+00  3.9195741973e+00 -2.3552647064e+00 -1.1784692943e-01 -4.2034741599e-01  9.4552129253e-02  2.5089872752e+00 -1.3293440071e+00  5.7962792554e-01  1.8180643195e+00 -4.1055690064e-01  1.0882392182e-01  3.7494587569e+00  1.8029024247e+00 -1.1814306164e+00 -1.3131156672e+00  3.6292749342e+00 -2.1058501452e+00  2.4972758897e+00 -9.6566335668e-02 -1.2856520847e-01 -1.2771141314e-01  1.7114303384e+00 -1.0350945012e+00  3.6572623278e+00  6.3642063789e+00 -2.4912469867e+00 -1.3470668910e+00  5.4455799783e+00 -3.9794371020e+00 -1.6637070610e+00  5.7228268472e+00 -2.8061723164e+00 -2.9636324148e+00  3.3914418350e+00 -2.6160797458e+00 -2.1234070845e+00  4.2872808527e+00 -1.1266767039e+00 -1.8022387203e+00  4.7258789167e+00 -2.5221666295e+00  4.7168454896e-01
ENERGY -5.708426771696e+02
GRADIENT  2.7866912987e-05  3.8588205516e-06  1.4491743108e-04  1.9318923004e-04  6.2798719792e-04 -1.3277758073e-05 -1.4324109799e-04  7.1344334274e-05 -4.6479157364e-05  3.5578597988e-05 -1.4709760778e-05  1.6265893929e-04 -2.0226126734e-04 -6.1307593552e-04 -2.2999007301e-05  1.2959147747e-04 -6.6336398553e-05 -5.7198431218e-05 -1.8702203209e-05 -1.6564070819e-05 -8.6232186673e-06  3.6433435302e-04  4.4841852123e-04  1.5912643184e-04 -4.2816131561e-04 -5.0377865992e-04 -1.7300973875e-04  5.2596618147e-05 -1.6876860821e-05 -6.1549987490e-05 -3.2975207952e-05  2.5401584737e-05  6.4692144575e-05  2.3808457330e-05 -3.4654753540e-06 -3.2394284798e-05 -1.8473212044e-05  2.6451699033e-06  2.4078030765e-05 -1.0762010920e-05 -6.0493628964e-06 -1.1141477977e-05 -5.4138120335e-06  8.9826310851e-06 -6.0139791964e-06  6.2510445694e-06  5.7162094721e-06  3.1338510416e-05 -2.6499527383e-06  8.4724220007e-06 -1.2100227145e-05 -9.3799625802e-07  2.2790341039e-06  1.0494142961e-05 -1.2664617897e-05 -8.8144881333e-06 -5.2704108911e-06 -1.1305543676e-05  3.7722151741e-05 -6.3625355030e-06  2.2692716576e-05  1.0713244934e-05  5.1000983666e-06  3.0038568929e-05  3.5669367334e-05 -3.4144924282e-05

JOB 1
COORDS  1.7121734723e+00 -1.2709300790e+00 -2.1991259419e-01  2.8262464342e+00 -1.6778158724e+00  1.9041246660e+00  6.8271922529e-01 -6.2193309193e-01  4.4945415657e-01  1.7975612719e+00 -1.0351944945e+00  2.5741041720e+00  2.7988125439e+00 -1.8241237136e+00  4.9634212808e-01  7.2524375671e-01 -5.0855251693e-01  1.8424989351e+00  5.5260847283e+00 -2.8562200038e+00 -1.8787607309e+00  4.2191253052e+00 -2.1559208200e+00 -1.5183635020e+00  3.8235131886e+00 -2.4938530088e+00 -1.4786200762e-01 -3.5447706114e-01  1.7282839856e-01  2.5413530000e+00 -1.2820187025e+00  6.4205002547e-01  1.8649976414e+00 -2.8997694135e-01  2.4960319692e-01  3.7775174042e+00  1.6702290459e+00 -1.3581971978e+00 -1.2999221892e+00  3.6653016483e+00 -2.0812600944e+00  2.4667350477e+00 -1.5626606864e-01 -2.0015023041e-01 -9.1927760590e-02  1.8138137740e+00 -9.2208656737e-01  3.6518923931e+00  6.3446043981e+00 -2.5299142782e+00 -1.2264163871e+00  5.4247303992e+00 -3.9423172193e+00 -1.7891283125e+00  5.8096570087e+00 -2.6219199125e+00 -2.9085672774e+00  3.4330138849e+00 -2.4827303274e+00 -2.2074649459e+00  4.3223481055e+00 -1.0668863388e+00 -1.6347901098e+00  4.6144112795e+00 -2.6859976167e+00  4.5713508135e-01
ENERGY -5.708416981873e+02
GRADIENT -2.3208663507e-05 -1.7076530400e-05 -4.0720246483e-05  1.5027506528e-03  2.1705886413e-03 -2.4414636519e-04 -1.2059586183e-04  9.5694190871e-05 -1.1536078181e-04 -6.3479754708e-05  7.1889684628e-05  5.1079666195e-05 -1.1420089167e-03 -2.3749523512e-03  1.1781587829e-03  2.3771841790e-04 -3.9834177259e-05 -3.7963923812e-05  1.1226993826e-05  1.1473330881e-05 -7.5250352334e-07  1.6841514785e-03  1.7466535901e-03  9.0535706088e-04 -1.9644156775e-03 -1.4384834047e-03 -1.7576161869e-03 -1.4451564070e-04 -2.6924972971e-04 -1.1378535904e-05  6.5410494293e-05  9.5496196146e-05  2.1729771220e-06  1.0730969856e-04  8.1135877062e-05 -4.3899070020e-05 -1.7121622532e-05  7.4038423499e-06 -7.9395172764e-06  1.8460759053e-05  1.5040008895e-05  3.2705521980e-05 -1.4549777470e-05  3.4177729368e-06 -1.7927873550e-05  3.2740918786e-05 -5.6497410623e-06  2.3090108033e-05 -5.9849018012e-06 -4.9474993528e-06 -5.5617149914e-07 -5.9214535184e-06 -3.6747312875e-06 -3.0338386244e-06 -6.1816153677e-06 -5.4151467537e-06 -2.5327779183e-07 -8.3321234703e-07 -2.8712816591e-05  4.6170813258e-06 -2.2180268446e-05 -1.0353413981e-05 -4.4225586479e-06 -1.0357591139e-04 -3.3764611421e-05  1.4272369940e-04

JOB 2
COORDS  1.6369832151e+00 -1.4054709658e+00 -2.3319219046e-01  2.8395555215e+00 -1.6607812785e+00  1.8618632784e+00  6.1725441582e-01 -7.4138542796e-01  4.3546974416e-01  1.8172366866e+00 -1.0086551937e+00  2.5367966908e+00  2.7623004686e+00 -1.8915467796e+00  4.6963881947e-01  7.0815125495e-01 -5.4914661066e-01  1.8181875066e+00  5.5340707025e+00 -2.8550851837e+00 -1.8906687638e+00  4.3013324071e+00 -2.0611031074e+00 -1.4687806384e+00  3.7838756405e+00 -2.5703316427e+00 -1.8847810982e-01 -3.6337178567e-01  1.4705415014e-01  2.5193146936e+00 -1.3234426622e+00  5.5894085141e-01  1.8520673655e+00 -2.5805190461e-01  2.9027088330e-01  3.7462016619e+00  1.5559068321e+00 -1.5647572698e+00 -1.3031448666e+00  3.7118723359e+00 -2.0052553650e+00  2.4129316377e+00 -2.5275586944e-01 -3.7315289754e-01 -9.5804839381e-02  1.8713263073e+00 -8.3202990786e-01  3.6047664137e+00  6.3452601278e+00 -2.7481485558e+00 -1.1606163546e+00  5.2971176246e+00 -3.9189202562e+00 -1.9877627842e+00  5.9064639347e+00 -2.4938082775e+00 -2.8535428868e+00  3.5253166838e+00 -2.1675101668e+00 -2.2323426203e+00  4.5399326701e+00 -9.8971708663e-01 -1.3938210336e+00  4.5448377334e+00 -2.7964211030e+00  4.4524907271e-01
ENERGY -5.708396879023e+02
GRADIENT  2.1946333966e-05 -1.4365425609e-06  3.1310892778e-05  1.7131964408e-03  3.2732596794e-03 -6.4974777313e-04 -1.4148390393e-05  1.0421825934e-05  3.7164117545e-06  1.0343730081e-05  1.4207977016e-05  2.7092352214e-05 -1.3025984503e-03 -3.8519173326e-03  1.9307852551e-03  1.4679476260e-05  1.3085581315e-05 -9.2803066683e-06  3.6800927655e-06 -1.8606058690e-06  1.1762884160e-05  2.3922595381e-03  1.9861053507e-03  1.7288409927e-03 -2.7530723546e-03 -1.4626920370e-03 -3.1927196717e-03 -3.9727438525e-05 -5.8983937402e-05  1.3709200820e-05  1.7874642312e-05  3.6826471108e-05  1.3050739275e-06  1.8673419325e-05  3.0894316760e-05 -4.6793707153e-06 -1.8618270171e-06  1.2846194175e-06  7.2472866448e-06 -4.3002128758e-06  3.7797550298e-06 -2.5944265803e-06  1.0770099033e-06  6.8527483638e-06  3.3862208093e-06  5.2059473445e-06  1.2302065331e-05  4.4484486016e-06  6.7955025696e-06  1.2407748360e-05 -1.1237429266e-05  4.2989277516e-07 -6.1145958608e-06  2.3431760481e-05 -2.0532440137e-05 -1.7116237332e-05 -8.2132237778e-06  4.3846267135e-06  1.4476109318e-05 -3.9124931567e-06 -1.6397067599e-06 -2.2471855761e-06  1.9934472034e-05 -6.9363265865e-05  5.3649985455e-05  1.1738327763e-04

JOB 3
COORDS  1.5864134417e+00 -1.5437967276e+00 -2.2627591586e-01  2.8704096522e+00 -1.6154991475e+00  1.8322683403e+00  5.6822080092e-01 -8.6606343977e-01  4.3038820560e-01  1.8471797809e+00 -9.5397933490e-01  2.5019195502e+00  2.7518124080e+00 -1.9397679226e+00  4.6477805355e-01  7.0261464004e-01 -5.7854774828e-01  1.7936107751e+00  5.4981491623e+00 -2.8571499265e+00 -1.9516881002e+00  4.4096531398e+00 -1.9641171503e+00 -1.3643128593e+00  3.7737451448e+00 -2.6245520336e+00 -2.0718310387e-01 -3.6984437181e-01  1.2950837122e-01  2.4872080062e+00 -1.3637690030e+00  4.6571137890e-01  1.8284755700e+00 -2.2812998273e-01  3.5606727507e-01  3.6970409122e+00  1.4753167681e+00 -1.7939555921e+00 -1.2766436560e+00  3.7739883334e+00 -1.8910383834e+00  2.3714903528e+00 -3.3440184263e-01 -5.6716341531e-01 -8.9804247374e-02  1.9299984844e+00 -7.0512983420e-01  3.5535293586e+00  6.2911134777e+00 -3.0514527511e+00 -1.2196484620e+00  5.0822466955e+00 -3.8184652369e+00 -2.2672811084e+00  5.9598823578e+00 -2.3741419688e+00 -2.8181328491e+00  3.6426420564e+00 -1.7739344873e+00 -2.1195931841e+00  4.8272004739e+00 -9.8728874100e-01 -1.0757691198e+00  4.4922566323e+00 -2.9165737784e+00  4.5104746089e-01
ENERGY -5.708373984799e+02
GRADIENT  5.6884170802e-06  2.6397533308e-06  6.2284079396e-06  1.6615852567e-03  3.4143380892e-03 -9.7522533793e-04  1.0659483484e-05  8.8395857157e-07 -1.8333642116e-07 -1.1432890696e-05  1.4490475803e-05 -9.2624015551e-06 -1.2740344497e-03 -4.4346726330e-03  2.6025029009e-03  9.4932788844e-06  7.8048028130e-06  7.8944162635e-06 -5.0441833458e-07 -1.2064890125e-06  3.8028675289e-06  2.4189807240e-03  1.5307406260e-03  2.1885537893e-03 -2.7551966556e-03 -5.7470090105e-04 -3.9440866865e-03 -3.4122356289e-05 -1.2616867316e-05  1.1983408452e-05  1.0053297254e-05  1.7052282224e-05  9.0972263874e-06  2.1743618449e-06  1.7564384653e-05 -1.1724805884e-05 -1.9897573713e-06  4.7097391351e-06  3.7952655840e-06 -3.2107754632e-06  4.0142935301e-06 -5.5126664475e-08  5.2758761945e-07  5.2645136361e-06  4.1313822835e-06  2.2920552532e-06  4.6898319064e-06 -1.5721460903e-06  8.0744721046e-06  1.6757377239e-05 -6.4523753789e-06 -1.8768344099e-06 -9.8142091126e-06  2.2715941673e-05 -2.1619966508e-05 -1.0683785958e-05 -1.1969595238e-05  1.5273523766e-05  2.0590287757e-05 -8.5300537910e-06  8.4886877499e-06 -8.2890351472e-06  1.8534729832e-05 -6.5404138948e-05  4.0753543569e-05  9.7414141140e-05

JOB 4
COORDS  1.5227059708e+00 -1.6450878043e+00 -2.2601456593e-01  2.9075431294e+00 -1.5853954692e+00  1.7649206185e+00  5.3419113200e-01 -9.2490994892e-01  4.3275241497e-01  1.9145210573e+00 -8.8298072045e-01  2.4422728884e+00  2.7187763112e+00 -1.9955402044e+00  4.3129868109e-01  7.3740247672e-01 -5.5393718125e-01  1.7667509095e+00  5.4863217283e+00 -2.8121556731e+00 -1.9914208631e+00  4.4614012158e+00 -1.9269296864e+00 -1.2894578940e+00  3.7134977930e+00 -2.7047727109e+00 -2.7673686931e-01 -3.0407442301e-01  1.9805958967e-01  2.4683752424e+00 -1.3278467537e+00  4.9417619603e-01  1.8383161455e+00 -1.0293256252e-01  4.9947450666e-01  3.6523693086e+00  1.3708947735e+00 -1.9672822426e+00 -1.2518932327e+00  3.8383604558e+00 -1.8256392607e+00  2.2737372636e+00 -3.9426549348e-01 -6.5934308532e-01 -5.9219266718e-02  2.0458918458e+00 -5.6841057437e-01  3.4710587689e+00  6.2232320069e+00 -3.2063496642e+00 -1.2814777725e+00  4.9960388144e+00 -3.6600599967e+00 -2.4784539423e+00  6.0304080786e+00 -2.2389938249e+00 -2.7485155824e+00  3.7424342868e+00 -1.5385930074e+00 -2.0166806986e+00  4.9551468364e+00 -1.0556695645e+00 -8.3090108336e-01  4.3825019517e+00 -3.0981752754e+00  3.8274809895e-01
ENERGY -5.708349525458e+02
GRADIENT  6.1119786838e-05 -1.8394821515e-05  1.1528206795e-04  1.8189774474e-03  3.7063596761e-03 -1.3326899981e-03 -5.2836533046e-05  3.6292307958e-05 -4.4270747112e-05 -3.6374326775e-05 -2.6954777300e-05 -1.8332215484e-04 -1.3739835652e-03 -5.2937345445e-03  3.3860055103e-03 -3.0361335636e-06  8.1600865573e-05 -9.9662330583e-06  1.5795029465e-05  8.9543163873e-06 -2.4499253104e-05  2.5830397305e-03  9.7557396127e-04  2.6531074772e-03 -2.9302213624e-03  5.9784386788e-04 -4.5842838419e-03 -2.0491014088e-04 -2.2803436047e-04  1.2232428299e-04  6.6270543728e-05  6.9194089053e-05 -5.2701066436e-05  5.5467743074e-05  9.5217197114e-05 -2.5014461185e-05 -7.9193757100e-07 -4.8707827272e-06  1.0153227982e-05  9.9665522127e-06 -5.0051944959e-06 -8.0669599889e-06 -1.0497542843e-05 -1.7996009756e-06  9.0040314343e-06  4.5408709037e-06 -6.5990408354e-06 -1.8830199280e-05  1.1018997427e-05  2.1692577095e-06  3.8673545811e-06 -1.0381722552e-07 -6.6120504719e-06  1.0515205401e-05  3.1573499668e-06 -7.3522218461e-06 -2.9163141885e-06  1.2659894855e-05  2.7831212473e-05 -1.6803339697e-05  9.9110925823e-06  9.0790154016e-06 -5.8209170084e-06 -6.9776957190e-05 -2.5244963884e-05  3.6404426041e-05

JOB 5
COORDS  1.4594096917e+00 -1.8428209976e+00 -1.3265454545e-01  3.0571917974e+00 -1.4415055223e+00  1.6458073051e+00  4.7568429627e-01 -1.1686485047e+00  5.8792852717e-01  2.0914860377e+00 -7.4770180105e-01  2.3672138300e+00  2.7618728142e+00 -1.9780591597e+00  3.7988125609e-01  8.0749588628e-01 -6.1918961611e-01  1.8276979179e+00  5.6807663035e+00 -2.7495400532e+00 -1.8725003341e+00  4.6322810100e+00 -1.8838516993e+00 -1.1811913808e+00  3.7703467172e+00 -2.7131930864e+00 -3.0554969969e-01 -2.1978380838e-01  1.0088056229e-01  2.5878697485e+00 -1.3526336372e+00  1.8129703505e-01  2.0963901168e+00  1.0429623578e-01  5.8976202493e-01  3.6772522007e+00  1.2183526292e+00 -2.2664276464e+00 -1.1050275490e+00  4.0521485618e+00 -1.5887386613e+00  2.0552773026e+00 -5.3164373742e-01 -1.0553003471e+00  2.0453531912e-01  2.3051611062e+00 -3.2899216671e-01  3.3437187904e+00  6.3014144848e+00 -3.2670235697e+00 -1.1352963676e+00  5.2110883355e+00 -3.5057370819e+00 -2.5129076354e+00  6.3274743513e+00 -2.1343487080e+00 -2.5059912550e+00  4.0349271314e+00 -1.3354774649e+00 -1.9272033715e+00  5.1198841027e+00 -1.1327525925e+00 -5.5130951052e-01  3.3173672311e+00 -3.4110921561e+00 -8.9497655978e-01
ENERGY -5.708323800677e+02
GRADIENT  1.6848789391e-05  6.6836385704e-06  1.9050802837e-05 -1.4401456347e-03 -3.7510507023e-03  1.9353346421e-03  5.3185434426e-06  1.1952096588e-05  2.0511825274e-05  1.0668458420e-05 -3.0623845403e-05 -2.8392694490e-05  9.7495041565e-04  5.2769108006e-03 -4.1932542355e-03 -3.8931690710e-05  2.0713193401e-05 -9.8667388303e-07 -3.6552383263e-06  1.3345165223e-05  1.0676459764e-05 -2.5086899357e-03 -5.1683961746e-04 -3.1486174126e-03  3.0957029644e-03 -1.0714328168e-03  5.3613248823e-03 -1.0792653208e-05 -4.7639463419e-05  3.4340665932e-05  1.0304458387e-06 -3.4238963621e-06 -8.6968994775e-06  6.8420188235e-06  1.0552595652e-05  7.8504839405e-06 -8.4147362827e-07  3.2025558879e-06 -3.5282989827e-06  6.6548378258e-06 -1.3580256814e-05 -4.5172499531e-06  1.0587101092e-06 -3.9822332942e-06  4.9460364471e-06 -4.1800888329e-06 -1.5151141146e-05  1.8183353263e-06 -7.3135987990e-08  5.8395415826e-06 -4.8486287514e-06 -1.9300890048e-06  3.5544508478e-06 -1.5693427966e-06  1.1885338784e-07  2.6122215696e-06 -5.8698654551e-06  3.7763303028e-06 -1.2881086107e-05 -6.5568435620e-06 -4.5152155442e-06  9.8035328087e-06  1.2288913633e-05 -1.1061484867e-04  3.4152624897e-05  8.8949494608e-06

JOB 6
COORDS  1.3727004365e+00 -1.8872904767e+00 -1.2867427185e-01  3.0618062420e+00 -1.3468676399e+00  1.5260592279e+00  4.0839935076e-01 -1.2311112243e+00  6.3166154540e-01  2.1131590374e+00 -6.7053290870e-01  2.2818337511e+00  2.7129722132e+00 -1.9450572531e+00  2.9799019457e-01  7.9037681983e-01 -6.1842640529e-01  1.8267459920e+00  5.7163068574e+00 -2.7928360929e+00 -1.8172604467e+00  4.7143057258e+00 -1.8772819986e+00 -1.1211013162e+00  3.6861255147e+00 -2.6762057150e+00 -4.1717349701e-01 -2.1574969632e-01  8.1820368763e-02  2.6258313984e+00 -1.3820965086e+00  9.1739458246e-02  2.2099919672e+00  1.5454704245e-01  6.2700665050e-01  3.6740265017e+00  1.0880357708e+00 -2.3563864505e+00 -1.0678270250e+00  4.0835312503e+00 -1.4330997150e+00  1.8837278084e+00 -6.2499474072e-01 -1.1767108285e+00  3.0959147953e-01  2.3701618857e+00 -2.0718864435e-01  3.2272739790e+00  6.2047922681e+00 -3.4524321301e+00 -1.0941702234e+00  5.2245676908e+00 -3.4188077208e+00 -2.5714434595e+00  6.4833002452e+00 -2.2017769811e+00 -2.3272335287e+00  4.2519924834e+00 -1.1906672157e+00 -1.8473107257e+00  5.2270789955e+00 -1.2576153930e+00 -3.7944225085e-01  3.2245729114e+00 -3.2740536862e+00 -1.1004865065e+00
ENERGY -5.708351808959e+02
GRADIENT  8.8337426844e-07  1.2284402969e-05  2.5932240983e-05 -1.2217456214e-03 -3.8144740512e-03  2.2378993996e-03  2.3503612516e-05  6.2796069121e-06 -5.5587338546e-07 -1.0867859872e-05 -2.4203919392e-05 -5.6205990008e-05  7.2980473986e-04  5.6989603177e-03 -4.8772739677e-03 -4.3682117110e-05  2.8740252101e-05  3.3726684799e-05  1.0203964308e-05  1.4357116331e-05 -9.4255816783e-06 -2.4254911582e-03  6.0840846471e-05 -3.4400669570e-03  2.8557347435e-03 -1.9588286065e-03  6.1176143896e-03 -2.0961578279e-05 -9.8070483492e-07  1.0034564773e-05 -5.5342753680e-06  1.5619488293e-05  4.9118252858e-06 -3.0526332318e-06  2.4268874131e-06  3.4265341194e-06  3.3652652542e-06  3.7204062018e-06  1.1076230874e-06 -4.2212123553e-06 -1.0336352431e-05 -3.4095417962e-06  2.3118569204e-06  1.0543773867e-05  7.3378632892e-06 -9.6582605329e-06 -7.2624742487e-06 -3.7745725236e-06 -8.3307212660e-06 -3.2278381881e-06  1.1265758857e-06 -4.6673135647e-06  5.2262809388e-06 -4.6470831132e-06  4.5533557824e-06 -5.1341897734e-06  1.6234077875e-06  6.0944859693e-06  1.3291673541e-05 -2.7564008819e-06  2.3702314513e-05  4.4421870699e-06 -1.9624031120e-05  5.7643357417e-05 -4.5339675979e-05 -1.4677650416e-05

JOB 7
COORDS  1.3056830058e+00 -1.9284210236e+00 -1.1119035903e-01  3.0521098249e+00 -1.2505985747e+00  1.4317294641e+00  3.5198372200e-01 -1.3008106615e+00  6.8197678467e-01  2.1086204503e+00 -6.0574255648e-01  2.2192828547e+00  2.6713890189e+00 -1.9069797400e+00  2.4055744528e-01  7.6147617252e-01 -6.3393825007e-01  1.8396169790e+00  5.6960488188e+00 -2.8413688947e+00 -1.8121802999e+00  4.7844093431e+00 -1.8901460428e+00 -1.0428740487e+00  3.6165123227e+00 -2.6183878359e+00 -5.0971804515e-01 -2.3343984530e-01  3.5685955888e-02  2.6719387438e+00 -1.4204026315e+00 -2.6757168242e-02  2.3217765867e+00  1.6242763100e-01  6.3012341837e-01  3.6844291161e+00  9.9516646142e-01 -2.4385874457e+00 -1.0203278858e+00  4.0922787578e+00 -1.2622965562e+00  1.7416485095e+00 -6.9794123453e-01 -1.3083672932e+00  4.1319555179e-01  2.3926386999e+00 -9.9808047511e-02  3.1347293568e+00  6.0393228218e+00 -3.6555073388e+00 -1.1671455891e+00  5.1764682955e+00 -3.2819746932e+00 -2.6714320092e+00  6.5700045843e+00 -2.3052707093e+00 -2.1942513062e+00  4.4659915775e+00 -1.0571096456e+00 -1.6878808136e+00  5.3327359782e+00 -1.4536241889e+00 -2.0386256053e-01  3.1589646844e+00 -3.1236893910e+00 -1.2647870378e+00
ENERGY -5.708377502794e+02
GRADIENT  1.0128180614e-05  1.0585964879e-05 -2.4443660585e-07 -8.0685136221e-04 -3.2633030753e-03  2.0784360984e-03  7.8930725342e-06  7.4034609375e-06  1.3084657364e-05 -1.0343077987e-05 -2.0581920847e-05 -3.3483229482e-05  2.5895259235e-04  5.2842242354e-03 -4.7314529642e-03 -2.8957371485e-05  5.1104442421e-06 -4.0372630310e-07  1.4810548540e-05 -4.4585017098e-06 -8.7279364425e-06 -1.9371170910e-03  7.2811076919e-04 -3.0183755739e-03  2.6025486485e-03 -2.7752055190e-03  5.6465520522e-03 -1.9671349396e-05  5.7851256909e-05 -4.8646103847e-06  8.9668839037e-06 -1.0675860576e-05 -4.3954667648e-06 -7.8531235014e-06  1.2012284074e-06  7.5878439356e-06  2.8893755793e-06  6.3141346639e-06 -1.6490785197e-06  1.5070775867e-06 -5.0004330840e-06 -4.1758494242e-06 -5.4488016669e-07  8.8986789891e-06 -2.8676183504e-06 -4.6862280071e-06  1.4546730056e-06 -7.2717248898e-06 -2.2181844763e-05 -1.6745587753e-05  7.0349734331e-07  8.5717970109e-06  1.6016066824e-05 -1.2004281250e-05  1.1012224255e-05 -6.7822843701e-06  2.7313839732e-05 -1.1054784384e-05 -7.0392170897e-06 -1.1791057770e-05  1.1785256569e-05  3.4294435482e-05 -1.7496928022e-05 -1.1325247551e-04  6.0555246655e-06  7.2154520501e-05

JOB 8
COORDS  1.2998458237e+00 -2.0161912575e+00 -5.5610427748e-02  3.0743058684e+00 -1.1621972920e+00  1.3665681218e+00  3.4988502189e-01 -1.4077657207e+00  7.5229313120e-01  2.1282211876e+00 -5.4205565473e-01  2.1714261454e+00  2.6797241917e+00 -1.9008956968e+00  2.2788865686e-01  7.6942780838e-01 -6.6641624502e-01  1.8623100361e+00  5.6431087082e+00 -2.8351722638e+00 -1.9024848894e+00  4.8808014367e+00 -1.9510004717e+00 -9.2000236142e-01  3.6107172260e+00 -2.5909838546e+00 -5.4188014789e-01 -2.2304710536e-01 -1.9026125110e-02  2.7104016936e+00 -1.4194603366e+00 -1.6235229207e-01  2.4186856756e+00  1.8099810826e-01  6.3872646053e-01  3.6804226641e+00  9.7891289041e-01 -2.5879793887e+00 -9.2358826057e-01  4.1253388316e+00 -1.0797353014e+00  1.6219773958e+00 -7.0864296621e-01 -1.4883552396e+00  5.3393657669e-01  2.4241749185e+00  2.7189548185e-02  3.0450154663e+00  5.8516798592e+00 -3.8153721074e+00 -1.4631581275e+00  5.0725262220e+00 -2.9865192353e+00 -2.8266184933e+00  6.5939442607e+00 -2.3679130580e+00 -2.1742900195e+00  4.7034176232e+00 -9.5630902077e-01 -1.3550137219e+00  5.4860679297e+00 -1.8077520991e+00 -2.0018607157e-02  3.1750911629e+00 -3.0347653555e+00 -1.3450907535e+00
ENERGY -5.708400143022e+02
GRADIENT  9.5590304132e-06  1.2317239147e-05 -5.2628938080e-06 -5.1932360520e-04 -2.9475056823e-03  2.0614670167e-03 -1.8212442995e-05 -3.7410306511e-06  1.1251811590e-05  1.3820448373e-05  2.1657212722e-05  4.2487206474e-05 -4.4601455746e-05  5.1467276264e-03 -4.7042135635e-03  1.5874298489e-05 -6.1344903972e-05  2.8844673405e-06  3.9858113665e-06  5.3668340257e-06  4.1967061675e-06 -1.4771138412e-03  1.2053620194e-03 -2.9265046049e-03  1.8735916286e-03 -3.3472301449e-03  5.5291293982e-03 -1.2252086417e-06  2.1550955856e-04 -1.3613576671e-04 -2.0864492447e-06 -5.9669083892e-05  3.2163806590e-05 -2.7422389052e-06 -7.4290662412e-05  3.3776066168e-05 -3.5058107289e-06  5.3408157057e-06 -2.9411562248e-06 -8.0541010771e-06 -1.3385328692e-06  5.8046574466e-06 -3.1773666457e-06  7.3194928617e-06 -1.1230969515e-05 -5.6469341365e-06  9.1777850547e-06  2.7953999321e-06  2.1700444149e-05  8.6100166484e-06  1.4409022206e-05 -1.1979038549e-05 -2.3693778189e-05  1.5074390455e-05 -8.5909889193e-06  8.9699799102e-06 -1.9425549237e-05  2.8415227505e-05  8.8240988317e-06  2.0968228535e-05 -3.0820331590e-06 -3.4830458763e-05  1.4345058991e-05  9.3900140678e-05 -4.2987158155e-05 -2.0189408116e-05

JOB 9
COORDS  1.2892408785e+00 -2.0494373423e+00 -1.1401065547e-02  3.0987268260e+00 -1.0648631629e+00  1.2829963782e+00  3.5933314914e-01 -1.4375507974e+00  8.1350482870e-01  2.1672299781e+00 -4.4760005266e-01  2.1078303044e+00  2.6777235533e+00 -1.8741125724e+00  2.0221616388e-01  8.0161572967e-01 -6.3449343612e-01  1.8728748168e+00  5.6259385708e+00 -2.8339611152e+00 -1.9283412502e+00  4.9364443295e+00 -2.0309410662e+00 -8.2914076020e-01  3.5859560076e+00 -2.5493373284e+00 -5.9287866579e-01 -1.7240714192e-01  1.2634016207e-02  2.7393028913e+00 -1.3757392407e+00 -1.8180625150e-01  2.5102948663e+00  2.5107374276e-01  7.2483194588e-01  3.6620622067e+00  9.5004051703e-01 -2.6730688172e+00 -8.3564069420e-01  4.1558109018e+00 -9.2084928275e-01  1.4768709980e+00 -7.0454565983e-01 -1.5649663583e+00  6.5057553790e-01  2.4825041889e+00  1.7535256756e-01  2.9369347895e+00  5.6875850402e+00 -3.8927972113e+00 -1.6581828395e+00  5.0867433877e+00 -2.7501821142e+00 -2.8792579944e+00  6.6413267270e+00 -2.4613043529e+00 -2.0893201269e+00  4.9027018502e+00 -9.6457580798e-01 -1.0971848918e+00  5.5161778999e+00 -2.1145453171e+00  9.6425458167e-02  3.1654808800e+00 -2.9570941260e+00 -1.4208389326e+00
ENERGY -5.708418851736e+02
GRADIENT -5.9405441516e-05 -2.7282031607e-04 -4.2121257877e-04 -3.4827020293e-05 -1.8813724610e-03  1.4503350613e-03  3.0951838256e-04  7.5454610592e-05  1.0215279615e-04  2.7951565094e-05  3.5537810187e-05  2.4380697680e-05 -6.3365389962e-04  3.6167424217e-03 -3.1350305042e-03 -1.0561624398e-05  4.7377224352e-05  1.6405544129e-05  4.9350817507e-06  8.5417340476e-06 -6.0159659147e-06 -7.4084969416e-04  1.1623529340e-03 -1.8489705559e-03  1.3140082274e-03 -2.6424289755e-03  3.6835585234e-03  1.9987531579e-05 -1.1785868718e-04  4.7423466613e-06 -5.5186899330e-05  1.1354580882e-04  5.8271838560e-05 -5.7834634240e-05  4.7804750409e-06 -6.3388081451e-05 -2.3564031828e-05 -2.2044813129e-05 -5.4124355213e-05  8.8811072009e-06  1.9922052167e-06  2.5304622873e-05  3.9798697591e-05 -4.3630876800e-07 -3.3126205190e-05 -9.9180674208e-06  9.0020455434e-06  3.7617975656e-06  1.0506001583e-05  9.7936434763e-07  1.0680304405e-05 -3.3355614526e-06 -9.9674633903e-06  7.8840250161e-06 -2.5768168240e-06  4.0999114209e-06 -9.6949255487e-07  7.2491310457e-06 -1.5923660429e-06  2.8929962008e-05 -3.2158280757e-06 -3.3016886636e-05  1.2854899079e-06 -1.7526058924e-04 -4.4957632423e-05  9.6742479064e-05

JOB 10
COORDS  1.2574717267e+00 -2.0495956773e+00 -2.1872774572e-02  3.0718622772e+00 -9.7161725940e-01  1.1917432707e+00  3.3364057389e-01 -1.4680095693e+00  8.2892203017e-01  2.1444150674e+00 -3.8966096035e-01  2.0468795229e+00  2.6466372833e+00 -1.8168974524e+00  1.3956370791e-01  7.8069314532e-01 -6.3717782933e-01  1.8662893678e+00  5.6472796760e+00 -2.8662821774e+00 -1.8816678017e+00  4.9474257629e+00 -2.0546656587e+00 -7.9518561527e-01  3.5427769106e+00 -2.4396834613e+00 -6.9918649385e-01 -1.8610036410e-01 -2.4105748051e-02  2.7626483707e+00 -1.3886031526e+00 -2.6552842419e-01  2.5758666595e+00  2.4043245368e-01  7.0951241990e-01  3.6675808507e+00  9.1620842163e-01 -2.6987738175e+00 -8.2515322100e-01  4.1264945806e+00 -7.6956144674e-01  1.3396418127e+00 -7.2903382293e-01 -1.6431947476e+00  7.0757460548e-01  2.4627354856e+00  2.5937677331e-01  2.8545866778e+00  5.5840001506e+00 -3.9384821466e+00 -1.6708369856e+00  5.2016227295e+00 -2.6793987425e+00 -2.8655889079e+00  6.7037908065e+00 -2.5903073018e+00 -1.9385852279e+00  5.0437516141e+00 -9.7850061390e-01 -1.0042131550e+00  5.4328640084e+00 -2.2414396016e+00  1.6952243404e-01  3.1438824202e+00 -2.8318292357e+00 -1.5432211100e+00
ENERGY -5.708427048750e+02
GRADIENT -3.5192951549e-05  3.5866533504e-05  4.2804242578e-05  3.8530166985e-05 -3.5002083318e-04  2.5615118549e-04 -1.5450292958e-04 -3.6114141493e-05 -5.9946504726e-05 -2.8001949091e-05  7.4031918009e-05  6.7681966430e-05 -4.0141869633e-05  6.3569680003e-04 -5.2838277363e-04  1.4439018197e-04  1.0276716187e-05 -9.9246850615e-05 -6.9670788442e-07 -2.0743435172e-05  2.6451938977e-05 -9.9885239055e-05  2.2487513395e-04 -2.8730257045e-04  1.1134650619e-04 -5.5703577933e-04  6.4271905167e-04  2.3616347073e-05 -2.3115790809e-04  5.3992047424e-05 -3.8017233309e-05  9.0985093972e-05 -2.3630420345e-05 -7.1913864761e-06  3.4144277495e-05 -9.0718245309e-05 -8.3273524118e-06 -3.0635634413e-06 -6.4973115534e-07 -2.7308971988e-06  1.4208781860e-05  9.9151769371e-06 -2.2070773811e-05 -8.4130135760e-06 -1.7079010097e-05  1.1726560039e-05  7.7531188868e-06  8.7682544196e-06 -1.2710653877e-05  5.1208709415e-06  2.2996155978e-06  1.1747198934e-05  9.0478444680e-06  2.5236980943e-06  5.2215597738e-06 -6.6631805233e-07  1.3057596208e-05 -9.6602040040e-06  8.7458521157e-07 -2.8084475397e-05 -1.8098118091e-05  4.1546750450e-05  7.8596687671e-06  8.0839584131e-06  3.4026623844e-05 -2.2508478126e-05

JOB 11
COORDS  1.3039357216e+00 -1.9998436464e+00  2.5750170870e-02  3.1714225481e+00 -8.8034608576e-01  1.1202260681e+00  4.2470967601e-01 -1.4222722562e+00  9.2420718070e-01  2.2858216448e+00 -3.0170003756e-01  2.0198897020e+00  2.6973931471e+00 -1.7421912546e+00  1.0096067439e-01  9.1703385308e-01 -5.6984699888e-01  1.9236242564e+00  5.6123812678e+00 -2.9245821632e+00 -1.9734474351e+00  4.9906258735e+00 -2.1369962175e+00 -8.2354980940e-01  3.5474406798e+00 -2.3239855038e+00 -8.0037679402e-01 -4.0136382084e-03  3.7961866788e-02  2.8683088142e+00 -1.2121539715e+00 -2.2147546554e-01  2.7531127229e+00  4.6264655506e-01  7.8772735759e-01  3.7401972545e+00  9.2552221730e-01 -2.6613429851e+00 -7.5041870160e-01  4.2305204546e+00 -6.6595628437e-01  1.2066486574e+00 -6.4009912450e-01 -1.6168554810e+00  8.6934682960e-01  2.6413094764e+00  3.5874679985e-01  2.8024382213e+00  5.4137460552e+00 -3.9969319952e+00 -1.8699450760e+00  5.2185432805e+00 -2.5892372213e+00 -2.9389097151e+00  6.6964694363e+00 -2.7838015969e+00 -1.9845692963e+00  5.2244031273e+00 -1.0695711765e+00 -9.3557895101e-01  5.4265242034e+00 -2.4646007128e+00  1.3048717405e-01  3.1451311668e+00 -2.9461876028e+00 -1.4876378132e+00
ENERGY -5.708425964173e+02
GRADIENT -1.2522406665e-04 -7.2301196708e-05 -1.4480477185e-04  2.8261219972e-04 -1.3908046904e-04  3.5513365660e-05  2.6830948462e-04  1.8335399107e-05 -2.2178769781e-05 -1.9484060775e-04 -1.8429515177e-04 -2.2490497052e-04 -9.0831347223e-05  3.1823744899e-04 -5.6497900056e-05 -1.7880539670e-04  2.2816967485e-04  4.9450105733e-05  5.0941973549e-05  2.2464406704e-05  1.5628467065e-06 -1.3228563671e-04  4.4286411933e-05 -1.0572914852e-04  5.0828103837e-05 -1.3286911809e-04  1.6960647665e-04 -6.0142071246e-05 -2.7945676680e-04  4.0674673637e-04  2.4959133482e-05  1.0284136270e-04 -1.4442953063e-04 -5.7410422326e-05  1.3796672912e-04 -6.5170372754e-05  1.3713985082e-05 -5.9444203674e-05  3.6057462008e-06  2.5940116161e-05 -1.6214457132e-05  2.0494031549e-05  1.9250751668e-05  7.8516226994e-06  1.5256647179e-05 -2.1537677923e-05 -3.8792882183e-05 -3.2736933667e-05 -1.9854399935e-05 -1.8396027510e-06 -1.6095848910e-05 -3.7506609362e-06  1.2653049554e-05  6.7832709584e-06 -8.6303256063e-06 -5.0139589635e-06  2.9363285422e-05  1.7166548120e-05  1.9563311809e-05  1.0404476102e-05  3.9089419346e-05  3.4471293361e-05  1.3273137979e-05  2.2585528919e-06 -3.3005409711e-05  4.5003437275e-05

JOB 12
COORDS  1.3393095266e+00 -1.9507429213e+00  2.4542774168e-02  3.2203486660e+00 -7.8184204150e-01  1.0342753776e+00  4.8238927578e-01 -1.3886199381e+00  9.5487867650e-01  2.3595236658e+00 -2.1634983066e-01  1.9666102460e+00  2.7268085513e+00 -1.6602589860e+00  4.0660859992e-02  9.9530173493e-01 -5.1813235633e-01  1.9271513957e+00  5.6172928611e+00 -2.9722912110e+00 -1.9872023382e+00  5.0044873104e+00 -2.1947638353e+00 -8.2578042804e-01  3.5479175636e+00 -2.2046343358e+00 -9.2056542163e-01  9.8557258295e-02  7.4498199531e-02  2.9063567834e+00 -1.1066488944e+00 -2.1248478535e-01  2.8408502219e+00  5.8373641343e-01  8.3675486579e-01  3.7564242926e+00  9.4482514431e-01 -2.6230671153e+00 -7.3407653578e-01  4.2766014735e+00 -5.4209092438e-01  1.0768757983e+00 -5.7858180611e-01 -1.6097940267e+00  9.4544561493e-01  2.7311270431e+00  4.5672581586e-01  2.7306950336e+00  5.3129070757e+00 -4.0250834655e+00 -1.9643170152e+00  5.3131615093e+00 -2.5445173620e+00 -2.9477773828e+00  6.7087246094e+00 -2.9411398363e+00 -1.9292307861e+00  5.3551279653e+00 -1.1567122348e+00 -8.5611642033e-01  5.3358400299e+00 -2.6215777837e+00  1.3286966649e-01  3.1530452628e+00 -2.9814665951e+00 -1.4362300774e+00
ENERGY -5.708427053268e+02
GRADIENT -5.8751746457e-06  1.6004187843e-05  3.1659328963e-05 -1.8264888536e-04  2.8466020097e-04 -2.1212408424e-04  5.7175216874e-05  9.0642691420e-06 -4.2942096038e-06  1.3591831414e-05 -1.5853670168e-05 -3.0880369321e-05  1.4455875585e-04 -7.3423856404e-04  3.9008506027e-04 -9.2952922207e-05  2.7784978616e-05  5.4281888543e-05  1.7427047530e-05 -6.1606104924e-06  1.4670362322e-05 -1.9046641666e-05 -3.2745419303e-04  1.9210267703e-04  8.8118467982e-05  7.4834481124e-04 -5.1612183954e-04 -5.9192049768e-06  7.8797283942e-06  8.9860271916e-06 -1.0646469568e-05 -1.2797308117e-05  2.3529841743e-06 -3.2479552464e-05  2.2330998295e-06  2.6908777727e-05  1.1998226036e-05 -1.0263620802e-05  4.6046814764e-06 -1.3920800801e-05 -5.0795762464e-06 -5.7842633686e-06  2.1195160671e-06 -5.9284685624e-06  1.0061625077e-05 -2.5066676496e-05 -1.1829042800e-05  5.8300617725e-06  2.6884998746e-05 -1.0711417683e-06  2.0298430008e-05 -3.5020699313e-05 -9.0889992816e-06  2.9208000954e-06 -7.9489210691e-06  4.6097653851e-05 -1.8546998677e-05  3.5941180535e-05 -5.2051137463e-08  2.5117671458e-05 -1.1531869299e-05 -2.6087092513e-05 -4.9239892945e-06 -7.0512550286e-05 -1.7614048316e-05  2.8637601791e-05

JOB 13
COORDS  2.4220145164e+00  1.2644335158e-02  2.4345407022e-02  2.4871677412e+00 -2.0945319700e+00  1.2373680438e+00  1.3740078265e+00  4.4730411571e-01  8.1930510605e-01  1.4337444008e+00 -1.6621222394e+00  2.0327116766e+00  2.9992400842e+00 -1.2666965995e+00  2.1146241539e-01  8.8008103158e-01 -3.9535549226e-01  1.8237335832e+00  5.4823233039e+00 -3.1712254615e+00 -1.8775452695e+00  4.3764500031e+00 -3.0565513927e+00 -8.3237910118e-01  4.0883728336e+00 -1.6473528459e+00 -5.5095984094e-01 -2.2279225900e-01  5.4170886388e-02  2.6599954253e+00 -6.8466282362e-01  1.1866162229e+00  2.4537022966e+00 -6.4229651611e-01 -7.1696786765e-01  3.5360659091e+00  2.8090009262e+00  6.6265085962e-01 -7.5731890509e-01  2.9145244293e+00 -3.0757592795e+00  1.4114010291e+00  9.2679653901e-01  1.4239922084e+00  6.7517076410e-01  1.0349380606e+00 -2.2917555394e+00  2.8197205811e+00  5.1791741627e+00 -2.7169752997e+00 -2.8282196136e+00  6.3965491798e+00 -2.6769066205e+00 -1.5344374333e+00  5.7125584797e+00 -4.2225236111e+00 -2.0713982513e+00  4.7022926035e+00 -3.5443223192e+00  9.2562032142e-02  3.4704530571e+00 -3.5786912858e+00 -1.1741326676e+00  4.2507625967e+00 -1.0422724962e+00 -1.3484757136e+00
ENERGY -5.708418846629e+02
GRADIENT -1.2174601495e-04 -8.9387163155e-05  1.5843242814e-04  1.5901800414e-03  8.9658303115e-04  1.6465808746e-03 -8.7844010022e-05  2.8074424436e-04 -7.1064232136e-05 -1.7461915948e-05  8.5501870082e-05 -6.5753061373e-05 -2.9365041651e-03 -1.5854621105e-03 -3.5227716435e-03  8.0624746188e-05  4.8683537353e-06 -5.6031698296e-05  2.6788619257e-06 -2.6172623309e-06  4.6619859009e-06 -1.2539278097e-03  1.8790801862e-04 -1.9362250276e-03  2.5437014645e-03  3.6342027090e-04  3.8628560605e-03 -8.9986659680e-05 -4.6624730008e-05 -4.8124527192e-05  9.8714085602e-05  2.4198429952e-05 -1.0113987074e-04  4.0754454918e-05 -4.4052521401e-05  4.2452748522e-05 -2.4936465527e-05 -1.9881754012e-06  9.8677757068e-06 -5.7476205201e-06 -1.8697711379e-05  4.2194409212e-06 -3.3267623511e-05  3.3450418303e-05 -9.7897568431e-06  1.7670422052e-05 -1.1164716339e-05 -1.1642690875e-05  3.8880890989e-06  3.5878482063e-06  9.0437920791e-06  3.7494161501e-06 -6.3042170376e-06  9.6107768952e-06 -4.9150636225e-06 -2.6583074427e-06  2.1355733212e-06 -3.3180931947e-06  1.4668703385e-06  1.8831390320e-06  4.6661836313e-06 -1.1994687805e-05  2.6154676123e-06  1.1339435666e-04 -3.1129908163e-05  1.6458958008e-05

JOB 14
COORDS  2.4206165472e+00 -2.5059007498e-02  5.5213957756e-03  2.5855449787e+00 -2.0514336731e+00  1.3349421653e+00  1.3709320963e+00  4.1797875095e-01  7.9746151559e-01  1.5281125775e+00 -1.6178679713e+00  2.1231651289e+00  3.0445096684e+00 -1.2694212525e+00  2.5062259820e-01  9.2423111538e-01 -3.8522369479e-01  1.8524861032e+00  5.4884460829e+00 -3.1795790443e+00 -1.8874911565e+00  4.2980819692e+00 -3.0503641388e+00 -9.4172323574e-01  4.1518359041e+00 -1.6547918097e+00 -4.9826478687e-01 -1.8238282688e-01  7.0965932473e-02  2.6835201106e+00 -6.8601181750e-01  1.1743290187e+00  2.4266309190e+00 -5.6268976353e-01 -6.6863833333e-01  3.6028584501e+00  2.7672620374e+00  5.9259821256e-01 -8.2010197782e-01  3.0637481205e+00 -2.9984062441e+00  1.5613709604e+00  8.8576542446e-01  1.3684607445e+00  6.0807783046e-01  1.1701674702e+00 -2.2133025884e+00  2.9551049973e+00  5.3489623230e+00 -2.5695500218e+00 -2.7879930227e+00  6.4125454967e+00 -2.8603641900e+00 -1.3961231546e+00  5.6073902343e+00 -4.2186160676e+00 -2.2077251740e+00  4.4638496807e+00 -3.6840939142e+00 -6.5514054680e-02  3.3781349702e+00 -3.4041182594e+00 -1.4302597332e+00  4.3266776465e+00 -1.0107796859e+00 -1.2641245664e+00
ENERGY -5.708400141613e+02
GRADIENT -2.3011986807e-05 -5.4531266698e-05  5.8156538843e-05  2.1616742405e-03  1.8726156106e-03  2.2538816566e-03 -7.6683313198e-05  1.0461365373e-04 -2.7308369843e-05 -4.2005929476e-05 -4.0000468166e-05  3.5038416238e-05 -4.2025786572e-03 -2.4444426445e-03 -5.0009317315e-03  3.1355955756e-05 -6.0660278948e-05 -1.1143550960e-04 -2.3634213446e-06 -5.2028556311e-06  4.4410374901e-06 -1.6944129081e-03  7.5863518543e-04 -2.9588038668e-03  3.6170244950e-03 -1.0021266612e-04  5.6755777360e-03  1.8590932283e-04  1.4203562775e-04  1.8540495642e-04 -6.8468532221e-05 -5.7015093033e-05 -9.2873275958e-05 -5.1865198608e-05 -5.4070485296e-05 -8.9622628169e-05 -1.1088153973e-05  2.6020514776e-06  6.9517346095e-06 -3.8948296997e-07  6.0681893527e-06  8.8411155805e-06 -1.3446428222e-05  1.1256717403e-05 -1.4948099304e-05 -7.2743305654e-06 -8.3629755165e-06  4.0099995774e-06  1.3869434134e-05  2.2999244060e-05  1.6901305000e-05  4.4868227197e-06 -2.4349738454e-05  1.3382925410e-05 -1.3032654546e-05  4.1825440349e-06 -1.9523839626e-05  2.6706191132e-05  2.1233946536e-05  1.7722097839e-05  7.0799258771e-06 -3.0907290946e-05  2.0449894272e-05  8.5991935383e-05 -5.4905764759e-05 -2.0671065277e-05

JOB 15
COORDS  2.3519632875e+00 -7.3516443902e-02 -5.4951586508e-02  2.6460572524e+00 -1.9894037780e+00  1.4056227761e+00  1.2844230659e+00  3.6291898478e-01  7.2117859254e-01  1.5695896877e+00 -1.5703767380e+00  2.1749618838e+00  3.0449961514e+00 -1.2598184309e+00  2.6403312874e-01  8.9315724397e-01 -3.9484862007e-01  1.8281029289e+00  5.5181635731e+00 -3.2255144072e+00 -1.7985280095e+00  4.2002094765e+00 -2.9947296229e+00 -1.0654851998e+00  4.1773226400e+00 -1.6468089736e+00 -4.6425674542e-01 -2.3320444620e-01  5.2351581154e-02  2.6418608788e+00 -7.9778052994e-01  1.1079943534e+00  2.3220161133e+00 -5.6473374145e-01 -6.4814976937e-01  3.6086134405e+00  2.6537656785e+00  5.0502167336e-01 -9.2526042814e-01  3.1960088259e+00 -2.8802645525e+00  1.6920759860e+00  7.4395070872e-01  1.2700853802e+00  4.7708563105e-01  1.2571417954e+00 -2.1245258070e+00  3.0524440266e+00  5.6471587961e+00 -2.5098946339e+00 -2.6192901198e+00  6.3656416393e+00 -3.1171955214e+00 -1.1153155278e+00  5.5427077549e+00 -4.2306971203e+00 -2.2300124317e+00  4.0900862717e+00 -3.7322094335e+00 -2.6603160272e-01  3.3499191362e+00 -3.1328371468e+00 -1.7505284541e+00  4.3905732345e+00 -9.5416000122e-01 -1.1781231596e+00
ENERGY -5.708377501557e+02
GRADIENT -5.5444791020e-06 -3.5266342510e-06  7.1222061230e-06  2.2724828260e-03  2.2818151366e-03  2.2979563067e-03 -5.0385755499e-06 -2.8646228824e-06 -1.1090790908e-05  5.3068796057e-06  2.2099411245e-05 -4.6870107066e-05 -4.1825133903e-03 -2.7755453796e-03 -5.0381696166e-03 -5.3295256792e-05 -8.0263898416e-06 -9.3368905076e-06  3.8669179110e-06  1.0159641819e-05  8.5876114268e-07 -1.5259417465e-03  1.3478214234e-03 -3.0400369822e-03  3.5464770641e-03 -9.9258799814e-04  5.7776730153e-03  8.3873252968e-05  7.3432975529e-05  7.8279996810e-05 -3.9383969898e-05 -2.5596579626e-05 -4.1796137742e-05 -4.2127508936e-05 -3.1096857580e-05 -2.6409417134e-05 -2.0581036148e-06 -4.3322579597e-06 -3.0681566308e-06  4.7984744430e-06 -1.0213016510e-06 -4.9360822272e-06 -8.7634636422e-06 -3.5226975903e-06 -2.5394467898e-06 -1.8049365658e-06  1.4758558803e-06 -6.8805885746e-06 -9.9006599541e-06 -1.9113691867e-05 -1.5574558308e-05  4.4771838423e-06  3.1436346769e-05 -1.2962399227e-07  7.1748259562e-06 -7.3843425401e-06  3.5642047453e-05 -2.9293092039e-05 -2.0311193162e-05 -2.0589434900e-05 -1.7093560872e-06  2.3608754712e-05 -7.7344286631e-06 -8.1606278951e-05  9.2552484766e-05  6.2530916896e-05

JOB 16
COORDS  2.3501981118e+00 -1.5047892018e-01 -7.6343609067e-02  2.7271917125e+00 -1.9501194555e+00  1.5056034200e+00  1.2535552771e+00  2.8063828495e-01  6.6532594990e-01  1.6219872914e+00 -1.5427747492e+00  2.2412244752e+00  3.0948988337e+00 -1.2763656052e+00  3.2302089639e-01  8.9250446180e-01 -4.2725412836e-01  1.8133894375e+00  5.4883943981e+00 -3.2649799781e+00 -1.8051590577e+00  4.1547347939e+00 -2.9359549442e+00 -1.1418434089e+00  4.2579461004e+00 -1.6776082815e+00 -3.6933758958e-01 -2.6515089873e-01  1.3999917296e-02  2.5920479343e+00 -8.7742223466e-01  1.0173382104e+00  2.2024145124e+00 -5.6977280826e-01 -6.4084635946e-01  3.5977497330e+00  2.6317562175e+00  3.8607068491e-01 -9.7963106297e-01  3.3294190997e+00 -2.7876996893e+00  1.8448167463e+00  6.7071662837e-01  1.1431649597e+00  3.6375856643e-01  1.3303553860e+00 -2.0531787930e+00  3.1517407463e+00  5.7855498319e+00 -2.4793782187e+00 -2.5101194759e+00  6.2787167921e+00 -3.3656962891e+00 -1.0556299820e+00  5.4150146301e+00 -4.2019137492e+00 -2.3659368836e+00  3.8745087854e+00 -3.7354501188e+00 -4.4955236124e-01  3.3555879977e+00 -2.8714352502e+00 -1.8966651806e+00  4.5447821222e+00 -9.3601515161e-01 -1.0058317487e+00
ENERGY -5.708351809346e+02
GRADIENT -7.7014541736e-06 -1.2387551933e-05  2.1191021856e-05  2.4853266153e-03  2.9571238326e-03  2.4745728434e-03 -6.9503495805e-06 -5.5153425545e-06 -2.9362657343e-06  4.5475883250e-06  6.2719603552e-06 -2.2486877949e-05 -4.2490253384e-03 -3.3971923376e-03 -5.2155734241e-03 -1.8825058730e-05  7.4225720370e-06  9.0504820319e-06 -3.6374618638e-06 -1.1444839762e-05 -9.8237414290e-06 -1.2136983024e-03  2.2097676579e-03 -3.3802001906e-03  2.9327259496e-03 -1.6902209188e-03  6.1574052029e-03 -2.6332315178e-06  2.3838738026e-05  1.9392536848e-05 -1.2783957911e-05 -1.0325552963e-05 -1.7649384333e-06 -1.8651758097e-06 -2.2367772724e-06 -3.4565873610e-06 -2.8211535366e-06 -3.9980335422e-06  2.2799192414e-06  4.9746737780e-06  1.0240326310e-05 -1.9675299508e-06 -8.3503990358e-06 -4.8123173381e-06  2.8689767794e-06  1.0420550457e-06  8.4180957825e-06  7.6112159082e-07 -6.2162381263e-06  9.5349813007e-07 -5.2053948098e-06 -3.8308414456e-07  8.8330548059e-06  1.1172713613e-06  5.4167496166e-06 -1.2959813957e-06  3.1443106553e-06  8.3228708279e-06 -1.8214027067e-05 -1.5813403004e-05 -8.3171368923e-06 -9.9945932620e-06 -2.0611543211e-06  7.3067182880e-05 -3.5244174363e-05 -1.7602194382e-05

JOB 17
COORDS  2.3589890224e+00 -2.4757267069e-01 -8.4687026407e-02  2.7997972470e+00 -1.9025019659e+00  1.6309559896e+00  1.2383742950e+00  1.9284705863e-01  6.1649588292e-01  1.6721357076e+00 -1.4878442081e+00  2.3315614028e+00  3.1455804063e+00 -1.3050018492e+00  4.0575884220e-01  9.0218558568e-01 -4.4118140024e-01  1.8140144167e+00  5.4351336909e+00 -3.2544401375e+00 -1.8627169097e+00  4.1192389025e+00 -2.8606151310e+00 -1.1993467927e+00  4.3295873632e+00 -1.7356998721e+00 -2.5736272036e-01 -2.8192644994e-01  9.8376279761e-03  2.5530344500e+00 -9.3323428414e-01  9.5110525819e-01  2.0827481560e+00 -5.6515338939e-01 -5.7793747490e-01  3.6042598166e+00  2.6267576539e+00  2.2957042370e-01 -1.0247329139e+00  3.4371431959e+00 -2.6878851382e+00  2.0262147959e+00  6.2211000639e-01  1.0053359998e+00  2.4957092771e-01  1.3938670667e+00 -1.9393877195e+00  3.2766628516e+00  5.8486931418e+00 -2.4239362756e+00 -2.4473438169e+00  6.1756958094e+00 -3.5422884326e+00 -1.1109298464e+00  5.2823915918e+00 -4.0962847812e+00 -2.5453304107e+00  3.7197112570e+00 -3.7032482642e+00 -6.2578338378e-01  3.3654139891e+00 -2.6080555174e+00 -1.9622769531e+00  4.7025152283e+00 -9.5303561651e-01 -7.9401553084e-01
ENERGY -5.708323801057e+02
GRADIENT -1.5772988715e-05 -2.5182289751e-05  5.5205303392e-05  2.3157430616e-03  3.1385749845e-03  2.1710749042e-03 -1.7306940244e-05  1.3808222674e-05 -7.8275133916e-06  1.0552463473e-05 -4.3883242262e-06  1.6271394641e-05 -3.7405091622e-03 -3.4327394192e-03 -4.5505167875e-03 -2.2440354268e-06 -1.7780716945e-05 -1.7436589915e-05 -1.5497539350e-06 -2.9264812536e-06  4.3815034438e-06 -7.6394942381e-04  2.5906360147e-03 -3.0087525108e-03  2.2972578384e-03 -2.3598429200e-03  5.2868800427e-03  7.9963749378e-05  8.0729391610e-05  5.9702751272e-05 -1.9927286026e-05 -1.9457208226e-05 -5.9820473686e-06 -1.4297006011e-05 -1.9875541361e-05 -1.8525637776e-05 -2.1783922345e-06 -1.6330507540e-06  2.6854528835e-06  9.2945119094e-06  9.4181851875e-06 -2.1009895116e-06  9.8834653359e-07  2.7445932750e-06  1.4478406202e-06  7.9853778279e-06  6.6636276963e-06  6.9438973206e-06 -2.2310891493e-06 -2.1018140496e-06 -3.6077226233e-06 -8.8036656116e-07 -1.7544444579e-06 -6.5108477678e-06 -4.0418113771e-06 -1.5715153012e-06 -4.3939068864e-06 -6.7062756831e-06  1.0152081475e-05  5.9190756427e-06  4.9702223605e-06  5.1636671908e-06  1.5166343255e-06 -7.9651022878e-05  6.7831816166e-05  2.8112332001e-05

JOB 18
COORDS  2.2205024225e+00 -3.8407285123e-01 -1.8680303707e-01  2.8545255896e+00 -1.6765992310e+00  1.7662371527e+00  1.0666378056e+00  3.8752123845e-02  4.6096849246e-01  1.7126252995e+00 -1.2412147531e+00  2.4331666518e+00  3.1366696371e+00 -1.2385678732e+00  4.5816654257e-01  8.2503845838e-01 -3.9044230078e-01  1.7709019803e+00  5.3684495465e+00 -3.0339054164e+00 -1.9892542643e+00  4.0548401254e+00 -2.6711977479e+00 -1.3039671494e+00  4.2864121082e+00 -1.6705021806e+00 -2.3874073302e-01 -3.8527999922e-01  5.8600002626e-02  2.4607659259e+00 -1.1648403777e+00  7.9485900194e-01  1.8418956734e+00 -5.6444416521e-01 -3.2426444118e-01  3.6245824519e+00  2.4396546582e+00 -3.8078349229e-02 -1.1925644052e+00  3.5402646111e+00 -2.3588993375e+00  2.2635260631e+00  3.6016511592e-01  7.0464458418e-01 -2.0773388187e-02  1.4887455288e+00 -1.5660093555e+00  3.4426232206e+00  5.8360129126e+00 -2.1456480075e+00 -2.4238666253e+00  6.0764935796e+00 -3.4794351646e+00 -1.2803123290e+00  5.1941664086e+00 -3.7641766298e+00 -2.7855339901e+00  3.5705343187e+00 -3.5733283838e+00 -8.9805553382e-01  3.3614095691e+00 -2.2377354843e+00 -2.0304677968e+00  4.9565723545e+00 -2.0573708961e+00  4.2349083321e-01
ENERGY -5.708349524702e+02
GRADIENT  6.5562222993e-05  1.2050746335e-05 -6.7425905346e-05 -2.0663182630e-03 -3.4872898815e-03 -1.5051633038e-03  2.5100828520e-05 -3.7017680352e-05  1.5558577078e-05  4.0922569941e-06  4.9131065910e-05 -1.7643482130e-04  3.5397347051e-03  3.8337409121e-03  3.7204004911e-03 -8.1607740876e-05 -1.4721497796e-05  2.8932702450e-05  7.5860724896e-07  3.1993338613e-06 -1.4018258872e-05  4.5036867864e-04 -2.7846099893e-03  2.5792335742e-03 -1.8426937835e-03  2.3540423961e-03 -4.7029796527e-03  6.7478343076e-05  1.8949108360e-04  7.2853576890e-05 -4.4523289484e-05 -5.1681096334e-05 -1.1094233172e-05 -4.6196834386e-05 -4.9145430656e-05 -2.8048942161e-05 -4.1174046590e-06  9.9709027190e-06 -7.1795567046e-06  1.0408221986e-05 -1.9474296873e-05  3.2340519610e-06  6.0334831074e-06  1.4324973124e-06  7.0388831036e-06  5.5606233973e-06  1.4745104243e-06 -1.7778642931e-05  6.7385195211e-06  2.8185667484e-06  1.8157625900e-05  2.3771504963e-07 -1.1547629401e-05  2.5989765003e-06 -3.8489389227e-06  8.5825153184e-06  1.2843785276e-06  7.5134380701e-06 -1.1389702649e-05  4.5585837371e-06 -1.9877402330e-05 -2.9527858581e-05 -1.1330896149e-05 -8.5545994247e-05  6.2048404964e-05  1.2613876031e-04

JOB 19
COORDS  2.1587232039e+00 -5.0209062016e-01 -1.9638480797e-01  2.8570664436e+00 -1.6419998924e+00  1.8294694808e+00  1.0227156595e+00 -3.9161347002e-02  4.5355821525e-01  1.7316770156e+00 -1.1667467061e+00  2.4933086021e+00  3.1017890569e+00 -1.3036581894e+00  4.8229067423e-01  8.1759805513e-01 -3.7087098577e-01  1.7978058522e+00  5.4155019439e+00 -3.0106302804e+00 -1.9583191696e+00  4.0620915489e+00 -2.6009711656e+00 -1.3857562544e+00  4.2461037594e+00 -1.7652176350e+00 -1.8276588753e-01 -3.7410868645e-01  1.1972294656e-01  2.4846377512e+00 -1.1752618308e+00  8.0747584635e-01  1.8365658185e+00 -5.1990666035e-01 -1.7806749428e-01  3.6784435104e+00  2.3367991226e+00 -2.2479725774e-01 -1.2305954566e+00  3.5616099655e+00 -2.2805769927e+00  2.3576459712e+00  2.9849624654e-01  5.8514302411e-01 -5.6756185913e-02  1.5394317370e+00 -1.4195965732e+00  3.5295402835e+00  6.0094073453e+00 -2.1292691538e+00 -2.2175044549e+00  5.9872250287e+00 -3.6086214311e+00 -1.2386168380e+00  5.2796596679e+00 -3.6181638947e+00 -2.8581379212e+00  3.4566811198e+00 -3.4907787192e+00 -1.1544131248e+00  3.5084469920e+00 -2.0214986594e+00 -2.1291423789e+00  4.8617931819e+00 -2.2445868871e+00  4.6986844525e-01
ENERGY -5.708373984047e+02
GRADIENT  6.1849702436e-08 -1.6774920056e-05  2.7658956033e-05 -1.9617562573e-03 -3.1869917989e-03 -1.1772231291e-03  2.0958723098e-06 -1.9649699299e-06 -7.7968881880e-06 -1.6734898295e-05  4.1030083970e-06 -1.1216149380e-05  3.0061777800e-03  3.3317471112e-03  2.8401128686e-03 -3.0422812048e-06 -4.9724936337e-06  8.1852481354e-06 -7.9240412983e-07  1.5368000120e-07 -3.1346010555e-06 -4.6181862034e-05 -2.9557147629e-03  2.0476572431e-03 -8.9534120365e-04  2.8079810868e-03 -3.8499386486e-03 -2.8062962675e-05  1.0845202668e-05  1.1481103393e-05  1.9277597263e-06 -1.0611495139e-05  3.7495602267e-06 -6.9030745339e-06 -3.4150029803e-06 -6.3507239294e-06 -5.7600813499e-06 -2.1672837072e-06  5.1393456104e-06 -6.2430793183e-06  1.0732379111e-06 -2.4949381288e-06 -5.9089735068e-06 -2.7448371812e-06  4.4590401704e-06 -2.8959958654e-06 -3.7207147793e-06 -2.5567480158e-06  5.6234213048e-06  5.3637681127e-06  2.3283290234e-05 -9.0642672509e-06 -1.6784302479e-05 -7.1181887675e-06  1.3080886121e-06  2.2598208529e-05 -1.1501903305e-05  1.1488761976e-05 -4.6622710682e-06  1.8656811532e-05 -9.4050785453e-06 -2.5887558565e-05 -1.6765233488e-05 -8.1907126416e-05  3.8523130104e-05  1.1133754005e-04

JOB 20
COORDS  2.0696708905e+00 -6.1967410411e-01 -2.1089243884e-01  2.8758432522e+00 -1.5954483822e+00  1.8624745678e+00  9.4457349419e-01 -1.4693463551e-01  4.5139754323e-01  1.7593098606e+00 -1.1144200015e+00  2.5316546144e+00  3.0653819862e+00 -1.3413184253e+00  4.8510058823e-01  7.9506794747e-01 -3.9163256273e-01  1.8206574614e+00  5.4334709586e+00 -3.0400378370e+00 -1.9010917251e+00  4.0873553003e+00 -2.4571732056e+00 -1.4812390102e+00  4.2038932258e+00 -1.8079241927e+00 -1.6564022753e-01 -3.8571002433e-01  1.0597304952e-01  2.5152015277e+00 -1.2305309870e+00  7.2718781013e-01  1.8541280072e+00 -4.8174450007e-01 -1.1648271112e-01  3.7310081065e+00  2.1884505791e+00 -4.1546266777e-01 -1.2696252396e+00  3.6203166608e+00 -2.1724015403e+00  2.4066919582e+00  1.8089421494e-01  4.1450803776e-01 -7.4290026591e-02  1.6113731332e+00 -1.3047670163e+00  3.5883316789e+00  6.1988288878e+00 -2.2592637276e+00 -1.9446520993e+00  5.7690593483e+00 -3.8123753727e+00 -1.1987314075e+00  5.3545185439e+00 -3.5035137341e+00 -2.8886710901e+00  3.3167930052e+00 -3.2422309287e+00 -1.4611712478e+00  3.7716258915e+00 -1.7122879174e+00 -2.2173546343e+00  4.7870495236e+00 -2.3574739939e+00  4.5862549779e-01
ENERGY -5.708396856190e+02
GRADIENT  8.1513891092e-06 -2.5844694563e-05  4.3074227770e-05 -1.8176321462e-03 -3.1656545823e-03 -7.9695581989e-04 -4.2238326727e-05  3.4677160846e-05 -5.0896269602e-07  3.2944818124e-05 -2.0244859854e-05  2.8217312309e-05  2.4952676817e-03  3.0971039181e-03  2.0789449643e-03  1.3079810294e-05  4.8768869896e-05 -2.3786973405e-05  3.6410783147e-06  4.0678757601e-06  4.9767272991e-06 -4.0013080488e-04 -3.1266891365e-03  1.5829330637e-03 -2.1258021348e-04  3.1965338899e-03 -2.9877738497e-03 -7.4334391160e-05 -1.8801774596e-04 -4.4278708296e-05  2.8581037758e-05  5.1104590095e-05 -1.1812302466e-06  3.0903414593e-05  4.6107677844e-05  2.9556515360e-05 -9.4912630093e-06  2.8423806025e-06  7.9072279263e-06 -1.8155607439e-06 -5.1314907297e-06 -3.2350061171e-06 -6.4937330202e-06 -3.6365570660e-07 -2.4003103886e-06 -8.7142279889e-06 -1.0717672439e-05  3.8324624700e-06  2.7746091742e-06  2.0758683856e-06  2.1652240992e-05 -1.1347721881e-05 -7.2413430227e-06 -1.2203842438e-05  5.1041767168e-06  2.3523262635e-05 -9.6878269685e-06  9.8788861184e-06 -3.6636348606e-06  2.6836670384e-05 -2.3066802227e-05 -1.4962465698e-05  1.8993232198e-06 -7.9595472429e-05  1.8828732799e-05  9.1734139501e-05

JOB 21
COORDS  1.9938899448e+00 -7.5683127907e-01 -2.0339160358e-01  2.8816288714e+00 -1.5771807583e+00  1.9064597654e+00  8.7464021888e-01 -2.7074238400e-01  4.6007192903e-01  1.7681675163e+00 -1.0883849059e+00  2.5708686515e+00  3.0274486632e+00 -1.4085547501e+00  5.0852629092e-01  7.6507853437e-01 -4.3367624160e-01  1.8444611023e+00  5.4283098212e+00 -3.0350833115e+00 -1.8862445319e+00  4.1245781185e+00 -2.3293427964e+00 -1.5247684276e+00  4.1605660545e+00 -1.8802387751e+00 -1.2975878836e-01 -4.0887622920e-01  7.5462153646e-02  2.5382247490e+00 -1.2857684561e+00  6.3641659763e-01  1.8641775282e+00 -4.7112354196e-01 -7.8634442759e-02  3.7672800306e+00  2.0727857057e+00 -6.2302043425e-01 -1.2765204847e+00  3.6586568257e+00 -2.0933351145e+00  2.4660275063e+00  8.1646978627e-02  2.3448313892e-01 -7.9181680570e-02  1.6536839618e+00 -1.2144008677e+00  3.6412125376e+00  6.2853167406e+00 -2.3695694614e+00 -1.7429465754e+00  5.5788792201e+00 -3.9305468464e+00 -1.2718440364e+00  5.4102711086e+00 -3.3507682695e+00 -2.9330647435e+00  3.2667371527e+00 -2.9966043647e+00 -1.6953527929e+00  3.9930709981e+00 -1.4589185307e+00 -2.1764477335e+00  4.7323469308e+00 -2.4725187301e+00  4.6249501993e-01
ENERGY -5.708416976842e+02
GRADIENT -6.4913318496e-05 -1.0780749300e-05  3.8873942203e-04 -1.0238599916e-03 -2.4281296434e-03 -3.1007658598e-04 -1.4547360571e-04  7.1999929720e-05 -1.6737338123e-04 -5.8277244527e-06  3.3020013923e-05 -3.5027032241e-04  1.6039140062e-03  2.0813683015e-03  1.0887141341e-03 -1.4893210081e-04  2.5120091549e-06  4.3833823453e-05 -2.7474300024e-06 -1.3595181570e-05 -2.6350157829e-06 -5.8172856839e-04 -2.3951065766e-03  7.9746602395e-04  3.4831744875e-04  2.4608781498e-03 -1.6528984343e-03 -9.8466305725e-08  2.1956855733e-04  9.4319215179e-05  2.3675083969e-05 -9.1940543831e-05 -8.1384824651e-05 -3.0975271180e-05 -9.5835570385e-05  5.5505959429e-05 -2.8013449370e-06 -5.2735934516e-06  4.7810153016e-05  2.1396188564e-05 -3.0557781576e-05 -1.4427194754e-05 -3.9038081997e-05  1.5849794812e-05  3.4524806810e-05  9.1517870951e-06 -8.5054182536e-06 -3.8798600746e-05 -3.3033860551e-07  6.7171317274e-06 -3.5491184099e-06  2.1892403165e-06  8.3464865968e-06  9.6462188669e-07  5.1437557401e-07  6.4385761331e-06  7.8138992310e-08 -9.1224248988e-06  2.1512166838e-05 -4.5977373174e-06  2.6306083481e-05  1.4905460716e-05  1.0940096242e-06 -2.3684297698e-05  7.6528610003e-05  1.2332031749e-04

JOB 22
COORDS  1.9456104547e+00 -8.8502872540e-01 -2.2208692427e-01  2.8712979287e+00 -1.5709178585e+00  1.9218964458e+00  8.5227361104e-01 -3.3362800594e-01  4.3423617966e-01  1.7811690195e+00 -1.0228591670e+00  2.5754411641e+00  2.9825496564e+00 -1.5102781696e+00  5.0996730868e-01  7.7073032465e-01 -4.0134135727e-01  1.8279227388e+00  5.4687412671e+00 -2.9938824687e+00 -1.8993706298e+00  4.1539352074e+00 -2.3060009207e+00 -1.5429728784e+00  4.0939198098e+00 -2.0370067893e+00 -1.0915428702e-01 -3.7675054442e-01  1.7496709916e-01  2.5102932312e+00 -1.2568151874e+00  7.1231762422e-01  1.8205849324e+00 -4.1629607392e-01  9.9821832572e-02  3.7479879306e+00  1.9959081518e+00 -8.2909326656e-01 -1.3034302994e+00  3.6590574338e+00 -2.0513813004e+00  2.4978719917e+00  5.4901187690e-02  1.4761533705e-01 -1.2033369619e-01  1.6935628199e+00 -1.0675326703e+00  3.6547935848e+00  6.3243890377e+00 -2.3732255506e+00 -1.6152779250e+00  5.5596885156e+00 -3.9622502532e+00 -1.3937431652e+00  5.5205165639e+00 -3.1761894963e+00 -2.9762697806e+00  3.3023686351e+00 -2.9272606349e+00 -1.8591533101e+00  4.0806463202e+00 -1.3565576170e+00 -2.0854352004e+00  4.6541265637e+00 -2.6538116640e+00  4.6638239651e-01
ENERGY -5.708426772211e+02
GRADIENT  5.6444291915e-06 -2.7466068815e-05  8.5706676101e-05 -3.7947725904e-04 -5.3721897957e-04 -1.0412924198e-05 -3.2904619297e-05  1.6517123894e-05  2.1893996905e-05  4.6612156326e-05 -3.2639023442e-05  1.8443959073e-05  3.9866355957e-04  5.4053837742e-04  7.1435952659e-06 -3.0605308384e-05 -2.8136832079e-07 -1.6027720682e-05  5.5361188195e-06  2.4120177878e-05 -3.4373586294e-06 -1.7936772884e-04 -5.6644945861e-04  1.4626047870e-04  1.7853067513e-04  6.3163768535e-04 -1.4201394027e-04  3.4069526664e-05  2.7145296247e-05  4.3235082323e-06 -2.0049999302e-05 -1.6744670805e-05  1.9734458056e-05 -1.2484209326e-05 -2.5726464524e-05  1.1995773377e-05 -4.3763914268e-06  6.9365780988e-06  1.4372523783e-05  9.9185294550e-06  5.6205237973e-06 -1.0015265878e-05 -4.9012314847e-06 -3.6013996890e-06  1.0399471052e-05 -6.6753254631e-06 -5.1046932002e-06  7.2579080150e-06 -5.5167906533e-06 -5.0013697144e-08  1.0497707952e-05 -7.9747189324e-06  2.5429236913e-07 -1.3285544543e-05 -1.8932461789e-07  1.5072851885e-05 -5.9050838541e-06  4.7618312045e-06 -2.5202083225e-05  7.2017310755e-06 -4.0015003664e-05 -6.1192985739e-06  1.5188817290e-06  3.3428258046e-06 -4.6521263788e-05 -5.5838379071e-05

JOB 23
COORDS  1.8420923684e+00 -1.0125397657e+00 -1.3428352689e-01  2.8677502679e+00 -1.6410316573e+00  1.9845573210e+00  7.7828434220e-01 -4.4836554952e-01  5.5726479968e-01  1.8065834487e+00 -1.0785331595e+00  2.6712096226e+00  2.9119163593e+00 -1.6218159492e+00  5.6638617072e-01  7.5920095484e-01 -4.8039181782e-01  1.9549891487e+00  5.4371700910e+00 -2.9148020250e+00 -1.9132939858e+00  4.1288359983e+00 -2.2250390675e+00 -1.5370083445e+00  3.9731274494e+00 -2.1839288304e+00 -9.0379187600e-02 -3.5627520988e-01  1.1119803738e-01  2.6728990519e+00 -1.2668389163e+00  6.3310642616e-01  2.0105838546e+00 -3.4210273855e-01  6.4537892451e-02  3.9130306961e+00  1.8451977378e+00 -9.8246430838e-01 -1.2178747030e+00  3.6819652521e+00 -2.1053239792e+00  2.5365247414e+00 -4.3722990328e-02  1.9460246045e-02  2.7700209282e-02  1.7702024929e+00 -1.0916480653e+00  3.7543630741e+00  6.2980270112e+00 -2.3813147672e+00 -1.4960309732e+00  5.4575261649e+00 -3.9476619811e+00 -1.5489730947e+00  5.5516349073e+00 -2.9398684621e+00 -3.0002650895e+00  3.2825771824e+00 -2.7607557533e+00 -1.9887755761e+00  4.1176416293e+00 -1.2036591037e+00 -1.9411520591e+00  4.6983118219e+00 -2.6088967713e+00  4.7072257397e-01
ENERGY -5.708425984132e+02
GRADIENT -1.4515731353e-05  9.4306282363e-06  3.2276709534e-05 -4.7294934449e-05  4.4632973846e-05 -1.5168943455e-05  2.6501895088e-05 -1.8290739702e-05  9.4537425093e-06  1.9268572023e-05 -7.3684140343e-06  1.7385254759e-05  6.8033442794e-05  1.3467815897e-05 -5.0511074354e-05 -3.1136007711e-05  1.3480204413e-05  2.1909418146e-05  1.8775745820e-06  1.5945477346e-05 -1.9329954962e-06  1.1684299218e-05  6.9767127359e-05  1.4752792606e-06 -1.6133435187e-05 -9.7928422898e-05  2.0726495038e-05  1.4725706422e-05  1.1691778041e-05  2.8834250697e-05  5.3920305978e-06 -8.2068707671e-06  7.8348673705e-07  1.0609338056e-06 -1.0879010904e-05  2.5082266532e-05  4.1935000430e-06 -8.2851695230e-06  7.3259469034e-06  2.3073542439e-06 -9.1580628267e-07 -9.3789688663e-06 -2.8383999009e-06  8.9105843307e-07  2.0501790988e-05 -2.5769697652e-06 -5.1196181710e-07  6.9630054480e-06 -8.0167677040e-06 -5.4152722417e-06  1.1854700019e-05 -1.0841066865e-05 -2.5734186118e-06 -1.8641530237e-05 -1.7734116953e-06  1.8987422622e-05 -1.2360013278e-06  1.0270891668e-06 -2.4941854615e-05  1.5024864647e-05 -3.2138242953e-05 -7.4946396858e-06 -1.3158566418e-05  6.1685867282e-06 -6.4145450651e-06 -9.6437493853e-06

