JOB 0
COORDS  1.5561031780e-01  5.2909487173e-02  1.2367948128e+00  1.6698440484e+00 -3.6435782234e-01  3.0819269803e+00 -6.1071708487e-01 -1.0000960256e+00  1.7456259890e+00  1.3214714091e+00  3.6165089677e-01  1.9456151432e+00  8.1948916439e-01 -1.4103198993e+00  3.4911790045e+00  1.9889779863e+00  2.3520124692e+00  7.0921080489e-01  2.0490168371e+00 -2.8273792382e+00  6.7552295203e+00  2.0579552134e+00 -1.8135188107e+00  5.6137960013e+00 -3.1609157758e-01 -1.7198904711e+00  2.8310891711e+00  3.1273599320e+00  3.1025196598e+00  5.7035789811e-01  1.1068424991e+00 -2.2031971122e+00  4.5823964256e+00  9.2640089454e-01  2.5861644016e+00  1.7107049373e-01  2.2528294168e+00  1.3326914802e+00  1.5961353969e+00 -1.5601073545e-01  6.0237313836e-01  3.6197644117e-01  2.5785869150e+00 -1.1590773914e-01  3.6170455849e+00 -1.5329285539e+00 -1.2751216582e+00  1.2353192821e+00  1.0642075866e+00 -2.8735553872e+00  7.2341204069e+00  2.3007889453e+00 -3.8278022634e+00  6.3893033549e+00  2.7789026297e+00 -2.5465866452e+00  7.5200195050e+00  3.0627836001e+00 -1.7705952322e+00  5.1759346046e+00  1.8331841129e+00 -8.0723649959e-01  6.0018563441e+00  3.1304082191e+00  3.7542760350e+00 -2.0176705136e-01  4.0110858501e+00  2.7073237885e+00  8.6195171861e-01  3.0791382969e-01 -2.7514611562e+00  4.8804809777e+00
ENERGY -6.263209218381e+02
GRADIENT -5.2655266169e-05  9.0480646416e-05 -1.3040667976e-04  2.8483529330e-04 -2.2115310912e-04 -1.7190350360e-04  1.3181170784e-04  3.3545362108e-05  8.5499234541e-05 -2.1429862858e-04  1.0813916695e-04  1.1333403411e-04 -4.5313538818e-05  4.1529776291e-05 -7.4175460671e-05  1.3112059889e-04 -3.6431867869e-04 -4.0116265825e-04 -4.2841796701e-06  1.7479776723e-06 -2.8349425791e-06  5.6767426823e-06  4.2460467143e-06 -1.8616328592e-05 -2.8552573921e-05 -6.3226184647e-05  2.7323005642e-05 -2.3680995208e-05  5.6717670095e-05 -3.3586945886e-05 -3.8192888557e-05  2.5953595067e-05 -4.1905174404e-06  9.0548898318e-05  9.4350807344e-05  1.0151734143e-05 -2.0454803945e-04  2.2437221099e-04  5.6455369083e-04 -9.6237509381e-06  1.6949808627e-05 -1.5501258205e-05  1.1822055014e-05  4.3844892214e-09  8.3694424578e-06  1.1989213551e-05  4.9955774079e-06  5.2614447533e-06 -1.0675385530e-06  2.2220146323e-06 -3.0302646718e-06 -1.3344675372e-06  1.2652507203e-06 -2.8751606221e-06 -8.7381374608e-07  1.7073102938e-06 -3.8796786168e-06 -1.3078463811e-07  2.1217637033e-06 -1.3785734136e-06 -8.4813908445e-07  2.0678131742e-06 -4.2435247670e-06 -4.3031256971e-05 -4.4564755403e-06 -5.2568446837e-06 -1.2550717216e-05 -4.4069844333e-06 -1.0654061725e-06  8.0018750455e-06 -1.1156002460e-05 -1.3121721397e-05

JOB 1
COORDS  2.1379549328e-01  1.9336810218e-02  1.1861162618e+00  1.7074971828e+00 -3.9152684375e-01  3.0477728701e+00 -5.8042948582e-01 -1.0054209009e+00  1.7066161295e+00  1.3801205776e+00  3.1715792745e-01  1.8970031713e+00  8.3215114231e-01 -1.4132227156e+00  3.4704930417e+00  1.9777008275e+00  2.4017607694e+00  8.2575000565e-01  2.0134188727e+00 -2.7952593161e+00  6.7671951912e+00  2.0498865447e+00 -1.8027640820e+00  5.6076966754e+00 -3.0497599245e-01 -1.7097867676e+00  2.8083510598e+00  3.1207551469e+00  3.1016765592e+00  5.4179459055e-01  1.0968873303e+00 -2.1918182986e+00  4.5775421474e+00  8.4794300110e-01  2.7615685851e+00  5.6827948664e-01  2.3307316956e+00  1.2509123132e+00  1.4979493774e+00 -8.0658528908e-02  5.6255543195e-01  2.9993013100e-01  2.6182813179e+00 -1.5192489104e-01  3.5834525505e+00 -1.5055691028e+00 -1.2711173335e+00  1.1968297941e+00  1.0251992723e+00 -2.8122977466e+00  7.2409472506e+00  2.2464353447e+00 -3.8071845274e+00  6.4209846580e+00  2.7446835736e+00 -2.5156797132e+00  7.5311022600e+00  3.0578953752e+00 -1.7884091187e+00  5.1753891925e+00  1.8434692235e+00 -7.8527611448e-01  5.9760662998e+00  3.0208310244e+00  3.8567144097e+00 -1.2213830089e-01  4.0096221148e+00  2.6217552644e+00  5.8531249833e-01  2.8524342662e-01 -2.7181214759e+00  4.8808563388e+00
ENERGY -6.263211581160e+02
GRADIENT -3.4015064866e-06 -9.1197387346e-05  1.5382426330e-04 -3.9135439483e-05 -2.0848388884e-04 -3.0121273029e-04 -1.8898412208e-04  3.6364505003e-06 -1.6618510920e-04 -1.6833248181e-06  2.7169100875e-04 -4.2649364986e-05  9.2495730497e-05 -8.8847106047e-05  2.5559243874e-04  5.9695052903e-05 -1.7060974552e-04 -2.3160199681e-04  1.0080895388e-07  4.0160610048e-06  1.0929227371e-07 -2.3918004092e-06 -1.5853739150e-05 -1.2174414209e-05  8.4576799455e-05  1.0869557272e-04 -8.0430245020e-05 -1.6412515554e-05  4.5913512769e-05 -1.3142961345e-06  1.7499647437e-05  3.8366839135e-06  7.7033395456e-05  2.0552953149e-05  2.5462315564e-05 -2.0160420872e-05  4.2583339991e-06  2.2652153965e-04  3.8745281160e-04  3.9285777476e-06 -1.4462668595e-05  3.6863516794e-05 -2.6990160371e-05 -8.3254434685e-06 -1.8142749034e-05 -2.0543969108e-05  1.3529255288e-05 -2.1331391930e-05 -4.6348373148e-08  2.7215233521e-06 -3.4485799689e-06 -1.4231352766e-06  1.1970056153e-06 -3.0726137409e-06  4.3834436305e-07 -7.2805743200e-07 -1.8139981997e-06  4.0949383548e-06 -1.7177221713e-06  2.4049693479e-06  1.0469898273e-06  6.1610712900e-06 -4.6757655629e-06  3.2905738731e-05  7.5133868909e-06 -1.4254968383e-05  2.3601333551e-06 -2.4260008884e-06 -1.3504197155e-05  1.4336905983e-05 -1.4006254337e-05 -5.9081394727e-06

JOB 2
COORDS  2.4176638718e-01 -4.9336129520e-02  1.1350512898e+00  1.7324713262e+00 -4.4172707697e-01  3.0033437566e+00 -5.7813316985e-01 -1.0371906189e+00  1.6836639609e+00  1.4163329958e+00  2.3704540866e-01  1.8342543099e+00  8.3223532908e-01 -1.4313638398e+00  3.4544787592e+00  1.9782773341e+00  2.3930397684e+00  9.4760046600e-01  1.9916964109e+00 -2.7545949000e+00  6.7828603333e+00  2.0472286051e+00 -1.7931659436e+00  5.5982320696e+00 -3.1349185269e-01 -1.7172204133e+00  2.8039811268e+00  3.0919196201e+00  3.0874307968e+00  5.5487805266e-01  1.0812736560e+00 -2.1859176258e+00  4.5813284088e+00  8.4308691840e-01  2.8200380503e+00  9.5927529069e-01  2.3713010026e+00  1.1409792523e+00  1.3753522324e+00 -3.6710373767e-02  4.7982116393e-01  2.3331902890e-01  2.6497854155e+00 -2.0802335228e-01  3.5305103814e+00 -1.5123093732e+00 -1.2941725065e+00  1.1863023680e+00  1.0051970273e+00 -2.7360377263e+00  7.2601228153e+00  2.1994372779e+00 -3.7802773798e+00  6.4619798944e+00  2.7322803738e+00 -2.4729374255e+00  7.5369527033e+00  3.0535276700e+00 -1.8138775345e+00  5.1623385764e+00  1.8661938460e+00 -7.6208631360e-01  5.9410734599e+00  2.9205989685e+00  3.9333755091e+00  2.9673536774e-02  3.9428458407e+00  2.5750494250e+00  3.6566349250e-01  2.5782949681e-01 -2.6832888496e+00  4.9012895456e+00
ENERGY -6.263212156935e+02
GRADIENT  1.1831994892e-05  5.2308219839e-05 -9.1019993710e-05  5.8159913080e-05  1.0356440505e-04  1.6438255775e-04  1.1597137295e-04  8.6136157461e-07  1.0493489288e-04 -1.5458094963e-05 -1.3122528461e-04  4.4610345054e-05 -7.0324946899e-05  5.7685394839e-05 -1.8069549979e-04  1.3270546663e-05  1.1093593720e-04  1.7462856470e-04 -1.3131605820e-06  2.0432045829e-06  3.8092967051e-07  2.8369794046e-06 -4.5315616295e-06  1.4217880744e-05 -5.9572831870e-05 -6.0146353053e-05  5.0742306931e-05  1.1891595762e-05 -5.0789389252e-05 -3.2857845514e-05 -1.0516392913e-05  4.2332683363e-05 -5.6810514914e-05 -1.1982626850e-05 -1.7303834341e-05 -5.1324415930e-06 -4.1537883533e-05 -8.1417187673e-05 -2.0472105603e-04 -6.3932166708e-07  1.4457077866e-05 -1.8827647316e-05  2.2167674245e-05  1.0203695523e-05  7.6508021486e-06  1.2316906439e-05  3.9842057946e-06  1.4910929898e-05  2.6822757365e-07  1.7597869358e-06 -4.6219150640e-07 -1.0274437395e-06  2.2100741826e-07 -1.8790504881e-06  8.6830765147e-07 -1.4265492020e-06 -1.5546088606e-06 -7.6748975725e-07 -1.8454192849e-06 -2.5933657149e-06  3.2164782521e-06 -1.2373779400e-06 -1.2652415165e-06 -3.3562187603e-06  4.8422083427e-06  1.7626227433e-05  1.0798510823e-05  7.1381225418e-06  1.1602465078e-05 -1.3979504443e-06  8.0179110681e-06 -4.0099165134e-06

JOB 3
COORDS  2.5779240679e-01 -8.7061835197e-02  1.0649693898e+00  1.7492506821e+00 -4.6049455095e-01  2.9351950672e+00 -5.8229203540e-01 -1.0417074727e+00  1.6401910596e+00  1.4411723631e+00  1.9006294202e-01  1.7501364715e+00  8.2988325903e-01 -1.4196130782e+00  3.4164370026e+00  2.0301762996e+00  2.3970124642e+00  1.0804453776e+00  1.9768640135e+00 -2.6801576723e+00  6.7730837935e+00  2.0473024094e+00 -1.7511725948e+00  5.5636284024e+00 -3.2377025865e-01 -1.6974032267e+00  2.7766541248e+00  3.1107914954e+00  3.0942686950e+00  6.0729577565e-01  1.0673608413e+00 -2.1487528953e+00  4.5618579232e+00  9.4490616660e-01  2.8640979941e+00  1.3539377939e+00  2.3925353887e+00  1.0748624332e+00  1.2418737425e+00 -7.2606788639e-03  4.2714182112e-01  1.4911239466e-01  2.6726080522e+00 -2.3067056151e-01  3.4534167909e+00 -1.5248954671e+00 -1.2918024285e+00  1.1554311926e+00  9.9350418946e-01 -2.6275849057e+00  7.2542494004e+00  2.1606967801e+00 -3.7181418133e+00  6.4782008734e+00  2.7272749309e+00 -2.3952287356e+00  7.5161364465e+00  3.0505287234e+00 -1.8054294248e+00  5.1236099798e+00  1.8904496951e+00 -7.0793503851e-01  5.8802605608e+00  2.9136672314e+00  4.0170320427e+00  2.4595180683e-01  3.8763958042e+00  2.5784412961e+00  1.9453996994e-01  2.3586295207e-01 -2.6215527589e+00  4.8978313262e+00
ENERGY -6.263210242269e+02
GRADIENT -1.1229980380e-05 -2.3909127565e-06  8.6527022700e-06 -3.9477515815e-04  3.1616778653e-04  9.7403298920e-05 -1.0478704708e-05  2.0458451703e-05 -3.0598637217e-05  4.3055141853e-04 -4.1422945997e-04 -1.9629967510e-04  1.1141902749e-04 -1.0019466006e-04  2.6401779188e-04  1.7331802861e-04  1.4249934439e-04  3.6842586978e-04  1.0687213145e-06 -7.1447740433e-07  3.1503918602e-06 -4.0287341526e-06 -1.1178209161e-06 -1.1601992258e-05  3.1963378661e-05  7.2747298167e-05 -7.9584982468e-05  5.6673562935e-06 -6.5749688225e-05 -4.3952855759e-05  1.7931090593e-05 -5.6719742070e-05  8.7639425063e-05 -3.3935843196e-05 -4.3984401473e-05  5.1735593775e-05 -2.8805021823e-04  1.0754249117e-04 -5.0500038434e-04  1.0626953178e-05 -8.1648511767e-07  1.1728086405e-05 -2.7015675333e-05 -1.4819870163e-05 -5.5622883420e-06 -4.5701037096e-07  6.3861596121e-06 -7.7442848246e-06  2.6054135791e-06 -1.5104921899e-06  3.0026027522e-06  3.6326175284e-07 -2.6955296361e-06  2.3255777389e-06  3.5051203493e-06 -4.2347820376e-06  3.0753234188e-06  7.3028287861e-06 -2.8231101296e-06  6.2577821570e-06  2.8060690912e-06  1.7302915841e-06  2.4598033769e-06  2.2421874933e-05  8.7664647425e-06  2.9456299372e-05  1.2953722487e-05  1.0318339114e-05  2.2656809695e-05  7.0725215750e-06 -9.5521762936e-06  8.0924538624e-06

JOB 4
COORDS  2.5245612771e-01 -1.3463904916e-01  1.0052132254e+00  1.7509951406e+00 -4.7954642052e-01  2.8744856169e+00 -5.9311426597e-01 -1.0713277637e+00  1.6022325848e+00  1.4397275088e+00  1.4802276101e-01  1.6793260430e+00  8.2418470008e-01 -1.4184137780e+00  3.3818958682e+00  2.1128345937e+00  2.3746046176e+00  1.2391053636e+00  1.9700178548e+00 -2.6031286044e+00  6.7657793041e+00  2.0463571352e+00 -1.7072319487e+00  5.5320522150e+00 -3.3382959062e-01 -1.7021729583e+00  2.7520882045e+00  3.1486187448e+00  3.0781987960e+00  6.8051685941e-01  1.0586526040e+00 -2.1204003272e+00  4.5440144346e+00  1.1367475773e+00  2.8497485607e+00  1.7798894907e+00  2.3781915222e+00  1.0251338661e+00  1.1294567089e+00 -5.7115978647e-03  3.5994980439e-01  7.5790121676e-02  2.6776099126e+00 -2.4489535787e-01  3.3846547113e+00 -1.5388639143e+00 -1.3268911976e+00  1.1265038112e+00  9.8880851618e-01 -2.5274297657e+00  7.2482298956e+00  2.1423168912e+00 -3.6504538942e+00  6.4981958316e+00  2.7256799226e+00 -2.3062791620e+00  7.4987531249e+00  3.0474241954e+00 -1.7837590499e+00  5.0904667829e+00  1.9011868341e+00 -6.5451577926e-01  5.8211612479e+00  2.9644158454e+00  4.0551425659e+00  4.9941074612e-01  3.7746075287e+00  2.5936685283e+00  5.1031983052e-02  2.2514647752e-01 -2.5793751718e+00  4.8938112321e+00
ENERGY -6.263208158138e+02
GRADIENT  1.5893619238e-05 -4.0128459311e-05  4.8222376161e-05 -2.4263811379e-04  8.0391363536e-05 -3.5328282212e-05 -3.2106519285e-05 -7.2388018616e-06 -2.5690496267e-05  2.0308696443e-04 -8.3149388347e-05 -7.5369057023e-05  9.0001798755e-05 -8.6617393738e-05  1.8269677339e-04  1.8564712020e-04  6.1637074304e-05  2.6334297443e-04  8.3242581682e-06 -6.5714415813e-07  8.4560992008e-07  2.0781132061e-06 -1.3790433814e-05 -1.5532855854e-05  2.4205017780e-05  5.0585417919e-05 -6.4419206143e-05 -1.6428426638e-05 -5.6125757703e-05 -8.2657953099e-05  1.8471778249e-06 -2.0592370164e-05  6.5306985075e-05 -8.3186975735e-05 -5.4305688804e-05 -2.0080174812e-05 -1.4272003982e-04  1.2768341803e-04 -2.5962737144e-04  1.4989171927e-05 -6.3190507279e-06  8.7076114413e-06 -2.1350204863e-05 -6.8036553793e-06 -1.1919757779e-05 -2.8826218298e-06 -4.8066201787e-06 -3.5722831952e-06  4.7101993136e-06  1.7831490895e-06  2.6568246187e-06  2.5476086469e-06  7.7518093746e-07  2.1800392563e-06  5.1405593682e-06  7.0070468263e-07  2.1383599477e-06  5.8577591235e-06  6.4293948336e-06  1.1922548924e-06 -1.4155515168e-06  2.0957013910e-06  6.1045342579e-06  7.8505004262e-06 -2.6740023087e-06 -7.2963438336e-08  1.9500960897e-05  1.2441738399e-06  1.3508112408e-05  4.1885040562e-06  6.1358050501e-07  8.1124200861e-06

JOB 5
COORDS  2.2398719359e-01 -2.0238144173e-01  9.6407909070e-01  1.7405856575e+00 -4.9661675507e-01  2.8275886652e+00 -6.0608369573e-01 -1.1405818298e+00  1.5814950272e+00  1.4113752476e+00  1.0711723603e-01  1.6252828682e+00  8.2620233027e-01 -1.4340545250e+00  3.3588992275e+00  2.2093405344e+00  2.3197369586e+00  1.3866196649e+00  1.9922950424e+00 -2.5272309592e+00  6.7658114622e+00  2.0594544142e+00 -1.6620184519e+00  5.5098832442e+00 -3.3200224719e-01 -1.7451126820e+00  2.7413502983e+00  3.1934569334e+00  3.0330810539e+00  7.5118584950e-01  1.0740484426e+00 -2.1088489437e+00  4.5338773559e+00  1.3914040970e+00  2.7673310580e+00  2.1623506116e+00  2.3207393839e+00  9.9051470983e-01  1.0360985246e+00 -4.1029315353e-02  2.6969098339e-01  2.4612757826e-02  2.6662587008e+00 -2.4162709721e-01  3.3295121025e+00 -1.5503254912e+00 -1.4184552337e+00  1.1152908946e+00  1.0108894849e+00 -2.4480839715e+00  7.2473219549e+00  2.1737908786e+00 -3.5794352399e+00  6.5246297838e+00  2.7459595305e+00 -2.2052269082e+00  7.4901368587e+00  3.0606932663e+00 -1.7407925551e+00  5.0690522544e+00  1.9047465601e+00 -6.0381551610e-01  5.7719807652e+00  3.0681304363e+00  4.0358795018e+00  7.4621020455e-01  3.6466381471e+00  2.6144289887e+00 -5.0327489712e-02  2.4813014807e-01 -2.5719544116e+00  4.8959384813e+00
ENERGY -6.263208171551e+02
GRADIENT  1.7774416031e-05 -2.8386161778e-05  7.0464736060e-05  1.2753129748e-04 -1.5589586221e-04 -6.5532337955e-05 -6.4217595782e-05 -2.9009175484e-05 -1.2980276587e-05 -1.8846793616e-04  2.5032611512e-04  4.8384304455e-05 -1.3348369959e-05  2.7966268407e-05 -7.2904581872e-05 -2.5207250445e-05  6.2544260959e-06 -3.5829423373e-05 -5.3632807050e-08 -1.2850747543e-06 -7.6855808452e-07  2.3586142022e-06 -8.4192925662e-06  2.8165065769e-06 -4.0267593156e-06 -1.3844957434e-05  5.2803739275e-06 -4.9462237348e-05  5.3836952132e-06 -4.9487971703e-05 -1.5520556770e-05  3.0897866285e-05 -2.6735133621e-05 -4.5522118754e-05  1.2590605201e-05 -4.4812269864e-05  2.2299051879e-04 -1.1250714146e-04  1.6105401257e-04 -2.6402093529e-06 -7.1889895200e-06  6.2186177893e-06  5.2645567886e-06  7.2711521892e-06 -3.8195510283e-06 -6.8212736124e-06 -6.3822613285e-06 -7.3272474100e-07 -1.0054695157e-06 -1.5635418769e-06 -1.0959691107e-06 -2.0166418235e-07 -1.0794370402e-06 -9.3749491891e-07 -1.3659543219e-06 -8.3144451916e-07 -9.8761751598e-07 -3.0543262101e-06 -3.1827513893e-07 -2.1128572151e-06 -2.0227119944e-06 -2.2061326968e-06 -6.5163292066e-07 -4.6496373670e-07  2.6503952803e-06  4.7031337766e-07  2.5014601690e-06  1.3464797425e-06  2.6268443982e-06  8.0608203621e-07 -3.1562883358e-06 -4.0269061418e-06

JOB 6
COORDS  1.8415044211e-01 -2.4380962425e-01  9.5658385942e-01  1.7214463837e+00 -4.7952396754e-01  2.8120811015e+00 -6.0944387443e-01 -1.2081969288e+00  1.5820635062e+00  1.3640001157e+00  1.0946290834e-01  1.6100793219e+00  8.3953826273e-01 -1.4408189575e+00  3.3541523511e+00  2.3092449239e+00  2.2823675637e+00  1.5386338228e+00  2.0404732797e+00 -2.4517111994e+00  6.7735204598e+00  2.0847235843e+00 -1.6055994206e+00  5.5036797287e+00 -3.1060718716e-01 -1.7955193737e+00  2.7443036298e+00  3.2285046859e+00  3.0130048564e+00  8.3045131995e-01  1.1142403671e+00 -2.0972357046e+00  4.5337041616e+00  1.6911133443e+00  2.6646851348e+00  2.5097577728e+00  2.2262401300e+00  1.0182667308e+00  9.9238144520e-01 -9.8533016697e-02  2.1263233578e-01  1.4480526430e-02  2.6380238322e+00 -1.9124041905e-01  3.3119545230e+00 -1.5448640353e+00 -1.5217739790e+00  1.1206975066e+00  1.0565399495e+00 -2.3925626307e+00  7.2527744148e+00  2.2521989024e+00 -3.5022059367e+00  6.5499958039e+00  2.7837307930e+00 -2.0965356616e+00  7.4930616464e+00  3.0887370067e+00 -1.6623229192e+00  5.0657035906e+00  1.8984657530e+00 -5.4833650946e-01  5.7474923322e+00  3.2024083222e+00  4.0112128579e+00  9.8608426007e-01  3.4898591630e+00  2.6896077945e+00 -9.1609534709e-02  3.0530833148e-01 -2.5843923783e+00  4.9024439240e+00
ENERGY -6.263210766432e+02
GRADIENT -6.9420733988e-05  7.3420451387e-05 -1.4629537769e-04  3.9545562646e-04 -4.1819704995e-04 -2.4278170451e-04  1.5920788003e-04  4.4175670370e-05  1.0251628711e-04 -6.9299827108e-04  6.7202634929e-04  3.1280669104e-04 -1.0432444455e-04  5.0548118151e-05 -1.5165233936e-04 -4.3829306176e-04  1.1955107721e-04 -3.3412115986e-04 -7.5839312765e-06  7.7945797663e-07 -3.1477090906e-06 -5.6723982141e-06  4.1335495573e-06  6.0100978489e-06 -4.3558201974e-05 -7.6146012581e-05  6.5061104407e-05 -4.5515375077e-05  5.2835473171e-05 -8.0839025148e-06 -5.7485652670e-06  9.3454229662e-06 -4.5387035628e-05  6.4086673989e-05  8.5461911187e-05 -5.8429618952e-05  7.6300579097e-04 -6.2921264733e-04  3.7430999862e-04 -7.0891147341e-06  1.0127494631e-05 -2.3762200785e-05  2.2192758974e-05  3.0127742011e-06  6.8392011954e-06  9.8515520118e-06  4.1858729175e-06  1.1937192783e-05 -5.0809809344e-06  1.2240471059e-06 -4.1179034534e-06 -5.6827603474e-06 -7.2630722768e-07 -2.4570962013e-06 -4.7575164700e-06 -5.7133136899e-07 -4.0050602239e-06 -4.7793320946e-06 -8.7372073368e-06 -4.4999672409e-06  2.3455657436e-06 -2.1885504856e-07 -7.2545865063e-06 -1.2168880495e-05 -1.8596205452e-05  3.3540693718e-05  9.8783197885e-06 -2.0591154607e-05  1.0113539992e-05 -7.1413174408e-06  1.7905080385e-06 -6.1207719156e-06

JOB 7
COORDS  1.3766114726e-01 -2.7432693904e-01  9.3269165017e-01  1.6771586345e+00 -4.5035432369e-01  2.7931278123e+00 -6.1950676776e-01 -1.2700291657e+00  1.5528764683e+00  1.3012822694e+00  1.2735178974e-01  1.5902542930e+00  8.2942934158e-01 -1.4444058409e+00  3.3307140593e+00  2.4237754217e+00  2.2337148027e+00  1.6131546341e+00  2.0492665716e+00 -2.4010128730e+00  6.7590804366e+00  2.0701526109e+00 -1.5574139388e+00  5.4869580583e+00 -3.0372640975e-01 -1.8449018274e+00  2.7170566818e+00  3.2567396603e+00  2.9783640304e+00  8.1915203102e-01  1.1249557357e+00 -2.0881876669e+00  4.5123789053e+00  2.0474675920e+00  2.5322006668e+00  2.7272295593e+00  2.1123833751e+00  1.0640601262e+00  9.5053542982e-01 -1.5683984468e-01  1.6921150022e-01 -1.1918489526e-02  2.5754429475e+00 -1.2800139684e-01  3.3031175951e+00 -1.5386722728e+00 -1.6208505240e+00  1.0855957250e+00  1.0604918433e+00 -2.3780336158e+00  7.2315048914e+00  2.3023657975e+00 -3.4433901198e+00  6.5404433918e+00  2.7734917948e+00 -2.0157203958e+00  7.4825285846e+00  3.0785462642e+00 -1.5775398948e+00  5.0559647441e+00  1.8428968127e+00 -5.0721176762e-01  5.7256854243e+00  3.3697399899e+00  3.9456286925e+00  1.0891396340e+00  3.3046064611e+00  2.7577130014e+00 -1.6672631569e-01  3.3516939800e-01 -2.6085241513e+00  4.8770997377e+00
ENERGY -6.263215187255e+02
GRADIENT -5.8100227551e-06  8.3185619622e-06 -2.0855979612e-05  3.5121384212e-04 -6.0841822822e-04 -3.9728918291e-04 -9.0883589452e-06  1.5677188238e-05 -3.3946424460e-05 -8.9197451885e-04  9.8149803597e-04  4.7904027427e-04  3.2162868324e-05 -4.4459782247e-05  7.4625554803e-05 -6.6654201701e-04  4.7751863327e-04 -4.3538553966e-04 -2.7014804283e-06 -1.8847255965e-06  2.8433520125e-06 -2.5889600623e-06 -2.1481402744e-05 -1.0549915382e-05  6.9732238750e-06  1.4202766452e-05 -3.1013180849e-05 -6.1025771908e-05 -8.3299064406e-05 -5.7544507463e-06 -1.0566805610e-05  3.3717012744e-05  3.3222751043e-05 -1.0477037026e-04 -1.9532632005e-04  1.2599055566e-04  1.1885832576e-03 -6.9570267288e-04  2.9776546312e-04 -8.7797454717e-06 -8.4634500730e-06 -9.3812039973e-06 -1.7196297034e-05 -1.5069415773e-05 -4.3707305905e-06 -2.3021177933e-06 -3.4416489927e-06 -1.0608550271e-05 -6.6516058545e-06 -2.8171056334e-06 -2.1394713303e-06 -4.2005651784e-06 -1.7846019020e-06  1.7807760962e-07 -7.8249814391e-06 -1.0607840375e-06  9.1971417542e-07 -5.7440728934e-06 -3.1556149662e-06 -1.7145086298e-06 -8.0246356161e-06 -4.1396113975e-06 -1.6848215895e-06  1.0080092246e-04  2.9589861509e-05 -1.2138072697e-04  6.3957331462e-06  8.6242562162e-06  1.2261342460e-05  7.9868201806e-06 -8.6250378469e-06 -1.0508444889e-05

JOB 8
COORDS  9.6594482593e-02 -3.1295887620e-01  9.3242508255e-01  1.6251893309e+00 -4.2924883989e-01  2.8069644573e+00 -6.2351620430e-01 -1.3415190840e+00  1.5402068173e+00  1.2377434631e+00  1.3796361425e-01  1.6014738773e+00  8.1399544458e-01 -1.4624021876e+00  3.3289056286e+00  2.5201004791e+00  2.1740644737e+00  1.6522734299e+00  2.0514432406e+00 -2.3881938830e+00  6.7599520493e+00  2.0452432812e+00 -1.5358231521e+00  5.4935468835e+00 -2.9603846809e-01 -1.9087226744e+00  2.7054280225e+00  3.2625553685e+00  2.9361970109e+00  7.8886199775e-01  1.1276925862e+00 -2.0979602167e+00  4.5102548153e+00  2.3785910191e+00  2.3829096061e+00  2.8394439763e+00  1.9879907696e+00  1.1131283598e+00  9.4999968573e-01 -2.0664153354e-01  1.2133072916e-01 -1.3697138091e-02  2.4995580396e+00 -7.4423442696e-02  3.3333157157e+00 -1.5222876881e+00 -1.7279505247e+00  1.0614827908e+00  1.0597933932e+00 -2.4091706498e+00  7.2264789111e+00  2.3485218802e+00 -3.4178096242e+00  6.5361307051e+00  2.7549807283e+00 -1.9783757558e+00  7.4903108732e+00  3.0559984821e+00 -1.5116303227e+00  5.0685363015e+00  1.7745399187e+00 -4.9727096601e-01  5.7375822176e+00  3.5156946848e+00  3.8561925566e+00  1.1216945184e+00  3.1192336572e+00  2.8176140863e+00 -2.0519664749e-01  3.5978328297e-01 -2.6559233819e+00  4.8657285125e+00
ENERGY -6.263218530497e+02
GRADIENT -3.1376332818e-05  1.3271008957e-05 -2.8790866266e-05  8.5016799396e-05 -3.1434997562e-04 -2.0395715985e-04  7.8601839207e-05  4.8890228720e-05  2.3198598454e-05 -3.9966777266e-04  4.1426330534e-04  2.1977453715e-04  5.0945397485e-05 -7.6077383203e-05  1.1594136443e-04 -2.2075746040e-04  3.0960373705e-04 -1.7025357681e-04  2.4430095807e-06 -2.8762777517e-06  2.2591692961e-06  6.8712899036e-06 -2.7773504623e-05 -3.1440889844e-05 -2.8417160646e-06 -3.7580276819e-06 -3.2952538634e-05 -1.0754182770e-04 -6.3493487017e-05 -1.3949734606e-05 -5.3386568833e-05  4.5200909346e-05  6.1617865071e-05 -1.3983424770e-04 -1.5941986394e-04  1.7116693339e-04  6.1373655332e-04 -2.1728022345e-04  2.2386543589e-05  6.5952339057e-06  1.0423403154e-05 -1.0895952546e-05 -3.9476944324e-05 -1.7783685229e-05 -6.7445556768e-06  1.1655011199e-05 -2.7891058507e-07 -2.1233748608e-06 -5.2582006214e-06 -2.4729982182e-06 -2.9858485203e-06 -2.4753349569e-06  2.5342412658e-07 -1.6074472398e-06 -7.1214587339e-06 -4.5928552821e-07  2.8262914736e-06 -3.8273052384e-06  7.9504730687e-06  3.5487832788e-07 -1.1787870258e-05 -2.1040760319e-06  5.0064492728e-06  8.8801126640e-05  5.0792203684e-05 -1.3112720487e-04  2.1294421312e-05  2.1335909912e-05  2.0523694071e-05  2.1285638574e-05 -9.2200696358e-06 -1.7512943815e-05

JOB 9
COORDS  8.2342539459e-02 -3.1202496876e-01  9.3003712900e-01  1.5841016949e+00 -3.8544408114e-01  2.8287829225e+00 -6.0637360006e-01 -1.3741867254e+00  1.5128301045e+00  1.1954332589e+00  1.7973256029e-01  1.6215702417e+00  8.0632385448e-01 -1.4597928740e+00  3.3204136554e+00  2.6159005029e+00  2.1463717364e+00  1.6594540920e+00  2.0397521596e+00 -2.3844789334e+00  6.7537587628e+00  2.0125184146e+00 -1.5133251443e+00  5.5005321204e+00 -2.7538946295e-01 -1.9435811192e+00  2.6766766931e+00  3.2473763072e+00  2.9461228474e+00  7.4311291569e-01  1.1305377910e+00 -2.0977014915e+00  4.4977373767e+00  2.7118705355e+00  2.2475434413e+00  2.8658074739e+00  1.8844363341e+00  1.2008014527e+00  9.7602386974e-01 -2.2244856913e-01  1.2058071073e-01 -1.6321522630e-02  2.4314127158e+00 -4.7481411761e-03  3.3774944385e+00 -1.4814596347e+00 -1.7888056469e+00  1.0141696732e+00  1.0446464160e+00 -2.4541823554e+00  7.2081027106e+00  2.3821967253e+00 -3.3971694616e+00  6.5178602553e+00  2.7173097131e+00 -1.9572162060e+00  7.4985517308e+00  3.0259442289e+00 -1.4397909730e+00  5.0881618043e+00  1.6960947572e+00 -4.9081417051e-01  5.7571582211e+00  3.6268287976e+00  3.8100334840e+00  1.1050470809e+00  2.9186169837e+00  2.9390288911e+00 -2.1326437949e-01  3.8150029958e-01 -2.6911743807e+00  4.8356439481e+00
ENERGY -6.263218969821e+02
GRADIENT  2.2573722478e-05 -1.6896246497e-05  5.3184597451e-05 -7.8998724866e-05  1.5438703702e-05  6.9063455571e-06 -7.3097213565e-05 -2.2273908533e-05 -5.9937815256e-05  1.1619245443e-04 -7.7088439414e-05 -7.1977145952e-05  2.3418100352e-05  1.2955744519e-05  6.7995155991e-05  7.3018829264e-06  8.2449874862e-05  1.7986598613e-06  1.5665935567e-07  3.1063004760e-06 -3.7575269410e-06 -1.3873725596e-05  1.5101249062e-05  1.3474121379e-05  1.8874421569e-05  3.8797568120e-05 -4.6732132525e-05  2.2687375100e-05 -6.5072214852e-05 -4.9300880685e-05  6.2985833384e-05 -4.4761084982e-05 -4.8229223413e-06 -2.5007456920e-05 -6.9749375387e-05  4.9676935687e-05 -4.4678090791e-05  1.4855474322e-04  2.6720875352e-05  2.0965198121e-06 -4.5731538321e-06  2.8335825266e-06 -1.2533236554e-05 -3.1028597282e-06 -4.5456496136e-06 -3.6877585964e-06 -1.6666040016e-06 -1.7135481152e-05 -2.4645686132e-06  1.8602609058e-06 -3.4343721232e-06 -9.9889285876e-07  3.6230752073e-06 -3.3367982046e-06 -2.6920722826e-06  3.6399675694e-06 -1.7686442943e-06 -1.7500411161e-06  6.6563137964e-06  1.5449211906e-08 -5.6770147818e-06  3.1427134849e-06 -3.1241645093e-06 -1.7125860156e-05  1.4419163252e-05 -1.4179626741e-05 -1.1053148389e-05  2.1026938161e-05 -1.0853519436e-05 -1.4482081860e-05  1.6251253971e-05  3.3837253761e-06

JOB 10
COORDS  8.5406283785e-02 -3.1687509293e-01  9.3633195400e-01  1.5522733335e+00 -3.5082580864e-01  2.8641773442e+00 -5.7972913064e-01 -1.4024881485e+00  1.5006508313e+00  1.1705538541e+00  2.0790176857e-01  1.6508010955e+00  8.0175918955e-01 -1.4567156727e+00  3.3305611113e+00  2.7115387892e+00  2.1006750429e+00  1.6358969205e+00  2.0322008885e+00 -2.3891714475e+00  6.7636591882e+00  1.9853845146e+00 -1.4988527407e+00  5.5245126916e+00 -2.5230047559e-01 -1.9712297337e+00  2.6662449792e+00  3.2155695310e+00  2.9604081022e+00  6.9508242987e-01  1.1293054754e+00 -2.0945770982e+00  4.5065555135e+00  3.0381243965e+00  2.0779445147e+00  2.8060636129e+00  1.8063866584e+00  1.2699066295e+00  1.0181703307e+00 -2.1591590023e-01  1.1156600590e-01 -1.3009403787e-02  2.3766995712e+00  5.1280775619e-02  3.4302045741e+00 -1.4327205967e+00 -1.8399385334e+00  9.8358333781e-01  1.0368987620e+00 -2.4984528058e+00  7.2097498216e+00  2.4087239344e+00 -3.3862669972e+00  6.5136954577e+00  2.6907960244e+00 -1.9527811735e+00  7.5200758888e+00  2.9982828930e+00 -1.3855291158e+00  5.1202991257e+00  1.6345498052e+00 -4.9135668806e-01  5.7959346447e+00  3.7126334512e+00  3.7621352131e+00  1.0575871167e+00  2.7214200848e+00  3.0658370626e+00 -1.8086828526e-01  3.9757781870e-01 -2.7181227723e+00  4.8277366943e+00
ENERGY -6.263217861027e+02
GRADIENT -1.1133573785e-04  8.7650598594e-05 -2.7447634390e-04 -1.5767404643e-04  1.0497846591e-04  4.9925113097e-05  3.0674431178e-04  1.2714302098e-04  2.0719334352e-04  2.3247647037e-04 -2.7597210675e-04 -1.4869607714e-04 -7.7366113236e-05  3.1995452471e-05 -8.5717047738e-06  2.4695887857e-04 -4.5926539965e-04 -6.9561220423e-05 -1.4275787563e-05  7.0176237997e-07 -6.4250349248e-06 -3.0830359107e-05  6.2702423165e-05  3.0030172738e-07 -5.1943637801e-05 -8.1241962282e-05  5.9690817033e-05  1.0609496233e-04  9.9982526245e-05  1.3703470790e-04  6.8811449382e-05 -1.4974365658e-04 -2.2671570779e-05  4.7273670174e-06  2.4055010052e-04 -1.2744800321e-04 -5.2586558889e-04  1.7612381048e-04  1.1530784280e-04  1.6798856543e-06  2.4316283911e-05 -2.8744729896e-05  9.2339756315e-06 -3.2657602491e-06  1.9452198866e-05  2.6277186413e-05  4.6544504348e-06  2.2157102318e-05 -7.5747221772e-07 -6.7653263752e-07 -2.4465378910e-06 -1.4998454258e-06 -9.3948116210e-07 -2.3765346535e-06  1.0397517214e-06  1.6802737503e-07 -4.8729270474e-06  6.4073119635e-06 -4.8118352664e-06  1.3588311263e-06  3.7271834402e-06  6.8137929202e-06 -9.0689257325e-06 -2.9782355336e-05  1.9241672769e-05  3.6436653348e-05 -2.9004041144e-05 -2.3257140673e-06  6.2964016923e-06 -2.5776560817e-05 -3.3174225338e-06  1.6275851559e-05

JOB 11
COORDS  3.0618571753e-01 -5.7848742739e-01  9.3049027385e-01  1.7863313898e+00 -6.1313526501e-01  2.8475733257e+00 -6.1174540808e-01 -1.2824889133e+00  1.7038726378e+00  1.5279227882e+00 -2.4613703995e-01  1.5336540556e+00  7.7099707219e-01 -1.3225258313e+00  3.5342436828e+00  3.6493250539e+00  8.7711555013e-01  1.0609202809e+00  3.1002607302e+00 -2.9263945203e+00  5.0307488462e+00  2.2037947277e+00 -1.7865288575e+00  5.5338680330e+00 -4.0575382031e-01 -1.6598301622e+00  2.9714273348e+00  4.1695002292e+00  1.6034489405e+00  2.2308345452e-02  9.1634675908e-01 -1.6876905110e+00  4.8563860407e+00  4.2091223571e+00  6.7998025276e-01  2.1219386130e+00  2.3949949769e+00  4.4886264781e-01  6.9827660045e-01  9.7678374675e-02 -2.9753770061e-01 -9.5694035009e-02  2.7218302499e+00 -3.6261099848e-01  3.3194687464e+00 -1.5726793459e+00 -1.5653694906e+00  1.2762885941e+00  2.6075936623e+00 -3.8953665668e+00  5.1651485274e+00  3.3294825903e+00 -2.8069939378e+00  3.9679038215e+00  4.0462471376e+00 -2.9426224739e+00  5.5833812040e+00  2.7241841668e+00 -8.2772964622e-01  5.4452644406e+00  1.9934860769e+00 -1.9172621730e+00  6.5998720803e+00  5.1621772250e+00  1.7860287694e+00  6.8789903731e-02  3.7400666007e+00  1.5293294994e+00 -8.9005011242e-01  1.9412035375e-01 -2.3347512341e+00  5.1513211536e+00
ENERGY -6.263218049805e+02
GRADIENT -4.5277776717e-05 -5.8199903188e-05 -7.0109531455e-05 -8.5455958928e-05 -2.0207054621e-04 -1.6722979883e-04  2.0056353330e-04  5.7070329899e-05  1.3873277196e-04 -3.0645622985e-05  5.0233112294e-04  1.2287044389e-04 -8.8292511261e-05 -1.3200890901e-05 -4.2791707838e-05 -9.9255630090e-05  3.2957523644e-04  2.0599031376e-04 -2.0204887716e-06  2.3739621200e-06  4.7229405892e-06  1.9628302393e-05  2.2997915068e-06 -1.8724145006e-05 -4.0882722623e-05 -4.6521082108e-05  9.2075974106e-05 -1.7553362798e-05 -7.7044719409e-06 -1.2916432178e-04 -3.7472626469e-05 -1.0785364515e-04  1.1953025246e-05  2.8178891070e-05 -2.5417789875e-05 -6.1948895076e-05  2.6319497571e-04 -4.4781331707e-04 -2.2617020256e-04  3.2648568842e-05 -6.6615409865e-07 -5.5207805539e-06  9.0675728938e-06  8.6167995861e-06 -1.9231189554e-05  8.8222127784e-06 -8.4482511000e-07  3.6667310229e-05 -3.1794717230e-06 -5.6929418748e-06 -1.4574682039e-05  3.0364330056e-06 -7.8490093605e-06 -7.5030880400e-06 -6.4680735420e-06 -8.8966400768e-06  6.1399925252e-06  1.2587477963e-05 -6.2571083415e-06 -2.5844077984e-05  7.9291641688e-06  2.0588109137e-05 -2.1019813054e-06 -1.5906571250e-05 -1.2022720428e-04  1.2443395799e-04 -5.4985757551e-05  3.3239317636e-05 -3.5840208201e-05 -1.3315996442e-05  7.2213886730e-07  3.5546821698e-06

JOB 12
COORDS  2.9447557557e-01 -5.6446992555e-01  9.3957283504e-01  1.7530763831e+00 -5.6084107839e-01  2.8739604722e+00 -6.1447371240e-01 -1.2917135004e+00  1.7027034424e+00  1.4999308595e+00 -2.0283966668e-01  1.5568804702e+00  7.5180492309e-01 -1.3008047559e+00  3.5476589971e+00  3.6743750653e+00  7.7680781136e-01  1.0394298949e+00  3.1135254460e+00 -2.8516760932e+00  5.0309618188e+00  2.1820841035e+00 -1.7484439783e+00  5.5518695550e+00 -4.1019551509e-01 -1.6664740270e+00  2.9711640957e+00  4.1743592065e+00  1.6342395329e+00  9.5347630453e-02  8.9557488434e-01 -1.6705934107e+00  4.8688304740e+00  4.3019636306e+00  3.2715112817e-01  1.9782267131e+00  2.3507691573e+00  5.4329858567e-01  7.4912540889e-01  8.9541653871e-02 -2.8666696567e-01 -8.8223188208e-02  2.6809356048e+00 -2.9615230464e-01  3.3538661298e+00 -1.5640053834e+00 -1.5972975595e+00  1.2653220252e+00  2.6473719239e+00 -3.8366377254e+00  5.1417817116e+00  3.3478103129e+00 -2.7027855824e+00  3.9731248935e+00  4.0555695112e+00 -2.8527588211e+00  5.5905051700e+00  2.6763952450e+00 -7.7388303421e-01  5.4870243324e+00  1.9686526364e+00 -1.9071232157e+00  6.6134274677e+00  5.1814411888e+00  1.7101724953e+00  6.2819993406e-02  3.6584568867e+00  1.7696249756e+00 -7.6365550333e-01  1.8869862317e-01 -2.3396239065e+00  5.1517145332e+00
ENERGY -6.263220282350e+02
GRADIENT  6.9526602984e-05 -2.5607537101e-05 -5.1410280240e-06  2.9152715137e-04 -2.7140638254e-04 -5.6748122419e-06 -1.4252866803e-04 -4.4120143776e-05 -1.0834024650e-04 -4.3741735256e-04  5.9633651054e-04  3.4564384656e-04  6.0325386309e-05  6.4374643686e-05  2.8320982209e-05  2.5179115689e-04  3.9303023036e-04  2.2065547080e-04 -2.0890916012e-06 -7.7685111867e-06 -5.3161845289e-06 -1.1203701183e-05  2.8552800478e-05  4.2808511531e-07  3.1007349261e-05  4.0823624006e-05 -5.0174349325e-05 -3.0189614244e-04  3.1132613452e-06 -2.8259914977e-04  4.0057933245e-05 -7.1272176494e-05 -4.5399759226e-05 -5.4617244097e-05 -1.1786889494e-04  7.2275904608e-05  2.8975475327e-04 -5.6914727218e-04 -3.4474678887e-04 -2.1906757819e-05 -1.8072568416e-05 -4.6777310493e-06  4.5371226974e-07 -3.4443608014e-05  3.7497811159e-06 -7.5607147793e-06  5.5172743049e-06 -2.7852207338e-05  1.9461997200e-06 -7.8796358162e-06  9.5304121176e-06 -9.4902853646e-06 -3.3655995329e-06 -6.3149272513e-06  5.6824892172e-06 -1.6343161528e-06 -1.1631852212e-05  8.5653814915e-06 -1.9284471711e-05  5.2653129978e-07 -4.6416253928e-06 -4.7392125127e-06  1.4429381866e-07 -3.2288773561e-05 -1.2271551857e-04  1.7012478181e-04 -1.8486529575e-06  4.7834099976e-05 -1.2690530290e-05 -3.1504738324e-08  1.3119663099e-05 -3.1586364497e-06

JOB 13
COORDS  2.9588646199e-01 -5.7841395646e-01  9.2228709371e-01  1.7305550122e+00 -5.3251413833e-01  2.8728163439e+00 -5.9778222096e-01 -1.3354380623e+00  1.6765400002e+00  1.4812149962e+00 -1.8290617764e-01  1.5537681262e+00  7.5253085868e-01 -1.3110088390e+00  3.5346993889e+00  3.6866514108e+00  6.4257636079e-01  9.7900925883e-01  3.1550589348e+00 -2.8009324428e+00  4.9906182427e+00  2.1873416993e+00 -1.7420490541e+00  5.5369309571e+00 -3.9198235931e-01 -1.7097117144e+00  2.9443922375e+00  4.2186247726e+00  1.6038525650e+00  1.6104494442e-01  8.9885358566e-01 -1.6878929477e+00  4.8539920175e+00  4.3177441862e+00 -4.6818749863e-02  1.7549452987e+00  2.3235877690e+00  6.1294734367e-01  7.8462549665e-01  9.2613854446e-02 -3.0462321660e-01 -1.0693826308e-01  2.6462074275e+00 -2.3975962100e-01  3.3624218106e+00 -1.5341616845e+00 -1.6681703621e+00  1.2307417476e+00  2.7181715889e+00 -3.8021892129e+00  5.0704720628e+00  3.3926803579e+00 -2.6148147005e+00  3.9395175766e+00  4.0926633531e+00 -2.7896792875e+00  5.5575135188e+00  2.6499900588e+00 -7.5045148412e-01  5.4978243958e+00  1.9773170578e+00 -1.9333796344e+00  6.5937343203e+00  5.2211833763e+00  1.5694614629e+00  3.8995005504e-02  3.6592576956e+00  1.9531065856e+00 -6.0561697749e-01  2.1402124548e-01 -2.3852184265e+00  5.1227182319e+00
ENERGY -6.263222866544e+02
GRADIENT -1.6077234862e-06 -2.0707826839e-05 -9.9411310915e-06  1.8013124065e-04 -2.8920001657e-04 -1.5771146306e-04  7.8340019458e-06 -3.0571148530e-06  1.1315289576e-05 -2.8790332222e-04  5.9917214086e-04  2.6002088224e-04  2.6532229650e-05  2.9179820518e-05  2.3961795244e-05 -9.1104476087e-05  2.4457423644e-04  2.9412160765e-04 -4.1810406875e-06 -9.9794107208e-06  3.3388106137e-06 -9.4646924343e-06  1.6518068045e-05 -1.8161760498e-05 -5.8239922512e-06 -1.9303196072e-06  3.6048584641e-06  6.7668798726e-05 -3.9878271758e-05 -2.3169682892e-05 -2.1910629851e-05 -5.4995303592e-05  2.4165817912e-06  3.5726156959e-05  6.6705831136e-05 -6.9660565022e-05  5.7206072146e-05 -5.6800588896e-04 -3.9041949426e-04  2.4435414294e-06 -4.8355087354e-06 -2.3884449171e-07  3.2617275017e-05 -2.3599979034e-06 -1.3984868845e-06 -8.9002758045e-07 -6.4485874124e-06  4.1573024786e-07  9.7849284790e-07 -6.2799057443e-06  2.1108612600e-06 -7.4966166437e-06 -7.1067319208e-06 -5.8632210485e-06  8.1465264599e-07 -4.6542735116e-06 -4.8192291890e-06  4.6501894225e-06 -9.1305514871e-06 -6.9041519243e-06 -7.7905349470e-06  3.9947051834e-06 -1.1938140589e-06 -4.0412105527e-07 -3.9629201121e-05  4.7778445273e-05 -8.3366962468e-06 -7.4108074943e-07  2.3333949765e-05 -3.9181377280e-07 -1.2733714903e-05 -6.2487450151e-06

JOB 14
COORDS  2.9649433820e-01 -5.8775173442e-01  9.1886943580e-01  1.6891955221e+00 -5.0624469666e-01  2.8980439737e+00 -5.8001643671e-01 -1.3887841047e+00  1.6500450286e+00  1.4507026027e+00 -1.5540238828e-01  1.5786255808e+00  7.3876832489e-01 -1.3374688267e+00  3.5325096386e+00  3.6592946268e+00  5.3089069209e-01  9.2726110350e-01  3.1762838591e+00 -2.7714241045e+00  4.9547008672e+00  2.1701681752e+00 -1.7670184085e+00  5.5337553765e+00 -3.7868042648e-01 -1.7719490205e+00  2.9154416253e+00  4.2513707428e+00  1.5374455770e+00  2.1112140844e-01  8.8186658591e-01 -1.7328797661e+00  4.8473296685e+00  4.2440892355e+00 -3.4326609185e-01  1.5339013029e+00  2.2913834009e+00  6.9456947744e-01  8.6497497560e-01  1.0134211576e-01 -3.1086125033e-01 -1.1113514999e-01  2.5839898651e+00 -1.7616398111e-01  3.4057857015e+00 -1.4956461080e+00 -1.7522106284e+00  1.1855728552e+00  2.7733949555e+00 -3.7891543451e+00  4.9958529410e+00  3.4135404411e+00 -2.5400648244e+00  3.9125033818e+00  4.1096462623e+00 -2.7493207887e+00  5.5283311217e+00  2.5976790708e+00 -7.5881682526e-01  5.5324494523e+00  1.9628943440e+00 -2.0025523024e+00  6.5820843775e+00  5.2272362616e+00  1.3995079665e+00 -1.2412709094e-02  3.6863754503e+00  2.0598082537e+00 -4.4526321761e-01  2.2422587887e-01 -2.4655864320e+00  5.0890969817e+00
ENERGY -6.263223854147e+02
GRADIENT -1.2720588812e-05  1.0580353234e-05 -6.0891901566e-05  7.5522238946e-05  1.3243545083e-04  1.5631632439e-04  6.0859043950e-05  3.0384926252e-06  7.9425414028e-05  3.3474022489e-05 -2.3823513365e-04 -9.7885486788e-05 -4.9914789899e-05  2.7770285460e-05 -2.7354365075e-04 -6.0040332605e-05  3.0774587809e-05  1.2896121726e-04 -1.0701493456e-05 -1.2088693998e-06 -2.6361544168e-06  4.8151652096e-05 -3.2148847130e-05 -3.0231576409e-05 -4.2679339056e-05 -6.4008468091e-05  8.2719188793e-05  5.0744153836e-05 -4.4927190126e-05 -3.4096896233e-05 -8.0622397896e-05  9.3112863820e-05  1.3615619599e-05  3.2715535086e-05 -1.0251009549e-06 -1.1856410201e-04 -1.0998036664e-04  1.0296114938e-04  1.6413863414e-04 -8.4026864464e-06 -1.5638680448e-06 -9.6139197710e-06  3.0860520633e-05  1.0246292090e-05  1.3273378488e-05  2.9643853755e-06 -3.6265956679e-06  1.2578907577e-05  3.0812095352e-06 -4.2793144528e-06  4.9937812201e-07 -2.4504725307e-06 -1.8998737688e-06 -4.3224394988e-06  5.5899947011e-07  6.4472789473e-07 -4.2292968885e-06 -1.3253793058e-06 -2.3886904802e-06 -5.2140253291e-06 -9.9479752215e-06 -4.7811307121e-06 -5.0696214514e-06  2.1198962215e-07 -1.5293567526e-05 -9.4766353848e-06 -4.0808933203e-06 -1.1472954713e-05 -1.0358566770e-05  7.4685371559e-06 -3.4716598855e-05 -2.3593661704e-05

JOB 15
COORDS  3.2748546220e-01 -5.6307898380e-01  9.2732515508e-01  1.6644819296e+00 -4.6234571264e-01  2.9429305660e+00 -5.3629004906e-01 -1.4080999277e+00  1.6253768659e+00  1.4456092688e+00 -1.0106164137e-01  1.6242910159e+00  7.3679686010e-01 -1.3434629627e+00  3.5414533331e+00  3.6244396587e+00  4.7609419148e-01  8.5343252984e-01  3.1872373415e+00 -2.7418963930e+00  4.9601363246e+00  2.1476935835e+00 -1.7803552881e+00  5.5529238343e+00 -3.4909351598e-01 -1.8051009964e+00  2.8884394799e+00  4.2681995186e+00  1.4967989148e+00  2.0457899739e-01  8.6733150662e-01 -1.7629835556e+00  4.8502809468e+00  4.1452188526e+00 -5.3207396361e-01  1.2841932813e+00  2.2883501848e+00  7.9964172483e-01  9.7354674458e-01  1.4715192617e-01 -2.7681826731e-01 -1.0284524832e-01  2.5353865664e+00 -1.0067817854e-01  3.4734043037e+00 -1.4274247680e+00 -1.7968682458e+00  1.1345851007e+00  2.8113871441e+00 -3.7706690918e+00  4.9702875905e+00  3.4294354736e+00 -2.4786985332e+00  3.9265259691e+00  4.1131564838e+00 -2.7104322165e+00  5.5453444269e+00  2.5469779663e+00 -7.6107814146e-01  5.5836684307e+00  1.9340728192e+00 -2.0489985857e+00  6.5919230797e+00  5.1932385920e+00  1.2800759826e+00 -1.3989307297e-01  3.7129689441e+00  2.1571791553e+00 -3.2326507454e-01  2.3117746545e-01 -2.5238761093e+00  5.0608309711e+00
ENERGY -6.263220790834e+02
GRADIENT -4.6806662259e-05 -1.4823252417e-05 -3.7423834102e-05 -4.8184169151e-04  7.4724581624e-04  2.4456110020e-04  3.6443912581e-05  5.0171591472e-05 -5.5781136312e-05  7.6921477968e-04 -1.3120033616e-03 -7.7841508349e-04 -8.5976695180e-05 -3.6944104030e-05 -2.6250311428e-05 -1.3538108063e-04 -4.2056773494e-04 -7.9302574644e-04 -2.3453343960e-05 -2.2179789771e-05 -5.4485497074e-06  7.4045633541e-05 -1.0579384399e-05  4.8047541570e-05  3.5368249209e-05 -2.4207393561e-06  5.4137144823e-05  2.4671039953e-06 -7.3308624972e-06  2.8862311894e-05 -3.2628664924e-05  3.3920065917e-06 -1.6185037687e-05 -3.1165274126e-06 -2.8643222344e-06 -2.1627719707e-05 -8.5328363695e-05  9.8475018522e-04  1.3717423531e-03  1.4262508206e-06  7.7062150344e-06 -3.3323987566e-06 -7.6515849034e-06  5.2382446076e-06  5.6466914320e-06  1.6466535217e-06  4.4569161724e-06  7.4274029206e-06 -3.0653468373e-06  2.8489402862e-06 -1.7409923736e-05  1.6069720039e-05  8.1083284519e-06  2.4559683225e-06  4.1378401732e-06 -6.4534586751e-06 -2.2549149658e-06 -8.3732996072e-06 -3.1898658747e-06 -1.6702357305e-05  5.5540523560e-07 -1.0339943343e-05 -1.0592908985e-05  7.7156992839e-06  5.8142446905e-06 -1.5691742281e-05  9.2441560312e-06 -1.8894786445e-05 -2.7978123974e-05  8.4459169352e-06  6.4468509063e-06  8.9858487194e-06

JOB 16
COORDS  3.8311113554e-01 -5.3400352817e-01  9.4245364288e-01  1.6680704323e+00 -4.3790994865e-01  2.9911766227e+00 -4.7569869518e-01 -1.4128451373e+00  1.6049890572e+00  1.4703273593e+00 -5.7662973037e-02  1.6752404632e+00  7.4756217770e-01 -1.3490626556e+00  3.5552190737e+00  3.5814815832e+00  4.4712965664e-01  7.2780175600e-01  3.1797845449e+00 -2.7325960385e+00  5.0272552355e+00  2.1126900913e+00 -1.7876318529e+00  5.5972334968e+00 -3.1008453491e-01 -1.8241754936e+00  2.8663122029e+00  4.2701295277e+00  1.4938679622e+00  1.7218012498e-01  8.5171692213e-01 -1.7848481967e+00  4.8610192394e+00  4.0144180830e+00 -6.7044355716e-01  9.1795607101e-01  2.3205262102e+00  8.7945974074e-01  1.0831707714e+00  2.2069574969e-01 -2.3574327340e-01 -8.7310823559e-02  2.5175326001e+00 -5.8100851129e-02  3.5453164469e+00 -1.3440837138e+00 -1.8164463555e+00  1.0861879323e+00  2.8200170473e+00 -3.7670943477e+00  5.0293394362e+00  3.4380488400e+00 -2.4670423461e+00  3.9980197926e+00  4.0928826334e+00 -2.6872290857e+00  5.6313634553e+00  2.4964306565e+00 -7.6299441309e-01  5.6427047344e+00  1.8766378474e+00 -2.0639622614e+00  6.6293512556e+00  5.1134080293e+00  1.2455375312e+00 -3.2626810639e-01  3.7448499004e+00  2.2909165345e+00 -1.6216330709e-01  2.2550204742e-01 -2.5611553484e+00  5.0435782293e+00
ENERGY -6.263214958452e+02
GRADIENT  9.5045995400e-06 -2.6001181512e-06  6.7625250939e-05 -7.5245726894e-04  7.7400722167e-04  2.2849511766e-04 -1.0626494026e-04 -1.1538119899e-05 -1.2384602997e-04  8.7161901196e-04 -1.2993527588e-03 -9.1186050462e-04  4.8613448873e-05 -6.7237704000e-05  2.1643885441e-04 -3.4367135577e-04 -2.7803509093e-04 -1.1089448268e-03  1.2347823738e-05  6.5269658897e-06 -1.0419422564e-05 -1.5479640047e-05 -8.2856435302e-06  1.9002463310e-05  6.7694377326e-05  7.2919901189e-05 -8.4441628142e-05 -6.3186539405e-05  2.2325241990e-05  1.2223296535e-05  4.9981613032e-05 -2.8000459289e-05  3.2782940915e-05 -4.2065158153e-05 -5.1914566899e-05  8.8519189139e-05  2.6666325625e-04  8.0409108689e-04  1.5088878561e-03 -5.9148904121e-06 -6.0720340385e-06  9.0487619455e-06 -3.4822508759e-05 -1.2139075084e-05 -1.2381628012e-05 -9.7255766634e-06  2.6097892783e-06 -2.0822575714e-05 -1.0043836646e-05  1.5174826765e-06 -2.2142492248e-05  1.6445851382e-05  4.8120940771e-06  5.3217496405e-06 -6.4997049081e-06 -1.6578402809e-05  7.0780645350e-06 -9.9017392191e-06  3.3846094250e-06 -2.1219746729e-06  2.4635746237e-05 -4.9699187109e-06  2.2067602247e-06  4.5600526176e-06  2.3723089584e-05  6.1593522309e-06  4.7769710839e-06  8.2024295430e-06  9.3675770129e-06 -1.1402600760e-05  2.6160638051e-05  2.7480080163e-05

JOB 17
COORDS  4.4485831783e-01 -4.9077698524e-01  9.4837322318e-01  1.6876133147e+00 -4.3464742427e-01  3.0253040517e+00 -4.2010141748e-01 -1.3908994844e+00  1.5727022010e+00  1.5117908168e+00 -2.4023090603e-02  1.7155135317e+00  7.5447489622e-01 -1.3554397570e+00  3.5534410602e+00  3.5178684170e+00  4.4597511414e-01  5.6061305073e-01  3.1448841575e+00 -2.7446635178e+00  5.1180392647e+00  2.0529252802e+00 -1.8000738943e+00  5.6392978347e+00 -2.8271745313e-01 -1.8238402070e+00  2.8302867324e+00  4.2684791093e+00  1.5029440039e+00  1.1430731739e-01  8.2213898118e-01 -1.8084236247e+00  4.8554461165e+00  3.8125070690e+00 -7.2730147206e-01  4.6826005409e-01  2.3839562018e+00  9.2855874076e-01  1.1799446292e+00  3.0427416616e-01 -1.7551878734e-01 -7.9495942915e-02  2.5235198409e+00 -5.8615248215e-02  3.6030538487e+00 -1.2715130204e+00 -1.7928827651e+00  1.0253908662e+00  2.7939757814e+00 -3.7820872127e+00  5.1242475005e+00  3.4314478120e+00 -2.4927489710e+00  4.0928021297e+00  4.0388830205e+00 -2.6825811442e+00  5.7486689255e+00  2.4300549958e+00 -7.7338489873e-01  5.6910312260e+00  1.7796435398e+00 -2.0695374533e+00  6.6640740459e+00  4.9963872510e+00  1.2705726252e+00 -5.4705635092e-01  3.8196927000e+00  2.4044524335e+00  2.0071620109e-02  1.9583204555e-01 -2.5906324811e+00  5.0102537628e+00
ENERGY -6.263210344096e+02
GRADIENT -1.1525520208e-05  2.3311128472e-05 -1.1562329508e-04 -1.5289575940e-04  4.1574613699e-04  2.4357683299e-04  5.4977491351e-05  1.1184484027e-05  3.6146042256e-05  2.0884935915e-04 -6.0711180939e-04 -3.4503161316e-04 -5.0871745868e-06  5.8895730708e-05 -9.7643329988e-05 -2.6106512589e-04 -1.3136792940e-05 -4.2141820912e-04  2.3442960884e-06 -3.0764664871e-06  7.2737427624e-06 -1.1744816784e-05  1.5364940453e-05  2.7447503530e-06 -2.6698821505e-05 -2.6701959976e-05  2.8355381605e-05  1.3373444793e-05 -3.2617856048e-05 -3.2558234549e-05  1.3643328596e-05 -2.3970276317e-05 -2.4661874089e-05  8.9452138104e-05  5.3498076591e-05 -3.4090376867e-05  1.0497971937e-04  1.7028427447e-04  7.3773476452e-04  2.8203618004e-07 -7.2790434300e-06 -1.3031245662e-05  2.1380961426e-05 -2.3129939521e-06  1.8032628237e-05  1.3590213165e-05 -2.1923334435e-06 -3.4233944563e-06  8.4095082589e-06  1.6758957230e-06  2.9200716932e-06  3.4009032656e-06  5.8988338257e-06  1.7544753354e-06  5.7662974809e-06  3.0641002043e-06  3.0458556235e-06  5.8588320631e-06 -2.3335712832e-06 -1.1554746609e-05  2.3183132827e-06  1.2961836267e-05  4.8129495142e-06 -3.6458464532e-06 -3.6278601971e-05  1.7709014725e-05  5.3028031239e-06 -2.0259771688e-06  3.0137625724e-05  1.2945410314e-05 -8.2058165341e-06 -1.6052061211e-05

JOB 18
COORDS  5.5323853002e-01 -4.8919018980e-01  9.5116845251e-01  1.7494574316e+00 -4.4731068280e-01  3.0548397114e+00 -3.2702089771e-01 -1.3903066263e+00  1.5508857468e+00  1.6038410183e+00 -2.7036039229e-02  1.7440043684e+00  7.9693918614e-01 -1.3613717624e+00  3.5605644441e+00  3.4792784806e+00  4.8069556013e-01  3.9286279342e-01  3.1313529799e+00 -2.7643546490e+00  5.2086218415e+00  2.0323565671e+00 -1.8047724463e+00  5.6858926739e+00 -2.2287574726e-01 -1.8254785919e+00  2.8113845564e+00  4.2702988855e+00  1.5394872953e+00  2.9168495537e-02  8.2635833165e-01 -1.8114558354e+00  4.8653001966e+00  3.6329382625e+00 -6.7339666116e-01  5.2649507805e-02  2.4980072652e+00  9.2813048839e-01  1.2532775968e+00  4.3804970958e-01 -1.7566861323e-01 -8.0103972580e-02  2.5726230638e+00 -7.3913120273e-02  3.6524234011e+00 -1.1644966243e+00 -1.7902895650e+00  9.8110699583e-01  2.7715119743e+00 -3.7986812139e+00  5.2153209524e+00  3.4500008899e+00 -2.5262786999e+00  4.1895321240e+00  4.0068947788e+00 -2.7027797192e+00  5.8646784360e+00  2.4167146341e+00 -7.8083177911e-01  5.7379432115e+00  1.7263662164e+00 -2.0608581461e+00  6.7048782758e+00  4.8769753970e+00  1.3778917211e+00 -7.6262428552e-01  3.9141160117e+00  2.4761118366e+00  1.6587971187e-01  1.9157756830e-01 -2.5897250801e+00  5.0048119076e+00
ENERGY -6.263208970015e+02
GRADIENT  5.1513979158e-05 -5.9949784357e-05  2.9883812679e-04 -2.8515427569e-05 -5.8131394410e-05  5.0235850595e-05 -2.1476566700e-04 -1.2139119691e-04 -8.7630542454e-05  1.0839420715e-04  1.0167491665e-04 -8.5277677726e-05  5.2377552153e-05  8.0016046609e-05 -5.2096430457e-05  3.1824822478e-05 -2.7682465379e-05  1.7967764343e-04  9.1051547333e-07 -5.0391797091e-06  3.6377553659e-06 -1.2406511186e-05  1.6479525762e-05 -1.2582510399e-06  9.3830971612e-07  1.6858357252e-05 -1.9107949111e-05 -1.4120195980e-05 -3.8433963144e-05 -1.2976271736e-04 -2.4774466995e-05 -2.8920163894e-05 -5.1440716597e-05  1.2886050625e-04  1.0255519877e-04 -1.4240453899e-04 -1.0403323275e-04  9.8732692076e-05 -9.1829644053e-06 -4.0885517577e-06 -1.4100488515e-05  3.3459507076e-05  9.1944514912e-06  1.1787320364e-05 -1.8707084989e-05 -2.0105653555e-05 -2.0999003720e-05 -3.7537382861e-06  1.9754548192e-06 -1.4205065518e-06 -3.6545142820e-07  1.9409132150e-07 -3.4492918535e-07  8.5981096867e-07  9.2376045251e-07 -2.3157486403e-06  2.3957423952e-06  4.1476146372e-06 -1.3305114873e-06 -1.5646099890e-05  3.5596717289e-06  1.0307931801e-05  5.5075478266e-06 -2.4594346963e-05 -8.9325684556e-05  1.0546563944e-05  1.0870089133e-05 -2.1993168600e-05  4.5464915758e-05  1.0328003344e-05 -1.3500377846e-05 -8.7625555112e-06

JOB 19
COORDS  6.2879445383e-01 -5.2505524035e-01  9.5448143391e-01  1.7911666812e+00 -4.8505409474e-01  3.0779345356e+00 -2.7260132459e-01 -1.4076345906e+00  1.5493783279e+00  1.6737932858e+00 -7.1003853297e-02  1.7610643840e+00  8.1425630767e-01 -1.3755595269e+00  3.5782967261e+00  3.4048073220e+00  5.2138428658e-01  2.3960331269e-01  3.0900591078e+00 -2.7984218895e+00  5.2947187012e+00  1.9998265064e+00 -1.8113283725e+00  5.7345869540e+00 -1.9875978080e-01 -1.8321583085e+00  2.8161063816e+00  4.2465015471e+00  1.5674535219e+00 -3.5651188959e-02  8.1087352782e-01 -1.8077869666e+00  4.8900193190e+00  3.3951758984e+00 -5.5196962708e-01 -3.2486377646e-01  2.5969364820e+00  8.6959729966e-01  1.3031680710e+00  5.3508097487e-01 -2.2740335921e-01 -8.2886364078e-02  2.6093612352e+00 -1.1740167461e-01  3.6858416377e+00 -1.1051515087e+00 -1.8014263437e+00  9.6822973813e-01  2.7104128381e+00 -3.8255688878e+00  5.3084885906e+00  3.4341295011e+00 -2.5811959058e+00  4.2792227518e+00  3.9529224238e+00 -2.7437545981e+00  5.9679774007e+00  2.4025423480e+00 -7.9409965940e-01  5.7797322557e+00  1.6686980363e+00 -2.0466157917e+00  6.7507565035e+00  4.7280992746e+00  1.5181056552e+00 -9.2262623795e-01  4.0105241234e+00  2.4834562948e+00  3.2220914946e-01  1.5940403004e-01 -2.5725347812e+00  5.0274394420e+00
ENERGY -6.263210617725e+02
GRADIENT -2.0818866619e-05 -2.3249879845e-05  4.7815194649e-05  1.1119199668e-04 -3.0654142643e-04 -2.1615524379e-04 -8.8508148629e-06  1.3901176410e-05 -3.2811897781e-05 -1.3347120458e-04  3.8671167471e-04  2.5886151403e-04 -5.6054230868e-06 -6.9978549994e-05  1.1105945108e-04  1.5987289826e-04 -1.2890253361e-04  1.8609602054e-04 -1.9353504253e-06  3.3245580742e-07  1.4525470127e-07  2.9129143556e-06 -1.4985415206e-05  4.5708319974e-06  2.9461288500e-05  2.5687331245e-05 -1.5074412250e-05  5.7440469126e-05  4.1649943147e-06  3.3171061364e-05 -5.0994487739e-06  1.2032040252e-05  4.5414977210e-05  7.5648243717e-05  3.4175250523e-05 -1.0095204483e-05 -2.5682107410e-04  1.0491664191e-04 -3.8005239285e-04  2.1202296504e-06  2.7479069720e-06  9.4554047541e-06 -2.1410106918e-05 -7.9729755352e-06 -8.8269073079e-06 -7.1930714833e-06 -2.8892577380e-06  3.6282129951e-06 -4.7896275213e-06 -1.5845863996e-06  5.8415239472e-07 -2.5431112652e-06 -3.7757953334e-06  4.0831936999e-06 -4.0344786261e-06 -3.2563198593e-06  2.0899101060e-06 -6.7946242937e-06 -5.9944542130e-07  1.0852956029e-05 -6.3928896867e-07 -8.6301478088e-06  1.2561137093e-06 -4.1904122044e-05 -5.8130376938e-05 -4.9066504992e-06 -1.4849822118e-05 -5.1678788476e-07 -1.4786796780e-06 -6.9678144149e-06  2.0244693310e-06  1.2972139785e-05

JOB 20
COORDS  7.0814185147e-01 -5.7686698158e-01  9.3806022492e-01  1.8446269093e+00 -5.2767329593e-01  3.0767287741e+00 -2.2124247949e-01 -1.4235243207e+00  1.5426896576e+00  1.7577497781e+00 -1.3640949548e-01  1.7486509553e+00  8.3996041368e-01 -1.3815459582e+00  3.5828428116e+00  3.3535722038e+00  5.7724574002e-01  1.0743512853e-01  3.0566062471e+00 -2.8247771161e+00  5.3610990769e+00  1.9855226986e+00 -1.8016325216e+00  5.7643672787e+00 -1.7533723730e-01 -1.8275551513e+00  2.8172613263e+00  4.2381870387e+00  1.6047597225e+00 -9.0431951839e-02  8.0875361830e-01 -1.7861656357e+00  4.9034482543e+00  3.1875886197e+00 -3.7124391797e-01 -6.3011030007e-01  2.7179701577e+00  7.7532665552e-01  1.3163609986e+00  6.2974109327e-01 -3.0267653317e-01 -1.0567696441e-01  2.6635939030e+00 -1.6774755322e-01  3.6882062969e+00 -1.0573864369e+00 -1.8049411849e+00  9.5841519285e-01  2.6511458131e+00 -3.8416666056e+00  5.3909239371e+00  3.4197755326e+00 -2.6375699413e+00  4.3462617252e+00  3.9113878185e+00 -2.7772347749e+00  6.0451569295e+00  2.4134934014e+00 -7.9415402705e-01  5.7937468101e+00  1.6350211855e+00 -2.0067377908e+00  6.7805998849e+00  4.6073746013e+00  1.6898742816e+00 -1.0271463632e+00  4.1284782429e+00  2.4502390660e+00  4.5346876847e-01  1.3621630884e-01 -2.5311829695e+00  5.0474029195e+00
ENERGY -6.263212142901e+02
GRADIENT -1.5436012284e-04  8.8175432543e-05 -3.6033448382e-04 -3.2924015810e-05  4.7751195424e-05 -1.7387597047e-04  2.9833246909e-04  1.8535123054e-04  1.1306846569e-04 -5.7862757862e-05 -2.1873763497e-04  1.2173825606e-04 -1.0319582034e-04 -1.0833545856e-04  1.6995750794e-04  2.9124997813e-04 -5.3891378524e-05 -3.8046331485e-04  2.6578311699e-06 -6.7158653255e-07  2.2039035172e-06 -1.5990395881e-05 -1.0955380058e-05  1.7060868096e-05  1.7166505791e-05 -2.3625901553e-05  2.1320222924e-05 -2.1842695020e-05  2.3958226010e-04  4.6762095515e-04  3.8923132162e-05 -1.0401010022e-05  1.0675200674e-04 -2.7858968291e-04 -2.3729930516e-04  1.3894755731e-04  3.9261945670e-05  1.2373960148e-04 -2.4745557572e-04  5.6397897374e-06  2.3915021886e-05 -1.7077315778e-05 -3.1874389365e-05 -1.9531181206e-05  1.6081449740e-05  2.1911219657e-05  1.7983820211e-05  2.0550593119e-05 -1.4012160505e-06  8.8198401948e-07 -1.7527248431e-06 -2.5223549030e-06 -5.9003406669e-07  5.1494250917e-07  1.8639966018e-06 -1.7138353336e-06 -3.4115723496e-06 -1.7631765001e-06 -4.1734401917e-06  1.0580933112e-05  2.3830952136e-06 -2.0598204735e-06  1.8147070401e-06 -1.1983383361e-04 -7.3527088213e-05 -2.2407213448e-06  2.6902265568e-05  7.8443052629e-05  9.0752534945e-06  1.1920563148e-06  7.7347838404e-06  4.4792784164e-06

JOB 21
COORDS  2.7342972473e-02  1.8597997104e-01  1.3935094013e+00  1.6048961708e+00 -2.8647013299e-01  3.1692063072e+00 -7.1585531005e-01 -8.9186383483e-01  1.8806321600e+00  1.2144636016e+00  4.7437408577e-01  2.0728065500e+00  7.7605210957e-01 -1.3575772405e+00  3.5627307677e+00  2.1953592706e+00  2.0268506497e+00  5.0237030608e-01  2.1403711232e+00 -2.9106899016e+00  6.7101991770e+00  2.0945448237e+00 -1.8421709512e+00  5.6206769798e+00 -3.7724495449e-01 -1.6501790320e+00  2.9276584490e+00  2.9264341239e+00  3.1850971962e+00  5.5103345475e-01  1.1057382972e+00 -2.1908311347e+00  4.6107327797e+00  1.7482642221e+00  1.5146591201e+00 -5.0234748797e-01  2.0377793613e+00  1.5592324715e+00  1.7900668185e+00 -2.9862069309e-01  7.4840415122e-01  5.3040921510e-01  2.5234292987e+00 -4.4381519354e-02  3.6903843947e+00 -1.6520472914e+00 -1.1562275193e+00  1.3907731752e+00  1.1759785534e+00 -2.9910974154e+00  7.2248040553e+00  2.3861596737e+00 -3.8890493311e+00  6.2854047850e+00  2.8978209943e+00 -2.6598763446e+00  7.4584250114e+00  3.0802281263e+00 -1.7680162670e+00  5.1451808800e+00  1.8778135569e+00 -8.5831314518e-01  6.0668167526e+00  3.3098453875e+00  3.4983635613e+00 -3.2998281780e-01  3.4457401790e+00  3.3950951989e+00  1.3929569087e+00  3.2334777432e-01 -2.7606881668e+00  4.9119969765e+00
ENERGY -6.263211568534e+02
GRADIENT  4.8624665961e-05 -1.2316879685e-04  2.1905193283e-04 -3.3212193754e-04  1.8265953209e-04  1.3707558035e-04 -2.0005111105e-04 -2.4849528353e-05 -1.3452133897e-04  2.6432370684e-04 -9.1042311327e-05 -3.5954524832e-04  1.4974454261e-05 -4.1715303760e-05  7.9389596297e-05 -1.4422120259e-04  2.6842207547e-04 -1.7293496812e-05  1.0744946308e-07  2.7229372202e-06 -4.3070458360e-06 -7.8910555954e-06 -6.6376734263e-06  1.8799099676e-05  5.7725908406e-05  7.3933638362e-05 -3.8392878547e-05 -2.0103908306e-05 -1.3988657075e-05  1.1057460584e-04  4.1708944238e-05  5.7014147869e-07 -1.8714397443e-05 -1.2455911381e-04 -1.2758705875e-04  1.4694379883e-05  3.8845974047e-04 -6.8143899120e-05 -1.0425017222e-04  9.3373599862e-06 -1.2274575254e-05  2.7361625121e-05 -1.4890978160e-05  7.2951054887e-06 -2.1436413063e-05 -1.9299399987e-05  2.0644631494e-06 -1.2331881910e-05 -7.4933242609e-07  9.0232322975e-07 -7.4795483194e-06 -2.0280883851e-06  8.2427491040e-07 -8.7693299568e-06 -3.1165770966e-07 -2.5843981886e-06 -6.8217630227e-06 -2.3913459814e-07 -1.6767215334e-06 -4.6155013705e-06 -1.2181760356e-06  1.2243118925e-06 -8.0428029692e-06  2.6856851194e-05  6.3551793269e-05  3.1651774600e-05  2.1965999507e-05  1.6448013150e-05 -2.8546477679e-06 -3.3604784566e-06  7.8483264323e-06 -7.4478473620e-07

JOB 22
COORDS  6.0666528771e-02  1.4261967333e-01  1.3367877071e+00  1.6262718312e+00 -3.1764242074e-01  3.1277524279e+00 -6.9492748156e-01 -9.1766525650e-01  1.8463734633e+00  1.2500993439e+00  4.2993608736e-01  2.0144523819e+00  7.8535461259e-01 -1.3705866443e+00  3.5388193493e+00  2.1187658476e+00  2.1452682542e+00  5.1888746545e-01  2.1161460352e+00 -2.8763121877e+00  6.7232905556e+00  2.0902115626e+00 -1.8311809768e+00  5.6106177695e+00 -3.7075298988e-01 -1.6617720248e+00  2.9067426593e+00  2.9936165361e+00  3.1962582112e+00  6.1544999633e-01  1.1019887342e+00 -2.1885140909e+00  4.6030853836e+00  1.4478435758e+00  1.8803040068e+00 -4.5730763009e-01  2.1201903763e+00  1.4735612764e+00  1.7207717413e+00 -2.5936667132e-01  6.9227511414e-01  4.6504671142e-01  2.5462438285e+00 -7.7372207444e-02  3.6472053137e+00 -1.6333321795e+00 -1.1782427800e+00  1.3585413322e+00  1.1482792913e+00 -2.9323192918e+00  7.2345995291e+00  2.3504468515e+00 -3.8669960966e+00  6.3211355146e+00  2.8733579354e+00 -2.6197091697e+00  7.4698025868e+00  3.0792394067e+00 -1.7803547748e+00  5.1389334111e+00  1.8843645777e+00 -8.3507471294e-01  6.0341501114e+00  3.2566802708e+00  3.6269718818e+00 -2.6010357676e-01  3.6722148484e+00  3.1961661026e+00  1.3650432400e+00  3.1042964298e-01 -2.7406260613e+00  4.9133905377e+00
ENERGY -6.263209309931e+02
GRADIENT -8.2708348385e-05  4.7907254320e-05 -8.4373946875e-05 -2.0650281802e-04  2.8495293676e-04  2.5242513418e-04  1.6888162282e-04  3.7071373195e-05  8.9134867534e-05  1.2559105722e-04 -2.5487610098e-04 -2.5523264998e-04 -1.1115845079e-04  1.0821794072e-05 -5.0350233900e-05 -2.6938129745e-05  3.2226964791e-05  7.5600642381e-05 -6.6079477673e-06  1.5589733891e-06  2.0295795131e-06 -1.4140054391e-05 -1.0284692312e-06  2.0404750168e-05 -1.6636614418e-05 -5.4998503796e-05  3.3946466389e-05 -6.8396187792e-05  3.5722150679e-05 -5.0180312590e-05  3.2895963892e-05 -1.9216205678e-05 -3.3847371267e-05 -4.1220482336e-06  2.2916072259e-04  2.4334844788e-05  2.4795890781e-04 -3.2002961734e-04 -4.8908244317e-05 -1.1623326561e-06  1.0685907321e-06  8.6042777012e-06  1.6774026344e-06 -3.2388811887e-06  3.4305898013e-06  1.2780324630e-05  5.6762146678e-06  1.8239157609e-05 -1.8420160844e-06 -1.4532811145e-06 -3.1584863274e-06 -3.0166326852e-06 -3.2016234099e-06 -4.1114465125e-06 -7.2686340156e-07 -5.8718581174e-06 -2.9946583289e-06  4.2724135436e-07 -1.1105237065e-05  1.2810266344e-07  2.9161551843e-06  4.1781766537e-07 -7.8331560347e-06 -2.8371338554e-05  1.9760970084e-05  6.0755936445e-06 -1.9944766362e-05 -1.1728423200e-05 -1.2954543898e-05  1.7456437478e-06  6.2505873904e-06 -3.9031016994e-06

JOB 23
COORDS  8.6439242581e-02  8.6344593983e-02  1.3023551440e+00  1.6380955398e+00 -3.3674636133e-01  3.1148136745e+00 -6.6287374897e-01 -9.7593951364e-01  1.8186901877e+00  1.2651489420e+00  3.9632511915e-01  1.9896064475e+00  8.0343005005e-01 -1.3912735914e+00  3.5320936419e+00  2.0187982691e+00  2.2639772341e+00  6.0392065299e-01  2.1098920203e+00 -2.8343521082e+00  6.7551920863e+00  2.0871303924e+00 -1.8071719359e+00  5.6258609194e+00 -3.4343024785e-01 -1.7026802115e+00  2.8918779398e+00  3.0666094916e+00  3.1483013180e+00  6.2323291998e-01  1.1162390633e+00 -2.1912059297e+00  4.6111934494e+00  1.1115400457e+00  2.2750355464e+00 -2.0296710308e-01  2.1652465751e+00  1.4058525977e+00  1.6688928686e+00 -2.3703347572e-01  6.3105319294e-01  4.2954886738e-01  2.5528897783e+00 -8.3984861446e-02  3.6374039608e+00 -1.5930152423e+00 -1.2523904104e+00  1.3236644033e+00  1.1359262575e+00 -2.8933391985e+00  7.2544494399e+00  2.3606911626e+00 -3.8285457307e+00  6.3720865494e+00  2.8539824847e+00 -2.5572576740e+00  7.5075547672e+00  3.0817089012e+00 -1.7525125186e+00  5.1664479956e+00  1.8646654241e+00 -8.0694699744e-01  6.0307891125e+00  3.1978832450e+00  3.6876092265e+00 -2.2124469674e-01  3.8854618021e+00  2.9201390555e+00  1.1706929536e+00  3.2604611134e-01 -2.7458035661e+00  4.9206167142e+00
ENERGY -6.263207971390e+02
GRADIENT -1.7075753111e-05 -2.0369608263e-05 -4.8222769949e-05  3.7973047862e-05 -6.4243163151e-05 -7.0008959114e-05  3.5007789004e-05 -1.1000798003e-05  4.8139297508e-06 -9.3610679728e-05  1.2497047422e-04  9.2939132212e-05  4.1325303004e-05 -5.5898423157e-05 -5.0462802282e-06 -2.6436840203e-05 -3.1794022296e-05  8.3565793738e-05  1.9891738023e-06 -2.4467388887e-06 -1.1420271784e-06  9.2640983174e-07 -1.7901771522e-05 -9.5371184226e-06 -1.8765763102e-05  2.0996792193e-05  4.2679596333e-07 -1.2055057007e-05  1.1192750014e-05 -7.6308012103e-05 -7.9063748760e-06  1.8363025199e-05  2.9560610407e-05  6.9658485059e-05  1.5654168517e-05 -5.2576446730e-05 -2.4184802370e-05 -1.3445837002e-05  2.1260590931e-05  8.0550041157e-06 -1.2237742500e-05  5.3014125859e-06 -6.5717363967e-06 -2.0284890466e-06 -5.1165317014e-07  4.6288305342e-06 -2.4127771343e-06 -6.9528675521e-06 -3.5085929215e-06 -7.2202978881e-07 -1.5182776933e-06 -2.9327452315e-06 -8.0175114029e-07 -4.2365568234e-08 -4.2840122686e-06 -3.2239188143e-07  1.2199688282e-06 -2.4593961119e-06  2.1057249069e-06 -1.1808629161e-06 -3.4759427359e-06 -2.5561971661e-06  3.8221977566e-06  3.6630383025e-05  1.1257921490e-05 -6.5995557849e-07  2.8993523923e-06 -1.3170703671e-05 -1.1379561886e-05 -7.2147748255e-07  4.0781350347e-06 -3.4670568979e-06

