JOB 0
COORDS  1.4185184809e-01 -4.4313929693e-01  1.6617805551e+00  2.4536364776e+00 -1.1167373152e+00  1.5904090932e+00 -1.4021514067e-01 -1.6652630637e+00  2.2507866825e+00  1.4797935527e+00 -1.3620089391e-01  1.3166583485e+00  2.0251610193e+00 -2.3015840179e+00  2.1899656922e+00  3.0980358743e+00  2.7202507465e+00 -5.2351432984e-01  3.0792819526e+00  1.3270942957e+00  9.8702766095e-02  7.8704949244e-01 -2.6070264375e+00  2.5243606979e+00  1.7994384850e+00  1.0817158099e+00  7.5857017057e-01  3.3737020069e+00 -3.6389914865e+00  2.5636454013e+00 -6.5673504706e-01  2.7045896738e-01  1.4745720997e+00  3.4988546375e+00 -9.7178783432e-01  1.3515770718e+00 -1.1636752781e+00 -1.9170546033e+00  2.5222383912e+00  2.3182545010e+00  2.8243941824e+00 -1.2871102955e+00  2.9414316034e+00  3.4909121459e+00  2.3777073041e-01  4.0613075891e+00  2.9059360136e+00 -1.0066311922e+00  3.8799189112e+00  1.2493580410e+00  8.4285786414e-01  3.2758615082e+00  5.6439920633e-01 -6.7002819555e-01  1.0140504813e+00  1.5910382105e+00  3.7205879234e-01
ENERGY -2.955430556674e+03
GRADIENT -9.3722913819e-05 -2.0532314921e-04 -4.9206931766e-04 -8.4339837652e-06  1.5551003750e-05  5.6224705884e-06 -2.8360206370e-05  1.6426331978e-05  6.6850343825e-06  3.6273131561e-06  2.3028502945e-04  5.0646993667e-04 -1.5956035559e-05 -6.3731308386e-06  1.0725889830e-05  1.5973970686e-05 -7.2483628052e-06  1.8300206876e-05 -1.9403402486e-04 -1.5844376142e-04 -4.3967272895e-04 -1.4906688516e-05  1.8760984728e-06 -6.3537115433e-06  2.3532777437e-04  8.3361583950e-05  4.0429114170e-04 -2.2677165558e-05 -6.2572369648e-06  1.0357970515e-05 -4.3445990199e-06  5.5744501495e-06 -5.9390471576e-06 -1.1540256694e-05 -1.2475823990e-05  6.0048059822e-06 -1.8386443755e-05  9.1607626364e-06 -3.5333255648e-06 -1.0090032983e-05  2.4282918847e-06  1.7195373023e-05  3.5097380774e-05 -3.6429434232e-06  3.5250435333e-06 -2.9219959864e-06 -2.4687427690e-05 -2.1403935394e-05 -6.8518214554e-06 -9.3786746689e-06  1.4468069368e-05  2.7266129793e-05 -3.6251817383e-06  1.6973116842e-06 -7.0825209853e-07  9.1186601234e-06  1.9700694553e-05

JOB 1
COORDS  1.9600341952e-01 -4.5278410339e-01  1.6335006589e+00  2.5230612826e+00 -1.0680877611e+00  1.6778207408e+00 -8.9321241067e-02 -1.7076893534e+00  2.1509645059e+00  1.5434783324e+00 -9.6726639257e-02  1.3966176123e+00  2.0918339240e+00 -2.2906278367e+00  2.1927771091e+00  3.0555385690e+00  2.7305806679e+00 -5.6309566346e-01  3.0615228095e+00  1.3391562716e+00  6.2792216905e-02  8.4301288654e-01 -2.6390087735e+00  2.4363720833e+00  1.8710197709e+00  1.1523272678e+00  8.9895873842e-01  3.4475955794e+00 -3.6151738012e+00  2.5816353079e+00 -6.0913950240e-01  2.4646915672e-01  1.4213904462e+00  3.5766552191e+00 -8.8450394057e-01  1.5120547015e+00 -1.1208622923e+00 -1.9977447135e+00  2.3416707526e+00  2.1867995045e+00  2.8681624650e+00 -1.2178273946e+00  3.0321031560e+00  3.5060732415e+00  2.0885887513e-01  3.9536501163e+00  2.8765931278e+00 -1.1697403926e+00  3.9543431212e+00  1.2281599142e+00  6.8728215451e-01  3.1131410572e+00  5.6639702414e-01 -7.1869406948e-01  1.0642815920e+00  1.6586164471e+00  5.5022372398e-01
ENERGY -2.955429552576e+03
GRADIENT -4.4078542629e-04 -7.2807975509e-04 -2.7155211835e-03 -5.4992795615e-05 -2.4812770582e-05 -1.4625362387e-04  3.6530895784e-04 -5.9292750381e-06 -3.1707410805e-05 -4.5449888077e-04  1.1964122916e-03  3.0225928175e-03 -3.5655469096e-05 -9.2292083838e-06  7.9970677633e-05  1.4046561972e-05 -1.6201634845e-05 -1.1007774157e-05 -1.5133775793e-03 -5.3665347640e-04 -2.1791475536e-03 -1.0982517780e-04 -8.6894390277e-05  3.6905024790e-06  2.0394546556e-03  2.4376942203e-04  2.1501617074e-03 -4.0168561566e-05 -1.1456439965e-05  1.5866264326e-05 -2.8929021655e-05  2.3079724405e-05 -1.2313443504e-05 -2.0996933868e-05 -3.2372112125e-05 -1.4822927120e-05  3.4415407078e-06  2.1000939561e-05 -9.1014606428e-06 -5.9842463149e-06 -1.0232568369e-05  5.3226062953e-06  2.1404516069e-05  5.5531422754e-06 -2.9652830670e-06 -1.6655727298e-06 -1.4564531303e-05  9.0683355675e-06  4.5233391012e-05  9.6847194322e-06  3.1295414157e-05  2.2467021002e-05 -2.7555351742e-05 -6.7621788109e-06  2.8588639293e-05 -6.5558690062e-05 -1.1958812939e-04

JOB 2
COORDS  5.1207004641e-01 -6.3749368449e-01  1.5889078656e+00  2.8854913872e+00 -1.0126508188e+00  1.6846084042e+00  3.4202879136e-01 -1.9291305865e+00  2.0706907787e+00  1.8194542822e+00 -1.3925053567e-01  1.4012099426e+00  2.5712742551e+00 -2.2883621442e+00  2.1510527356e+00  3.0061891783e+00  2.8456024377e+00 -5.6351161246e-01  3.0417749346e+00  1.3879634146e+00 -1.1463565055e-01  1.3574830840e+00 -2.7675335476e+00  2.3526156146e+00  2.0393163876e+00  1.1550277639e+00  9.3786541370e-01  4.0437829984e+00 -3.4802192409e+00  2.5406763731e+00 -3.5500410027e-01 -2.0086167184e-02  1.3668661754e+00  3.9182137255e+00 -7.1158119505e-01  1.5621216562e+00 -6.5869504458e-01 -2.3278303874e+00  2.2264672633e+00  2.0263606106e+00  3.1105533605e+00 -9.7873065243e-01  3.2158296797e+00  3.5163098478e+00  2.7511000987e-01  3.7531717273e+00  3.0201552495e+00 -1.3433338965e+00  4.0328898687e+00  1.1582758947e+00  2.8636811296e-01  2.8734813818e+00  7.1649913854e-01 -9.6991032490e-01  1.1623110809e+00  1.6131815268e+00  7.0763868352e-01
ENERGY -2.955427473206e+03
GRADIENT -8.0400804058e-05 -1.3042942682e-03 -3.5629259144e-03 -3.8255907924e-05  4.7172774223e-05 -1.4325210926e-05 -5.7422755301e-05  6.7617032076e-05 -3.0651237030e-05 -1.2633929019e-03  1.6826753136e-03  4.1743691944e-03 -9.0001615257e-05 -5.7470363781e-05  3.3418815658e-05  4.0360731351e-05 -3.6594259864e-06  3.3883319226e-05 -2.4896826144e-03 -5.3028591631e-04 -2.5180508230e-03  4.6434451702e-05  1.3778007710e-06  7.0126778566e-06  3.8745278995e-03  2.8583105276e-04  1.9216882537e-03 -2.3143364954e-05 -1.0996738099e-05  1.9652311233e-05 -1.1218606802e-05  1.0808789233e-05 -1.9033984959e-05 -1.6848621206e-05 -1.6542000134e-05  1.6811254586e-05 -2.5157395828e-05  9.1694612374e-06 -1.6994111108e-07 -6.5544988240e-06  1.0606232023e-05  5.0545942724e-05  6.0381185368e-05 -1.0692099574e-05 -1.0672626001e-05 -2.7975528940e-05 -2.9699668934e-05 -3.6171444217e-05 -2.7146734518e-05 -4.4456514482e-05  4.7610796574e-05  2.7124685264e-05  1.8753163838e-05 -1.9864470143e-05 -1.0566969960e-04 -1.9076116053e-04 -1.3138175904e-05

JOB 3
COORDS  7.8507877908e-01 -7.9623596282e-01  1.5158531022e+00  3.1795025623e+00 -9.2378668078e-01  1.6834038598e+00  7.3743012622e-01 -2.1134459625e+00  1.9621626139e+00  2.0363249871e+00 -1.6242292133e-01  1.3840366514e+00  2.9915134015e+00 -2.2400849402e+00  2.1002104361e+00  2.9799801951e+00  2.9175862792e+00 -5.7289432813e-01  2.9281090432e+00  1.4214885292e+00 -2.7921158671e-01  1.8268845994e+00 -2.8473623111e+00  2.2497093204e+00  2.1536692301e+00  1.1655073471e+00  9.5146021954e-01  4.5663404281e+00 -3.2842903242e+00  2.5070274947e+00 -1.3480786721e-01 -2.6720411078e-01  1.2788909913e+00  4.1740709267e+00 -4.9978444034e-01  1.6142853901e+00 -2.1951580140e-01 -2.6188225284e+00  2.0788492434e+00  1.9749042700e+00  3.3278549371e+00 -7.2777649309e-01  3.4447360603e+00  3.4590188545e+00  2.5622215342e-01  3.5577175618e+00  3.1066491349e+00 -1.4828055858e+00  3.9416812491e+00  1.0393911327e+00 -1.3413361104e-01  2.4977759461e+00  8.7606288479e-01 -1.1331882957e+00  1.2310746687e+00  1.5848428655e+00  8.6275175486e-01
ENERGY -2.955425099414e+03
GRADIENT  2.3481951465e-04 -1.1758683319e-03 -3.7904449690e-03 -2.4689258598e-05 -2.5927391413e-05  1.9365795028e-05  1.0386443625e-05 -4.4650072239e-05  1.2826447543e-05 -1.8883504741e-03  1.7205521217e-03  4.8497418807e-03  4.8122629682e-05  4.1069868285e-05  3.3424886805e-07  6.6929262801e-05  5.9435200918e-06  1.9374478880e-05 -2.9929074691e-03 -4.5416251632e-04 -1.9486553184e-03 -1.1203453518e-04  4.2056562056e-06  9.9499056050e-06  4.6382678538e-03  9.5477856410e-05  8.7776350030e-04 -4.6002144188e-05 -1.0461078909e-05  2.5830602396e-05 -2.0911847491e-05  1.5826880897e-06 -1.2320920925e-05 -2.2220352675e-05 -7.4749714033e-06  2.2323871137e-05 -4.0083057097e-05  2.0549621708e-05 -8.1276466695e-06  7.5477876605e-06  2.9201220014e-06  1.7878723445e-05  1.9920692630e-05 -8.0633836220e-06 -3.3420992725e-06 -4.5069002528e-06 -1.2004440048e-05 -4.1589896756e-06 -1.7702115429e-05 -5.7223475212e-05  8.4730650754e-06 -1.3440081204e-05  4.8557792409e-05 -2.4426571051e-05 -8.8996720459e-05 -1.6432926976e-04  2.0646826324e-05

JOB 4
COORDS  6.3706701966e-01 -9.5194753864e-01  1.4771863981e+00  2.9927729909e+00 -1.2457047935e+00  1.8526835921e+00  4.6758046911e-01 -2.2868079567e+00  1.8382972274e+00  1.9303279606e+00 -3.9896535783e-01  1.5009330784e+00  2.6905743681e+00 -2.5700491310e+00  2.1669219548e+00  3.0942145232e+00  2.6059834402e+00 -4.4554826409e-01  2.8281046128e+00  1.1267347758e+00 -1.8580602527e-01  1.4806580744e+00 -3.1029866427e+00  2.1751548112e+00  2.1936549132e+00  9.3985096518e-01  1.1382748244e+00  4.1519701563e+00 -3.7401821941e+00  2.6436817874e+00 -2.2165432737e-01 -3.5018852607e-01  1.1897524063e+00  4.0099425473e+00 -8.7372459979e-01  1.8961556414e+00 -5.2415703647e-01 -2.7353091766e+00  1.8405282588e+00  2.1615565392e+00  3.1826530494e+00 -4.5234611946e-01  3.7460476555e+00  3.0228949999e+00  3.2759757893e-01  3.5740150862e+00  2.7414237216e+00 -1.4198838369e+00  3.7701309347e+00  5.7117956182e-01 -1.8931782905e-01  2.2024774209e+00  7.0167085815e-01 -9.8644612188e-01  1.3225896659e+00  1.4675912814e+00  1.1530952730e+00
ENERGY -2.955422638369e+03
GRADIENT  5.8351760142e-04 -1.2134120955e-03 -4.1968044026e-03 -2.9130093928e-06  2.7365665149e-05  1.2440351703e-05 -1.6328800542e-05  1.2515463970e-05 -1.3852440563e-06 -2.5491909844e-03  1.9991832189e-03  5.7199731898e-03 -3.1777770480e-05  8.6267897214e-06  1.4471988936e-05  3.6301808701e-05 -9.7088343003e-06  1.3714323579e-05 -3.4849570636e-03  2.0011145410e-04 -1.6428957939e-03 -2.8644921049e-05  1.1137918234e-05  1.3678768718e-05  5.4815700656e-03 -8.4151452677e-04  1.0267361063e-04 -3.2771243248e-05  8.7895002517e-06  3.6005115118e-05 -1.4832000343e-05  1.1618855920e-05 -1.5416496200e-05 -1.9500679166e-05  5.8085300530e-06  2.0673202778e-05 -2.4642033757e-05  1.4798859636e-05 -6.9847209630e-06  7.7217695521e-06 -4.6983050137e-07 -5.3536697263e-06  3.4357096791e-06 -1.2226185311e-06 -3.5289998767e-06  6.5865694167e-06 -7.2434274670e-06 -4.7387084622e-07 -2.4550002227e-05 -4.1322879480e-05  5.1216557524e-06 -1.1538977252e-05  3.4557369177e-05 -5.4853457881e-06 -9.1256958712e-05 -1.3022123225e-04  9.4388869889e-06

JOB 5
COORDS -4.0332797769e-01  9.5718668199e-02  1.1043395342e+00  1.3701906082e+00 -7.4166512446e-01  2.4932489321e+00 -1.1856372349e+00 -9.6137744103e-01  1.5578596011e+00  9.1850403908e-01  2.0786383187e-01  1.5673848294e+00  4.7751208421e-01 -1.7458975150e+00  2.8825547512e+00  3.3042962099e+00  2.2841507049e+00 -4.7377306241e-01  2.4901191782e+00  1.0531047017e+00 -8.8523310944e-02 -7.5831344035e-01 -1.8801482277e+00  2.4450982596e+00  1.7192970731e+00  1.3085293854e+00  1.1515398154e+00  1.0931511872e+00 -3.0598070430e+00  4.1586083589e+00 -8.0223654954e-01  8.3306734350e-01  4.1464724306e-01  2.3774715399e+00 -7.0459625444e-01  2.8961878695e+00 -2.2127250605e+00 -1.0759512308e+00  1.2174991990e+00  2.6503821790e+00  3.1481341616e+00 -6.2367077161e-01  4.0315454046e+00  2.5390945572e+00  3.0629684999e-01  3.8606486714e+00  2.1003530175e+00 -1.3983060256e+00  3.1480512131e+00  1.7648914979e-01  2.2594085157e-02  1.7729211927e+00  8.1336932764e-01 -8.8020659999e-01  2.3895752413e+00  1.5177767664e+00  1.8910586350e+00
ENERGY -2.955420492506e+03
GRADIENT -1.5606987082e-03  2.4348223813e-03  3.3258128162e-03  8.6987319296e-05 -3.1900857404e-05  3.5441426294e-05  4.4139759680e-04 -7.4955229711e-05  2.5246770321e-04  3.3092655551e-03 -4.1567635482e-03 -4.1799231648e-03 -3.1790185161e-04  1.0362088720e-04 -2.0434084401e-04 -5.9535606064e-06  7.1004494415e-06  1.4167841849e-05  3.1362117192e-03 -1.4382095575e-03  2.2044580803e-03 -6.9325799617e-05 -1.4982217664e-04  1.2203633561e-04 -5.0093440177e-03  3.3413918134e-03 -1.5110886698e-03 -4.0328614107e-05  9.6688595030e-05 -3.4724460799e-05  2.6866947189e-05  3.0893075099e-05 -3.8766055827e-05  3.3522182108e-05  4.3862682768e-05  1.5344176744e-05  5.0090430239e-05 -4.3055183014e-05  4.5302188687e-05 -7.4440066656e-06  9.1574163809e-06 -2.0510143774e-05 -8.4526400765e-06  1.7833327051e-05 -1.0598644517e-05 -6.9618211528e-06 -4.2257281917e-06 -8.4172679318e-06  9.5342622407e-06  1.8482882870e-05  1.3023541117e-05 -4.2869519882e-05 -1.0247536722e-05  2.4688310595e-05  4.0316050975e-05  3.4534769729e-06 -7.7581093116e-06

JOB 6
COORDS -3.1924383735e-01  2.3224271463e-02  1.0272711855e+00  1.3297808004e+00 -7.8144609010e-01  2.5791262152e+00 -1.1549569177e+00 -9.9459394482e-01  1.4696358996e+00  9.7206098490e-01  1.3308152250e-01  1.5781266622e+00  3.8771462089e-01 -1.7459459876e+00  2.9488542686e+00  3.2761847031e+00  2.3147223450e+00 -4.5180926939e-01  2.4289044433e+00  1.0835556048e+00 -1.4624984343e-01 -8.1573298138e-01 -1.8792241735e+00  2.4286742989e+00  1.8182255491e+00  1.1965776148e+00  1.1981245632e+00  8.8096539218e-01 -3.0063572344e+00  4.3287619953e+00 -6.5947842234e-01  7.3166383791e-01  2.7841053445e-01  2.3062060032e+00 -7.4824000052e-01  3.0520306600e+00 -2.1568486843e+00 -1.1034130194e+00  1.0592106053e+00  2.6681017661e+00  3.2229655045e+00 -4.0847024990e-01  4.0974129865e+00  2.4201746632e+00  2.6709368742e-01  3.7184775497e+00  2.2355816175e+00 -1.4498091561e+00  3.0360532241e+00  1.6872737206e-01 -2.2856487627e-01  1.6202616399e+00  9.9568656303e-01 -8.7800471566e-01  2.5671981846e+00  1.2886941487e+00  1.8825572424e+00
ENERGY -2.955423271039e+03
GRADIENT -1.3952546350e-03  2.4363596394e-03  3.6295598855e-03 -1.9805854892e-04  1.9059848275e-05 -6.7538186088e-05 -3.6104971463e-04  5.0077043485e-05 -2.7845950269e-04  4.1274110780e-03 -4.4543971053e-03 -4.2684759829e-03  2.4966284228e-04 -1.2306908303e-04  2.3132570464e-04 -2.9825974998e-05  9.8917586334e-06 -3.3079386511e-05  3.1652481703e-03 -1.9481917650e-03  1.3279927656e-03  1.4736711977e-04  1.5162350736e-04 -4.1504273034e-05 -5.6277874215e-03  4.1348340484e-03 -5.1144060124e-04  6.3688260096e-05 -6.8741980986e-05  1.0808142240e-04  2.0872865868e-05 -7.2292207412e-05 -1.7415074144e-05 -3.2319320179e-05  1.8382830943e-06 -5.2227807736e-05 -2.5580480639e-05  2.8061822962e-05 -7.3250240366e-06 -3.5110711601e-06 -6.7981354037e-06 -7.0117844494e-06  2.0259418196e-05  2.1110372392e-05 -2.2087441986e-06  1.1470076505e-05  8.8945687143e-06 -9.2709205297e-06  2.5961706374e-06 -4.6409478128e-06  4.7264635087e-06  5.1598562021e-05 -1.5635944718e-05 -1.4264071722e-04 -7.8842151252e-05 -7.8034014339e-05  1.6824728264e-04

JOB 7
COORDS -1.9251082486e-01 -4.0977249628e-02  1.0193320065e+00  1.4120167107e+00 -6.8579126711e-01  2.6891218566e+00 -1.0290721759e+00 -1.0280523778e+00  1.5239244114e+00  1.0801940450e+00  1.3830540438e-01  1.6009452877e+00  4.6960647617e-01 -1.6265525808e+00  3.1081421231e+00  3.2473523725e+00  2.3974735996e+00 -4.9912904404e-01  2.3544139644e+00  1.1899358084e+00 -2.3011822773e-01 -7.1558031793e-01 -1.8243243087e+00  2.5651638959e+00  1.9304555928e+00  1.1701772071e+00  1.1838052029e+00  9.3359892943e-01 -2.7560588365e+00  4.6066260275e+00 -5.2473896713e-01  5.8680384083e-01  1.9899040672e-01  2.3711459697e+00 -5.9976238542e-01  3.1900783711e+00 -2.0139011382e+00 -1.1862188850e+00  1.0887573406e+00  2.7216744814e+00  3.3278131903e+00 -2.6489171313e-01  4.1605037704e+00  2.3594378121e+00  1.0669664615e-01  3.5494251571e+00  2.4209160137e+00 -1.5506050607e+00  2.8770618040e+00  2.5882976305e-01 -4.9702120505e-01  1.4605057707e+00  1.2461537684e+00 -8.5699152033e-01  2.7514023329e+00  1.2116747065e+00  1.7834892331e+00
ENERGY -2.955425768961e+03
GRADIENT -1.5033399915e-03  2.2541420026e-03  2.7153787985e-03  6.6736061891e-05  1.0532617763e-05  4.2560862217e-05 -8.7612995655e-05  8.1228616679e-07 -6.9897948166e-05  3.7836296836e-03 -4.4710001678e-03 -3.5792174206e-03 -1.7250223150e-05  3.3772412954e-05 -6.4555961598e-05 -2.8372591145e-06  2.3800190377e-05 -2.2290970890e-05  2.7467470694e-03 -1.9563326831e-03  8.1965453839e-04  4.8133935344e-05 -7.7309589909e-06  3.7011189481e-05 -4.9742397449e-03  4.2477537919e-03  1.2211377480e-04  2.1166740777e-05  9.6661434459e-06 -1.6450515897e-05  6.3773839415e-06 -1.8269173888e-05  2.3385074120e-06  2.5774398050e-05  2.7321088450e-06 -1.1255036473e-05 -2.5942803092e-07 -3.9728303289e-06  1.2377499114e-05  1.9105148342e-06  1.1901744382e-06  1.6730245532e-05  6.6448797048e-06 -1.3077305344e-06 -1.9797624943e-05 -2.1145409073e-05  1.2125954763e-05 -1.1829631639e-05  2.5403799215e-05  1.4708848491e-05  1.2802737900e-05  1.3502053105e-05 -4.5486955875e-05 -3.4052731008e-05 -1.5163272045e-05 -9.8759609329e-05  4.9796136914e-05

JOB 8
COORDS -1.7189248024e-01 -1.1698788994e-01  9.3032927175e-01  1.3228363947e+00 -6.1969386887e-01  2.7461542517e+00 -1.0257920934e+00 -1.0840179044e+00  1.4468408224e+00  1.0543498658e+00  1.2920169728e-01  1.5848872264e+00  3.7125065969e-01 -1.5493934200e+00  3.1601461514e+00  3.3124577756e+00  2.3475629162e+00 -4.5260186012e-01  2.2166146173e+00  1.3034267856e+00 -2.6008808774e-01 -7.7416151361e-01 -1.8056818211e+00  2.5553540127e+00  1.9220538284e+00  1.1354317787e+00  1.1720006875e+00  7.5154719272e-01 -2.5729839519e+00  4.7555353822e+00 -4.5749599065e-01  4.3511218455e-01  4.1646695576e-02  2.2428555734e+00 -4.8071338281e-01  3.3052078866e+00 -1.9740112520e+00 -1.2912652610e+00  9.5437882649e-01  3.0104785336e+00  3.3109485469e+00 -3.0661182143e-02  4.2463340361e+00  2.0378008459e+00  3.1501250631e-02  3.5223941821e+00  2.4856706306e+00 -1.5171934282e+00  2.5130348972e+00  3.4684924986e-01 -7.1541421456e-01  1.3073247087e+00  1.6367476466e+00 -7.6892929719e-01  2.7770139282e+00  1.1365456804e+00  1.7208558910e+00
ENERGY -2.955427893609e+03
GRADIENT -1.5186728229e-03  2.1855581374e-03  2.0588400878e-03 -5.1612516964e-05 -6.2735993524e-06 -7.5431791766e-05  3.8442226899e-05 -9.1563708468e-06  7.0922125647e-05  3.6485261689e-03 -4.4741990969e-03 -3.0626665042e-03  5.7116235722e-05 -3.6033384794e-05  9.2751800552e-05  7.7805794649e-06 -1.8867686829e-05  3.6534445414e-06  2.5137266204e-03 -2.0081775755e-03  2.5420721146e-04 -1.3892669542e-05 -2.5061014442e-06 -4.0866863053e-05 -4.5372868574e-03  4.1631629668e-03  7.0038397932e-04  2.1576093810e-05 -9.0952554552e-06 -2.0561119932e-06 -1.5536623628e-05  2.5227221159e-05  3.4328728749e-05  1.0322556531e-05 -9.9743930571e-06  6.8916652197e-07  1.4644792794e-05 -1.2729823862e-05  7.1084518172e-06 -1.2067431456e-05  1.4196553993e-05 -2.6301478746e-05 -1.2024402773e-05  1.8437030495e-05  1.7481123566e-05  1.4682011252e-05 -1.2791061515e-05 -4.2930339005e-06 -4.5579813324e-05  1.0153403840e-05 -1.2567340612e-05 -3.5084491365e-06  4.3371275155e-05  5.8084805347e-05  7.3969361995e-06  1.0691677771e-04 -4.4246321686e-05

JOB 9
COORDS  1.7830121589e-02 -2.6142909635e-01  9.6049290580e-01  1.5152739762e+00 -6.0905595064e-01  2.8130942585e+00 -7.9797275349e-01 -1.2387305264e+00  1.5198019004e+00  1.2231983718e+00  7.4714003204e-02  1.6151697718e+00  6.0421771708e-01 -1.5609595570e+00  3.2593376177e+00  3.2872723265e+00  2.3853696971e+00 -5.1572511957e-01  2.1414636674e+00  1.4091321774e+00 -2.6532368031e-01 -5.2585498026e-01 -1.8964254476e+00  2.6613188811e+00  2.0582857003e+00  1.0800936019e+00  1.1609215574e+00  1.0158744486e+00 -2.4936507838e+00  4.9023158844e+00 -2.8026727366e-01  2.2407886292e-01  3.8160445749e-02  2.4209268883e+00 -3.9991459024e-01  3.3736609057e+00 -1.7295855917e+00 -1.5132022694e+00  1.0282805060e+00  3.1509241838e+00  3.3037041826e+00  6.3873002718e-02  4.2525889294e+00  1.9438502110e+00 -2.4130153165e-01  3.3340840701e+00  2.6513388516e+00 -1.5754806131e+00  2.2739219517e+00  5.0004181086e-01 -8.7069341573e-01  1.1987393293e+00  1.8716358811e+00 -5.7647786186e-01  2.9623360475e+00  1.0824588114e+00  1.6210643379e+00
ENERGY -2.955429571256e+03
GRADIENT -1.0970856233e-03  1.4670261416e-03  1.1369555055e-03  1.6182408905e-04  9.2524072266e-05  9.1703096978e-05  1.8741799148e-04  1.2365919881e-05  1.7427763267e-04  2.5124358530e-03 -3.2012845697e-03 -1.9242548771e-03 -2.1555696429e-04  4.6970545847e-06 -2.7141504996e-04  1.2295055618e-05 -1.1893475335e-05 -1.1596269285e-05  1.5366485725e-03 -1.3847809368e-03 -2.3703541549e-04 -9.3763178095e-06 -9.8353978454e-05  1.1741014878e-04 -2.9975625532e-03  3.0266985573e-03  9.4172130882e-04  3.2755789024e-06  2.8532203054e-05 -8.3824390080e-05  1.0321659492e-07  2.3299878025e-05  6.6986962697e-06  3.7446666188e-05  1.4927413367e-06  7.3897142943e-06  2.6187884092e-05 -2.3193385905e-05  4.6991332726e-05  5.3819191355e-07  9.4344035482e-06 -2.1192382822e-06 -6.0116651187e-07  3.7139843547e-06 -2.8537953045e-07 -8.5556198882e-06  5.2769268924e-06  6.2161119972e-06 -3.1933659172e-05  8.4589287279e-06 -1.1208129273e-05 -3.2845243152e-06  3.3005982722e-05  1.4274883867e-05 -3.6845555652e-06 -5.9728524112e-05  5.1226035322e-05

JOB 10
COORDS  9.5122613810e-02 -3.4248868321e-01  9.3799688772e-01  1.5371846345e+00 -6.1584395803e-01  2.8482167414e+00 -7.5005423094e-01 -1.2780580773e+00  1.5255285480e+00  1.2843084885e+00  1.6460817892e-02  1.6115452110e+00  6.0321685816e-01 -1.5333961982e+00  3.3139484301e+00  3.2606339744e+00  2.4130093791e+00 -5.1619460541e-01  2.1147135689e+00  1.4392545039e+00 -2.5536803528e-01 -5.1790510127e-01 -1.8821295616e+00  2.7042012791e+00  2.1590096209e+00  9.6113348514e-01  1.1233316385e+00  9.5937573378e-01 -2.3917889051e+00  5.0100526279e+00 -1.6904532277e-01  9.1861851594e-02 -1.9171998042e-02  2.4301164438e+00 -3.8969675918e-01  3.4222421589e+00 -1.6705205113e+00 -1.5666361657e+00  1.0209879071e+00  3.2122031715e+00  3.2651778268e+00  1.6902166327e-01  4.2335809974e+00  1.9235779851e+00 -3.9162517542e-01  3.2093625176e+00  2.7929535702e+00 -1.5403406779e+00  2.1626987837e+00  5.9890322951e-01 -9.6445839419e-01  1.1587731517e+00  1.9485957009e+00 -4.2158089053e-01  3.0781717128e+00  9.5494960739e-01  1.5483675045e+00
ENERGY -2.955430232461e+03
GRADIENT -1.3406577677e-04  5.3321522169e-05 -2.2060886289e-06  5.5158672857e-05 -1.4231420637e-06  4.0974333317e-06  1.1105824054e-04  3.5419842360e-05  5.6599925401e-05  1.2196274575e-04 -1.9727791856e-04  4.8641720479e-06 -4.4466342753e-05  6.7329069090e-07 -3.2373259937e-05  2.1555338894e-05  2.2249806384e-05 -4.3786909054e-05  1.2849245045e-04 -7.1510356046e-05 -3.8028222296e-07  3.0260864436e-06 -4.3413783307e-05  5.3949655283e-05 -2.8817523410e-04  2.8748638510e-04  2.0715782195e-05  1.8500110950e-05  2.4064492226e-06 -7.0268212606e-06 -9.2936425235e-06 -2.2833322768e-05  1.5768071447e-05  4.1177439132e-05 -2.8269972123e-05 -1.3490348126e-05  1.3439442726e-05 -6.6845250281e-06  2.2489651159e-05  1.1439318882e-05 -2.9651565565e-05  3.7542196980e-05 -5.9374138230e-06  1.1015386563e-06 -4.2214302602e-05 -3.1772251687e-05  4.3423339710e-05  6.2285971163e-06  3.5519804589e-05  8.2562264770e-06  5.9289572662e-05  1.7344256585e-05 -1.8234331273e-05 -5.5067097173e-05  2.9648224964e-05 -8.0755081083e-05 -6.3804902834e-07

JOB 11
COORDS  1.8144815742e-01 -4.4895138021e-01  9.6807655197e-01  1.6319170279e+00 -6.2441011126e-01  2.8864145947e+00 -6.5690481233e-01 -1.3589667323e+00  1.6023491096e+00  1.3739162842e+00 -5.5005805983e-02  1.6189677387e+00  7.0308314690e-01 -1.5218310666e+00  3.3974602338e+00  3.2363571699e+00  2.4161435040e+00 -5.2714995046e-01  2.0732658651e+00  1.4729544797e+00 -2.3211948518e-01 -4.1834616912e-01 -1.9047758077e+00  2.8084367071e+00  2.2518239488e+00  8.3556973157e-01  1.0642396071e+00  1.0668249278e+00 -2.2949899856e+00  5.1336531930e+00 -8.8127438922e-02 -5.8868348283e-02 -6.6212002100e-03  2.5268429931e+00 -3.6983258174e-01  3.4451575233e+00 -1.5789128498e+00 -1.6732504772e+00  1.1161167970e+00  3.3060475953e+00  3.2043916564e+00  2.3024773321e-01  4.1874923266e+00  1.8732727738e+00 -5.5251109686e-01  3.0970492608e+00  2.8954308447e+00 -1.4999248480e+00  2.0058810744e+00  7.0894039015e-01 -1.0189796275e+00  1.1286481793e+00  2.0336493041e+00 -2.4439321652e-01  3.0864960427e+00  1.0591070824e+00  1.5880557319e+00
ENERGY -2.955429992120e+03
GRADIENT  7.5624422803e-05  2.0180948324e-05 -4.6717333885e-05 -1.5014600987e-05  1.2580416395e-05 -4.4004675592e-05 -2.1886611891e-04 -2.1423246584e-05 -2.0834711134e-04  3.3285164090e-05  1.6886857310e-04  6.9068522428e-05  2.3722711985e-04 -2.9406519231e-05  3.1740080245e-04  7.1730033070e-06  3.7943911867e-05 -3.0833946012e-05 -5.4803910015e-06  6.6239301794e-05  4.6929939042e-05  1.1785886006e-04  1.2654012911e-04 -8.5588760725e-05 -1.6848537384e-04 -2.8660544632e-04 -3.4048917573e-06  6.0393438155e-05 -4.1123292035e-05  1.3845152518e-04 -2.0658103835e-05 -2.4835593297e-05  7.3393319918e-06 -1.4313176123e-05 -1.8359202441e-05  1.2429807369e-05 -1.2006224233e-05  2.0018773314e-05 -4.4796325638e-05  5.6253596806e-06 -1.0679250939e-05  4.5061444739e-06 -4.4672812444e-06 -6.6680244695e-07 -1.8010896938e-05 -1.0017113414e-05  7.8021337162e-06  5.0763639096e-06  1.6725495038e-05 -1.0380971327e-05 -7.8337994962e-06 -1.3834151732e-05 -1.2928688504e-05 -2.6461651915e-05  1.1416808179e-05 -5.4233258290e-06  4.5440781254e-06

JOB 12
COORDS  2.0223836814e-01 -5.0780059345e-01  8.3753002014e-01  1.5684830728e+00 -6.7111543732e-01  2.8147763693e+00 -6.7592020044e-01 -1.3946556674e+00  1.4516567088e+00  1.3742479035e+00 -1.2462565505e-01  1.5276409168e+00  6.0531579640e-01 -1.5454414997e+00  3.3036481268e+00  3.2564829724e+00  2.4198078959e+00 -5.1145270323e-01  2.0540474688e+00  1.5326757502e+00 -2.0079241316e-01 -4.9606499808e-01 -1.9225562819e+00  2.6751672792e+00  2.3169982559e+00  7.1726490528e-01  9.8130486570e-01  8.8350398126e-01 -2.2896526640e+00  5.0669165013e+00 -2.4843923507e-02 -1.2720887491e-01 -1.5151207477e-01  2.4452795980e+00 -4.2210006080e-01  3.4040177899e+00 -1.5837307683e+00 -1.7010087213e+00  9.3482711749e-01  3.4542185311e+00  3.1215380801e+00  3.0719159833e-01  4.1550189355e+00  1.8162405056e+00 -6.7386658621e-01  3.0702872400e+00  3.0078841164e+00 -1.4144204866e+00  1.8617196228e+00  8.6895455598e-01 -1.0512927362e+00  1.1536990322e+00  2.1499578314e+00 -6.0302185115e-02  2.9697423136e+00  1.1173934577e+00  1.6441943736e+00
ENERGY -2.955430231257e+03
GRADIENT -6.7447783232e-05 -7.0962825635e-05 -8.4396492571e-05 -2.1411110457e-06  4.9408832095e-05  6.8131796768e-05  1.4630064228e-04  5.8734149755e-05  1.0699861685e-04  4.5891902020e-05  7.1180667412e-05  8.5460234186e-05 -7.1636529696e-05 -1.1323362175e-05 -1.0508010156e-04  1.7033839612e-05  2.7543658530e-05 -4.1415759053e-05 -2.0291886044e-05  8.0632674336e-05  1.5177325422e-04 -1.9555878604e-05 -5.7685474186e-05  8.3856308139e-05  9.9031071089e-05 -2.7545210816e-04 -2.8582029229e-04  3.1048494387e-06  2.2521461175e-05 -1.2248265350e-05 -6.8777605588e-06  8.5262094604e-06  1.4229373044e-05 -7.3579045872e-06  5.8843247460e-05  3.3574077984e-05  1.4717013242e-05 -8.9394208233e-06  3.4147357217e-05 -2.2852119064e-05  2.9211224042e-05 -3.2056247977e-05  1.0298442389e-07 -1.3883400260e-05  5.1809570735e-05  1.7207419361e-05 -3.8420463508e-05 -3.4954298102e-05 -3.1858864742e-05  4.6493731362e-05 -2.8683152021e-05  3.0522418419e-05 -9.4641666727e-06  4.9695056976e-05 -7.3176446773e-05  5.3411985043e-05  6.8384254466e-05

JOB 13
COORDS  2.3093510239e-01 -5.9088299115e-01  7.6438806422e-01  1.5467983677e+00 -6.6500731126e-01  2.7788340113e+00 -6.7457579452e-01 -1.4320673807e+00  1.4015281685e+00  1.3861278954e+00 -1.7949135083e-01  1.4649477195e+00  5.6202603270e-01 -1.5050400211e+00  3.2886169653e+00  3.2504460365e+00  2.4431956037e+00 -4.8095961416e-01  2.0415117895e+00  1.5633233060e+00 -1.7613745347e-01 -5.2925484723e-01 -1.8984137032e+00  2.6549441557e+00  2.3676686735e+00  6.0257799865e-01  8.8218212886e-01  7.9198433784e-01 -2.1633432630e+00  5.0920741368e+00  3.8935499550e-02 -2.6571040287e-01 -2.5181498215e-01  2.4121934252e+00 -3.9565608067e-01  3.3760965275e+00 -1.5720454977e+00 -1.7575881568e+00  8.7864276554e-01  3.5435701099e+00  3.0331800947e+00  3.9544481205e-01  4.1069020086e+00  1.8357963898e+00 -7.8983800122e-01  3.0162453247e+00  3.1430623863e+00 -1.2880233428e+00  1.7598666236e+00  1.0115001816e+00 -1.0792464160e+00  1.1787896474e+00  2.1836406512e+00  1.0915522895e-01  3.0355801611e+00  9.6563377569e-01  1.5538656218e+00
ENERGY -2.955429571073e+03
GRADIENT  9.9652960910e-04 -1.7614033495e-03 -7.3444307109e-04  1.9191137059e-04  3.8690370253e-05  5.4242418757e-05  1.9552353186e-04  2.2520510323e-05  1.9326395798e-04 -1.8940889166e-03  3.5700273183e-03  2.0212035131e-03 -2.4992608518e-04  1.5591463045e-05 -2.7974105951e-04 -8.5468060524e-06  1.8053772297e-05  4.0245616560e-06 -3.2614500654e-04  1.4827751906e-03  1.4331984670e-03 -2.5452147252e-05 -7.7408283305e-05  1.4244415112e-04  1.1136492039e-03 -3.2604949258e-03 -2.7239059802e-03 -1.4324831347e-05  5.5658019009e-05 -7.4728092526e-05  2.3656054941e-05 -8.9984403621e-06 -1.0129635906e-05  2.4114198552e-05  2.2149990377e-05  1.8250171068e-05  1.6489217786e-05 -9.4246967180e-06  6.0966694564e-05  1.8858791847e-06 -8.7085676894e-07 -2.8793789110e-06  5.9252190058e-06  3.4369295397e-08 -6.6155950772e-06  2.7655469898e-06 -1.1082159847e-05 -3.6199044688e-06  2.8262006111e-05 -1.6170683662e-05 -1.4966789457e-05 -1.4468322559e-05 -1.3888358760e-05 -2.6951886833e-05 -3.3751267063e-05 -1.1005512559e-05  7.2347733401e-05

JOB 14
COORDS  2.2613155638e-01 -7.3036051200e-01  5.6843040792e-01  1.4102656428e+00 -7.6143126127e-01  2.6615127028e+00 -7.1003280198e-01 -1.5725681182e+00  1.1561000352e+00  1.3257095877e+00 -2.9159483652e-01  1.3372883403e+00  4.0695635917e-01 -1.6128940991e+00  3.1193715977e+00  3.2625340267e+00  2.4252811260e+00 -4.0594251954e-01  2.0046704603e+00  1.6292366459e+00 -7.0909728584e-02 -6.3675517036e-01 -2.0235809656e+00  2.4226474227e+00  2.3425029310e+00  4.8699571924e-01  7.9339590691e-01  5.3296393878e-01 -2.2506355178e+00  4.9400970742e+00  1.0431114799e-01 -4.2715046258e-01 -4.6567016660e-01  2.2306364478e+00 -4.7108001715e-01  3.3103423535e+00 -1.5669006431e+00 -1.9186442563e+00  5.8112307282e-01  3.7262935786e+00  2.8355715913e+00  4.9905593295e-01  3.9988807795e+00  1.7942796284e+00 -9.1286323981e-01  3.0164807079e+00  3.2659577014e+00 -1.0610938033e+00  1.5604563467e+00  1.2503081465e+00 -9.9606705717e-01  1.2561405925e+00  2.2773061232e+00  4.0860717974e-01  3.0228219946e+00  7.5457366711e-01  1.4989230631e+00
ENERGY -2.955427893614e+03
GRADIENT  1.7092536605e-03 -2.7748056874e-03 -8.3043602489e-04 -6.3390584582e-05  1.3516930101e-05 -6.6634119839e-05  4.3296076119e-05 -1.7595867117e-05  6.3550819047e-05 -2.7268391212e-03  5.3177238795e-03  2.6460943676e-03  4.1540436387e-05 -1.5788496940e-05  1.0629430618e-04 -8.5955876314e-06  6.0065921691e-06  1.8062208706e-05 -7.0524343225e-05  1.9554175383e-03  2.5658512209e-03 -2.5547498952e-05  1.7656782749e-05 -2.8236319252e-05  1.0232807355e-03 -4.3678117148e-03 -4.2760680115e-03  3.7969095630e-06  1.8469737137e-05  1.4292653139e-05  2.5903849068e-05 -3.8590401757e-05 -2.4358152026e-06 -1.8874631205e-06  8.0581760617e-06  1.1662017505e-05  9.9345664147e-07  8.0184368816e-06  1.9280567237e-05  1.4855327709e-05 -2.2899135714e-05 -6.5745945296e-06 -6.9210592330e-06  6.5324188281e-06 -3.0809617715e-05 -3.5385247840e-06  1.5351687108e-05  1.1991015047e-05  5.5401322842e-05 -4.6602425347e-05  5.6461740439e-06 -2.1381560208e-05 -2.6668954891e-05 -3.3856799961e-05  6.3373588313e-05  2.0058812107e-05 -9.4066366002e-05

JOB 15
COORDS  3.0982896359e-01 -8.1464328423e-01  5.6408767454e-01  1.3832381709e+00 -6.4903431518e-01  2.7085800441e+00 -6.3727737281e-01 -1.6334872496e+00  1.1651412677e+00  1.3527636189e+00 -2.8437589914e-01  1.3523047008e+00  3.7868369679e-01 -1.4955661494e+00  3.1807852980e+00  3.2456409347e+00  2.4013386608e+00 -4.9558397090e-01  2.0052124646e+00  1.7262787223e+00  8.1890564092e-02 -6.1588825014e-01 -1.9843590437e+00  2.4662634822e+00  2.3776190691e+00  4.8071987052e-01  7.8133997953e-01  4.2822098766e-01 -1.9932406552e+00  5.0479709434e+00  2.4902956905e-01 -6.0112559829e-01 -4.9806039755e-01  2.1598184415e+00 -2.8424647832e-01  3.3735174723e+00 -1.4522696016e+00 -2.0510606562e+00  5.7718107988e-01  3.9517279126e+00  2.6793844177e+00  2.9590047989e-01  3.7608251137e+00  1.7339066553e+00 -1.1926169789e+00  2.9683018038e+00  3.3166993144e+00 -1.0271840883e+00  1.3135151588e+00  1.4738985367e+00 -7.2623133329e-01  1.4738496249e+00  2.4131892781e+00  7.5802785939e-01  3.0919587580e+00  6.8418023536e-01  1.4767686129e+00
ENERGY -2.955425768952e+03
GRADIENT  2.0566209279e-03 -3.2087358574e-03 -4.6288869569e-04  5.8150451790e-05  1.5014018677e-05  5.4024991593e-05 -8.3683550696e-05 -2.1510192955e-05 -8.0334353060e-05 -2.8742658670e-03  5.7603307055e-03  2.3783074422e-03 -2.9598605420e-06  3.1921563070e-05 -6.7713290038e-05  7.0558124013e-06  8.8872500743e-06 -2.9662235349e-05  3.3403591454e-04  1.7507920113e-03  2.9774662209e-03  3.2396011415e-05  1.0683237935e-05  4.1820411641e-05  6.0754613068e-04 -4.3248081353e-03 -4.8729163519e-03  1.0352788548e-05  2.5025054346e-05 -8.1327187724e-06 -1.0738299848e-05  7.0830281661e-06  1.6995759531e-05  1.0934350445e-05  2.8113027124e-05  1.7824876613e-06  2.2563369680e-06 -8.5708305859e-06  8.8732283017e-06 -6.0019641850e-06  1.8002834898e-05 -8.6015269134e-06  8.9422438733e-06 -9.7148874359e-06  1.0339730678e-05 -7.6415648043e-06 -9.1007557762e-06 -2.4522855136e-05 -4.2220732689e-05  3.8282468924e-05  1.5706557335e-05  2.9157404816e-05  7.1768001765e-06  9.1924222767e-06 -5.8743063576e-05 -2.9319971013e-05  8.9190446934e-05

JOB 16
COORDS  2.9789171473e-01 -9.2204891114e-01  4.7291590150e-01  1.2286842598e+00 -6.2267799852e-01  2.6689011197e+00 -6.9649500437e-01 -1.6954006463e+00  1.0587222701e+00  1.2864576932e+00 -3.4740379032e-01  1.2951099647e+00  1.8665956131e-01 -1.4340132915e+00  3.1276595309e+00  3.2197841347e+00  2.4030269418e+00 -4.0360177387e-01  2.0027945014e+00  1.7407118397e+00  2.3460462737e-01 -7.6089756510e-01 -1.9609489888e+00  2.3787271869e+00  2.3473734761e+00  3.8656678835e-01  7.2300550734e-01  1.0691032253e-01 -1.8141217973e+00  5.0208868602e+00  3.2237200897e-01 -7.7383577341e-01 -6.0221616329e-01  1.9641237650e+00 -2.1932261475e-01  3.3578839009e+00 -1.4739319649e+00 -2.1492322715e+00  4.4744395603e-01  4.0339923032e+00  2.5202917131e+00  3.2139228009e-01  3.5926237701e+00  1.8034476940e+00 -1.2391122059e+00  2.9611351438e+00  3.3996957844e+00 -7.7457219200e-01  1.2025334596e+00  1.6386000096e+00 -5.0441764956e-01  1.6078439724e+00  2.3664723419e+00  1.0499613798e+00  3.1001826025e+00  4.7528000504e-01  1.4035565622e+00
ENERGY -2.955423272364e+03
GRADIENT  2.4723880811e-03 -3.7585760254e-03 -3.3545543140e-04  8.1187218238e-05  3.2687546520e-05  5.1366532432e-05  6.5155829707e-06  8.7319335608e-06  3.2826310042e-06 -3.2846161672e-03  6.3270168677e-03  2.1087742951e-03  2.3457748394e-05  1.5792172156e-05 -2.6341816452e-05  3.8731326714e-06  2.0067774940e-06 -1.5976760719e-05  9.5699094666e-04  1.5443619218e-03  3.6801776358e-03  1.3496628912e-05 -6.3542832365e-06  2.7716068705e-05 -2.2324466895e-04 -4.2196608903e-03 -5.4017525549e-03  2.9361395719e-05  6.5515680437e-06  1.2172714472e-06 -1.0125366211e-05  7.6906924865e-06  3.1457993204e-06  1.7926175998e-05  1.2235353948e-05  1.0978534616e-06  8.9486836354e-06 -9.2400206650e-07  1.5710558286e-05  4.8251691338e-06  5.2515798425e-06 -1.5626423064e-05 -4.9466871532e-06  2.7263248048e-06 -1.1336290514e-05 -4.3625763658e-06  3.3416878453e-06 -1.0070627267e-05 -9.4461996241e-06  1.6088215229e-05 -6.3162030702e-06  2.4684302323e-06  4.2607092756e-06 -4.3500377250e-06  5.1868906350e-05  4.4735960320e-05 -5.9291129451e-05

JOB 17
COORDS  2.9564188697e-01 -1.0355564092e+00  4.7959789357e-01  1.1714897248e+00 -5.1098572569e-01  2.6547152443e+00 -7.1162366679e-01 -1.7540307380e+00  1.1155102490e+00  1.2594585165e+00 -3.7865052268e-01  1.2628128266e+00  1.2034459724e-01 -1.2765466472e+00  3.1702392343e+00  3.2011311641e+00  2.4185444700e+00 -3.4193963562e-01  2.0170756181e+00  1.7450501598e+00  3.4447548355e-01 -8.0459979052e-01 -1.8825982166e+00  2.4530879116e+00  2.3230346044e+00  3.2280125619e-01  6.2897121482e-01 -8.2256966246e-03 -1.4632209197e+00  5.0894137841e+00  3.5126420532e-01 -9.8780679470e-01 -6.0346872525e-01  1.8908074029e+00 -3.6470376122e-02  3.3147512128e+00 -1.4729386097e+00 -2.2726878950e+00  5.3639646656e-01  4.0906491361e+00  2.4067068704e+00  2.9917177802e-01  3.4487690770e+00  1.9056344609e+00 -1.2758053126e+00  2.9686707619e+00  3.4642407943e+00 -5.6678189457e-01  1.1391993231e+00  1.7706320524e+00 -3.0914843138e-01  1.7465864400e+00  2.2878857632e+00  1.2641841147e+00  3.1365654634e+00  3.0136476689e-01  1.2433635133e+00
ENERGY -2.955420494001e+03
GRADIENT  2.5082567293e-03 -3.6493106023e-03  2.9059603995e-04 -7.3307741894e-05 -1.6776075916e-05 -9.7554831621e-05 -1.3889149316e-04 -9.9976247306e-05 -1.2669608899e-04 -2.9502129456e-03  5.8915218007e-03  1.3552486650e-03  3.2772068497e-05  4.0186721426e-06  9.1143084563e-05 -1.6991443570e-05  1.9895017097e-05  6.4479827168e-07  1.4613304359e-03  1.0695594991e-03  3.5791202249e-03  8.5893110939e-05  5.3768440817e-05 -3.8782860273e-05 -8.2618189741e-04 -3.2948400589e-03 -5.0131130555e-03  5.1696995575e-05 -2.1006849627e-05  2.8990534599e-05 -1.0647485564e-05  9.9176924914e-06  2.1700218398e-05  1.8145287781e-05 -3.0467297500e-05 -2.4615237261e-05 -1.4389117689e-05  9.9463056753e-07 -9.9010380605e-07 -1.0051940701e-05 -2.0883636597e-07 -1.1885356457e-05 -2.2828408714e-05  6.1807361982e-06 -5.1266333060e-06  1.7651046546e-05  1.8439011340e-05 -1.6531953317e-05  2.1768838641e-05  2.4424224395e-06 -9.9271663693e-06  1.8913151370e-05 -2.8932963793e-06  2.5884057273e-06  4.4052759291e-05  3.1908431900e-05 -1.0304801093e-04

JOB 18
COORDS  1.6446924085e+00  3.2201698360e+00  4.7380368112e+00  3.0094451356e+00  4.0401069011e+00  2.9372508987e+00  1.6383837508e+00  4.5152738633e+00  5.2511700165e+00  2.3646393045e+00  2.9593766146e+00  3.5579923105e+00  2.9033691083e+00  5.2933023325e+00  3.5393108965e+00  1.7198970170e+00  9.7699531171e-02  1.1990652494e+00  1.5922174497e+00  1.5178277685e+00  1.7404557022e+00  2.2529636902e+00  5.5545161597e+00  4.6604070480e+00  2.4135998083e+00  1.6806241512e+00  2.9616235583e+00  3.7829922906e+00  6.7850705151e+00  2.6823311663e+00  1.1065549126e+00  2.4263314365e+00  5.2502171751e+00  3.5856603405e+00  3.8975281278e+00  2.0303537168e+00  1.0998649881e+00  4.7415359624e+00  6.1696204817e+00  2.7629453766e+00 -1.3506780424e-01  9.6579868841e-01  1.3604844119e+00 -6.3946303787e-01  1.9270741147e+00  1.1228230783e+00 -1.7925976710e-02  2.8919147864e-01  5.3666381736e-01  1.7606236960e+00  1.9399709519e+00  1.9488909341e+00  2.2347663886e+00  9.9537579855e-01  2.1181192198e+00  9.8385115959e-01  3.6433977529e+00
ENERGY -2.955422632712e+03
GRADIENT -3.6300730596e-03  9.3822803911e-04 -2.3302138456e-03 -1.3766495148e-04 -2.4276571492e-04  2.3124139149e-04 -2.2174812354e-04 -2.5374358329e-04  2.6229106577e-04  3.9347066082e-03 -2.0326850595e-03  4.8650908827e-03  3.1133305653e-04  3.4905280952e-04 -3.1157750310e-04 -7.9168893898e-07  2.8124265460e-05  2.9287781617e-05 -3.1230466350e-03 -1.0038733408e-03  1.8180102189e-03  2.7012838520e-05 -2.2355856178e-04 -1.0342137145e-04  2.5644746320e-03  2.0154435663e-03 -4.5501437465e-03  1.2923074349e-04  1.4206097567e-04 -8.0381664851e-05  9.2294735648e-06 -1.4815248770e-05  8.7235039663e-06 -8.8356174239e-07  2.2964686589e-05  5.9691036134e-05 -4.0585388747e-05 -5.8080074459e-05  4.3555665539e-05 -3.3783476639e-06 -4.8613490707e-06 -1.1102578482e-05 -4.5511996373e-06 -2.3452944050e-05 -3.1241746910e-06 -4.2913150578e-06  1.3147436075e-05  9.4335111191e-06  1.5226716805e-05  6.1104123611e-05 -1.1036314971e-05  5.4644114632e-06 -1.8364610767e-05 -7.1398421816e-05  1.5456688903e-04  1.7469624272e-04  3.3857387576e-04

JOB 19
COORDS  1.8812178955e+00  3.5876817649e+00  4.3414465003e+00  2.9549120276e+00  4.0631335143e+00  2.2440577259e+00  1.9746492067e+00  4.9444658484e+00  4.6355921816e+00  2.3998224523e+00  3.1141733862e+00  3.1199930420e+00  2.9665355009e+00  5.3952129273e+00  2.6534295082e+00  1.6033179216e+00 -1.1217145848e-01  1.3460706888e+00  1.6128193105e+00  1.4015028421e+00  1.5345535453e+00  2.5054055936e+00  5.8572909716e+00  3.8027107645e+00  2.3453962380e+00  1.7596619697e+00  2.7656356596e+00  3.7278098930e+00  6.6971188688e+00  1.4443691107e+00  1.4187817306e+00  2.9062578432e+00  5.0513898872e+00  3.3785064737e+00  3.7711672273e+00  1.2906376835e+00  1.5881894655e+00  5.3296051077e+00  5.5774320797e+00  2.6238641935e+00 -5.0194341370e-01  1.2878333629e+00  1.0922140254e+00 -6.1369507607e-01  2.1766524826e+00  1.0750609381e+00 -3.7692414622e-01  4.2518760221e-01  5.8438270789e-01  1.7927877408e+00  1.5629141781e+00  2.1124371130e+00  1.8735917511e+00  6.8443882828e-01  1.9870292973e+00  1.2091515482e+00  3.5423602102e+00
ENERGY -2.955425103178e+03
GRADIENT -3.7185296017e-03  6.3804447040e-04 -1.8055041624e-03 -5.4201258931e-06  1.6728126158e-05  4.0428337617e-05 -5.9256698433e-06 -1.4718125456e-05  2.8590378285e-05  4.0730501238e-03 -1.2019863921e-03  3.8031924101e-03  3.8222126285e-06 -2.2785818945e-06  3.8763989173e-05 -4.1939356517e-05  4.3239396845e-06  2.6886713774e-05 -3.2377512888e-03 -4.5166825259e-04  2.0608534931e-03 -7.8235407067e-06 -6.2969194937e-06  3.1656754929e-05  2.7747164742e-03  1.1596968375e-03 -3.9382633179e-03  8.4815421344e-06  4.4659046680e-06  4.7898578641e-05 -9.4814791137e-06 -1.5953571100e-05  1.2204048731e-05  4.4633549056e-06  6.1283543878e-06  2.6936478372e-05 -1.6234766157e-05 -1.7227219922e-05  2.5190963670e-05  5.3387850925e-06  7.1073534767e-06  3.9973231023e-06 -1.0041176605e-05  3.1096034750e-06 -1.6343570774e-05  1.6720840917e-05  1.3478833492e-05 -1.6087733455e-05  2.6161775562e-05  6.8250417681e-05 -2.4319325397e-05  4.6589948846e-05 -5.2472865326e-05 -5.9689410923e-06  7.4869289470e-05 -1.7408339745e-04 -7.5985151044e-05

JOB 20
COORDS  1.8678894403e+00  3.3448190394e+00  4.5413909443e+00  2.8393334577e+00  3.9420485244e+00  2.4241689600e+00  1.9802286426e+00  4.6794809261e+00  4.9093960821e+00  2.3243246427e+00  2.9409702721e+00  3.2680911049e+00  2.8828012260e+00  5.2455183638e+00  2.9169138222e+00  1.6265507869e+00 -2.1879374467e-01  1.3425412846e+00  1.7579059382e+00  1.2916615299e+00  1.5120999725e+00  2.4802130748e+00  5.6414343339e+00  4.1105305382e+00  2.2491840223e+00  1.6113225915e+00  2.8624157933e+00  3.5953371357e+00  6.6136959457e+00  1.7503060463e+00  1.4386113475e+00  2.6232626250e+00  5.2323239439e+00  3.2051206877e+00  3.7182305298e+00  1.4300544866e+00  1.6383219535e+00  5.0076607531e+00  5.8892304337e+00  2.5917702011e+00 -7.1239544499e-01  1.4901372749e+00  9.1221890860e-01 -6.3943218156e-01  2.0604999621e+00  1.2641672551e+00 -4.5715200972e-01  3.3832904507e-01  7.9440780446e-01  1.7869126484e+00  1.3195091467e+00  2.4713146513e+00  1.6762247430e+00  7.7793298454e-01  1.7780465259e+00  1.0436309782e+00  3.5608454794e+00
ENERGY -2.955427472625e+03
GRADIENT -3.4655308742e-03  6.5612172233e-04 -1.3872260386e-03 -1.6502259622e-05 -4.9503848704e-05  2.6684001768e-05 -3.5995214322e-05 -7.1303361312e-05  3.7980332951e-05  3.5475461894e-03 -1.0435456463e-03  2.8555581566e-03 -1.7012845079e-05  4.9227109712e-05  9.1348695110e-05  4.7980316830e-05  1.2549025240e-05 -2.3823833712e-05 -3.3514694344e-03 -1.3381384394e-04  1.2286864167e-03  2.2876343429e-05  3.2606428125e-06 -3.3849508258e-05  3.3209440831e-03  3.9694679802e-04 -2.7304806745e-03  5.4269813170e-06  1.1485514191e-05  3.0535922959e-05 -1.9771713227e-05 -1.4231070468e-05  2.4613596891e-06  5.3613873270e-06  1.7168693277e-05  2.2454085071e-05 -8.6475257912e-06 -1.1860394000e-05  2.3088388895e-05  1.2871306418e-05  1.4243610034e-05 -6.0543268024e-05  4.5784134974e-05 -2.5788161958e-06  2.7820009101e-05 -5.0891352919e-05  2.0451918378e-05  1.1555237659e-05 -4.2153361165e-06 -2.1762042307e-05 -3.3874040954e-05  2.2623570246e-05  5.1432820859e-05  4.5779481826e-05 -8.8959885050e-05  1.7425005338e-04  9.4302327110e-05

JOB 21
COORDS  1.7732534259e+00  3.0777969020e+00  4.9483904473e+00  2.6567503426e+00  4.0052247439e+00  2.9100798082e+00  1.8581474346e+00  4.3475532822e+00  5.5003617413e+00  2.1958749324e+00  2.8766393514e+00  3.6145241412e+00  2.6845451105e+00  5.2229307928e+00  3.5897160377e+00  1.6653275651e+00  4.6924294216e-03  1.2494050478e+00  1.9382472955e+00  1.4663163881e+00  1.5913814771e+00  2.3100813252e+00  5.4311422623e+00  4.8374879077e+00  2.1463988303e+00  1.6207306019e+00  3.0350339075e+00  3.3245768179e+00  6.7662026933e+00  2.6139681920e+00  1.3917782305e+00  2.2497685724e+00  5.5408882432e+00  2.9868461080e+00  3.9436541003e+00  1.8812212822e+00  1.5393455077e+00  4.5195740773e+00  6.5267049144e+00  2.4980648820e+00 -6.3201983527e-01  1.5640307733e+00  7.5185500969e-01 -3.5410768502e-01  1.7383722371e+00  1.5313574750e+00 -1.1293067930e-01  1.7043200993e-01  1.1093730500e+00  2.1028970359e+00  1.2476706543e+00  2.8402889767e+00  1.7975254519e+00  1.0660696600e+00  1.6073319778e+00  9.5866104319e-01  3.5826905833e+00
ENERGY -2.955429554097e+03
GRADIENT -2.4889925697e-03  4.2650303075e-04 -9.7685588558e-04  4.1377723989e-05  4.8891474339e-05 -1.8070995851e-04  6.1951487866e-06  1.6002890252e-04  2.2268099542e-05  2.3611137135e-03 -6.7519142120e-04  1.8198263729e-03 -4.4054051439e-05 -1.8136189357e-04  6.0967758405e-05 -1.2362032726e-05  1.1927540786e-05 -6.4048534856e-06 -2.6614234998e-03 -5.6631457914e-05  3.5226749064e-04 -4.1874542189e-05 -1.0841791435e-06  1.2896698169e-04  2.8805428274e-03  2.6838096695e-04 -1.2482099563e-03 -3.6601712390e-05 -6.0644395995e-05  8.9848867355e-05 -2.5418450129e-05  7.7385866193e-06  1.4657439104e-05  6.6983041152e-07 -1.1913525419e-05 -2.7992951126e-06 -4.3554120979e-06 -1.7985744748e-05  2.2716557951e-05  6.5736927584e-06  7.5217400080e-06 -1.4758290496e-05  7.1872704916e-06  6.7814862923e-06  1.2290382382e-06  2.2325439207e-06  1.6086290271e-05 -2.0712536857e-06  2.2406420522e-05  2.3014850725e-05 -2.6149895545e-06  3.3038576088e-05 -1.0023165441e-05  1.8802459261e-05 -6.9374345615e-05  9.3350159490e-05  8.6817359839e-05

JOB 22
COORDS  1.7803826836e+00  3.0667837390e+00  5.0060360263e+00  2.5404476522e+00  4.0278007523e+00  2.9317099710e+00  1.9375414527e+00  4.3176888078e+00  5.5808015084e+00  2.0924408900e+00  2.8930848814e+00  3.6362652618e+00  2.6535990142e+00  5.2240444670e+00  3.6411658377e+00  1.7150491524e+00  2.3816319982e-02  1.2302294513e+00  1.9737010009e+00  1.4837801129e+00  1.5908663074e+00  2.3739187778e+00  5.4083520588e+00  4.9160980453e+00  1.9774982639e+00  1.6565584248e+00  3.0412502503e+00  3.2736779070e+00  6.7744758465e+00  2.6620386571e+00  1.4280526841e+00  2.2304632323e+00  5.6047530437e+00  2.7923183250e+00  3.9898468549e+00  1.8802005686e+00  1.7020135861e+00  4.4685945516e+00  6.6325972168e+00  2.4775102980e+00 -6.2815148261e-01  1.6680030787e+00  7.3189676575e-01 -3.0506086714e-01  1.5868737410e+00  1.7342398674e+00 -1.0689931565e-01  1.4472689848e-01  1.2172856443e+00  2.1312530543e+00  1.1218681308e+00  2.9493829905e+00  1.7895649841e+00  1.1967736749e+00  1.4137180147e+00  9.8936956551e-01  3.5536819257e+00
ENERGY -2.955430556518e+03
GRADIENT -5.9901761234e-04  1.2956626866e-04 -6.5632338418e-06  6.1237255739e-06 -7.2905411775e-05 -8.9752765886e-05  3.2504627678e-05 -9.5744626997e-05 -5.5460705862e-05  5.3461255912e-04 -2.3210377488e-04  1.6615309452e-04 -3.9875720703e-05 -1.3762594815e-05  2.2150084756e-04  3.0157406712e-05  5.8864031881e-06  7.6052209711e-06 -4.3501344506e-04  3.2925672822e-05 -3.1647962495e-06  1.4031261636e-05  7.9177187485e-05 -7.2977343497e-05  4.6029279992e-04  1.4593932166e-04 -5.8370754609e-05 -6.2339744282e-06 -1.5728159761e-05  2.9216835429e-05  1.1769103847e-05 -2.9329827248e-05 -2.0324578691e-06  9.5949565503e-06  1.4871976699e-05  3.2268547458e-06 -9.9067915856e-06  5.3831667475e-06 -2.6446379333e-06 -7.4207878489e-06 -1.4365823674e-06  3.9079512306e-06 -1.2897689958e-05  4.3039881749e-06 -2.4037076612e-05  1.5564429301e-05  1.5784789758e-05 -3.2170489003e-06 -2.1298856375e-05  1.3651163334e-05  1.5568057914e-05 -3.3905178341e-05  4.0554907912e-05 -4.0073112248e-05  3.9605673233e-05  2.9521706661e-05  4.1646945817e-05

JOB 23
COORDS  4.9671295415e-01 -5.5106854448e-01  1.6451754783e+00  2.8526534302e+00 -9.2163601020e-01  1.2914610194e+00  4.4666593883e-01 -1.7987569579e+00  2.2445651855e+00  1.7340443048e+00 -7.4972955969e-02  1.1455284017e+00  2.6510642035e+00 -2.1537680275e+00  1.9131418580e+00  2.7795479134e+00  3.0511162157e+00 -6.7400388648e-01  3.0520720999e+00  1.7052339139e+00 -8.3477989256e-03  1.5113370739e+00 -2.6166554004e+00  2.3874862410e+00  1.8213117623e+00  1.1450660439e+00  5.3093339667e-01  4.1954488256e+00 -3.3056952798e+00  2.1069801392e+00 -4.0465072969e-01  5.0748238345e-02  1.5593488745e+00  3.8369323341e+00 -6.3817095168e-01  9.4294384599e-01 -4.9599434766e-01 -2.1785832272e+00  2.6341650736e+00  2.0657734226e+00  2.9449854450e+00 -1.4976213564e+00  2.3761110046e+00  3.7731564142e+00  4.4890873384e-02  3.7061184250e+00  3.4666322721e+00 -1.0792755472e+00  3.7993804525e+00  1.8272241511e+00  7.8915979211e-01  3.4751348765e+00  1.0076627911e+00 -7.4247719948e-01  1.0100313714e+00  1.7463141414e+00  5.6826386005e-01
ENERGY -2.955430309462e+03
GRADIENT -1.7236998117e-04 -3.4870840941e-04 -7.3418219138e-04 -4.9881163938e-06  5.6532564640e-07  5.9839752990e-06 -1.4412927708e-05  2.7915143087e-06  3.2140367545e-06  2.2435108411e-04  2.9312129504e-04  6.7205759457e-04 -1.5863845063e-05 -7.6579479844e-06  4.2191550326e-06  4.3987292589e-06 -2.2199741072e-05 -2.1746125691e-05 -1.6586188189e-04 -3.0767536857e-04 -7.0879105490e-04 -2.0606241153e-05 -2.4433697665e-06  4.7554796234e-06 -5.2659343573e-05  1.6045695852e-04  7.6546374020e-04 -2.1638904632e-05 -1.2672432775e-05  1.1065265454e-05 -6.9706255787e-06  5.2068821476e-06 -1.6424070885e-06 -7.2172279491e-06 -1.0314923212e-05  1.2652769407e-05 -1.7803354006e-05  6.6816802086e-06  1.2748373584e-06  1.6303105786e-05 -8.4690485376e-06 -3.6642917553e-06  3.3733024961e-06 -1.0072518973e-05 -3.8173048865e-07  1.3384161933e-05 -8.8406881584e-06  1.2586289014e-05 -1.1966408543e-06  1.3386984767e-05  4.3443451864e-06  5.3338912108e-06 -2.7889325277e-05  2.4534435903e-05  1.4932859423e-04  1.7653524105e-04  1.8698326105e-05

