JOB 0
COORDS  1.9623120111e+00 -5.9478489364e-02  1.4229276419e+00 -1.5922993081e-01 -1.0932316327e+00  8.9271130122e-01  9.5546556025e-01 -1.7711722098e+00  2.7918929672e+00  8.5234313961e-01 -1.8126247450e-01  5.7137624632e-01  2.0185430418e+00 -8.7432287672e-01  2.5515644069e+00  5.1080358667e+00 -1.8925252332e-01  4.4040651313e+00 -3.8020802289e-01  7.8663147436e-01 -1.2330771697e+00  4.1300706953e+00  1.5051407870e-02  3.2604580813e+00 -9.6779461705e-02 -1.8716774268e+00  1.9880058670e+00  8.5137965646e-01  6.3406351685e-01 -5.2721330882e-01  3.0270329471e+00 -8.7687783853e-01  3.4685735421e+00  2.7331962099e+00  6.5916187395e-01  1.1702814973e+00 -1.0391182467e+00 -1.2141307440e+00  2.6803201878e-01  9.8955716405e-01 -2.4108244231e+00  3.6716444485e+00  4.6315640122e+00  3.1245504678e-02  5.3635501983e+00  5.4675306001e+00 -1.2220099725e+00  4.4245542614e+00  5.9685138327e+00  4.7639341462e-01  4.2817006866e+00 -2.0522407474e-01  1.5701692900e+00 -1.9716747398e+00 -1.1874763578e+00  1.0905222306e+00 -5.5635466287e-01 -6.6404149444e-01 -1.3836250787e-01 -1.7490534261e+00  4.6030289098e+00 -2.0562056590e-01  2.2942500850e+00  3.7651201788e+00  1.0505479407e+00  3.2357855582e+00
ENERGY -5.167455893831e+02
GRADIENT -7.3011748822e-04  1.1076559764e-03  8.2320222886e-04  2.2936241062e-05  1.0207064118e-05  1.5388937859e-06  1.2616368293e-06 -6.9575278062e-06  2.1878546451e-05  8.8914850850e-04 -9.9648679692e-04 -7.4063586726e-04 -1.0557675147e-05  9.6940702323e-06 -3.0062323182e-06  2.8743118577e-06  3.0599960022e-06  1.3774763777e-06 -3.6413478691e-04  1.2089776712e-03  9.0730394887e-04 -1.1648786468e-06  1.1310800091e-05  1.8138245195e-06  8.5138742282e-06  2.4172114514e-06  1.6690248230e-06  2.2360105095e-04 -1.3275585819e-03 -9.8941788417e-04  1.0147333051e-05 -2.1083298887e-05 -1.7081416361e-05  4.6183253650e-06  1.8844543109e-06 -1.6027117659e-06  4.9630316706e-06 -4.1274360892e-06 -2.8691762864e-06  5.4377585610e-06 -1.2486060827e-06  2.5281818889e-06  5.8924483548e-06  3.9453953658e-06 -5.8743057288e-07  4.4874743169e-06  1.7497035773e-06  9.7608707902e-07  5.8980922223e-06  8.7558763514e-07 -2.5268416878e-06  3.4869904045e-06 -3.3503601509e-06 -6.6077994067e-07 -9.0172841991e-06 -8.9004215775e-08  3.0200873093e-06  9.7099416047e-06  9.9486480584e-06  7.6253100030e-06  9.1722200323e-06  3.8065164480e-07  8.7781298527e-07  6.3939743785e-07 -9.6307740447e-07 -4.8166377114e-06

JOB 1
COORDS  1.9484885532e+00 -1.4788586821e-01  1.4137026897e+00 -4.5063884629e-01 -4.5523073737e-01  1.3655838102e+00  6.8570836095e-01 -9.5012552931e-01  3.3064379744e+00  7.3367130261e-01 -9.4030117309e-02  7.1418045955e-01  1.9253374034e+00 -5.9592689994e-01  2.7341840299e+00  5.3355350546e+00 -6.1030376589e-01  4.0818810595e+00 -3.4417279431e-01  1.0131237548e+00 -1.1084290194e+00  4.2993375051e+00 -3.7594184025e-01  2.9968091562e+00 -4.6308155972e-01 -8.7662439979e-01  2.6418281016e+00  7.9992644851e-01  3.3210121387e-01 -5.8681521284e-01  3.0166949611e+00 -7.1172425276e-01  3.5425540160e+00  2.8560844445e+00  1.5352045495e-01  9.0378033995e-01 -1.4118632652e+00 -4.1266146932e-01  8.6075284166e-01  6.5758962558e-01 -1.2983584077e+00  4.3370949878e+00  5.1294178243e+00  1.6244199287e-02  4.9543599449e+00  5.3328550059e+00 -1.6572481753e+00  4.3983138716e+00  6.3329099304e+00 -3.6347056185e-01  3.7040219157e+00 -1.6094780869e-02  1.4823358830e+00 -2.0375092111e+00 -6.9567575371e-01  1.7800940070e+00 -4.0884182211e-01 -1.1623281575e+00  3.1755998026e-01 -1.3291956206e+00  4.5001706331e+00 -1.0038641628e+00  2.1186244515e+00  4.2979771868e+00  6.7418155236e-01  2.6753123319e+00
ENERGY -5.167442497102e+02
GRADIENT  3.0280501125e-05  2.5529712594e-03  4.8611567643e-04 -2.9873750384e-04 -5.0330468619e-05 -1.7481646102e-04  1.3813892440e-04 -1.2615527054e-05  1.2553124935e-04  1.0443099965e-03 -2.5318105048e-03 -2.0475960070e-04 -2.9392575006e-04  1.6196019183e-05 -7.5883520646e-05  4.0147093000e-06 -6.4747081753e-06  3.5352971925e-06  8.9602908285e-04  2.2362959095e-03  7.9682554476e-04  1.4463141384e-05 -7.0236681549e-06 -2.8323862186e-05  6.1838062697e-05  2.5029774160e-05 -1.1686146487e-04 -1.4965796114e-03 -2.2976273330e-03 -7.0295599060e-04 -6.3370296264e-05  6.0942515676e-06 -6.2476326459e-05  8.3308093798e-05  1.0151460861e-05 -6.8892101347e-06 -3.6317003873e-05  1.1498504189e-05 -9.9373610775e-06 -1.2531278600e-05 -1.5419178320e-05  1.6205687287e-05  5.2821155210e-06 -1.6721602138e-06  2.0446528470e-06  7.1220640670e-06 -2.2553242033e-06  2.4105635199e-06  3.8047587726e-06 -1.0222738062e-06  9.3747528598e-07  7.3279335962e-06 -1.0223785886e-05  2.1547661911e-06  2.7084282643e-07 -2.9298608395e-06  1.3008999642e-06  1.7364316403e-05  2.3301605099e-05 -3.7241048225e-06  8.0428597130e-06  4.0785603145e-06  2.9841848388e-06 -3.8059260153e-07 -2.2712703823e-06  1.0196331432e-06

JOB 2
COORDS  1.9262732900e+00 -2.2113449034e-01  1.3964074232e+00 -4.6480631161e-01 -5.7257246152e-01  1.3641090892e+00  6.8200256617e-01 -9.8203622006e-01  3.3169012008e+00  7.1084653333e-01 -2.1046328159e-01  6.9913884146e-01  1.9146075301e+00 -6.2806677725e-01  2.7320957175e+00  5.3284512796e+00 -5.5117162287e-01  4.0685769041e+00 -2.5737982336e-01  1.0832819251e+00 -1.0555144786e+00  4.2861169226e+00 -3.6584341797e-01  2.9799455393e+00 -4.7055339608e-01 -9.5053952035e-01  2.6528410052e+00  7.5159490861e-01  1.6358905810e-01 -6.2303065795e-01  3.0096466939e+00 -7.0122798992e-01  3.5405175577e+00  2.8277547104e+00  7.7755485054e-02  8.7435580741e-01 -1.4247382475e+00 -5.6685275666e-01  8.5368675705e-01  6.6104691355e-01 -1.2970949076e+00  4.3583721049e+00  5.1163698859e+00  1.0028526991e-01  4.9211534002e+00  5.3408553049e+00 -1.5873346542e+00  4.4184571687e+00  6.3212893411e+00 -3.0324082635e-01  3.6796774083e+00  6.6275519216e-02  1.4489850741e+00 -2.0318266492e+00 -3.4466438916e-01  1.9220233001e+00 -3.5544997952e-01 -1.2329837012e+00  5.9572086487e-01 -1.1634648561e+00  4.4928745259e+00 -1.0189144488e+00  2.1217406585e+00  4.2696281854e+00  6.7332941864e-01  2.6249786720e+00
ENERGY -5.167426148087e+02
GRADIENT -3.7656625864e-04  2.2886011347e-03  6.5533277282e-04  3.1735781603e-05 -7.9267914450e-07 -1.7621239122e-06 -1.2156357432e-05  8.2824606598e-06 -3.3243952053e-05  1.1595204154e-03 -2.5177234489e-03 -6.8595991077e-04  5.0412193983e-05 -7.2098997922e-06  2.3956307438e-05  4.1791588078e-06 -1.8086742120e-06  2.9699739950e-06  1.4145367850e-03  1.8031669883e-03  5.6375313378e-04  6.2904310029e-06 -3.5738000753e-06  4.1490181790e-06 -5.5683236138e-06 -1.4735565976e-05  1.8678684837e-05 -2.2287422555e-03 -1.5845469509e-03 -5.2501444732e-04  1.8879529324e-05 -3.4852758781e-06  9.0556641293e-06 -3.4015284669e-06 -4.7210230991e-06  6.4282903569e-06  8.7239493674e-06 -5.3882464404e-06  4.5603065907e-07  6.2770006973e-06 -4.0289298144e-06 -1.4012911749e-06  4.9196413220e-06 -1.8152968596e-06  2.6689019259e-06  6.2691084433e-06 -1.8523808386e-06  3.0846783105e-06  5.2429543881e-06 -1.4703913633e-06  2.8068432887e-06  8.8640758145e-06 -2.1574881928e-06  3.5294362851e-06  1.5879988660e-06 -6.6386577133e-06  3.6797754041e-06  5.0114882729e-06 -1.2463572050e-05  1.2927645582e-06  6.3180977746e-06 -2.2615419215e-06  2.5912928733e-06  2.8914225766e-06 -2.2341594185e-06  3.7039088656e-06

JOB 3
COORDS  1.8662352171e+00 -2.6080040761e-01  1.3701529149e+00 -5.1436313439e-01 -6.7565518331e-01  1.3497956398e+00  6.4474501280e-01 -1.0181870368e+00  3.3063903379e+00  6.4869020726e-01 -2.8455172878e-01  6.8039242873e-01  1.8670082230e+00 -6.4535135439e-01  2.7142116410e+00  5.2833248590e+00 -4.7907315107e-01  4.0363733456e+00 -1.5506750920e-01  1.1792067342e+00 -1.0089824103e+00  4.2337685483e+00 -3.3273153777e-01  2.9487848406e+00 -5.1042661315e-01 -1.0323985032e+00  2.6434730059e+00  6.5547818818e-01  5.0906737440e-02 -6.5718114327e-01  2.9663279948e+00 -6.8539615181e-01  3.5192747154e+00  2.7607128423e+00  4.4236408437e-02  8.3944738716e-01 -1.4695265769e+00 -7.1497541041e-01  8.3054540233e-01  6.3342613902e-01 -1.3163164896e+00  4.3530303436e+00  5.0607798579e+00  1.8153833447e-01  4.8791737200e+00  5.3182038411e+00 -1.5089993922e+00  4.4027137667e+00  6.2695063077e+00 -2.1714942769e-01  3.6398160289e+00 -4.0161888415e-03  1.3409746878e+00 -2.0779385139e+00  1.6046334715e-01  2.0701741802e+00 -4.5225486818e-01 -1.2179278906e+00  9.9237140671e-01 -8.1941793188e-01  4.4512716779e+00 -9.9511812110e-01  2.1004438084e+00  4.1946540652e+00  7.0009594273e-01  2.5773215258e+00
ENERGY -5.167415956894e+02
GRADIENT -1.7285844586e-04  8.3346760479e-04  2.1384273516e-04 -3.5058066839e-05 -2.6159745693e-05 -6.9326189516e-06  5.9341959115e-05 -3.5719825879e-06  5.0499146721e-05  5.4478131881e-04 -1.0612526305e-03 -2.6247183922e-04 -2.5103603605e-05  3.7740135367e-05  1.7900683575e-05  5.3354623544e-06 -4.2670441237e-06  2.8251376493e-06  6.6704324340e-04  5.2572540843e-04  1.2203178460e-04 -2.2733203180e-06 -7.9667432937e-06 -2.3687037469e-06  1.1545991505e-05 -7.1275821194e-06 -2.4716899072e-05 -1.0035383094e-03 -3.4083743323e-04 -5.9947976200e-05  5.1992251067e-06 -1.2716539368e-05 -6.6441957952e-06  1.0068849542e-05 -7.0061063012e-06  1.3325625093e-06  4.8079408393e-06  1.0483017567e-05 -2.7618257282e-06  5.9589779892e-06 -4.1454753214e-06  4.3891045440e-06  3.1316680197e-06 -9.7996536103e-07  1.2218132990e-06  5.9687284085e-06 -1.0006272198e-06  3.0793513057e-06  3.4353809633e-06 -3.2654985264e-07  1.1711232765e-06 -7.0510589500e-06 -2.4258902877e-06  1.5671680239e-06 -3.3636011908e-06  2.0568513441e-06 -1.1180984918e-05  2.8047221580e-06 -5.0650793912e-06  1.0222592437e-05  5.1388500443e-06 -7.1674227779e-07  3.2277755323e-06 -1.1175285002e-07 -2.4224424507e-08 -7.0384273986e-08

JOB 4
COORDS  1.8389717799e+00 -3.2690016598e-01  1.3680775251e+00 -5.3180510465e-01 -7.9586223157e-01  1.3764808294e+00  6.5130803529e-01 -1.0817777024e+00  3.3263448776e+00  6.1529512210e-01 -3.8742702377e-01  6.9252862167e-01  1.8598519772e+00 -6.8990329520e-01  2.7186519123e+00  5.2819469985e+00 -4.2555623220e-01  4.0098161799e+00  4.2746230130e-03  1.2107820378e+00 -9.3743292792e-01  4.2207087774e+00 -3.2088859884e-01  2.9287918667e+00 -5.0973092002e-01 -1.1345863126e+00  2.6747479170e+00  5.7448603963e-01 -7.2838758669e-02 -6.5164655511e-01  2.9667827483e+00 -6.9590309873e-01  3.5144859334e+00  2.7236501531e+00 -1.5658823689e-02  8.2438405164e-01 -1.4862299537e+00 -8.6345781456e-01  8.5781620035e-01  6.5650688710e-01 -1.3637699502e+00  4.3775835637e+00  5.0499880550e+00  2.4199586479e-01  4.8445600725e+00  5.3446351421e+00 -1.4487567660e+00  4.3909569460e+00  6.2583590830e+00 -1.4588177966e-01  3.6014053671e+00  1.5228163571e-02  1.3182256649e+00 -2.0238276203e+00  6.0084808199e-01  2.0113731379e+00 -4.8143402663e-01 -1.0276678830e+00  1.2795841920e+00 -5.7330467844e-01  4.4479480759e+00 -9.9022034983e-01  2.0884466356e+00  4.1534991497e+00  7.0516728934e-01  2.5427044228e+00
ENERGY -5.167412534609e+02
GRADIENT -2.0507470879e-04  3.3844913312e-04  1.1483407987e-04 -3.9914934282e-05  2.7360432920e-05 -3.8902317743e-06  1.5105706118e-04 -1.3635847429e-05  2.0261930865e-04  2.3167972056e-04 -5.2760765416e-04 -2.2359027059e-04  1.6855084615e-05 -2.8896351146e-05  5.6267443794e-05  2.3948695511e-06  8.6585202277e-07  5.0090758250e-06  2.8305931278e-04  1.4202458236e-04  2.2160939616e-05 -1.3606854608e-05 -1.0892030431e-06 -1.5688074477e-07  3.1741860847e-05  3.4908148009e-05 -1.1942986548e-04 -4.2667386956e-04  3.6722170749e-06 -2.7290935093e-05  1.4378554143e-06 -5.4567776048e-06  1.6278506943e-05 -1.8975561510e-05 -6.0017836991e-06  1.1801790996e-05  2.3834088136e-06 -2.2191659986e-06 -2.3303918858e-05  2.3791861876e-05 -3.1192581539e-06  1.5158362809e-05  2.1952412327e-06  2.4035255118e-07  6.9852599756e-07  5.1083355736e-06  2.2089175989e-07  3.2610590155e-06  2.2781957090e-06  1.4556555649e-07  2.7237680484e-07 -1.2368303808e-05 -1.3425056735e-05  9.9546066120e-07  1.3102653751e-05 -6.1641207389e-06 -4.2724210969e-06  1.0927078458e-05  3.4852620554e-06  3.7129568000e-06  3.1605332024e-06 -4.3612585244e-06  9.2804191445e-07  3.8134244462e-06 -2.3657944588e-06  7.4147818337e-07

JOB 5
COORDS  1.8046786444e+00 -3.8856895599e-01  1.3876238947e+00 -5.5339727783e-01 -9.1772183081e-01  1.4412357585e+00  6.7106518668e-01 -1.1634209239e+00  3.3701131338e+00  5.6950919874e-01 -4.8380325260e-01  7.3569510830e-01  1.8580796735e+00 -7.4076149123e-01  2.7396509416e+00  5.2915661399e+00 -3.7029168513e-01  3.9733485660e+00  1.8188567567e-01  1.1973356714e+00 -8.7201717845e-01  4.2104120937e+00 -3.0391699285e-01  2.9091702588e+00 -4.9916024961e-01 -1.2523746515e+00  2.7403737550e+00  4.7585305082e-01 -1.8039638109e-01 -6.0891319986e-01  2.9783527272e+00 -7.1466743469e-01  3.5164531172e+00  2.6745084221e+00 -6.4369328410e-02  8.2738496149e-01 -1.5131071498e+00 -1.0078002977e+00  9.3623645343e-01  7.0310764779e-01 -1.4385596628e+00  4.4227660030e+00  5.0526560120e+00  2.9426516421e-01  4.8085080267e+00  5.3915918220e+00 -1.3890742895e+00  4.3582984435e+00  6.2523050177e+00 -6.3165948161e-02  3.5478555916e+00  1.3419633439e-01  1.3021827963e+00 -1.9577119125e+00  9.6851446710e-01  1.8513311056e+00 -4.7388536964e-01 -7.8084410893e-01  1.4845064453e+00 -4.3118255849e-01  4.4451431732e+00 -9.7008568887e-01  2.0682964485e+00  4.1051511206e+00  7.1768941107e-01  2.5195761335e+00
ENERGY -5.167411061839e+02
GRADIENT -8.9319572634e-05  8.1040800342e-05  1.0720334860e-04 -4.0469309270e-05  1.2618343982e-05 -6.4131643963e-05  7.6422356295e-05 -1.3991271579e-05  1.3639971313e-04  1.0080198758e-04 -1.3567498919e-04 -9.3492341397e-05  3.1375494888e-05 -2.3886338200e-06  1.9546773628e-06 -2.4853977843e-06  3.1463117918e-06  5.7519384625e-06  1.4135436406e-04  3.2116046338e-05  3.8506860887e-06 -2.0087840455e-05  1.2975989247e-05 -3.3605389479e-06  5.3249756450e-05  1.6315820602e-05 -5.4289952486e-05 -2.1976733419e-04  1.0811707873e-05 -8.0047298972e-06  1.8701962562e-07 -2.5396671892e-05  9.8654869692e-06 -3.3068165852e-06 -9.4455308981e-06  7.5596334781e-06  2.6873540898e-06 -2.3570230614e-06 -1.5603069305e-05  2.0177188395e-05  8.2043334600e-06  1.1488686904e-05  2.9183730480e-06  9.3449694406e-07  1.0659851077e-06  1.7668646167e-06  7.6913975817e-07  1.9137770926e-06  9.1665709865e-07 -6.7799875694e-07 -1.6462245729e-06  8.0795640363e-06 -4.1283103517e-06  3.1575146613e-06 -1.6618918333e-05  6.6627387788e-06 -4.2255791363e-06 -1.0058365997e-06 -6.1253088566e-06 -5.0284625686e-06 -1.6985443206e-06 -3.8993129957e-06 -1.9240780265e-06  5.2196841687e-07 -1.2756837044e-06 -3.2451046246e-06

JOB 6
COORDS  1.7355842099e+00 -3.9404012228e-01  1.4025922270e+00 -6.0596016994e-01 -9.8904207903e-01  1.4936561009e+00  6.6337107481e-01 -1.2365622501e+00  3.3926117130e+00  4.8873481711e-01 -5.1015604495e-01  7.7383291586e-01  1.8244110250e+00 -7.6620809442e-01  2.7466873764e+00  5.2692267952e+00 -3.1843043938e-01  3.9226873032e+00  3.3957464306e-01  1.2062156901e+00 -8.4535707185e-01  4.1667614260e+00 -2.6602154307e-01  2.8797710950e+00 -5.1527948904e-01 -1.3493127446e+00  2.7842644521e+00  3.4098789491e-01 -1.9827710788e-01 -5.6285079210e-01  2.9588426432e+00 -7.2230051657e-01  3.5022336126e+00  2.5901680066e+00 -4.2784087452e-02  8.3522949722e-01 -1.5724619811e+00 -1.0926250636e+00  1.0051698329e+00  7.2489609272e-01 -1.5285868312e+00  4.4393984065e+00  5.0270091312e+00  3.2511529429e-01  4.7731940505e+00  5.4055361122e+00 -1.3400689273e+00  4.2884187791e+00  6.2126623631e+00  2.3321470694e-02  3.4850364767e+00  2.2129591049e-01  1.3034800790e+00 -1.9262162659e+00  1.2811357919e+00  1.6788613568e+00 -5.3838719868e-01 -4.9505897969e-01  1.7038856715e+00 -3.3593858322e-01  4.4050623706e+00 -9.1123180299e-01  2.0236053871e+00  4.0249490439e+00  7.5847272262e-01  2.5096065922e+00
ENERGY -5.167410941713e+02
GRADIENT  1.2730555447e-04 -5.0693689649e-05  1.6920574281e-05  3.2511325886e-05  3.1174331203e-05 -7.5414936500e-05 -8.3430999500e-05 -2.9904363394e-05  1.1070721656e-07 -1.3125014420e-04  4.3241492998e-05  1.4647684676e-04  4.4695019802e-06  3.6361514660e-05 -7.6079071223e-05 -7.4171327729e-06 -2.7515821967e-06  4.4649439421e-06 -6.0736982267e-05  5.8628471224e-05  1.7506406733e-05  1.2175145084e-05  1.1307281269e-05 -2.7292058823e-05  3.5632683063e-05 -1.4330711946e-05  9.9986178697e-05  1.1608069888e-04 -1.0208888332e-04 -7.2412988269e-05 -4.7629309417e-05 -1.4353845347e-05  4.2595136077e-06  2.0419158772e-05  1.7563502760e-07 -2.1862080508e-05 -1.6336668065e-06 -6.6362255011e-06  2.0191789010e-05  3.8663289358e-06 -1.5851686022e-06  7.9636674216e-06  4.4443848728e-06  1.9904286843e-06  1.1689499458e-06  1.0119232911e-06  8.3974280894e-07  6.2793983193e-07  2.2091356183e-06  2.6632755606e-07 -7.6997888759e-07 -1.1948404287e-07 -6.3566543664e-06  4.4858957831e-06 -1.0992214653e-06  7.7541752486e-06  3.7031924961e-06  2.6713570440e-07 -6.2553002402e-06 -6.7118301973e-06 -9.1897549720e-06 -3.6346665398e-06  2.5729853691e-06 -3.6536805207e-06 -2.4896042988e-06 -7.3574367179e-07

JOB 7
COORDS  1.6683386457e+00 -3.8054579657e-01  1.4331436261e+00 -6.5200364904e-01 -1.0471147727e+00  1.5528247942e+00  6.6519353923e-01 -1.3251727482e+00  3.4149825173e+00  4.1094008829e-01 -5.0739927091e-01  8.2606402457e-01  1.7956298500e+00 -7.9618352668e-01  2.7616106282e+00  5.2489234644e+00 -2.7819917057e-01  3.8852462630e+00  4.7708752551e-01  1.1856461674e+00 -8.4189878374e-01  4.1247326541e+00 -2.2610798154e-01  2.8656727455e+00 -5.2184670790e-01 -1.4520041929e+00  2.8255945252e+00  2.0179125591e-01 -1.7542728206e-01 -4.9450879965e-01  2.9451372500e+00 -7.4306871353e-01  3.4940808419e+00  2.5064158401e+00  1.2963746395e-02  8.7002341414e-01 -1.6256225152e+00 -1.1589931994e+00  1.0810030508e+00  7.5737047868e-01 -1.6504797369e+00  4.4495242984e+00  5.0027717715e+00  3.2706221585e-01  4.7622984072e+00  5.4253721903e+00 -1.3068497988e+00  4.2120807317e+00  6.1719859929e+00  1.0951721777e-01  3.4424656105e+00  1.8904714972e-01  1.2970439426e+00 -1.8887571754e+00  1.5415531547e+00  1.4283245752e+00 -7.3681005778e-01 -1.1305761299e-01  1.8708752104e+00 -2.2133997506e-01  4.3673311403e+00 -8.3314796890e-01  1.9830657510e+00  3.9429680065e+00  8.0549932263e-01  2.5346087767e+00
ENERGY -5.167412937204e+02
GRADIENT  1.9961957379e-04 -6.7926256439e-04 -1.9445301115e-04  3.7840263431e-05  1.3906157493e-05 -3.3968421660e-05 -7.1121482077e-05 -1.7637455700e-05  5.4677115624e-06 -5.6417516943e-04  1.1220799850e-03  3.7136248520e-04  1.4878467460e-06 -8.0449607185e-06 -4.1122728919e-05  3.1959757778e-06  2.2393360521e-06 -5.1898779714e-06 -6.2335538085e-04  1.4921688241e-04  1.3265386720e-04  2.7442967994e-05  3.6989811966e-06  3.4697643173e-06  3.8217313002e-05 -2.0672568621e-05  4.9987494339e-05  9.7930541475e-04 -5.9752902172e-04 -2.9403745151e-04 -2.5899691867e-05  1.7259381444e-06  1.0169599053e-05 -1.4411215115e-05 -5.4723007562e-06  4.2157277466e-06 -5.6688583486e-07 -8.0912363492e-06  1.5091670072e-05  6.7708977949e-06 -2.0265180508e-06  8.9481453654e-06  1.0900246666e-06  6.6290300412e-07 -2.0613467937e-06  1.6261161466e-06  6.0416262878e-09 -8.7572609556e-07  2.4505726605e-06 -9.3356542737e-08  9.3713408761e-07  1.2147100608e-06 -1.0202333991e-05 -3.5375386910e-07 -9.5197280818e-06 -7.6570084602e-06  4.7587884339e-06 -9.3031358241e-06 -7.1290601649e-06  2.2621501938e-06  2.2419468224e-06 -3.0485206313e-06  4.1188399637e-06  2.5491392256e-06 -3.4398348467e-06  4.2555482526e-06

JOB 8
COORDS  1.6056256254e+00 -3.5837143873e-01  1.4675570701e+00 -6.9237909213e-01 -1.0966052525e+00  1.6060313507e+00  6.7197951457e-01 -1.4158285261e+00  3.4277859548e+00  3.3933214241e-01 -4.9187275735e-01  8.8080350636e-01  1.7707434917e+00 -8.2666162416e-01  2.7754639476e+00  5.2289781165e+00 -2.4423314577e-01  3.8535038823e+00  5.9361266075e-01  1.1355510393e+00 -8.4574033888e-01  4.0831684095e+00 -1.8529763963e-01  2.8585432496e+00 -5.2375909008e-01 -1.5506255980e+00  2.8550783944e+00  7.4717575148e-02 -1.2573568847e-01 -4.1601134494e-01  2.9343691648e+00 -7.6797348181e-01  3.4855539483e+00  2.4228805728e+00  8.7952000871e-02  9.1443653066e-01 -1.6723589780e+00 -1.2143224013e+00  1.1490668390e+00  7.9320660971e-01 -1.7809371923e+00  4.4456968352e+00  4.9805989112e+00  3.1302525087e-01  4.7611969623e+00  5.4457969091e+00 -1.2797262866e+00  4.1306695226e+00  6.1296393178e+00  1.9372289949e-01  3.4113933901e+00  9.5112935162e-02  1.3622489209e+00 -1.7897955201e+00  1.6761397677e+00  1.0940272927e+00 -1.0193442357e+00  3.7141799604e-01  1.9200325839e+00 -1.1297873916e-01  4.3280242538e+00 -7.4492608247e-01  1.9456140267e+00  3.8618723615e+00  8.5324796877e-01  2.5767981698e+00
ENERGY -5.167421370795e+02
GRADIENT  4.9813360631e-04 -1.8857903634e-03 -7.5598982032e-04  6.6973808097e-06 -6.1244842335e-05  1.4889012166e-04  5.3675984397e-05  6.6050962068e-05 -9.0714464436e-05 -1.4902063795e-03  3.4199465585e-03  1.3064001346e-03 -5.1122869990e-05 -6.2228692339e-05  7.9125267328e-05  9.6096989312e-06  2.8561955439e-06 -5.6739508919e-06 -1.6351906475e-03  8.6136462134e-04  5.8700137974e-04 -4.7243348457e-06 -7.5095889553e-06  2.0012775504e-05 -9.0989977038e-05 -2.4103374247e-05 -7.6403118688e-05  2.6889519831e-03 -2.3475499487e-03 -1.1889862642e-03  3.8600750388e-05  1.4724965396e-05 -2.4047047955e-05 -4.3539851685e-06  4.6881061045e-06  3.8994514808e-06 -1.8419665688e-06 -6.8909557420e-06  4.4638965006e-06 -2.4399783188e-05 -5.5524211975e-06 -1.0692176417e-05 -1.8099093815e-06 -2.3828175107e-06 -1.9762198283e-06  4.6594385715e-06 -2.2458895960e-09 -3.1972158956e-06 -1.4648609503e-07  3.0966720810e-06 -6.2667941565e-07 -1.6654354718e-05 -4.0990462377e-06  7.4921394726e-06  1.5150157012e-06 -1.7433356840e-05 -8.8627497499e-07  2.2018770729e-06 -9.9492056544e-06  8.1172087834e-06  7.2094574364e-06  1.1458651355e-06 -4.1467245117e-07  3.3780703278e-06 -1.8260377002e-07 -2.3533771723e-06

JOB 9
COORDS  1.5541405928e+00 -3.1612297366e-01  1.4959606244e+00 -7.2354548484e-01 -1.1158587597e+00  1.6412516891e+00  6.8262765650e-01 -1.4862080934e+00  3.4221670052e+00  2.8121288650e-01 -4.5294852926e-01  9.2482853504e-01  1.7531994591e+00 -8.4205598106e-01  2.7782781955e+00  5.2164497134e+00 -2.2190847520e-01  3.8201529464e+00  6.8083514879e-01  1.0922553647e+00 -8.5433979322e-01  4.0507151430e+00 -1.4502571944e-01  2.8497902916e+00 -5.2112865705e-01 -1.6205649430e+00  2.8635127296e+00 -3.3611714342e-02 -3.1201762907e-02 -3.3974032838e-01  2.9290737117e+00 -7.8577918717e-01  3.4686653120e+00  2.3525301578e+00  1.7814491288e-01  9.5748973107e-01 -1.7095256029e+00 -1.2338382056e+00  1.1973620509e+00  8.3047289450e-01 -1.8951226561e+00  4.4195279848e+00  4.9714379313e+00  2.8456708550e-01  4.7580065118e+00  5.4642481469e+00 -1.2635439852e+00  4.0430055316e+00  6.0973458945e+00  2.5992929231e-01  3.3838584905e+00  1.3836732867e-01  1.4118396110e+00 -1.7454718715e+00  1.7056533713e+00  8.2425736667e-01 -1.1409891796e+00  7.0684576999e-01  1.9106443860e+00 -1.2506277112e-01  4.2922425486e+00 -6.5431554927e-01  1.9069120318e+00  3.7990346142e+00  8.9987360608e-01  2.6221777275e+00
ENERGY -5.167434486269e+02
GRADIENT  5.9838649092e-04 -1.9398486630e-03 -7.7183104778e-04 -2.6474416621e-05  4.1557124506e-05 -1.2682505659e-04 -4.9109298151e-05 -2.2350923289e-05 -1.6564323161e-05 -1.5574480768e-03  3.5603757967e-03  1.7423000701e-03  4.3644201600e-05  3.2448658035e-05 -3.8078199531e-05 -1.0353921825e-06 -1.8265056695e-06 -3.6767969379e-06 -1.3700146911e-03  1.2666849742e-03  7.6361314056e-04  2.6769824715e-06  4.1997669666e-06 -8.9053285451e-06  4.4433734970e-05 -3.2185804501e-07  6.5206192295e-05  2.3252158355e-03 -2.9285597267e-03 -1.6168904513e-03 -5.5921659467e-06 -5.9877538198e-06  4.7048844851e-06  2.5667293109e-06  1.6622778056e-06 -6.0782043736e-07 -3.4565420191e-06 -9.5546506479e-06  4.4062315372e-06  1.2231044773e-05 -6.2265642463e-06 -3.8374356386e-06  6.3894565492e-07 -3.2324026387e-06 -1.3292423757e-06  5.8241696833e-06  1.6956368800e-06 -8.2107150176e-06 -1.4300446474e-06  6.2544970325e-06 -3.3726948394e-06  1.5658124134e-06 -3.4090538764e-06 -4.2953785833e-06 -7.1090008370e-06  5.3823901014e-06 -5.3754770212e-07 -8.2675489241e-06  5.5181352382e-07 -6.7051221778e-07 -3.8535783103e-06  8.7030862786e-07 -3.1792508960e-06 -1.7392505338e-06  1.4738996848e-06 -4.1097165355e-06

JOB 10
COORDS  1.5138185542e+00 -2.6573090847e-01  1.5290772196e+00 -7.4818629434e-01 -1.1114331360e+00  1.6652873106e+00  6.8798007548e-01 -1.5425511032e+00  3.4085784331e+00  2.3736616930e-01 -3.9907302948e-01  9.6595577989e-01  1.7376484394e+00 -8.5124239853e-01  2.7826053182e+00  5.2028674967e+00 -2.1684334642e-01  3.8112402933e+00  7.4227221219e-01  1.0503469223e+00 -8.6808539863e-01  4.0237429755e+00 -1.1490286377e-01  2.8594365586e+00 -5.2195685080e-01 -1.6682167921e+00  2.8584860350e+00 -1.1898079169e-01  9.2324971429e-02 -2.5939068538e-01  2.9221520025e+00 -8.0589204605e-01  3.4594679405e+00  2.2987187996e+00  2.6978709251e-01  1.0118895871e+00 -1.7385712447e+00 -1.2224964449e+00  1.2292968509e+00  8.5536527474e-01 -1.9976939972e+00  4.3823972752e+00  4.9606357565e+00  2.3948388274e-01  4.7751845762e+00  5.4718292583e+00 -1.2632636960e+00  3.9807822276e+00  6.0695525501e+00  3.0143801557e-01  3.3884329399e+00  2.1575432661e-01  1.4054669229e+00 -1.7549058909e+00  1.6945148623e+00  5.9887364852e-01 -1.1745223535e+00  9.3639955637e-01  1.8944045630e+00 -1.9483878561e-01  4.2630395825e+00 -5.7312867946e-01  1.8900907491e+00  3.7506332017e+00  9.3502433647e-01  2.6861435373e+00
ENERGY -5.167444908627e+02
GRADIENT  3.1681306622e-04 -1.1268919620e-03 -5.3692195117e-04 -4.2207860977e-05 -1.9616912742e-05 -5.7324900627e-06  5.8835053455e-05  2.2311900813e-06  3.6646862840e-05 -8.3936804039e-04  2.2213025836e-03  1.0934773621e-03  9.8751580762e-06 -8.0821281986e-06  1.5021401828e-05  2.5084915006e-06  1.6207400853e-06 -2.8682258591e-06 -6.1887852029e-04  8.7979290070e-04  5.3512528320e-04 -7.9390797216e-06  1.1629316408e-07 -1.6234856348e-06  5.6744130315e-06  1.7587907563e-05 -4.4720309537e-05  1.1085475700e-03 -1.9535592311e-03 -1.0943209545e-03  1.6370394199e-05  2.6114573634e-06  1.7538822993e-06  3.0908784938e-06 -5.9127422044e-06 -1.0548350092e-06 -4.0403789189e-07  5.4469813742e-06 -1.1547722629e-05  1.0357462040e-05 -9.2315533874e-07 -1.3751468557e-06  2.2004100796e-06  3.7474214318e-09 -3.1259811141e-06  4.9358158130e-06  1.9722436414e-06 -5.4551410795e-06  9.9870897121e-07  4.3153334937e-06 -4.4203113850e-06 -3.0197187496e-06  4.3179543670e-06  2.1345551160e-06  1.9435168577e-07 -1.0832444759e-06  3.2018688922e-06 -1.1021396025e-06  2.0267206724e-06 -1.4229194515e-06  2.0690606675e-06  1.9350381083e-06 -4.7410692480e-06  6.4521186673e-07  2.3272110038e-06 -4.0273258491e-06

JOB 11
COORDS  1.4866372189e+00 -2.1323074500e-01  1.5583547785e+00 -7.5821624111e-01 -1.1060438599e+00  1.6819348380e+00  7.1091923166e-01 -1.6027938882e+00  3.3792672291e+00  2.0586751693e-01 -3.4337256756e-01  1.0047307853e+00  1.7387019673e+00 -8.6138275279e-01  2.7757493803e+00  5.2064029335e+00 -2.1687180556e-01  3.7905970986e+00  7.6063905684e-01  1.0094609292e+00 -8.8794186596e-01  4.0120299495e+00 -8.5949706230e-02  2.8615795772e+00 -5.0574068731e-01 -1.7188858391e+00  2.8412005635e+00 -1.9005200393e-01  2.2783455380e-01 -1.7212796401e-01  2.9320390609e+00 -8.2914466023e-01  3.4378852502e+00  2.2537322510e+00  3.6756159748e-01  1.0643457706e+00 -1.7537241646e+00 -1.2093888471e+00  1.2558041365e+00  9.0118522948e-01 -2.1076932581e+00  4.3238650495e+00  4.9695081868e+00  1.8155731605e-01  4.7811648531e+00  5.4971069164e+00 -1.2655864867e+00  3.8991128489e+00  6.0572024744e+00  3.4032079850e-01  3.3853681266e+00  2.4412717278e-01  1.3636622468e+00 -1.7808169845e+00  1.6293211237e+00  4.0901415918e-01 -1.1863717219e+00  1.0956271112e+00  1.8715351364e+00 -2.9731104352e-01  4.2457841312e+00 -4.8636642195e-01  1.8656170590e+00  3.7175466850e+00  9.6649866787e-01  2.7494265235e+00
ENERGY -5.167448715821e+02
GRADIENT  7.6862386144e-06  4.7787672160e-06 -8.6610780740e-05  5.0288447916e-05  2.3779313267e-06  6.7460963770e-05 -8.9456966644e-06  5.8380113717e-06 -9.8691632332e-06  3.1607773882e-05  6.5771167386e-06 -3.6611130540e-05 -4.6491272356e-05  2.0906971902e-06  9.0121437844e-06  6.6865475764e-06 -8.6639928156e-07 -7.1561730058e-06  1.7483726644e-05 -5.2474393784e-05  2.2681070435e-05  1.0810549540e-05 -2.3817583633e-06 -3.3389520875e-06 -2.5284112016e-05 -1.7944987704e-05 -1.6273024059e-05  1.5399641543e-05  2.6928976702e-05  2.0852143559e-05 -2.6391643138e-06  9.2585023691e-06 -1.1295675980e-05 -4.9367060173e-06  4.1143152235e-05 -8.4693810267e-06  7.6986388916e-06  4.1584553143e-06  1.2602019741e-05 -8.9174572903e-06  1.9585209291e-07  5.6242218586e-07  1.2141453460e-06 -6.7638966632e-08 -2.5720921381e-06  7.4193229854e-06  3.6526648948e-06 -5.0921118350e-06  1.9091806299e-06  6.5822926676e-06 -1.0892148966e-06 -1.2473837298e-05 -1.4349322432e-05  3.0993553929e-06  7.5633429342e-06  1.0998753758e-05 -3.2706690549e-06 -9.9613868471e-06 -8.1030097486e-06  2.9494229394e-05  5.5417145998e-06  3.0377411561e-06  1.7734405067e-06  2.6025805716e-06  4.3891656055e-06 -3.0537401002e-06

JOB 12
COORDS  1.4744591469e+00 -1.5780619597e-01  1.5947168374e+00 -7.5856014266e-01 -1.0831900229e+00  1.6825811271e+00  7.2825472093e-01 -1.6535234889e+00  3.3413737426e+00  1.9278110730e-01 -2.7678958592e-01  1.0403173830e+00  1.7437830402e+00 -8.6836709013e-01  2.7723521593e+00  5.2082205031e+00 -2.3179069163e-01  3.8022767599e+00  7.7170014733e-01  9.6914268487e-01 -9.1721816014e-01  4.0063606752e+00 -6.7363443626e-02  2.8884094491e+00 -4.9108553247e-01 -1.7533483537e+00  2.8069721410e+00 -2.2302573719e-01  3.7805179595e-01 -8.5832652278e-02  2.9405304678e+00 -8.5666926212e-01  3.4287877239e+00  2.2283861597e+00  4.6285093380e-01  1.1291957611e+00 -1.7564138390e+00 -1.1737261909e+00  1.2590530716e+00  9.3199170775e-01 -2.2085882299e+00  4.2545496148e+00  4.9722754862e+00  1.0928922186e-01  4.8142429612e+00  5.5137418442e+00 -1.2807200493e+00  3.8523009095e+00  6.0488164001e+00  3.5818932247e-01  3.4230054650e+00  2.4926997946e-01  1.3130200397e+00 -1.8108606435e+00  1.5388824831e+00  2.3783531117e-01 -1.2000614145e+00  1.2469742309e+00  1.8288854864e+00 -4.2787676860e-01  4.2393074440e+00 -4.0903603007e-01  1.8705877508e+00  3.6962355842e+00  9.8522168039e-01  2.8359395863e+00
ENERGY -5.167444908738e+02
GRADIENT -4.4403361024e-04  9.6323542895e-04  7.3098884893e-04 -4.5622592249e-05 -8.8534124892e-06  8.6192040606e-07  6.0113285207e-05 -1.7197352778e-06  3.3428427760e-05  7.0789036533e-04 -2.0309723087e-03 -1.4877588470e-03  9.0037425395e-06 -5.3778924297e-06  1.6911933122e-05  2.2460912949e-06  2.3942735606e-06 -2.4789876015e-06  7.4318434808e-05 -1.0262037992e-03 -6.2111204814e-04 -6.8883990818e-06 -2.4439489329e-06 -3.0147747281e-06 -4.1244673918e-07  3.2805391755e-05 -3.5208228326e-05 -3.5586388952e-04  2.0729158343e-03  1.3496662645e-03  1.4690346588e-05  7.8537151293e-06  5.0028371620e-06 -7.4593108466e-07  4.4963364074e-06  5.0792726477e-06 -1.0292413401e-06  7.2818269503e-06 -1.0299212773e-05  7.5552951653e-06  6.4463261933e-06  3.0296543236e-06  2.6846456501e-06  4.4734620582e-06 -2.5186076991e-06  2.1547806891e-06  3.9493197338e-06 -2.2941422584e-06  1.0012731251e-06  4.2006238319e-06 -4.3389690490e-06  8.8141861965e-08 -4.7804291480e-06 -3.2759212969e-06 -3.5216301291e-07  3.8611678928e-08 -2.7609991044e-06  5.0570441520e-07 -2.1673368004e-06  3.0261378181e-06 -2.5739855484e-07  1.1371155276e-06 -3.2836601545e-06  2.5776058858e-06  4.5259779397e-06 -4.6854257335e-06

JOB 13
COORDS  1.4734375230e+00 -9.4594193533e-02  1.6305502855e+00 -7.4746998448e-01 -1.0503853141e+00  1.6811104966e+00  7.5508673596e-01 -1.6856826706e+00  3.3012596547e+00  1.9067295610e-01 -2.0436196074e-01  1.0758196933e+00  1.7596851689e+00 -8.6016899009e-01  2.7674435663e+00  5.2196530599e+00 -2.3088329596e-01  3.8147452496e+00  7.4555158027e-01  9.1418575368e-01 -9.6225517634e-01  4.0111258347e+00 -3.6416532362e-02  2.9158037623e+00 -4.6584569990e-01 -1.7728153044e+00  2.7712528840e+00 -2.3620621861e-01  5.2541451978e-01 -1.8328733325e-03  2.9585330006e+00 -8.6706201794e-01  3.4195182468e+00  2.2121928566e+00  5.6358656509e-01  1.1915580111e+00 -1.7473276953e+00 -1.1302109501e+00  1.2603651290e+00  9.7203871713e-01 -2.2845748985e+00  4.1833359323e+00  4.9839946136e+00  5.3987648268e-02  4.8440115435e+00  5.5402325876e+00 -1.2764983916e+00  3.8090505325e+00  6.0499192208e+00  3.8995677030e-01  3.4630145694e+00  1.9153538231e-01  1.2656440082e+00 -1.8340721618e+00  1.3783226088e+00  6.4595350490e-02 -1.2452362390e+00  1.3753497453e+00  1.7320589121e+00 -5.8985430811e-01  4.2430581182e+00 -3.2230262329e-01  1.8807008366e+00  3.6861646421e+00  1.0129297638e+00  2.9186734469e+00
ENERGY -5.167434486829e+02
GRADIENT -6.7747299091e-04  1.5582247259e-03  1.3524924818e-03 -3.9341252525e-05  7.6185921900e-05 -1.0809074198e-04 -5.6043345091e-05 -3.8019344289e-06 -6.6936303237e-06  9.5674300669e-04 -3.3502228881e-03 -2.4492636416e-03  4.3799998298e-05  4.0374778430e-05 -3.2647416361e-05 -1.7190104024e-06  9.2575373434e-07 -2.7585400694e-06 -2.8818682434e-04 -1.7037601982e-03 -1.0385360518e-03  1.8981073505e-06  7.5063544878e-06 -5.5937973667e-06  5.5585875698e-05 -2.9694928539e-05  4.8259066207e-05  1.6761812833e-05  3.4112840561e-03  2.2255952082e-03 -7.8056301813e-06  3.3082281169e-06  1.2541309755e-05  1.8935064256e-06  7.8583434562e-07 -6.2976329628e-07 -6.1799734509e-06 -2.0731086461e-06  8.3984672404e-06  6.3212895547e-06  1.0850243648e-05  6.3457832411e-06  2.2267122955e-07  1.8883199271e-06 -2.3143275076e-06  3.7093902234e-06  4.1254177020e-06 -3.4930124837e-06 -1.6827163466e-06  6.3081180449e-06 -2.2756237908e-06 -2.2694508118e-06  5.6120330042e-06  1.4586807936e-06 -7.4783021967e-06 -3.8895410689e-06 -2.9583077124e-06 -2.7967026157e-06 -4.4469652752e-06 -6.2989372833e-06 -4.8495436635e-06 -5.1883444972e-06 -2.5082865264e-06  1.7529146718e-06  2.3960983873e-06 -8.9773777533e-06

JOB 14
COORDS  1.4870584543e+00 -3.2708414495e-02  1.6653543467e+00 -7.2283628183e-01 -1.0131568390e+00  1.6568190868e+00  7.8214464608e-01 -1.7189767464e+00  3.2439582207e+00  2.0672782644e-01 -1.2761419803e-01  1.1020163202e+00  1.7808417659e+00 -8.5471132839e-01  2.7585973250e+00  5.2288957501e+00 -2.4422718194e-01  3.8535921173e+00  6.9717398609e-01  8.5062383295e-01 -1.0185115017e+00  4.0209128046e+00 -1.4405843680e-02  2.9623801227e+00 -4.3657088212e-01 -1.7906024515e+00  2.7095858720e+00 -2.1526710806e-01  6.7117788550e-01  6.7772973707e-02  2.9766206356e+00 -8.8442887152e-01  3.4150472197e+00  2.2138177793e+00  6.6238759935e-01  1.2632172501e+00 -1.7215091177e+00 -1.0794830480e+00  1.2310405527e+00  1.0044767963e+00 -2.3620353780e+00  4.0931854021e+00  4.9869213963e+00 -1.9359607163e-02  4.8961664931e+00  5.5618664335e+00 -1.2841263034e+00  3.7913431217e+00  6.0527727020e+00  4.0470934133e-01  3.5396401611e+00  1.1873220550e-01  1.2971049885e+00 -1.8291862283e+00  1.1100924767e+00 -1.1083194744e-01 -1.3453481558e+00  1.5175763936e+00  1.5296803120e+00 -7.5478935966e-01  4.2590723795e+00 -2.3947810941e-01  1.9137858505e+00  3.6828500784e+00  1.0290041925e+00  3.0222853986e+00
ENERGY -5.167421370962e+02
GRADIENT -7.2620182546e-04  1.4798271126e-03  1.2878532090e-03  1.9887607714e-05 -9.6081412683e-05  1.2733369474e-04  4.8318576627e-05  7.7594766104e-05 -8.5089548847e-05  8.1487955746e-04 -2.9179444281e-03 -2.5400124261e-03 -4.7655278326e-05 -6.8350347955e-05  7.4961149915e-05  7.9731380970e-06  7.4671148389e-06 -3.1522813602e-06 -7.5636033743e-04 -1.5542361630e-03 -8.7921099807e-04 -1.5190766817e-06 -1.5733677506e-05  1.5232014534e-05 -1.0885996149e-04  2.5275144054e-05 -4.5527059893e-05  7.2630879857e-04  3.0470983482e-03  2.0841413666e-03  3.0782291127e-05  3.6091049861e-05 -1.0016592747e-05 -4.7209892886e-07 -6.7498466936e-06 -2.8497092468e-06 -3.5347752575e-06 -2.2836916514e-06  7.4764045858e-06 -2.5911482103e-05 -1.2960651724e-06 -8.2645793410e-06  1.8012626218e-06  2.1733342123e-06  1.8155298398e-07 -1.2619112276e-06  2.2384863361e-06 -1.6683021167e-06  2.0636135117e-07  1.6928522347e-06 -9.2466298421e-07 -1.3588371424e-05 -1.2789782764e-05  2.2518590392e-06 -6.5167656944e-07 -2.2324258947e-06  1.2793512548e-05 -7.4797452952e-06  7.2938077667e-06  1.4307849297e-05  8.5023263803e-07  8.6657110901e-07  2.3735667853e-07  8.3601466120e-06  4.3518168740e-06 -1.0324092844e-06

JOB 15
COORDS  1.5178683352e+00  3.2843561009e-02  1.6841895818e+00 -6.8124422378e-01 -9.6701067836e-01  1.6016113575e+00  8.1677952944e-01 -1.7421708336e+00  3.1620592162e+00  2.4207883445e-01 -4.3459872940e-02  1.1077985314e+00  1.8120872917e+00 -8.4169368532e-01  2.7341423783e+00  5.2381617081e+00 -2.4885253818e-01  3.9031804367e+00  6.2655315111e-01  7.7440034177e-01 -1.0913297918e+00  4.0374708482e+00  1.3532220079e-02  3.0112473961e+00 -3.9584248856e-01 -1.7986846459e+00  2.6153578584e+00 -1.5780101533e-01  8.1285103052e-01  1.0545729245e-01  3.0001562378e+00 -8.9458083064e-01  3.4022705639e+00  2.2332459360e+00  7.6367206657e-01  1.3257877524e+00 -1.6762388455e+00 -1.0201307939e+00  1.1654576785e+00  1.0393871586e+00 -2.4260431515e+00  3.9789814488e+00  4.9809910367e+00 -8.5419915385e-02  4.9535279093e+00  5.5868936851e+00 -1.2789942602e+00  3.7876547686e+00  6.0561271232e+00  4.2778369695e-01  3.6357501874e+00  1.3528305757e-01  1.4444476194e+00 -1.7991286783e+00  6.5525162634e-01 -2.4165459325e-01 -1.5032905884e+00  1.6518755894e+00  1.1246977248e+00 -9.2095119695e-01  4.2904405792e+00 -1.5007341714e-01  1.9547937236e+00  3.6833384082e+00  1.0470468422e+00  3.1243139469e+00
ENERGY -5.167412937147e+02
GRADIENT -2.2165532167e-04  4.7965002015e-04  5.0990496907e-04  2.8520674419e-05  4.0798542355e-05 -1.6622329993e-05 -6.5568725049e-05 -3.2468326322e-05 -4.4030685160e-06  1.8837675833e-04 -9.4729241457e-04 -8.8500483822e-04 -1.4822851915e-05  3.6790668673e-05 -1.3993761685e-05  2.2310254439e-06  4.9181893840e-06 -3.5043503727e-06 -4.0195615036e-04 -4.5917824166e-04 -2.3667218847e-04  2.5282857357e-05  9.2838745774e-06  6.7278431495e-06  3.5772683711e-05 -1.5172735587e-05  5.3212908252e-05  4.3057012448e-04  9.1169644050e-04  6.2176383862e-04 -1.7691868413e-05 -2.1257971768e-05 -3.8102899987e-06 -1.3357857432e-05 -8.5446760667e-06  2.3171034925e-06  4.3473268728e-08 -9.7579095385e-06  1.4124241869e-05  7.0769125266e-06 -3.2027330478e-06  8.0264500832e-06  1.0650420903e-06  1.3543994928e-06 -4.1372482354e-08  6.9411261491e-07  2.0934668037e-06 -1.3315473081e-06  2.1789484234e-06  5.3222586246e-07  1.3864161049e-06 -4.1139056626e-06  4.2191943891e-06  8.4897623154e-06 -1.0439247589e-05 -3.9697750647e-06  4.1964016634e-06 -1.0217471777e-05 -5.9037193912e-06  5.7727359816e-06  1.6307644496e-06 -1.1466968585e-06  5.7812214708e-06  1.6428619924e-06 -1.2546140471e-06  5.0949352388e-06

JOB 16
COORDS  1.5577220204e+00  9.4640967488e-02  1.6993456185e+00 -6.3257867264e-01 -9.1615908646e-01  1.5380756310e+00  8.5166154375e-01 -1.7544558788e+00  3.0784685440e+00  2.8944619269e-01  3.7417248403e-02  1.1063399820e+00  1.8459385063e+00 -8.2565147818e-01  2.7107723715e+00  5.2464030155e+00 -2.5589936074e-01  3.9607536666e+00  5.2223315528e-01  7.0368446660e-01 -1.1501723585e+00  4.0568888341e+00  3.5788192884e-02  3.0630760816e+00 -3.5280425327e-01 -1.7962480239e+00  2.5131960210e+00 -7.4341277384e-02  9.4321327646e-01  1.3011556479e-01  3.0239195448e+00 -9.0144695513e-01  3.3936547844e+00  2.2649614451e+00  8.5096561779e-01  1.3778176892e+00 -1.6225944162e+00 -9.5511186364e-01  1.0888256309e+00  1.0687638694e+00 -2.4741693707e+00  3.8656821554e+00  4.9710259194e+00 -1.4569795944e-01  5.0134207390e+00  5.6091106681e+00 -1.2754078213e+00  3.8019211160e+00  6.0603818386e+00  4.4174366138e-01  3.7390875703e+00  1.5392695813e-01  1.4882332855e+00 -1.8139046337e+00  2.2593287158e-01 -2.7859318518e-01 -1.5389298232e+00  1.6172090348e+00  7.5458766384e-01 -1.0991934308e+00  4.3278116040e+00 -7.4449674000e-02  2.0042232211e+00  3.6884857235e+00  1.0585304752e+00  3.2192190054e+00
ENERGY -5.167410941692e+02
GRADIENT  8.4816540892e-05  6.4315586069e-05  8.7238196552e-05  1.8945104341e-05  6.6753824954e-05 -5.4938390034e-05 -8.2310183460e-05 -3.1566504473e-05  9.7402552367e-07 -4.4165203024e-05 -1.9626341287e-04  8.9519894151e-07 -9.6101388192e-07  5.1667351152e-05 -6.7012318540e-05 -6.1798537704e-06 -6.3336852535e-06  2.3349800689e-06 -1.6605764847e-05 -6.3262941772e-05 -5.6419604149e-05  7.3117429808e-06  2.4267431016e-05 -1.9567522084e-05  5.2272609382e-05 -5.8334324462e-05  7.2865726575e-05  2.4952866731e-05  1.4930948760e-04  7.9655534203e-05 -4.4906400061e-05 -2.1827618504e-05 -1.8244600032e-08  1.0404199154e-05  2.7524018256e-05 -5.2703502803e-06  1.3412341498e-06 -1.4763187618e-05  1.4994263543e-05  4.9637819162e-06 -4.0014191502e-06  6.5403303442e-06  1.4360958123e-06 -3.2267885694e-07 -7.8499054952e-08  4.9707674324e-06  5.7503538121e-07  2.9409472641e-07  1.6852700958e-06  1.6041289387e-06  4.7287786444e-08 -1.9217991903e-06 -1.6014244853e-06  7.3368575540e-06 -4.7392084034e-06  7.6067495504e-06  1.7484121358e-06  4.0221628064e-06 -6.0558115026e-06 -4.5913496019e-06 -4.5007295399e-06 -3.7545052274e-07  5.7165292764e-07 -8.5646575065e-06 -5.3573330575e-06  1.5235016919e-06

JOB 17
COORDS  1.6128817269e+00  1.3841920919e-01  1.7076271063e+00 -5.7013222528e-01 -8.7201648523e-01  1.4691721395e+00  8.8684077562e-01 -1.7568668092e+00  3.0101209211e+00  3.5753092574e-01  9.8645794899e-02  1.0893742605e+00  1.8839386908e+00 -8.1210646261e-01  2.6965136708e+00  5.2545705873e+00 -2.6878489478e-01  4.0350674162e+00  3.8018819992e-01  6.5175859246e-01 -1.2029556635e+00  4.0831255145e+00  4.5780531048e-02  3.1215357412e+00 -3.0544512373e-01 -1.7851939503e+00  2.4171923328e+00  3.1849766603e-02  1.0398920305e+00  1.3188502684e-01  3.0478776366e+00 -9.0602973908e-01  3.4004582755e+00  2.3216569344e+00  9.0537594619e-01  1.4160939454e+00 -1.5528674247e+00 -8.9881500865e-01  1.0025944449e+00  1.0895738078e+00 -2.5012351497e+00  3.7779888321e+00  4.9563454170e+00 -1.9266302146e-01  5.0845323327e+00  5.6256725800e+00 -1.2812684407e+00  3.8524054220e+00  6.0695935349e+00  4.3893300125e-01  3.8526872034e+00  7.2284662724e-02  1.4719305645e+00 -1.8545025322e+00 -1.4385756651e-01 -2.6709089866e-01 -1.4940606461e+00  1.4622880864e+00  4.9345681165e-01 -1.2978434285e+00  4.3770405910e+00 -3.0063513764e-02  2.0658821631e+00  3.7061194358e+00  1.0613969900e+00  3.3013623362e+00
ENERGY -5.167411061911e+02
GRADIENT -3.3030009699e-06 -1.5727805137e-04 -3.7259217552e-05 -4.6117809338e-05  2.8740965596e-05 -5.5378116081e-05  9.6818368703e-05 -6.8900767282e-05  1.0373385759e-04 -1.0152936272e-05  1.6952885385e-04  9.1578039260e-05  2.5328065171e-05  1.4578337872e-05  1.2248377124e-05  1.1645223829e-06 -6.9448601260e-06 -3.3681032427e-07  1.3332370422e-04  5.4699407017e-05  1.7423505353e-05 -1.1279435051e-05 -1.1248638980e-05 -1.8243670831e-05  3.6031310319e-05  6.4471310395e-05 -2.5092411670e-05 -1.7831424497e-04 -1.0374204423e-04 -7.7156766305e-05 -9.4156799738e-06  4.9715980695e-07  2.5601709717e-05 -5.1965042491e-06 -4.7368387818e-06  1.0639427238e-05 -3.5234165020e-06  1.4708543958e-05 -5.1858884080e-06  2.4077913207e-05 -2.2570519604e-06  5.1392214317e-06  2.4090005363e-06 -9.6105077776e-07  8.2387496398e-07  3.1629802699e-06  2.9379443740e-07  6.6573614717e-07 -9.7494379489e-08  1.9717929401e-06 -6.6420865739e-09  5.6083682975e-06  2.6493031178e-06  7.3678510620e-06 -5.2077612312e-06  5.7255880488e-06  2.1251395345e-06 -1.1895927908e-05 -6.8334012765e-06 -1.2592349447e-05 -1.1399394097e-06  3.2923054448e-06 -3.7134249068e-07 -3.8456243043e-06  1.9554509819e-06  1.6586652401e-06

JOB 18
COORDS  1.6652658789e+00  1.5033553967e-01  1.6578790866e+00 -5.1232887746e-01 -8.4971399777e-01  1.3439771958e+00  8.9725829163e-01 -1.7582048703e+00  2.9159799730e+00  4.2925966685e-01  1.2369694941e-01  1.0029037647e+00  1.9038679411e+00 -8.1118279474e-01  2.6452045048e+00  5.2305817080e+00 -2.8456751413e-01  4.0955082139e+00  2.2117489300e-01  6.1409581652e-01 -1.2994018230e+00  4.0891490145e+00  4.0544652723e-02  3.1482864376e+00 -2.7636788477e-01 -1.7764247254e+00  2.2853848515e+00  1.5266388143e-01  1.0864896743e+00  5.2133877736e-02  3.0468570764e+00 -9.1629061340e-01  3.3808762129e+00  2.3848596869e+00  9.1541741844e-01  1.3896194582e+00 -1.4838304852e+00 -8.7037897875e-01  8.5380709190e-01  1.0741378259e+00 -2.5121621891e+00  3.6807749743e+00  4.8983409290e+00 -2.2199539782e-01  5.1356227951e+00  5.6087336560e+00 -1.2943434518e+00  3.9122546422e+00  6.0502362614e+00  4.2606205133e-01  3.9486412496e+00 -3.7401637682e-02  1.4623894873e+00 -1.9361541835e+00 -4.8828564638e-01 -2.0362078485e-01 -1.4732792621e+00  1.2348326086e+00  2.6809818178e-01 -1.5393288280e+00  4.4175947584e+00 -2.1168593446e-02  2.1020139295e+00  3.7045996923e+00  1.0531558943e+00  3.3287392395e+00
ENERGY -5.167412534462e+02
GRADIENT  2.6987904191e-05 -3.0640865456e-04 -2.7566465469e-04 -1.9532960258e-05 -2.5209592781e-05 -3.5625760481e-05  1.7808586601e-04 -8.5941980431e-05  1.5865424781e-04 -1.3131051129e-04  4.7008248757e-04  3.8078716943e-04  1.7263394356e-05 -2.7785993856e-05  5.7503819287e-05  3.9373974655e-06 -3.1748805919e-06  2.5848381120e-06  3.0830658283e-04  7.2155849663e-05 -2.0505447906e-05 -1.1733162445e-05 -6.1910105328e-06 -3.1448599557e-06  7.6192391051e-06  1.0039810436e-04 -7.9784415542e-05 -3.5727307490e-04 -1.8585713852e-04 -1.4250728147e-04  3.3259834986e-06 -1.0670361792e-05  1.3202383577e-05 -1.5610734085e-05 -1.7119633237e-05  5.2428856147e-06 -5.8725253226e-06  2.0803657665e-05 -9.3610802551e-06  2.2612021899e-05  4.0849496335e-07  1.7200341284e-05  5.3229426245e-06 -2.3258495097e-07  2.9174037213e-06  2.1121386825e-06  5.0344372122e-07  8.2017158922e-07  1.9957554652e-06  8.0178261824e-07  7.0897397269e-07 -1.6484323587e-05 -2.5234477355e-06  7.6276634930e-06  1.1981955760e-05  1.2019712855e-06  2.1603580445e-06  6.4458099910e-06  1.1938876883e-05  6.5760682613e-06  2.2432565584e-06  2.0406231452e-06  3.5629658514e-06  9.0700731494e-07  2.1658530733e-06  4.9767699657e-06

JOB 19
COORDS  1.7203770229e+00  1.3988845854e-01  1.6134554183e+00 -4.4753420187e-01 -8.5969728700e-01  1.2382820330e+00  9.1678766936e-01 -1.7664112678e+00  2.8524101252e+00  5.0305687091e-01  1.1546157943e-01  9.2331694094e-01  1.9300339287e+00 -8.1894676855e-01  2.6089699035e+00  5.2135637038e+00 -2.8756859861e-01  4.1526837885e+00  5.3541657892e-02  6.0521403566e-01 -1.3571851415e+00  4.1000242104e+00  3.4644350340e-02  3.1718462655e+00 -2.3662882994e-01 -1.7855047519e+00  2.1865803141e+00  2.7771326437e-01  1.0890351321e+00 -2.6971521969e-02  3.0529639483e+00 -9.2388453090e-01  3.3746389677e+00  2.4488542680e+00  9.0128223292e-01  1.3597079240e+00 -1.4061076292e+00 -8.8966231564e-01  7.2472579297e-01  1.0708962516e+00 -2.5192854036e+00  3.6230550618e+00  4.8508003288e+00 -2.2426885863e-01  5.1825215036e+00  5.5984793488e+00 -1.2969866698e+00  3.9819169577e+00  6.0361454526e+00  4.2411824133e-01  4.0290847897e+00 -5.8141497214e-02  1.4892544331e+00 -1.9877812260e+00 -8.5669939346e-01 -1.2031844531e-03 -1.4222540207e+00  9.0915076152e-01  1.1388661638e-02 -1.7016165023e+00  4.4591978656e+00 -2.7529867206e-02  2.1358076066e+00  3.7084657272e+00  1.0466907378e+00  3.3397450786e+00
ENERGY -5.167415956955e+02
GRADIENT  3.3030792552e-04 -5.3174095161e-04 -6.1584553212e-04 -3.0278538547e-05 -7.6602660323e-06  1.8722473704e-05  5.2979974990e-05 -5.2023479511e-06  3.5707273240e-05 -1.4690091220e-04  8.3332434987e-04  8.8235319277e-04  1.7315551708e-06 -3.9191620259e-05 -2.9421283835e-05  3.3601198695e-06  1.8639295450e-06  6.5011779129e-06  8.4054730815e-04  5.0448813770e-05 -1.6612802044e-04 -6.1472292427e-06  3.8024617707e-06  4.4181075977e-06 -7.1105325815e-06  2.1255761395e-05 -6.4684380331e-07 -1.0074782648e-03 -3.2548356617e-04 -5.0413800699e-05 -4.8929731990e-06  1.3131243691e-05  6.9052700422e-06  5.6646772360e-06  6.8163159761e-06  8.8198985997e-06  9.1796739995e-06 -8.0693925856e-07 -6.2992713382e-06  2.1304499818e-06  6.4478931669e-07  6.0733037204e-06  5.3525215075e-06  7.4465502342e-07  4.1118355644e-06  2.4653081068e-06  8.8683748614e-07  2.3373547978e-06  3.0594101945e-06  7.9575142081e-07  1.9273694241e-06 -6.4899099674e-06 -3.9451647936e-06  8.8340590668e-07  2.8242052815e-06 -5.3224364890e-06  1.0019468985e-05 -5.1354800593e-06  6.7328890540e-06 -8.4398076746e-06 -2.2021017762e-07  4.3543594252e-08 -1.0904208889e-08  4.8735428861e-06  4.2431239408e-08  3.6826914215e-06

JOB 20
COORDS  1.7967745127e+00  1.3453921992e-01  1.6124196707e+00 -3.5255017952e-01 -8.8153949102e-01  1.1767715410e+00  9.6811108606e-01 -1.7688786402e+00  2.8395185480e+00  5.9568304988e-01  1.0577426418e-01  8.9123085447e-01  1.9828967001e+00 -8.1609295403e-01  2.6181286450e+00  5.2252777722e+00 -2.6774624733e-01  4.2406943851e+00 -9.0911783084e-02  6.2517824343e-01 -1.3333705255e+00  4.1362785289e+00  4.5837094777e-02  3.2299163502e+00 -1.6132796945e-01 -1.8009618004e+00  2.1368850269e+00  4.2156092998e-01  1.0705151172e+00 -7.2438039385e-02  3.0872397004e+00 -9.1479556138e-01  3.4110309568e+00  2.5305871373e+00  8.9437118130e-01  1.3701074163e+00 -1.2906229671e+00 -9.3593999789e-01  6.2987722406e-01  1.1045447014e+00 -2.5166090962e+00  3.6183943830e+00  4.8361378078e+00 -1.9994930190e-01  5.2605852343e+00  5.6172482145e+00 -1.2769541823e+00  4.0853896459e+00  6.0488131562e+00  4.4562789994e-01  4.1342676351e+00  6.5648322760e-02  1.4501180209e+00 -2.0309664826e+00 -1.1625914813e+00  4.0173144539e-01 -1.2809688312e+00  4.4980201636e-01 -2.6245634003e-01 -1.6811200589e+00  4.5220174727e+00 -2.0827565329e-02  2.2038000935e+00  3.7374850425e+00  1.0575541331e+00  3.3820948229e+00
ENERGY -5.167426148132e+02
GRADIENT  9.9130947500e-04 -1.4755916369e-03 -1.6284547624e-03  2.5101779560e-05  1.6825293909e-05  8.6358584460e-06 -1.4553433520e-05  1.8673458810e-05 -2.7094330741e-05 -4.6845049652e-04  1.9570986519e-03  2.0273746975e-03  4.5459330631e-05  7.2596718126e-06  3.3879466690e-05  3.5833526375e-06  3.3272248869e-07  4.2165075853e-06  2.2053143618e-03 -3.7007057184e-04 -7.5514570271e-04  4.7741207158e-06  7.1595064379e-07  7.1685701405e-06 -6.3175830338e-06 -1.2324954250e-05  1.9352584016e-05 -2.7581754607e-03 -1.3027132190e-04  3.5901577862e-04  1.6895393266e-05  3.1556582995e-06  1.2938166692e-05 -3.5895707052e-06 -5.6529795909e-06  6.1880151759e-06  4.6412236087e-06  5.7952998661e-06  6.9431919541e-06  2.7471359220e-06  5.5612166918e-06  4.3376382799e-06  5.2065288344e-06  1.1613731080e-06  4.8325021324e-06  3.8994649002e-06  9.1593032132e-07  4.2541339566e-06  4.4470499853e-06  7.1468089659e-07  4.2205558908e-06  7.1408422185e-06  2.2303997418e-06  6.1673729586e-06 -1.5635953142e-06  5.5135344448e-06  1.2377394833e-05 -7.4934693749e-07  1.0017839433e-07  7.7100078271e-06  2.4301421623e-06 -8.9598339858e-07  4.6436483444e-06  5.0023525545e-06  1.6993592337e-06  5.0603646424e-06

JOB 21
COORDS  1.8556817291e+00  1.0693191295e-01  1.5685055787e+00 -2.8356801520e-01 -9.1491897074e-01  1.0867982374e+00  9.8355694247e-01 -1.7692501384e+00  2.8094756139e+00  6.7536488210e-01  6.5898718733e-02  8.1142241666e-01  2.0079351226e+00 -8.2329365598e-01  2.5963419570e+00  5.2063564294e+00 -2.5538546637e-01  4.2973775340e+00 -2.1197715644e-01  6.4926203592e-01 -1.3291012683e+00  4.1472280689e+00  4.1964545741e-02  3.2505528297e+00 -1.2259228184e-01 -1.8130335237e+00  2.0737138716e+00  5.5370811111e-01  1.0085723352e+00 -1.7607438086e-01  3.0885578644e+00 -9.0954366486e-01  3.4226268653e+00  2.5993183712e+00  8.5908187532e-01  1.3321309072e+00 -1.2032019054e+00 -9.8672273858e-01  5.1257239413e-01  1.0948324778e+00 -2.5006593734e+00  3.6075791535e+00  4.7897227988e+00 -1.6425830296e-01  5.3045228641e+00  5.5970285941e+00 -1.2695091858e+00  4.1741121073e+00  6.0363390785e+00  4.5162965614e-01  4.1987916684e+00  1.2339725002e-02  1.4037067214e+00 -2.0850646336e+00 -1.2880108912e+00  6.6263444455e-01 -1.1195919341e+00  7.6160429157e-02 -3.4220547297e-01 -1.6967817824e+00  4.5605841888e+00 -4.8083445851e-02  2.2370689594e+00  3.7498591587e+00  1.0585992894e+00  3.3704703970e+00
ENERGY -5.167442496896e+02
GRADIENT  1.4055222222e-03 -1.2252628377e-03 -1.8082775462e-03 -3.2412423646e-04  1.3449731579e-05 -1.3453977087e-04  1.4462289922e-04 -3.0777978403e-05  1.1407273975e-04 -4.2254201846e-04  1.5085504742e-03  2.2524748221e-03 -2.5713382224e-04 -8.7485200445e-05 -1.3925077797e-04  1.1735579250e-06  1.4096930495e-06  8.2376861341e-06  2.0543166538e-03 -9.5369847247e-04 -1.1408344050e-03  8.0461496178e-08  3.2602243280e-05 -4.1537522359e-06  2.7497998734e-05  1.1622308097e-04 -6.0912891946e-05 -2.5524820770e-03  6.1070083409e-04  1.0606288333e-03 -6.7862398215e-05  1.8027427866e-05 -5.5329433856e-05  7.2110304111e-05  4.3023528893e-05  1.2768270476e-05 -2.6855964150e-05 -1.4089328161e-05 -2.4589647283e-05 -1.3027513675e-05 -1.4136360380e-05  1.7225898399e-05  5.4551940950e-06  2.2578073109e-06  5.2185636973e-06  4.1212686734e-06  1.3885210224e-06  3.8839468416e-06  2.9629825669e-06  1.4483151587e-06  2.4256582528e-06  1.0817113405e-06  5.3748489796e-06  1.1377868182e-05  2.5143432841e-05  3.8294826676e-06 -1.7430881567e-05 -9.1052614178e-07 -2.4780799765e-08  2.7831648873e-06 -1.3048858414e-06 -3.9185773845e-07  1.9607335898e-06  9.6353966362e-06  2.4011158438e-07  5.6256858570e-07

JOB 22
COORDS  1.8872607687e+00  4.9612830882e-02  1.5142042290e+00 -2.4495220206e-01 -9.6869014328e-01  9.9696364705e-01  9.6092585196e-01 -1.7790011930e+00  2.7853449998e+00  7.3281689872e-01 -7.6187517727e-03  7.1671835540e-01  2.0010905250e+00 -8.4887778698e-01  2.5728398835e+00  5.1588446747e+00 -2.6292942427e-01  4.3423829160e+00 -3.0568873036e-01  6.7839061564e-01 -1.3236210901e+00  4.1307413319e+00  1.4181610218e-02  3.2596983630e+00 -1.2222354601e-01 -1.8346458797e+00  2.0190241589e+00  6.6638911412e-01  9.0277017810e-01 -3.0232206925e-01  3.0542637605e+00 -9.1631347914e-01  3.4355341009e+00  2.6432506934e+00  7.8987974800e-01  1.2796362366e+00 -1.1488272065e+00 -1.0547639098e+00  4.0144319739e-01  1.0413184588e+00 -2.4858761630e+00  3.6088406479e+00  4.7183031076e+00 -1.3362325687e-01  5.3350795761e+00  5.5382467557e+00 -1.2855833711e+00  4.2618213006e+00  6.0008664762e+00  4.2952237148e-01  4.2424343297e+00 -1.0218116293e-01  1.4205051966e+00 -2.0968793198e+00 -1.3249989083e+00  8.2173093279e-01 -9.4563676424e-01 -2.0994406370e-01 -3.2941351331e-01 -1.7445075470e+00  4.5678326913e+00 -1.1481957660e-01  2.2605172632e+00  3.7454263752e+00  1.0396577480e+00  3.3363281827e+00
ENERGY -5.167455893797e+02
GRADIENT  7.2920742104e-04 -1.0023220476e-03 -9.4786856924e-04  1.3686992299e-05  1.4226200114e-05  6.2322533877e-07  8.5603419340e-06 -1.6324595594e-05  1.5066139146e-05 -5.1934415634e-04  1.0475303192e-03  9.8163638886e-04 -4.4717096611e-06 -2.8138432664e-06 -1.4368408762e-05  3.8005255041e-06  1.5007820366e-06  1.0144830455e-07  1.0410791902e-03 -8.3224084991e-04 -8.0208701064e-04  6.9347215560e-06 -1.4201238369e-08 -7.8765662797e-06  8.3957959848e-06  5.4522633212e-06  2.9496847120e-06 -1.2381485688e-03  7.9668248295e-04  7.8929717295e-04 -1.4783553582e-05  1.4615550430e-05  1.2077512662e-05  4.0774395450e-06  4.8217242226e-06  4.8769232688e-07 -1.3522583249e-06  4.2286284631e-06  4.6659026188e-06  3.5569134762e-06  1.3780109249e-06  4.9990985412e-06  4.5167132039e-06  3.3706213276e-06  1.4127951589e-06  4.6270554981e-06  4.0451469416e-06  5.6160669580e-07  3.1625085502e-06  4.8770185365e-06  7.0689910073e-07 -1.5849881682e-07  1.9279990966e-06  3.6753565181e-06  1.4574992825e-05  1.3435822289e-06  5.6458450505e-07 -3.5188901036e-06 -7.1398618919e-06 -3.1993082087e-06 -1.9502009105e-06  4.8840388674e-06 -5.5639393847e-07  4.7110004065e-06  4.6147564552e-06  4.9310218173e-06

JOB 23
COORDS  1.9417824412e+00  2.7512600160e-03  1.4702918780e+00 -1.8700377507e-01 -1.0202130121e+00  9.4474870998e-01  9.7209379387e-01 -1.7675108923e+00  2.7912003751e+00  8.0906144585e-01 -8.4259837690e-02  6.4409239468e-01  2.0249684888e+00 -8.5467876813e-01  2.5645390966e+00  5.1468496820e+00 -2.2149980239e-01  4.3808507184e+00 -3.5187747913e-01  7.2883988485e-01 -1.2798012922e+00  4.1454404772e+00  1.9692078489e-02  3.2650582116e+00 -9.4931602080e-02 -1.8436230923e+00  2.0050256334e+00  7.8049085683e-01  7.8191609982e-01 -4.1338096483e-01  3.0555743414e+00 -8.9206840408e-01  3.4558179475e+00  2.7063452397e+00  7.3129605461e-01  1.2269016106e+00 -1.0789092191e+00 -1.1239495056e+00  3.3468199423e-01  1.0284009043e+00 -2.4415093547e+00  3.6437549050e+00  4.6864597758e+00 -4.5983438677e-02  5.3573159852e+00  5.5168119968e+00 -1.2503496816e+00  4.3517107137e+00  5.9982834733e+00  4.5772264774e-01  4.2703893059e+00 -1.7808773530e-01  1.4887199590e+00 -2.0427351727e+00 -1.2775760235e+00  9.5960742863e-01 -7.3918787759e-01 -4.4180038916e-01 -2.5448155268e-01 -1.7567382562e+00  4.6025285729e+00 -1.5540319263e-01  2.2819863604e+00  3.7695494274e+00  1.0512225673e+00  3.2902997852e+00
ENERGY -5.167460844808e+02
GRADIENT  1.4535483638e-04  1.3420514106e-04 -8.1789011023e-05 -7.2289640153e-05  7.4205335921e-05 -6.1125088406e-05  2.9220827963e-05 -3.3750474814e-05  6.7435396234e-05  2.6403217250e-05 -1.5596911611e-04  1.0677596422e-04 -1.3668378560e-04  1.3926908518e-05 -5.0890423910e-05  2.3360465619e-06  4.6000526219e-06  3.0115012169e-08 -7.6412477467e-06 -7.0992333769e-05  3.9867998360e-05  3.0006187099e-06  2.2410868126e-05  8.4814806517e-07  3.3627116794e-05  3.7123786474e-05 -1.4046311528e-05  2.2800794498e-05  1.4835576598e-05  4.2882226798e-05 -1.8421079577e-05 -2.0213140640e-05 -4.2848449876e-05  2.3777328792e-05  1.3743632585e-05 -7.4753697162e-06 -6.8078494512e-06 -7.2788296778e-06 -5.1772967976e-05  1.1334218522e-06 -7.5283593357e-06  8.4429869347e-06  5.4463441398e-06  5.4505407374e-06 -4.3039010390e-07  4.4291154230e-06  3.3395603751e-06  6.0221980332e-07  4.1897287431e-06  2.8442536789e-06 -2.8473404003e-06 -1.3555924855e-06  3.6667049830e-05  4.4044377362e-05  2.4799717488e-06  1.1112095364e-05 -1.6472829420e-05  9.3386095135e-06 -3.5671315513e-05  3.5668105223e-05  9.3222719888e-06  2.8357822561e-06  2.6340233819e-06  1.7162625992e-06  4.2814333369e-07 -6.1298860957e-06

