JOB 0
COORDS  1.3177169353e+00 -2.8589944735e-01  1.5116973853e+00  1.7208218014e+00 -6.9960060131e-01  2.7624203431e+00 -7.6809663188e-01 -1.4540324543e+00  1.8831793218e+00  4.5470015276e-02 -6.7588001474e-01  1.0583860099e+00  8.3650840161e-01 -1.5079256762e+00  3.5327979765e+00  3.4407572737e-01 -2.7889824672e+00  5.5975424356e+00 -3.8463807577e-01 -1.8756859955e+00  3.0885326703e+00  1.1944482277e+00 -1.9406709896e+00  4.7722054420e+00 -4.3483286377e-01 -2.3552336861e-01 -2.3693944097e-01 -1.6443720077e+00 -3.5523668944e-01 -4.8093421895e-01  3.9177520768e-01  2.5625528519e-01 -1.0206027774e+00  1.9514941304e+00  3.2585772433e-01  8.7940608749e-01  2.6913600954e+00 -4.1386549517e-01  3.1591848855e+00 -1.7575409172e+00 -1.7491304478e+00  1.5448604051e+00 -6.1512864831e-01 -2.3024704052e+00  5.7950984869e+00  8.5605028379e-01 -2.9701658510e+00  6.5446175241e+00  1.4398586018e-01 -3.7467804280e+00  5.1067310115e+00  2.1189232037e+00 -1.7074948121e+00  5.1031880815e+00
ENERGY -5.475634794289e+02
GRADIENT -1.0646359239e-03  1.4914475812e-03  1.0734541847e-03  2.8484028439e-04  8.9077689803e-05  1.0254614706e-04 -1.0941655502e-04  6.3277776197e-05 -7.1728139472e-05  1.0250490110e-03 -1.6354007292e-03 -1.0714592640e-03  1.4807806490e-04  1.0626570512e-04 -1.1968680264e-04  5.8555844630e-05  6.0605437736e-06  1.4634050044e-04  1.2080171351e-05  1.5370129730e-05 -3.3916299903e-05 -1.0971199227e-04 -1.1740463363e-04 -9.6270963369e-05  5.9589337402e-05 -2.0747805715e-03 -8.7774930029e-04 -4.0647012532e-04  2.0656813040e-03  9.3248692075e-04  7.0604640087e-05  1.8242637158e-05  1.6030837365e-05 -1.6101671450e-05 -2.5940118234e-05  2.4629457661e-05  1.0577088929e-05  1.6228476585e-05  4.3963853584e-05  4.7321690019e-06  9.4119711021e-06 -3.0384686817e-05  6.6831729490e-06 -1.1018478157e-05 -3.8701201420e-06 -3.9881660449e-06 -7.4294140991e-06  1.6949403029e-05  8.6396222020e-06  6.0187274482e-06  2.1864452706e-06 -2.7756507208e-05  1.6315351732e-05  9.9013938022e-06

JOB 1
COORDS  1.4574826407e+00 -2.4520657744e-01  1.4058007754e+00  1.7650984908e+00 -6.5654739560e-01  2.6849746435e+00 -6.7805032308e-01 -1.3538062617e+00  1.6495544656e+00  2.1129063395e-01 -6.1247387843e-01  8.7261370381e-01  8.1663278866e-01 -1.4421598391e+00  3.3992979967e+00  1.9683022154e-01 -2.7609354936e+00  5.4022315130e+00 -3.7957690523e-01 -1.7849362835e+00  2.8758769555e+00  1.0803706578e+00 -1.8616799980e+00  4.6700058637e+00 -1.8668561269e-01 -1.4036280222e-01 -4.4039385257e-01 -1.3959799329e+00  2.4792746799e-02 -6.5480292129e-01  7.1385474053e-01  1.1280168712e-01 -1.2547111161e+00  2.1468168113e+00  3.4698933889e-01  8.1356743034e-01  2.7088689271e+00 -3.8036130959e-01  3.1473565095e+00 -1.6549605114e+00 -1.6188327932e+00  1.2530933850e+00 -8.0740535997e-01 -2.3363099567e+00  5.4620884803e+00  5.9308415580e-01 -2.8844804686e+00  6.4121956578e+00  1.2292232424e-01 -3.7420635718e+00  4.9189493621e+00  2.0242486652e+00 -1.7407933700e+00  5.0080997637e+00
ENERGY -5.475616217038e+02
GRADIENT -1.8276001054e-03  3.3145339744e-03  1.7799432957e-03 -1.1338059877e-04  5.4318655794e-06 -1.5802115329e-04 -3.4243541169e-04  3.7600495993e-05 -3.6161289417e-04  2.7318844567e-03 -3.2499582954e-03 -1.9740204064e-03  3.0502781383e-04 -1.1378425349e-04  5.4175217305e-04  3.0275076739e-05  1.1543244747e-05  3.5815045162e-05  1.2840026242e-04  1.9820441029e-04 -3.4487264652e-04  1.0237382688e-04  1.0846395963e-05  2.3268330716e-04 -1.4163739929e-03 -4.5134814198e-03 -1.3210382353e-03  2.9809798801e-04  4.3638537090e-03  1.5207986338e-03  6.5319990648e-05 -1.2922491692e-05  5.7417234268e-05 -2.1246191187e-05 -2.3493453910e-05 -1.6031934874e-05 -5.8285071485e-05 -1.7099112241e-05  3.0010094110e-05 -1.5538220751e-05  1.9215042094e-05 -7.6161849073e-05  7.6591628636e-06 -1.4974380599e-05 -1.7332799243e-05 -2.7262391316e-06  2.2886161193e-05  1.0792770419e-05  1.3015620471e-05 -7.5705943657e-06  9.9669928061e-06  1.7664960446e-05 -6.6926138403e-05  1.3443091544e-05

JOB 2
COORDS  1.4381906465e+00 -2.2492294786e-01  1.4107007215e+00  1.7426343239e+00 -6.2789896464e-01  2.6944107902e+00 -6.7928308323e-01 -1.3671089301e+00  1.6445178806e+00  2.0634578710e-01 -6.2214534483e-01  8.6936318646e-01  8.0488769456e-01 -1.4325338555e+00  3.4006725499e+00  2.0126666159e-01 -2.7716597100e+00  5.3954538245e+00 -3.8140400524e-01 -1.7965413785e+00  2.8717286259e+00  1.0678862135e+00 -1.8471201268e+00  4.6746557843e+00 -2.0493049792e-01 -1.3274412453e-01 -4.3632869898e-01 -1.3710286447e+00  2.6532789786e-01 -5.6122989119e-01  6.5820498964e-01 -8.5106526182e-02 -1.3246166520e+00  2.1219899220e+00  3.8058799314e-01  8.2457287258e-01  2.6750381441e+00 -3.2859273332e-01  3.1653711551e+00 -1.6536527298e+00 -1.6415618979e+00  1.2466764630e+00 -8.1261580076e-01 -2.3702244238e+00  5.4523711078e+00  5.9397199310e-01 -2.8927066362e+00  6.4071723234e+00  1.5183444940e-01 -3.7514382705e+00  4.9058727423e+00  2.0118573349e+00 -1.7219296811e+00  5.0108152460e+00
ENERGY -5.475585813582e+02
GRADIENT -2.5321023246e-03  4.6379920292e-03  2.4344633377e-03 -1.9238626942e-06 -1.3551468619e-05  4.0317028111e-05  2.8442380052e-04  3.0560241045e-05  1.9112557938e-04  4.5912245236e-03 -4.4919170411e-03 -3.0707461858e-03 -2.4901065821e-05  2.0148138908e-04 -3.2246006307e-04  7.3813319514e-05 -2.7624919093e-05  2.0240918490e-04 -8.3810015182e-05 -1.2840834711e-04  1.8128380712e-04 -3.4450047836e-04 -1.0249262449e-04 -1.9699031763e-04 -3.7996672842e-03 -6.0027201369e-03 -1.0061578525e-03  1.8438460296e-03  5.9339320887e-03  1.5685405066e-03 -3.2831050161e-05 -3.6533429633e-05 -3.4081767236e-05 -1.6005249044e-06  2.5253508818e-06 -7.5245448328e-06  1.8324675225e-05  1.4728623503e-05 -1.3363288003e-05  2.0341387226e-05 -1.6309571615e-05  4.9001009126e-05  1.4959601942e-05 -6.9865947485e-06 -2.2927756808e-05 -2.4980736354e-05 -6.5870243964e-06  2.7514329080e-05  1.2121404054e-05 -1.5068857131e-06  1.2911044040e-05 -1.6437136352e-05 -2.0864443915e-05 -6.4885248391e-05

JOB 3
COORDS  1.4182386468e+00 -2.1472406133e-01  1.4135845298e+00  1.7186945152e+00 -6.0760222734e-01  2.7025104104e+00 -6.8161076881e-01 -1.3879475446e+00  1.6344210776e+00  2.0080168963e-01 -6.3838429997e-01  8.6387921937e-01  7.8983165110e-01 -1.4246744657e+00  3.4044101852e+00  1.9891312571e-01 -2.7806513109e+00  5.3883128667e+00 -3.8548450497e-01 -1.8074309733e+00  2.8668807137e+00  1.0500523612e+00 -1.8288141269e+00  4.6849543996e+00 -2.1029822599e-01 -1.5084111538e-01 -4.4880289844e-01 -1.2727667677e+00  4.7862485878e-01 -5.1856782137e-01  5.6942784307e-01 -3.3553937210e-01 -1.3924752889e+00  2.0991841766e+00  4.0045626641e-01  8.3336321165e-01  2.6416743545e+00 -2.8936262506e-01  3.1794415112e+00 -1.6510077444e+00 -1.6774229320e+00  1.2334863082e+00 -8.2428286242e-01 -2.4028667652e+00  5.4394893256e+00  5.8435003121e-01 -2.9015516393e+00  6.4029332081e+00  1.7570892593e-01 -3.7574060482e+00  4.8901438079e+00  1.9966760299e+00 -1.7091468921e+00  5.0158599115e+00
ENERGY -5.475548843245e+02
GRADIENT -2.8903910016e-03  4.9298075326e-03  2.6593451097e-03 -2.4104187159e-05 -1.5846613562e-05 -1.8637281410e-05 -1.3503399162e-04 -3.0018589603e-05 -8.9937012837e-05  5.7480435311e-03 -4.9092934531e-03 -3.4336934217e-03 -2.2867613060e-06  3.4269397593e-05  6.7695891883e-05 -2.0207192351e-05  4.0095982541e-05  1.8529207052e-06  1.6776943088e-05  2.6130170323e-05 -3.2882898884e-05  6.8812947406e-05 -8.8427168889e-05 -4.8548263524e-05 -6.2533691123e-03 -5.9988077202e-03 -2.7385378833e-04  3.4769261646e-03  5.9723393187e-03  1.1349901796e-03 -1.0765124944e-05 -5.8217437452e-06  1.9882119756e-05  8.2405454617e-06 -4.7680508648e-07 -1.6802993230e-06 -4.5927534812e-06 -9.1669274200e-07 -9.3507477131e-06 -1.6179691017e-05 -2.0464019118e-06 -3.6535884153e-06 -7.3165239432e-07 -3.3330926584e-06 -9.9530523154e-06 -5.0303697716e-06  7.1212162666e-06  3.4247277192e-06  8.0673184111e-06 -5.2347087894e-06  8.5452975270e-06 -1.1285248145e-05  2.1143469161e-05  8.2694349594e-06

JOB 4
COORDS  1.3793098678e+00 -2.0021338239e-01  1.4112171613e+00  1.6835856268e+00 -5.9133749069e-01  2.7011621679e+00 -7.0016224332e-01 -1.4079512131e+00  1.6249041045e+00  1.6778342084e-01 -6.3738325584e-01  8.6347081115e-01  7.6362942019e-01 -1.4167419067e+00  3.4031020703e+00  2.0269806950e-01 -2.8027338830e+00  5.3717806840e+00 -4.0193485044e-01 -1.8172608118e+00  2.8621135486e+00  1.0248757706e+00 -1.8089104517e+00  4.6912814514e+00 -2.3535391555e-01 -1.8100833196e-01 -4.7128850231e-01 -1.1253431303e+00  6.7299385692e-01 -5.3518627051e-01  3.7899877407e-01 -6.4374851959e-01 -1.4388022957e+00  2.0557951446e+00  4.2424935552e-01  8.3507594593e-01  2.6046950265e+00 -2.6563499514e-01  3.1766448690e+00 -1.6606314208e+00 -1.7224161482e+00  1.2204069525e+00 -8.3386199801e-01 -2.4629716732e+00  5.4148137174e+00  5.7941265634e-01 -2.9210580296e+00  6.3901158056e+00  2.2032374355e-01 -3.7743634828e+00  4.8624527111e+00  1.9814571799e+00 -1.7108469843e+00  5.0012119588e+00
ENERGY -5.475515334519e+02
GRADIENT -1.9610651079e-03  3.4775137257e-03  1.6391217311e-03 -2.7861630324e-05  4.3258004448e-06  1.9443891061e-07 -1.1982285234e-04 -1.2506846670e-05 -1.2426579862e-04  4.3513158508e-03 -3.7489964564e-03 -2.2856719108e-03  1.8903445110e-05 -2.3989704941e-06 -3.2191267423e-05  1.1699776815e-05 -2.4806971513e-05  1.2370742673e-05  1.7456544585e-05  6.3011206228e-06 -5.6100077495e-06 -5.8878694958e-05  4.4801937963e-05  2.6247644825e-05 -5.5809101839e-03 -3.1710481618e-03  6.1090975744e-04  3.3152157580e-03  3.4523794847e-03  1.6530336166e-04  1.8890145014e-05 -3.4431129727e-06  1.0415407151e-05  3.2782307077e-06  9.7579597563e-06  4.1836552531e-06 -3.5350738872e-06  4.6210950194e-06 -6.5460878655e-07 -3.4888717588e-07 -1.1846659536e-05 -3.6954238849e-06 -6.1366641175e-07 -6.4742078929e-06 -4.7518803922e-06 -6.4851941158e-06  3.8205687204e-07  1.9724426884e-06  4.1553716645e-06 -2.0016613780e-06 -6.6238524604e-07  5.8146301032e-06 -1.6860635190e-05 -1.2860752562e-05

JOB 5
COORDS  1.3577993996e+00 -1.5355490437e-01  1.4356512372e+00  1.6686328575e+00 -5.6267203611e-01  2.7191117407e+00 -6.9165894044e-01 -1.4144725682e+00  1.6176918506e+00  1.4980582291e-01 -5.9196573492e-01  8.8340941733e-01  7.5663092207e-01 -1.4057734010e+00  3.4093406808e+00  2.0934225186e-01 -2.8231855210e+00  5.3595711894e+00 -3.9719729810e-01 -1.8219209720e+00  2.8571078570e+00  1.0172112979e+00 -1.8068552658e+00  4.6957689412e+00 -2.2695496637e-01 -1.8820168892e-01 -4.8002432027e-01 -8.7765366493e-01  8.5346937114e-01 -6.0475317012e-01  1.3146713577e-01 -9.2025227585e-01 -1.4073942596e+00  2.0272663659e+00  4.8963036452e-01  8.7178905025e-01  2.5911373424e+00 -2.4177228751e-01  3.1952348993e+00 -1.6327779037e+00 -1.7637029611e+00  1.1962721579e+00 -8.3325781017e-01 -2.5019202540e+00  5.4015716187e+00  5.8286539338e-01 -2.9477112251e+00  6.3783876505e+00  2.4583456766e-01 -3.7882335348e+00  4.8387224511e+00  1.9702780036e+00 -1.6960944662e+00  5.0118820245e+00
ENERGY -5.475501100094e+02
GRADIENT -5.3596403569e-05 -1.5778517137e-04  9.9879905078e-05  2.2486203134e-04  3.5141180568e-05  8.7788614764e-05  1.6718852752e-04  9.3637570955e-06  9.9491000882e-05 -1.6021007538e-04  9.7670484305e-05 -1.4246730341e-04 -8.5065389411e-05  1.5243580502e-04 -2.1070168650e-04  1.6302879415e-06  2.0508666955e-05  9.3155247570e-05 -2.4821700547e-05 -7.2181562562e-05  1.2396260371e-04 -6.7046135630e-05 -1.4734965873e-04 -2.3553920268e-04  1.2968517424e-04  2.1000238619e-05  1.5421315687e-04 -8.7964128520e-05  4.6814796873e-06 -6.2532352706e-05  2.4393664497e-05 -2.5366614478e-05 -8.7213213881e-05 -9.1116662154e-06 -1.4055730161e-05  9.0629519578e-06  2.3160689331e-05  2.1207982931e-05  2.3291150551e-05  2.0324208796e-05  9.4937674993e-06  1.5126086790e-05  5.4222261314e-06  4.7443740718e-07 -4.9782609397e-07 -4.7419703931e-06 -2.1546772546e-05  4.5294222018e-06 -8.9051011916e-08  5.8892095956e-06 -4.1892161580e-06 -5.0675911327e-05  5.4312573753e-05 -3.6772555706e-08

JOB 6
COORDS  1.3430218249e+00 -1.1679302580e-01  1.4544050266e+00  1.6590185158e+00 -5.4272070851e-01  2.7307000026e+00 -6.7642951743e-01 -1.4300449773e+00  1.6043452393e+00  1.3772247358e-01 -5.5626221565e-01  8.9552669748e-01  7.5417129150e-01 -1.4025980744e+00  3.4099060482e+00  2.1471712382e-01 -2.8433407140e+00  5.3454853232e+00 -3.8864641692e-01 -1.8350363805e+00  2.8448340886e+00  1.0118380082e+00 -1.8112082176e+00  4.6931669779e+00 -2.1248095940e-01 -1.9658381027e-01 -4.8271697393e-01 -5.8694175494e-01  9.6288779686e-01 -6.9052460721e-01 -1.6000113220e-01 -1.0910229591e+00 -1.3331364705e+00  2.0033072369e+00  5.4413564843e-01  9.0044827642e-01  2.5828946222e+00 -2.2755830224e-01  3.2079465458e+00 -1.5953138443e+00 -1.8108406036e+00  1.1620961081e+00 -8.3330705538e-01 -2.5390966051e+00  5.3797663036e+00  5.8176458880e-01 -2.9665906624e+00  6.3667457353e+00  2.7154429354e-01 -3.8048825810e+00  4.8203542730e+00  1.9566790648e+00 -1.6765146156e+00  5.0243707340e+00
ENERGY -5.475515476122e+02
GRADIENT  1.9887386583e-03 -3.6273954930e-03 -1.3792194058e-03  7.7989936906e-06  1.7348529185e-06 -2.1157297475e-05  4.8222990816e-07  8.5438469911e-06  3.7410202911e-06 -4.7217874649e-03  4.8706931598e-03  2.3720271429e-03  6.6820270419e-06  9.1516763707e-07 -8.9009455917e-06  1.1339517014e-05  2.0657464372e-05  3.6593145235e-06  1.5630858880e-05  7.1969054698e-08  9.5905858950e-06  6.1212869859e-06 -2.9260928966e-05 -2.3732967712e-06  7.2673615455e-03  7.0467490754e-05 -1.7851014868e-03 -4.5369325826e-03 -1.2959688724e-03  8.1171711633e-04 -4.6536635638e-06  1.4040304470e-05 -4.4426932188e-06  6.2448053804e-06 -4.8438969356e-06 -2.9178315156e-06 -2.4060362718e-07 -8.2846468000e-06  9.0309101732e-06 -1.7232457774e-06  1.0731762894e-05 -2.8042402283e-06 -8.6934275057e-06  3.0325973510e-06  1.0210148279e-05  5.8241684166e-06 -7.1286362595e-06 -4.5459673534e-06 -2.2918976630e-05 -3.1259423497e-06 -9.8768325987e-06 -7.9486366783e-06  6.5519376961e-06  1.8850219978e-05

JOB 7
COORDS  1.3330190884e+00 -9.2824387515e-02  1.4706862154e+00  1.6500499817e+00 -5.2316308332e-01  2.7438646510e+00 -6.6173770120e-01 -1.4491010062e+00  1.5966667435e+00  1.3590989419e-01 -5.4609294715e-01  9.0120471907e-01  7.5322935115e-01 -1.4003310061e+00  3.4132668884e+00  2.2616953012e-01 -2.8575603985e+00  5.3415378427e+00 -3.7943144506e-01 -1.8504444802e+00  2.8381279343e+00  1.0093665981e+00 -1.8118578935e+00  4.6935639559e+00 -1.9394878927e-01 -2.0298143849e-01 -4.7846155475e-01 -2.9345922764e-01  9.9908318615e-01 -7.5797664564e-01 -4.2219481523e-01 -1.1347578717e+00 -1.2592552755e+00  1.9818359225e+00  5.8342540553e-01  9.2224584965e-01  2.5690134257e+00 -2.0196097356e-01  3.2265297127e+00 -1.5649634742e+00 -1.8487376145e+00  1.1400980138e+00 -8.2863234810e-01 -2.5767184651e+00  5.3583967657e+00  5.8159183368e-01 -2.9662477662e+00  6.3684716355e+00  3.1312727091e-01 -3.8202011597e+00  4.8230021847e+00  1.9444398200e+00 -1.6484398707e+00  5.0394248301e+00
ENERGY -5.475548831439e+02
GRADIENT  2.9259881718e-03 -5.0562521012e-03 -2.0748214000e-03 -6.9213550238e-05 -2.0675379988e-05 -3.8569042614e-05 -1.9999395986e-04  1.0033602165e-05 -1.6616344518e-04 -6.8964821116e-03  7.3768315327e-03  3.7562337549e-03  6.5811226831e-05 -6.8656854778e-05  3.0144231374e-05  3.7218500888e-05 -5.2430852892e-05 -2.7086651870e-05  6.3419669774e-05  5.6869878086e-05 -4.9188146907e-05 -6.5648311560e-05  1.7168266831e-04  1.7338581216e-04  1.0884332431e-02 -2.1498042966e-03 -3.1223082835e-03 -6.7944762714e-03 -2.2804259747e-04  1.5427578466e-03 -7.2349473411e-05  1.5443032292e-05  2.5236620565e-05 -3.9867812831e-06  4.0522021154e-06 -5.4696355665e-06 -1.6991583184e-05  1.6264660479e-07 -1.1313963156e-05 -3.0761132525e-05 -3.9818124927e-06 -5.5818841288e-06  4.7007639340e-06  2.3480414195e-07  6.7570439510e-06  7.4067030699e-06  7.9183356755e-06 -3.4075826471e-07 -7.8962502590e-07 -1.2199486179e-06  4.8530577994e-07  4.7552299063e-05 -7.6526200138e-05 -3.6708573141e-05

JOB 8
COORDS  1.4600517421e+00 -3.5450138741e-02  1.6526458012e+00  1.7415743718e+00 -5.4052452342e-01  2.9050284221e+00 -5.7892910498e-01 -1.3331542720e+00  1.6759923020e+00  2.6010798480e-01 -4.2263888469e-01  1.0373014868e+00  8.0524866736e-01 -1.4229627951e+00  3.5131835177e+00  1.8033539873e-01 -2.9358162734e+00  5.3708930372e+00 -3.3290204918e-01 -1.8060805295e+00  2.8986544693e+00  1.0271997413e+00 -1.9139153084e+00  4.7676527894e+00 -3.4712905220e-02  7.6967418790e-03 -3.1940386047e-01  1.7917498766e-01  1.1963815706e+00 -5.9931220396e-01 -5.4014896121e-01 -8.2028378716e-01 -1.0891692520e+00  2.1356244320e+00  6.4834035776e-01  1.1484931423e+00  2.6616752554e+00 -2.7543888809e-01  3.4187527288e+00 -1.4869045856e+00 -1.6751191282e+00  1.1847339932e+00 -8.5732814570e-01 -2.5965387738e+00  5.3967394389e+00  5.2480037283e-01 -3.1082277069e+00  6.3926771070e+00  2.1573637693e-01 -3.8784712628e+00  4.8122269662e+00  1.9428021971e+00 -1.7601577610e+00  5.1649659455e+00
ENERGY -5.475585926791e+02
GRADIENT  2.6213279950e-03 -4.8139105942e-03 -2.0705936698e-03 -2.4493628298e-06 -2.3101348691e-06 -1.2204138014e-06  4.3088317801e-05 -4.7141910457e-06  5.1533818032e-05 -6.2719058543e-03  7.7351788045e-03  3.7386011083e-03 -7.3653694594e-06  5.5044831456e-06 -1.1221367773e-05  4.7926851852e-06 -1.0874628133e-06  2.8697230716e-06 -1.8795801128e-05 -1.0857182368e-05  2.5808595952e-06 -5.0812622186e-06 -3.3451422917e-06 -2.2382639224e-05  9.6532070986e-03 -4.4239102839e-03 -3.4857336975e-03 -6.0187201074e-03  1.5231660363e-03  1.7848366066e-03 -3.7113132056e-06 -4.8255413209e-06  4.1393458474e-06 -1.8194351498e-06 -1.0571676349e-07 -2.2612814502e-06  2.6070479388e-07 -3.0148766578e-07  3.0932251431e-07 -4.8251041089e-07  6.5119038449e-07  2.2720579911e-06 -4.2356904086e-06  1.1873224284e-06 -2.2797847208e-06 -3.7768636887e-06 -4.7310605475e-06  2.9085830618e-06  1.7722905265e-06  5.2996202375e-06 -2.0352020816e-06 -2.4906822573e-06 -1.1231780806e-06 -3.1807291297e-07

JOB 9
COORDS  1.4718723709e+00 -1.3861378757e-02  1.6744859097e+00  1.7440094274e+00 -5.1289755753e-01  2.9302213008e+00 -5.4735471150e-01 -1.3449894373e+00  1.6707697960e+00  2.9093614345e-01 -4.2822811567e-01  1.0370978860e+00  8.1728898931e-01 -1.4169597583e+00  3.5228580322e+00  1.9026606661e-01 -2.9367975686e+00  5.3749554761e+00 -3.0748963082e-01 -1.8182587391e+00  2.8941473629e+00  1.0343678671e+00 -1.9106015597e+00  4.7751951703e+00 -3.2457018377e-03  1.8178325346e-02 -3.1163912993e-01  4.3183988628e-01  1.1280224698e+00 -6.5455545166e-01 -7.0703583979e-01 -7.1189915634e-01 -1.0238235868e+00  2.1389049008e+00  6.8360334776e-01  1.1790246973e+00  2.6486712069e+00 -2.2692676653e-01  3.4600087118e+00 -1.4475149145e+00 -1.6931612063e+00  1.1708483517e+00 -8.5035144967e-01 -2.6059463237e+00  5.3923659762e+00  5.2911794385e-01 -3.1048006455e+00  6.3992680118e+00  2.3789867482e-01 -3.8796909735e+00  4.8180671964e+00  1.9344915305e+00 -1.7265404373e+00  5.1942305978e+00
ENERGY -5.475616380342e+02
GRADIENT  1.8848541154e-03 -3.3380895908e-03 -1.5063591623e-03  5.5691572035e-05  1.3264858915e-05  3.4927120542e-05  6.4184876459e-05  5.8831483536e-05  4.6800676060e-05 -4.4198613662e-03  5.6507206131e-03  2.7770868194e-03 -6.3435578483e-05 -1.4164745175e-05 -4.8207282928e-05 -9.7739553181e-06  9.3608200384e-06 -2.7313554816e-05 -2.5257325809e-05 -2.6981254132e-05  4.3307915321e-05  2.5353432506e-05  1.0629474530e-05  2.4709429364e-05  6.2515552550e-03 -4.2799588389e-03 -2.8247349508e-03 -3.8468919073e-03  1.9498660000e-03  1.4934326795e-03 -1.8527954425e-05 -5.6535719415e-06 -3.0361928304e-05 -1.6700534208e-05 -1.1562503061e-05 -3.2584958637e-06 -1.9095441594e-06  2.7502910216e-06  3.2732819907e-06  3.7674957239e-06  8.3997193967e-06  1.3001285064e-05  4.4194693907e-07 -5.0603682466e-06 -1.0383264539e-05 -2.8843980241e-06  6.1741110633e-06 -6.8011025228e-07  6.3677923827e-06 -1.0012973286e-05  3.5139672162e-06  1.2853071745e-05 -1.7974690960e-05 -2.0291785815e-05

JOB 10
COORDS  1.4485551866e+00 -3.3417950892e-03  1.6768621684e+00  1.7230246224e+00 -4.9378062035e-01  2.9348393756e+00 -5.4874114995e-01 -1.3685695433e+00  1.6685805008e+00  2.8086204215e-01 -4.4502903033e-01  1.0309613325e+00  8.1365983523e-01 -1.4187469107e+00  3.5227523132e+00  2.0377261631e-01 -2.9440831664e+00  5.3749332824e+00 -3.0072383829e-01 -1.8428153195e+00  2.8897893998e+00  1.0357114634e+00 -1.9081073844e+00  4.7748285565e+00 -3.3719539447e-02  1.9977696483e-02 -3.0626364413e-01  5.8422686526e-01  1.0080003107e+00 -7.3180891179e-01 -9.1560594303e-01 -5.7861329214e-01 -9.3910026410e-01  2.1030294201e+00  7.0652033672e-01  1.1833444697e+00  2.6155444991e+00 -1.8382803043e-01  3.4717814131e+00 -1.4449851416e+00 -1.7262280218e+00  1.1693266662e+00 -8.4149814383e-01 -2.6279946422e+00  5.3881894044e+00  5.4200547817e-01 -3.1047792562e+00  6.4005793336e+00  2.6682729972e-01 -3.8872678250e+00  4.8203444038e+00  1.9265923202e+00 -1.7001475228e+00  5.2024062131e+00
ENERGY -5.475634889080e+02
GRADIENT  9.8153415011e-04 -1.6190217532e-03 -7.7491263913e-04  2.6644151446e-05 -3.7049375937e-07  5.5220777489e-05  1.0296809710e-04  9.9844458465e-06  9.1142349573e-05 -2.1348730584e-03  2.8675071970e-03  1.4272385439e-03 -1.8119070759e-04 -1.1138957632e-04 -9.8253538135e-06 -6.9771036315e-05  1.4547264609e-05 -2.0399901225e-04 -5.4094537482e-05 -5.4877135179e-05  3.6521392929e-05  1.7955920854e-04  1.5111842838e-04  1.6595046732e-04  2.6503633515e-03 -2.6074079907e-03 -1.5607524984e-03 -1.5614613666e-03  1.3298258718e-03  8.1899484937e-04  1.5407154931e-05 -2.1819729039e-05 -3.4327865884e-05 -1.3954440866e-05 -6.4616314593e-06  4.5849258287e-07  1.5363947835e-05 -1.8923760769e-05 -7.6883938661e-06  1.4490939575e-05 -9.2916326144e-06  1.1841124331e-05 -1.7188232741e-05 -2.8233627828e-06 -1.2935549192e-05 -4.4887671344e-06  3.0271346773e-05 -1.0385930139e-05  9.5794697856e-06 -1.8072296186e-05  1.1187707338e-05  4.3065497210e-05 -2.6186798664e-05 -4.5654448375e-06

JOB 11
COORDS  1.4405726521e+00  4.5062279106e-03  1.6821397829e+00  1.7074261725e+00 -4.7601859326e-01  2.9453149053e+00 -5.4062181261e-01 -1.3861417810e+00  1.6575407784e+00  2.8913690990e-01 -4.6045235967e-01  1.0225052957e+00  8.0957562598e-01 -1.4197085153e+00  3.5210816062e+00  2.0940302784e-01 -2.9563013977e+00  5.3700202179e+00 -2.9139967605e-01 -1.8626954622e+00  2.8775342162e+00  1.0271066379e+00 -1.9058949695e+00  4.7750468526e+00 -3.3669135338e-02  1.8271714503e-02 -3.0779336254e-01  7.3612231818e-01  8.4025950452e-01 -8.2799655252e-01 -1.0581170504e+00 -4.1870575548e-01 -8.5208327666e-01  2.0886627673e+00  7.2360029700e-01  1.1940305271e+00  2.5826026276e+00 -1.4216648615e-01  3.4963486564e+00 -1.4311888675e+00 -1.7504410975e+00  1.1533424621e+00 -8.4156549219e-01 -2.6597960844e+00  5.3726650393e+00  5.4090850483e-01 -3.1083280600e+00  6.3991755540e+00  2.9531188690e-01 -3.8992593674e+00  4.8180687681e+00  1.9132046766e+00 -1.6872078857e+00  5.2072944221e+00
ENERGY -5.475640989426e+02
GRADIENT -2.9766049462e-05 -4.8747507481e-05  7.0368002807e-06  2.7157210850e-04  1.1160676149e-04  2.3309552136e-04 -3.1861584446e-04 -8.8876266944e-05 -1.8358173574e-04  9.2145137103e-05 -1.9301736427e-04  2.0674642894e-04  1.2661557742e-04  2.4264611022e-04 -4.1878677621e-04  7.6401555012e-05 -7.4011718252e-05  1.4378130392e-04  3.7774177601e-05  4.9974850599e-07  5.3563775852e-05 -3.2165559090e-04  7.8885589859e-05 -1.3657788557e-04 -4.5884315267e-05  1.1085522053e-04  1.4812998147e-04 -1.6373662194e-05 -3.6357376028e-05 -1.0276292901e-04  9.0556471952e-05 -5.0468714204e-06  1.8098090594e-05  2.4073648884e-05 -2.4695112306e-06  4.5161054813e-05  3.4469656499e-05  2.9743663120e-05  1.2984666845e-05 -2.4009456067e-05 -6.8354802752e-06 -2.7993103528e-05  1.5096956741e-05 -4.7300056931e-07 -2.5426643440e-05 -3.1361782224e-05 -1.7705388150e-06  1.5451223717e-05  9.1660136370e-06 -2.8960735739e-06  6.6486547588e-06  3.5525994365e-05 -7.1328303148e-05 -8.6654943132e-05

JOB 12
COORDS  1.4989490562e+00 -2.7494237718e-02  1.6779632693e+00  1.8027917844e+00 -6.0994902150e-01  2.8890792866e+00 -5.7372478148e-01 -1.2758745871e+00  1.6895447313e+00  2.8548700151e-01 -3.7463924461e-01  1.0592741647e+00  8.7996632188e-01 -1.5350352287e+00  3.4552402925e+00  1.9416060295e-01 -3.0064388070e+00  5.3256979294e+00 -2.8688213433e-01 -1.8541521271e+00  2.8562609885e+00  1.1558133166e+00 -2.1525837188e+00  4.6385590125e+00 -9.1702976784e-02  2.3620305413e-01 -2.0084679139e-01  7.9016751974e-01  8.3285501122e-01 -8.3756812088e-01 -1.2641714515e+00  1.0874491569e-01 -5.8232994034e-01  2.1666149792e+00  6.7988403251e-01  1.1987435733e+00  2.7282378002e+00 -3.7094189020e-01  3.4061572102e+00 -1.5203751790e+00 -1.5370936426e+00  1.2247075052e+00 -1.3128877666e-01 -3.8132880020e+00  4.6658366739e+00 -6.9358123410e-01 -2.4467951503e+00  5.6421136913e+00  6.8202097094e-01 -3.4364969755e+00  6.2027826655e+00  1.9527064908e+00 -1.8155742983e+00  5.1594702889e+00
ENERGY -5.475634863723e+02
GRADIENT -9.0845867901e-04  1.5468745992e-03  1.0151329285e-03 -5.8092918747e-05 -1.9741735233e-05 -3.7789876757e-05 -7.2067993337e-05  1.1196816003e-05 -2.1602230123e-05  1.6148188445e-03 -3.0214708571e-03 -1.9249951012e-03 -6.6849024224e-06  2.3393168294e-05  7.1267548157e-05 -3.1512426459e-05  4.3129844172e-05  2.7300934679e-05  2.4015455723e-05  3.8247677876e-05 -2.6128486920e-05  1.2405670889e-04 -1.8005511130e-04 -4.9465578619e-05 -1.1885894963e-03  3.3892439425e-03  2.0135141500e-03  5.0434848583e-04 -1.8895095660e-03 -1.0702972812e-03  2.1832868301e-06  3.5682326845e-07  1.9454048198e-05 -1.6379633753e-06  2.7302421720e-06 -4.5452135521e-07 -1.1569674688e-05 -2.1704189666e-06 -1.6606812223e-06 -1.0415433858e-05  1.1733715236e-07 -2.6511053498e-06 -6.6188304211e-06  9.0161222196e-06 -3.8837736589e-06  8.2496595625e-07 -1.8567094050e-06  1.5973995203e-05  8.6754319134e-06 -1.5850409082e-05 -1.0465028284e-05 -5.0172799247e-05  7.8782517105e-05  5.0127806077e-05

JOB 13
COORDS  1.5042811072e+00 -1.2540463005e-02  1.6931608465e+00  1.8016534506e+00 -5.9017908520e-01  2.9088376975e+00 -5.5273336178e-01 -1.2844565310e+00  1.6824835839e+00  3.0644147406e-01 -3.8031398000e-01  1.0587341502e+00  8.8788124344e-01 -1.5326196415e+00  3.4603621491e+00  2.0135881247e-01 -3.0184419649e+00  5.3189561032e+00 -2.6689098617e-01 -1.8673651635e+00  2.8472547611e+00  1.1586039791e+00 -2.1486920241e+00  4.6462577070e+00 -8.0136919140e-02  2.5156546991e-01 -1.8874080387e-01  8.2826845425e-01  6.4000380913e-01 -9.3878263619e-01 -1.2888661365e+00  3.2509713823e-01 -4.5162550210e-01  2.1679029167e+00  7.0557475034e-01  1.2232808493e+00  2.7132699970e+00 -3.3192285477e-01  3.4409334261e+00 -1.4955118082e+00 -1.5506863264e+00  1.2116066385e+00 -9.9987020464e-02 -3.8316443213e+00  4.6552305645e+00 -7.0084155842e-01 -2.4741567075e+00  5.6210131130e+00  6.8265780901e-01 -3.4392363555e+00  6.2041379460e+00  1.9463848788e+00 -1.8043615985e+00  5.1759140779e+00
ENERGY -5.475616380067e+02
GRADIENT -2.0916630630e-03  2.8528745305e-03  2.1070374464e-03  5.6596079787e-05  1.8340548929e-05  3.8346489136e-05  8.6932945286e-05  6.8621723613e-06  1.0221249416e-05  2.9821405641e-03 -5.8830923730e-03 -3.9665068151e-03 -5.8121136401e-05 -1.4539669837e-05 -4.3517486524e-05 -8.9308146716e-06  9.7284783808e-06 -2.5954269598e-05 -1.3517863793e-05 -3.8371294317e-05  2.8719817111e-05  3.3113168062e-05 -5.5710079427e-07  2.0874948396e-05 -1.0182546889e-03  7.0495775141e-03  3.8360122655e-03  2.1625636665e-05 -4.0745592674e-03 -2.0578412222e-03 -2.8992082045e-05  5.4317822360e-06 -2.1546976060e-05 -1.9058692711e-05 -8.2578603643e-06 -1.2685020956e-06  2.2370156313e-06 -4.2131651150e-06  1.9553752278e-07  1.2925834997e-05 -6.2483311250e-06  2.2738637156e-06 -7.8673612528e-06  8.3265106073e-06 -2.9632834844e-06 -2.4856101709e-06  3.8041953650e-06  1.1711899528e-05  2.9240966992e-06 -2.6748590799e-06 -5.7067487369e-06 -1.5470681170e-05  2.6102318176e-05  6.2931379233e-06

JOB 14
COORDS  1.4729770703e+00 -3.4337343011e-03  1.6888494139e+00  1.7696078514e+00 -5.7121077797e-01  2.9105253117e+00 -5.5852311380e-01 -1.3127469367e+00  1.6640158676e+00  2.9429164952e-01 -4.0374456170e-01  1.0416840619e+00  8.7320239735e-01 -1.5341258169e+00  3.4531339194e+00  1.9507234846e-01 -3.0229709844e+00  5.3114123464e+00 -2.6936124261e-01 -1.8907328789e+00  2.8308547404e+00  1.1494861165e+00 -2.1485871571e+00  4.6406702699e+00 -1.0801104244e-01  2.3561807541e-01 -2.0028651466e-01  7.6725451548e-01  4.1028150635e-01 -1.0607410698e+00 -1.3076339227e+00  5.0562765511e-01 -3.4673374111e-01  2.1274246068e+00  7.2865765746e-01  1.2263794188e+00  2.6673869538e+00 -2.8798424069e-01  3.4532414005e+00 -1.4972981880e+00 -1.5914029246e+00  1.1910009094e+00 -9.4898528517e-02 -3.8410557713e+00  4.6487150462e+00 -7.1425273455e-01 -2.4862835393e+00  5.6065128589e+00  6.7481786654e-01 -3.4372501161e+00  6.2005907932e+00  1.9134758798e+00 -1.7734262763e+00  5.1841960313e+00
ENERGY -5.475585926665e+02
GRADIENT -3.0447059450e-03  3.9783725399e-03  3.0559411939e-03 -3.0175194186e-06 -1.1300192591e-05  4.7291367871e-06  2.0697254704e-05  1.3222327361e-05  2.5880358543e-06  3.9667046968e-03 -8.2051105799e-03 -5.5159282167e-03  1.3036097933e-05  1.0372957718e-05  6.7706853709e-06  4.5856148220e-06  2.1400983971e-05 -8.3887098853e-06 -1.4941125688e-05 -1.0435418372e-05  7.6146052298e-06  1.0244842283e-05 -3.3076492182e-06  8.0596154989e-06  3.6909282378e-04  1.0015396564e-02  4.9567821203e-03 -1.3558062017e-03 -5.7871907308e-03 -2.5259893084e-03  3.7594036138e-05 -1.1817750781e-05  1.0974407581e-06  8.6346599882e-07 -3.2520882127e-06 -2.3847359833e-06 -1.2187488433e-06 -7.1396016809e-07  8.0753347855e-07 -3.1458053555e-07 -1.9288002465e-06  1.3203266682e-06 -5.0265683182e-06 -5.1363557083e-06 -1.6885007355e-06 -4.6705803103e-06 -2.9284253515e-06 -4.1642161720e-06  1.3968694656e-07 -3.4409414275e-06 -3.1853120528e-06 -5.4926849124e-06  1.0390211762e-06  3.9791483252e-06

JOB 15
COORDS  1.3695105840e+00  1.7068180793e-02  1.6396903682e+00  1.7015380465e+00 -5.5569521837e-01  2.8514573050e+00 -6.4099651873e-01 -1.3216629077e+00  1.6500234540e+00  1.8610272423e-01 -3.9986812850e-01  1.0163522637e+00  8.3307537111e-01 -1.5351443609e+00  3.4066816405e+00  2.0383553017e-01 -3.0188302114e+00  5.2834726475e+00 -3.1706136323e-01 -1.9020970079e+00  2.8076696809e+00  1.1510178828e+00 -2.1593295454e+00  4.5828629057e+00 -2.6085434662e-01  2.4782072770e-01 -2.1276212173e-01  4.9699341267e-01  1.9802833118e-01 -1.1906070800e+00 -1.3952699890e+00  7.4078694465e-01 -2.1804062526e-01  2.0045213224e+00  7.6329634561e-01  1.1717482225e+00  2.6073520613e+00 -2.6274640311e-01  3.3752063830e+00 -1.5884436874e+00 -1.6100023108e+00  1.1992661038e+00 -1.1657244896e-01 -3.8315399676e+00  4.6287974590e+00 -6.8965850321e-01 -2.4712119804e+00  5.6073639025e+00  7.0512427255e-01 -3.4421847657e+00  6.1565206151e+00  1.8910886605e+00 -1.7402405653e+00  5.1281554567e+00
ENERGY -5.475548831924e+02
GRADIENT -3.1686416669e-03  4.2283484264e-03  3.2453867631e-03 -6.7828159316e-05 -2.1881593160e-05 -4.2699864391e-05 -1.4913189007e-04 -3.1784907792e-05 -1.9126714084e-04  3.5651471687e-03 -8.5552864568e-03 -5.5002479447e-03 -1.3969952837e-05  3.8273082724e-05  7.9114823760e-05 -3.1155067638e-05  5.1543937812e-05  3.2975400423e-05  5.4462416241e-05  6.3269052995e-05 -2.9110825047e-05  1.5825066484e-04 -1.8592321077e-04 -3.4421242751e-05  2.7228638479e-03  1.0281093638e-02  4.4459782981e-03 -3.0574518016e-03 -5.9245180673e-03 -2.0387859559e-03 -1.4674264394e-05 -7.2411990654e-05 -2.6494874667e-05 -7.8071749158e-07  8.3523002585e-07 -8.3379245657e-06 -1.2073116620e-05 -4.2456071617e-06 -1.5953208668e-05 -2.0220034758e-05 -1.8944087516e-05 -1.2606685165e-05  4.9312141455e-06 -7.5604623841e-07  5.9179554704e-06 -1.0035733960e-06 -7.1919817802e-07  1.4618742518e-06  9.5606009634e-06  3.7769777190e-06 -1.9845454290e-06 -4.8826440095e-05  7.0481779568e-05  4.5675163337e-05

JOB 16
COORDS  1.3498613477e+00  3.8714001934e-02  1.6492938988e+00  1.6858436039e+00 -5.3732387042e-01  2.8598977469e+00 -6.3104714974e-01 -1.3400345573e+00  1.6360587058e+00  1.7708807232e-01 -3.9337228503e-01  1.0199584409e+00  8.3034656407e-01 -1.5316385209e+00  3.4066038938e+00  2.1045217416e-01 -3.0318411551e+00  5.2717783332e+00 -3.0759423853e-01 -1.9151975201e+00  2.7979958650e+00  1.1523610981e+00 -2.1570752726e+00  4.5834975635e+00 -2.6692866357e-01  2.3615412642e-01 -2.2830630451e-01  3.4551467076e-01 -5.5127236229e-02 -1.2616615174e+00 -1.2560596390e+00  9.7393328192e-01 -1.7090557572e-01  1.9769201010e+00  7.9911387077e-01  1.1929401738e+00  2.5872091081e+00 -2.3590313777e-01  3.3865179594e+00 -1.5665658222e+00 -1.6519409269e+00  1.1751244194e+00 -8.2862604031e-02 -3.8537522092e+00  4.6156508290e+00 -6.9967126761e-01 -2.5015959637e+00  5.5785080447e+00  7.0506868250e-01 -3.4421870782e+00  6.1548763511e+00  1.8705300335e+00 -1.7177467645e+00  5.1418632260e+00
ENERGY -5.475515477095e+02
GRADIENT -2.3100323943e-03  2.8811837765e-03  2.3253854197e-03  2.9617012953e-06 -2.8778607591e-06  9.0548104811e-06  2.9108565291e-05 -1.5906175474e-05  3.9032008502e-05  2.2370786494e-03 -5.6963221163e-03 -3.7747106121e-03  2.1040683086e-05  1.6503269221e-05 -1.1602641060e-05  2.6456501027e-05 -8.3546741691e-06 -6.3702051943e-06 -1.1732873870e-05 -7.6925346180e-07 -2.0291953030e-06 -4.6071221382e-05  2.4666140688e-05  1.6460783640e-05  3.0924091536e-03  6.4608847711e-03  2.1813481893e-03 -3.0074783574e-03 -3.6486937710e-03 -7.6713576220e-04  7.2510617223e-06 -3.4291611996e-06 -1.1666039195e-05  5.9646423641e-07  6.8494816240e-06  8.1113802895e-06 -5.3440740162e-06  7.5596484909e-06  1.1206714886e-05  5.8177025734e-06  8.9835452170e-07 -6.8846900118e-06 -1.4441004238e-06 -1.0512817205e-05 -2.8655882009e-06 -1.3646567913e-05 -6.7804337023e-06 -1.2405051137e-05 -5.2950210464e-06  6.8621164431e-06  5.2592633238e-06  1.5137097985e-05 -1.9804087765e-05 -3.5904851684e-06

JOB 17
COORDS  1.3213981551e+00  6.6835240312e-02  1.6670393309e+00  1.6707719021e+00 -5.2075233282e-01  2.8686969973e+00 -6.2185985913e-01 -1.3638400027e+00  1.6277098380e+00  1.5035942143e-01 -3.7233324470e-01  1.0408639487e+00  8.2975427743e-01 -1.5303361422e+00  3.4093932545e+00  2.2920021676e-01 -3.0479843610e+00  5.2650494561e+00 -2.9636622445e-01 -1.9330325789e+00  2.7935132225e+00  1.1616687024e+00 -2.1570266412e+00  4.5846294572e+00 -2.6868787017e-01  2.2154950269e-01 -2.3813430147e-01  1.4420903000e-01 -3.0962392866e-01 -1.2731832723e+00 -1.0070953387e+00  1.2097752045e+00 -1.8931339984e-01  1.9353209308e+00  8.4329320218e-01  1.2197612455e+00  2.5757027840e+00 -2.2042077874e-01  3.3897908133e+00 -1.5365351174e+00 -1.7107292371e+00  1.1498585301e+00 -4.4388610326e-02 -3.8746912192e+00  4.6064991785e+00 -6.9278301293e-01 -2.5340772925e+00  5.5647131306e+00  7.2364999730e-01 -3.4504363020e+00  6.1519290151e+00  1.8578759774e+00 -1.6962434295e+00  5.1534871068e+00
ENERGY -5.475501107679e+02
GRADIENT  2.0128662666e-05  8.0906604622e-05  3.5884726805e-05 -5.0319648222e-05  1.0607768653e-05 -4.0566924750e-05  3.2047433742e-05  7.1625035245e-06  1.0061401220e-05 -2.8595761855e-06 -7.6040264094e-05 -6.6880489062e-05 -2.0273958583e-05 -8.5958075174e-05  5.2123558154e-05  5.4826126777e-06 -1.3056122845e-05 -5.5572203824e-05  1.1994947890e-06 -2.5913207956e-06  5.1457137642e-06 -4.6516277751e-05  1.2902816727e-04  6.1645136672e-05  1.0303053358e-04  7.6169222910e-05  4.9823570321e-05 -5.7099184186e-05 -4.1335336259e-05 -5.2734325913e-06 -8.8248732764e-06  2.1978054255e-05  7.8930339659e-07  2.1589404927e-06  8.6129850643e-06 -4.4420493287e-06  2.2628597821e-06 -9.0198310055e-06 -5.2902445991e-06  1.5604377321e-06  5.4045215226e-06  2.7116872466e-06 -3.5060313787e-06 -5.7930009256e-06 -1.7111491256e-06 -3.2680248624e-06  2.6547715152e-06 -7.3577824465e-06 -7.0366719891e-06  7.2489768653e-06  6.6523757146e-07  4.1873381543e-05 -5.3982793747e-05 -2.3712181883e-05

JOB 18
COORDS  1.2867218108e+00  1.0436952679e-01  1.6912653556e+00  1.6496947716e+00 -4.9459047812e-01  2.8824986161e+00 -6.1872326829e-01 -1.3763630769e+00  1.6237647070e+00  1.1666524543e-01 -3.4015284831e-01  1.0649594202e+00  8.2266732737e-01 -1.5206352853e+00  3.4148854027e+00  2.4581291374e-01 -3.0640134498e+00  5.2572268336e+00 -2.9321127646e-01 -1.9414520072e+00  2.7908371268e+00  1.1624401366e+00 -2.1497548391e+00  4.5856984477e+00 -2.6442778895e-01  2.0852024948e-01 -2.4122806600e-01 -9.3975998378e-02 -5.0989287464e-01 -1.2313149256e+00 -6.8131870544e-01  1.3717514316e+00 -2.6826065500e-01  1.8849023644e+00  8.9702285549e-01  1.2514939687e+00  2.5571583845e+00 -1.9525180297e-01  3.3997034574e+00 -1.5101817271e+00 -1.7534744142e+00  1.1256520903e+00 -1.1270729252e-02 -3.8899840429e+00  4.5913648644e+00 -6.8573936543e-01 -2.5694435196e+00  5.5596041913e+00  7.4659663605e-01 -3.4643928797e+00  6.1414422298e+00  1.8474712410e+00 -1.6794265760e+00  5.1604682162e+00
ENERGY -5.475515328196e+02
GRADIENT  2.2716195185e-03 -3.0432274551e-03 -2.0533332812e-03 -3.1031324706e-05 -2.6237792553e-05 -5.6922962077e-05 -1.7981670832e-04  2.7655823078e-05 -2.1236133786e-04 -1.5473050639e-03  5.2473094045e-03  2.9582784494e-03  4.0908506448e-05 -6.6620772908e-06  1.3245033156e-04 -3.5680417548e-05  3.4549590127e-05  1.1467132428e-05  3.9295152425e-05  6.3991386831e-05 -5.1803411821e-05  1.2142047065e-04 -1.1079706531e-04  1.1408231001e-06 -5.0588802634e-03 -4.0655029282e-03 -1.8588159984e-04  4.3963919189e-03  1.8459359543e-03 -5.6116568840e-04  2.6980438646e-05 -5.2683251303e-06 -8.0970138685e-08  6.3204315596e-06 -6.0018116531e-06 -5.3025712815e-06 -1.5967685638e-05 -3.4302758298e-06  8.5617710023e-06 -1.5071813687e-05  1.1566847669e-05 -1.4643732701e-05 -4.6129445801e-06  1.3826431168e-06  3.8851080115e-07 -1.7087264135e-06  4.5666360737e-06  3.0325748307e-06 -5.6148068117e-07 -1.9229079608e-06 -4.0106056618e-06 -1.8529119465e-05  2.2716745061e-05  2.3935609861e-05

JOB 19
COORDS  1.2992709840e+00  1.3244484848e-01  1.7206142159e+00  1.6573592495e+00 -4.6812043074e-01  2.9110452810e+00 -5.8876632019e-01 -1.3700216049e+00  1.6261337001e+00  1.3578502429e-01 -3.1561279411e-01  1.0809095134e+00  8.3071805162e-01 -1.5005744075e+00  3.4342180218e+00  2.6697949631e-01 -3.0818591874e+00  5.2523139649e+00 -2.7541349288e-01 -1.9320491299e+00  2.7960820805e+00  1.1561918316e+00 -2.1231961545e+00  4.6078368427e+00 -2.1650102711e-01  2.0881491111e-01 -2.3476873575e-01 -3.0849765480e-01 -5.9889838225e-01 -1.1669632453e+00 -3.2659256597e-01  1.4369020687e+00 -3.4525033626e-01  1.8922797268e+00  9.3153600698e-01  1.2863851060e+00  2.5608919188e+00 -1.6829992405e-01  3.4348358095e+00 -1.4645740623e+00 -1.7586879613e+00  1.1102123035e+00  5.0710000015e-02 -3.9089264258e+00  4.5729900133e+00 -6.8606875165e-01 -2.6254360873e+00  5.5457883693e+00  7.6886684901e-01 -3.4728752537e+00  6.1399225764e+00  1.8633807094e+00 -1.6801898451e+00  5.1766401828e+00
ENERGY -5.475548840874e+02
GRADIENT  3.1912892988e-03 -4.7059944908e-03 -2.7089172860e-03 -3.2909575173e-05  2.0215517197e-05 -3.5996333428e-05 -4.0306236788e-05  9.5963730554e-05 -8.4753090022e-05 -2.1631473558e-03  7.1692019620e-03  3.4118871911e-03  9.7443895708e-05 -1.2721158115e-04  1.6970116175e-04  3.1924927460e-05 -1.4257109343e-05 -4.0258541044e-05  2.4764600107e-05  6.9647532610e-05 -6.8524488034e-05  2.5715316065e-06  7.6494973746e-05  1.5096079274e-04 -7.9292724841e-03 -3.4545624850e-03  6.4670923560e-04  6.7835519312e-03  9.4400451265e-04 -1.4415854742e-03 -6.4453741240e-06 -4.1892827310e-05 -2.7885428053e-06 -2.0421320386e-05 -9.3298729825e-06  2.0357074613e-06 -1.6887552822e-05 -1.7857631515e-05  7.0489297139e-06  6.5124674794e-06  3.8383583525e-06 -2.4233868827e-05 -6.6961704923e-06  6.3320623860e-06 -2.2710606309e-06  8.1545938495e-07 -4.9128291713e-07  1.0649706821e-05  7.5472713594e-06 -3.7805306257e-06 -3.4189329971e-06  1.6105683457e-05 -2.8113547681e-05 -1.1071188187e-06

JOB 20
COORDS  1.2945337703e+00  1.4949836049e-01  1.7325259848e+00  1.6476423163e+00 -4.4254398339e-01  2.9274344960e+00 -5.7264441371e-01 -1.3815381740e+00  1.6201596093e+00  1.4678197324e-01 -3.2001096937e-01  1.0764661253e+00  8.2931560028e-01 -1.4870025891e+00  3.4420188846e+00  2.7688628243e-01 -3.0861552209e+00  5.2487537097e+00 -2.6519131727e-01 -1.9361968245e+00  2.7937407633e+00  1.1482847101e+00 -2.1017294598e+00  4.6187859752e+00 -2.0342911165e-01  1.9899970965e-01 -2.3565538239e-01 -5.4689705277e-01 -6.1467442394e-01 -1.1038389645e+00 -7.2299601391e-02  1.4176952138e+00 -4.1970157663e-01  1.8774069003e+00  9.5693030102e-01  1.3011844457e+00  2.5397776295e+00 -1.2845794430e-01  3.4624154564e+00 -1.4386191052e+00 -1.7788601515e+00  1.0954953726e+00  8.2500017243e-02 -3.9113519297e+00  4.5605967303e+00 -6.8700867055e-01 -2.6522004523e+00  5.5398925914e+00  7.8159016383e-01 -3.4735669515e+00  6.1362331596e+00  1.8582897514e+00 -1.6630105212e+00  5.1873550698e+00
ENERGY -5.475585820644e+02
GRADIENT  3.0696959377e-03 -4.2638968354e-03 -2.5333377568e-03  1.2671605273e-04  3.4033266129e-05  1.3863971421e-04 -4.8923795401e-05 -1.6437897714e-05 -2.6351655055e-05 -2.1848778230e-03  5.9692065191e-03  3.0578792983e-03 -6.7166593338e-05 -8.4507145895e-06 -1.1189119102e-04 -3.3498626559e-05  1.7750441964e-05 -9.1234772793e-05 -2.7095587432e-05 -2.3069901407e-05  2.4942259283e-05  7.5103906615e-05  7.1600486706e-05  2.4303866701e-05 -7.0952560752e-03 -1.2055287698e-03  1.3512432829e-03  6.1422928499e-03 -5.7500021630e-04 -1.8736575070e-03  8.3861035324e-07  5.8757143267e-06  2.0586859236e-05 -7.7154381665e-06 -2.1368267711e-06  2.3247398045e-05  2.6436475476e-05 -5.0092081818e-06  1.7383020279e-06 -3.8428459773e-06  9.6656160037e-06  2.2948582355e-06 -2.1151748625e-05  3.5351528020e-06 -1.5665522105e-05  1.9996167970e-06  3.7369010998e-06  2.1408565110e-05  9.8795629758e-06 -1.1556411588e-05 -2.3720285205e-05 -4.3421181196e-06  1.9479272172e-05  8.7138575151e-06

JOB 21
COORDS  1.2899639671e+00  1.7169305989e-01  1.7521578589e+00  1.6351328207e+00 -4.1497501000e-01  2.9508102920e+00 -5.5754867139e-01 -1.3845509585e+00  1.6173034929e+00  1.6049372720e-01 -3.1846397333e-01  1.0766465958e+00  8.2792792885e-01 -1.4751645451e+00  3.4524513075e+00  2.8578626697e-01 -3.0947329261e+00  5.2444881568e+00 -2.5322566749e-01 -1.9392638498e+00  2.7911623801e+00  1.1413938466e+00 -2.0865126682e+00  4.6305304078e+00 -1.9838340366e-01  2.1626861787e-01 -2.2349722860e-01 -7.7734561924e-01 -5.3607521379e-01 -1.0200439453e+00  1.3790107611e-01  1.3832884745e+00 -4.7479744854e-01  1.8637603727e+00  9.8855678668e-01  1.3277015158e+00  2.5116342292e+00 -8.3949570632e-02  3.5012565296e+00 -1.4168930979e+00 -1.7856284576e+00  1.0859316731e+00  1.1691238168e-01 -3.9195498922e+00  4.5491172778e+00 -6.9007652658e-01 -2.6832620839e+00  5.5274007069e+00  7.8924789478e-01 -3.4760376313e+00  6.1352316974e+00  1.8502272107e+00 -1.6496667570e+00  5.2019840145e+00
ENERGY -5.475616228368e+02
GRADIENT  2.3968765869e-03 -2.7385267849e-03 -1.9547148201e-03 -3.8620707826e-05 -4.5436198039e-05 -2.7330134063e-05 -1.2309144264e-04 -9.9592515626e-05 -1.1905310351e-04 -1.7732444589e-03  3.7290617530e-03  2.3008189064e-03 -1.3368755149e-04 -7.1878293725e-05  1.7994236217e-05 -7.4869477514e-05  4.9280749340e-05 -1.2910952678e-04  3.2712974610e-06  8.3737308370e-06 -4.8080424916e-06  1.9594822126e-04  2.7240684277e-05  5.0955750616e-05 -4.6205196958e-03  4.8162539191e-04  1.4273901696e-03  4.0624644853e-03 -1.4240330599e-03 -1.6839867890e-03  3.9914656493e-05 -1.6674033378e-05  1.0020723373e-04  1.4208816906e-05  1.5698136096e-05 -1.2236729817e-05 -2.3153787322e-06  5.7498477400e-06 -2.3409278531e-05 -1.9814377411e-05 -2.6321357053e-06  8.8262691198e-06 -2.0244968256e-05  2.6430154080e-06 -1.4805689762e-05  3.3685033595e-07  5.0577847173e-06  2.4073548592e-05  1.8043933798e-05 -7.2120285436e-06 -2.8819042261e-05 -1.6506396200e-05  3.9862019154e-05  2.3002397604e-05

JOB 22
COORDS  1.3249079057e+00 -3.0026336434e-01  1.5047737498e+00  1.7400261375e+00 -7.3959499991e-01  2.7427723979e+00 -7.8902539173e-01 -1.4057134823e+00  1.9078106219e+00  2.8054075234e-02 -6.3596661726e-01  1.0785763456e+00  8.3673454011e-01 -1.5051961601e+00  3.5344634077e+00  3.3592885695e-01 -2.7686082267e+00  5.6080319779e+00 -4.0591470599e-01 -1.8256940358e+00  3.1138420844e+00  1.2006123724e+00 -1.9497099149e+00  4.7679816941e+00 -4.3935743295e-01 -2.2522745747e-01 -2.3112385982e-01 -1.4583773996e+00 -7.6819764648e-01 -6.8239933250e-01  2.2164204517e-01  6.3368851556e-01 -8.3494131271e-01  1.9681074253e+00  2.9008743351e-01  8.6173818511e-01  2.7366944879e+00 -5.1129829996e-01  3.1109409297e+00 -1.7878338027e+00 -1.6803267643e+00  1.5799223132e+00 -6.0317380962e-01 -2.2499656802e+00  5.8198818937e+00  8.5662056726e-01 -2.9656574217e+00  6.5471517316e+00  9.6078720230e-02 -3.7198122029e+00  5.1222253670e+00  2.1385029961e+00 -1.7495422534e+00  5.0824294838e+00
ENERGY -5.475634790176e+02
GRADIENT  4.9856209343e-04 -1.9685039430e-03 -6.3247408898e-04  2.8956334825e-04  6.8849122384e-05  9.2956964899e-05 -6.4140709605e-05 -5.2611520705e-05 -1.2743542968e-04 -6.1167549159e-04  2.0048854152e-03  7.2185418329e-04  1.0914489775e-04  2.0079974307e-04 -7.7623545396e-05  6.8114023480e-05 -1.6053706052e-05  1.3908863124e-04  6.8705135158e-06  2.3073964731e-05 -3.1552676035e-05 -1.2357136746e-04 -1.1352888223e-04 -9.5014040769e-05 -1.5252941920e-03  1.4395500187e-03  8.4558152474e-04  1.2839820389e-03 -1.6886233178e-03 -9.0737585727e-04  6.7782779096e-05  2.6591144792e-05  2.2396764090e-05 -2.0653733490e-05 -1.4906851264e-05  2.9186304960e-05  3.0117098345e-05 -2.8257521134e-05  2.1308669953e-05 -2.4958390984e-06  2.1338571962e-05 -2.4317652900e-05  1.0164726203e-05 -2.2270262355e-06 -4.5019444266e-06 -2.4698532086e-06 -1.3638001232e-05  1.3712846402e-05 -2.1144356486e-07  5.3520248049e-06  6.3425646587e-06 -2.7121275882e-05  1.8482586443e-05  1.1093360286e-05

JOB 23
COORDS  1.3217518253e+00 -2.9304621028e-01  1.5077994992e+00  1.7292116805e+00 -7.2195551434e-01  2.7517461127e+00 -7.7867747308e-01 -1.4310602669e+00  1.8936143853e+00  3.6454606647e-02 -6.5546990656e-01  1.0672463803e+00  8.3534463026e-01 -1.5096404108e+00  3.5325860041e+00  3.3528676945e-01 -2.7800745556e+00  5.6013459958e+00 -3.9642515477e-01 -1.8536687345e+00  3.0989225792e+00  1.1957374299e+00 -1.9493608962e+00  4.7685289266e+00 -4.3747975950e-01 -2.2736991523e-01 -2.3443624325e-01 -1.5770221533e+00 -5.6956663032e-01 -5.8269944348e-01  3.2697581183e-01  4.5999634668e-01 -9.2885500050e-01  1.9607716510e+00  3.0840428681e-01  8.7115639798e-01  2.7134797151e+00 -4.6601978326e-01  3.1347599008e+00 -1.7723742248e+00 -1.7156758461e+00  1.5595505862e+00 -6.1499979371e-01 -2.2769805312e+00  5.8002183220e+00  8.4819947732e-01 -2.9652456267e+00  6.5471094027e+00  1.1763023144e-01 -3.7367007968e+00  5.1157546753e+00  2.1253528683e+00 -1.7292788542e+00  5.0940414317e+00
ENERGY -5.475641030311e+02
GRADIENT  9.0231826243e-05  1.1103197310e-04 -6.3392517223e-05 -2.4237263101e-04 -5.0536264371e-05 -1.2731608045e-04  3.3921781590e-05  3.2153494655e-05 -3.3020294281e-05  5.2768147757e-05 -2.1209389733e-06  1.0118697132e-06  1.1309223952e-04  4.2575701971e-05  2.1697986441e-04  3.1814283697e-05  2.2416567580e-05  1.0649594241e-04  6.2268552865e-05  4.6681247221e-05 -8.4152817797e-05 -4.7245851586e-05 -1.6894862054e-04  9.2876420021e-06 -9.8750998036e-06 -9.9517065706e-06  4.5643959851e-05  1.7329112179e-05  5.7778539568e-05 -9.6129930224e-05 -4.5633850594e-05 -2.1370734550e-05 -4.3698920128e-06  6.7942812519e-06 -4.3919724235e-06 -2.5942439685e-05 -2.4371733224e-05 -2.5234805332e-05 -1.6733856356e-05  1.1166630441e-05  2.7294969633e-06 -9.9239379699e-06  7.5386565896e-06 -8.1468002691e-06 -2.1711925684e-05 -1.2498772864e-05  5.3998848386e-08  7.7160240135e-06  5.4074511076e-06 -5.4852718826e-06 -2.7432057758e-06 -4.4380263109e-05  2.3759421140e-05 -1.7709382873e-06

