JOB 0
COORDS -2.9187556228e+00 -4.7357847133e+00 -3.5476344909e+00 -3.6848160874e+00 -5.6356934355e+00 -4.2856359537e+00 -3.9579540663e+00 -2.9778526919e+00 -4.8359924323e+00 -3.0547463593e+00 -3.3639823642e+00 -3.8216778122e+00 -4.5458389945e+00 -5.1234029869e+00 -5.2541501403e+00 -1.2303877546e+00 -2.4849052026e+00 -2.3431608885e+00  3.5472869539e-01 -1.2901058130e+00 -7.5950541683e-01 -6.1193183714e-01 -1.1520124763e+00 -1.9357662121e+00 -4.6904496540e+00 -3.8376284771e+00 -5.5336716078e+00 -2.3538720872e+00 -2.3532128702e+00 -3.1532306759e+00 -5.3786441573e+00 -6.0645438528e+00 -6.0529774353e+00 -5.2408057886e+00 -7.2701954984e+00 -5.8022475676e+00 -7.8056546549e-01 -3.5700366647e+00 -2.0026155814e+00 -6.1391206033e+00 -5.5978188618e+00 -6.8955567830e+00 -2.2304747948e+00 -5.0758188936e+00 -2.7863400695e+00 -3.6224189011e+00 -6.7037230242e+00 -4.1177815808e+00 -4.0853573608e+00 -1.9226377117e+00 -5.0818681435e+00 -1.6385056150e-01 -1.6490711365e+00  1.3376412379e-01  8.1063093192e-01 -3.2270963978e-01 -5.2957312603e-01  1.1472182491e+00 -2.0046565218e+00 -9.9173755321e-01 -8.6884238104e-02 -7.5357150112e-01 -2.8143640240e+00 -1.4089155271e+00 -4.3483249863e-01 -1.7033502502e+00 -2.6046037752e+00 -1.4063505426e+00 -3.4136259138e+00
ENERGY -7.002478274108e+02
GRADIENT  6.8513771390e-05 -2.3980940297e-08  1.7856637234e-05  1.8755391155e-05  2.1160519100e-05 -1.4575185739e-05  7.5604653904e-04 -1.0516553299e-04 -7.5561109895e-04 -6.8682857255e-04  9.6287264772e-05  4.9268848868e-04  1.5692818928e-05  9.7825869594e-05 -3.1158556647e-06  7.3939228576e-04  1.0574700902e-04 -9.8264343634e-04 -6.3570878477e-07 -6.3765579081e-06  4.8446295043e-06 -1.7235165491e-05  1.4226780936e-05 -1.0146152340e-06 -2.5412240310e-05  7.7024602327e-06 -1.3459303464e-05 -9.1314743546e-04 -2.1825686566e-04  1.1925158683e-03  1.4052479690e-05  1.9271308954e-05  3.0292462916e-05 -3.4025715581e-05  5.4939974683e-08 -1.7204391362e-05 -5.7957698364e-05 -2.9247981685e-05 -3.6076463519e-05  5.0736608344e-05 -5.2058407604e-06 -2.0529969286e-05  2.0810943478e-05 -5.7616713391e-07  2.4788728778e-05  7.7668256779e-06  4.0332485719e-06  3.4566868833e-06 -6.2396893271e-06  2.3522549761e-06 -1.3828919256e-05 -5.1768254495e-06 -1.9527884901e-07  3.3861488406e-06 -1.6671324321e-06 -1.4594793745e-06  3.1677517511e-06 -3.6869359752e-06 -3.4769878295e-06  8.7942033979e-06  6.0214358404e-06 -8.9304336174e-07  3.7846477806e-06  1.9597366295e-06  5.4255753110e-06 -1.7407465052e-06  9.8531429787e-05  1.7307188731e-05  2.2126370696e-05

JOB 1
COORDS -3.0513711732e+00 -4.7251013864e+00 -3.4269377105e+00 -3.7617701762e+00 -5.6295453301e+00 -4.2132376078e+00 -3.9227822958e+00 -2.9800723937e+00 -4.8485076112e+00 -3.1333723035e+00 -3.3589756142e+00 -3.7428631001e+00 -4.5169359448e+00 -5.1234048390e+00 -5.2699318124e+00 -1.2625512861e+00 -2.4843405972e+00 -2.3381034328e+00  4.3275523020e-01 -1.3096672006e+00 -8.5552620805e-01 -6.4942242947e-01 -1.1516896095e+00 -1.9236576580e+00 -4.6072299931e+00 -3.8430801643e+00 -5.5915997673e+00 -2.4696230312e+00 -2.3544443815e+00 -3.0234659078e+00 -5.2897867557e+00 -6.0684638637e+00 -6.1243820131e+00 -5.1980461915e+00 -7.2703081231e+00 -5.8375267081e+00 -7.5157844062e-01 -3.5687233797e+00 -2.0996027609e+00 -5.9613597565e+00 -5.6073798096e+00 -7.0421098924e+00 -2.4422059739e+00 -5.0607867108e+00 -2.5987730490e+00 -3.7383547396e+00 -6.6942114486e+00 -4.0167950667e+00 -3.9994850308e+00 -1.9295491126e+00 -5.1318017932e+00  1.7022856783e-02 -1.7304651474e+00  6.4144867402e-02  8.7725838559e-01 -3.3797485632e-01 -6.2131963820e-01  1.2214911039e+00 -1.9817704315e+00 -1.2001634822e+00 -2.2694807649e-01 -6.9183459016e-01 -2.8273180177e+00 -1.4434702824e+00 -4.7782177976e-01 -1.5789691278e+00 -2.7415648160e+00 -1.4063997931e+00 -3.2582343102e+00
ENERGY -7.002468613613e+02
GRADIENT  6.6865912401e-05 -1.8247023213e-05  9.4208493642e-05 -9.7426741520e-06  1.2227449618e-04 -2.0385010714e-05  1.6680353806e-03 -2.8739681685e-04 -1.2580717472e-03 -1.8178656304e-03  6.7821175446e-04  6.9978743250e-04 -6.2161293410e-05  1.2950212823e-05 -2.2312888307e-05  1.1391508341e-03  5.7250930353e-04 -1.9195763293e-03  3.4667849402e-08  4.4159892560e-06 -8.4777209548e-07  8.4974949267e-06  6.5947774797e-07 -9.9494666806e-07 -5.1719824239e-06  7.4108903503e-06  2.8747547806e-06 -9.0172288084e-04 -1.0323161474e-03  2.5016635503e-03  1.5497787462e-04 -6.0171099009e-07 -9.2312643164e-05 -6.5423174232e-05 -1.4198920659e-05  4.2308760546e-06 -6.7391930974e-06 -1.0138760597e-06  2.1793129623e-06 -4.5999404038e-05 -1.6917801525e-05  5.3490155773e-05  1.4467463001e-05  4.6055545760e-06  1.3090883840e-05  7.5268365467e-06  1.4129908648e-05  4.9283836946e-06  9.2670196249e-07 -1.1081043707e-05 -7.9589525304e-06  1.6704602480e-06  2.2799008377e-06  2.1556692398e-07 -1.4774586782e-07  4.0066239865e-06  1.0004913159e-06  1.7525332012e-06  4.4255682564e-06  3.6585321036e-07 -4.1172164037e-06  3.3135958912e-06 -1.2912010924e-07  9.7033244354e-07  2.9550065327e-06  4.4531474734e-06 -9.5167275726e-05 -2.6400010754e-05 -3.5954968840e-05

JOB 2
COORDS -3.1685133870e+00 -4.7044703150e+00 -3.3287726835e+00 -3.8133308547e+00 -5.6152180745e+00 -4.1624536501e+00 -3.8450663720e+00 -2.9762476452e+00 -4.8698000056e+00 -3.1894692407e+00 -3.3464020300e+00 -3.6798353412e+00 -4.4431353275e+00 -5.1167463477e+00 -5.3021964697e+00 -1.2856518360e+00 -2.4761405021e+00 -2.3465946652e+00  4.9965157987e-01 -1.3322048120e+00 -9.4816338333e-01 -6.8470797829e-01 -1.1498862484e+00 -1.8974250788e+00 -4.4706797418e+00 -3.8440146698e+00 -5.6606619379e+00 -2.5617004219e+00 -2.3544308663e+00 -2.9043844561e+00 -5.1426407193e+00 -6.0676755752e+00 -6.2141365867e+00 -5.1314259188e+00 -7.2600391524e+00 -5.8784152094e+00 -7.2029380331e-01 -3.5525189745e+00 -2.2321389136e+00 -5.6796698910e+00 -5.6189654944e+00 -7.2217207103e+00 -2.6559560638e+00 -5.0321465985e+00 -2.4336924950e+00 -3.8352691943e+00 -6.6752050724e+00 -3.9423847634e+00 -3.8644595713e+00 -1.9320339373e+00 -5.1834198292e+00  1.8925636514e-01 -1.8313852233e+00 -2.6121383244e-02  9.2872747943e-01 -3.6020607422e-01 -6.8780945823e-01  1.2758907535e+00 -1.9451217069e+00 -1.4112267235e+00 -3.6742659385e-01 -6.1272246462e-01 -2.8015964329e+00 -1.4676654085e+00 -5.3661374664e-01 -1.4347517527e+00 -2.8597139055e+00 -1.4050923820e+00 -3.1007885578e+00
ENERGY -7.002452932014e+02
GRADIENT  9.6378120285e-05  3.6081086040e-05  1.7225549663e-04 -4.2384730908e-05  1.9767592629e-04 -5.9049000420e-05  2.5488993331e-03 -3.9713663903e-04 -1.5734970552e-03 -3.1761337584e-03  1.2901007494e-03  6.6017482127e-04 -1.1660638006e-04 -1.3736824146e-04 -1.0821805986e-05  1.3557759893e-03  1.2574603422e-03 -2.6654393233e-03  4.3867366034e-07  3.3044093791e-06 -5.6364223149e-06  1.0856549694e-05 -6.1946136314e-06  9.2309472002e-06  3.0152833928e-05  4.1352153514e-05  5.1732798623e-05 -6.5884321727e-04 -2.2594482631e-03  3.5638629642e-03  2.0517239924e-04 -1.5863178879e-05 -1.4568816520e-04 -6.8520886435e-05  3.6244387325e-06  5.1038467200e-05 -2.4627151697e-05  1.2469601520e-05  1.6557281412e-05 -1.1236128252e-04  4.6268816345e-07  4.0192694185e-05  5.2394712968e-06 -3.0477244256e-06  2.4000684352e-05  2.9862180899e-06  1.9496512981e-05  1.5005203983e-06 -4.8432387582e-06  9.6273392972e-06  6.6704270293e-06  1.3319410731e-06 -2.6296946867e-06 -2.8052857197e-06 -5.2838145942e-08  3.3535463354e-07  9.5663237574e-07  1.2820273213e-06  2.0732539744e-06 -3.0998025407e-06 -7.9214807391e-06  1.8788060449e-06 -4.2635709912e-06  3.8154179091e-07  1.2690297113e-06  7.0093513853e-06 -1.0649946044e-04 -2.8087201341e-05 -9.2550865428e-05

JOB 3
COORDS -3.3138246556e+00 -4.6869117300e+00 -3.2084607471e+00 -3.9126916365e+00 -5.6030492843e+00 -4.0700241238e+00 -3.7958298601e+00 -2.9819190256e+00 -4.8424594039e+00 -3.2673966607e+00 -3.3398405051e+00 -3.5897961657e+00 -4.4307196603e+00 -5.1132798468e+00 -5.2685317741e+00 -1.3127519321e+00 -2.4627381950e+00 -2.3717246670e+00  5.5048653445e-01 -1.3403299386e+00 -1.0598643717e+00 -7.1522688590e-01 -1.1450388283e+00 -1.8950439728e+00 -4.3848522649e+00 -3.8519863826e+00 -5.6613729718e+00 -2.6501563421e+00 -2.3641574042e+00 -2.7756792485e+00 -5.0877210792e+00 -6.0673563438e+00 -6.2116685898e+00 -5.1200096076e+00 -7.2537546464e+00 -5.8578771569e+00 -7.0210688942e-01 -3.5192282061e+00 -2.3964151081e+00 -5.5489222243e+00 -5.6252257694e+00 -7.2585030574e+00 -2.8881458343e+00 -5.0025400555e+00 -2.2635218138e+00 -3.9840795347e+00 -6.6564271842e+00 -3.8299887805e+00 -3.7466849857e+00 -1.9481023545e+00 -5.1847286638e+00  3.3324349535e-01 -1.8974652169e+00 -1.4428547490e-01  9.7419375871e-01 -3.7073668065e-01 -7.8218990129e-01  1.3001887674e+00 -1.9031479217e+00 -1.6200256482e+00 -4.9048655703e-01 -5.4861276632e-01 -2.7898009030e+00 -1.4738036394e+00 -5.8519194652e-01 -1.3347116981e+00 -2.9865833240e+00 -1.4166133167e+00 -2.9106947859e+00
ENERGY -7.002431206437e+02
GRADIENT  1.1971120924e-04 -9.8388432686e-05  2.6097665744e-04 -2.6232263199e-06  3.5960798918e-04 -1.2258941914e-04  3.6041160678e-03 -7.7593318852e-04 -1.7907584993e-03 -4.7945010218e-03  2.2836207777e-03  7.9167883934e-04 -7.9629087811e-05 -2.7295033307e-04 -1.2244446112e-04  1.1978219832e-03  2.1188481923e-03 -3.4545198564e-03 -3.6610134945e-07 -6.6945373535e-06 -4.2735753248e-07 -2.3842162272e-05  7.5954721898e-06 -3.8914526860e-06  8.4522046762e-05  1.5688244124e-05  1.0148000569e-04 -6.0064046169e-05 -3.6944876700e-03  4.3020242218e-03 -1.5312865252e-04  2.3672922138e-05 -2.8744244432e-05  8.0042327084e-05  3.5501106590e-06  2.6996253551e-05  7.1423117303e-06 -1.5586887503e-05  2.1556909544e-05  8.0811666981e-06 -1.0874540867e-05 -7.6122039565e-05  8.0918809762e-06  4.6677662644e-06  2.2606165101e-05  5.5736211001e-06  3.0781700913e-05 -1.2719343643e-05 -2.3570116778e-06  2.2428509896e-05  1.4300148319e-06 -3.5167135777e-07 -3.1139847129e-06  6.9219568938e-07 -4.1467786672e-06  6.4659386924e-07  3.1562920936e-06  3.7478288638e-07  9.9685384955e-07  3.4596082146e-06 -9.3621128545e-06 -2.2648743035e-06  1.4474334256e-06  1.4310179561e-06  8.3668077701e-06  9.2392087420e-06  5.1454678569e-05  3.1875964539e-05  4.8940771566e-05

JOB 4
COORDS -3.4402245565e+00 -4.6771075990e+00 -3.1346028623e+00 -4.0135871639e+00 -5.5853477262e+00 -4.0223703538e+00 -3.6877460664e+00 -2.9908090193e+00 -4.8354150896e+00 -3.2927167323e+00 -3.3455527592e+00 -3.5355881628e+00 -4.4023798401e+00 -5.0945185747e+00 -5.2681861528e+00 -1.2983373623e+00 -2.4461707532e+00 -2.4275798868e+00  6.0835943729e-01 -1.3511399187e+00 -1.1558908833e+00 -7.2076447450e-01 -1.1456295116e+00 -1.8836126913e+00 -4.2543283342e+00 -3.8492150244e+00 -5.6840934456e+00 -2.6747943364e+00 -2.3952622272e+00 -2.6802368478e+00 -5.0329105766e+00 -6.0362386672e+00 -6.2448869404e+00 -5.1629939886e+00 -7.2089216173e+00 -5.8698073729e+00 -6.4188383743e-01 -3.4569536354e+00 -2.6201006125e+00 -5.3832924481e+00 -5.5944337059e+00 -7.3334648213e+00 -3.1094106503e+00 -4.9869860723e+00 -2.1493117062e+00 -4.1593577900e+00 -6.6282137844e+00 -3.7704419743e+00 -3.5495072219e+00 -1.9709259437e+00 -5.1932778358e+00  4.7771802932e-01 -1.9843544187e+00 -2.7379834413e-01  1.0165252781e+00 -3.8890929088e-01 -8.3281997971e-01  1.3345899821e+00 -1.8389513061e+00 -1.8094757767e+00 -5.8224611871e-01 -4.7190900468e-01 -2.7401820024e+00 -1.4578138420e+00 -6.6499896084e-01 -1.2292264016e+00 -3.0709275230e+00 -1.4616061890e+00 -2.7118495219e+00
ENERGY -7.002405426468e+02
GRADIENT  5.6297224936e-05 -1.3951954672e-05  1.8279280411e-04 -8.7672375117e-05  8.7764413562e-06 -5.5199307682e-05  3.8291178103e-03 -1.2978728675e-03 -1.6391309207e-03 -5.4643136042e-03  2.9827568168e-03  4.0572578950e-04 -9.9781755993e-05  1.7439116120e-04  1.4697192685e-04  7.4345618241e-04  2.5196969502e-03 -3.4909647252e-03 -9.0411303010e-06 -1.2845409160e-05 -8.4504209565e-06 -7.6604368666e-05  1.1738809173e-05 -8.3660964579e-06 -9.6745001713e-06  5.5649187748e-05 -8.3731876294e-05  9.2183989913e-04 -4.4390190354e-03  4.4628050490e-03  5.7992304526e-04 -1.0647722494e-04 -2.2224237254e-04 -1.9107022925e-04  5.3137228695e-05  8.5329463706e-05  8.7559470532e-05 -5.8996427162e-05  3.4600338792e-05 -1.7632290031e-04  6.6506400669e-05  9.3222423766e-05 -8.4341319960e-06 -8.7310392660e-06  1.5135662857e-05  3.4159512908e-05 -9.6437251974e-06  1.0516534085e-05 -4.0001182387e-05 -2.0477199065e-06 -1.2661976564e-05 -5.3910432470e-06  5.0859815483e-06 -2.1392018006e-06 -1.3077443525e-05  8.5974741194e-06 -3.6134013209e-06 -4.1616728489e-06  3.9677309847e-06  3.1617769834e-06 -2.1935347463e-05  1.8630382232e-06 -4.7538526455e-06 -9.0809628710e-06  1.8216754987e-05  6.7839491052e-06 -4.8601663120e-05  2.9837939245e-05  3.8754034344e-05

JOB 5
COORDS -3.5808703890e+00 -4.6769261865e+00 -3.0808975829e+00 -4.1393688432e+00 -5.5816870121e+00 -3.9831867496e+00 -3.5120777071e+00 -3.0607856712e+00 -4.8612531991e+00 -3.2777055366e+00 -3.3852467546e+00 -3.5169637360e+00 -4.3542618602e+00 -5.1191332535e+00 -5.2802914629e+00 -1.2892703007e+00 -2.3975422974e+00 -2.4840429457e+00  6.3855278463e-01 -1.3029954005e+00 -1.2431127575e+00 -7.7310047139e-01 -1.1336484680e+00 -1.8058161685e+00 -4.0597460354e+00 -3.9126447620e+00 -5.7301822699e+00 -2.6759814550e+00 -2.4428063199e+00 -2.6310319647e+00 -4.9658932147e+00 -6.0531787130e+00 -6.2799545530e+00 -5.2416079469e+00 -7.1890285415e+00 -5.8725669622e+00 -5.7168513752e-01 -3.3102807255e+00 -2.8635868779e+00 -5.1564468096e+00 -5.6389321893e+00 -7.4173475463e+00 -3.3776483920e+00 -4.9606856685e+00 -2.0532031563e+00 -4.3998290059e+00 -6.5955888582e+00 -3.7066125493e+00 -3.2512539734e+00 -2.0739231188e+00 -5.2407776999e+00  6.5923210103e-01 -2.0676012846e+00 -4.6146393442e-01  9.9173389131e-01 -3.6054990169e-01 -8.1398722116e-01  1.3320603838e+00 -1.6135595656e+00 -2.0274742001e+00 -7.8651576452e-01 -3.3343174477e-01 -2.5581917826e+00 -1.4754839828e+00 -8.2958576630e-01 -1.0205288937e+00 -3.1707508320e+00 -1.5670308682e+00 -2.5012676835e+00
ENERGY -7.002383118021e+02
GRADIENT -8.6970476382e-05  9.4220721470e-05 -3.8906423675e-04 -1.2644578829e-04 -5.9681546762e-04  1.9035978594e-04  2.4351350799e-03 -1.0792351337e-03 -7.2810197935e-04 -3.6656043662e-03  2.4259205563e-03  7.0005438584e-05  2.2687705306e-04  5.9025349126e-04  2.4608092419e-04 -1.3557786976e-05  2.0060492924e-03 -2.0016580804e-03  7.4560447481e-06  4.1145809985e-05 -8.0629110791e-06  1.6329187698e-04  1.9250565150e-06  3.9091986809e-06 -8.8117644391e-05  2.0191509772e-05 -2.2732630295e-04  1.1007641570e-03 -3.3520129982e-03  2.5898134755e-03  2.6798934098e-04 -9.1307879730e-06  1.9914091604e-04 -1.3376929249e-04 -1.3272798572e-05 -1.5256133900e-04 -9.0164795847e-05  1.5498214562e-05  7.6072748799e-05  1.0481921719e-06  2.3017353011e-05  1.5104904053e-04 -1.5267561017e-05 -2.1698429138e-05 -3.9889317874e-05 -9.2672505243e-06 -4.0385205185e-05  4.1526919216e-05  1.7634293293e-06 -2.6825916601e-05 -1.6953367158e-05 -2.2365253409e-06  1.8129142273e-07 -5.1396014202e-06  3.7879980775e-06  1.9510558377e-06  1.4394521769e-05  2.8415555286e-06  1.2348425502e-05  4.2160111797e-06 -2.9364449652e-05  1.6885567029e-05  1.7346587471e-05  2.3221218084e-05 -3.6925749143e-05  2.1807983916e-05  1.7539773022e-05 -2.1861963333e-05 -3.5177930431e-05

JOB 6
COORDS -2.7879904456e+00 -4.4205988327e+00 -3.7534654788e+00 -3.4014210866e+00 -5.4142149113e+00 -4.5168513876e+00 -4.5087123119e+00 -2.9030416006e+00 -4.4851162301e+00 -3.3424937933e+00 -3.1377626628e+00 -3.7368823257e+00 -4.5422180321e+00 -5.0460225084e+00 -5.2260916570e+00 -2.1139035577e+00 -1.0263500788e+00 -3.4910463981e+00 -9.5348879311e-01  1.1784418988e+00 -2.9992177265e+00 -1.2866084981e+00 -2.2557493097e-01 -2.4929649969e+00 -5.0920590024e+00 -3.8437297609e+00 -5.2273457589e+00 -2.8032690821e+00 -2.1040815881e+00 -2.9256987108e+00 -5.2342915086e+00 -6.0830950944e+00 -6.0538064704e+00 -4.7405202336e+00 -7.2189064941e+00 -6.0342062041e+00 -2.1929886582e+00 -7.6216227167e-01 -4.6800780811e+00 -6.2285139606e+00 -5.7507681389e+00 -6.6883009278e+00 -1.8868608802e+00 -4.6389785281e+00 -3.1861011879e+00 -3.0177862563e+00 -6.4251804495e+00 -4.5717336731e+00 -4.9649176610e+00 -1.9166103327e+00 -4.4822763277e+00 -4.3665271405e-01  1.1297555986e+00 -3.9599950332e+00 -3.1309969020e-01  1.6988851023e+00 -2.2809230533e+00 -1.8631134062e+00  1.7684964263e+00 -3.1419239626e+00 -1.8155891681e+00 -1.8247161220e-01 -1.5334126450e+00 -3.6229294723e-01 -7.9088627440e-01 -2.3112674278e+00 -2.4930571478e+00 -2.3881453363e+00 -2.0027190937e+00
ENERGY -7.002394899783e+02
GRADIENT  4.6507895775e-05 -3.1702137237e-05  1.7916538060e-05 -2.9229388886e-05  7.8414350782e-05  2.8914148548e-05 -2.0997148774e-03 -1.1007883803e-03  2.9539286400e-03  4.7827312877e-03  7.8587603774e-04 -4.1980574787e-03 -3.1239393798e-05 -7.1057264116e-05 -6.4419538219e-05  3.2408530988e-03 -2.0012255006e-03  3.0433524634e-04  1.9133220726e-06 -1.0155477446e-05 -5.5384233630e-07  1.9489519030e-05  2.8749353818e-06 -2.8198266494e-06  5.5154138770e-05 -2.8692861898e-05  2.5196216849e-05 -5.8852188397e-03  2.3601372433e-03  9.6512325435e-04 -1.9214886762e-05 -3.4755931346e-05  2.0833754342e-05 -6.9383584245e-06 -1.0404761666e-05 -4.4724013450e-05 -3.6124737505e-05  2.4942753434e-05 -7.8904174952e-06 -6.3523153044e-06 -2.3703404160e-05  7.1383676913e-06  7.3902526003e-06 -2.3078056825e-07  1.7109260741e-07 -3.2035390694e-06  9.2939744303e-06 -9.6178263024e-06 -4.4467374957e-06  6.5729926904e-06  9.7981106421e-06 -5.7547936733e-06  2.7345158100e-06  3.2518243950e-06 -7.2366910419e-06 -6.9448617412e-07  4.5585329623e-06 -5.9325176147e-06 -6.5732056553e-06  1.3572259472e-06 -1.1714674095e-05  1.2806042148e-05 -4.0726076246e-06 -1.2844697736e-05 -1.0346743207e-05  1.5439756294e-05 -4.5970605641e-05 -2.9799691894e-05  3.5230250341e-06

JOB 7
COORDS -2.8394534698e+00 -4.4948792918e+00 -3.6733457261e+00 -3.4813344496e+00 -5.4748652896e+00 -4.4289097162e+00 -4.3768776733e+00 -2.8826415733e+00 -4.5948371281e+00 -3.2808817205e+00 -3.1699529813e+00 -3.7576380394e+00 -4.5394024559e+00 -5.0564312930e+00 -5.2324111734e+00 -2.1478733767e+00 -9.9500241126e-01 -3.4944396715e+00 -1.0452512176e+00  1.2247135590e+00 -2.9419623308e+00 -1.2529665466e+00 -2.3207552115e-01 -2.5259041802e+00 -4.9856884139e+00 -3.8151543404e+00 -5.3253856408e+00 -2.7053052746e+00 -2.1600573967e+00 -2.9542174352e+00 -5.2591618222e+00 -6.0756242212e+00 -6.0541035768e+00 -4.8397526423e+00 -7.2389828133e+00 -5.9750107663e+00 -2.3779433435e+00 -6.3579127446e-01 -4.6376566969e+00 -6.2037157369e+00 -5.7064191428e+00 -6.7425879739e+00 -2.0001699528e+00 -4.7574824361e+00 -3.0338342315e+00 -3.1789306860e+00 -6.5142346573e+00 -4.4078902607e+00 -4.7502372833e+00 -1.8665284605e+00 -4.6749244845e+00 -6.3496399089e-01  1.2830092108e+00 -3.9523241257e+00 -3.5543392429e-01  1.7210295298e+00 -2.2530499566e+00 -1.9921574563e+00  1.7717287135e+00 -2.9365950050e+00 -1.6730511786e+00 -2.9596398642e-01 -1.5148973133e+00 -2.8855244978e-01 -7.5729172656e-01 -2.4935150711e+00 -2.2852273102e+00 -2.4806520059e+00 -2.0886222482e+00
ENERGY -7.002418014567e+02
GRADIENT  5.3599748022e-06 -1.4284262332e-05 -3.3056633936e-07 -2.4065130564e-05  6.5114457851e-06  2.5102803010e-05 -2.2812542277e-03 -8.6617966468e-04  2.7016290696e-03  5.1957766287e-03  4.0946356907e-04 -4.1992159857e-03 -1.5904695812e-05 -8.6790355073e-06  2.4365143228e-06  3.2901972803e-03 -1.7186450404e-03 -2.0964543439e-04 -2.2622175202e-06  5.1067302626e-06 -2.0221883584e-06  3.4957451568e-06 -1.6010779839e-05  2.0488696390e-06  2.3455312323e-05  1.8866470410e-06 -8.9241516761e-06 -6.1996623869e-03  2.1568153942e-03  1.7362555345e-03  3.9575790539e-05  8.8309252737e-06 -7.1097033021e-05  1.6182376188e-05  1.3756285851e-05 -1.8014750528e-06 -1.2427207822e-05  1.2314208798e-05 -2.6206286027e-05 -5.6609957238e-05 -7.4542863876e-06  5.6350455283e-05  7.1104074073e-06  9.2994346530e-06 -8.3897638637e-06  3.1880865928e-06  2.5993614787e-06 -7.7766362790e-06  6.8738293536e-06  5.7273510431e-06  4.4262974338e-06 -1.4439813027e-08  6.8404766392e-06 -5.9190401302e-07 -1.3890203834e-06  4.2321566871e-06  9.5132378164e-07 -4.3521148079e-06 -7.2462224807e-07  2.6620477139e-06  7.1993700453e-06  5.2177681527e-06  6.2462359722e-06  2.5922884836e-06  8.4838741475e-07  7.9758644144e-07  3.5044428633e-06  2.9019697476e-05  6.0150284680e-06

JOB 8
COORDS -2.8360578627e+00 -4.5091354577e+00 -3.7266168581e+00 -3.4888658925e+00 -5.4828091148e+00 -4.4774288441e+00 -4.2432331065e+00 -2.8532171042e+00 -4.7769844977e+00 -3.2021563228e+00 -3.1645642025e+00 -3.8759222489e+00 -4.4865343769e+00 -5.0435274706e+00 -5.3454667861e+00 -2.1894186237e+00 -9.2056777117e-01 -3.5288393357e+00 -1.1566529141e+00  1.3029241839e+00 -2.8670837695e+00 -1.2632514984e+00 -1.9148467128e-01 -2.5626704298e+00 -4.8629379082e+00 -3.7858456977e+00 -5.4992107866e+00 -2.5940854457e+00 -2.1796772425e+00 -3.0755436346e+00 -5.2144109320e+00 -6.0538405283e+00 -6.1679395087e+00 -4.8625419409e+00 -7.2338484840e+00 -6.0248279124e+00 -2.5542538802e+00 -4.6056805893e-01 -4.5988550791e+00 -6.0999944783e+00 -5.6639183026e+00 -6.9208316100e+00 -2.0435276417e+00 -4.7914646907e+00 -3.0373354412e+00 -3.2400021358e+00 -6.5339757693e+00 -4.4047628617e+00 -4.5609435106e+00 -1.8261705755e+00 -4.9153774174e+00 -8.1790019932e-01  1.4655838696e+00 -3.8924663699e+00 -4.4769272213e-01  1.7787880670e+00 -2.1832339628e+00 -2.1269714302e+00  1.7948252310e+00 -2.7569606282e+00 -1.6077522343e+00 -3.5863153452e-01 -1.5347734607e+00 -2.7482041776e-01 -6.6517159426e-01 -2.6371432235e+00 -2.0990709910e+00 -2.5293160277e+00 -2.2627553909e+00
ENERGY -7.002436601260e+02
GRADIENT  4.0110328123e-06  1.2245637065e-05  1.2090736561e-05  1.0920840773e-05 -2.5742265008e-05  1.3675956454e-05 -1.7318840787e-03 -1.8805176040e-04  1.8592984935e-03  3.9920280798e-03 -9.0556324792e-05 -3.1739070335e-03 -2.2014943444e-05 -7.7145532907e-05  4.0602340315e-05  2.4078997775e-03 -9.1124518575e-04 -6.4223877006e-04  1.1461983620e-06 -3.1140253539e-06 -3.0828199908e-06 -2.8222810481e-06 -6.8853759903e-06 -3.8525482609e-06  3.4112616065e-05 -2.6297590027e-05  5.6037075923e-05 -4.7896687212e-03  1.4584219456e-03  1.9261643552e-03  1.2590059624e-04  8.9055167817e-06 -1.1941107385e-04 -5.2158357974e-05 -1.3090169103e-05  5.7127365383e-05  2.2217930625e-05 -1.6440661546e-06  1.4948101116e-05 -4.8058893447e-05 -5.9237596477e-06  4.3167834802e-05 -9.8738281520e-07 -9.4263331833e-06  1.6163823936e-06 -6.5329939206e-06 -7.5708055902e-07  8.6015723615e-07 -2.2701968052e-07  1.6346384447e-05  1.4102889326e-05  1.6025680762e-06  6.6755343791e-07 -1.4438303955e-06  2.0224998889e-06 -2.2602691946e-06 -8.6881506523e-07  1.5233877360e-06 -1.5819040239e-06  4.2973500212e-07  1.9859872494e-06 -5.9068323850e-06 -4.0191405079e-06  7.4031112140e-06 -8.1974554293e-08  9.6037010817e-07  1.6667681847e-05 -1.2723658534e-04 -3.1874776585e-05

JOB 9
COORDS -2.8803599684e+00 -4.5351016122e+00 -3.6935838676e+00 -3.5681567529e+00 -5.5089135644e+00 -4.4089188485e+00 -4.1303957423e+00 -2.8577292272e+00 -4.9009704624e+00 -3.1484124293e+00 -3.1785719411e+00 -3.9361528787e+00 -4.5025571844e+00 -5.0624783838e+00 -5.3423955381e+00 -2.1937615847e+00 -8.9709225176e-01 -3.5466686000e+00 -1.2282163244e+00  1.3262042835e+00 -2.7886859059e+00 -1.2311708466e+00 -1.9064363440e-01 -2.5981665857e+00 -4.7837535129e+00 -3.7955004209e+00 -5.5874973332e+00 -2.4839231612e+00 -2.2082457148e+00 -3.1703800165e+00 -5.2654747345e+00 -6.0724728663e+00 -6.1309159732e+00 -5.0137917555e+00 -7.2617293437e+00 -5.8864925725e+00 -2.6664120034e+00 -3.7520443739e-01 -4.5445838661e+00 -6.0770728062e+00 -5.6746722905e+00 -6.9595074212e+00 -2.1357843281e+00 -4.8258758751e+00 -2.9557419518e+00 -3.3934876915e+00 -6.5670787541e+00 -4.2607236499e+00 -4.3705668301e+00 -1.8246851334e+00 -5.1190811983e+00 -9.8236672285e-01  1.5859831837e+00 -3.8205036002e+00 -4.9206861104e-01  1.7891709272e+00 -2.1250215665e+00 -2.2107821184e+00  1.7508387582e+00 -2.5653909658e+00 -1.4809453011e+00 -4.5368845101e-01 -1.5628193284e+00 -2.2873449866e-01 -5.9867328623e-01 -2.7860819687e+00 -1.9510847538e+00 -2.5673241552e+00 -2.3866317631e+00
ENERGY -7.002449074756e+02
GRADIENT  1.1737506498e-04 -5.6164541252e-05  1.2804225791e-04 -3.1127219399e-05  1.5011670944e-04 -4.0368962474e-05 -1.2019751094e-03 -4.8905508966e-05  1.2092102816e-03  2.6876739386e-03 -2.6328109381e-04 -2.2135463339e-03  8.4424878066e-05 -1.4225382397e-04 -7.4874648149e-05  1.5892721973e-03 -5.2028656933e-04 -6.3670693229e-04  2.9538494690e-06  5.9929494061e-06  2.5503932297e-06 -7.4720774707e-06 -1.0887586180e-05  1.4701684073e-05  4.6288072801e-05 -4.5077943902e-05  1.8286451229e-05 -3.1002467304e-03  9.0494854270e-04  1.6276898139e-03 -4.1762256699e-04 -3.2677235842e-05  1.0401717490e-04  2.6340202499e-04  1.0401414078e-04  7.1479294520e-05  3.3166892396e-06  4.0803689892e-06 -4.0116610602e-07  2.2321712701e-05  5.8120327225e-05 -1.4074938865e-04  2.0804395101e-05  3.9975598689e-06  1.4392274529e-05 -2.4607334928e-06 -7.4088476643e-07 -1.7087342411e-06  5.6323833540e-06 -1.1076829130e-05 -1.6531389723e-05  2.6315788910e-06  2.5441646195e-06  3.5062403703e-06  5.3179090988e-06  2.0139329574e-06  2.3932401017e-06  5.2137670734e-06  2.6503102474e-06  4.0348794732e-06  1.3061041028e-05 -2.5663148464e-06  6.3249319960e-06  2.8749024353e-06  3.9193782045e-06 -4.5252613211e-06 -2.2924591974e-05 -4.6779203848e-05 -1.4563147209e-05

JOB 10
COORDS -2.9090070235e+00 -4.5394809488e+00 -3.6625411965e+00 -3.6293932688e+00 -5.5113102494e+00 -4.3455632486e+00 -4.0072505445e+00 -2.8638281720e+00 -5.0126880405e+00 -3.0842436167e+00 -3.1840018580e+00 -3.9896491121e+00 -4.5032548989e+00 -5.0662827113e+00 -5.3372322628e+00 -2.1804853646e+00 -8.7823746887e-01 -3.5584978068e+00 -1.2924434630e+00  1.3423616872e+00 -2.7059385143e+00 -1.1939969614e+00 -1.8117380031e-01 -2.6268645106e+00 -4.6940155026e+00 -3.8022194977e+00 -5.6661434866e+00 -2.3650655883e+00 -2.2260616280e+00 -3.2627329444e+00 -5.2991287777e+00 -6.0736359497e+00 -6.0947319718e+00 -5.1253833260e+00 -7.2600155882e+00 -5.7785298280e+00 -2.7465955271e+00 -3.1613774828e-01 -4.4840633796e+00 -6.0637623007e+00 -5.6771624176e+00 -6.9675054395e+00 -2.2111184474e+00 -4.8306650698e+00 -2.8804198025e+00 -3.5253529483e+00 -6.5670883269e+00 -4.1294929081e+00 -4.1752427945e+00 -1.8337541000e+00 -5.2990164916e+00 -1.1375087613e+00  1.6871327214e+00 -3.7304544815e+00 -5.3802775521e-01  1.8038107676e+00 -2.0620588381e+00 -2.2790877775e+00  1.6882757808e+00 -2.3857313155e+00 -1.3520679946e+00 -5.2887626871e-01 -1.5983641475e+00 -1.8610312640e-01 -5.1186754095e-01 -2.9118599967e+00 -1.8044271265e+00 -2.5909700590e+00 -2.5017307822e+00
ENERGY -7.002456193713e+02
GRADIENT -2.9109926876e-05  1.1790305378e-06 -2.8099410082e-05 -2.5077906194e-05 -6.6274956316e-06  1.1808499570e-05 -5.9716481153e-04 -1.1820665944e-04  5.4424690675e-04  1.4129215810e-03 -7.7533569901e-05 -1.1087615286e-03 -1.6193304090e-05  3.3250426933e-05  2.3472487187e-05  7.3892596409e-04 -2.1104006945e-04 -4.5348730623e-04 -6.3792783799e-06  2.9106936820e-06  7.6535230907e-06 -3.2648361483e-06 -5.6430584807e-06  1.3639629594e-05 -1.6483600308e-05  1.8052329121e-05 -2.9841724577e-05 -1.5027368638e-03  3.2056794186e-04  1.0759142906e-03  8.0269387586e-05 -3.1264491049e-06 -9.9744604564e-05 -3.0296430923e-06  1.0726933998e-05  2.3434183845e-05 -6.3811432380e-06 -1.0993038322e-05 -7.8923841245e-06 -5.5576101193e-05  1.2325624570e-05  4.9718186494e-05  2.4775740505e-06  2.9575191356e-06 -6.3486741422e-06  8.0816345355e-06 -2.4817651328e-06 -6.4866718765e-06 -1.7424993498e-06 -4.3398826058e-06  3.2902500202e-06 -6.3162415684e-06  3.1281862334e-07  3.4283669373e-06  1.6993880383e-06  6.6771002324e-07  9.0389143202e-08 -2.2914561250e-07  8.3795244705e-08  9.8506874930e-06  1.3871103001e-05 -7.7495690806e-06  2.2302779684e-06 -1.7947199590e-06  8.8760478631e-06 -1.2394591983e-05  2.3004886518e-05  4.4212204090e-05 -4.6870209768e-06

JOB 11
COORDS -2.9081070945e+00 -4.5538450510e+00 -3.5822756186e+00 -3.6793722531e+00 -5.5219616087e+00 -4.2120321956e+00 -4.0209986477e+00 -2.8797397254e+00 -4.9234108428e+00 -3.0660740280e+00 -3.2007867968e+00 -3.9299351866e+00 -4.5848929715e+00 -5.0762272225e+00 -5.1748155646e+00 -2.2434071928e+00 -8.7181093701e-01 -3.4411619142e+00 -1.2083477178e+00  1.3375027628e+00 -2.7354991564e+00 -1.2306930792e+00 -1.7704057339e-01 -2.5355010221e+00 -4.7580682191e+00 -3.8153465217e+00 -5.5243245639e+00 -2.2711646749e+00 -2.2531380223e+00 -3.2741056249e+00 -5.4336431845e+00 -6.0795481533e+00 -5.8775992079e+00 -5.2756232328e+00 -7.2628833835e+00 -5.5420842468e+00 -2.9609107304e+00 -2.8042275645e-01 -4.2339553054e+00 -6.2217285780e+00 -5.6835192674e+00 -6.7295295101e+00 -2.1854410119e+00 -4.8455143003e+00 -2.8231283646e+00 -3.5918820703e+00 -6.5750171922e+00 -3.9762265904e+00 -4.1781811927e+00 -1.8520469128e+00 -5.2236304760e+00 -9.5180170275e-01  1.5913721847e+00 -3.7668005857e+00 -4.7049114899e-01  1.7946061571e+00 -2.0696190312e+00 -2.1872841936e+00  1.7737998646e+00 -2.5230660399e+00 -1.4714795893e+00 -4.2515734387e-01 -1.4933991272e+00 -2.3936277000e-01 -6.0685845319e-01 -2.7304055632e+00 -1.6274573729e+00 -2.6281087592e+00 -2.5872344186e+00
ENERGY -7.002458484526e+02
GRADIENT -7.4666639553e-05  2.9520279572e-05 -5.4574418235e-05  2.8623456304e-05 -1.6717727120e-04  1.8515107347e-05 -1.9378290121e-05  7.3570413038e-05 -3.7185778655e-05  1.1346660212e-05 -9.3180017992e-06 -2.5106503597e-05  8.3251585275e-05  8.1990604465e-05  4.9401211742e-05 -1.3979236596e-05  2.5106637604e-05 -1.1694410496e-04 -1.3626412599e-05 -4.2675586693e-06 -1.0336300402e-05  4.3028205090e-06 -9.5674180512e-05  2.9033230732e-05 -2.7578580625e-05  8.7769177907e-06 -7.4156338835e-06  1.5875814010e-05  4.7292487475e-05  1.3652341989e-04 -2.9272109694e-06  1.3872708190e-05  7.4272587507e-05 -1.2300605311e-05 -1.7126628453e-06 -1.3486158940e-05 -4.5805649277e-05  4.2237972116e-05 -2.1545755962e-05  4.4342787394e-05  8.8518800394e-06 -1.5681596500e-05 -1.1510590399e-05 -1.1152976995e-05 -6.0942563483e-06  1.6350893794e-06 -1.3691877307e-05  8.7561707209e-06  2.9121241130e-06  6.4839398310e-07  2.7832444218e-06 -4.8740835348e-06 -2.3795451247e-06  1.9611186127e-06  6.6069794032e-06 -1.0533679850e-05  1.2404851875e-06  4.8610010125e-06  1.0142809117e-06  5.1046832948e-06  3.8749208874e-06 -1.9107117238e-06  9.8563920257e-06  1.5211439345e-06 -6.7695134385e-06  1.2444873356e-05  3.4706307452e-05 -1.3570393900e-05 -2.3821278079e-05

JOB 12
COORDS -2.9085211015e+00 -4.5959129344e+00 -3.6367852735e+00 -3.7151946414e+00 -5.5569768962e+00 -4.2330423534e+00 -4.0621258343e+00 -2.9137022258e+00 -4.9320958122e+00 -3.0717126788e+00 -3.2421819428e+00 -3.9769983368e+00 -4.6589593838e+00 -5.1039317551e+00 -5.1545392641e+00 -2.3507235846e+00 -9.1389464812e-01 -3.3618220256e+00 -1.1943491816e+00  1.2692360723e+00 -2.7770203312e+00 -1.3294248336e+00 -2.2143927513e-01 -2.4650584086e+00 -4.8350038397e+00 -3.8417299004e+00 -5.4984696001e+00 -2.2233217982e+00 -2.3000212682e+00 -3.3803455754e+00 -5.5452308179e+00 -6.1004729549e+00 -5.8205281511e+00 -5.3663414429e+00 -7.2876049719e+00 -5.5100947033e+00 -3.2089608087e+00 -3.1535571463e-01 -3.9930565463e+00 -6.3806029495e+00 -5.6953817647e+00 -6.6215401480e+00 -2.1571500771e+00 -4.8934807822e+00 -2.9084569652e+00 -3.6270267363e+00 -6.6107491601e+00 -4.0007834671e+00 -4.2236730259e+00 -1.8844799171e+00 -5.2250986352e+00 -8.2440898646e-01  1.4246817843e+00 -3.7942861555e+00 -4.9563705264e-01  1.7398498633e+00 -2.0791980610e+00 -2.1615085905e+00  1.7697395371e+00 -2.6962659525e+00 -1.6597542411e+00 -3.6302452384e-01 -1.4271522894e+00 -3.5956819898e-01 -7.2692524309e-01 -2.5508926749e+00 -1.5041406636e+00 -2.6845727177e+00 -2.7791497289e+00
ENERGY -7.002456196284e+02
GRADIENT  1.0611935576e-04 -3.0812711751e-05  1.1700096284e-04 -4.8712009202e-06  1.7702220456e-04 -5.7521188865e-05  5.0760436189e-04 -1.1241421855e-04 -5.7523251020e-04 -1.1433433797e-03  1.2936384666e-04  1.3253996726e-03 -2.2256724346e-05 -6.0636367890e-05 -1.2593969060e-04 -5.0606469091e-04 -3.7803886687e-05  6.9934455040e-04  3.5853880704e-07 -1.5721113622e-06 -1.9980764364e-05  2.2447613642e-05 -8.5147756375e-05  4.2972510183e-06  4.0825699847e-05 -1.6875288879e-05  9.8598991022e-06  1.1301263699e-03  8.3958161729e-06 -1.4803793779e-03 -2.1379822609e-04  4.1411773480e-05  2.6520861812e-04  3.1987797904e-05 -4.0785052723e-05 -1.2062888895e-04 -4.5400713820e-05  4.8610973798e-05 -4.7410824485e-06  9.0301783224e-05 -4.1561913587e-05 -9.0578748282e-05  8.4483419795e-06  2.3467879687e-06  1.7578602527e-05 -4.3256950879e-06  2.3184328566e-05  5.3310132144e-06  1.3411359381e-06 -1.1503048043e-05 -3.3659512255e-06  1.1061910983e-05 -1.3620383879e-06  3.7932822273e-07 -1.2401255738e-06 -5.2375034284e-06  4.1297279570e-06  3.4020555891e-06 -3.0176815904e-06 -8.2771024814e-06 -1.0577210350e-05  1.3498778252e-05 -2.5589858425e-06  1.0883433613e-06 -1.5598625330e-05  2.1824782173e-05  3.5568148102e-06  2.0148921670e-05  2.1390648942e-05

JOB 13
COORDS -2.9384767107e+00 -4.5855221841e+00 -3.6081017369e+00 -3.7774710324e+00 -5.5398139716e+00 -4.1724830200e+00 -3.9503588682e+00 -2.9365752614e+00 -5.0548029519e+00 -3.0176465536e+00 -3.2523755005e+00 -4.0406981611e+00 -4.6631343892e+00 -5.0990754555e+00 -5.1548906218e+00 -2.3390499823e+00 -9.3721817202e-01 -3.3725384260e+00 -1.2808365529e+00  1.2747687236e+00 -2.7122103889e+00 -1.3003715346e+00 -2.3940906240e-01 -2.5011365323e+00 -4.7559416473e+00 -3.8550599643e+00 -5.5887405393e+00 -2.1293843186e+00 -2.3100568190e+00 -3.4997249062e+00 -5.5800500665e+00 -6.0896865972e+00 -5.7889237903e+00 -5.4760487993e+00 -7.2613962427e+00 -5.3968952445e+00 -3.2728810299e+00 -3.5859065031e-01 -3.9062503089e+00 -6.3689782855e+00 -5.6936513718e+00 -6.6399384787e+00 -2.2309872710e+00 -4.8722524341e+00 -2.8331099181e+00 -3.7570731853e+00 -6.5791032483e+00 -3.8697869655e+00 -4.0436665742e+00 -1.9214546465e+00 -5.4198724326e+00 -9.9849624419e-01  1.5234666098e+00 -3.7389591602e+00 -5.6194743933e-01  1.7421507355e+00 -2.0329230881e+00 -2.2680459385e+00  1.7033666282e+00 -2.5272015899e+00 -1.5431350341e+00 -4.7302206499e-01 -1.4555885627e+00 -3.1097991827e-01 -6.7312325128e-01 -2.6917127125e+00 -1.3875487833e+00 -2.6953812214e+00 -2.9267442005e+00
ENERGY -7.002449017677e+02
GRADIENT  2.8104931330e-04 -7.7395705086e-05  3.1277225406e-04 -3.6432332443e-05  3.6373165601e-04 -1.1732639320e-04  1.1740506056e-03 -2.2210405064e-04 -1.1524616860e-03 -2.2705823073e-03  2.0059370958e-04  2.6100277357e-03 -1.6240583817e-04 -2.0132712157e-04  3.5631189331e-05 -6.1788509683e-04 -2.3574619761e-04  1.5581774950e-03  9.7598356523e-06  4.7446896262e-06  6.0982564823e-06 -1.5935045632e-05  4.0695391793e-05  8.9040873653e-06  3.4642048053e-05 -4.3592066457e-05  1.1248204901e-04  1.6320431447e-03  2.2619461487e-04 -3.2117716192e-03  1.5484663110e-04 -1.0629892151e-04 -4.5309893771e-04  2.7219457637e-05  1.0038820433e-04  2.3011867562e-04  2.1253979389e-06 -2.2897987413e-05  5.3479043297e-05 -1.5227761889e-04  5.0001575323e-05  4.5844741421e-05  3.2835731670e-05  3.9090418978e-06  3.8258349979e-05  1.4909042979e-06  2.4432802419e-05 -5.0102994603e-07 -7.7684451568e-07  1.4212330951e-05 -1.5695618280e-05  6.3591196816e-06 -2.3064353270e-07  4.1991079133e-06 -2.2885064008e-07  5.6148089731e-06  4.8003365037e-06  3.9064826977e-07  4.0825809034e-06  2.1463343817e-06 -5.8287138174e-06  2.0393210321e-05  1.2915886736e-05 -1.2881277146e-05 -4.9232282008e-06  9.6811222896e-06 -1.7955664743e-05 -8.3202727980e-05 -1.2979562040e-05

JOB 14
COORDS -2.9503756154e+00 -4.5474017548e+00 -3.5642744405e+00 -3.8200163182e+00 -5.4934359045e+00 -4.0997640406e+00 -3.8143881927e+00 -2.9544862624e+00 -5.1586869905e+00 -2.9435950906e+00 -3.2469935006e+00 -4.0868395221e+00 -4.6426945360e+00 -5.0740025994e+00 -5.1433567646e+00 -2.3185607780e+00 -9.5805334691e-01 -3.3457278532e+00 -1.3484545412e+00  1.2772438326e+00 -2.6317888677e+00 -1.2598077892e+00 -2.4469934541e-01 -2.5133230341e+00 -4.6506103836e+00 -3.8597277500e+00 -5.6653019153e+00 -2.0239295609e+00 -2.3005802590e+00 -3.5981683279e+00 -5.5888377756e+00 -6.0570626023e+00 -5.7480131588e+00 -5.5737774987e+00 -7.1997394491e+00 -5.2676044867e+00 -3.3333199755e+00 -4.2025673093e-01 -3.7594113539e+00 -6.3109456082e+00 -5.6826464111e+00 -6.6653426102e+00 -2.2899426530e+00 -4.8152017400e+00 -2.7426749024e+00 -3.8695112484e+00 -6.5094192895e+00 -3.7289988637e+00 -3.8335372456e+00 -1.9626143511e+00 -5.5954248227e+00 -1.1593884734e+00  1.6015788290e+00 -3.6588952781e+00 -6.1063588266e-01  1.7515992014e+00 -1.9781026263e+00 -2.3434929683e+00  1.6288878177e+00 -2.3511799627e+00 -1.4075350260e+00 -5.5194320527e-01 -1.4689997759e+00 -2.6428569434e-01 -6.0304875980e-01 -2.8023097159e+00 -1.2458750562e+00 -2.6822454078e+00 -3.0723015840e+00
ENERGY -7.002436584725e+02
GRADIENT  2.0559197801e-04 -9.7095246854e-05  2.3419971579e-04  8.2926634732e-06  3.2243524053e-04 -9.6621578808e-05  1.7893321430e-03 -7.6103569517e-04 -1.7074584343e-03 -3.2292092643e-03  9.8259726818e-04  3.8521455615e-03 -1.2754639161e-04 -1.4113003474e-04 -1.0785344054e-04 -6.8584436905e-04 -6.8921580338e-04  2.4655451670e-03 -2.7402455442e-06  3.1747417936e-06 -1.5846716275e-05  2.6473169962e-05 -7.2948761812e-05 -1.2557066712e-05  7.9635638146e-05 -5.7796911686e-05  6.3120146318e-05  2.0249486674e-03  3.7811528516e-04 -4.6645009449e-03 -3.2452804565e-05  2.2056536005e-05  8.6893342657e-06  1.3840056950e-05 -4.0771911903e-05 -4.1541441999e-05 -7.1595370864e-05  3.9570900008e-05  2.1343923109e-06 -1.8403863410e-05 -2.8009895192e-05 -7.2878958536e-06  2.4309216906e-05  6.3308521338e-06  3.1053691923e-05  1.1331999408e-05  3.1605745987e-05 -1.1798032127e-05 -7.7231061816e-07 -3.8191150818e-06 -4.5892826095e-06  4.7967104449e-06  2.8270040660e-06  4.5214791751e-07 -1.2479983463e-06 -4.2850408245e-06  3.6134746464e-06  5.2556555105e-07 -3.1732831795e-06 -4.0899195910e-06 -1.5085931000e-05  1.0187661506e-05 -2.9833767409e-06  1.1528797535e-05 -1.0236778002e-05  2.4975439775e-05  5.0028239379e-05  1.0890535751e-04 -3.8002736732e-05

JOB 15
COORDS -2.9814948743e+00 -4.4933721057e+00 -3.5335822803e+00 -3.8754590550e+00 -5.4367536075e+00 -4.0375561991e+00 -3.6854777968e+00 -2.9979230949e+00 -5.2887361595e+00 -2.8837289103e+00 -3.2446536863e+00 -4.1569498917e+00 -4.6264356785e+00 -5.0602912317e+00 -5.1486739086e+00 -2.3029402879e+00 -9.9192569151e-01 -3.3370829585e+00 -1.4285565188e+00  1.2581737223e+00 -2.5491631551e+00 -1.2273375466e+00 -2.5770779668e-01 -2.5466045949e+00 -4.5491161612e+00 -3.8930192276e+00 -5.7651966843e+00 -1.9390680543e+00 -2.2879810521e+00 -3.7220243426e+00 -5.5952362134e+00 -6.0423080257e+00 -5.7221947029e+00 -5.6472130473e+00 -7.1490834569e+00 -5.1672472064e+00 -3.3857221936e+00 -5.0952018057e-01 -3.6262996524e+00 -6.2679833045e+00 -5.6997711557e+00 -6.6878864870e+00 -2.3748999936e+00 -4.7239221366e+00 -2.6610889961e+00 -3.9963490062e+00 -6.4166458882e+00 -3.5932923799e+00 -3.6249795516e+00 -2.0435890527e+00 -5.8024159517e+00 -1.3519120726e+00  1.6611734462e+00 -3.5628762861e+00 -6.7043169301e-01  1.7422565391e+00 -1.9265223260e+00 -2.4170093434e+00  1.5170693520e+00 -2.1638297302e+00 -1.2625784488e+00 -6.4204254820e-01 -1.5179741124e+00 -2.3952431186e-01 -5.2390044913e-01 -2.9416113542e+00 -1.1237584198e+00 -2.6670980761e+00 -3.2528497013e+00
ENERGY -7.002418022595e+02
GRADIENT  8.0701506881e-06 -9.4081982402e-06  1.9002425592e-05 -1.2967577112e-05  2.7633266820e-05  2.3739282770e-05  2.5388938380e-03 -1.4964469625e-03 -2.1110159921e-03 -4.0136997250e-03  1.6232416927e-03  5.0640184242e-03 -3.7866735985e-06  5.8544753276e-06 -2.1879854507e-05 -4.7314642260e-04 -1.1238815158e-03  3.4972828394e-03 -2.4335217408e-06 -7.3689010674e-06  5.6362686958e-06  1.6141828826e-06  1.3140272859e-05 -1.3189828537e-05  2.6263030016e-05 -2.7618758729e-05 -1.9499932529e-05  1.9460892082e-03  1.1369001748e-03 -6.4356602722e-03  5.1483718241e-06  7.1436192178e-06  4.6503893299e-06  2.2434760624e-05 -1.8247743183e-05 -3.2864944826e-05  1.5512923277e-05 -5.4628761364e-06 -8.0349392958e-06 -1.5595005283e-05  9.4945013848e-06  1.7233879664e-05 -2.2419350014e-06  1.3767522102e-06  5.0327817530e-06  8.1741778415e-07  2.3172807136e-06 -4.0557299090e-06  1.0678906399e-05 -2.2993570336e-06 -7.6979395019e-06  6.6178931297e-07  1.1653689912e-06 -8.4933462738e-07  9.5802621492e-07 -2.0748692893e-07  1.0602648867e-06  2.3807576282e-06  4.5106336407e-06 -7.1706405941e-06 -7.6883095433e-06 -6.1207917071e-06  5.9351164208e-06  3.9610788860e-06 -6.0237033378e-06  1.1776364803e-05 -1.1268676522e-05 -1.0071860201e-04 -1.8811532623e-05

JOB 16
COORDS -3.0522055583e+00 -4.4014858220e+00 -3.4916168720e+00 -3.9566046067e+00 -5.3520310839e+00 -3.9657754029e+00 -3.5844503985e+00 -3.0510641976e+00 -5.4129921420e+00 -2.8607524524e+00 -3.2248282181e+00 -4.2209418111e+00 -4.6216474204e+00 -5.0498904801e+00 -5.1517366740e+00 -2.3038309881e+00 -1.0187090117e+00 -3.2968110912e+00 -1.4903602331e+00  1.2342384963e+00 -2.4530723485e+00 -1.1910422540e+00 -2.5965976659e-01 -2.5846401337e+00 -4.4605797214e+00 -3.9481361290e+00 -5.8643138754e+00 -1.9054022422e+00 -2.2505400278e+00 -3.8260201488e+00 -5.5970810832e+00 -6.0452113236e+00 -5.6972475423e+00 -5.7281645498e+00 -7.0953018331e+00 -5.0535454051e+00 -3.4452197334e+00 -6.0349434800e-01 -3.4176261056e+00 -6.1954615970e+00 -5.7649886648e+00 -6.7291541490e+00 -2.5102006305e+00 -4.5700939917e+00 -2.5645748902e+00 -4.1492516788e+00 -6.2813681171e+00 -3.4447789184e+00 -3.4473603549e+00 -2.1486990886e+00 -6.0029581753e+00 -1.5625090878e+00  1.7065675564e+00 -3.4367675755e+00 -6.9665069883e-01  1.7319758260e+00 -1.8881115266e+00 -2.4406176280e+00  1.3937213525e+00 -1.9391122564e+00 -1.0765016384e+00 -7.1116887091e-01 -1.5896652343e+00 -2.4305373724e-01 -4.2618412188e-01 -3.1099657888e+00 -1.0267490307e+00 -2.6162663336e+00 -3.4752317212e+00
ENERGY -7.002394886078e+02
GRADIENT -1.8404195837e-06  1.0588945695e-05  1.8077271519e-04  8.4816606004e-05  2.3421363245e-04 -1.0191406918e-04  2.5725625535e-03 -1.9367110204e-03 -1.7107217145e-03 -3.7742917423e-03  1.6846563483e-03  4.4427351275e-03 -1.1964844139e-05  1.1734939039e-04 -2.1239550529e-04  7.4441427844e-05 -1.4121317187e-03  3.4606190078e-03 -1.6803026295e-05  1.6127064127e-06  3.9646104227e-06  7.7114589257e-06 -3.8906675477e-05  9.7207736145e-06 -8.5976107345e-05 -2.8339996866e-05 -6.0225724244e-06  1.1469007371e-03  1.6181507027e-03 -6.0114778224e-03  1.0561114755e-04  2.9296205597e-05  1.2442487631e-04 -2.0214103700e-04 -1.1239139161e-04 -1.8020735783e-04  2.6920313052e-05 -3.1385607616e-05 -2.8047061693e-05  4.7226115624e-05 -9.1964219875e-05  9.9826450443e-05  6.9159263820e-06  1.8885233510e-05  1.4106449339e-05  9.0261248265e-06  4.1588130768e-05 -1.2388391903e-06  2.8255425579e-05 -4.9941761141e-05 -2.2678275289e-05 -3.3922964528e-06 -2.2377502424e-07 -4.5400892187e-06  4.3448773579e-06 -8.2024723432e-06 -8.3049000868e-06  4.5983788790e-06  8.7279662703e-06 -9.9057724200e-06  1.9991826808e-05 -2.1620873185e-05 -1.0643493703e-05 -1.3135554937e-05 -4.1371575967e-06 -1.2314719192e-05 -1.2400814447e-05 -1.1904130100e-04 -6.0098233274e-05

JOB 17
COORDS -2.5503779232e+00 -4.8578792406e+00 -4.2850711842e+00 -3.6039681290e+00 -5.6612935530e+00 -4.7201544387e+00 -4.0438470923e+00 -2.9752074155e+00 -4.3933798887e+00 -2.7630561069e+00 -3.4857419702e+00 -4.1357970360e+00 -4.8159647021e+00 -5.0225769140e+00 -4.9758039062e+00 -1.5240691308e+00 -2.4532487390e+00 -2.2929559827e+00 -4.9531379958e-02 -1.3653485381e+00 -5.3347443054e-01 -6.3387425140e-01 -1.2662560226e+00 -1.9430762261e+00 -5.0549695897e+00 -3.7321428260e+00 -4.8243241059e+00 -1.7189709837e+00 -2.6370848500e+00 -3.6618884937e+00 -5.9711461125e+00 -5.8462961129e+00 -5.4589455658e+00 -5.7599684367e+00 -7.0584682828e+00 -5.5937853053e+00 -2.0256290922e+00 -3.1981457856e+00 -1.4648131445e+00 -7.0315296069e+00 -5.2774443319e+00 -5.6905830607e+00 -1.5762612444e+00 -5.2804705100e+00 -4.0602955063e+00 -3.5026406714e+00 -6.7303510891e+00 -4.8584259175e+00 -4.2507336242e+00 -1.9156237351e+00 -4.2502023041e+00 -8.4514248000e-01 -1.4672925715e+00  2.0760823938e-01  5.3539375552e-01 -4.7036894614e-01 -3.0119993883e-01  6.0307842017e-01 -2.2380447300e+00 -4.4068258741e-01  1.6124626452e-01 -1.1731113031e+00 -2.6924841520e+00 -1.2506455075e+00 -3.6185340223e-01 -2.0335717215e+00 -1.4568561745e+00 -1.8629426302e+00 -4.2623074502e+00
ENERGY -7.002383162753e+02
GRADIENT -7.1830479739e-05  5.5841964065e-05 -5.6521023155e-06 -1.2929700522e-05 -3.7769926548e-05 -1.9214903931e-05 -7.2717558957e-04 -3.3684120947e-04  2.6142578448e-03  2.8371050745e-04  1.8216155312e-03 -3.8545036898e-03  1.5317249734e-05 -2.0944654336e-04 -6.5186161881e-05 -1.6837270097e-03  2.1082294583e-03 -1.2294008043e-04 -1.2695895097e-05  1.3303941578e-05  2.6613499075e-06 -2.8205148197e-05  4.4397678932e-05  2.6858988475e-05  1.0150444178e-04 -1.2980431898e-05  3.5663492860e-05  1.9711649266e-03 -3.4005409150e-03  1.3139638911e-03 -1.0520018672e-04 -5.0932068410e-05  6.0073372267e-05  1.0279614225e-04  2.0457354885e-05 -2.1197313948e-06  6.2043215595e-05 -4.0001837954e-05  7.8377467692e-06 -4.1663312575e-05  3.0809036558e-05 -2.5180723045e-05 -3.3375113835e-06  2.4712905497e-06 -1.1391348343e-05 -2.1081513675e-05 -5.6450253685e-06  4.3017621137e-06  2.7800897165e-05  2.8375398192e-05  5.9737154583e-06  8.0838117147e-06  7.3991809026e-06 -1.8983843273e-06  9.0078915332e-06  3.9216197131e-06 -1.2977613752e-05 -6.4598485353e-06  2.1057009545e-07 -8.8234895748e-07  3.2421751805e-05 -1.8198063459e-05  1.3286272225e-05  1.7133492839e-05  6.3810515208e-06 -4.4128671754e-05  1.0871811134e-04  1.4519729010e-05  6.5268711588e-05

JOB 18
COORDS -2.5962728465e+00 -4.8344893844e+00 -4.1488672317e+00 -3.6356570522e+00 -5.6463025242e+00 -4.5985823730e+00 -4.0080361343e+00 -2.9333546690e+00 -4.5824981016e+00 -2.7713093472e+00 -3.4470818067e+00 -4.1608755966e+00 -4.7964748222e+00 -5.0070251745e+00 -5.0322746222e+00 -1.4746741356e+00 -2.5140387671e+00 -2.3004292055e+00  2.5130393476e-02 -1.4340483918e+00 -5.5826673812e-01 -7.1134504981e-01 -1.2620342220e+00 -1.8874632847e+00 -5.0007120665e+00 -3.7017009242e+00 -5.0325464605e+00 -1.7562395122e+00 -2.5837505607e+00 -3.6704074338e+00 -5.9307254301e+00 -5.8434245392e+00 -5.5345260170e+00 -5.7549340320e+00 -7.0688874075e+00 -5.5232172611e+00 -1.8088131625e+00 -3.3960524113e+00 -1.5257811454e+00 -6.9434150587e+00 -5.2735008150e+00 -5.9251741941e+00 -1.6650111384e+00 -5.2606571177e+00 -3.7919936708e+00 -3.5600909365e+00 -6.7261931920e+00 -4.6189683031e+00 -4.1924703899e+00 -1.8595811497e+00 -4.5647121399e+00 -6.6884037311e-01 -1.7290843076e+00  2.3159598625e-01  5.0953423552e-01 -4.9676941734e-01 -2.6894385955e-01  7.9218295914e-01 -2.2100463983e+00 -6.3341341232e-01 -1.8204487857e-02 -9.7629599901e-01 -2.6876284027e+00 -1.4458837370e+00 -4.4893675905e-01 -1.8094909906e+00 -1.6500103516e+00 -1.7101954404e+00 -4.1755466797e+00
ENERGY -7.002405434920e+02
GRADIENT -3.3761126944e-05  4.5354897743e-07  2.3211105800e-05 -3.1702519176e-07 -8.4838561450e-05 -4.6207142829e-06 -1.6307353810e-03 -6.0676579950e-04  4.0666844246e-03  9.3400073160e-04  2.3693275708e-03 -5.9660746191e-03  1.0171774833e-04  1.5233465653e-04 -2.3269364175e-05 -2.9677479003e-03  3.1804864923e-03  4.2942193573e-04 -6.8353417865e-07 -2.3589962898e-06 -4.8536288956e-06 -9.0424650954e-06  5.6314258301e-07 -3.2353039493e-05 -7.7356044721e-05  3.0480254805e-05 -6.0589105726e-05  3.7009390627e-03 -5.0087678594e-03  1.5189617770e-03 -1.1205552463e-04  7.5128650745e-06  2.9914804613e-04  5.4905741268e-05  1.4522943361e-05 -9.1643316244e-05 -3.0618077790e-07 -1.7579626926e-05  2.6574584122e-05  5.3945050148e-05  2.5543319688e-05 -8.4150661158e-05 -9.1097577893e-06 -2.6325505619e-06  1.6899087429e-06  8.9177898175e-06 -1.3648840895e-05  4.5122813836e-06 -1.7219342986e-05 -1.8893078989e-05 -4.9297061461e-06  1.5358699312e-06  2.4385758191e-06 -4.4751160367e-06  1.0164768882e-07  3.1353837685e-06 -6.1953406223e-06  2.3389928125e-06  3.3507025795e-06 -3.4787904989e-06 -1.7152295718e-06  2.5275482114e-06 -7.6006010826e-06  2.7868699285e-07 -1.7388958810e-06 -7.5725770959e-06 -4.5183532411e-05 -3.6556928474e-05 -7.3714193420e-05

JOB 19
COORDS -2.6780735404e+00 -4.8117126062e+00 -4.0185095684e+00 -3.6938627439e+00 -5.6405570643e+00 -4.4890454328e+00 -4.0293781708e+00 -2.9319010198e+00 -4.6876874665e+00 -2.8347035188e+00 -3.4244681049e+00 -4.1339823505e+00 -4.8130226209e+00 -5.0253924266e+00 -5.0490664086e+00 -1.4294950565e+00 -2.5314062822e+00 -2.3168808527e+00  1.1391513373e-01 -1.4265155731e+00 -6.2894856605e-01 -7.2878067524e-01 -1.2472546418e+00 -1.8921253130e+00 -4.9959556754e+00 -3.7205081182e+00 -5.1549075396e+00 -1.8546235497e+00 -2.5287655037e+00 -3.6513718629e+00 -5.9183839853e+00 -5.8831951859e+00 -5.5720297117e+00 -5.7611608048e+00 -7.1069067059e+00 -5.4645100048e+00 -1.6043556800e+00 -3.4887111400e+00 -1.5802165038e+00 -6.8939272829e+00 -5.3333497388e+00 -6.0720550758e+00 -1.7833197271e+00 -5.2244619771e+00 -3.5682847661e+00 -3.6291303578e+00 -6.7199108132e+00 -4.4326779645e+00 -4.1988060779e+00 -1.8576417954e+00 -4.7625706423e+00 -4.9795154055e-01 -1.8030747353e+00  1.9348570119e-01  5.5544391750e-01 -4.7142241055e-01 -3.2964499120e-01  9.2249432471e-01 -2.1435520538e+00 -7.9625855868e-01 -1.1753230195e-01 -8.7551540355e-01 -2.7233714673e+00 -1.5097375465e+00 -4.9349365295e-01 -1.7225227403e+00 -1.8460452201e+00 -1.6188889230e+00 -4.1000270945e+00
ENERGY -7.002431215750e+02
GRADIENT -2.0789745226e-04  5.7471144943e-05 -6.6265809626e-05 -1.6452140116e-05 -2.4462686506e-04 -2.2870363030e-05 -1.8407639974e-03 -4.0218661989e-05  3.6813140675e-03  1.1904990010e-03  1.6291211783e-03 -4.9909478176e-03  1.6084899307e-04 -5.9623450190e-05 -7.4470481411e-07 -3.0364938169e-03  2.7601294463e-03  1.0022275773e-03 -9.9601032829e-07 -1.6633430265e-05  7.3348193238e-07 -1.7960289931e-05  6.8967799554e-06 -7.2549240870e-05  2.1968687193e-05  8.7786622104e-05 -2.1617181785e-06  3.6661323249e-03 -4.2371080820e-03  3.0764712423e-04 -1.2446602154e-04  2.0739281539e-05  2.8811895042e-04  9.2669096975e-05  1.9183668787e-05 -6.7672447676e-05  2.2282661595e-05 -2.8314588792e-05  4.8167976459e-05  4.0231697707e-05  4.0146214386e-05 -1.0643111393e-04 -3.8166213987e-05 -3.7646910881e-06 -2.2116142863e-05 -6.6672657844e-06 -2.3925005217e-05 -2.0601832209e-06  1.7244422033e-05  2.2625320575e-05  6.5869103743e-06  4.4466815368e-06 -2.3204270792e-07 -3.1302963614e-07  7.0823995064e-07  2.8463104586e-07 -7.0557383902e-06  2.0911745854e-06 -2.2340405794e-06  5.9892184510e-07  5.0871306605e-06  1.2800602072e-05 -4.9685237654e-06  3.5276047526e-07 -7.5255556104e-06 -9.4611296701e-06  5.6752778389e-05  4.6015701511e-05  7.1823697745e-05

JOB 20
COORDS -2.7808953568e+00 -4.7913635015e+00 -3.8631713375e+00 -3.7654376004e+00 -5.6285450268e+00 -4.3828390163e+00 -4.0429944876e+00 -2.9340215537e+00 -4.7438454495e+00 -2.9107085340e+00 -3.4074981288e+00 -4.0535292428e+00 -4.8266905749e+00 -5.0339298350e+00 -5.0642356642e+00 -1.4072356600e+00 -2.5357503173e+00 -2.2823304419e+00  2.2692845990e-01 -1.4298477954e+00 -6.8317257652e-01 -7.3624775959e-01 -1.2362443152e+00 -1.8546542737e+00 -4.9780856803e+00 -3.7333662674e+00 -5.2503685462e+00 -1.9710531738e+00 -2.4839094290e+00 -3.5602306710e+00 -5.8965503275e+00 -5.9040298105e+00 -5.6331214765e+00 -5.7578986191e+00 -7.1240961000e+00 -5.4695580147e+00 -1.4533573038e+00 -3.5377981541e+00 -1.5856930095e+00 -6.8322823112e+00 -5.3681324689e+00 -6.2180809186e+00 -1.9366763542e+00 -5.1933076708e+00 -3.3182259319e+00 -3.7180688451e+00 -6.7046058555e+00 -4.2717265680e+00 -4.1864671890e+00 -1.8634037550e+00 -4.8930789781e+00 -2.8736767010e-01 -1.8769302600e+00  1.7016518301e-01  6.4661583871e-01 -4.6765304044e-01 -3.7543851355e-01  1.0508068565e+00 -2.0938517658e+00 -9.5915235758e-01 -2.2236127080e-01 -7.9203038153e-01 -2.7158402944e+00 -1.5346944810e+00 -5.3476266961e-01 -1.5769436658e+00 -2.0173133667e+00 -1.5597331681e+00 -3.9751994949e+00
ENERGY -7.002452926097e+02
GRADIENT -7.8626609255e-06  3.1890849131e-05 -1.6545947516e-05 -4.7523966363e-06  6.0422281959e-06 -2.9283572718e-05 -1.5611827662e-03  1.5249612437e-04  2.5762892437e-03  9.8295155917e-04  7.5850219309e-04 -3.1951536598e-03 -2.7622802846e-05 -4.2957307811e-05  2.7031453011e-05 -2.3906387505e-03  1.8913867308e-03  1.0681258005e-03  1.7590955376e-06  6.0046766619e-06  8.7565910699e-07  9.7297285511e-06 -2.2929717177e-06  3.3798935334e-05  1.5795375565e-05  3.4364384520e-05  3.9585039929e-05  2.8887258535e-03 -2.8297033768e-03 -5.6291442714e-04  1.3077552325e-04 -5.6058730452e-06 -1.4705817250e-04 -6.6698519903e-05 -7.4857288125e-06  5.2872289874e-05 -6.1119919466e-06  3.0368880757e-06 -2.1481305240e-06 -2.0211790276e-05 -5.9500073675e-06  2.7951818829e-05  5.9614460202e-06 -1.1520812127e-06 -3.2700328710e-06  1.8907180838e-06  4.4912820702e-06  2.9379499955e-07  1.2753380550e-05  4.4446222399e-06 -1.8388366230e-06 -2.6883199407e-06 -5.2567199276e-07 -5.1921781913e-07 -4.4250358489e-07 -1.3647987143e-08  3.9036912452e-06 -4.9670048787e-07  1.4558901435e-06  2.7518017221e-07  1.2369202997e-06 -6.9825297558e-07  2.3160141606e-06  7.6843293540e-07 -1.2647422573e-06  3.9247691317e-06  8.1073275181e-05  1.3393771791e-05  5.8184775366e-05

JOB 21
COORDS -2.8810471048e+00 -4.7717299288e+00 -3.7370489847e+00 -3.8238393733e+00 -5.6143155790e+00 -4.3221000961e+00 -4.0224180909e+00 -2.9361297472e+00 -4.8109925127e+00 -2.9718626041e+00 -3.3928155203e+00 -3.9881222354e+00 -4.8044211398e+00 -5.0370266899e+00 -5.1271228684e+00 -1.3914731176e+00 -2.5389233790e+00 -2.2527045205e+00  3.3125219171e-01 -1.4288958165e+00 -7.5219785818e-01 -7.5177223582e-01 -1.2272941065e+00 -1.8123246170e+00 -4.9152363176e+00 -3.7419886933e+00 -5.3755805400e+00 -2.0798782016e+00 -2.4470916323e+00 -3.4615321436e+00 -5.8230246759e+00 -5.9153761803e+00 -5.7684383856e+00 -5.7316994733e+00 -7.1279065289e+00 -5.5305910409e+00 -1.3172745381e+00 -3.5771304147e+00 -1.6119619273e+00 -6.6743793870e+00 -5.3944933206e+00 -6.4823919869e+00 -2.1020465056e+00 -5.1622414671e+00 -3.0965315511e+00 -3.8030847762e+00 -6.6857337579e+00 -4.1662370910e+00 -4.1323020072e+00 -1.8707416937e+00 -5.0175151137e+00 -7.1239220643e-02 -1.9541780685e+00  1.1647436600e-01  7.2579272493e-01 -4.6212624706e-01 -4.2616858524e-01  1.1591629752e+00 -2.0248621454e+00 -1.1462228037e+00 -3.4872661110e-01 -7.0494954359e-01 -2.6886526935e+00 -1.5552473612e+00 -5.9090381427e-01 -1.4173533707e+00 -2.1662708289e+00 -1.5136460372e+00 -3.8476236304e+00
ENERGY -7.002468591871e+02
GRADIENT  4.8373849415e-05  3.5341133698e-05  3.7286924796e-05 -3.9454866190e-05  3.5834252281e-05 -3.3889550301e-05 -1.2769743594e-03  1.9973180809e-04  1.6513697124e-03  7.6144926170e-04  3.0057116897e-04 -1.8667796716e-03 -6.9389771924e-06 -9.2674419440e-05  1.1978954829e-05 -1.7599501336e-03  1.0370829005e-03  1.0966507812e-03  9.7759277514e-08  3.9026970021e-06  2.0078129119e-06  1.3145619304e-05  9.2653475241e-06  1.4330204272e-05  2.8816628647e-05  7.1296009717e-05  1.6016835677e-05  2.3147709015e-03 -1.5927896163e-03 -8.2461847531e-04  1.9862616892e-05  2.1382828441e-05  1.4963087029e-05  4.6791869287e-07 -6.8961217975e-06  7.2470630563e-06 -1.0947048022e-05  1.2643789523e-05 -8.8199338371e-06 -1.4222103018e-06 -2.4977484468e-06 -2.6341488110e-06  1.8802586665e-06 -4.5753596733e-06  3.0247462283e-06  6.4124238303e-06  3.9303266792e-06  7.2328164025e-06  3.1592172702e-06  4.3129657288e-06  4.5066283737e-06  7.0656062838e-06 -2.5914300262e-06 -7.2136783369e-06 -3.8204335026e-06  5.6583912018e-06  2.8134618605e-06  3.8594825966e-06  8.4900874662e-06 -1.1830861695e-06 -5.0354138874e-06 -4.5164336404e-06 -5.7542716226e-06  2.5311047193e-07  3.1202279406e-06  3.5601692620e-06 -7.3411855910e-05 -2.0109979181e-05 -7.5615804513e-05

JOB 22
COORDS -2.9923008169e+00 -4.7537213000e+00 -3.6161797508e+00 -3.8848041462e+00 -5.6076779055e+00 -4.2608945423e+00 -4.0053533550e+00 -2.9490577583e+00 -4.8590397046e+00 -3.0450523235e+00 -3.3822329804e+00 -3.9191438652e+00 -4.7791373696e+00 -5.0531984660e+00 -5.1744290908e+00 -1.3976753895e+00 -2.5385223846e+00 -2.2259280002e+00  4.1677818592e-01 -1.4364649421e+00 -8.3281722269e-01 -7.6700429943e-01 -1.2248854992e+00 -1.7770124770e+00 -4.8504085367e+00 -3.7662677891e+00 -5.4761512956e+00 -2.2040362811e+00 -2.4165373122e+00 -3.3533408423e+00 -5.7398312040e+00 -5.9456245726e+00 -5.8804375705e+00 -5.6891268026e+00 -7.1492242127e+00 -5.5902263572e+00 -1.2242383580e+00 -3.6012896044e+00 -1.6460288979e+00 -6.5090099076e+00 -5.4445854642e+00 -6.6949275151e+00 -2.2787020763e+00 -5.1272801027e+00 -2.8950173035e+00 -3.8899672521e+00 -6.6731116694e+00 -4.0671269433e+00 -4.0808921811e+00 -1.8913606998e+00 -5.1153152785e+00  1.1550313570e-01 -2.0194246560e+00  4.0047453889e-02  8.0688705756e-01 -4.7244201821e-01 -4.9366958314e-01  1.2240266237e+00 -1.9796134796e+00 -1.3320327978e+00 -4.6524135331e-01 -6.4263498831e-01 -2.6563580320e+00 -1.5518868703e+00 -6.4184299555e-01 -1.2766186894e+00 -2.3161279238e+00 -1.4780284087e+00 -3.7193678688e+00
ENERGY -7.002478275591e+02
GRADIENT  5.1521205883e-05 -2.2908810023e-05 -4.0281067769e-05  8.5836550756e-06  7.2897758906e-05  4.4434065428e-06 -5.7628782727e-04  8.1989403435e-05  7.9990801416e-04  2.0356215124e-04  2.5293466243e-04 -6.7365997612e-04 -8.7087606028e-05 -6.9151083207e-06 -9.9783902723e-05 -8.8798064252e-04  6.6749336594e-04  6.3568736779e-04  1.4795991453e-05  4.5853727469e-05  6.6692482810e-07  1.3802598088e-04 -7.6445836615e-05  2.0742727653e-04  2.7321866469e-05 -1.9349334331e-05  8.1200129882e-06  1.1939887490e-03 -9.8440411057e-04 -8.4782907995e-04  1.4899005178e-05  2.5321089600e-06  1.3663171875e-04 -1.1482117540e-04 -6.1261674902e-05 -1.4076182351e-04  3.0059513484e-05  1.7848344465e-04 -1.3014481751e-05  1.2506217331e-05 -5.2679229386e-05  1.9335204224e-05 -2.5687335973e-05  3.9932104188e-06 -3.2002633215e-05 -1.5124278637e-05  2.8726164115e-05 -9.7624915006e-06  4.8552428239e-06 -1.3952777384e-05  2.2656053181e-05 -2.4500089664e-07 -1.2320674736e-05  1.4833237353e-06  1.7230081380e-05 -1.4242229455e-05  1.7651991762e-05  8.2158549502e-06  2.6565519086e-06 -9.2136772834e-06 -1.4602696835e-07 -4.1624192033e-05  9.5949582629e-06  7.0082487817e-06 -6.3473423391e-06  2.9013223399e-05 -7.5720746114e-05  1.1978696332e-05  5.2818003124e-06

JOB 23
COORDS -2.8821954083e+00 -4.7173470700e+00 -3.6064906417e+00 -3.7063526017e+00 -5.6069010367e+00 -4.2927505373e+00 -4.0068030196e+00 -2.9438103228e+00 -4.7982164230e+00 -3.0285060859e+00 -3.3424517026e+00 -3.8605028567e+00 -4.6311372786e+00 -5.0833715141e+00 -5.1939238709e+00 -1.2615752774e+00 -2.4729068285e+00 -2.3017511161e+00  3.0818967907e-01 -1.2869365032e+00 -6.9586863873e-01 -6.3242849221e-01 -1.1453013848e+00 -1.8919303483e+00 -4.7896892702e+00 -3.7942352222e+00 -5.4504276365e+00 -2.2722751475e+00 -2.3383556915e+00 -3.2469937175e+00 -5.5220639251e+00 -6.0139011323e+00 -5.9399837522e+00 -5.3814454192e+00 -7.2214003201e+00 -5.6996182923e+00 -9.0630141326e-01 -3.5554489270e+00 -1.8566206055e+00 -6.3278152312e+00 -5.5379185760e+00 -6.7339803226e+00 -2.1472055871e+00 -5.0662735195e+00 -2.8946080062e+00 -3.6380374174e+00 -6.6764872048e+00 -4.1374997054e+00 -4.1508743683e+00 -1.8855471031e+00 -5.0209615535e+00 -2.2928509146e-01 -1.6493520607e+00  1.8432848900e-01  7.5856390511e-01 -3.1989241785e-01 -4.5376671099e-01  1.1065465039e+00 -2.0003816871e+00 -9.1171075051e-01 -8.9263026305e-02 -7.5177544793e-01 -2.7614934631e+00 -1.4289571217e+00 -4.2181182338e-01 -1.6764135428e+00 -2.4859738861e+00 -1.3922442449e+00 -3.5408778531e+00
ENERGY -7.002481370169e+02
GRADIENT  4.3952233672e-05 -4.5997471015e-06  1.9556358590e-06 -1.9961156705e-05  3.4406189485e-05 -3.1345885370e-06 -7.1378519604e-05 -5.8323812795e-05  5.7137130533e-05  5.2600030920e-05 -3.6968293646e-06 -5.3695750238e-05 -9.7640956504e-06  3.0756648697e-05  1.5950017966e-05 -4.0129627804e-05 -1.0139303934e-05  3.8883956682e-05 -2.3390172500e-06 -2.5114568202e-06  5.1729866554e-06 -2.0238054156e-05  7.5390268117e-06  5.9556708529e-06 -2.0670658809e-05  6.8219289271e-06 -1.4088878956e-05 -1.4147099569e-05  2.2382752273e-05  3.2597660513e-05  1.4559561626e-05  4.0481675369e-06 -8.1449091623e-05  8.9125685511e-06  2.8624736305e-05  3.8211670522e-05  2.2783725465e-06 -1.2411257392e-05 -2.6634506707e-05 -2.8865897459e-05  2.2149063478e-05  1.4208729580e-05  6.6496726217e-07  3.4036388211e-06  7.7144790801e-06 -6.3611726046e-07  2.8386970994e-06 -5.0032160799e-06 -9.9961768875e-06 -1.3471300470e-06 -7.0562985922e-07 -6.1563360404e-08  8.4219107141e-07  1.1256722875e-06  3.8636388444e-06 -3.4747343157e-06 -1.7004368696e-06 -3.6949228771e-06 -5.1741820785e-06 -7.8543787942e-07  1.5742704242e-05 -6.3537224882e-06  5.0491287766e-06  2.6301981804e-06  3.5352350187e-06 -1.3081725668e-05  4.8657923098e-05 -2.4598188008e-06 -4.7741064329e-05

