JOB 0
COORDS  9.0347368187e-01 -2.1707686800e+00  4.6998067046e+00  1.6321802300e+00 -6.1611116595e-01  2.9414650315e+00  1.4139618066e+00 -3.3769234460e-02  1.6952798247e+00 -6.0631636427e-01 -1.3437574497e+00  1.5436378316e+00  6.9614151414e-01 -1.5501755277e+00  3.4091735985e+00  2.7354887422e-01 -4.0636152189e-01  9.7562999272e-01 -7.5249133445e-02  1.9071895745e-01 -3.4272884490e-01  1.1084757616e+00 -2.6458408878e+00  5.7425311338e+00 -4.0656857826e-01 -1.9165981352e+00  2.7307716002e+00 -1.1636447128e+00  9.8470441516e-02 -8.7640304505e-01  9.5703249039e-01  8.8583848793e-01 -8.8860276570e-01  2.4980159173e+00 -3.6257585583e-01  3.5442959820e+00  2.1094691391e+00  6.9204500681e-01  1.2872360015e+00 -1.5032868736e+00 -1.6335002091e+00  1.0019372335e+00  6.2575962374e-01  1.2548260481e+00 -1.7301624264e+00
ENERGY -5.291863282027e+02
GRADIENT -1.0846969453e-04 -1.0521403128e-04  1.1386222789e-05 -3.1839969423e-04 -6.2436469479e-05 -2.6709695556e-04 -6.8427437540e-04  1.3193263690e-03  6.7880942147e-04  9.6260565201e-05  8.3266111100e-05  1.4479406022e-04  5.2618999797e-05 -5.7398716920e-05  1.5192098369e-04  1.1007449533e-03 -9.4665595877e-04 -7.9152160875e-04  4.5098384138e-04 -1.9178565330e-03 -8.9288562536e-04  1.0007109592e-05  1.9756683321e-05  1.3170863556e-05  5.8949677942e-05 -2.6919381303e-05  1.0137809541e-04 -5.8314572606e-04  1.6922009797e-03  7.9875048104e-04 -5.2967942223e-05  1.0797275786e-05  5.9368787408e-05 -2.7408953162e-05 -8.7863372858e-06 -2.5147231649e-05  2.2735648698e-05  4.7814453925e-05 -4.7213210061e-05  2.5361184568e-05 -1.3142668971e-05  1.1018652957e-05  5.9289194172e-06  1.2570412373e-05 -2.0878759967e-05

JOB 1
COORDS  9.1565723616e-01 -2.1833920439e+00  4.6890274326e+00  1.6162680417e+00 -5.8911799535e-01  2.9558301391e+00  1.3965447023e+00 -5.0249801237e-03  1.7104484929e+00 -5.8444331453e-01 -1.3686980433e+00  1.5244167207e+00  7.0428961225e-01 -1.5566101825e+00  3.4020736254e+00  2.7941300736e-01 -4.0783980429e-01  9.7186968212e-01 -8.6173685687e-02  2.2260488272e-01 -3.2715981726e-01  1.1239154160e+00 -2.6635222630e+00  5.7287871000e+00 -3.7915867019e-01 -1.9486422738e+00  2.7069554760e+00 -1.2216275839e+00  3.2202419681e-01 -7.4861327139e-01  9.9316856953e-01  7.2955786162e-01 -9.7844085923e-01  2.4644496751e+00 -3.1174455257e-01  3.5731236717e+00  2.0759520628e+00  7.4394045327e-01  1.3167667874e+00 -1.4719258284e+00 -1.6740521592e+00  9.7524207423e-01  6.5178547995e-01  1.1566638522e+00 -1.7880671116e+00
ENERGY -5.291849061650e+02
GRADIENT -1.5431399111e-05 -3.6857645625e-06  8.8030147040e-06  6.9501668640e-06  5.5308723784e-06 -8.3870780600e-07 -1.8195841484e-03  2.1966640606e-03  1.5314714807e-03 -7.2655361687e-05 -2.4056476852e-06 -7.4037297673e-05  5.0468746735e-05  3.6391744312e-06  2.8675212143e-05  2.5891853233e-03 -1.7116133395e-03 -1.4488994078e-03 -4.1267838934e-04 -3.8639851407e-03 -1.8068458200e-03  1.2648332313e-05 -8.3688970669e-06 -3.0574633677e-06  2.1687308329e-05  2.4269581759e-05 -4.2192335577e-06 -3.6589739324e-04  3.3998140574e-03  1.7806222176e-03  1.3871493959e-05  2.1506258037e-06  3.1069498771e-05  6.9810693616e-06 -7.3572494431e-06 -2.2235295273e-06  3.8780973166e-06 -2.3387809045e-06  3.1321686728e-06 -9.6360942624e-06  9.5158468017e-06  2.4438765596e-07 -1.3164617063e-05 -1.2275195900e-06  1.7561044079e-05

JOB 2
COORDS  9.1899943342e-01 -2.2017440451e+00  4.6803357268e+00  1.5972435940e+00 -5.6705325124e-01  2.9762938159e+00  1.3794721082e+00  2.3549434854e-02  1.7333594915e+00 -5.5984048406e-01 -1.3910354194e+00  1.5043334746e+00  7.0838724143e-01 -1.5664045026e+00  3.3975275663e+00  2.8752449171e-01 -4.0447297384e-01  9.7293078784e-01 -8.7945761874e-02  2.6071536358e-01 -3.0771980694e-01  1.1258480604e+00 -2.6879666156e+00  5.7175399721e+00 -3.5303128608e-01 -1.9804411918e+00  2.6817156011e+00 -1.2235335207e+00  5.6012966342e-01 -6.1714986103e-01  9.9625508434e-01  5.6525507604e-01 -1.0665854805e+00  2.4264000496e+00 -2.6987439614e-01  3.6099866231e+00  2.0439626464e+00  7.9587740836e-01  1.3587805255e+00 -1.4344375539e+00 -1.7131201858e+00  9.4359677632e-01  6.6184490717e-01  1.0442007590e+00 -1.8501291277e+00
ENERGY -5.291826515207e+02
GRADIENT  1.8081866573e-05  4.1168994250e-05 -3.4080169063e-06  9.1710681480e-05  2.1310346460e-05  9.4285653443e-05 -2.6366945803e-03  2.7422759573e-03  2.1470608152e-03 -1.9215034303e-04 -5.2923875327e-05 -1.4860563723e-04  5.4170327563e-05  3.8167821339e-05 -2.4738166185e-05  4.1927674265e-03 -2.0435306018e-03 -2.0938746385e-03 -2.1934515387e-03 -5.3752837330e-03 -2.2056070614e-03  2.6818039829e-06 -6.9132123539e-06 -1.0048391670e-05  1.6330105139e-05  5.3792529650e-05 -7.2990974188e-05  6.0563769277e-04  4.6025649549e-03  2.2493175860e-03  2.0742293742e-05 -3.3732380653e-06  2.2350862675e-05  4.8500213493e-06  1.1970312695e-05  3.9201705644e-06  3.3479432656e-06 -3.4871560801e-06  1.1741195670e-05 -6.5571390362e-06 -9.4478455258e-06 -2.9474947925e-05 -1.0414947850e-05  5.5552637917e-07  7.9403087251e-06

JOB 3
COORDS  9.1651642910e-01 -2.2296194596e+00  4.6687888571e+00  1.5673277365e+00 -5.4309078316e-01  3.0038805643e+00  1.3490895325e+00  6.3427737315e-02  1.7685317965e+00 -5.4065240433e-01 -1.4044409651e+00  1.4858677320e+00  7.0470023772e-01 -1.5769164238e+00  3.3948992976e+00  2.8357259787e-01 -3.8449497043e-01  9.8357322524e-01 -9.0708727285e-02  3.0798364930e-01 -2.8673456274e-01  1.1234945298e+00 -2.7285912957e+00  5.6998968722e+00 -3.3268468443e-01 -2.0086885542e+00  2.6557041597e+00 -1.1748586561e+00  8.1120175515e-01 -4.9736316981e-01  9.4981931046e-01  3.8264282448e-01 -1.1542867785e+00  2.3782055613e+00 -2.3176450266e-01  3.6541954825e+00  1.9965453920e+00  8.6238792450e-01  1.4197743396e+00 -1.3982883300e+00 -1.7452912422e+00  9.0973516344e-01  6.3572624919e-01  8.9492779083e-01 -1.9256550366e+00
ENERGY -5.291799201080e+02
GRADIENT -1.6750125017e-05 -2.0139405618e-05  7.9766100661e-06  3.2786873551e-06  7.6670801186e-06  5.3937553720e-06 -2.9264798253e-03  2.7678799419e-03  2.3365255635e-03 -5.9468829963e-05 -2.3806275978e-05 -3.0559600149e-05  5.8303864056e-05  8.8140410745e-06  4.1471491691e-05  5.1681881954e-03 -1.9123524499e-03 -2.5121776600e-03 -4.0293257386e-03 -5.6358623784e-03 -1.8708673348e-03  6.1473519882e-06  2.1722302565e-06  4.5099210999e-06  1.2923202785e-05  1.8327190812e-05 -9.9077764954e-06  1.7971571385e-03  4.7826578967e-03  2.0800873299e-03 -1.6019734834e-05 -1.9024176657e-06  6.1060864659e-06  4.2281367011e-06 -5.6597410073e-06 -1.0211404858e-06  5.6240998024e-06 -9.7783931035e-06 -4.5030337650e-06  5.4591120999e-06 -8.6616201373e-06 -1.1037431446e-05  7.0581304947e-06  5.8240280920e-06 -1.4636803281e-05

JOB 4
COORDS  9.9744608185e-01 -2.0635835135e+00  4.7621024265e+00  1.6822343045e+00 -8.6832738069e-01  2.7268606700e+00  1.3484781213e+00 -3.4131573064e-01  1.4808860439e+00 -9.0465307982e-01 -1.0993886124e+00  1.8650104634e+00  6.7490522308e-01 -1.5018588259e+00  3.4682413142e+00  3.1913897563e-02 -4.6780472374e-01  1.0323571374e+00 -4.1555065403e-01  1.7398737027e-01 -2.4520178839e-01  1.2996309567e+00 -2.5026152751e+00  5.7969537021e+00 -5.9812336020e-01 -1.6212566673e+00  3.0531483982e+00 -1.1012499237e+00  1.1725224349e+00 -3.0541018217e-01  8.2865974889e-02 -4.5924110527e-01 -1.3347952128e+00  2.6897973034e+00 -7.9531004066e-01  3.1228858304e+00  2.0985817721e+00  1.5354115635e-01  8.7080027244e-01 -1.9435783092e+00 -1.1875281113e+00  1.5535963501e+00 -2.2558055083e-01  4.0237068591e-02 -2.1173296824e+00
ENERGY -5.291775121238e+02
GRADIENT  5.3800845891e-05  2.3985836256e-05 -4.3099541141e-05  2.1604581689e-04  1.3956033552e-05  9.6790480446e-05 -9.9621684859e-04  2.6497594160e-03  1.7693721192e-03 -1.6410907704e-05  2.1875787764e-05 -3.5366623876e-05 -5.5266961141e-05  4.2976679152e-05 -8.9799283666e-05  2.8343104947e-03 -3.1448474692e-03 -2.6160293682e-03 -5.2385494369e-03 -1.9092781330e-03  9.8343415321e-04 -1.2454808261e-05  9.4779689998e-06 -1.5261917949e-07 -3.1069896129e-05  2.2498921191e-06 -1.4089691051e-05  3.2928911259e-03  2.2547239995e-03 -1.8993128198e-04 -2.1980078510e-05  5.8957954545e-05  5.1203537676e-05  2.1034035819e-05 -7.9548023203e-06  1.1883255815e-05 -1.7492325843e-06 -2.0897560458e-05  1.3063000111e-05  4.0132426873e-06  2.9394438265e-05 -7.2451739974e-06  8.5579106545e-06 -2.4427684858e-06 -1.3595620081e-05

JOB 5
COORDS  9.8515549093e-01 -2.1092119115e+00  4.7362299046e+00  1.6856939791e+00 -8.2540401914e-01  2.7608967261e+00  1.3673709309e+00 -2.6217636836e-01  1.5267975039e+00 -8.6765930531e-01 -1.1101342076e+00  1.8181145913e+00  6.7898368547e-01 -1.5118218847e+00  3.4543812531e+00  6.5723905111e-02 -4.0583068856e-01  1.0427487079e+00 -3.5154215025e-01  2.1973792344e-01 -2.5523152878e-01  1.2739531349e+00 -2.5753179823e+00  5.7630296410e+00 -5.7750761914e-01 -1.6563341649e+00  2.9996736865e+00 -8.1524161408e-01  1.3348877606e+00 -3.6306251346e-01 -1.5005966383e-01 -6.1267688131e-01 -1.3045404968e+00  2.6817149502e+00 -7.4164369279e-01  3.1830864400e+00  2.1169387000e+00  2.7912429368e-01  9.5664556146e-01 -1.8911873520e+00 -1.2348369584e+00  1.4698645570e+00 -4.4836361273e-01 -1.3580599557e-01 -2.1051596222e+00
ENERGY -5.291764701195e+02
GRADIENT  8.3563283068e-05  1.5544117598e-05 -3.6223688017e-05  1.1885784892e-04 -3.1872610279e-07  9.3992650054e-05 -7.3474411771e-05  8.4586822109e-05  6.7738070759e-05 -2.4142086542e-04 -2.6380175726e-05 -7.9624818343e-05  2.6173214472e-06  3.7896975482e-05 -5.4457530126e-05  1.9632153848e-04 -2.5334836025e-04 -1.1087456571e-06 -1.8918997721e-04  1.2732380891e-05  1.8226070888e-04 -4.6606105837e-06  9.6721117441e-07  2.1092627820e-06  1.3580448272e-05  4.5688579645e-05 -6.2994242737e-05  9.6876063905e-05  1.9940900807e-05 -1.1130059563e-04 -3.4508864315e-05  6.7413438564e-05  5.6420562251e-05  1.4129896340e-05  9.7074887629e-06  7.4106618841e-07  8.5740869961e-06  3.5906886499e-08  2.0189443389e-05 -2.1261477765e-05 -3.6861826196e-07 -5.8285426209e-06 -1.1793374722e-05  5.1489299798e-06  1.9895166584e-07

JOB 6
COORDS  9.7182646424e-01 -2.1360042647e+00  4.7210730899e+00  1.6873142132e+00 -7.8655915174e-01  2.7949453660e+00  1.3835484962e+00 -1.9905622576e-01  1.5686463768e+00 -8.2678543041e-01 -1.1345204036e+00  1.7706317296e+00  6.8312305084e-01 -1.5180489275e+00  3.4449147210e+00  9.8599703582e-02 -3.6562884199e-01  1.0483625614e+00 -2.8605345373e-01  2.4380058590e-01 -2.6538661004e-01  1.2456179767e+00 -2.6168999013e+00  5.7451544388e+00 -5.5443960306e-01 -1.6934016273e+00  2.9504664381e+00 -5.1355076832e-01  1.4228286699e+00 -4.3812240792e-01 -4.0066928661e-01 -6.9176573894e-01 -1.2386925368e+00  2.6701950262e+00 -6.8829428490e-01  3.2439368684e+00  2.1279673202e+00  3.8276010068e-01  1.0327704828e+00 -1.8300259845e+00 -1.2976132418e+00  1.3818667294e+00 -6.8710288522e-01 -2.2291980124e-01 -2.0481112035e+00
ENERGY -5.291773306870e+02
GRADIENT  9.7602724547e-06  1.8577412183e-05  5.3692824612e-06  5.8535375116e-05 -2.0273013507e-05  3.9139022145e-06  8.9475818047e-04 -2.3649491933e-03 -1.3371734809e-03 -1.6332504256e-04  7.2201263190e-06 -6.8638251527e-05  3.1586954468e-05  2.3799852223e-05  1.3690315483e-06 -2.8627336083e-03  3.2966470348e-03  2.4278386370e-03  5.3330674987e-03 -4.4580151951e-04 -1.7520131441e-03 -2.5061125452e-06 -2.0041009363e-06 -3.1677476776e-06  5.5575094661e-05  2.4032081209e-05 -4.9802802030e-05 -3.3294824570e-03 -5.0243462877e-04  7.9232333909e-04 -2.6022656526e-06 -1.3707771449e-05 -1.3408901014e-05  6.5985476058e-06  8.4972469532e-07  1.2340837555e-06  1.6843373927e-05 -2.0452684767e-05 -3.5312885764e-06 -1.0292879424e-05 -1.8908778242e-06 -2.2290890113e-05  7.9380565858e-06  5.6928921715e-06  1.8531549891e-05

JOB 7
COORDS  9.5877627678e-01 -2.1457480643e+00  4.7164052037e+00  1.6816648466e+00 -7.5353868157e-01  2.8245868346e+00  1.3915812919e+00 -1.6119320394e-01  1.5978641758e+00 -7.9180287247e-01 -1.1749073986e+00  1.7275919226e+00  6.8322083746e-01 -1.5229006974e+00  3.4397292521e+00  1.2587278765e-01 -3.6293479659e-01  1.0425293746e+00 -2.2176424272e-01  2.3386276355e-01 -2.8336615005e-01  1.2216270442e+00 -2.6295682347e+00  5.7419716879e+00 -5.3486532466e-01 -1.7333868553e+00  2.9111320237e+00 -2.1311011911e-01  1.4230077381e+00 -5.2782377799e-01 -6.2273576348e-01 -7.0896976476e-01 -1.1713183455e+00  2.6493393934e+00 -6.3206813326e-01  3.3001298353e+00  2.1264139899e+00  4.5349308415e-01  1.0861759200e+00 -1.7751412278e+00 -1.3706656292e+00  1.3054521471e+00 -8.8133388988e-01 -2.3445199685e-01 -1.9863331596e+00
ENERGY -5.291796564773e+02
GRADIENT  5.6346480219e-05  6.7600929223e-05  3.2470548361e-06 -7.0803175518e-05 -2.8366462702e-05  2.1305437069e-05  1.6314548728e-03 -3.5031435256e-03 -2.2588712565e-03 -3.8306205133e-04  5.2254250552e-05 -1.1251773437e-04 -2.9302969776e-05 -1.9499043153e-07 -5.1834832740e-05 -4.4783676855e-03  5.3516507288e-03  4.1605824396e-03  8.6073266111e-03 -2.2252185071e-03 -3.3846066355e-03  1.6641298056e-06 -1.4833274380e-05 -1.7609129096e-05  3.7732547788e-05  5.3674502782e-07 -9.2925987213e-05 -5.3771388046e-03  3.0906861192e-04  1.6615731918e-03 -4.6284885518e-05 -1.7723235724e-05  8.6684262301e-05  1.1395174577e-05  5.1038408212e-06 -3.7103654162e-05  4.0041244739e-05  2.0092014074e-05  1.0824520700e-05 -6.1632797822e-05  1.6401577047e-06  1.0312849588e-05 -3.2477710918e-06  2.6446082441e-05 -3.5390304121e-06

JOB 8
COORDS  9.5559656331e-01 -2.1470146071e+00  4.7120530669e+00  1.6724222411e+00 -7.2219483464e-01  2.8414936111e+00  1.3871726019e+00 -1.3373289705e-01  1.6125129276e+00 -7.6381510311e-01 -1.2201088459e+00  1.6918350941e+00  6.8668058610e-01 -1.5270235577e+00  3.4325158976e+00  1.3974204056e-01 -3.7381316227e-01  1.0291092818e+00 -1.8088845220e-01  2.2009694887e-01 -3.0122516999e-01  1.2120553700e+00 -2.6263764295e+00  5.7413289283e+00 -5.1306213686e-01 -1.7751965585e+00  2.8787070259e+00  5.2149880048e-02  1.3709638787e+00 -6.1393435932e-01 -8.2920659511e-01 -6.5524639807e-01 -1.1098204532e+00  2.6255945387e+00 -5.7198887454e-01  3.3377025030e+00  2.1074343583e+00  5.0894685434e-01  1.1150179927e+00 -1.7304977499e+00 -1.4453983336e+00  1.2478368053e+00 -1.0472729542e+00 -1.6898981210e-01 -1.9291578444e+00
ENERGY -5.291824898838e+02
GRADIENT -1.1544694441e-05 -1.9925699178e-05  3.2428548567e-06  2.6635522121e-06  8.4365020853e-06 -1.3845928892e-05  1.7192867244e-03 -3.7879531846e-03 -2.1289029623e-03 -6.9288545450e-05 -8.4091050150e-06 -5.6313582758e-05  4.4299608482e-05  6.9783134323e-06  3.5134022784e-05 -4.8473996513e-03  6.2646567078e-03  4.0283949264e-03  8.2282976426e-03 -4.0269695087e-03 -3.8040651894e-03  4.2929481153e-07  6.7123861572e-06  4.7842044169e-06  3.2891754113e-05  1.7538385906e-05 -5.9229629729e-06 -5.0861002021e-03  1.5423581666e-03  1.9352732223e-03 -3.2696421495e-06 -1.1615813726e-05  4.2043618065e-06 -1.8817274767e-06 -1.9493062935e-08 -2.5359169699e-07 -4.3715107629e-07  2.2320240522e-06  3.7985483869e-07 -6.6443509706e-06  3.2623152851e-06 -6.1886123146e-06 -2.3102080139e-06 -3.9049312565e-06 -3.4561727923e-06

JOB 9
COORDS  9.5471254138e-01 -2.1429614552e+00  4.7133195145e+00  1.6591946682e+00 -6.9069772746e-01  2.8600994163e+00  1.3794563916e+00 -1.1273361908e-01  1.6255960616e+00 -7.3748256237e-01 -1.2682399601e+00  1.6625729024e+00  6.8931190815e-01 -1.5303957434e+00  3.4294863010e+00  1.5367684263e-01 -3.9697545123e-01  1.0148717323e+00 -1.4775560600e-01  1.9539187083e-01 -3.1853916409e-01  1.2077577860e+00 -2.6151665503e+00  5.7467410596e+00 -4.9082947431e-01 -1.8181138875e+00  2.8531344045e+00  2.8364462945e-01  1.2634581368e+00 -7.0775762134e-01 -1.0038710897e+00 -5.6736151801e-01 -1.0439495745e+00  2.5952866828e+00 -5.0718124999e-01  3.3772385814e+00  2.0843147527e+00  5.5428217819e-01  1.1385295173e+00 -1.6891101236e+00 -1.5201112414e+00  1.2017655550e+00 -1.1755066280e+00 -7.9678895279e-02 -1.8729526799e+00
ENERGY -5.291850124528e+02
GRADIENT  7.6904046634e-05  1.7392817413e-05 -4.3625141812e-05  9.6446598821e-05  5.1735842690e-06  8.4280807313e-05  1.3998291595e-03 -2.8997247177e-03 -1.5883769413e-03  5.8402743601e-07  1.9972908517e-05  1.8877602871e-05 -7.8512806972e-05  2.4957440327e-05 -8.3894315653e-05 -3.7499825294e-03  5.0195556271e-03  3.1053949994e-03  5.7784465527e-03 -4.1843527844e-03 -3.1655970029e-03 -7.9816429381e-06  5.8500882699e-06 -3.4636601564e-06 -4.4985125398e-05 -1.2343553040e-05 -2.4931681029e-05 -3.5397202103e-03  2.0276301188e-03  1.6301084614e-03  2.9375728301e-05  3.3554926909e-05  3.4889495055e-05  8.3325298233e-06  1.8575975475e-05  5.5212871451e-06 -1.2117592699e-05  1.0259318234e-05  1.3918372068e-05  4.4717970495e-07 -2.1426152544e-06  1.4072695376e-06 -5.4856568784e-06  1.1130137961e-05  1.1413296878e-05

JOB 10
COORDS  9.4754276454e-01 -2.1406390826e+00  4.7217766731e+00  1.6430175421e+00 -6.6649372182e-01  2.8816503560e+00  1.3706820972e+00 -9.9216274164e-02  1.6409966310e+00 -7.0971319495e-01 -1.3204094567e+00  1.6370425147e+00  6.9041044256e-01 -1.5390607099e+00  3.4310347417e+00  1.6881022530e-01 -4.2587777602e-01  1.0033276672e+00 -1.2340951105e-01  1.7062420702e-01 -3.2962569212e-01  1.1933796447e+00 -2.6026793066e+00  5.7615199572e+00 -4.6743327324e-01 -1.8659048678e+00  2.8308678005e+00  4.7370915899e-01  1.1201843372e+00 -8.0011344908e-01 -1.1526389372e+00 -4.4349545421e-01 -9.6572965727e-01  2.5601931882e+00 -4.4994258165e-01  3.4195000061e+00  2.0621897777e+00  5.8861146184e-01  1.1641461239e+00 -1.6457436556e+00 -1.5983199771e+00  1.1603117232e+00 -1.2798799490e+00  3.2283855788e-02 -1.8092406846e+00
ENERGY -5.291866590222e+02
GRADIENT -2.4727069373e-05  1.0683955244e-05  1.8053230951e-05 -2.6220550163e-05  4.7653222022e-07 -3.0860840255e-05  8.0507941384e-04 -1.4177985244e-03 -7.9295788410e-04  7.5838227565e-05  7.5169248076e-06  4.4854184144e-05  8.4830605378e-06 -1.5622918682e-05  1.4030359825e-05 -1.8323636368e-03  2.7266208669e-03  1.5213390816e-03  2.4254138082e-03 -2.6551151258e-03 -1.7521309755e-03  8.0748691595e-06  9.8609720169e-07 -1.3120398277e-06 -4.7042101196e-06 -1.4308748714e-05  2.1725255818e-05 -1.4104548684e-03  1.3575236711e-03  9.6282248487e-04 -2.7959079954e-05 -3.6093087037e-05 -3.2538856671e-05 -1.7151450577e-06 -4.8613229832e-06 -5.7312040707e-06 -3.4330703673e-06 -9.4852441608e-06 -1.7483727050e-05  9.3026329619e-06 -7.0816029394e-06  5.8367326787e-06 -1.5350494129e-06 -1.8101127551e-05 -3.7989615921e-06

JOB 11
COORDS  9.4540791636e-01 -2.1275269021e+00  4.7179865804e+00  1.6272357324e+00 -6.3353912361e-01  2.8886548338e+00  1.3625305542e+00 -8.1364382233e-02  1.6396829333e+00 -6.7905887623e-01 -1.3664118611e+00  1.6008146762e+00  6.9453771624e-01 -1.5380554747e+00  3.4204346226e+00  1.8657054315e-01 -4.5193701272e-01  9.7769872553e-01 -1.0023879230e-01  1.3730965202e-01 -3.5963070536e-01  1.1855241815e+00 -2.5790751178e+00  5.7636616212e+00 -4.3961197238e-01 -1.9048914170e+00  2.7984865179e+00  6.2528957697e-01  9.3083127551e-01 -9.2856953068e-01 -1.2682360336e+00 -3.0422802721e-01 -8.9069983065e-01  2.5234950913e+00 -3.8176462879e-01  3.4461074172e+00  2.0418700635e+00  6.2419078856e-01  1.1714179208e+00 -1.5987654595e+00 -1.6715545390e+00  1.1095122817e+00 -1.3615126240e+00  1.3675714890e-01 -1.7571786585e+00
ENERGY -5.291872247425e+02
GRADIENT -2.3072336485e-05  4.7377735311e-06  1.5965948731e-05 -1.5897842840e-08  9.6689691218e-06 -1.2875710303e-05  1.5997646126e-05  5.9670691327e-06  6.2712653387e-06 -2.4081060683e-05 -2.3758461900e-05 -4.0939581183e-05  3.0727808947e-05 -2.3686143740e-06  2.1685412414e-05  1.3789561520e-05 -1.6167425263e-05  2.9428584632e-05  1.9695506826e-05  3.1881616133e-05  5.7942144671e-05  1.0425746427e-05 -1.2456287319e-05 -5.4289339990e-06  1.4502608933e-05  2.8018487010e-05  1.2269715254e-05 -1.4269030237e-05 -7.7190010724e-06 -3.2863973458e-05  4.0521396507e-05  2.1533757561e-05 -1.8060843850e-05  2.0294530565e-06 -1.0546430782e-06  5.4960442078e-06  1.0617414479e-05 -9.4443791799e-07  4.0823985672e-06  4.3203494224e-06  5.5080160494e-06 -5.4786560270e-06  4.3313097073e-07  7.3121075366e-06 -1.1599887550e-05

JOB 12
COORDS  9.4055275442e-01 -2.1297607963e+00  4.7280861404e+00  1.6073568809e+00 -6.1091758475e-01  2.9138797965e+00  1.3516287460e+00 -6.9518866216e-02  1.6582196649e+00 -6.4706551745e-01 -1.4180526517e+00  1.5804202158e+00  6.9672768350e-01 -1.5489148376e+00  3.4253216569e+00  2.0460255106e-01 -4.8166012809e-01  9.7098183953e-01 -7.9478548867e-02  1.0216456794e-01 -3.6932319596e-01  1.1739966215e+00 -2.5724857635e+00  5.7790293605e+00 -4.1117848782e-01 -1.9535883166e+00  2.7800212040e+00  7.3321640090e-01  7.1572687879e-01 -1.0346368690e+00 -1.3455515556e+00 -1.4280599656e-01 -7.9138102844e-01  2.4804568719e+00 -3.2567243830e-01  3.4915643936e+00  2.0193942283e+00  6.5531605893e-01  1.2028297193e+00 -1.5491685462e+00 -1.7488402313e+00  1.0730256863e+00 -1.4226405369e+00  2.5481053144e-01 -1.6802147905e+00
ENERGY -5.291866590231e+02
GRADIENT  2.2482580666e-06 -3.2139944938e-05 -6.7415906270e-06 -2.6463244730e-05  1.3555834016e-06 -3.0514596337e-05 -9.5282871837e-04  1.3217545348e-03  7.9501381074e-04  6.4350030570e-05  2.4954946689e-05  5.4206302076e-05 -9.5124934642e-07 -7.3646904765e-07  2.2843691760e-05  1.6801005601e-03 -2.7481755850e-03 -1.6526647794e-03 -1.4120944677e-03  3.3261786411e-03  1.7165096173e-03  4.5269833614e-06  6.7249204078e-06  2.4002323930e-06 -3.5562221970e-06 -1.5722633545e-05  2.0945770601e-05  6.6027913350e-04 -1.8701670397e-03 -9.0893544892e-04 -5.4919224910e-05  6.2707640194e-06 -8.0176890555e-06 -6.8017165350e-06  3.2670915826e-06 -9.3627750229e-07 -1.6106693963e-05  1.0521117761e-05 -5.8796913312e-06  2.1476672724e-06  3.9553925205e-06  1.2264792450e-05 -1.5728104898e-05  4.0018275255e-06  9.0225414718e-06

JOB 13
COORDS  9.3903194735e-01 -2.1185513246e+00  4.7274767349e+00  1.5889704408e+00 -5.8125281114e-01  2.9235672017e+00  1.3397933637e+00 -5.0910436387e-02  1.6614489728e+00 -6.1258476747e-01 -1.4629041437e+00  1.5496903518e+00  7.0184617978e-01 -1.5499442932e+00  3.4181520017e+00  2.2273385374e-01 -5.0459901439e-01  9.5246548650e-01 -6.9449210647e-02  7.3363638751e-02 -3.8929927317e-01  1.1661280082e+00 -2.5503328956e+00  5.7843408582e+00 -3.7899160901e-01 -1.9924323267e+00  2.7520503948e+00  7.7718357466e-01  4.9424873562e-01 -1.1537804302e+00 -1.3910862204e+00  3.6181302602e-02 -6.9399564319e-01  2.4390071625e+00 -2.6361487253e-01  3.5184816484e+00  1.9949945542e+00  6.9350554591e-01  1.2192663962e+00 -1.4970418759e+00 -1.8194633629e+00  1.0281745965e+00 -1.4767432812e+00  3.8986413786e-01 -1.6006987759e+00
ENERGY -5.291850124596e+02
GRADIENT  3.4832309321e-05  8.3035502370e-05 -5.7071759495e-06  9.0710726509e-05  1.4192009176e-05  8.9359280009e-05 -2.0645143784e-03  2.4999788150e-03  1.5423331985e-03  2.2687170984e-05 -1.4956992340e-05 -1.7585766362e-06 -5.8727480220e-05 -5.4878749064e-06 -1.0157818311e-04  3.0235153303e-03 -5.5376517627e-03 -3.0157057535e-03 -1.3627794648e-03  6.9460730865e-03  3.2886654799e-03 -1.4398612966e-06 -4.5464369989e-06 -9.2849229652e-06 -4.3386600564e-05 -1.4648744630e-05 -2.6409716489e-05  3.0996215489e-04 -3.9727619051e-03 -1.8491481667e-03  5.5118785331e-05 -6.4025177043e-06  1.1670610342e-05  2.0368893818e-05 -2.6570461205e-07 -5.3779875738e-06  7.0337666460e-06 -1.9644736444e-05 -3.3627676767e-06 -7.2589395530e-07 -3.0992862443e-07  2.5081123808e-06  1.0097746014e-05 -1.3218288784e-05 -2.6820860758e-06

JOB 14
COORDS  9.3598031060e-01 -2.1164822372e+00  4.7297623297e+00  1.5649200076e+00 -5.5465568719e-01  2.9386512227e+00  1.3228885557e+00 -3.3536444205e-02  1.6706196102e+00 -5.7872230260e-01 -1.5085922117e+00  1.5245490678e+00  7.0421489775e-01 -1.5543750288e+00  3.4166587489e+00  2.3842895780e-01 -5.2761534046e-01  9.3992533571e-01 -6.1463299996e-02  3.3989922436e-02 -4.0914342125e-01  1.1578640891e+00 -2.5419738463e+00  5.7902774886e+00 -3.4836260083e-01 -2.0319127516e+00  2.7298434926e+00  7.7360097229e-01  2.4654013523e-01 -1.2659272343e+00 -1.3912492440e+00  2.2079643091e-01 -6.0186410183e-01  2.3906261551e+00 -2.0578764824e-01  3.5500619422e+00  1.9639340021e+00  7.3261735137e-01  1.2447271654e+00 -1.4444723214e+00 -1.8911898127e+00  9.8932854371e-01 -1.4983968706e+00  5.3418495121e-01 -1.5214396185e+00
ENERGY -5.291824898850e+02
GRADIENT -1.9329235451e-05 -7.8338219602e-06  1.0204014212e-05  1.7232130500e-06  1.0030722266e-05 -1.3086209120e-05 -2.7778410886e-03  3.2211719405e-03  1.9349431371e-03 -6.6525217232e-05 -1.1983231474e-05 -5.8788615837e-05  4.3495366698e-05  8.3749596235e-06  3.5642291798e-05  3.7498643943e-03 -7.1351957331e-03 -3.7413469067e-03 -2.2300754863e-04  9.1456064144e-03  3.8341026282e-03  7.2150897033e-06 -3.9610703420e-06 -9.3661051737e-07  2.7572866802e-05  2.5360163404e-05 -1.1628747973e-06 -7.3446911741e-04 -5.2404887612e-03 -1.9976532420e-03 -8.3682147124e-06 -3.5015683983e-06  8.8192617814e-06 -1.1143108856e-06 -1.2597940087e-06 -8.5350974046e-07  1.5093977653e-06 -9.7936063279e-07 -1.3559310743e-06 -3.7282706758e-06 -1.2766442574e-06 -8.7060440931e-06 -5.6001820361e-06  1.1507166187e-06 -4.9226830896e-07

JOB 15
COORDS  9.4043391185e-01 -2.1172249636e+00  4.7329538809e+00  1.5395969726e+00 -5.3213827978e-01  2.9529830187e+00  1.2988259620e+00 -1.6622825430e-02  1.6817066357e+00 -5.4511895984e-01 -1.5593842447e+00  1.5046406512e+00  7.0847566691e-01 -1.5623022219e+00  3.4168887769e+00  2.4479464490e-01 -5.4827009775e-01  9.3505836784e-01 -6.5369912157e-02 -9.8482961844e-03 -4.2469098547e-01  1.1608365451e+00 -2.5349080634e+00  5.7968725686e+00 -3.1540265792e-01 -2.0754684850e+00  2.7127677287e+00  7.0816121406e-01 -1.2832986759e-02 -1.3603945471e+00 -1.3476443501e+00  4.2093584494e-01 -5.1616827885e-01  2.3430796069e+00 -1.5476854007e-01  3.5769206013e+00  1.9209884151e+00  7.7368331752e-01  1.2718611236e+00 -1.3886921972e+00 -1.9729710700e+00  9.5618115573e-01 -1.4830059798e+00  7.0339706528e-01 -1.4425495303e+00
ENERGY -5.291796564803e+02
GRADIENT  8.1343596719e-05  2.8857611116e-05 -1.9433368328e-05 -4.9377814437e-05 -6.2054762574e-05  1.6011410529e-06 -2.6705601554e-03  3.2014962238e-03  1.6291969734e-03 -2.1074765330e-04 -2.1359331526e-04 -2.6590450846e-04 -3.8268824788e-05  1.2935919128e-05 -4.4031323316e-05  3.3308829622e-03 -6.8199044004e-03 -2.8985219426e-03  1.4785424231e-03  8.8860311226e-03  3.0580013158e-03 -1.7740198504e-05  1.5329711223e-05  1.2852972743e-07 -1.9620752138e-05  8.8871632306e-05 -4.1135480156e-05 -1.9098606625e-03 -5.0947604951e-03 -1.4719055029e-03 -9.7076450444e-07 -8.8893826104e-05  4.5441933362e-05 -6.0330487655e-06  3.2237220013e-05 -2.1326447480e-05  4.0457120925e-05  1.9253682767e-05  1.0278301866e-05 -2.6994410729e-05 -5.2364146715e-05 -2.0987718513e-05  1.6226524505e-05 -3.8439915013e-06 -2.1148606591e-05

JOB 16
COORDS  9.5647065788e-01 -2.1121451131e+00  4.7349173181e+00  1.5057231992e+00 -5.0355758348e-01  2.9590624528e+00  1.2543430735e+00  2.3300721664e-03  1.6854341267e+00 -5.1565853323e-01 -1.6194456067e+00  1.4894323053e+00  7.1418769340e-01 -1.5665101581e+00  3.4168194070e+00  2.3087369669e-01 -5.7177266869e-01  9.2882818181e-01 -8.4422205069e-02 -7.0408963097e-02 -4.4758868064e-01  1.1841880043e+00 -2.5212546564e+00  5.8006283389e+00 -2.7966399601e-01 -2.1216990916e+00  2.7021067542e+00  5.8729657870e-01 -2.9289419890e-01 -1.4329791209e+00 -1.2462209051e+00  6.2618632561e-01 -4.7450529521e-01  2.2889100329e+00 -9.4061513381e-02  3.5885351157e+00  1.8471500940e+00  8.2046272307e-01  1.2865961736e+00 -1.3315713607e+00 -2.0744973975e+00  9.3136103989e-01 -1.3980866289e+00  8.8531516362e-01 -1.4055307681e+00
ENERGY -5.291773306901e+02
GRADIENT  2.0862470272e-05  1.3828297528e-06 -4.7297366331e-06  1.7920927491e-05  4.3353021328e-05  4.1036349480e-05 -1.8316032661e-03  1.8859146733e-03  1.1269142218e-03 -1.1130893651e-04 -7.6006570876e-05 -1.1718706025e-04  3.4915298133e-05  1.8882204548e-05 -1.8425768356e-06  1.9396279992e-03 -4.1882987615e-03 -1.9116512184e-03  1.7476521652e-03  5.1424745675e-03  1.4876024856e-03 -3.7931216229e-06 -5.3573354419e-08 -8.4671965166e-07  2.5582341456e-05  7.0125127381e-05 -2.2914576522e-05 -1.7924354013e-03 -2.8978292479e-03 -5.9661220342e-04 -1.7385097715e-05  8.9859003521e-06 -1.1667795786e-09  4.8248502936e-06  4.0278271901e-06  3.1145010787e-06 -7.4383174999e-06  1.7854817695e-05  1.8548929073e-05 -1.6432900944e-05  7.4198797753e-06 -1.6910429312e-05  1.6268758300e-05 -7.2658884574e-06  1.0912222636e-05

JOB 17
COORDS  9.8962742817e-01 -2.1162841821e+00  4.7321423456e+00  1.4618500443e+00 -4.7655460722e-01  2.9632008233e+00  1.1816313544e+00  2.7323572844e-02  1.6946815583e+00 -4.9916750462e-01 -1.6844716861e+00  1.4850641185e+00  7.2059000484e-01 -1.5767283066e+00  3.4167515507e+00  1.8157921340e-01 -5.8638114483e-01  9.3805220789e-01 -1.3239637058e-01 -1.2175173180e-01 -4.5325646265e-01  1.2373015844e+00 -2.5183266725e+00  5.7960957315e+00 -2.4371551012e-01 -2.1766268017e+00  2.6979668755e+00  3.9510665736e-01 -5.5149165324e-01 -1.4568839827e+00 -1.0836066069e+00  8.4245797566e-01 -4.6081388281e-01  2.2299297161e+00 -3.7539223702e-02  3.5914026306e+00  1.7328305791e+00  8.7782107008e-01  1.3038294893e+00 -1.2803795609e+00 -2.1868355468e+00  9.1781002874e-01 -1.2321104798e+00  1.0858779087e+00 -1.3968030201e+00
ENERGY -5.291764701107e+02
GRADIENT  3.9478593793e-05  8.4257445943e-05  3.3997512664e-06  1.0312783870e-04  2.5096900364e-05  1.0892506502e-04  5.2144606949e-05 -1.1115260995e-04 -4.5934115933e-05 -1.8157552322e-04 -1.2105959964e-04 -1.3494059952e-04  6.4570467278e-06  3.2373296210e-05 -5.7968853434e-05 -8.3531776715e-05  1.8214535450e-04  2.5188010930e-04 -1.2076068052e-05 -2.6227016642e-04  2.3765777609e-05 -3.1209479926e-07 -5.7285058325e-06 -1.0910395977e-06  1.3738446246e-05  4.5048119779e-05 -6.3366705193e-05  1.7822285635e-05  1.4269204347e-04 -4.1323680776e-05  5.5664231425e-05 -7.3070407928e-05 -2.4885658760e-05  1.5069634881e-05  8.6013504795e-06  1.6691204120e-07  1.3250698043e-05 -6.9815926481e-06  1.6105655840e-05 -1.4111094735e-05 -1.1799319695e-05 -1.2491129782e-05 -2.4331655511e-06 -9.4548846738e-06 -8.4342563152e-06

JOB 18
COORDS  1.0406256339e+00 -2.1310087809e+00  4.7230248376e+00  1.4140145549e+00 -4.5032119721e-01  2.9692724361e+00  1.0939932296e+00  5.5325174886e-02  1.7109019711e+00 -4.9088713872e-01 -1.7442910501e+00  1.4910412733e+00  7.3163624662e-01 -1.5903538312e+00  3.4169381861e+00  1.1377601839e-01 -5.9536932730e-01  9.5837946811e-01 -1.9556746234e-01 -1.6879860987e-01 -4.4398413859e-01  1.3187053427e+00 -2.5324885920e+00  5.7796550859e+00 -2.0611649471e-01 -2.2322962697e+00  2.6988224277e+00  1.4916034868e-01 -7.7628335462e-01 -1.4354507691e+00 -8.6061494871e-01  1.0114009450e+00 -4.8207361641e-01  2.1691736188e+00  1.6077328612e-02  3.5934184404e+00  1.5943844454e+00  9.3940930876e-01  1.3265229327e+00 -1.2377211689e+00 -2.2876714518e+00  9.1563745552e-01 -9.9018611208e-01  1.2321193488e+00 -1.4262519688e+00
ENERGY -5.291775121196e+02
GRADIENT  2.5851822516e-05  6.6720362370e-05 -1.8286692388e-05  1.6734897958e-04  9.3226358202e-05  1.4344238763e-04  2.1702039207e-03 -2.2896609424e-03 -1.0925161645e-03 -7.0784212313e-06  8.8279898020e-06 -4.2683012581e-05 -3.5188554497e-05  1.2226922356e-05 -1.0850678990e-04 -1.9240279318e-03  4.2723233636e-03  1.6823472084e-03 -3.7537281819e-03 -4.2249587943e-03 -3.5693944957e-04  1.4389416356e-06 -1.1525260536e-05 -1.2300150157e-05 -2.1146164175e-05 -1.4207041564e-05 -2.3482281454e-05  3.3154547111e-03  2.2200128251e-03 -2.1276202145e-04  5.4316687179e-05 -5.9872762271e-05 -1.7614395936e-05  1.0469781437e-05  8.7230339458e-06  2.1782969298e-05 -1.0841811184e-05 -7.1043682114e-06  2.1274594157e-05  2.0712973121e-05  3.5837226623e-06 -2.2282808059e-05 -3.1272609053e-06  1.5787226913e-05 -3.1943217567e-06

JOB 19
COORDS  8.3679087629e-01 -2.1053123426e+00  4.7409189526e+00  1.7099050651e+00 -7.6531354187e-01  2.8749263525e+00  1.5134613015e+00 -1.9278348860e-01  1.6198572799e+00 -6.8416558245e-01 -1.1807516294e+00  1.6156788084e+00  6.6122751637e-01 -1.5091347504e+00  3.4342317328e+00  2.8661594243e-01 -3.8925221346e-01  9.8081764714e-01  5.5802444914e-02  7.9583654002e-02 -4.1925853906e-01  1.0192236839e+00 -2.5660153258e+00  5.7942316050e+00 -5.1938943746e-01 -1.7176595138e+00  2.8245881205e+00 -2.3825165176e-01 -6.4873510792e-01 -1.3444925454e+00  2.9172349004e-01  1.4083831697e+00 -5.5908878813e-01  2.6444173064e+00 -6.4668863759e-01  3.4134163280e+00  2.2939071519e+00  3.9887854106e-01  1.1508065507e+00 -1.6334958540e+00 -1.3786846717e+00  1.1224835266e+00  1.7299468185e-01  1.6161406211e+00 -1.5071603328e+00
ENERGY -5.291799201064e+02
GRADIENT -2.0004153800e-05 -1.4651598157e-05  1.1014509439e-05  9.5460127366e-06 -2.2739103931e-06 -4.5639560628e-07  1.4777678566e-03 -4.0974003284e-03 -1.6470320524e-03 -6.1764374069e-05 -1.9857096826e-05 -2.8376219503e-05  5.4964044051e-05  1.3973322016e-05  4.4568937098e-05  2.6133042968e-04  5.7359549598e-03  1.9258419451e-03 -7.0650305453e-03 -9.0401939282e-04  8.7514776232e-04  6.6366346385e-06  1.2928397085e-06  3.7957967807e-06  1.6066831654e-05  1.3465156019e-05 -1.2761748148e-05  5.3468878194e-03 -7.5028560870e-04 -1.1305058158e-03 -7.3131947171e-06 -1.5599522892e-05 -1.8764845525e-06 -2.3964812941e-06  4.5945037389e-06  4.9240721147e-06 -6.1461991373e-06  8.5025360131e-06  6.1544256158e-06 -8.1383421821e-06  1.2571037747e-05  1.3364830360e-06  1.7834373777e-06  1.4061785876e-05 -9.8230571295e-06

JOB 20
COORDS  8.6347205471e-01 -2.1151707091e+00  4.7305707164e+00  1.6963968062e+00 -7.2159899721e-01  2.8866138669e+00  1.4852927442e+00 -1.4139744909e-01  1.6376452314e+00 -6.7661701542e-01 -1.2090193863e+00  1.6099580134e+00  6.7200687302e-01 -1.5096889945e+00  3.4304387508e+00  2.6951446582e-01 -3.7640925171e-01  9.8921822089e-01  1.3642151309e-02  1.0235153676e-01 -3.9960769404e-01  1.0577889289e+00 -2.5818457669e+00  5.7791157275e+00 -4.9835159836e-01 -1.7539252413e+00  2.8131608131e+00 -4.9928127239e-01 -5.6879008424e-01 -1.2722095231e+00  4.8767569051e-01  1.3579614124e+00 -6.0660823185e-01  2.6231181227e+00 -5.7649098545e-01  3.4320616944e+00  2.2442120287e+00  4.8374051338e-01  1.1776542558e+00 -1.6145922916e+00 -1.4323197240e+00  1.1065460330e+00  3.2854541961e-01  1.5636915867e+00 -1.5486870428e+00
ENERGY -5.291826515201e+02
GRADIENT  3.8600499529e-05  9.3740933079e-06 -2.1895313129e-05  1.0414159086e-04  1.5115435516e-06  8.2994135322e-05  1.5320679947e-03 -3.7552023804e-03 -1.6227908712e-03 -2.0386872462e-04 -3.5067692078e-05 -1.3758727506e-04  4.6020986442e-05  5.0727460147e-05 -1.7304584513e-05 -1.7294808280e-04  4.7614366058e-03  1.8544387228e-03 -6.0449627774e-03  6.2832525684e-04  1.2777615422e-03 -8.0386552269e-06  9.8977141503e-06 -5.5641934711e-07  1.7039906318e-05  5.2741432945e-05 -7.3678627472e-05  4.6562233389e-03 -1.7113549697e-03 -1.4144576671e-03  1.8068665147e-05  9.2882539813e-07  2.4896742440e-05  1.2983639635e-05 -7.4626787739e-07 -3.5536644556e-06  4.2159883577e-06 -4.7964018291e-06  1.0877596312e-05 -2.2969605333e-05  1.6154947232e-05 -1.4733037013e-05 -1.7297529423e-06 -1.2994349745e-05  2.5802677411e-08

JOB 21
COORDS  8.7887058682e-01 -2.1260369407e+00  4.7223092739e+00  1.6815547566e+00 -6.9087654166e-01  2.8967816484e+00  1.4635990272e+00 -1.0954507894e-01  1.6497980616e+00 -6.6468922296e-01 -1.2436218205e+00  1.5969995376e+00  6.7896157645e-01 -1.5171246140e+00  3.4249869048e+00  2.6230030161e-01 -3.8117258027e-01  9.8734630488e-01 -2.1667411562e-02  1.2204468419e-01 -3.8550761413e-01  1.0794907423e+00 -2.5942524116e+00  5.7689815487e+00 -4.7809145365e-01 -1.7944324494e+00  2.7964428522e+00 -7.2900753342e-01 -4.4584437037e-01 -1.1941700764e+00  6.4416804053e-01  1.2735322063e+00 -6.6279413958e-01  2.5968234234e+00 -5.1806897680e-01  3.4533969521e+00  2.2051307144e+00  5.4258439252e-01  1.1999236697e+00 -1.5922796756e+00 -1.4864621936e+00  1.0841020753e+00  4.3219423908e-01  1.4989217666e+00 -1.5894674439e+00
ENERGY -5.291849061686e+02
GRADIENT -6.9899979883e-06 -1.6837583656e-05  1.0436087536e-06  7.4428142289e-06  4.8182478245e-06 -1.0400881212e-06  1.3020297390e-03 -2.6681056178e-03 -1.2913141932e-03 -7.2149579833e-05 -4.2026844581e-06 -7.4454555772e-05  4.1447139116e-05  1.7527988984e-05  3.6652937677e-05 -5.0320016205e-04  3.1084405822e-03  1.3478806340e-03 -3.8237646722e-03  1.4532814154e-03  1.2778420687e-03 -7.3151134051e-07  1.2473302306e-05  9.5893850574e-06  2.7289305807e-05  1.5167030472e-05 -9.4832839734e-06  3.0596945156e-03 -1.9402764653e-03 -1.3180375097e-03  2.2338944501e-05 -1.0628310011e-05  2.3716625974e-05 -2.5001411285e-06  7.7285343151e-06  6.5262168568e-06  1.7738133120e-06  1.2231060550e-06  4.9949606523e-06  1.9275166267e-06 -8.6016261057e-06 -1.0404313517e-05 -4.2360658700e-07 -2.1127126392e-05  5.8832795227e-06

JOB 22
COORDS  8.8627882669e-01 -2.1439479523e+00  4.7153677099e+00  1.6640480151e+00 -6.6577507829e-01  2.9126433056e+00  1.4452597315e+00 -8.2555734289e-02  1.6669682572e+00 -6.4977441684e-01 -1.2760249369e+00  1.5829452103e+00  6.8239671837e-01 -1.5287413774e+00  3.4216094696e+00  2.6188422561e-01 -3.8818776863e-01  9.8617949076e-01 -4.5919138380e-02  1.4498490931e-01 -3.6926079012e-01  1.0901512617e+00 -2.6172529153e+00  5.7591168375e+00 -4.5893470649e-01 -1.8349698365e+00  2.7781410381e+00 -9.1681631371e-01 -2.8627555990e-01 -1.0996545556e+00  7.7800139655e-01  1.1648764993e+00 -7.2668243552e-01  2.5650037617e+00 -4.6697805401e-01  3.4837085811e+00  2.1722029137e+00  5.9425603943e-01  1.2304870653e+00 -1.5677451884e+00 -1.5330381729e+00  1.0602405636e+00  5.1512464126e-01  1.4272539972e+00 -1.6301036759e+00
ENERGY -5.291863282021e+02
GRADIENT -1.2952640748e-04 -7.1922060261e-05  3.0539578044e-05 -3.2746093532e-04 -4.7329686137e-05 -2.5796763411e-04  8.9479233673e-04 -1.1426858591e-03 -7.5018484978e-04  1.7308102621e-04 -3.7200726027e-05  7.4054302689e-05  5.0265949906e-05 -5.3771482966e-05  1.5351007350e-04 -4.4848918904e-04  1.4695762801e-03  6.1141680423e-04 -1.5496031604e-03  1.1986064748e-03  9.1702518624e-04  2.5323405742e-05 -4.1921649466e-06 -8.1689338994e-07  5.4667776636e-05 -1.9954501956e-05  1.0492384464e-04  1.2740189617e-03 -1.2008626444e-03 -8.8111701400e-04  4.5087278803e-06 -8.0403307643e-05  6.8028573254e-06 -3.1609200994e-05 -2.1406418950e-06 -2.1255212178e-05  2.7042888063e-05  4.1055221035e-05 -5.0909612642e-05  8.5112784873e-06  1.3120431104e-05  2.6404548951e-05  3.5191609406e-06  1.6423062585e-05 -1.8583582245e-05

JOB 23
COORDS  8.9709621001e-01 -2.1535890757e+00  4.7058600185e+00  1.6499752460e+00 -6.3762123203e-01  2.9254966287e+00  1.4301097909e+00 -5.5424125693e-02  1.6796418823e+00 -6.2921457274e-01 -1.3072278428e+00  1.5621880414e+00  6.9000054735e-01 -1.5363690934e+00  3.4135622962e+00  2.6695022224e-01 -3.9450839630e-01  9.7959824341e-01 -6.1792326380e-02  1.7040407468e-01 -3.5799686609e-01  1.1030924334e+00 -2.6272859684e+00  5.7490171822e+00 -4.3316452744e-01 -1.8730869797e+00  2.7533885035e+00 -1.0609808029e+00 -9.9710562524e-02 -9.9586971648e-01  8.8488776324e-01  1.0365113885e+00 -8.0614181759e-01  2.5343392245e+00 -4.1125255144e-01  3.5120618847e+00  2.1415253535e+00  6.4587844114e-01  1.2569114976e+00 -1.5369582844e+00 -1.5803745478e+00  1.0300214242e+00  5.7992905900e-01  1.3479334448e+00 -1.6802096680e+00
ENERGY -5.291868045663e+02
GRADIENT  8.4158686987e-06  2.8156762570e-05  1.5474743056e-05 -3.2038426114e-05 -1.2390549480e-05  3.3200983560e-06  4.0224305489e-05  1.6866689728e-05 -1.5697648020e-05  1.8985641705e-05 -5.5175321003e-06  3.5408207833e-05  3.6154287533e-06 -2.6961665600e-05 -1.9791882075e-05 -1.7471202734e-05  2.1325442616e-05  4.5024270968e-05 -8.4931675833e-06 -5.6371465626e-05  3.2000943784e-05  1.3401119106e-05 -4.2889012398e-06  1.5380032177e-06 -1.1364687622e-05 -8.8714146597e-06  1.6314376412e-06  1.0100411964e-05  2.5939016401e-05 -2.4067726943e-05 -4.3462183956e-05 -1.9193275240e-05 -1.3359167622e-05  1.9332719873e-06  3.4781480962e-06 -4.2792010820e-06 -2.4722536773e-06  6.1062478529e-07 -2.2572556408e-06  8.6894746484e-07 -1.4444962883e-05  1.4813752866e-05 -6.3044476782e-06  1.7275570632e-06 -9.9308015290e-06

