JOB 0
COORDS  1.4737296340e+00 -3.0899227125e-02  1.5716003010e+00 -5.7794528556e-01 -1.3050663030e+00  1.5122972074e+00  7.6025607028e-01 -1.4799647467e+00  3.3660105356e+00  3.0101249376e-01 -3.9602833552e-01  8.9323875310e-01  1.7052113921e+00 -5.7850381601e-01  2.8365125474e+00  3.8225030109e+00  6.5545815883e-01  3.3870050245e+00  5.9769770240e+00  1.5165640621e+00  4.1613892476e+00 -3.4921877747e-01 -1.8322238842e+00  2.7177754947e+00  5.3048681891e-02  7.5591780844e-02 -4.0022174045e-01  2.8454108174e+00 -3.0771870096e-01  3.6147114064e+00  4.8023700233e+00  6.7337178984e-01  4.3692857984e+00  3.8188274480e+00  1.4345408386e+00  2.4374030735e+00  2.1824239463e+00  6.6365248055e-01  1.1388431499e+00 -1.4946430954e+00 -1.6122081375e+00  1.0080773642e+00  9.1637727143e-01 -1.9251665798e+00  4.3500059435e+00  6.6300663061e+00  1.1400508271e+00  3.3640806165e+00  6.5391325145e+00  1.5695588156e+00  5.0969131060e+00  5.6492764936e+00  2.5198785740e+00  3.8879393877e+00 -9.0322331236e-01 -3.6867835675e-02 -7.1547570493e-01  4.1319573700e-01  1.0019596653e+00 -5.9636199985e-01  2.8484123570e+00 -7.5125034559e-01  4.5246491917e+00  4.9698560996e+00 -1.9808286817e-01  4.8573247954e+00
ENERGY -5.671199231176e+02
GRADIENT  7.8288429631e-04 -5.2827535221e-04 -6.6563913562e-04 -7.1718732187e-05  1.3028503891e-05 -1.5696472893e-04  1.3447061753e-04 -1.1967706685e-04  2.3193362526e-04 -6.4878462709e-04  8.0058262952e-04  7.2303442324e-04 -4.3850143994e-04 -1.6908306219e-04 -1.1410573772e-04  9.6589732243e-05  1.5655801442e-04  7.5841251466e-05 -2.2405390244e-05  1.5582677517e-06 -5.2079136075e-05  1.1946132881e-05  1.2757905558e-04  2.0994036325e-05 -1.0339281336e-04  1.1125680488e-03  4.7646405599e-04 -2.6655589729e-05 -2.7014736758e-05 -2.5598593550e-04 -4.0619278668e-05 -6.2391896467e-05  6.0030916166e-05  3.6074384162e-05 -3.8353000054e-07  3.6631587393e-05 -5.1845509117e-06  2.3883311067e-05 -2.7733928268e-05 -4.3776767174e-06 -5.1331195130e-05 -9.2415111646e-07 -7.1973769089e-06 -2.2889246804e-05  2.6877112653e-05 -1.3300796611e-06 -6.4221968999e-07  1.3954899573e-06 -1.2179672913e-05 -4.2759943128e-06  1.0025640089e-06 -4.2624897591e-06  3.2502686885e-06 -2.4176543666e-06  3.4414020323e-04 -1.1952440640e-03 -4.4002479049e-04 -5.7809143963e-06 -5.7073957645e-05  5.8036304150e-05 -3.4659524194e-05  1.1363878530e-06 -1.0223033522e-05  3.6893722524e-07 -1.5013252050e-05  9.5590943645e-06

JOB 1
COORDS  1.4702589738e+00 -2.5510697110e-02  1.5822023728e+00 -6.6712112995e-01 -1.1503508076e+00  1.5917255797e+00  6.3522008610e-01 -1.2643358509e+00  3.4762362790e+00  2.8610946712e-01 -3.6708955572e-01  9.1322345059e-01  1.6530144682e+00 -4.8714135404e-01  2.8896556609e+00  3.8726494109e+00  5.9425807677e-01  3.3490330028e+00  6.0975169933e+00  1.3152808002e+00  4.0665696088e+00 -4.9373928633e-01 -1.5825668064e+00  2.8429916954e+00  7.5232861252e-02  1.8409819117e-02 -4.1823736504e-01  2.8002300768e+00 -2.3300247521e-01  3.6627357855e+00  4.8429816539e+00  6.1885924562e-01  4.3403125057e+00  3.9543357074e+00  1.2632894140e+00  2.3218372568e+00  2.2291507464e+00  5.8604553548e-01  1.1106805670e+00 -1.5968069225e+00 -1.4329221020e+00  1.0976866575e+00  7.4744426648e-01 -1.6372997952e+00  4.4955888387e+00  6.7150366697e+00  7.9451705834e-01  3.3240044706e+00  6.6556819549e+00  1.4100992325e+00  5.0011714344e+00  5.8739732554e+00  2.3119114679e+00  3.6850165820e+00 -8.9936727365e-01  1.6645870559e-01 -6.5598684899e-01  6.3967941305e-01  8.0887911263e-01 -7.0989882495e-01  2.7570417140e+00 -5.8456113050e-01  4.6109817945e+00  4.9180997579e+00 -2.0686012598e-01  4.9217929635e+00
ENERGY -5.671199856782e+02
GRADIENT -3.7608020679e-04  6.2895586027e-04  2.4896015027e-04 -1.4747450719e-04 -4.4781901616e-05 -8.1030874209e-05  3.4482937787e-05  3.0815458636e-05 -5.9378010765e-05  5.4647389947e-04 -7.1513323242e-04 -2.8036070119e-04  1.0499870725e-04  3.3205776906e-05  8.4857483452e-06 -6.3973110575e-06  4.1266026708e-05 -1.7861876986e-04 -8.4366235487e-06  1.1438996495e-05 -1.2693344382e-05  1.7653050220e-05  2.6361566406e-05 -2.7201293253e-05 -3.0654087723e-04 -8.5168928022e-04 -1.0792438450e-04  1.8607941666e-04  3.6771242401e-05  2.5247489283e-04 -1.5747694302e-04 -1.3739165258e-04  6.1170088900e-05 -4.1751130390e-07  7.7156216841e-05 -1.0630106898e-04  2.2963012177e-06 -8.7713264685e-06  2.0449366215e-05 -1.3530723414e-05 -1.5508442480e-06 -1.6800641675e-05  7.4923745879e-06  4.2194080781e-06 -9.2375149637e-06 -6.1190469904e-06  2.1616540833e-06 -2.7541313334e-06 -8.3527604886e-06 -6.0999976038e-06  4.3827312699e-06 -8.9549565550e-07 -4.1556874062e-06 -1.5666823293e-07  8.8486710932e-05  9.1742295628e-04  2.4625885813e-04  9.1224569091e-06 -3.0099848718e-05 -6.7830064090e-06  9.1268039371e-06 -1.5422619184e-05  1.9627575586e-05 -6.9341521530e-06 -3.7906082084e-06  2.2343258507e-05

JOB 2
COORDS  1.4596070694e+00 -2.4836033478e-02  1.5840809935e+00 -6.6774651662e-01 -1.1664417519e+00  1.5899755490e+00  6.3287190549e-01 -1.2708266990e+00  3.4759724737e+00  2.8207617528e-01 -3.7917991136e-01  9.1225408300e-01  1.6485563902e+00 -4.9182335867e-01  2.8899964403e+00  3.8680191915e+00  5.9217824182e-01  3.3451988403e+00  6.0926926030e+00  1.3189901934e+00  4.0585819359e+00 -4.9628854891e-01 -1.5924740318e+00  2.8437517417e+00  5.2600950523e-02  1.4937724775e-02 -4.1984929110e-01  2.7942889590e+00 -2.3186748580e-01  3.6632636395e+00  4.8384203017e+00  6.2353053442e-01  4.3358222113e+00  3.9502275582e+00  1.2542359681e+00  2.3134670102e+00  2.2112210601e+00  5.9923640465e-01  1.1170837886e+00 -1.5919851569e+00 -1.4577798688e+00  1.0918623608e+00  7.4702326384e-01 -1.6446802533e+00  4.4948682796e+00  6.7116605152e+00  7.9306703928e-01  3.3209011597e+00  6.6494884778e+00  1.4214078932e+00  4.9931837140e+00  5.8687770812e+00  2.3124833178e+00  3.6691385996e+00 -8.8446347441e-01  3.7293244769e-01 -5.7557054027e-01  7.2991519368e-01  6.9793774725e-01 -7.4488220311e-01  2.7503554673e+00 -5.7819797287e-01  4.6134131882e+00  4.9126260409e+00 -1.9676772044e-01  4.9249816783e+00
ENERGY -5.671191060052e+02
GRADIENT -1.0046324374e-03  1.8013927152e-03  7.5800475053e-04  1.4897117312e-05  7.7199719221e-06  4.4676786980e-05  3.6237549625e-07 -1.0274004614e-05 -1.6779799838e-05  1.7011631658e-03 -2.0725826343e-03 -1.0423560024e-03  3.5694430153e-05  5.4993134732e-06  1.0442417197e-05  3.5502846072e-06 -6.1307597953e-05 -3.4257315602e-07  3.1169341150e-06  5.7985244617e-06  2.9605281582e-05 -1.4626302888e-05  5.0083739284e-06  1.5988461532e-06 -1.6358952457e-03 -2.2570920686e-03 -3.0279376376e-04 -8.9885280384e-06  2.3312840758e-05  4.5163018757e-06  2.5550977663e-05  1.4485612257e-05 -5.1879484933e-05 -1.1270168635e-05  1.0834125488e-05  1.7631920289e-05 -5.3391745748e-06 -7.6220988470e-06  1.1089576140e-06  3.6304653409e-06 -2.2867575805e-06 -2.0923518841e-06  3.1952009844e-06 -1.1061643915e-06 -3.3703654289e-06 -2.9328364350e-06  1.3871518676e-06 -1.8246168282e-06  1.5762883588e-06  2.2381570162e-06 -9.0384591557e-07 -1.6706882182e-06  7.5041956451e-07  6.2572647114e-07  8.9275622377e-04  2.5344542918e-03  5.7205030613e-04 -1.1697709279e-05 -3.3481601368e-05 -2.6975867208e-05  8.9745015249e-07  4.4757833635e-06  5.4275541285e-07 -8.5967026430e-06  1.3744933696e-05  9.0891528827e-06

JOB 3
COORDS  1.4495917967e+00 -2.3428655496e-02  1.5861281200e+00 -6.6904329132e-01 -1.1791951187e+00  1.5891213515e+00  6.3087812531e-01 -1.2768758059e+00  3.4752888564e+00  2.7653360184e-01 -3.8715331755e-01  9.1348287433e-01  1.6443424320e+00 -4.9489009814e-01  2.8907296574e+00  3.8631251245e+00  5.9160669891e-01  3.3430824657e+00  6.0873317067e+00  1.3224406867e+00  4.0497742716e+00 -4.9807430961e-01 -1.6029762637e+00  2.8444380049e+00  2.3865358815e-02  1.9832617317e-02 -4.1880589164e-01  2.7897417463e+00 -2.3219358054e-01  3.6635985662e+00  4.8344733186e+00  6.2647552084e-01  4.3323634840e+00  3.9439730776e+00  1.2505295648e+00  2.3092361713e+00  2.1949545454e+00  6.0992890219e-01  1.1215588903e+00 -1.5883051013e+00 -1.4767101706e+00  1.0866324727e+00  7.4762803907e-01 -1.6523036565e+00  4.4934856248e+00  6.7054132103e+00  7.9426122772e-01  3.3129944881e+00  6.6458620278e+00  1.4293022403e+00  4.9828217669e+00  5.8613293912e+00  2.3140696211e+00  3.6568133423e+00 -8.2302979245e-01  5.7638319210e-01 -4.9735663447e-01  7.9416622987e-01  5.7051261358e-01 -7.8857579766e-01  2.7465131184e+00 -5.7669132128e-01  4.6144723889e+00  4.9103604172e+00 -1.9163845012e-01  4.9243367015e+00
ENERGY -5.671175329708e+02
GRADIENT -1.4323937908e-03  2.5889347435e-03  1.0020774260e-03  4.5254622410e-05  4.5099536153e-05  4.7734819415e-05  1.2287643316e-06 -1.5331157322e-05  1.0144449827e-04  2.7659853055e-03 -3.1080498595e-03 -1.6045147129e-03 -9.8388651357e-05 -1.7024999612e-06 -1.3651564206e-05  1.1642113557e-04  6.3279702653e-05  8.1022138344e-05 -9.2730526277e-05  6.2189971065e-06 -9.6159977789e-05  5.2176245324e-06 -3.2064925021e-05 -2.2078295263e-05 -3.3765924559e-03 -2.6668875952e-03 -6.1569171051e-05 -9.7519880331e-05 -2.6311365916e-05 -1.4463463714e-04  8.0232620067e-05 -4.6257875906e-05  6.6019561524e-05  2.0547576492e-05 -3.2097072487e-05  6.3137511114e-05 -2.1865661611e-05  4.2043573200e-06 -7.7330350037e-06 -4.5511335243e-07  1.2580303209e-05  1.1797531047e-05  5.8496555616e-06 -7.5281984498e-06  1.0407027569e-05  3.6818485897e-06 -1.3946759074e-06 -1.9190940268e-07 -9.6687456826e-06  4.2348411437e-06 -5.0697272968e-06 -2.2627893713e-06  1.7513906664e-05 -7.7344197125e-06  2.1293841058e-03  3.2157377645e-03  5.7411525954e-04 -3.3677367391e-05 -6.2368163387e-05  7.4206258051e-06 -1.3794171511e-05  8.9562353449e-06 -1.7295792821e-05 -7.7117471257e-06  1.6036735197e-05  1.4136850349e-05

JOB 4
COORDS  1.4373262729e+00 -2.9341234785e-02  1.5891018884e+00 -6.7337827755e-01 -1.1979456485e+00  1.5932812278e+00  6.3093054029e-01 -1.2903597492e+00  3.4755760778e+00  2.6536996743e-01 -3.9996458689e-01  9.1916014448e-01  1.6407191359e+00 -5.0284938060e-01  2.8923931412e+00  3.8550818722e+00  5.9265432120e-01  3.3403140074e+00  6.0778104630e+00  1.3343195250e+00  4.0445680801e+00 -4.9828563115e-01 -1.6228644552e+00  2.8489291936e+00 -1.4303442639e-02  1.9885111675e-02 -4.1383027315e-01  2.7871129431e+00 -2.3755180988e-01  3.6631005736e+00  4.8288699797e+00  6.3100957817e-01  4.3268604454e+00  3.9285179183e+00  1.2535752430e+00  2.3072383852e+00  2.1767734842e+00  6.0996226151e-01  1.1232344869e+00 -1.5892082265e+00 -1.4996857235e+00  1.0881925236e+00  7.5237511130e-01 -1.6671654973e+00  4.4929263429e+00  6.6974319299e+00  8.1150614305e-01  3.3053023606e+00  6.6370763720e+00  1.4411499048e+00  4.9771572128e+00  5.8461277976e+00  2.3259716532e+00  3.6550238139e+00 -7.2070468808e-01  7.5282526630e-01 -4.2757004174e-01  8.2145802563e-01  4.1271690061e-01 -8.4200023755e-01  2.7481547895e+00 -5.8315947821e-01  4.6138004875e+00  4.9105645314e+00 -1.8831234513e-01  4.9164250238e+00
ENERGY -5.671155679928e+02
GRADIENT -1.7466228547e-03  2.7099593310e-03  1.2685761729e-03 -7.4069843158e-05 -3.2684177723e-05 -3.9313936468e-05 -5.3471420165e-05  8.4432822966e-05 -2.0773255124e-04  3.2891828290e-03 -3.4891255852e-03 -1.7283885983e-03  1.9588496665e-04  6.9944413130e-05  1.3159238113e-04 -3.6338672655e-05 -8.7377414699e-05  3.9360248141e-06  3.4141640318e-05 -7.7750243868e-06  3.7556604660e-05 -1.4715733084e-05 -5.4548218509e-05  1.1948520522e-05 -4.8148432583e-03 -2.3564230254e-03  1.6242790500e-04  6.0531102469e-05  1.1928879042e-05  3.2301194683e-05  9.3019460506e-06  9.1625667091e-05 -2.6298326475e-05 -7.4047424647e-06  7.8793726338e-06  1.4927034116e-05 -1.3813388917e-06 -1.2057896417e-05  2.7938533553e-05 -3.6856549367e-06  5.3145285659e-06 -5.5250023304e-06  1.6039172850e-06  1.4211038180e-05 -2.1302025001e-05 -3.7650345253e-06  1.2582097456e-06 -2.0898282341e-07  3.9081089264e-06  3.1642528085e-06  5.6212710128e-07 -3.3036866365e-06 -1.8208258752e-06  3.9139829331e-06  3.1131255027e-03  3.0242471195e-03  3.3366535178e-04  2.6341617580e-05  4.1730753117e-06  2.4642106951e-05  1.3200321706e-05  8.6295260918e-06  3.2651782611e-06  6.3731577955e-06 -9.7349637620e-06 -2.2655615031e-05

JOB 5
COORDS  1.4263315200e+00 -2.2761527343e-02  1.5926069081e+00 -6.8027679826e-01 -1.2000962238e+00  1.5983100709e+00  6.3312317990e-01 -1.3014952367e+00  3.4726263182e+00  2.5155687607e-01 -3.9447568258e-01  9.2844484070e-01  1.6370648248e+00 -5.0398077691e-01  2.8921891329e+00  3.8494671508e+00  5.9474860268e-01  3.3382985945e+00  6.0718102944e+00  1.3403002253e+00  4.0403333200e+00 -4.9735634872e-01 -1.6361483696e+00  2.8506174852e+00 -5.4206436499e-02  4.3317079819e-02 -4.0271012650e-01  2.7851612537e+00 -2.4049161037e-01  3.6609713506e+00  4.8261500629e+00  6.3079461060e-01  4.3216179576e+00  3.9168312136e+00  1.2606533558e+00  2.3080481319e+00  2.1611032568e+00  6.2113284930e-01  1.1256538207e+00 -1.5961685339e+00 -1.4982536489e+00  1.0921843121e+00  7.6155365991e-01 -1.6848996209e+00  4.4869237717e+00  6.6922393647e+00  8.2303568748e-01  3.2978782772e+00  6.6321770449e+00  1.4453505489e+00  4.9724489293e+00  5.8355219263e+00  2.3326564499e+00  3.6554014399e+00 -5.7338008616e-01  9.2003255097e-01 -3.7492073502e-01  8.1033423296e-01  2.4872463610e-01 -9.0144630954e-01  2.7510434450e+00 -5.9216386408e-01  4.6096570581e+00  4.9111311424e+00 -1.8977194759e-01  4.9089191560e+00
ENERGY -5.671135678764e+02
GRADIENT -1.1500818318e-03  2.9200233120e-03  9.2188375779e-04 -4.3660955383e-04 -1.3457936567e-04 -2.8952338251e-04  9.3221360768e-05  2.4809350190e-05 -8.3281960293e-06  3.2896699666e-03 -3.6078105062e-03 -1.1974513103e-03 -1.8432137833e-04 -4.9685052751e-05 -7.8044320439e-05 -4.5438228278e-05  1.7246486622e-05 -1.5787251927e-04  3.2720844277e-05  1.0452254246e-05  3.0821590957e-05  8.1387479382e-05  9.5061536882e-05 -7.1638119284e-05 -5.1009965430e-03 -1.3214904335e-03  8.2286066977e-04  6.8084234764e-05 -6.1696113820e-06  9.7033342475e-05 -9.6855141289e-05 -5.2147293649e-05  1.8595931976e-05 -2.5895555348e-05  2.8466129497e-05 -4.8897365626e-05  7.2357610460e-05  2.6223140969e-05 -5.9769114758e-06 -5.0020210372e-05 -3.2012899849e-05 -1.0154105834e-05 -1.2366608052e-05 -9.1767187338e-06  5.1344662515e-06 -6.5946446092e-06  3.9296715120e-06  1.8470835000e-07  3.3118021103e-07 -2.2327551933e-06  5.5792970298e-06 -1.2067133682e-06 -7.4385033221e-06  5.0161004032e-06  3.4192693468e-03  2.0721594223e-03 -6.8480354857e-05  6.0270526909e-05  2.2891249122e-05  2.4636416035e-05 -1.1149040616e-05 -5.7273352623e-06  1.7306215509e-05  3.5975315248e-06 -4.1056533695e-06 -5.4130213749e-06

JOB 6
COORDS  1.5210042170e+00 -7.6436606633e-02  1.5487260643e+00 -6.1111271347e-01 -1.2019844914e+00  1.5483482954e+00  6.9228404665e-01 -1.3411531581e+00  3.4258090342e+00  3.2529664325e-01 -3.8967836499e-01  8.8962790855e-01  1.7012409718e+00 -5.3855657766e-01  2.8567020682e+00  3.8565676478e+00  6.3249118381e-01  3.3771782447e+00  6.0357326364e+00  1.4481096354e+00  4.1324025878e+00 -4.2756787211e-01 -1.6745875064e+00  2.7869142266e+00  1.4957876364e-01  1.9536384032e-02 -4.6279978355e-01  2.8548712692e+00 -3.0272605355e-01  3.6259366793e+00  4.8404296238e+00  6.3810287835e-01  4.3549272050e+00  3.8665639601e+00  1.3946596257e+00  2.4153583482e+00  2.2816390510e+00  5.1757104241e-01  1.0597903980e+00 -1.5412737122e+00 -1.4810065004e+00  1.0521416578e+00  8.0913277891e-01 -1.7282694809e+00  4.4397945114e+00  6.6754802180e+00  1.0446949997e+00  3.3375379554e+00  6.6026407185e+00  1.4981563491e+00  5.0651851294e+00  5.7330065828e+00  2.4560417511e+00  3.8474097424e+00 -3.8118381469e-02  1.0182823098e+00 -5.2969737149e-01 -6.5426143034e-01 -4.5433370298e-01 -8.7022594076e-01  2.8381221504e+00 -7.1369591334e-01  4.5509972532e+00  4.9866286503e+00 -2.3090147848e-01  4.8540609746e+00
ENERGY -5.671156533121e+02
GRADIENT  1.4983961388e-03 -3.4075795932e-03 -1.1812558675e-03  3.8789645782e-05  2.2618217563e-05  1.8164420567e-05  2.6396100441e-05 -2.5701061430e-05  7.4272266666e-05 -3.5603427085e-03  4.7450124530e-03  1.7755976176e-03  3.1675744027e-05  2.8808336207e-05 -4.3551150040e-05 -4.2757932624e-05  1.0816240552e-04 -1.4783210424e-04  8.1401698204e-06  1.1442643853e-05  1.1970584558e-05  4.8170387095e-06  7.4439723553e-06 -9.8174709511e-06  6.8550173685e-03 -4.3270644698e-04 -9.6059146342e-04  1.5423364495e-04  5.6098137111e-06  2.3225318858e-04 -1.5508356151e-04 -1.7143937895e-04  1.1131237962e-05  9.6117658809e-07  7.2962877550e-05 -1.1066388680e-04 -1.8042010033e-05 -8.2336519086e-06 -6.2950140392e-07  8.4501500415e-06  6.7291275335e-06 -7.1638767407e-06  7.6977938150e-06 -1.4252788096e-07  4.2280300579e-06 -5.3507261288e-06  2.7310276355e-06 -4.6897902428e-07 -4.7460568557e-06 -1.0672503709e-05  5.7691937169e-06 -5.3436421470e-08 -8.5120985896e-06  3.0890822412e-06 -4.9061483040e-03 -9.0931621632e-04  3.2418667709e-04  3.9198747258e-05 -6.1094347649e-06 -4.6730205572e-05  1.1634526834e-05 -2.8939131495e-05  1.5803039761e-05 -5.7311551800e-06 -8.7946437100e-06  2.3877007346e-05

JOB 7
COORDS  1.5107802369e+00 -7.9151205266e-02  1.5510914590e+00 -6.1029510855e-01 -1.2292463886e+00  1.5453623877e+00  6.9560249974e-01 -1.3622862490e+00  3.4231022938e+00  3.1979670031e-01 -4.0689879529e-01  8.8782975452e-01  1.6956447663e+00 -5.4695832618e-01  2.8554098550e+00  3.8500988876e+00  6.3020191119e-01  3.3723471815e+00  6.0278608374e+00  1.4519159262e+00  4.1240127670e+00 -4.2137293456e-01 -1.7013720807e+00  2.7823791956e+00  1.3221457711e-01 -4.7336893523e-03 -4.5551265642e-01  2.8444064765e+00 -2.9775527703e-01  3.6278493684e+00  4.8297596480e+00  6.4838514730e-01  4.3543717808e+00  3.8679194840e+00  1.3792798370e+00  2.3998998974e+00  2.2660258953e+00  5.2978079625e-01  1.0716799681e+00 -1.5385704591e+00 -1.5146269303e+00  1.0491627406e+00  8.1622928590e-01 -1.7517012162e+00  4.4356078905e+00  6.6695234736e+00  1.0350804410e+00  3.3376313499e+00  6.5915867719e+00  1.5145652177e+00  5.0579716108e+00  5.7287834805e+00  2.4562509877e+00  3.8228918078e+00  1.7074353643e-01  1.0052818914e+00 -5.6748088447e-01 -7.6458770153e-01 -3.2394147387e-01 -8.1331443611e-01  2.8260407061e+00 -7.0323468202e-01  4.5552398134e+00  4.9717835421e+00 -2.1294251817e-01  4.8677641770e+00
ENERGY -5.671178180129e+02
GRADIENT  1.3081829919e-03 -2.7036975762e-03 -9.9405499991e-04 -1.5633976671e-04 -3.8379001272e-06 -9.5917179515e-05  3.7307091077e-05  6.7529706469e-06  4.2011892912e-05 -2.9515596783e-03  3.9633951386e-03  1.7336777688e-03 -4.4646791397e-06  1.1008477365e-05  2.1978132615e-05 -1.2022657829e-06  3.6694534899e-05  3.8227518286e-05 -2.6384802907e-05 -1.9465751739e-06 -1.5779830210e-05  5.5990846090e-05  3.6162315304e-05 -4.0022702295e-05  5.7242448982e-03 -1.5609873994e-03 -1.2314390494e-03 -2.6580310859e-05 -5.8953068226e-06 -3.5871074162e-05  4.4965222834e-05 -1.7425078889e-05  3.5305388732e-06  1.2542909821e-05 -2.9165312012e-05  2.3839515680e-05 -2.6814918788e-06  4.0712531394e-06  4.2367384705e-06 -1.6660389925e-05  1.0218923020e-05 -2.2412055712e-05  1.4325724429e-05  4.5613237146e-06  7.8391811579e-06  8.0766436764e-07  1.6576234418e-06  5.8320738436e-07  5.3647580530e-07  6.3204437512e-07 -5.9253134769e-07 -2.5321775234e-06  3.0459866415e-06  8.8137427808e-07 -4.0311283197e-03  2.3966999262e-04  5.9353948359e-04  3.4090330190e-06 -1.7385794500e-05 -3.2006601876e-05  5.0114110190e-06 -1.0243583865e-06 -8.7632389868e-06 -1.0701371614e-06  1.0610428034e-05  5.8409073477e-07

JOB 8
COORDS  1.4957022696e+00 -7.2789804504e-02  1.5563438477e+00 -6.0895332206e-01 -1.2557861604e+00  1.5429068636e+00  7.0022507250e-01 -1.3826396718e+00  3.4198378327e+00  3.1247462633e-01 -4.1950262724e-01  8.8762650822e-01  1.6890946928e+00 -5.5205113092e-01  2.8549823117e+00  3.8438578323e+00  6.2975863020e-01  3.3661203504e+00  6.0223329328e+00  1.4519558261e+00  4.1160142143e+00 -4.1456639010e-01 -1.7277701812e+00  2.7779206042e+00  1.0840310439e-01 -1.4634940279e-02 -4.4410927308e-01  2.8324683757e+00 -2.8824730516e-01  3.6305947651e+00  4.8191808230e+00  6.5789977622e-01  4.3523159017e+00  3.8706610865e+00  1.3650699105e+00  2.3828810253e+00  2.2406557793e+00  5.5799248685e-01  1.0886311637e+00 -1.5334418080e+00 -1.5506582377e+00  1.0454084467e+00  8.2640190938e-01 -1.7771152432e+00  4.4295368651e+00  6.6657873993e+00  1.0204384838e+00  3.3390453426e+00  6.5818431734e+00  1.5255577163e+00  5.0517145161e+00  5.7298215987e+00  2.4532428228e+00  3.7987038785e+00  3.5444678693e-01  9.5593867095e-01 -6.1233489009e-01 -8.4166851766e-01 -1.8175007407e-01 -7.6118174373e-01  2.8132360515e+00 -6.8836769234e-01  4.5602458331e+00  4.9541721611e+00 -1.9572041037e-01  4.8802463089e+00
ENERGY -5.671193667961e+02
GRADIENT  9.3930365121e-04 -1.5490927502e-03 -6.8866660886e-04 -9.2067471562e-05 -2.3038592669e-05 -3.6971185201e-05 -4.2536330166e-06  1.7252862438e-05 -2.3247521578e-05 -1.8669264723e-03  2.5602309103e-03  1.1556931202e-03 -7.0678669251e-05 -1.2177919468e-05 -1.2194102531e-05  9.4487803345e-06  2.2286547620e-05  7.0121728232e-06 -1.7258849964e-05  2.5521665247e-06 -3.4965293662e-06  1.4669674134e-05  1.2568841796e-05 -1.2523084445e-05  3.3726413127e-03 -1.6459330700e-03 -8.8625980364e-04 -4.1416862477e-06 -7.0290272503e-06 -2.4188427263e-05  1.2635122024e-05 -2.0544651645e-05 -7.5484409471e-06 -3.3436093981e-06 -2.4055433974e-06  5.3648848567e-06  1.0298066257e-05  1.0556528102e-05 -3.6094548325e-06 -1.2331557183e-05 -8.0896090847e-06 -2.2941483100e-07 -8.0399720374e-06 -2.6852538889e-06 -1.8325034844e-06 -1.4776449577e-06  5.4966152368e-07 -9.8566696175e-07 -1.2282230569e-06 -1.5097227566e-06 -4.7227981135e-07 -8.4678143992e-07  2.1260332318e-06  8.0612767057e-07 -2.3164042586e-03  6.6497128080e-04  5.4517936979e-04  2.5021003947e-05 -3.1084127014e-05 -2.1049412998e-05 -5.1996709435e-07 -8.5672151678e-06 -6.8065156870e-06 -4.2968887940e-06  5.7173458336e-06  8.4219622274e-06

JOB 9
COORDS  1.4685862506e+00 -5.9168158804e-02  1.5669921801e+00 -6.0598641712e-01 -1.2945890905e+00  1.5352816929e+00  7.0301425863e-01 -1.4089149979e+00  3.4141847088e+00  3.0043356354e-01 -4.3447537295e-01  8.8708112782e-01  1.6751112329e+00 -5.5358342113e-01  2.8582574834e+00  3.8315150804e+00  6.3148002711e-01  3.3610773306e+00  6.0153671166e+00  1.4465176964e+00  4.1028599218e+00 -4.0582907457e-01 -1.7672839548e+00  2.7680846484e+00  7.6797600599e-02 -1.7274496322e-02 -4.3202046793e-01  2.8075740957e+00 -2.6630558411e-01  3.6413181402e+00  4.8030678331e+00  6.7014811235e-01  4.3509095450e+00  3.8719933479e+00  1.3454365601e+00  2.3622030847e+00  2.1960833541e+00  6.0283040549e-01  1.1147515785e+00 -1.5213546115e+00 -1.6071265725e+00  1.0322254729e+00  8.3657600397e-01 -1.8118361496e+00  4.4194661082e+00  6.6559333563e+00  9.9375984016e-01  3.3356621182e+00  6.5734153946e+00  1.5313381177e+00  5.0384895415e+00  5.7346582765e+00  2.4449274254e+00  3.7663501502e+00  4.9712311395e-01  8.7633834258e-01 -6.6210402398e-01 -8.9708419769e-01 -4.3516775343e-02 -7.1317888095e-01  2.7876092582e+00 -6.5960600691e-01  4.5737779738e+00  4.9275996809e+00 -1.7373951435e-01  4.8967345857e+00
ENERGY -5.671200636613e+02
GRADIENT -9.8725296214e-06 -4.1073552209e-04 -2.3663879263e-05  1.0501604943e-04  1.3669427510e-05  8.4064899524e-05 -1.0138813929e-04  2.3147248887e-05 -2.5876217316e-04 -4.0170001656e-04  5.7028256238e-04  1.3221384327e-04  2.6635588041e-04  3.5191925765e-05  7.5568472082e-05 -3.8408760756e-06 -4.2138548956e-05 -2.3319739893e-05  3.7052637288e-07 -1.0658514146e-07 -7.6588723892e-06 -7.9329956337e-05 -5.0959994644e-05  8.3069196652e-05  5.9973711667e-04 -4.3497760751e-04 -3.3397519380e-04 -1.2867385382e-05  9.8298875007e-05  1.2363383021e-04 -3.0432936861e-06 -9.6545708368e-06  9.9572337665e-06 -2.4302134914e-06 -1.2663266460e-06 -2.1631398875e-05 -2.5309327296e-06 -2.0393137292e-05  1.7677806192e-05  1.6961890911e-05 -4.3980013959e-06  1.3377017456e-05 -4.7910939516e-06  1.3788547038e-06 -2.9809435049e-05 -2.5899252996e-06  3.9470387034e-06 -1.6020971370e-06 -3.3137556541e-07 -2.1829144157e-06 -4.8327820341e-07 -2.1205797638e-06  1.6861634904e-06  2.4824551355e-06 -4.1464928091e-04  2.2319451261e-04  1.5257109135e-04  4.6585495771e-06 -6.9572999458e-07  6.7317364820e-06  2.0330298075e-05 -3.5607640525e-06 -4.5482555522e-06  4.7326244609e-06  4.3298379824e-06 -3.0743553756e-06

JOB 10
COORDS  1.4601171484e+00 -5.3679741339e-02  1.5726276453e+00 -6.0470725873e-01 -1.3054865436e+00  1.5386828511e+00  7.0950556706e-01 -1.4196291176e+00  3.4149990858e+00  2.9771839868e-01 -4.4024665669e-01  8.8935401182e-01  1.6764682332e+00 -5.6017471755e-01  2.8582006710e+00  3.8319590387e+00  6.2924368806e-01  3.3579082960e+00  6.0126542484e+00  1.4502881354e+00  4.1002899102e+00 -4.0185110289e-01 -1.7765637138e+00  2.7709639586e+00  5.2181911132e-02 -6.7149280403e-03 -4.1679112430e-01  2.8099329498e+00 -2.7006298423e-01  3.6391301944e+00  4.8012251859e+00  6.7313833283e-01  4.3497849963e+00  3.8734973853e+00  1.3400230318e+00  2.3566032438e+00  2.1771139408e+00  6.2511778495e-01  1.1283572484e+00 -1.5176452977e+00 -1.6227415221e+00  1.0347404183e+00  8.4844901602e-01 -1.8277277371e+00  4.4174369260e+00  6.6559864592e+00  9.9442533315e-01  3.3372232751e+00  6.5683002480e+00  1.5414412285e+00  5.0367601223e+00  5.7308887635e+00  2.4462473040e+00  3.7574722377e+00  6.2686550312e-01  7.6728791713e-01 -7.2716879680e-01 -9.2349789302e-01  1.1115409453e-01 -6.6042622597e-01  2.7895179679e+00 -6.5972181201e-01  4.5731398075e+00  4.9256635228e+00 -1.6799640400e-01  4.8998639268e+00
ENERGY -5.671197789778e+02
GRADIENT -6.9989468850e-04  1.0001722762e-03  5.3406472379e-04  2.2635869996e-04  7.0660230335e-05  1.9925481765e-04  5.3113231584e-06 -4.1910335190e-05  1.5903059414e-04  1.2636665350e-03 -1.9019107701e-03 -1.3026586459e-03 -6.7334943244e-05  4.5873984354e-06 -4.1168919238e-05  8.6506187357e-05  1.4487281372e-04 -8.2867881327e-05 -7.4273740156e-05  1.1676721140e-05 -1.0074797705e-04 -2.6342271766e-05 -5.3407013111e-05 -1.5845214089e-05 -1.9047764685e-03  2.1135286928e-03  1.0622370363e-03  6.3236408019e-05 -2.6475260005e-05  4.0064927294e-05 -8.7326132514e-05 -1.7453063371e-04  1.3683018247e-04  1.5347949452e-05  3.9303390029e-05 -4.3125681351e-05 -3.4699238805e-05 -7.5832027397e-06 -7.6757120223e-06  1.9251055150e-05  1.4013959048e-05  1.1460422698e-05 -1.3445271613e-06 -2.2534097653e-06  1.5061035022e-05 -1.3427465719e-06  2.1518693826e-06 -3.5721399340e-06 -1.5407725208e-05 -6.7608377613e-06  1.0356158299e-06 -1.1927817273e-06  8.7214367211e-06 -3.8223356194e-06  1.1779614940e-03 -1.1724795204e-03 -6.0482625026e-04  4.2719485178e-05 -1.5115618314e-05  1.1291954828e-05 -5.2837480227e-06 -1.6072040720e-05  2.7536271249e-06 -9.4768057774e-06  1.2413370175e-06  2.9742407653e-05

JOB 11
COORDS  1.4439330954e+00 -3.8666185500e-02  1.5797865316e+00 -6.0147000785e-01 -1.3228111953e+00  1.5319836978e+00  7.1400429653e-01 -1.4330952858e+00  3.4075525071e+00  2.9208185928e-01 -4.4336658903e-01  8.8914908274e-01  1.6720547541e+00 -5.5968104832e-01  2.8581906113e+00  3.8285640137e+00  6.2958722448e-01  3.3546297164e+00  6.0110055393e+00  1.4489624094e+00  4.0960165414e+00 -3.9584123970e-01 -1.7954784313e+00  2.7632140451e+00  2.3566125097e-02  1.2847025824e-02 -4.0445045736e-01  2.8004793456e+00 -2.6007112762e-01  3.6430689487e+00  4.7949290538e+00  6.8028122218e-01  4.3491322353e+00  3.8772731849e+00  1.3285852625e+00  2.3452787872e+00  2.1459790289e+00  6.6187449346e-01  1.1456204627e+00 -1.5072379948e+00 -1.6501185471e+00  1.0223545967e+00  8.5941793976e-01 -1.8500158680e+00  4.4054800976e+00  6.6551734158e+00  9.8184867444e-01  3.3404995633e+00  6.5634155527e+00  1.5476799660e+00  5.0336394703e+00  5.7353039571e+00  2.4424491149e+00  3.7412969848e+00  7.0756753567e-01  6.4485077412e-01 -8.0009510252e-01 -9.3453228653e-01  2.6340739810e-01 -6.0969003698e-01  2.7772865284e+00 -6.4303045286e-01  4.5797748668e+00  4.9136347211e+00 -1.5524659328e-01  4.9089337931e+00
ENERGY -5.671184687182e+02
GRADIENT -1.6119161936e-03  2.3569086600e-03  1.1940799537e-03  7.6474789833e-05 -1.9517707950e-05  1.1803041926e-04 -3.2509412073e-05  1.8786824125e-06 -1.2139333869e-04  2.9620448652e-03 -4.5744681042e-03 -2.3516831860e-03  7.0328896996e-05  4.2706407410e-05  4.3552890041e-05 -4.8269926917e-07  1.3680164061e-05 -7.9994658690e-05 -6.2113261495e-06  3.1008552547e-06 -2.0565031061e-05 -6.5996392874e-05 -2.1808195481e-05  1.5984080884e-05 -3.4591799200e-03  5.3154990759e-03  2.5715567248e-03  1.0580698708e-04 -2.6098920195e-05  7.2611300764e-05 -5.3277447044e-05 -4.2566055522e-05  4.8495190172e-05  2.4279608898e-07  2.8238447225e-05 -2.5175831925e-05 -7.3768575968e-06 -1.1046669903e-05  8.1671472745e-06  1.2758288109e-05 -3.3409064644e-06  7.3364250486e-06 -6.5773222404e-06 -3.0268675450e-06 -1.5869212810e-05 -3.8441452199e-06  2.6463376146e-06 -2.6868590897e-06 -4.1266523592e-06 -2.0257877788e-06  7.2577231240e-07 -1.3641618756e-06  1.3999371996e-06  9.0827605004e-07  2.0163129985e-03 -3.1257899193e-03 -1.5059018417e-03 -7.5263389094e-07  2.7883393482e-05  1.9762233771e-05 -9.0385583791e-06  2.1117473656e-05  1.8931230997e-05 -3.7994239553e-06  2.2653284096e-06  8.3026140485e-06

JOB 12
COORDS  1.3876545234e+00  4.8018949758e-02  1.6208190168e+00 -6.4928508158e-01 -1.2494798311e+00  1.5590793276e+00  7.1239171958e-01 -1.4429744859e+00  3.3943832283e+00  2.1196045561e-01 -3.1695182359e-01  9.4812574297e-01  1.6408913460e+00 -5.2081045233e-01  2.8731022000e+00  3.8192437833e+00  6.3320266229e-01  3.3613039613e+00  6.0230192542e+00  1.4118912640e+00  4.0842578686e+00 -3.9962699313e-01 -1.7973402029e+00  2.7503641193e+00 -1.2126805344e-01  2.5808278738e-01 -2.8125301399e-01  2.7826781753e+00 -2.4685886912e-01  3.6475238412e+00  4.7994010387e+00  6.5751807556e-01  4.3428917091e+00  3.8644726050e+00  1.3468220513e+00  2.3619916256e+00  2.0843528588e+00  7.6005913177e-01  1.1966757930e+00 -1.5707674823e+00 -1.5519039203e+00  1.0616191967e+00  8.8504751119e-01 -1.9066703619e+00  4.3669580811e+00  6.6547411046e+00  9.4139257420e-01  3.3202818798e+00  6.5848335579e+00  1.4975010639e+00  5.0175865843e+00  5.7569508260e+00  2.4110217109e+00  3.7382114278e+00  6.3205041641e-01  7.5036074614e-01 -7.4554876505e-01 -6.5047479848e-01 -3.3179962532e-01 -9.1127769322e-01  2.7813662926e+00 -6.7130006189e-01  4.5663388141e+00  4.9103546915e+00 -1.8207699962e-01  4.8979967258e+00
ENERGY -5.671196486870e+02
GRADIENT  7.2259444043e-04 -8.7272615545e-04 -6.3555644347e-04  9.2498438964e-05  2.7510870492e-06  7.7092240550e-05 -2.9898855899e-05 -3.8886924625e-05  1.2349556751e-05 -1.1945294006e-03  1.9378416925e-03  1.1114097481e-03 -7.5405071886e-05 -8.0714842240e-05 -4.2247118247e-05  5.2333158588e-05 -7.2859718711e-05  1.2521564405e-04 -2.2694426903e-05 -6.3645238252e-06 -1.9965807808e-05 -1.8263587263e-05 -2.3417916653e-05  7.7462452926e-06  1.0355904550e-03 -2.4838056694e-03 -1.3832926724e-03 -1.9476966679e-04  7.0725614570e-05 -1.7322856684e-04  1.2914018812e-04  9.4218942950e-05 -1.0451998148e-05  1.2847192737e-05 -5.7553257978e-05  8.5062339069e-05 -2.3981713851e-06  3.6964467209e-06 -1.8327604214e-05  5.6047705771e-06 -3.9065803459e-06  1.7884223260e-05 -9.1927858505e-06 -8.4341759370e-06  1.7028556605e-06  3.9104225644e-06  1.8848619521e-06 -2.9439247660e-08  1.3828420310e-06  8.0348331970e-06 -5.5050805313e-06 -2.1672773438e-06  1.0404470333e-05 -3.4570106044e-06 -4.8239438474e-04  1.4675099406e-03  8.3832475816e-04 -2.2124960830e-05  2.4116013946e-05  4.3605712966e-05 -1.0891479987e-05  1.9132438654e-05 -2.0520323748e-05  6.7316861380e-06  5.8910594256e-06 -1.6706004817e-05

JOB 13
COORDS  1.3843219043e+00  6.5428089876e-02  1.6265852575e+00 -6.3955104000e-01 -1.2506797187e+00  1.5479883810e+00  7.1954675355e-01 -1.4480560245e+00  3.3843424704e+00  2.1754077525e-01 -3.1107927125e-01  9.4444840733e-01  1.6448800070e+00 -5.1785494587e-01  2.8701041477e+00  3.8224628410e+00  6.3432337450e-01  3.3625377004e+00  6.0255415658e+00  1.4073619692e+00  4.0950807342e+00 -3.9159273687e-01 -1.8009467982e+00  2.7392611921e+00 -1.2223269548e-01  2.9100116343e-01 -2.7393464425e-01  2.7825940943e+00 -2.4171098764e-01  3.6495757938e+00  4.7981592931e+00  6.5731629507e-01  4.3485546756e+00  3.8732987693e+00  1.3445747425e+00  2.3612225198e+00  2.0690616808e+00  7.9550496830e-01  1.2141091800e+00 -1.5566055363e+00 -1.5592977243e+00  1.0455129062e+00  8.9537254293e-01 -1.9196094222e+00  4.3525940001e+00  6.6597680638e+00  9.3352874997e-01  3.3352691408e+00  6.5826425958e+00  1.4928031152e+00  5.0312479924e+00  5.7644465918e+00  2.4066962975e+00  3.7458707569e+00  6.7173430453e-01  5.9873045852e-01 -8.2415244145e-01 -7.6961775646e-01 -2.4936743798e-01 -8.3679489803e-01  2.7779114335e+00 -6.6386725233e-01  4.5694394897e+00  4.9037936905e+00 -1.8174240100e-01  4.9055393025e+00
ENERGY -5.671199189774e+02
GRADIENT -2.5442952260e-04  2.3133219950e-04  2.6391168498e-04 -6.2248996783e-05 -6.6909173481e-05 -3.2041927597e-05  1.0240981007e-05  2.0256986185e-05 -8.0129331002e-05  2.4774156754e-04 -4.6320316963e-04 -3.8189251536e-04  1.3785720101e-04  5.4614105726e-05 -3.4643145860e-05 -6.8402064725e-05  6.6633581851e-05 -2.4067548323e-04  1.6912125921e-05  7.2948374420e-06  2.7530211047e-06 -9.7426406703e-06  3.7751836654e-05  5.6461829240e-06 -3.2689796763e-05  6.0791708714e-04  3.9659099420e-04  2.3896010985e-04  1.0920944831e-05  3.3755197816e-04 -1.8281169284e-04 -1.3575697565e-04  6.9124458519e-05 -1.6069336786e-05  7.7994794511e-05 -1.3340858136e-04  7.7945603884e-06 -1.1070152302e-05  1.4416388015e-05 -5.3748354788e-07 -8.3953836565e-06 -1.9615230507e-05  7.6816202398e-06  6.6932981434e-06 -1.4093006964e-05 -5.5809746575e-06  4.1816428318e-06 -2.5443401290e-06 -6.7625518112e-06 -6.3803326279e-06  5.9641752501e-06  1.5806804028e-08 -7.0616719782e-06  3.5290456693e-07  3.9473293709e-06 -4.2946971884e-04 -2.3352981244e-04 -3.7731665649e-05  3.2728150813e-05  1.9711276986e-05  1.0546233964e-05 -1.1997047395e-05  3.1314013645e-05  1.0673965037e-06 -1.7723224463e-05  1.4070572440e-05

JOB 14
COORDS  1.3841104822e+00  8.1014479817e-02  1.6312385278e+00 -6.2932621321e-01 -1.2466202697e+00  1.5339934221e+00  7.2399503658e-01 -1.4517975599e+00  3.3728117195e+00  2.2636784978e-01 -3.0318161674e-01  9.3802572787e-01  1.6490258389e+00 -5.1566627509e-01  2.8672384850e+00  3.8265294869e+00  6.3270583917e-01  3.3710481313e+00  6.0285020941e+00  1.4034798209e+00  4.1062297845e+00 -3.8623793130e-01 -1.8010567718e+00  2.7255840305e+00 -1.1379557677e-01  3.2386633074e-01 -2.7422840099e-01  2.7816227423e+00 -2.3931596429e-01  3.6538473317e+00  4.8000198583e+00  6.5501891546e-01  4.3593337994e+00  3.8826444690e+00  1.3414616048e+00  2.3693140171e+00  2.0581585391e+00  8.2674886957e-01  1.2299526494e+00 -1.5430357235e+00 -1.5571337026e+00  1.0262151546e+00  9.0010910572e-01 -1.9304398921e+00  4.3376623026e+00  6.6631036147e+00  9.2791684906e-01  3.3478312524e+00  6.5845812675e+00  1.4897410272e+00  5.0429216000e+00  5.7687729101e+00  2.4025550853e+00  3.7552351260e+00  6.7196582476e-01  4.3301070098e-01 -9.0771237377e-01 -8.7490411945e-01 -1.4434845226e-01 -7.5639541714e-01  2.7713070029e+00 -6.6064075962e-01  4.5740244327e+00  4.9040788904e+00 -1.8404681866e-01  4.9166217612e+00
ENERGY -5.671192080368e+02
GRADIENT -1.3010002578e-03  1.0035093784e-03  1.2183555512e-03  1.3033389094e-05 -7.6404357145e-06 -8.0336359594e-06 -1.7273857687e-05  3.0054891421e-05 -7.7596774742e-05  1.3093262981e-03 -2.4363373307e-03 -2.0501762768e-03  2.8653787615e-04  7.5143407770e-05  1.4456504450e-04  2.1465864919e-05 -9.8880882845e-05  1.9288395532e-04 -4.4855509692e-05 -1.1427839172e-05 -4.6671245670e-05  7.4225795152e-06 -1.1718831327e-06  2.1683607111e-05  1.7037773921e-04  3.4420785833e-03  1.7509109627e-03 -1.3965217563e-04  3.0550246864e-06 -1.5149940463e-04  2.1425546842e-04  1.5895286832e-04 -2.7214697106e-06  1.7205291793e-05 -7.6102353891e-05  1.2133289030e-04 -2.5843238829e-05 -2.9331082080e-05  1.7941856430e-05  1.2406508205e-05  2.0769198653e-05 -2.9866036436e-05  3.0723671383e-05  2.2335475423e-05 -5.6931623631e-06  8.4201403596e-06 -9.5422811702e-08  1.5517457077e-07 -1.8888843946e-06  1.1134855451e-05 -8.8003530279e-06 -2.5618870457e-06  1.9066219618e-05 -6.2062734153e-06 -5.3653398127e-04 -2.2210456696e-03 -1.0451819805e-03 -2.4398135656e-05  5.4462002873e-05 -1.6046199200e-05  7.5210520393e-06  4.2321833936e-05 -1.2858616552e-05  7.1629166145e-06  2.0813253004e-07 -1.9661107017e-05

JOB 15
COORDS  1.3879268168e+00  9.3128045153e-02  1.6311089376e+00 -6.2010551566e-01 -1.2420269604e+00  1.5233385014e+00  7.3027001215e-01 -1.4529143086e+00  3.3617656629e+00  2.3630908003e-01 -2.9811920263e-01  9.3262618039e-01  1.6555805851e+00 -5.1352841059e-01  2.8619932190e+00  3.8310929400e+00  6.3389372511e-01  3.3748228937e+00  6.0307442382e+00  1.4000076789e+00  4.1237135332e+00 -3.8088033698e-01 -1.7993352902e+00  2.7155490459e+00 -1.0013984149e-01  3.4672590400e-01 -2.8030444835e-01  2.7841275276e+00 -2.3740742394e-01  3.6541539263e+00  4.8002368208e+00  6.5166273205e-01  4.3673074438e+00  3.8910220395e+00  1.3441959576e+00  2.3747593013e+00  2.0524034323e+00  8.5006417535e-01  1.2355503314e+00 -1.5325311843e+00 -1.5518116213e+00  1.0126095535e+00  9.0672161155e-01 -1.9356705633e+00  4.3246800245e+00  6.6691931613e+00  9.2643568792e-01  3.3673342772e+00  6.5815589365e+00  1.4827107837e+00  5.0638335585e+00  5.7737446550e+00  2.4004023827e+00  3.7745008625e+00  6.2360855098e-01  2.4910533132e-01 -9.8776462459e-01 -9.6595731980e-01 -2.1599740407e-02 -6.6593422298e-01  2.7702703769e+00 -6.5875925492e-01  4.5742891482e+00  4.9004327233e+00 -1.8910458660e-01  4.9227104400e+00
ENERGY -5.671176472374e+02
GRADIENT -1.6572803668e-03  2.2121219751e-03  1.5830634686e-03 -1.8895654950e-04 -7.5432668673e-05 -1.3744912780e-04  3.4742334609e-05  3.5965350039e-05 -3.1986183379e-05  2.0805887083e-03 -4.1545507210e-03 -2.6212867383e-03  8.9736568623e-06  2.1138977266e-06 -5.5256046350e-06 -8.3125618562e-06 -1.5030423234e-06 -7.0511573130e-05  2.9987744220e-06  6.7593705386e-06  1.0187925446e-05  3.3912870388e-05  5.0614323716e-05 -2.1224529840e-05  1.4981464199e-03  5.3113046328e-03  2.5819613735e-03  8.4035510498e-05  6.4329736248e-06  8.4801744486e-05 -4.7561212220e-05 -3.7471058944e-05  7.0358294008e-06 -7.5382511725e-06  3.5376302846e-05 -3.0872677812e-05  1.4654522163e-05  7.1881676194e-07  7.4310465783e-06 -1.8280678237e-05 -8.5033126733e-06 -1.9509126632e-05  5.3675444144e-06  3.3283215725e-06 -2.6155208877e-06 -2.1420698051e-06  2.5513897471e-06 -1.5901584648e-06 -6.8419417240e-07  6.0657655879e-07  1.3697132633e-06  1.1160022082e-06 -8.0108337232e-07 -6.6211292279e-07 -1.7981148809e-03 -3.4375330824e-03 -1.3635888394e-03 -1.6868475864e-05  4.3441527722e-05  2.3789727070e-06  8.3328406358e-07  3.3671153408e-06  8.9062954540e-06 -2.3632827823e-06  1.4509562951e-06  7.1921385710e-06

JOB 16
COORDS  1.3976736856e+00  9.5819576961e-02  1.6273069173e+00 -6.1163420682e-01 -1.2338293419e+00  1.5114697492e+00  7.3346724667e-01 -1.4518126467e+00  3.3521877815e+00  2.5034954287e-01 -2.9491054848e-01  9.2395720807e-01  1.6636624408e+00 -5.1488613061e-01  2.8576710600e+00  3.8356267645e+00  6.3314725216e-01  3.3835869221e+00  6.0314646810e+00  1.3982909123e+00  4.1417708676e+00 -3.7884722836e-01 -1.7932122995e+00  2.7051014303e+00 -7.2405976551e-02  3.6122962425e-01 -2.9729637473e-01  2.7892656775e+00 -2.4221706607e-01  3.6549244821e+00  4.8022952135e+00  6.4535840832e-01  4.3787546536e+00  3.8961449967e+00  1.3499831854e+00  2.3887344690e+00  2.0585027528e+00  8.5609262853e-01  1.2328738388e+00 -1.5244857465e+00 -1.5384975333e+00  9.9851565969e-01  9.0580747945e-01 -1.9360426329e+00  4.3153153220e+00  6.6712360809e+00  9.3213817336e-01  3.3819455897e+00  6.5814940541e+00  1.4746685687e+00  5.0828704682e+00  5.7724495737e+00  2.4008611527e+00  3.8003823962e+00  5.3453647820e-01  5.8480646754e-02 -1.0567436350e+00 -1.0237378336e+00  1.3099032612e-01 -5.7741099671e-01  2.7720798554e+00 -6.6583117635e-01  4.5739943701e+00  4.9048989402e+00 -2.0109869022e-01  4.9251177085e+00
ENERGY -5.671154699186e+02
GRADIENT -2.2212871074e-03  2.6235123714e-03  1.9141306831e-03 -2.8049810500e-04  1.6295856203e-05 -2.7752855780e-04  1.3833480650e-04  3.7699767251e-06  1.6168051070e-04  2.3499897818e-03 -4.9168739054e-03 -3.2688612374e-03  2.7869722501e-05  2.1116010076e-05  5.1889171416e-06  1.8059875015e-05  6.3209866175e-05 -8.0775142501e-05 -3.0892421558e-05  2.2863502874e-06 -5.4989590490e-05  8.2649623826e-05  1.1545931655e-04 -7.0522697540e-05  3.0957797463e-03  5.7994023636e-03  2.5025967553e-03  9.5028459761e-05 -1.6277757437e-05  1.1419310454e-04 -6.6960734806e-05 -5.5973185159e-05  9.2469290829e-05  2.8751158644e-05  3.9652563884e-05 -2.5149015162e-05 -7.8241500313e-06 -2.7550397404e-05  1.4288405306e-05  8.4124108771e-07  9.5546196602e-06 -4.4299090310e-05  3.2931847601e-05  1.3369759142e-05  2.0820810461e-05  1.3395086376e-07  1.5756989796e-06 -2.1062980022e-06 -1.2610575840e-05 -8.5469960762e-07 -4.1152036741e-07 -4.1158949976e-07  8.2408250490e-06 -4.4523608998e-06 -3.3293817528e-03 -3.6789357500e-03 -1.0312763169e-03  8.3620355834e-05  1.4194172416e-05  8.8214492919e-06  1.0284652424e-05 -1.4233526442e-05  6.8978311801e-07  1.9296438174e-06 -2.1426429178e-05  8.1362439875e-06

JOB 17
COORDS  1.4116785401e+00  9.1563559811e-02  1.6181767460e+00 -5.9395892772e-01 -1.2410584607e+00  1.4969735538e+00  7.4392236070e-01 -1.4544166156e+00  3.3417399648e+00  2.6879994986e-01 -3.0185624532e-01  9.1265472820e-01  1.6743374332e+00 -5.1604746774e-01  2.8525356354e+00  3.8398683140e+00  6.3941712118e-01  3.3878128820e+00  6.0312771354e+00  1.4105795083e+00  4.1537415339e+00 -3.6586910952e-01 -1.8006376636e+00  2.6919882443e+00 -3.4662744532e-02  3.5133994643e-01 -3.2692691588e-01  2.7947459192e+00 -2.3946063599e-01  3.6552538524e+00  4.8045438612e+00  6.5174258486e-01  4.3846999995e+00  3.8995757253e+00  1.3585124391e+00  2.3949721905e+00  2.0700681913e+00  8.5153738296e-01  1.2196960508e+00 -1.5046551877e+00 -1.5465014571e+00  9.8090589799e-01  9.1293320759e-01 -1.9369929713e+00  4.3064392033e+00  6.6747442016e+00  9.4980869517e-01  3.3938035731e+00  6.5786105475e+00  1.4856448427e+00  5.0965145245e+00  5.7690490664e+00  2.4133351616e+00  3.8153699854e+00  4.0348369861e-01 -1.3681196634e-01 -1.1074518147e+00 -1.0379008644e+00  2.9964306306e-01 -4.9847728319e-01  2.7757160422e+00 -6.6353973939e-01  4.5740920086e+00  4.9087290333e+00 -1.9561081781e-01  4.9293009797e+00
ENERGY -5.671130940370e+02
GRADIENT -2.0649224966e-03  2.5628914759e-03  1.8915775213e-03 -4.5775000381e-05 -2.8979763208e-06 -5.6803619858e-05  6.1023596656e-05 -2.7127288904e-05  6.2328281220e-05  1.9867071346e-03 -4.4928892795e-03 -2.8765249738e-03  1.0157023374e-05 -1.3247324167e-05 -2.1237724007e-05  6.4088500174e-06 -1.8399741063e-05 -3.1336670949e-06  5.3560051614e-08  4.6809528559e-06  3.3465198469e-06  2.1836977878e-05  3.9872128461e-05 -1.3350119135e-05  4.0049832357e-03  4.7320615795e-03  1.4704048679e-03 -1.5564467052e-05  2.9648354842e-05  3.6148715549e-05 -2.2140433027e-06 -1.1102493477e-05 -1.9107091098e-05  2.1751034690e-06  6.7023678799e-06 -8.6093276665e-06 -6.8933717306e-07 -5.9071372458e-06 -4.1361939958e-08 -2.3460853533e-06  5.0012394248e-07 -1.4143609086e-05  1.3483904707e-05  1.4836591843e-06  6.7291319060e-06 -3.3780656131e-07  2.8011576679e-06 -5.8122583301e-07  1.1561900530e-06  1.9686895427e-06 -7.5178947667e-07 -7.9773897920e-07  1.8623912710e-06  4.0847034315e-07 -3.9588434158e-03 -2.7942776579e-03 -4.8185961579e-04 -3.6591976008e-06 -2.4961354110e-05  1.1313860950e-05  1.1266942318e-06  9.8237480572e-07  1.4696944619e-06 -3.2764706492e-06  9.4729567532e-06  7.4472767953e-06

JOB 18
COORDS  1.4412862473e+00  7.9245202977e-02  1.6000697855e+00 -5.9739486869e-01 -1.2032628719e+00  1.4976238753e+00  7.3829678585e-01 -1.4299068462e+00  3.3411878480e+00  2.8479982813e-01 -2.8728069986e-01  9.0637153450e-01  1.6892539486e+00 -5.1786661952e-01  2.8444763173e+00  3.8499610635e+00  6.3870729903e-01  3.3947990503e+00  6.0335881201e+00  1.4179645173e+00  4.1732460351e+00 -3.7915235711e-01 -1.7613547223e+00  2.6953454014e+00  1.4142916796e-02  3.4887784460e-01 -3.5903101024e-01  2.8211616518e+00 -2.6694689372e-01  3.6393854852e+00  4.8189129112e+00  6.3487201463e-01  4.3880365928e+00  3.8924431866e+00  1.3890745805e+00  2.4250668834e+00  2.1187405953e+00  8.1235717608e-01  1.1840704423e+00 -1.5151362261e+00 -1.4917214986e+00  9.8469427613e-01  8.9673995218e-01 -1.9064655704e+00  4.3107838312e+00  6.6780357249e+00  9.9042745913e-01  3.3949706359e+00  6.5861315285e+00  1.4710620157e+00  5.1144546885e+00  5.7550579070e+00  2.4270297967e+00  3.8683928170e+00  2.1305613776e-01 -2.9623082922e-01 -1.1234698966e+00 -9.8275030738e-01  5.5158620659e-01 -4.2485113560e-01  2.8021122006e+00 -6.9906709035e-01  4.5546034621e+00  4.9413258338e+00 -2.3094390260e-01  4.8989972513e+00
ENERGY -5.671111232868e+02
GRADIENT -1.2384680481e-03  1.8731522865e-03  1.1531150360e-03  2.3068217094e-05  1.6795895037e-05 -1.1590401329e-05 -8.9171406872e-07 -3.3188653650e-05  4.3677785553e-05  1.1388417802e-03 -2.9310529651e-03 -1.6599779769e-03 -8.6207317171e-05  1.5835266200e-05 -3.1550224335e-05  4.3905126914e-05 -8.1854517368e-05 -8.4802994961e-05  2.2759697134e-05 -1.1838189387e-05 -1.1202101370e-05  2.9126789254e-06 -7.5077243755e-06  7.6290650925e-06  3.1875273980e-03  2.1677474819e-03  3.9714432481e-04  3.2920791346e-05 -4.9123368740e-05 -4.4881018162e-05 -4.9980468525e-05  9.4214515885e-05  9.0030593634e-05 -2.6437924982e-05  2.0258640805e-05  2.6407821586e-05  5.3295912918e-06 -1.5172055721e-06 -9.8553835273e-06  5.9754248057e-06 -5.7652022438e-06  3.9067927703e-06 -3.6409355250e-06 -3.1051515108e-06  7.3632481079e-06 -4.8740958023e-06 -2.2989307124e-06 -1.0732795311e-06 -3.4941131920e-06  3.9702150731e-06  1.9430683825e-06  1.2196511496e-06  8.2821296570e-07  3.2482837896e-07 -3.0358467437e-03 -1.0791275311e-03  1.1997905660e-04  2.5282908458e-06 -2.8095494887e-06  7.4202458539e-06 -2.3592909394e-05  2.3487424094e-05  1.6612846510e-05  7.1522907895e-06 -1.9672678725e-05 -2.3275355533e-05

JOB 19
COORDS  1.4590052364e+00  3.7670750645e-02  1.5810107297e+00 -5.9377790685e-01 -1.2236756524e+00  1.4919419272e+00  7.3061887209e-01 -1.4311097343e+00  3.3452874721e+00  2.9601011478e-01 -3.1865243442e-01  8.9506192132e-01  1.6905211529e+00 -5.3332406490e-01  2.8417264331e+00  3.8357751457e+00  6.4438465385e-01  3.4032427996e+00  6.0144048083e+00  1.4366114130e+00  4.1874216920e+00 -3.8284473196e-01 -1.7710085935e+00  2.6958465797e+00  5.9315291177e-02  2.7175855201e-01 -4.0205239653e-01  2.8249131728e+00 -2.8537273102e-01  3.6336828040e+00  4.8152325646e+00  6.2580397406e-01  4.3855370517e+00  3.8542330406e+00  1.4235625590e+00  2.4558865276e+00  2.1527801016e+00  7.4376840724e-01  1.1457774642e+00 -1.5096732515e+00 -1.5137003996e+00  9.7689376264e-01  8.7942168762e-01 -1.8928169949e+00  4.3236110234e+00  6.6591926209e+00  1.0465066372e+00  3.3900314989e+00  6.5741434152e+00  1.4677426577e+00  5.1253514748e+00  5.7161710441e+00  2.4503434726e+00  3.9188255018e+00 -3.4001791876e-03 -4.5875932136e-01 -1.1096125184e+00 -8.3769896519e-01  7.5500836485e-01 -4.0378283707e-01  2.8189333245e+00 -7.3740129137e-01  4.5394304864e+00  4.9560097918e+00 -2.5289703270e-01  4.8689418340e+00
ENERGY -5.671102515895e+02
GRADIENT  3.4782164049e-05  3.1472295824e-04 -3.5822725552e-05 -8.3337093115e-05 -2.7698289529e-05 -5.2429751830e-06 -2.3397208633e-05  1.3911567678e-05 -4.9582187720e-05  1.4446217031e-04 -3.0619666084e-04 -4.0292385743e-05 -3.0960219893e-05 -5.0971013176e-05 -9.6308069880e-05 -8.9821558750e-05 -1.2845590620e-04 -2.3859374327e-04  1.2583111632e-04  3.2336591789e-06  1.4468096453e-04  1.1625200939e-07  2.8069535292e-06 -1.1416230675e-05  1.3670819255e-04 -3.2372247293e-05  1.2313013210e-04  1.2929540939e-04  2.2218306666e-04  3.3633830972e-04 -2.3720852799e-04 -4.9337151584e-05 -8.0986251677e-05 -1.2491766482e-05  1.3676947815e-04 -1.3230228199e-04  6.5474914135e-06  1.8312725349e-06  1.2055666830e-05 -1.8953082648e-05 -1.1253435464e-05  1.4485051281e-05 -1.6414145989e-05 -1.0480411796e-05 -1.0402066014e-05 -1.3091129824e-05  4.3859999288e-06 -2.4847308977e-06  9.8618691870e-06 -7.8919449055e-06  8.9520992006e-06  4.7616090461e-06 -2.6990789200e-05  8.1466778084e-06 -1.6082814145e-04 -6.2932457167e-06  4.7254034729e-05  3.7641786701e-05  4.5389515678e-05  1.9915065154e-05  3.9324243643e-05 -8.8621373660e-05 -1.2027492713e-05 -4.5010152134e-07 -1.4348313968e-05  2.3652992021e-06

JOB 20
COORDS  1.4917357334e+00 -1.0322967953e-02  1.5623044815e+00 -5.9927940028e-01 -1.2074259497e+00  1.5064714978e+00  7.2512810508e-01 -1.4180738399e+00  3.3599205286e+00  3.0733027975e-01 -3.2977905820e-01  8.9300701061e-01  1.7047462403e+00 -5.5277544723e-01  2.8377087997e+00  3.8321426737e+00  6.4485564784e-01  3.4117529394e+00  5.9963279526e+00  1.4732739544e+00  4.1936799244e+00 -3.9393160925e-01 -1.7472169808e+00  2.7146545304e+00  1.0083936057e-01  1.9906758189e-01 -4.2822373938e-01  2.8565526815e+00 -3.2939325641e-01  3.6128785172e+00  4.8257239166e+00  6.1884343910e-01  4.3797177663e+00  3.8114340462e+00  1.4625021809e+00  2.4976281205e+00  2.2154990963e+00  6.4855289112e-01  1.1023550676e+00 -1.5232859329e+00 -1.4833968406e+00  9.9834045448e-01  8.6424829387e-01 -1.8645372627e+00  4.3466570257e+00  6.6375199758e+00  1.1351066893e+00  3.3700867384e+00  6.5721908738e+00  1.4840825693e+00  5.1222411894e+00  5.6631240820e+00  2.4873782319e+00  3.9716004880e+00 -2.5153997945e-01 -5.2062420849e-01 -1.0542245091e+00 -5.5320483203e-01  9.7813696346e-01 -4.2465577404e-01  2.8612887098e+00 -7.9712360432e-01  4.5107391233e+00  5.0025722665e+00 -2.7531870141e-01  4.8212924985e+00
ENERGY -5.671110396605e+02
GRADIENT  1.2733434142e-03 -2.1493624186e-03 -1.1561363643e-03  6.5538048149e-05  1.4448490488e-05  5.7237351577e-05 -7.1804670214e-06 -1.5105471886e-05  4.3301320301e-05 -9.4424708093e-04  2.9916477334e-03  1.3649951221e-03 -5.8990346967e-05 -4.9554055480e-05 -4.7616586669e-05  2.0747381791e-05 -9.6215061641e-05 -7.2292942186e-05  1.7852826002e-05 -8.0613165014e-06 -1.1216814105e-05 -2.8421375636e-05 -1.7517058409e-05 -7.1267161339e-06 -3.5752541838e-03  1.1321237475e-04  5.4236681710e-04 -8.0134288470e-05  1.3644775336e-04  4.9940225156e-05 -4.0495966608e-05  4.7758364225e-05  7.6782943981e-05 -8.5885614516e-06  1.6756076414e-05  3.4080506458e-06 -4.5464550319e-06  4.3155219203e-06 -6.8018153158e-06  8.7923288879e-06  1.8426420091e-07  1.1220851263e-05 -1.2003813669e-05 -7.6341071216e-06  3.5716832055e-06 -2.1281566887e-06 -4.1374306462e-07 -1.0879390109e-06 -3.6570073870e-06 -1.8919504447e-06  1.7465907275e-06  1.1583189077e-06 -5.8210382337e-07  2.0587430457e-06  3.3298197947e-03 -8.8136915062e-04 -8.2496396028e-04 -1.4244284825e-06 -2.4076932337e-05  2.5451347519e-05  2.8045602532e-05 -6.5070312319e-05 -3.8817645124e-05  1.2128578060e-05 -1.6855408658e-05 -1.7938844719e-05

JOB 21
COORDS  1.4929041774e+00 -3.3212312709e-02  1.5602086231e+00 -6.0216207082e-01 -1.2258554806e+00  1.5166494660e+00  7.3008710742e-01 -1.4337514917e+00  3.3663904212e+00  2.9842018264e-01 -3.4364572872e-01  8.9787587294e-01  1.7045359083e+00 -5.6463022384e-01  2.8377328137e+00  3.8246646883e+00  6.4698672828e-01  3.4072439492e+00  5.9829678685e+00  1.4941643860e+00  4.1861274468e+00 -3.8641801024e-01 -1.7683498866e+00  2.7212405192e+00  9.0869242545e-02  1.3952631626e-01 -4.2252223292e-01  2.8606710068e+00 -3.3841653919e-01  3.6066965286e+00  4.8208229439e+00  6.2871103437e-01  4.3726994716e+00  3.7947584089e+00  1.4669794946e+00  2.4948701876e+00  2.2267509022e+00  6.1129665011e-01  1.0953698412e+00 -1.5286865176e+00 -1.5032863338e+00  1.0137165177e+00  8.7279415846e-01 -1.8767593517e+00  4.3539811053e+00  6.6263031379e+00  1.1630875318e+00  3.3612660616e+00  6.5601295858e+00  1.5092805228e+00  5.1138439971e+00  5.6400391164e+00  2.5054187278e+00  3.9658098311e+00 -4.9494074567e-01 -4.7221992791e-01 -9.8020598203e-01 -2.1296592896e-01  1.1057324815e+00 -4.7737492683e-01  2.8698963770e+00 -8.0571514747e-01  4.5047373618e+00  5.0058441414e+00 -2.6389574910e-01  4.8139867708e+00
ENERGY -5.671134551453e+02
GRADIENT  2.0405934392e-03 -3.9641090341e-03 -1.8067297507e-03  6.2773375630e-06  7.9974114292e-06 -1.9944676565e-07 -4.0041306288e-05 -3.3657625876e-06 -6.6280958905e-05 -1.6687128012e-03  5.0133405302e-03  2.1946313423e-03  4.1968916693e-05 -8.4429114439e-06 -9.2298064762e-06 -3.7887687885e-05  6.5544147180e-05  3.0132888605e-05 -1.0575163898e-05 -1.3520070808e-06 -1.4369912370e-05 -2.1703243701e-05 -1.8516239461e-05  2.8262752724e-05 -5.2752288047e-03  2.1182782848e-03  1.3635749866e-03 -3.3048650178e-06  1.4231522083e-05  2.5896189764e-05  6.5518528908e-06 -4.2561551328e-05  4.6352319430e-06  1.7238893734e-05 -1.8527693334e-05 -2.9290493582e-05  1.8838105157e-07  2.8642264012e-06  1.4494685614e-06  3.0908746793e-06 -3.6443860436e-06  7.1320533717e-06 -5.8608058701e-06 -2.3959779352e-06 -8.3784322151e-06  1.9122548539e-06  1.6792710222e-06  2.3797205915e-06 -3.1193989329e-06 -2.5284847957e-06  9.3522780322e-07 -4.5525564658e-06 -8.0900258917e-07 -9.2318435332e-08  5.0321047430e-03 -3.1490223147e-03 -1.8345755526e-03 -9.7246509821e-05 -2.1128146777e-05  1.0785874202e-04  2.4739931400e-06  1.0359476692e-06 -2.9991771040e-06  6.0007316912e-06 -5.8434612163e-06  7.4794607127e-07

JOB 22
COORDS  1.4732521947e+00 -1.9426929061e-02  1.5805929709e+00 -5.9218047495e-01 -1.2680997387e+00  1.5282405272e+00  7.5587062173e-01 -1.4675060998e+00  3.3709945680e+00  2.8412657211e-01 -3.5415952849e-01  9.1337505451e-01  1.7028433409e+00 -5.6452322425e-01  2.8468464746e+00  3.8256379242e+00  6.5668537321e-01  3.3973241242e+00  5.9889665767e+00  1.5072700100e+00  4.1673590838e+00 -3.5411446377e-01 -1.8175201244e+00  2.7231106625e+00  4.2416605777e-02  1.2353862494e-01 -3.7759267669e-01  2.8522941666e+00 -3.1214393304e-01  3.6182438428e+00  4.8159315968e+00  6.6046847017e-01  4.3696799242e+00  3.8105454945e+00  1.4513210466e+00  2.4612227009e+00  2.1927537036e+00  6.5390019295e-01  1.1336369743e+00 -1.5158483502e+00 -1.5609127143e+00  1.0285195035e+00  9.1362689514e-01 -1.9191593572e+00  4.3519619775e+00  6.6357422692e+00  1.1449177315e+00  3.3583918844e+00  6.5586374813e+00  1.5439904593e+00  5.0991437934e+00  5.6591657957e+00  2.5151645171e+00  3.9140901349e+00 -6.9888018503e-01 -3.2244325737e-01 -8.9995492470e-01  1.7057091889e-01  1.1094675451e+00 -5.5801541080e-01  2.8645267439e+00 -7.7182835105e-01  4.5200380174e+00  4.9886382423e+00 -2.1902169825e-01  4.8411215280e+00
ENERGY -5.671164757569e+02
GRADIENT  1.8282267268e-03 -3.9055925062e-03 -1.5905575776e-03  5.2953915062e-05  1.4094951620e-06  5.1817124811e-05 -5.6680689576e-05  5.2333567796e-05 -1.1821260254e-04 -1.7577946636e-03  4.3747830443e-03  1.6780123166e-03  2.2382894742e-04  8.0080101825e-05  1.0779002542e-04 -2.6971948527e-04 -3.6860951700e-04  1.2872487828e-04  2.3523626499e-04 -3.4179595984e-05  2.5953825942e-04 -2.4377204470e-05 -7.2341234946e-05  4.4828006914e-07 -4.3716002207e-03  3.5370698671e-03  1.9997327669e-03 -7.6130302819e-05 -1.1976060335e-07 -5.0997152800e-05  9.9745015378e-05  4.2385800148e-04 -2.7521618649e-04 -2.7467171849e-05 -7.3840236656e-05  4.3137859835e-05 -6.8275029939e-06 -9.5587134904e-06  2.0713185598e-05  5.5602835983e-06  2.7432930068e-05  6.6065122613e-07  5.4860032904e-06  1.5365992837e-05 -1.4723447382e-05 -3.1232969255e-06  3.6722803670e-06  4.9494852377e-06  4.3495507008e-05  1.5740009532e-05  1.4577046961e-06  2.5195502549e-06 -3.3095259250e-05  1.4792152536e-05  4.0366058332e-03 -4.0853262000e-03 -2.2280454361e-03  1.1623999282e-05 -6.0971392080e-06  3.7313353479e-05  1.0106176124e-05  2.5440322353e-05  6.4551264612e-06  1.2686842404e-05  2.5069424927e-05 -8.6228976309e-05

JOB 23
COORDS  1.4792716095e+00 -2.0634082342e-02  1.5763327415e+00 -5.7853990588e-01 -1.2844590182e+00  1.5161378100e+00  7.6174936544e-01 -1.4695627038e+00  3.3666858131e+00  2.9947076832e-01 -3.7194790330e-01  9.0166796061e-01  1.7079773844e+00 -5.6567946012e-01  2.8424687203e+00  3.8289208431e+00  6.5934582116e-01  3.3926874065e+00  5.9894907371e+00  1.5097213801e+00  4.1649524133e+00 -3.4586553099e-01 -1.8227895737e+00  2.7165793165e+00  6.0220813568e-02  1.0150666335e-01 -3.9228776852e-01  2.8502391236e+00 -3.0214957871e-01  3.6202991821e+00  4.8129666287e+00  6.6878396284e-01  4.3711048920e+00  3.8228973589e+00  1.4436350946e+00  2.4475581230e+00  2.1943327413e+00  6.6255425836e-01  1.1366927757e+00 -1.4978170778e+00 -1.5854738720e+00  1.0127200510e+00  9.1722548924e-01 -1.9176995483e+00  4.3495162802e+00  6.6387288013e+00  1.1366586861e+00  3.3628800726e+00  6.5549792595e+00  1.5546346695e+00  5.0989030655e+00  5.6640171741e+00  2.5158742070e+00  3.8993940165e+00 -8.1272749944e-01 -1.9731602190e-01 -8.0888107058e-01  2.7707353171e-01  1.0752549714e+00 -5.6347055361e-01  2.8576736424e+00 -7.5410257787e-01  4.5260286132e+00  4.9797110316e+00 -2.0607925652e-01  4.8532455340e+00
ENERGY -5.671187520880e+02
GRADIENT  1.3048455424e-03 -2.3259389404e-03 -1.1051979134e-03 -3.0471257135e-04 -9.8718566488e-05 -1.5898265061e-04 -3.3398994839e-06  9.8845921446e-05 -2.0500778989e-04 -1.3980363815e-03  2.5417788617e-03  1.3667713269e-03  1.8155300627e-04  6.5795017835e-05  5.2272455597e-05 -1.2808518862e-04  7.9951999261e-06 -1.6794881576e-04  5.3554131135e-05  3.7705179903e-06  4.7164267007e-05  2.0544713349e-05  3.7809162804e-05 -1.9584410709e-05 -1.5854815233e-03  2.7993353296e-03  1.4274133872e-03  2.2244775329e-04  2.7350610390e-05  2.6829466710e-04 -1.2018765670e-04 -6.0612948152e-05  4.5711959619e-06 -1.3230347291e-05  5.6155513243e-05 -9.6047690728e-05  2.6139527908e-05 -1.0395911713e-05  2.6014298088e-05 -2.4427846895e-05 -1.2865286352e-05 -2.9775333868e-05  7.7698912929e-07  1.3909259884e-05 -2.3666297000e-05 -6.1967582222e-06  1.4544455255e-06  1.3120764099e-07 -1.2067514843e-06 -6.8044515213e-06  5.7588412935e-06 -4.8101536071e-08 -1.2633582387e-05  2.9803026319e-06  1.7380512342e-03 -3.1124801971e-03 -1.4452734524e-03 -1.1805536443e-05  1.2311191767e-05  3.0345765700e-05  2.2601578718e-05 -1.8294778000e-05  1.5985520999e-05  3.9897285425e-06 -1.5197865682e-05  4.3545387110e-07

