JOB 0
COORDS  1.5965140918e+00 -3.4090291437e-01  1.8364064463e+00  1.5812720109e+00 -5.5630118953e-01  3.2100583800e+00 -3.1003728999e-02 -2.1188051443e+00  1.6010815508e+00  7.7825852365e-01 -1.1262497481e+00  1.0177840103e+00  7.3690607165e-01 -1.5632605932e+00  3.6770557331e+00 -1.1603862049e-02 -1.3168246582e+00 -1.2733199905e+00 -3.6627345895e-02 -2.3192360926e+00  2.9224130243e+00  4.8591754226e-01 -1.0512634886e+00 -2.5141472696e+00  6.9054966903e-01 -1.8350549282e+00  5.1457041726e+00  1.4299074865e+00 -1.1379199742e+00  5.8547594471e+00 -1.0682049474e+00 -1.8568575286e+00 -1.0264869081e+00 -6.1053960420e-02 -2.7139241286e+00  5.5518378838e+00  9.0810819817e-01 -8.7345040144e-01 -3.3359653578e-01  2.2285201420e+00  4.2029845124e-01  1.3893600239e+00  2.1910404137e+00  2.0723878387e-02  3.8937298752e+00 -6.7869721021e-01 -2.7461114413e+00  1.0032451897e+00 -1.5605542445e-01 -1.1484916553e+00 -3.2884396222e+00  1.2812464216e+00 -4.3587605155e-01 -2.6166322595e+00
ENERGY -6.968414993892e+02
GRADIENT  7.4859719175e-04 -2.8391586873e-04 -1.9905895549e-04 -1.1739739494e-04 -1.7883100739e-04 -1.4068368098e-04 -1.0952670283e-04 -4.8053136125e-05 -1.4706231353e-04 -5.7050161160e-04  3.5895487073e-04  2.3784740276e-04  3.6560265619e-05 -1.2530429445e-05  1.0361403865e-04  6.4007239011e-04 -1.0334131658e-03  4.2784460376e-05  2.4675994583e-05  5.7484401058e-05 -6.1427701638e-05 -2.0459954692e-04 -5.3206775072e-05 -4.2886157690e-05 -2.8284315521e-05 -7.4846066812e-06 -8.4121124802e-07 -1.8310701641e-05  2.1285314434e-05  3.6941865255e-06 -3.8408536467e-06  1.4249023337e-04 -1.3342496592e-04  7.2429201015e-06 -1.7835291859e-05  1.4587493111e-05 -3.9649245145e-04  1.0345292982e-03  4.0007132626e-04  1.6326068396e-05  3.8357536687e-05 -8.0643143630e-06 -2.5024322514e-05  1.2802895944e-05 -2.1439570798e-05 -1.2119481843e-05 -4.1422204258e-05 -2.8039714699e-05  1.7518647217e-05  3.7217804737e-05 -4.0595766749e-05  5.4459808501e-06 -5.0811341274e-06  2.0896969258e-05

JOB 1
COORDS  1.6005531252e+00 -3.3163949107e-01  1.8344291182e+00  1.5430077935e+00 -5.2224752244e-01  3.2124243145e+00  7.2669596657e-02 -2.1895870608e+00  1.5785113632e+00  8.5155399911e-01 -1.1690216697e+00  1.0055485173e+00  7.2986127055e-01 -1.5591963710e+00  3.6667704426e+00 -2.5357944877e-02 -1.2374912150e+00 -1.2389476953e+00  2.3688216814e-02 -2.3697886995e+00  2.9000946404e+00  4.5409353600e-01 -1.1129372846e+00 -2.5081261825e+00  6.3883733369e-01 -1.8041841708e+00  5.1382818566e+00  1.2974420689e+00 -1.0442957939e+00  5.8620951685e+00 -1.1538448152e+00 -1.5395542204e+00 -9.1791319709e-01 -6.8579333619e-02 -2.7243624730e+00  5.5320395624e+00  1.0129319229e+00 -9.7409815760e-01 -3.5260543618e-01  2.2120977529e+00  4.5105847836e-01  1.3961992820e+00  2.0971722245e+00  9.6009514462e-02  3.9072974073e+00 -5.1891421006e-01 -2.8597626745e+00  9.6647356900e-01 -2.3117418985e-01 -1.0931306340e+00 -3.2504914505e+00  1.3529253301e+00 -6.7776476858e-01 -2.6652053528e+00
ENERGY -6.968420359550e+02
GRADIENT  3.7961796334e-04 -8.6687397722e-04  1.0054596032e-04  1.5732345627e-04  2.1088905805e-04  2.5847996039e-04  1.7475941366e-05 -3.8527112254e-05  1.4957634205e-04 -6.7832499466e-04  4.2618650619e-04 -1.7584097710e-04  1.9921696680e-05  4.3945063451e-05 -1.8308785532e-04  2.7354750842e-05 -6.0354357652e-04 -4.2907360335e-04 -6.0940241063e-05 -1.0344420764e-04 -3.9397507288e-05  3.8427164910e-04  5.6643356901e-05  1.1099334627e-04  4.7381413218e-05  8.0777605740e-05 -1.0554446023e-04 -7.7833787579e-06 -7.0527888885e-05  8.8607152212e-05 -2.1369657277e-05 -1.0300385007e-04  4.0685304028e-04  2.5483829382e-05  3.3207852796e-05 -3.5422961113e-05 -3.2731726733e-04  8.9560132488e-04 -1.9747066016e-04 -1.5634686934e-05 -2.6644406859e-05  3.3018743336e-05  2.0348663723e-05  5.0128294672e-06  1.6459853073e-05  1.4827182837e-05  2.5528223325e-05  1.6037047396e-06  7.8185317546e-06 -9.9508211928e-06  1.9978268608e-05  1.3485404427e-05  1.0979630767e-05 -5.1034554858e-05

JOB 2
COORDS  1.6093457715e+00 -3.5330124573e-01  1.8155174752e+00  1.5153274337e+00 -5.1753580981e-01  3.1965406594e+00  1.6652702764e-01 -2.2783306258e+00  1.5633210782e+00  9.2514144798e-01 -1.2450659551e+00  9.9126119866e-01  7.3002505083e-01 -1.5752154637e+00  3.6510147266e+00 -2.4009570131e-02 -1.1638556586e+00 -1.1986791777e+00  7.8065545733e-02 -2.4321718467e+00  2.8849202782e+00  3.8801845316e-01 -1.0946040533e+00 -2.4950702694e+00  6.0191897220e-01 -1.7879626520e+00  5.1255709404e+00  1.2128759648e+00 -9.9082446888e-01  5.8506588386e+00 -1.1639861114e+00 -1.2760428548e+00 -8.0502932349e-01 -8.8069240035e-02 -2.7209877208e+00  5.5196666368e+00  1.0961079055e+00 -1.1066078250e+00 -3.7387137703e-01  2.1999817111e+00  4.4529690502e-01  1.3772009969e+00  2.0198220838e+00  1.3880465113e-01  3.8942724457e+00 -3.7678107793e-01 -2.9839982520e+00  9.4325114437e-01 -3.3138349111e-01 -9.4054289586e-01 -3.1876533487e+00  1.3357521501e+00 -8.1352136019e-01 -2.7067224635e+00
ENERGY -6.968423092274e+02
GRADIENT  8.8018819602e-05  1.5911491842e-04 -4.4946870034e-05  2.5551358633e-05  9.0510711556e-07 -7.4766062035e-05 -1.0098910506e-04 -6.5720315056e-05 -3.0429070134e-04 -8.6562460807e-05 -7.2559542046e-06  2.2518616712e-04 -8.9784931431e-05 -1.5045739205e-04 -6.4884373004e-05 -3.0670004895e-04 -1.9129899087e-04 -9.7343546159e-05  3.9274444418e-05  4.9018921993e-05 -9.4828085438e-06  3.6869642622e-04  9.8492423960e-05 -2.1889935249e-05  1.5456983839e-04  1.4554140448e-04 -2.1238682617e-04 -9.2914707662e-05 -1.6341181277e-04  3.1828073793e-04  3.4462822717e-05  6.4166933884e-05  7.1220908415e-05  6.5359071268e-05  1.3491711143e-04  2.8032627356e-06  6.2359320261e-05 -2.5951000797e-06  7.9806955050e-05  2.0570175335e-05  1.3874861096e-05  2.1907822551e-06  6.9739220723e-06 -1.7273520768e-05 -3.2266556395e-05 -3.9108606224e-05 -2.7571884345e-05 -5.4273945833e-05 -1.7885898988e-04  1.9783264513e-05  2.6070805537e-04  3.7099428635e-05 -4.1226996541e-05 -2.4976345529e-05

JOB 3
COORDS  1.6312221233e+00 -7.4643866084e-02  1.6414677997e+00  1.8726763066e+00 -7.1578173328e-01  2.8567520966e+00 -5.4015464986e-01 -1.1342113113e+00  1.6052787129e+00  4.1024152173e-01 -2.9399073302e-01  1.0094111919e+00  8.5565521082e-01 -1.5301720444e+00  3.3507716244e+00 -8.7896866978e-01  1.1694186742e+00 -3.3921543242e-01 -3.1057218210e-01 -1.7460983589e+00  2.7669022394e+00 -9.0703270412e-01  1.6673124815e+00 -1.6065654332e+00  1.0753428254e+00 -2.2384747551e+00  4.6502575337e+00  2.1641988576e+00 -2.0391749545e+00  5.2055110427e+00 -1.6247344027e+00  1.4535147922e+00  5.7203584429e-01  1.8064185572e-01 -2.9589677089e+00  5.0770147754e+00  1.9104233223e-01  2.8475705475e-01 -2.2971104190e-01  2.3687778867e+00  5.7977932837e-01  1.1871063995e+00  2.7988405955e+00 -5.9264392287e-01  3.4037942338e+00 -1.5020998978e+00 -1.3078242147e+00  1.1306485636e+00 -1.7310877188e+00  2.1883882897e+00 -1.8714410435e+00 -3.5670490161e-01  1.2261027492e+00 -2.3307218740e+00
ENERGY -6.968420963773e+02
GRADIENT -2.5804771843e-04  4.0909059446e-04  2.8829626187e-04  4.8021844585e-05  1.2737568655e-05  9.5210165265e-06  7.8144030907e-05  3.6218683730e-06  4.0634534718e-05  4.3827037531e-04 -4.7162821498e-04 -3.7389103740e-04 -6.3312288792e-05  1.5926491418e-05 -2.3712404423e-05  3.2721699238e-04  5.3837421030e-04  1.0779080410e-04 -1.8018088460e-05 -1.6923473783e-05  3.2422017066e-05  3.6517393512e-05 -9.9808426764e-05 -4.5018647113e-05  4.7328122037e-05 -6.8078934534e-05 -6.1886766856e-05 -2.2843591842e-05  1.8060427758e-05  3.7587740008e-05  1.5131364686e-05 -8.6439182605e-05  8.5840416876e-05 -9.4801291202e-07  2.0376270959e-05  2.3730566085e-06 -6.5805600158e-04 -3.4097004325e-04 -1.2305643224e-04 -1.1030625895e-05 -5.3535978914e-06 -2.4731400875e-07  3.7479619776e-07 -2.3801274220e-06  2.5187295793e-06  6.6449731332e-06 -2.0834064668e-06  4.5645213216e-06  6.4420173077e-06  4.4399659609e-06 -9.7050241660e-07  4.7213911581e-06  1.5196192170e-05 -7.2677956036e-06

JOB 4
COORDS  1.5801605169e+00 -6.9427450889e-02  1.6275700347e+00  1.8304254920e+00 -6.8676114801e-01  2.8535068234e+00 -5.3032613431e-01 -1.2414083049e+00  1.5623778413e+00  3.8469756585e-01 -3.5921171360e-01  9.7647382894e-01  8.4904110688e-01 -1.5512690085e+00  3.3351109063e+00 -7.8201168506e-01  1.2361803430e+00 -3.1162644027e-01 -2.9334673519e-01 -1.8335715286e+00  2.7330026687e+00 -8.8547801255e-01  1.6867937994e+00 -1.5935726932e+00  1.0818724886e+00 -2.2374776745e+00  4.6449966571e+00  2.1431034652e+00 -1.9682881604e+00  5.2233087258e+00 -1.3515013148e+00  1.6746669941e+00  6.6350452795e-01  2.2390291157e-01 -3.0102715408e+00  5.0550014832e+00  1.3249655966e-01  1.8757960432e-01 -2.7308439969e-01  2.2910606029e+00  6.1968822785e-01  1.1820549817e+00  2.7375726994e+00 -5.1053021013e-01  3.4176488232e+00 -1.4719281409e+00 -1.4671672995e+00  1.0670716249e+00 -1.6469392411e+00  2.3219457275e+00 -1.7877966227e+00 -5.1990527391e-01  1.1245609273e+00 -2.3501775374e+00
ENERGY -6.968417431997e+02
GRADIENT -2.0786716321e-04  2.5843455535e-04  2.0193850035e-04 -2.7119219889e-05  2.7494298796e-05 -9.3350920566e-06  9.2890434496e-05  2.0815944659e-05  4.1790254495e-05  3.4796166267e-04 -3.1100749465e-04 -3.0331705772e-04 -1.0103853008e-05 -1.6537969356e-05  5.0332465180e-05  3.4708563729e-04  2.8812183507e-04  4.6709668166e-05  4.1359397235e-06 -1.0169903456e-05  7.2506550338e-06 -7.5098305848e-05 -1.7010367902e-05  2.7990415380e-06 -3.4431750139e-06 -2.3899747923e-05  1.2901659761e-05  7.6186134859e-06 -1.0470307097e-06 -9.7595851586e-06 -4.2669797355e-05  2.7571774604e-05 -2.8305446170e-05 -1.4616641032e-05  2.4602035190e-05  3.3333479300e-05 -5.1134606994e-04 -2.3163648808e-04 -3.8275189605e-05 -1.5418408653e-05 -4.7731523286e-06 -7.0493072413e-06 -6.8811684209e-06 -8.9132937822e-06  2.9387690420e-06  2.9595042280e-07  1.2642069671e-05  1.0880148175e-05 -3.7777619069e-06  7.7762207949e-06  2.1931901174e-05  1.5564138899e-05  1.2535876262e-05  9.4235785897e-06

JOB 5
COORDS  1.3935702831e+00  5.4787721558e-02  1.6696262074e+00  1.6743335702e+00 -5.1401251759e-01  2.9115467821e+00 -6.4943730464e-01 -1.2327229228e+00  1.6361302558e+00  2.1399625245e-01 -3.1543961035e-01  1.0292631612e+00  7.3992896881e-01 -1.4167821400e+00  3.4175065328e+00 -8.0159816628e-01  1.3624765834e+00 -2.7483665291e-01 -3.8305763045e-01 -1.7798016685e+00  2.8232496837e+00 -9.9940240688e-01  1.7205000248e+00 -1.5752154743e+00  1.0054902972e+00 -2.0474784031e+00  4.7491830251e+00  2.0627883192e+00 -1.7233142410e+00  5.3058815101e+00 -1.1483177043e+00  1.9760474563e+00  7.1065514059e-01  1.7609752177e-01 -2.8313198076e+00  5.1954788946e+00 -8.4421898146e-02  1.7087939733e-01 -2.3581396086e-01  2.0672401901e+00  7.6930558966e-01  1.2068135543e+00  2.5703979327e+00 -2.7473969710e-01  3.4701675343e+00 -1.5731639132e+00 -1.5264344461e+00  1.1420105865e+00 -1.6625820255e+00  2.4653188801e+00 -1.7380679921e+00 -8.5186021268e-01  1.0379762351e+00 -2.3064782013e+00
ENERGY -6.968416922353e+02
GRADIENT  1.6041714639e-04 -1.9028818623e-04 -1.9304548571e-04 -3.1861561856e-05 -4.9834034580e-05  2.3279798744e-05 -1.1787543824e-04 -2.3140176190e-05 -3.9653305447e-05 -2.9123274770e-04  2.3169699527e-04  2.4677293631e-04  1.7624948936e-04  4.3248706507e-05  1.0406614786e-05 -3.2402055953e-04 -1.0783046418e-04  4.0390126976e-05  2.5117708051e-05 -3.5567063352e-06 -3.1413070482e-05 -1.2579006740e-05 -7.6972510880e-05 -7.7912282178e-05 -1.6529181340e-04  1.2603522291e-05  2.4956513709e-04  6.9353717077e-05  8.7131707732e-05 -2.6924859403e-04 -1.5224888859e-05  4.2895654761e-05 -7.5261006310e-05 -4.9822586043e-05 -1.3190316343e-04 -4.0881110538e-05  5.5773923507e-04  7.0561327257e-05 -2.5586041552e-05  1.2164046643e-05  6.0282410816e-06 -2.1447672393e-06  2.0434717690e-05 -1.2679454897e-05  7.7647148776e-06 -1.6196040509e-05  6.0665999894e-06 -5.8215607427e-06  1.4889172183e-05  1.9612944210e-05  1.6595413585e-04  2.2206089153e-05  1.4531904420e-05 -7.9433720196e-07

JOB 6
COORDS  1.3009190158e+00  9.9111179612e-02  1.6880620568e+00  1.6166735394e+00 -4.6859866916e-01  2.9212753943e+00 -6.6047371960e-01 -1.3092188025e+00  1.6394393107e+00  1.4181888036e-01 -3.3093220367e-01  1.0448812224e+00  7.4188524092e-01 -1.4363071627e+00  3.4150594120e+00 -6.9675197272e-01  1.4246203098e+00 -2.9351412446e-01 -3.5777606698e-01 -1.8586107449e+00  2.8173321831e+00 -9.9209808150e-01  1.7093688606e+00 -1.5931775144e+00  1.0519624361e+00 -2.0727138753e+00  4.7340606176e+00  2.0894009745e+00 -1.6946436534e+00  5.2940368884e+00 -8.0211358468e-01  2.1666360405e+00  6.5859020932e-01  2.7453846696e-01 -2.9144596686e+00  5.1686936905e+00 -1.9840803685e-01  1.2759033744e-01 -2.1858968344e-01  1.9304349972e+00  8.5968630129e-01  1.2377746951e+00  2.4981908156e+00 -1.8349147386e-01  3.4815224398e+00 -1.5634591563e+00 -1.6536534759e+00  1.1397317757e+00 -1.5260529783e+00  2.5510184920e+00 -1.7592651558e+00 -1.0593660087e+00  9.5567391311e-01 -2.2638518403e+00
ENERGY -6.968421705828e+02
GRADIENT  5.6491678682e-04 -9.9983201301e-04 -4.3884437585e-04  6.9884005262e-05  2.1292662825e-05  4.1409003034e-05  5.6591492341e-05  1.0852164881e-05  2.7342262354e-05 -1.4551395602e-03  1.2643824099e-03  7.8924581070e-04 -1.7489855110e-05  1.3664236146e-06 -2.8054252319e-05 -1.2092248574e-03 -2.8333404137e-04  8.6027871541e-05 -1.6570080093e-05 -1.8399334804e-05  8.0093517574e-06  5.0400231712e-05 -1.8039614353e-04 -6.6019568919e-05 -1.1384326637e-06  2.5107934757e-05 -2.8015582647e-06 -1.5650277309e-05 -8.9503773664e-06  3.4372904691e-05  7.7089348616e-05 -9.3533780073e-05  1.6537847368e-04  1.2398893421e-05 -3.2354810158e-06 -1.0667277993e-05  1.8634258370e-03  2.3791029514e-04 -5.5084293814e-04 -1.2947751510e-05 -6.5926246606e-06  1.6825356925e-05 -1.0055653157e-05  1.0676871615e-05  2.3684286780e-05  1.8239078567e-05 -1.0596357747e-05 -6.3885875866e-06  1.5085984890e-05 -1.2433876843e-05  6.1685307583e-06  1.6439265658e-05 -3.1201622573e-07 -2.6417878919e-05

JOB 7
COORDS  1.2091249994e+00  1.3635125426e-01  1.7222801391e+00  1.5558250743e+00 -4.3693504057e-01  2.9444491241e+00 -6.7066655764e-01 -1.3811172137e+00  1.6507094897e+00  7.2390699211e-02 -3.4609736343e-01  1.0731055233e+00  7.3880611872e-01 -1.4610104097e+00  3.4230809204e+00 -5.9823613841e-01  1.4532677618e+00 -3.2264631846e-01 -3.3533781916e-01 -1.9348068406e+00  2.8172084668e+00 -9.7246790085e-01  1.6885981342e+00 -1.6114008833e+00  1.0841387367e+00 -2.0990365945e+00  4.7314568762e+00  2.0962605266e+00 -1.6690308727e+00  5.3004533606e+00 -4.8636427349e-01  2.2730773375e+00  5.6274853922e-01  3.5753831305e-01 -2.9925552822e+00  5.1510087910e+00 -3.1679360496e-01  9.7841742198e-02 -1.7877818428e-01  1.7961926032e+00  9.3922391160e-01  1.2908885452e+00  2.4218956156e+00 -1.1321880559e-01  3.5078124188e+00 -1.5529493942e+00 -1.7666521862e+00  1.1441302526e+00 -1.3735848765e+00  2.5956494125e+00 -1.8052380215e+00 -1.2306145705e+00  9.1078837913e-01 -2.2037122131e+00
ENERGY -6.968428938702e+02
GRADIENT  6.5695053790e-04 -7.6922074366e-04 -5.1313273671e-04 -4.3085704586e-05 -1.3161294919e-05 -2.1664271539e-05 -4.2999819003e-05 -9.9225461639e-06 -3.3330362667e-05 -1.4269470872e-03  1.1339125360e-03  8.9289672578e-04  1.6485399625e-05 -9.7107884905e-06  9.1484315469e-06 -9.5095985467e-04 -2.8187359265e-04  2.8144643016e-04  2.3488600636e-05  4.2511327400e-06 -5.1170513041e-06  4.6125400413e-06  1.1869215741e-04  3.7191199685e-05 -2.8365653177e-05  2.4218224055e-07  3.7954423057e-05  1.2046947998e-05  3.4093863857e-06 -4.0545536311e-05 -6.0213639690e-05  3.5824596933e-05 -7.5040256034e-05 -4.2148760849e-06 -2.0953704930e-05 -4.8311829960e-06  1.8518028688e-03 -2.3330427949e-04 -5.8132233323e-04  3.2177004297e-07  6.2123048764e-06 -3.2260295165e-06 -1.7056520542e-06 -3.9948716692e-06 -6.0269246735e-06 -5.6660942230e-06 -6.7962272041e-06 -3.7136749000e-06 -2.8289996896e-05 -6.4823473622e-06 -3.1506244240e-05 -1.4299585458e-05 -4.9601321587e-06  1.4027514093e-05

JOB 8
COORDS  1.1227849881e+00  1.8421762113e-01  1.7703481013e+00  1.5022508667e+00 -4.0774739411e-01  2.9745419595e+00 -6.8630422483e-01 -1.4184232502e+00  1.6733458561e+00  3.4461487936e-03 -3.3399597446e-01  1.1151793176e+00  7.3731153766e-01 -1.4786076035e+00  3.4342429143e+00 -5.2445475145e-01  1.4719909330e+00 -3.6351679604e-01 -3.1891523431e-01 -1.9853945796e+00  2.8220392072e+00 -9.5270382253e-01  1.6562225033e+00 -1.6435479468e+00  1.1185670188e+00 -2.1304694331e+00  4.7241462060e+00  2.1157259163e+00 -1.6709164309e+00  5.2968438179e+00 -2.3040620056e-01  2.3378813161e+00  4.3207023703e-01  4.3293553138e-01 -3.0630077331e+00  5.1282516135e+00 -4.4650720161e-01  1.0613502531e-01 -1.1491955401e-01  1.6725374747e+00  1.0233644358e+00  1.3631128129e+00  2.3578883713e+00 -5.9114563757e-02  3.5391045546e+00 -1.5539007856e+00 -1.8297745672e+00  1.1617234299e+00 -1.2259352911e+00  2.5956696323e+00 -1.8966163535e+00 -1.3615931753e+00  8.8155230240e-01 -2.1486289409e+00
ENERGY -6.968433059654e+02
GRADIENT  1.6612383430e-04 -1.7665726114e-05 -1.6013554829e-04  4.8543389430e-06 -3.4831316568e-05  2.5618015181e-05 -1.3740644434e-04 -8.4428115275e-05 -6.1448584919e-05 -1.9221328173e-04  1.5708778500e-04  2.7457099472e-04  3.7104656185e-05  8.4987764568e-05 -6.5563257821e-05 -1.3149006050e-05 -1.7337309239e-04  1.1267784145e-04  6.3594381490e-06  1.3278757657e-05 -5.1823341234e-06  5.1246705969e-06  2.0805041696e-04  5.9973918231e-05 -1.7127516916e-06 -7.4465948096e-05  3.9771318873e-05 -6.7807973323e-06  8.8511903783e-05 -1.1044478680e-04 -1.0186445080e-04  6.6353224581e-05 -1.2863961762e-04 -3.0471091233e-05 -4.1038320407e-05 -2.3582690694e-05  3.3772038909e-04 -2.1029334023e-04  1.5117071073e-05  1.4342247916e-05  2.4497469373e-05 -5.6589651855e-07  1.8386091599e-05  1.1818250969e-05 -7.7490811972e-06 -9.7666025440e-06 -1.0458183692e-05 -6.8998601716e-06 -2.9529449716e-05  6.3912588171e-06 -4.2380154295e-05 -1.4699866077e-05  9.8669765644e-06  2.8606312298e-05

JOB 9
COORDS  1.0366229972e+00  2.3335878596e-01  1.8433402578e+00  1.4429276855e+00 -3.9737037602e-01  3.0201617637e+00 -7.1304063346e-01 -1.4309805516e+00  1.6912991436e+00 -6.6823815381e-02 -2.9877565729e-01  1.1700951794e+00  7.2226365940e-01 -1.5125740993e+00  3.4409885240e+00 -4.6789986447e-01  1.4881900464e+00 -4.0417482494e-01 -3.2052771071e-01 -2.0302212797e+00  2.8128550017e+00 -9.6684234187e-01  1.6213255873e+00 -1.6645612850e+00  1.1351792289e+00 -2.2036842832e+00  4.6988578902e+00  2.1157708169e+00 -1.7315811446e+00  5.2900163709e+00  7.4100126133e-03  2.3713401300e+00  2.7752031586e-01  4.8913894959e-01 -3.1803555851e+00  5.0627723575e+00 -5.7224838294e-01  1.5517644557e-01 -3.1201503611e-02  1.5539147242e+00  1.1082554705e+00  1.4741780163e+00  2.2891351448e+00 -4.0072727382e-02  3.5936107698e+00 -1.5688339648e+00 -1.8510826835e+00  1.1669930538e+00 -1.1160016004e+00  2.5649825893e+00 -1.9936833964e+00 -1.5103439780e+00  8.7233214460e-01 -2.0716730370e+00
ENERGY -6.968432230100e+02
GRADIENT -3.1758135392e-04  2.2380739721e-04  1.8740797109e-04  1.1622761453e-04  1.9993062647e-05  6.3298983427e-05 -5.5394192514e-05 -1.0133163771e-04  2.0383251482e-05  6.2218543403e-04 -4.0292913437e-04 -4.0998911955e-04 -4.0392912973e-05 -4.8936926144e-06 -8.2653638391e-05  3.4340517062e-04 -1.5235520267e-04 -1.1481170610e-04 -7.7885618146e-05  8.3173452164e-06 -4.6852112863e-05 -4.7055459194e-05  4.5329697018e-05 -2.2735455811e-07  3.7649758950e-05  1.9236686293e-04 -1.8150959213e-04  7.3471886234e-06 -1.5944543344e-04  2.1242814515e-04 -6.2713310439e-06  5.5784030902e-05 -1.2465288552e-04  9.4713727729e-05  7.2461294533e-05 -2.4724064902e-05 -6.7052966735e-04  2.0424695960e-04  4.5487327074e-04  1.4901357512e-05  7.2736120872e-06  4.2062085736e-06  6.2144910806e-06  1.6449445359e-05 -1.6353747273e-05  6.2835780157e-06  2.4736068437e-06 -1.9145908600e-05  6.6815914816e-05  2.3352806319e-05  6.8664507775e-05  3.0368908703e-05 -1.4098375943e-05 -8.4467086003e-06

JOB 10
COORDS  9.8183672033e-01  2.9544314925e-01  1.9077186616e+00  1.4051109402e+00 -3.6226791715e-01  3.0645590260e+00 -7.0160084274e-01 -1.4304830670e+00  1.6918289239e+00 -9.6967192537e-02 -2.5636586731e-01  1.2090759818e+00  7.2875799471e-01 -1.5179621689e+00  3.4446014747e+00 -3.8950633483e-01  1.4763119860e+00 -4.7067967888e-01 -2.9255447255e-01 -2.0518972903e+00  2.7938065877e+00 -9.9829251634e-01  1.5828856620e+00 -1.6850296820e+00  1.1658256259e+00 -2.2368433183e+00  4.6776295315e+00  2.1275617060e+00 -1.7485285725e+00  5.2864945974e+00  2.7974510297e-01  2.3313649723e+00  7.0657237070e-02  5.5726703810e-01 -3.2497697430e+00  5.0058009765e+00 -6.4566346828e-01  2.1093179903e-01  3.2865670024e-02  1.4662244807e+00  1.2010251305e+00  1.5720197744e+00  2.2343004217e+00  8.4672765087e-03  3.6542066482e+00 -1.5395938345e+00 -1.8636801706e+00  1.1496727625e+00 -1.0458692223e+00  2.5087037316e+00 -2.0871549039e+00 -1.6845775850e+00  8.9551602928e-01 -1.9653864025e+00
ENERGY -6.968429671803e+02
GRADIENT -1.8269372518e-04  3.4759036383e-04  1.2315441537e-04 -1.1472554520e-04 -2.7610695694e-05 -3.4149174685e-05 -4.3117733734e-05 -2.8969405456e-05  1.6765691730e-06  5.7267083827e-04 -4.6636368140e-04 -3.6840406522e-04 -5.2685254197e-06 -1.0654482113e-06  3.2390825281e-05  3.3439014466e-04 -2.8592016264e-04 -1.0472639666e-04  2.0585512255e-05  8.8172137048e-06 -2.7933141997e-05  1.1985746670e-04  1.3403460326e-04 -3.9530284907e-05 -6.4642123881e-06  4.0364251099e-06 -2.2008114400e-06  9.1464741486e-06 -8.2804507744e-06 -4.9176366567e-06 -6.4616826627e-05  2.8687446828e-05 -8.9518352470e-05 -2.5219631100e-05  2.9191453224e-05  3.1019267144e-05 -5.8769118695e-04  2.7256938217e-04  5.1576459507e-04  2.5431624233e-07  2.9495987830e-05 -1.3589609362e-05 -5.0717283253e-06  6.0105718450e-06 -1.4891481189e-05 -1.0408518648e-05 -2.4772482025e-06  5.4043589933e-06 -4.8872516778e-05 -3.0276686568e-06 -3.3548630004e-05 -1.7544512840e-05  4.7699385748e-06  2.3942014225e-05

JOB 11
COORDS  9.3604952695e-01  3.4444053141e-01  1.9641178329e+00  1.3786919161e+00 -3.2899459563e-01  3.1049280184e+00 -6.6881819530e-01 -1.4458550980e+00  1.6835223108e+00 -1.1313816431e-01 -2.3172393066e-01  1.2399206296e+00  7.5026368449e-01 -1.5227986985e+00  3.4457317015e+00 -3.1863577593e-01  1.4331875266e+00 -5.2802946380e-01 -2.4276863784e-01 -2.0805243002e+00  2.7708472116e+00 -1.0550483900e+00  1.5742903670e+00 -1.6655553281e+00  1.2079928676e+00 -2.2569000474e+00  4.6618034191e+00  2.1364567533e+00 -1.7399934290e+00  5.2981888218e+00  5.4263542105e-01  2.1944196692e+00 -1.3868472375e-01  6.4665755373e-01 -3.3080818575e+00  4.9515624242e+00 -7.0196460430e-01  2.5573938524e-01  9.1834942944e-02  1.3878281252e+00  1.2752197200e+00  1.6538729521e+00  2.1865185486e+00  5.9927982891e-02  3.7122910842e+00 -1.4836292604e+00 -1.8980808032e+00  1.1219067924e+00 -1.0026042770e+00  2.4706506083e+00 -2.1288914485e+00 -1.8670915684e+00  9.9200413142e-01 -1.8181756742e+00
ENERGY -6.968428265522e+02
GRADIENT -8.2024155175e-05 -7.0491620829e-05  4.1231489263e-05  7.4163744391e-05  2.9207531357e-06  6.1212681797e-05  6.6889233138e-05 -7.5265235176e-05 -4.6342862288e-06 -2.3735508715e-05  9.6734330670e-05 -8.8390608768e-05  1.1694898307e-05  3.5456463290e-05 -5.0181893245e-05  9.7254878487e-05 -9.1230743990e-05  5.0594736196e-05 -6.9874488214e-05 -7.0673075026e-06 -8.5172068988e-06  3.8746889432e-05 -1.0910737455e-06 -1.3309865837e-04 -4.4915025116e-07 -4.3488817626e-05 -1.3526630376e-05 -2.7607886132e-05  2.8826927379e-05 -3.2774194207e-05 -8.6619989434e-05  6.0002104023e-05 -1.6596472871e-04 -3.8398969954e-05 -1.3824176495e-05 -8.6385902715e-06 -1.3159234829e-04  7.9570519011e-06  1.7659142672e-04  5.8419203592e-06 -1.8605818839e-05 -1.8628520302e-05 -2.6717229590e-06 -5.0324547705e-07  1.3973466881e-05  7.9400406265e-06  2.0217141572e-06 -1.8994608294e-05  7.4833777747e-05  5.6995619555e-05  1.2997999576e-04  3.1683096923e-06 -2.2873211356e-06  4.3349936249e-06

JOB 12
COORDS  1.5467251138e+00 -5.7927597521e-01  1.3934834822e+00  1.7759931128e+00 -9.3695454133e-01  2.7237214544e+00 -7.0291720228e-01 -1.4242221464e+00  1.6842278466e+00  2.7554876111e-01 -8.3096843701e-01  8.6701280977e-01  7.2977264398e-01 -1.5177721732e+00  3.4347736947e+00  6.8487911942e-01 -1.8784856911e-01 -1.4412729596e+00 -4.7763012773e-01 -1.7613645332e+00  2.9504888858e+00 -7.2623616468e-02  1.5152976516e-01 -2.5218452286e+00  9.5371806434e-01 -1.9067280899e+00  4.8584162653e+00  2.0783540554e+00 -1.6725387553e+00  5.3215083874e+00  1.8968878795e+00 -1.7773887007e-01 -1.3865764788e+00  2.6337403879e-02 -2.4241814274e+00  5.4718231833e+00 -1.6838933379e-01 -5.2511029063e-01 -4.0274262326e-01  2.3264910881e+00 -1.3265645578e-01  7.9356490487e-01  2.7360496540e+00 -7.7055243651e-01  3.1962494533e+00 -1.6934702034e+00 -1.6194078922e+00  1.2786025634e+00  4.1372134206e-01  2.4747416968e-01 -3.4023955819e+00 -1.0593753804e+00 -6.8154325112e-02 -2.5331141586e+00
ENERGY -6.968429671636e+02
GRADIENT  2.3479270205e-04 -2.5343186810e-04 -2.4616019040e-04 -1.3361375156e-04 -6.3920616301e-05 -7.1802757648e-05 -2.9787743461e-05 -2.4078979607e-05  2.7273778233e-06 -2.0079169114e-04  7.2915165383e-04  3.2781065186e-04  1.1046903283e-05 -3.3701933433e-05  4.6366106832e-05 -5.9275304532e-05  3.6596646307e-04  2.4064967282e-04  1.1878610980e-05  3.5291818568e-05 -1.6728384195e-05  1.0661862572e-04  9.0009519179e-05 -5.1448340835e-05 -4.3273131447e-06 -7.1306034855e-06 -1.1871068498e-06 -2.1632329085e-06  1.1143991786e-05  8.3762663009e-06 -4.6067980083e-05  3.3516479093e-06 -8.9380041771e-05  2.2839439422e-05 -4.4418060620e-05 -5.7895258222e-06  1.1283741199e-04 -8.0900921274e-04 -1.2485139679e-04  1.5739390980e-05  5.9690473982e-06 -3.1298994547e-05 -8.1410219554e-06  4.4384548571e-06 -1.6930731822e-05 -4.7097217194e-06 -1.1210102133e-05  1.9249656828e-06 -2.5526626392e-05 -1.8167072082e-05 -2.5726116850e-05  3.5522034323e-07 -2.6509980422e-05  2.6865279096e-06

JOB 13
COORDS  1.5025092003e+00 -4.8737187412e-01  1.4179921138e+00  1.7512923528e+00 -8.7465011449e-01  2.7355401306e+00 -7.0959966002e-01 -1.4322415540e+00  1.6793648370e+00  2.4361314083e-01 -7.7685059532e-01  8.8376201854e-01  7.2880285834e-01 -1.5209368792e+00  3.4261645988e+00  6.8054347172e-01 -2.9127212322e-01 -1.4412583490e+00 -4.6832347066e-01 -1.7977082297e+00  2.9360529160e+00 -1.8978255758e-02  1.5550849356e-01 -2.5212139310e+00  9.7099639719e-01 -1.9481491232e+00  4.8365566196e+00  2.0860975818e+00 -1.6860645406e+00  5.3074824505e+00  1.8706136382e+00 -5.2077771744e-01 -1.4007467328e+00  6.5703600589e-02 -2.5220835699e+00  5.4321499264e+00 -1.9797936114e-01 -4.2061439108e-01 -3.7430394218e-01  2.2627897768e+00  1.0059136177e-02  8.3160275090e-01  2.7035503649e+00 -6.8305545906e-01  3.2141497491e+00 -1.6923148142e+00 -1.6542433442e+00  1.2685713095e+00  4.5780903059e-01  1.2593947453e-01 -3.4116402565e+00 -1.0296768665e+00  1.3370729547e-01 -2.5094468020e+00
ENERGY -6.968432229853e+02
GRADIENT  8.0384559093e-05 -3.8800907764e-04 -1.7080984322e-04  9.9180367124e-05  4.0447415081e-05  7.2271376793e-05 -9.7928056870e-05 -3.9916173941e-05  5.3224190046e-05 -1.4274178614e-04  7.8697418925e-04  2.8215446211e-04 -6.3823729870e-05  2.3279406459e-05 -6.3368310335e-05  2.0311926578e-05  3.5228448624e-04  1.7805603332e-04 -5.3075025619e-05 -2.6296573459e-05 -6.8424962785e-05  1.0585833369e-05 -4.1235536059e-05 -5.1003074852e-05  8.7073223897e-05  1.2282694320e-04 -2.2915156103e-04 -2.4931201914e-05 -1.1559432729e-04  2.4859428068e-04 -1.6270016664e-05  6.9270725970e-05 -1.1709986511e-04  9.6571132425e-05  7.7107830711e-05 -2.3222805191e-05 -9.4605700212e-06 -8.2535965599e-04 -1.3607332897e-04  1.5455543185e-05  7.3438014589e-06  3.6789430209e-06  7.3936049883e-06  1.3025187591e-05 -1.9369483519e-05 -3.1590650006e-06  1.6731025998e-05 -1.0797676029e-05  8.0336843783e-05  5.9141444686e-07  5.4546125622e-05  2.5486562950e-06  2.9559437083e-05  1.7045475801e-05

JOB 14
COORDS  1.4807068116e+00 -3.6857132541e-01  1.4418972932e+00  1.7554933726e+00 -7.9927507925e-01  2.7393959312e+00 -6.9384891829e-01 -1.4025995138e+00  1.6713049897e+00  2.3139572451e-01 -6.8376931884e-01  9.0286248244e-01  7.5885279871e-01 -1.5103012205e+00  3.4059801793e+00  6.5615855634e-01 -3.5756098828e-01 -1.4294670525e+00 -4.3057196761e-01 -1.8091374898e+00  2.9128036251e+00  2.3191107940e-02  1.4707475100e-01 -2.5251585010e+00  1.0268558927e+00 -1.9876307175e+00  4.7968217559e+00  2.1336304402e+00 -1.6991676722e+00  5.2715196080e+00  1.7862406413e+00 -7.9349413274e-01 -1.3839050980e+00  1.5032580281e-01 -2.6237196117e+00  5.3713741914e+00 -2.0334078671e-01 -2.6569785079e-01 -3.4033688019e-01  2.2156206483e+00  1.8310601075e-01  8.6936480574e-01  2.7025542263e+00 -5.9354824932e-01  3.2222455539e+00 -1.6709370741e+00 -1.6429959993e+00  1.2575417739e+00  4.6365733604e-01 -2.3569294867e-02 -3.4185406822e+00 -9.7705226174e-01  2.9296692898e-01 -2.4997349646e+00
ENERGY -6.968433060455e+02
GRADIENT  1.7836960342e-06  2.3096044869e-04 -2.3967572377e-05 -2.1950915695e-05 -1.3612696537e-05  4.2182099785e-05 -1.4833240288e-04 -5.0590740310e-05 -2.7054630021e-05  1.3489864402e-04 -3.4398286083e-04 -2.0689931385e-05  7.0676697590e-05  6.2669974271e-05 -7.0979900003e-05 -6.8853091298e-05 -5.4358263048e-05  1.3354809282e-04  6.7743907123e-06  7.6432101731e-06 -1.6477889613e-05  1.3092278871e-04 -4.9837458467e-05 -7.2437966978e-05 -4.6521858421e-05 -2.7192106431e-05  8.7438525341e-05  1.7855679777e-05  6.5648330616e-05 -1.5018971014e-04 -4.5933274780e-05 -1.6460522239e-05 -1.0706034502e-04 -6.4358146649e-05 -5.5232450125e-06  2.2409123169e-06  4.7792744742e-05  2.7039667607e-04  2.5198973313e-04  2.5761292343e-05  7.0332844404e-06 -1.3597124800e-05  1.5156712470e-05  1.6656424794e-05 -3.8242709898e-06 -1.4723101036e-05 -3.6732258353e-07 -1.7488701122e-06 -2.6993014007e-05  9.7079387818e-07 -3.7087358914e-05  7.8736430398e-06 -2.7852464652e-05 -8.5266522758e-07

JOB 15
COORDS  1.4706029123e+00 -2.6593842524e-01  1.4804847954e+00  1.7495287805e+00 -7.3541462332e-01  2.7627949686e+00 -6.6791266762e-01 -1.3813055901e+00  1.6393297552e+00  2.4091355495e-01 -6.0317391545e-01  9.1437010836e-01  7.6787150411e-01 -1.5040881693e+00  3.3879564742e+00  6.2080638943e-01 -4.3601018205e-01 -1.4229654939e+00 -4.0404499665e-01 -1.8251384052e+00  2.8694189482e+00  5.0594306047e-02  1.0648342486e-01 -2.5351527601e+00  1.0350144950e+00 -2.0220714088e+00  4.7658088510e+00  2.1266005142e+00 -1.7160805184e+00  5.2636582127e+00  1.6590756246e+00 -1.0585939500e+00 -1.3691994756e+00  1.7223527052e-01 -2.7041320045e+00  5.3068809720e+00 -1.6821789632e-01 -1.2653625919e-01 -3.1898673141e-01  2.1881418890e+00  3.3448006028e-01  9.3276317373e-01  2.6832323018e+00 -5.1765433487e-01  3.2658170091e+00 -1.6315834348e+00 -1.6395938463e+00  1.2053780453e+00  4.2501274626e-01 -1.9341234667e-01 -3.4245906835e+00 -9.0972916786e-01  4.2091251882e-01 -2.4978800458e+00
ENERGY -6.968428935825e+02
GRADIENT -4.0473935618e-04  9.6410902763e-04  4.3431043057e-04 -4.7845433773e-05 -2.5711739833e-05 -1.1060556988e-05 -1.0471839494e-04 -2.4373158279e-05 -6.2199586181e-05  4.7628759988e-04 -1.8197239927e-03 -7.3370861982e-04  4.4075137018e-05  2.4601920428e-05 -1.0982946037e-05 -5.8815129632e-04 -8.4795412947e-04 -2.3650658310e-06  2.2232238963e-05  1.9640840120e-05  3.3700158541e-06  1.4387921911e-04 -4.7356431813e-05 -7.5094220048e-05 -4.0569568080e-05 -3.5108036566e-05  7.5234954453e-05  6.0704580019e-06  5.7340638166e-05 -1.0161091371e-04 -5.4015312823e-05  1.5636921666e-05 -1.4792097766e-04 -4.0845134331e-05 -2.4507433793e-05  7.6505818049e-07  5.4493870830e-04  1.7746238362e-03  6.4620710299e-04  1.1554464182e-05  5.1693306067e-06 -6.5149131084e-06 -3.2763263213e-07  5.9729867237e-06 -6.7994762379e-07 -1.6344581923e-05 -4.3123303595e-06 -2.3167763099e-08 -3.0909269971e-05 -4.8850438443e-06 -2.6280268648e-05 -4.4694720554e-06 -2.4082063065e-05  1.0245238428e-05

JOB 16
COORDS  1.4725210626e+00 -1.7394280299e-01  1.5312448238e+00  1.7431319937e+00 -6.7829028897e-01  2.8021838988e+00 -6.2145010150e-01 -1.3762022812e+00  1.5952481840e+00  2.7101802701e-01 -5.3483245748e-01  9.2451106588e-01  7.7749702736e-01 -1.5070465544e+00  3.3733178720e+00  5.5428128388e-01 -5.1925881012e-01 -1.4197284600e+00 -3.6741503133e-01 -1.8558765773e+00  2.8143453705e+00  6.0017905939e-02  8.4966394821e-02 -2.5371573566e+00  1.0310487102e+00 -2.0621858512e+00  4.7402280167e+00  2.0955571340e+00 -1.7291326373e+00  5.2775279789e+00  1.4464318427e+00 -1.3374683557e+00 -1.3677369362e+00  1.8349147915e-01 -2.7966992332e+00  5.2341637283e+00 -1.0512242395e-01 -1.3204019212e-02 -3.0381348583e-01  2.1745891474e+00  4.7601344437e-01  1.0191662206e+00  2.6559640068e+00 -4.4489362452e-01  3.3355699568e+00 -1.5634314909e+00 -1.6573199158e+00  1.1290051251e+00  3.2508740137e-01 -3.2347380311e-01 -3.4226496146e+00 -8.1564124855e-01  5.8767274947e-01 -2.4824688240e+00
ENERGY -6.968421710530e+02
GRADIENT -5.4901424848e-04  9.0006102771e-04  4.9871751885e-04 -1.5153816708e-05 -2.1677364116e-05  2.2977636457e-05 -4.8440812203e-06 -4.1033568298e-05  8.5312231191e-06  4.3995513833e-04 -1.7030670053e-03 -8.1536225278e-04  2.8238405711e-05  7.7594827868e-06  1.5648634133e-05 -8.4018507111e-04 -8.4948824778e-04 -7.4419395266e-05 -1.6237130233e-05  5.6856893543e-06 -2.1719206870e-05  3.8084317025e-05  3.8982333061e-05 -6.4935283329e-06  1.3605028979e-05 -4.1196456034e-05 -1.5981108088e-05  5.4414455041e-06 -1.0415765626e-05 -4.4815496301e-07 -1.0889350110e-05  2.3197500289e-06 -6.9280955769e-06 -1.6278928606e-05  1.8122243970e-05  1.4985974083e-05  9.3636684248e-04  1.6862230786e-03  4.4248917777e-04  1.2490836458e-05 -9.1038415250e-06 -1.7491252653e-06  9.0980329947e-06 -1.5951938614e-05 -2.8184184280e-07 -5.6269148665e-06  1.0364286713e-05  5.9790830189e-06 -1.8214825715e-05 -3.9870207325e-06  3.8766571350e-06 -7.9634435866e-06 -8.2180853886e-06  4.4381355325e-06

JOB 17
COORDS  1.4863475103e+00 -8.6658237191e-02  1.5805934049e+00  1.7425085068e+00 -6.1758813071e-01  2.8444175575e+00 -5.5215237835e-01 -1.3802909302e+00  1.5426603888e+00  3.2082381699e-01 -4.7787604686e-01  9.2704497703e-01  7.9951410321e-01 -1.5075657565e+00  3.3572651290e+00  4.6683196941e-01 -6.0509050988e-01 -1.4207570107e+00 -3.1163701322e-01 -1.8886707450e+00  2.7523334568e+00  7.3603916860e-02  5.7839241895e-02 -2.5453201659e+00  1.0387194219e+00 -2.0982648321e+00  4.7120130717e+00  2.0707378437e+00 -1.7355344090e+00  5.2919151109e+00  1.1548676878e+00 -1.6006421539e+00 -1.3645027016e+00  2.1353919169e-01 -2.8893421024e+00  5.1533180930e+00 -1.6264916566e-02  6.8584000960e-02 -3.0336124587e-01  2.1710366341e+00  6.1121697193e-01  1.1085639807e+00  2.6274362493e+00 -3.6125291862e-01  3.4131661384e+00 -1.4647998886e+00 -1.6908956938e+00  1.0384206327e+00  2.0213141089e-01 -4.2762411833e-01 -3.4222237647e+00 -6.6195185913e-01  7.4865972254e-01 -2.4816861501e+00
ENERGY -6.968416928134e+02
GRADIENT -2.9510085606e-04  1.9425665993e-04  2.5043209975e-04  1.3905867476e-04 -3.9799422540e-05  3.8153142947e-05  2.5148876161e-05  3.3193836591e-05  1.2955135623e-04  2.0859176401e-04 -3.9902116483e-04 -3.5934906295e-04  1.0503400965e-05 -1.9969738116e-05 -9.6516608389e-05 -3.1353546879e-04 -9.1962869247e-05  8.1333794616e-05 -3.5209771245e-05 -7.4709806781e-05  1.2878347334e-04  1.1661502167e-04 -2.0717279349e-04 -1.9290150600e-04 -1.1455246152e-04 -1.0449802766e-05  1.9266254095e-04  6.4241960032e-05  1.3321977015e-04 -1.9485058279e-04 -1.0015380475e-04  1.4708227654e-04  9.6290122291e-06 -1.0674423739e-04 -4.6799236191e-05 -6.4624608098e-05  3.5905746552e-04  3.2022153866e-04  1.9996788219e-04  8.6434736696e-06  2.3899067807e-05 -4.4215232778e-06  6.1969101547e-06  4.0313176959e-05  4.1770621580e-05  1.7946917157e-05 -7.8483139314e-06 -1.0183270903e-05 -5.0284258671e-05  1.0210774050e-04 -1.1347758296e-04  2.5196958143e-05 -5.1928142696e-05  6.3050487037e-06

JOB 18
COORDS  1.5386883069e+00 -1.7829359574e-02  1.6554024430e+00  1.7501363392e+00 -5.6150571941e-01  2.9228222581e+00 -4.4954215871e-01 -1.3791707049e+00  1.4938946486e+00  4.1956202207e-01 -4.3259396351e-01  9.3946984661e-01  8.1423484954e-01 -1.4908537118e+00  3.3731684218e+00  4.2110802855e-01 -6.5363463606e-01 -1.4091337279e+00 -2.5047265061e-01 -1.8996963171e+00  2.7049138477e+00  1.3683023353e-01  5.6550685317e-02 -2.5368261924e+00  1.0028280818e+00 -2.0943661312e+00  4.7300326122e+00  2.0007764108e+00 -1.7219327503e+00  5.3613168015e+00  8.7341205727e-01 -1.7758220775e+00 -1.3490348050e+00  1.7175445500e-01 -2.9035295177e+00  5.1249938464e+00  1.4448698021e-01  1.3486425631e-01 -2.9595721296e-01  2.2206845811e+00  7.1084256979e-01  1.2280208147e+00  2.5976973380e+00 -2.8720000037e-01  3.5381488715e+00 -1.3218253597e+00 -1.7173118868e+00  9.3914234426e-01  1.2383747236e-01 -4.6129579901e-01 -3.4043371376e+00 -4.1536090174e-01  9.0069070828e-01 -2.4685931310e+00
ENERGY -6.968417427297e+02
GRADIENT  1.5189418869e-04 -3.2122340457e-04 -1.1333481704e-04  4.6853951191e-05 -1.2713000603e-05 -3.0723604206e-06  4.7634894635e-05  4.2050371043e-05  7.0543048528e-06 -1.2059666349e-04  4.3936374640e-04  1.7250699931e-04 -2.5503852057e-06 -9.3526595511e-07  5.7854050375e-06  3.7340403215e-04  1.5553848054e-04 -3.4362276104e-06 -1.6447005813e-05  1.2310221146e-05  1.1247874132e-05 -7.6282938084e-05 -5.5577418510e-05 -2.0425966091e-05  2.0272461712e-05 -2.4282350873e-05 -7.5986666275e-06 -2.1042027855e-05  2.3963083495e-05  1.8718199262e-05 -1.9482821622e-06  2.4278110299e-06 -7.2933556143e-05  2.7735164028e-05 -3.0560601684e-05 -1.2834615033e-05 -4.7415190285e-04 -2.9886718638e-04 -4.9635606423e-05 -1.1630287005e-05 -8.4237970599e-06 -1.8836625869e-06 -4.9135245363e-06 -3.4197243229e-06  5.4059250376e-06 -8.3397087506e-07 -9.0141577209e-06 -1.3091208987e-05  3.7150247446e-05 -3.1598907000e-05  2.1001828579e-05  3.1730809938e-05  5.7979107911e-06  6.8942782926e-06

JOB 19
COORDS  1.5617814377e+00  1.3839618999e-02  1.6912406378e+00  1.7419827112e+00 -5.2374528385e-01  2.9659248148e+00 -3.6189539771e-01 -1.4278635351e+00  1.4430451734e+00  4.9199093844e-01 -4.4367605174e-01  9.2667356357e-01  8.2897245545e-01 -1.4939091216e+00  3.3742780795e+00  3.1521502234e-01 -7.0324632392e-01 -1.4236047344e+00 -1.8891263822e-01 -1.9429124405e+00  2.6600984667e+00  1.1914998545e-01  4.5373228803e-02 -2.5446075232e+00  9.8602587597e-01 -2.0948513177e+00  4.7354237775e+00  1.9310688401e+00 -1.6723316248e+00  5.4151628261e+00  5.3144693120e-01 -1.8939378765e+00 -1.3719458248e+00  1.8417968972e-01 -2.9521036270e+00  5.0873862795e+00  2.6697188146e-01  1.3407657635e-01 -3.1183711622e-01  2.2295258376e+00  7.7199115235e-01  1.2936986708e+00  2.5505889855e+00 -2.1537107546e-01  3.6164979238e+00 -1.1953459659e+00 -1.8030526581e+00  8.5536719037e-01 -4.3933475772e-02 -4.6007464900e-01 -3.4041418713e+00 -2.3805458095e-01  9.8738376003e-01 -2.4604447472e+00
ENERGY -6.968420963607e+02
GRADIENT  3.7885482120e-04 -3.2468788835e-04 -2.8483299182e-04 -4.5170193141e-05 -3.4369912316e-05 -4.1995300099e-05 -3.2008680922e-05 -2.5042216013e-05 -3.2921353101e-06 -2.6500279711e-04  6.2145903175e-04  3.7454395903e-04 -1.0246590159e-05 -1.7508692113e-05  3.9178281011e-05  6.4258890227e-04  1.3413165406e-04 -1.1603835433e-05 -1.7229790013e-05  2.5040073152e-05 -1.5130861176e-05  4.2824223727e-06 -5.4874428320e-05 -2.1497187497e-05  1.6571519031e-05  9.7445051822e-06 -5.4019742262e-05 -2.1728503875e-05 -6.6831065687e-06  6.0402728709e-05 -5.1364606621e-05  2.0457187865e-07 -1.0968487338e-05  1.2749167585e-05  6.7237483302e-06  5.6546296448e-06 -6.2843496825e-04 -3.5202524814e-04  1.1690653290e-05  2.6782209673e-06  4.6729030767e-06 -2.3869255768e-06 -8.9412024233e-06  4.5484236867e-06 -9.1463271966e-06 -5.4755070393e-06 -2.1191197704e-06 -4.7275520432e-07 -2.2737526088e-05  2.7688294130e-05 -2.6835635486e-05 -2.0603183757e-05 -5.7772771532e-06  1.2994395908e-06

JOB 20
COORDS  1.5963431465e+00  2.0719316881e-02  1.7051529075e+00  1.7582137393e+00 -5.0235500228e-01  2.9870767445e+00 -2.6269405692e-01 -1.4944726475e+00  1.4009222450e+00  5.7403383672e-01 -4.8333179823e-01  9.0278493684e-01  8.7097258305e-01 -1.5056688263e+00  3.3718384942e+00  1.9988667381e-01 -7.0602791107e-01 -1.4474325905e+00 -1.0641756349e-01 -1.9929185028e+00  2.6279155726e+00  5.3902270851e-02  8.8414332232e-02 -2.5433073618e+00  1.0063318897e+00 -2.0934857870e+00  4.7401089625e+00  1.9257325663e+00 -1.6467187119e+00  5.4396778079e+00  2.0422072869e-01 -1.9171446269e+00 -1.4237472312e+00  2.1391354209e-01 -2.9647363309e+00  5.0793015186e+00  3.8947227700e-01  1.0786873087e-01 -3.3391898450e-01  2.2443980185e+00  8.0469169798e-01  1.3256137379e+00  2.5324839088e+00 -1.5759791190e-01  3.6607463340e+00 -1.0638761313e+00 -1.9067165379e+00  7.9646650408e-01 -2.4347905267e-01 -3.6117897672e-01 -3.3976881980e+00 -1.0549884343e-01  1.0801200978e+00 -2.4307090374e+00
ENERGY -6.968422598069e+02
GRADIENT -2.0866707468e-04 -1.3785284100e-04  1.2737760083e-04  1.0484654967e-04  5.6506416250e-05  7.0459220392e-05  1.7520478746e-04  7.4353268890e-05  1.7581311773e-04 -1.2839465013e-05  2.5434943214e-05 -2.2918802286e-04 -4.7864092928e-05 -2.4286867214e-05 -5.7864341687e-05  3.5631305380e-05  1.5915084837e-05 -1.1845760865e-04 -4.8792604333e-05 -5.8168527690e-05  2.3406006325e-05 -2.2927377321e-05  5.8552886577e-05  5.7595154369e-05  1.9286903411e-05  2.8200002303e-05 -1.9137036352e-05 -2.3673262017e-05 -2.0376745147e-05  4.6657848455e-05  5.0936108304e-07 -7.3713900337e-05  2.0658675174e-04  8.0443188066e-06  2.3740120129e-05 -7.5778824779e-07  5.0369893171e-05 -2.4229424064e-05 -2.2014328760e-04 -2.9610306765e-05 -1.5115425271e-05  5.5099806497e-06 -1.2503162670e-05  7.9599371330e-06  2.1586419686e-05  3.4498691532e-05 -7.8237199855e-06 -1.8028618308e-06  1.5412593043e-05  5.0387432823e-05 -4.5198719811e-05 -4.9345965241e-06 -8.5128007674e-06 -2.1242401502e-05

JOB 21
COORDS  1.6146442673e+00  1.0970897564e-02  1.7171688873e+00  1.7391129050e+00 -4.7423944727e-01  3.0160863440e+00 -1.7344900147e-01 -1.5819972215e+00  1.3652714741e+00  6.5173975376e-01 -5.5341060251e-01  8.7799012625e-01  8.7295409691e-01 -1.5013781321e+00  3.3875649467e+00  1.2946896871e-01 -7.2145770166e-01 -1.4709656579e+00 -5.0713360289e-02 -2.0400793709e+00  2.6131709127e+00  5.4991295950e-02  1.0802304418e-01 -2.5485158764e+00  9.6785628204e-01 -2.0506229686e+00  4.7744231434e+00  1.8375608935e+00 -1.5513437547e+00  5.5019710956e+00 -7.2334786369e-02 -1.9161319144e+00 -1.4669667996e+00  1.9478736548e-01 -2.9439339808e+00  5.1009869380e+00  5.3028121248e-01  2.6855319992e-02 -3.6993064883e-01  2.2476379735e+00  8.1163855901e-01  1.3471191895e+00  2.4683289341e+00 -8.2187294803e-02  3.7137339700e+00 -9.3154306091e-01 -2.0415119536e+00  7.4271223874e-01 -3.6684499128e-01 -2.7025023352e-01 -3.3849251525e+00  6.9900815591e-02  1.1101472730e+00 -2.4178960588e+00
ENERGY -6.968419525231e+02
GRADIENT -3.8482018848e-04  7.2497401777e-04  1.7072069401e-04 -1.2718692678e-04 -8.3186522891e-05 -6.3169561925e-05 -1.3428480060e-04 -9.5017595935e-05 -1.5503150178e-04  4.0831413167e-04 -7.1007245065e-04 -1.1857703702e-04  5.6858524655e-05  6.0035169488e-05  6.0931501626e-05 -9.8673469511e-04  1.8583033322e-04  3.7584746082e-04  2.5262359596e-05  5.1373950157e-05 -2.8758082313e-05  9.2047981037e-05 -1.3585320190e-04 -1.1802614484e-04 -5.1345586550e-05 -6.1746040807e-05  5.5838592191e-05  5.8758468440e-06  7.7551273577e-05 -8.9869278492e-05  4.2412392654e-05  9.0241457121e-05 -1.9867182357e-04 -3.5890099162e-05 -3.9685277316e-05 -2.8506536865e-06  1.0927723141e-03 -3.8232165558e-05  1.0926202092e-04  2.2283077119e-05  2.4326419556e-05  2.6933161481e-06 -3.1637132815e-06  8.7699744615e-06 -8.5852302693e-06 -3.0047815052e-05 -8.4434660262e-06 -1.5633404301e-05 -1.6707455021e-05 -3.2808282421e-05  2.3073233841e-05 -2.0205342322e-05 -6.2963401752e-06  2.3802437809e-05

JOB 22
COORDS  1.6052746647e+00  1.9959339333e-03  1.7146423793e+00  1.7177278993e+00 -4.4295941908e-01  3.0271486146e+00 -9.0194414867e-02 -1.6866385547e+00  1.3484411054e+00  6.9465556925e-01 -6.2625857415e-01  8.5842863806e-01  8.9193157478e-01 -1.5030600630e+00  3.4005087855e+00  2.1962999250e-02 -7.1475897702e-01 -1.4777893371e+00  2.3133977991e-02 -2.1058380429e+00  2.6126121494e+00  8.0238351787e-02  1.1717649921e-01 -2.5550983249e+00  9.7089883283e-01 -2.0125345597e+00  4.8031387640e+00  1.7811305007e+00 -1.4428139865e+00  5.5476480085e+00 -4.3670658427e-01 -1.8367228359e+00 -1.4619300453e+00  2.4289161328e-01 -2.9442287536e+00  5.1259637379e+00  6.2153556888e-01 -7.1931886877e-02 -4.0453609407e-01  2.2086082222e+00  8.2414542457e-01  1.3422155920e+00  2.4064769377e+00  2.7930332484e-03  3.7336498110e+00 -8.0382214375e-01 -2.2013715892e+00  7.1931271444e-01 -4.4744775552e-01 -1.5840594930e-01 -3.3712922301e+00  3.2057568060e-01  1.0911205710e+00 -2.4327236989e+00
ENERGY -6.968414386633e+02
GRADIENT -5.9692675239e-04  2.6183823723e-04  3.2376349864e-04  5.3774152096e-05  1.1343439091e-04  7.7456001116e-05  7.8401561531e-05  4.6855384805e-05  4.1931893935e-05  3.8094102906e-04 -4.3483424185e-04 -3.3815711277e-04 -5.5049207103e-05  3.2128319908e-06 -4.8039370493e-05 -6.1871437022e-04  2.6472464190e-04 -6.2063569092e-05  1.2172362746e-05 -4.2744078703e-05  5.8933209268e-06  8.2915041849e-05  2.1573475917e-04  1.4749704124e-04  3.6226446731e-05  1.2274482985e-05 -3.9788656551e-05  1.4586889125e-05 -5.0281751825e-05  2.7744957356e-05 -3.6521447591e-05 -1.1296452379e-04  2.1362016615e-04 -1.6081813793e-05  3.4208182421e-05  1.0108799959e-06  6.8734383841e-04 -3.2344085056e-04 -3.9416526307e-04 -5.7204964546e-06 -1.7802559787e-05  8.5029171060e-07  1.8309808123e-05 -2.2683842709e-05  4.3771532618e-06 -1.1505615080e-05  2.5093730907e-05  9.9868976386e-06  8.6885394624e-06 -4.6597452032e-06  1.8450862744e-05 -3.5833614097e-06  3.6977068882e-05 -2.3574691657e-05

JOB 23
COORDS  1.6267292571e+00 -3.9255723074e-01  1.8306686965e+00  1.6152388136e+00 -6.0759995717e-01  3.2035628964e+00 -1.1664202515e-01 -2.0594846990e+00  1.6108785327e+00  7.5215287813e-01 -1.1237016761e+00  1.0178630958e+00  7.1182020842e-01 -1.5581231736e+00  3.6793928010e+00  8.8969867539e-02 -1.4233340128e+00 -1.3128909205e+00 -1.1924908972e-01 -2.2579924698e+00  2.9335182693e+00  4.9249532879e-01 -9.3181220562e-01 -2.5189739935e+00  6.6044151389e-01 -1.8249514099e+00  5.1487602862e+00  1.4462501498e+00 -1.1730196073e+00  5.8507310501e+00 -7.7134426522e-01 -2.2590972855e+00 -1.1358130031e+00 -1.4032143646e-01 -2.6556662600e+00  5.5621276300e+00  8.5520122987e-01 -8.2355180439e-01 -3.2633786250e-01  2.2993849699e+00  3.2865003261e-01  1.3767767134e+00  2.2693154182e+00 -7.1874349462e-02  3.8798899652e+00 -8.0697635618e-01 -2.6452597668e+00  1.0200796595e+00 -9.2347890085e-02 -1.1510330967e+00 -3.3132566476e+00  1.0781372557e+00 -1.0904320747e-01 -2.5586440701e+00
ENERGY -6.968412144634e+02
GRADIENT  2.5938965455e-05 -3.1115895064e-05 -1.8004013437e-06 -2.8529338757e-06  2.9113840746e-05  1.2076376827e-05 -1.4169729723e-05 -1.7562619706e-05 -1.0846308540e-05 -1.1096107876e-05  9.5970937173e-07  8.2355260374e-06  9.9123313236e-07  1.2435753367e-05 -1.4740531339e-05  1.3351168809e-04 -1.2042303146e-04  2.1269424769e-05  1.6418197498e-05 -2.2203119893e-06  1.8847561801e-05 -4.0047794005e-05 -7.5303390133e-06 -1.4172493100e-05  5.9710906926e-06 -3.8899927105e-06  1.3821606975e-05  1.7374759859e-05  4.6746650088e-07 -1.7034721782e-05 -3.7628916207e-05  3.2749931835e-05 -3.0475040196e-06 -6.5127439792e-06  1.0681281810e-05  1.0277328297e-06 -7.4041475525e-05  6.0844248795e-05  1.6468853795e-05  1.4730404408e-07 -5.1146765782e-07 -1.0862685280e-06  8.2774204039e-06  1.0567655705e-07 -7.5749277499e-07 -3.8514030869e-06  6.9840068898e-06  8.5123931594e-06 -3.5111817008e-06  1.6539289235e-05 -1.5500806184e-05 -1.9878119007e-05  5.1241452753e-06  1.0270967839e-06

