JOB 0
COORDS  1.8412809231e+00 -3.3977414808e-01 -4.1161271459e-01  7.9668232362e-01 -1.6602563772e-01  5.0075960771e-01  3.0258295510e+00 -9.6174527196e-01 -2.2146628961e-02  2.1462685469e+00 -1.2481508189e+00  2.2208029739e+00  9.5450445311e-01 -6.2345545478e-01  1.8135120531e+00  3.1857194343e+00 -1.4108157858e+00  1.2997190911e+00 -1.7392384787e-01 -4.2973975210e-01  2.7620693029e+00  4.4780992373e+00 -2.7561527125e+00  2.7969898043e+00 -1.2382959927e+00  9.7044955097e-02  2.4891470801e+00  8.5987806974e-02 -9.0838136992e-01  4.0135631499e+00  4.3854515155e+00 -2.0014990761e+00  1.5900950901e+00  1.7302737440e+00  4.8129336080e-03 -1.4361071496e+00 -1.3449317623e-01  3.1120946996e-01  2.1482099068e-01  3.8435728175e+00 -1.1094139024e+00 -7.2169876295e-01  2.2384344742e+00 -1.5886898235e+00  3.2439064883e+00  5.4497387644e+00 -3.2508516613e+00  2.7654790126e+00  3.6828783259e+00 -3.5090911115e+00  2.8544346770e+00  4.4328639384e+00 -2.1085649026e+00  3.6811015824e+00 -7.1712227092e-01 -7.2482093900e-01  4.5369336812e+00
ENERGY -5.354494418323e+02
GRADIENT  4.2819846941e-05 -1.3351487818e-05 -4.5555845862e-05  7.3434921381e-05 -2.5330021300e-05  5.8432196427e-05 -6.8048390998e-04 -1.3618509247e-03 -3.7959764010e-04 -1.9028467390e-05  4.2108273019e-05 -2.0434261712e-04 -1.4577549054e-04  2.8280440041e-05  7.5950546672e-05  7.8285388639e-04  1.3116018855e-03  2.7585463611e-04  1.1437060564e-05  5.4779789103e-05  9.2890552834e-06 -4.3581991312e-04 -1.2824772375e-03 -7.9788198862e-04 -1.7396435605e-05 -1.6754037739e-06  1.1467140618e-05 -2.1552458835e-05 -1.0482325737e-05  1.8424825704e-05  4.1796552902e-04  1.2713844598e-03  9.8821219300e-04  3.7853084583e-07  5.9559529527e-06 -5.3112661445e-06  9.5031454021e-06  7.3948853310e-07  1.0134325567e-05  2.3866467944e-06 -1.5153901494e-06  1.7799355269e-05 -3.2603502974e-06  3.2381407049e-05 -2.9866045667e-05 -4.4568783634e-06 -5.2654200337e-06 -7.7452431297e-06 -2.2242018542e-05 -1.4789798497e-05  1.2516378166e-05  5.2478130362e-06 -6.1597084811e-06 -2.4940154246e-05  4.5570352745e-06  1.2114561627e-05  5.5322961069e-06

JOB 1
COORDS  1.8313488159e+00 -3.8934314723e-01 -4.0683761185e-01  7.7762735837e-01 -2.2301172458e-01  4.9482554384e-01  3.0410395690e+00 -9.4356372922e-01  1.2126831803e-02  2.1656574070e+00 -1.1666983869e+00  2.2639251419e+00  9.4918221310e-01 -6.1641291326e-01  1.8277690235e+00  3.2155307476e+00 -1.3197123613e+00  1.3530708803e+00 -1.9160159294e-01 -4.3329700690e-01  2.7635964019e+00  4.4765337994e+00 -2.7935047821e+00  2.7508723833e+00 -1.2771414792e+00  3.4476897570e-02  2.4676774590e+00  8.4303029117e-02 -8.4766342631e-01  4.0340200109e+00  4.4390017408e+00 -1.8402480702e+00  1.6871607360e+00  1.7078174354e+00 -9.7678353508e-02 -1.4462315968e+00 -1.7317561276e-01  1.9825164388e-01  1.8624122572e-01  3.8660587230e+00 -1.0894519066e+00 -6.7918369850e-01  2.2743408429e+00 -1.4593478785e+00  3.3008511830e+00  5.4600974677e+00 -3.2630947903e+00  2.6985355079e+00  3.6959904535e+00 -3.5527658568e+00  2.6243658797e+00  4.3631192036e+00 -2.3130366464e+00  3.7301545810e+00 -7.2766242899e-01 -6.7765525540e-01  4.5482439294e+00
ENERGY -5.354480824813e+02
GRADIENT -7.4115883373e-05  2.1647053379e-05 -1.5971023016e-05  4.4091974043e-05  1.5389816107e-05 -6.6967741996e-05 -7.8312505227e-04 -2.4373754905e-03 -4.9298633714e-04 -4.2964988538e-05  1.7249631277e-05  1.1203876897e-04  2.6063629015e-04 -1.1996296987e-04  1.7739371446e-04  9.6952707983e-04  2.6458702520e-03 -1.2071193886e-04  1.5462383172e-05  3.3941305989e-06 -3.7169772440e-04 -3.7089341496e-04 -1.9303463503e-03 -1.6542821381e-03 -1.2784627519e-04  4.9304412153e-06  3.9085347666e-04 -5.7650188366e-05  1.1895962975e-04 -2.1327236456e-04  1.7840442882e-04  1.7154077188e-03  2.2322774904e-03  1.1535607293e-05  8.1470541252e-06 -3.3506388403e-06  2.3807589475e-05 -1.3934707579e-06  2.1706009896e-06 -6.2349281779e-06 -2.0564502382e-06 -1.9308303795e-05  5.9698087258e-07 -1.7757725658e-05  2.7304759308e-05 -3.5049119235e-06 -7.0647215983e-06 -7.4119762269e-08 -2.8390997707e-06 -6.0215957279e-06 -9.1840760810e-06  2.3697849272e-06 -1.3448462378e-05 -4.3647372307e-06 -3.0708980109e-06  9.9080033963e-06  1.8041461096e-05

JOB 2
COORDS  1.8513291477e+00 -4.3570888983e-01 -3.9323676280e-01  7.8897109817e-01 -2.4775277608e-01  4.9210902958e-01  3.0687130178e+00 -9.4868669176e-01  6.0622829334e-02  2.1796048775e+00 -1.0770875484e+00  2.3135034864e+00  9.5635999109e-01 -5.7344981052e-01  1.8451329084e+00  3.2380360686e+00 -1.2560112723e+00  1.4176352898e+00 -1.9471778400e-01 -3.6485827561e-01  2.7629642100e+00  4.4727191106e+00 -2.8595514006e+00  2.6823586623e+00 -1.2830288062e+00  7.3917496567e-02  2.4346927983e+00  7.4941088930e-02 -7.1805631065e-01  4.0526704309e+00  4.4696290238e+00 -1.7284782412e+00  1.8054349706e+00  1.7301171764e+00 -1.9447815148e-01 -1.4457536706e+00 -1.6697247296e-01  1.4092804264e-01  1.5739277644e-01  3.9023336159e+00 -1.1107487197e+00 -6.1663099240e-01  2.2937717937e+00 -1.3139846552e+00  3.3646303573e+00  5.4981071086e+00 -3.2334419550e+00  2.6891884323e+00  3.7963488028e+00 -3.6394815996e+00  2.3138185425e+00  4.1885283811e+00 -2.5844967320e+00  3.7049210404e+00 -7.4348525521e-01 -5.3576488323e-01  4.5522601870e+00
ENERGY -5.354464166459e+02
GRADIENT -7.0878013037e-06 -3.1159036388e-06  1.5170335015e-05  4.8510428967e-06  1.9296712962e-05 -1.5948267525e-05 -6.8812269837e-04 -2.3158402465e-03 -4.1830093938e-04  7.2536075955e-07 -7.3164772188e-06  3.9172854586e-05  4.1720495930e-05  1.0695725308e-05  1.0169402602e-05  1.0582893506e-03  2.7012730037e-03 -2.8883658738e-04 -2.7569347811e-05 -8.2527719930e-05 -4.3162879025e-05  1.4667781094e-05 -1.4795623625e-03 -1.8731857673e-03  8.4997379197e-06  4.2319342020e-05  2.3503799059e-05  3.8085816646e-06  4.1358250934e-05 -1.4104697812e-05 -3.9078163080e-04  1.0817285004e-03  2.5742702410e-03  1.2515770035e-05  1.4665926194e-06  1.3190496136e-06  7.3759477793e-06  3.8639946966e-06 -5.4807986987e-06  5.9646476340e-06 -3.5373558212e-06  6.0919910523e-07  3.6962938262e-06  8.6773615760e-07  4.8106898186e-06 -6.4276689945e-06 -3.6329697763e-06 -1.2850795464e-06 -5.5525346069e-06 -2.4454467556e-06  7.6937880494e-06 -2.1411055062e-06  1.9026024250e-06  3.3886279990e-06 -3.0306079117e-06  8.8580175847e-06 -3.3701036101e-06

JOB 3
COORDS  1.8270495121e+00 -5.0156747578e-01 -3.5768046057e-01  7.6319810919e-01 -3.0205060145e-01  5.2168831464e-01  3.0587055876e+00 -9.6488114841e-01  1.1609650187e-01  2.1754433661e+00 -1.0124628974e+00  2.3740861617e+00  9.3987575183e-01 -5.5991013963e-01  1.8894277644e+00  3.2330540576e+00 -1.2138783689e+00  1.4824814490e+00 -2.1243658262e-01 -3.2922083996e-01  2.8005086038e+00  4.5107024514e+00 -2.9036620183e+00  2.5583910865e+00 -1.3092967450e+00  7.3507156846e-02  2.4549060791e+00  6.6808082948e-02 -6.1795083392e-01  4.1036761773e+00  4.4768084634e+00 -1.6245993832e+00  1.9150347717e+00  1.6990968842e+00 -3.0388730602e-01 -1.4184509685e+00 -2.0178056654e-01  5.0784354675e-02  1.7312617175e-01  3.8971191216e+00 -1.1293919640e+00 -5.5477770483e-01  2.3089346674e+00 -1.1896501534e+00  3.4353041841e+00  5.5583547885e+00 -3.0981080911e+00  2.7949312264e+00  4.1322440464e+00 -3.6840525061e+00  1.8867133616e+00  3.9258041134e+00 -2.9101206448e+00  3.4855643572e+00 -7.5290211339e-01 -4.2674421869e-01  4.5978245863e+00
ENERGY -5.354453887524e+02
GRADIENT -2.7484451886e-07  1.7331944156e-05 -3.6842715365e-06  2.4179235838e-05 -1.8734270161e-05 -1.4666941043e-05 -2.3270832947e-04 -9.3481508892e-04 -1.4840421726e-04  1.7566243907e-06 -8.2616378018e-06 -7.4779398917e-05 -4.5531036627e-05  6.6953849761e-06  4.1059055143e-05  4.9114714484e-04  1.1772256400e-03 -1.0032847891e-04  8.9907965905e-06  4.2881616862e-05  3.5554842912e-07  1.2183255149e-04 -3.6931794706e-04 -7.8246045545e-04 -8.7242465828e-06 -6.7142343588e-06 -7.6059076201e-06 -2.0184829623e-05 -5.5196654409e-06  3.8937747859e-06 -3.2555359946e-04  6.0036760173e-05  1.0878330922e-03  1.4895997019e-05 -1.0425076160e-06 -6.2906340532e-06  5.2530265459e-06 -1.8399161760e-06  8.9364182657e-07  4.4949214644e-06 -7.3804959187e-06  5.2963397639e-06 -7.3114146536e-06 -2.9890918735e-06 -5.2630309916e-06  8.1056985984e-07  2.6397228394e-05 -1.5478662314e-06 -5.2133480704e-06  2.6878846320e-05 -1.9544819058e-05 -1.7646729690e-05  9.1959294740e-06  5.6570840537e-06 -4.7685695328e-06  5.8765641312e-06 -5.7914912695e-06

JOB 4
COORDS  1.8648696229e+00 -5.7346173288e-01 -3.1956370368e-01  7.8256400297e-01 -3.3978667899e-01  5.2798708201e-01  3.0910580088e+00 -1.0005307234e+00  2.0226435074e-01  2.1590471766e+00 -9.4693557627e-01  2.4407527798e+00  9.3071060198e-01 -5.2723695774e-01  1.9109260351e+00  3.2354903885e+00 -1.1823511568e+00  1.5818093954e+00 -2.4241301502e-01 -2.5920849503e-01  2.7844932259e+00  4.5353310580e+00 -2.9369137071e+00  2.4863222116e+00 -1.3347625891e+00  1.1445408992e-01  2.3945564850e+00  1.1169037308e-02 -4.7834697735e-01  4.1058493697e+00  4.4648100523e+00 -1.5632751721e+00  2.0851194775e+00  1.7575029911e+00 -4.2545660405e-01 -1.3906575500e+00 -1.7681281032e-01 -1.0463633784e-02  1.4263894067e-01  3.9457917637e+00 -1.1840326802e+00 -4.4290695647e-01  2.2816474543e+00 -1.0748199139e+00  3.5107793767e+00  5.5415113756e+00 -3.0927029767e+00  2.8800593853e+00  4.3672104615e+00 -3.6015130229e+00  1.6291875489e+00  3.7987716079e+00 -3.1638066116e+00  3.2669531574e+00 -8.2009914143e-01 -2.6948631360e-01  4.5728136281e+00
ENERGY -5.354450198060e+02
GRADIENT -7.6653519966e-05  3.3484821542e-05 -7.1623558834e-05  1.3713263298e-04 -3.9564675583e-05 -3.2347495136e-05 -1.2667460769e-04 -4.1289122981e-04  9.5126776634e-05 -1.3062975693e-04  3.2366259554e-05 -2.3017013233e-04 -1.4030891172e-04 -7.7851090736e-05  1.2136173656e-04  3.2430596157e-04  5.7699523631e-04 -6.8130495688e-05  6.2715746847e-05  2.9841711593e-04  9.3568845220e-05  1.0130767523e-04 -1.3547430835e-04 -3.0661428083e-04 -2.3778027729e-05 -1.0526416998e-04 -5.7258535770e-05 -3.8374133967e-05 -7.8130969406e-05  1.3088034796e-05 -8.6768069697e-05 -8.4757227265e-05  4.3130112641e-04  1.4030762674e-05 -4.0696862189e-07 -1.2264139862e-05  8.3681093630e-06 -8.9937870611e-06  1.2121298137e-05 -1.5649527678e-05 -5.2512657008e-06  2.6509206253e-06  4.2747805072e-06  3.7743913740e-06 -3.7566861616e-05 -1.1210439061e-05 -2.3252311631e-07  2.1667805518e-05  1.5367062732e-05  4.8170898355e-07 -4.0500216958e-06 -3.6223343328e-06 -1.1880380099e-05 -1.6853941060e-05  6.1130255619e-07  5.5607771106e-06 -3.7969686633e-06

JOB 5
COORDS  1.9022759491e+00 -6.5424709493e-01 -2.8998165102e-01  7.9869507480e-01 -3.7634267595e-01  5.1664930604e-01  3.1119501602e+00 -1.0584110029e+00  2.8460943024e-01  2.1177641050e+00 -9.0333094696e-01  2.4926425270e+00  9.0745431531e-01 -4.9948309520e-01  1.9099486240e+00  3.2148668474e+00 -1.1802742429e+00  1.6751636320e+00 -2.8864215057e-01 -1.8703625067e-01  2.7363624981e+00  4.5851358796e+00 -2.9574708947e+00  2.4001373444e+00 -1.3685707180e+00  1.6956953080e-01  2.2985177282e+00 -7.2261818153e-02 -3.4256070949e-01  4.0728930516e+00  4.4204384339e+00 -1.5425265229e+00  2.2468784722e+00  1.8251719921e+00 -5.5237897194e-01 -1.3690362932e+00 -1.4740193584e-01 -5.9672803158e-02  8.9976124063e-02  3.9840173882e+00 -1.2669533773e+00 -3.2945112192e-01  2.2146119628e+00 -9.9051894325e-01  3.5693558574e+00  5.5640801238e+00 -3.1081542360e+00  2.8593047723e+00  4.5529472387e+00 -3.4657116417e+00  1.4277773692e+00  3.8056147820e+00 -3.3756296399e+00  3.0497369000e+00 -9.1532623065e-01 -1.1013058154e-01  4.5063780434e+00
ENERGY -5.354448655243e+02
GRADIENT  8.1527794482e-06  4.7942715792e-06 -2.2916231309e-05  3.6411116800e-05 -4.2384400751e-05  2.3491887124e-05  3.5251218094e-05 -8.2717382568e-05 -5.6295597687e-05  4.7553741293e-05 -5.8092204067e-06  1.2416595055e-04  6.9334430378e-06 -7.6371023268e-05 -1.6134780064e-05 -6.8758821586e-05  7.8244230530e-05 -7.2670527249e-05  1.1577837837e-04  3.1752335193e-04 -4.1518981444e-06  2.7192917745e-05 -1.2727535842e-05 -8.2696472433e-05 -4.3874260763e-05 -1.0493897598e-04  2.1966043557e-05 -3.6368256872e-05 -9.0758876546e-05 -3.0337842826e-05 -1.0702878079e-04  2.0690068744e-05  9.8937104261e-05  1.0525625798e-05 -4.4912560607e-06 -4.9110621547e-06  1.0705430970e-05  3.4257717431e-07 -3.6143707868e-06  4.5543411458e-06 -4.4479579019e-06 -2.4040567971e-05 -1.6257984649e-06 -5.5917214864e-06  1.4539839931e-05 -3.3114284264e-06 -9.3455376485e-06  2.8183392186e-06  4.9295848055e-06 -1.3394935472e-05  3.6524739708e-06 -8.7417200836e-06 -6.0223691473e-07 -5.8005848140e-06  3.9717554763e-06  8.9289609635e-06 -5.4330806168e-07

JOB 6
COORDS  1.9094128641e+00 -7.2473709090e-01 -2.4572483223e-01  7.9570541526e-01 -3.9894499510e-01  5.2898684554e-01  3.1000579020e+00 -1.1307550235e+00  3.6477183455e-01  2.0653546372e+00 -8.9133030800e-01  2.5461409194e+00  8.7592121352e-01 -4.7906176318e-01  1.9268383505e+00  3.1726974149e+00 -1.2154538346e+00  1.7611272503e+00 -3.2974273549e-01 -1.1787565845e-01  2.7189804307e+00  4.6689029318e+00 -2.9671631366e+00  2.2956442918e+00 -1.3937288298e+00  2.4406048590e-01  2.2475440022e+00 -1.4160878651e-01 -2.3034877956e-01  4.0638502740e+00  4.3520841380e+00 -1.5730578080e+00  2.3855961795e+00  1.8564880731e+00 -6.5376029443e-01 -1.3287151966e+00 -1.3512954862e-01 -7.7496003112e-02  7.3395447581e-02  3.9780618450e+00 -1.3668723086e+00 -2.3060250406e-01  2.1403864270e+00 -9.5256799867e-01  3.6261566794e+00  5.6170592506e+00 -3.1028222221e+00  2.8193325833e+00  4.7804449978e+00 -3.2872506726e+00  1.2521796233e+00  3.8914809418e+00 -3.5741230436e+00  2.7767616219e+00 -9.8833028305e-01  3.1776279793e-02  4.4725439742e+00
ENERGY -5.354449045085e+02
GRADIENT  1.0698352285e-05 -2.4221238907e-06 -1.2452530654e-05 -5.8289955016e-06 -3.5829408189e-07  2.4287404603e-05  1.1596767344e-04  1.7587475857e-04 -9.6486409033e-06  1.9718757150e-05 -1.2839566858e-05  1.6501260153e-04  3.2980722707e-05 -1.7150495656e-05 -8.5754849291e-05 -2.2258981037e-04 -2.7631607539e-04  1.5854428178e-05  1.7120035047e-05  2.5328015580e-05  6.7174421275e-05 -1.0832370768e-04 -6.6439632107e-05  1.8408485661e-04  3.8558811073e-05 -1.0165100280e-05 -6.1985789950e-05  1.7741242445e-05 -1.4022336609e-05  2.4407032626e-05  1.1073309010e-04  1.7592782506e-04 -3.0057667489e-04  6.2036743103e-06 -5.7922487007e-06  6.4394639189e-08  5.5067896457e-06  2.5556646743e-06 -1.0549210378e-05 -1.8142546059e-06 -1.8659252127e-06 -1.8335802110e-05 -1.2083873824e-06  8.0855664415e-07  1.5296873860e-05 -4.7502442389e-06 -1.2863615576e-05  3.7097650799e-06  1.2209377139e-05 -3.8410018889e-06  6.0280633480e-06  5.3355044656e-06 -7.3692644656e-06 -8.9190388337e-06  8.3383322185e-06  6.2848677014e-06 -4.2578475509e-06

JOB 7
COORDS  1.9139962936e+00 -8.0423189080e-01 -2.0715571896e-01  8.0480690511e-01 -4.1362480959e-01  5.4288679601e-01  3.0806742437e+00 -1.2431359302e+00  4.2676766653e-01  2.0280550460e+00 -9.1340578911e-01  2.5868179352e+00  8.6608942237e-01 -4.6447249088e-01  1.9431107126e+00  3.1322253759e+00 -1.3038918052e+00  1.8262583078e+00 -3.3250233004e-01 -3.4879897606e-02  2.7118547872e+00  4.7689607985e+00 -2.9884799102e+00  2.2024431885e+00 -1.3728263065e+00  3.6600312888e-01  2.2194619759e+00 -1.6711575822e-01 -1.2939736577e-01  4.0609467856e+00  4.2771462983e+00 -1.6768425413e+00  2.4984982674e+00  1.8788524478e+00 -7.5678935238e-01 -1.2921794248e+00 -1.0608944200e-01 -6.5383792469e-02  6.7362263562e-02  3.9500845428e+00 -1.5244195359e+00 -1.6063355693e-01  2.0867373886e+00 -9.5651363764e-01  3.6685478158e+00  5.6249220430e+00 -3.1482048543e+00  2.8605381675e+00  5.0978553850e+00 -3.0774180959e+00  1.1602771891e+00  4.0011180287e+00 -3.7449676740e+00  2.4053841132e+00 -1.0065183029e+00  1.7802928770e-01  4.4528020631e+00
ENERGY -5.354451870024e+02
GRADIENT  2.4389500763e-05 -1.2022006154e-05  1.2302764305e-05 -3.8357999550e-05  1.0410530804e-05  2.0628817291e-05  3.1184919794e-04  8.6275462930e-04 -1.8002728453e-05  4.9552946884e-05 -2.5411170000e-05  1.3501313483e-04  7.5950125060e-05 -1.4519851108e-05 -4.3313448630e-05 -7.3590783436e-04 -1.4720683235e-03  1.9464436739e-04  6.6932642657e-06 -5.5434632246e-05 -4.5083715927e-05 -4.7385333955e-04 -3.4611907992e-04  6.1035911520e-04 -1.2027005772e-05  1.4009198236e-05  5.0837903694e-05  6.5514195277e-06  9.7544797181e-06 -3.4597301624e-05  8.0382732675e-04  9.6583116729e-04 -8.9626403548e-04 -5.1043465757e-06 -5.1826654232e-06  1.6599598532e-06  1.4135886365e-06 -5.6443069690e-06 -8.4383007210e-06  5.6635135166e-06 -2.8173151299e-06 -1.3180724726e-05 -3.6552729803e-06 -2.0808734407e-07  1.8283811569e-05  4.7659661449e-06  3.0144551803e-06 -6.9870878591e-06 -1.1857643766e-06  7.9741239351e-07 -4.8823947837e-06  5.9288979558e-06 -3.3550108987e-07 -1.3073295950e-06  2.7427734624e-06 -5.6431457954e-06  4.5892775803e-06

JOB 8
COORDS  1.9013583086e+00 -8.6129234819e-01 -1.6792061527e-01  8.0245720577e-01 -4.0452555816e-01  5.5725199889e-01  3.0416074765e+00 -1.3381786224e+00  4.8850379431e-01  1.9774913528e+00 -9.1552151284e-01  2.6266826166e+00  8.4611078924e-01 -4.2929299971e-01  1.9598020664e+00  3.0734731078e+00 -1.3750376631e+00  1.8897248655e+00 -3.4032877320e-01  6.9802399252e-02  2.7053284367e+00  4.8496696469e+00 -2.9498893547e+00  2.1466096597e+00 -1.3522338016e+00  5.1420235984e-01  2.1915403589e+00 -2.0008685617e-01 -1.4089639256e-02  4.0579778169e+00  4.1804191775e+00 -1.7705681754e+00  2.6024115748e+00  1.8815336554e+00 -8.3858446881e-01 -1.2541574700e+00 -8.6505813048e-02 -2.7170566606e-02  6.3084132105e-02  3.8975356051e+00 -1.6752965506e+00 -8.8172863476e-02  2.0211644735e+00 -9.3914383654e-01  3.7096455697e+00  5.5261321003e+00 -3.2435454520e+00  2.9511814197e+00  5.4383415725e+00 -2.7608271234e+00  1.2407697787e+00  4.1328235375e+00 -3.7564546779e+00  1.9538668648e+00 -1.0291407096e+00  3.3964339903e-01  4.4323712165e+00
ENERGY -5.354461727735e+02
GRADIENT -6.4959714372e-06  7.8114939683e-07  4.0494053533e-05  1.8930866606e-06 -2.4625383466e-05 -1.8703929701e-06  8.5318826894e-04  2.2477124236e-03  2.0526685360e-06  1.1672176606e-05 -3.0984290565e-05  7.8043583779e-07 -5.6452228907e-05 -3.8492636737e-05 -2.6142677281e-06 -1.9041912113e-03 -4.1036255368e-03  5.4303668631e-04  6.4261328764e-05  1.5656388458e-04  2.9193197383e-05 -1.3063180559e-03 -1.2620582889e-03  1.3029423878e-03 -1.8366659896e-05 -8.4856395248e-05 -1.7293612972e-05 -2.8827179857e-05 -6.3937684514e-05  1.7545042287e-05  2.3604238196e-03  3.1226006318e-03 -1.9321687472e-03 -2.5440389942e-06 -7.8405696055e-06  3.2352622614e-06 -1.0092694092e-05 -9.8543906027e-06  7.7500962274e-06  9.7437836016e-06 -1.9206701503e-06 -5.7594924803e-06 -5.8574228080e-06 -3.8995366993e-06 -3.9069892698e-06 -7.1956999597e-06  5.3576611646e-06 -1.6207037699e-06  1.1804456146e-05  7.1773452703e-06 -1.0160995737e-05  1.0203841100e-05  2.0260592734e-06 -1.1627153177e-05 -1.6313035972e-06 -1.5856949648e-05  4.7751942612e-06

JOB 9
COORDS  1.8814699795e+00 -9.3119331724e-01 -1.4206387873e-01  7.9583531763e-01 -4.3287830089e-01  5.7316303892e-01  3.0016947775e+00 -1.4484127162e+00  5.2084688617e-01  1.9413086744e+00 -9.7793997203e-01  2.6512351964e+00  8.3258223106e-01 -4.5599866316e-01  1.9770138500e+00  3.0261109673e+00 -1.4807936919e+00  1.9223706837e+00 -3.3928883456e-01  8.5814353337e-02  2.7158252340e+00  4.9296136387e+00 -2.9205147976e+00  2.0696729120e+00 -1.3319090180e+00  5.6397101218e-01  2.1948188221e+00 -2.0921258762e-01  1.9098315436e-03  4.0695532780e+00  4.0985151829e+00 -1.9180906472e+00  2.6557489810e+00  1.8686190589e+00 -9.1396453123e-01 -1.2285233371e+00 -7.6643313753e-02 -2.6404492939e-02  7.2969497138e-02  3.8422902142e+00 -1.8209558908e+00 -5.5411885829e-02  1.9776882543e+00 -9.9967960567e-01  3.7344983886e+00  5.5541895411e+00 -3.3036568741e+00  2.8781732450e+00  5.5764921344e+00 -2.5034220160e+00  1.2879910524e+00  4.3279689283e+00 -3.7353060397e+00  1.6500460552e+00 -1.0277380678e+00  3.8520277642e-01  4.4379202511e+00
ENERGY -5.354476421344e+02
GRADIENT  3.9802011737e-05 -1.6098816256e-05  1.1197184587e-04 -1.7640245098e-04  6.3508828336e-05 -4.9725658435e-05  8.8228871506e-04  2.3140281590e-03  2.5385026059e-05  3.5809753884e-05  9.0158267143e-06  1.5539111332e-05 -7.3431892344e-06 -5.1091261098e-07 -1.8535173592e-04 -2.0292804648e-03 -4.4881520749e-03  4.3834888170e-04 -4.0300957191e-05  2.3462757462e-05  1.8156937499e-04 -1.3277816446e-03 -1.6243688791e-03  9.3641950070e-04  9.4064026588e-05 -6.4874162909e-05 -1.9795685276e-04  3.5913307120e-05 -4.1927491729e-05  1.0397157725e-04  2.4753282674e-03  3.7310313359e-03 -1.3917401252e-03 -2.0855468865e-05  5.9872065620e-07  1.0551081165e-05 -2.6160236816e-05  2.0748974464e-06 -2.1476110997e-05  1.5039385742e-05  3.1622851962e-07  1.2370486273e-05  2.7872870449e-06 -8.4800571010e-06 -1.4223209878e-05 -1.1429136920e-05 -2.0558756651e-06  6.3552941762e-06 -1.7857624565e-06  3.7778846144e-05 -4.3070933472e-06  2.6566372988e-06  1.0496897323e-05 -1.3605782135e-05 -4.6679273796e-07 -1.6520983196e-05 -1.4528692723e-05

JOB 10
COORDS  1.8659037248e+00 -9.7472238537e-01 -1.2743328300e-01  7.9441347724e-01 -4.4224543231e-01  5.8222459708e-01  2.9622089286e+00 -1.5391636348e+00  5.3940788057e-01  1.9049389847e+00 -1.0403266489e+00  2.6648009928e+00  8.2079999932e-01 -4.7682744030e-01  1.9870046694e+00  2.9787827681e+00 -1.5769875875e+00  1.9407812331e+00 -3.3631787084e-01  1.0072230661e-01  2.7221203924e+00  4.9840890717e+00 -2.8796396315e+00  2.0258304917e+00 -1.3102238790e+00  6.1312963986e-01  2.1983982018e+00 -2.1622597678e-01  7.5953833164e-03  4.0761810718e+00  4.0104580028e+00 -2.0767923112e+00  2.6886832112e+00  1.8614684013e+00 -9.5260119924e-01 -1.2138952020e+00 -5.9316418324e-02 -1.4346253058e-03  7.8941693508e-02  3.7872041162e+00 -1.9412454113e+00 -3.8257830192e-02  1.9323199204e+00 -1.0706682504e+00  3.7481465726e+00  5.6239494897e+00 -3.2823498639e+00  2.8120800379e+00  5.5949237397e+00 -2.2839910522e+00  1.3360794989e+00  4.5122171729e+00 -3.7044544121e+00  1.4781400386e+00 -1.0240813859e+00  4.1553393733e-01  4.4416131658e+00
ENERGY -5.354487931285e+02
GRADIENT -1.4505088053e-05  2.5521271372e-05 -1.6334971298e-04 -6.3755607523e-05  1.9178050256e-05 -5.9507634851e-05  3.1272628351e-04  1.4264527810e-03  2.1810070172e-04 -7.7658471247e-05  5.5568448644e-05 -9.8368579713e-05  4.6615765477e-05 -4.3944443514e-05 -7.1239228653e-05 -1.0416555973e-03 -2.7672304881e-03  1.9197782754e-04 -9.5422012480e-06  6.1794393942e-05  9.4024612698e-05 -7.4374163705e-04 -1.0565858933e-03  2.9850491672e-04  5.2488860752e-05 -5.1085367004e-05 -1.2315217859e-04  1.8180866633e-05 -4.3808916972e-05  5.1478287491e-05  1.5196068081e-03  2.3149255435e-03 -3.5881514599e-04 -2.4728235756e-05  1.1782391548e-05 -1.9643726158e-05 -1.1857282611e-05 -4.5147409529e-06 -2.5671050151e-05 -3.4683130243e-05  3.7183508635e-05  2.8349305472e-05  2.7070174248e-05 -1.7445996141e-05 -1.9570102356e-05 -1.7527537154e-05  6.5343898538e-06  1.1846176080e-05 -1.5081254643e-05  1.7794258242e-05  6.7767560924e-06 -5.8731492338e-06 -6.4346549654e-06 -1.0700881488e-05 -5.7085530783e-06 -5.9122555145e-06 -1.1475391248e-05

JOB 11
COORDS  1.8348628211e+00 -1.0094134673e+00 -1.3882180176e-01  7.7613846067e-01 -4.4755003485e-01  5.6667307990e-01  2.9045816433e+00 -1.6211274476e+00  5.3027340183e-01  1.8459560273e+00 -1.1044335848e+00  2.6518989802e+00  7.8730172466e-01 -4.9846359867e-01  1.9714128501e+00  2.9090054678e+00 -1.6681995356e+00  1.9314463444e+00 -3.5667847451e-01  1.0963048282e-01  2.7026259879e+00  5.0022835846e+00 -2.8258287178e+00  2.0049227190e+00 -1.3119257440e+00  6.5367168374e-01  2.1764706945e+00 -2.4752936284e-01  6.1530902358e-03  4.0568455157e+00  3.8978354421e+00 -2.2379742066e+00  2.6860341617e+00  1.8400320284e+00 -9.7766977426e-01 -1.2250404316e+00 -5.6753984537e-02  2.8272127908e-02  6.0448968231e-02  3.7160965548e+00 -2.0506843426e+00 -4.6252752727e-02  1.8620703031e+00 -1.1478322849e+00  3.7350318308e+00  5.6599164439e+00 -3.2134272955e+00  2.7838684478e+00  5.5453758441e+00 -2.0828193726e+00  1.4078106902e+00  4.6799165075e+00 -3.6511739718e+00  1.3580508010e+00 -1.0456799516e+00  4.3512861021e-01  4.4194871059e+00
ENERGY -5.354492193704e+02
GRADIENT  4.1785642036e-06 -1.1685136312e-06 -3.8745122155e-05  7.3464764435e-05 -4.2224495051e-05  3.8921899362e-05 -7.8349004704e-06  6.6691242736e-06 -7.6993784981e-06  1.0591293080e-05 -2.0465253043e-06 -1.1348388788e-04 -1.0400976002e-04  5.4792087126e-05  6.0715471513e-05  3.0836056499e-05 -1.8386798577e-05  2.5456898060e-05 -3.7765838286e-05  2.3151337671e-05 -7.4003604435e-07 -1.7826560570e-05  8.7450726523e-06 -6.5443056519e-06 -9.1306152002e-06  4.2045582797e-06  8.5154061497e-06 -1.7742181970e-05  8.4123355730e-06  9.7220518778e-06  1.0345612620e-05 -5.7682600362e-06  3.9784610708e-06  3.7440634358e-06 -1.7063777623e-06 -8.7741241881e-06  3.6487192332e-06 -2.2132666025e-06  1.0067624414e-05 -4.0018037854e-07 -6.3999160821e-07  2.0436217590e-06 -1.2313812526e-05  7.4224311143e-06 -2.1463368369e-05 -1.1183687337e-05  7.6179912590e-06  5.4934680342e-06 -1.3169626593e-06  2.5672934483e-06 -1.3518383321e-06 -2.7889237798e-06 -1.0807869666e-06 -1.7170767584e-06 -3.1840479775e-06  2.4537918407e-06 -1.8854535584e-05

JOB 12
COORDS  1.8217854974e+00 -1.0546884756e+00 -1.2991706521e-01  7.8096485654e-01 -4.6662687628e-01  5.8150338174e-01  2.8658323982e+00 -1.7139055797e+00  5.3382461342e-01  1.8228936946e+00 -1.1890380332e+00  2.6600926140e+00  7.8645223682e-01 -5.3908464868e-01  1.9850765336e+00  2.8688662757e+00 -1.7761400018e+00  1.9344160804e+00 -3.3882151306e-01  9.6147767245e-02  2.7220435876e+00  5.0374836184e+00 -2.7828215717e+00  2.0287998520e+00 -1.2773895997e+00  6.7256748843e-01  2.2003447953e+00 -2.3249040651e-01 -2.1905784633e-02  4.0753117080e+00  3.8215778560e+00 -2.4190326834e+00  2.6777368410e+00  1.8299497513e+00 -1.0096807705e+00 -1.2156492597e+00 -3.3539021297e-02  4.5258545563e-02  8.0484159795e-02  3.6613728266e+00 -2.1693558726e+00 -4.5548026549e-02  1.8340052792e+00 -1.2489235232e+00  3.7424964545e+00  5.6981028458e+00 -3.1480273472e+00  2.8161955744e+00  5.4978579615e+00 -1.9184655321e+00  1.5349469143e+00  4.8782420668e+00 -3.5823283299e+00  1.2945617215e+00 -1.0181196143e+00  4.2630646760e-01  4.4420229604e+00
ENERGY -5.354487932181e+02
GRADIENT -2.5607414750e-05  6.2623042853e-06 -1.4075859376e-04 -5.3537296236e-05  4.9944643750e-05 -6.2144878835e-05 -1.0211770054e-03 -1.0486985606e-03  1.2900711871e-04 -8.1614485190e-05  3.7687509582e-05 -8.9960255897e-05  6.2173324077e-05 -1.0043829683e-05 -7.3045846218e-05  1.7656980747e-03  2.3533967216e-03  3.4491526327e-04 -6.2015842336e-05 -3.2680577902e-05  9.4130277072e-05  4.8697832675e-04  1.1791860925e-03  3.6617411482e-04  7.7051997070e-05 -1.0797589569e-05 -1.2519347374e-04  4.5471648735e-05  6.5677335646e-06  5.5944002489e-05 -1.1456672401e-03 -2.4948635464e-03 -5.1782977259e-04 -2.1067812404e-05  1.4612821586e-05 -1.7006182354e-05 -3.0187983212e-06  1.4186144023e-05 -2.4123987695e-05 -4.5309663343e-05  5.0020766504e-06  2.5923226841e-05  2.8364295475e-05 -1.1889006078e-05 -1.8996235019e-05 -1.5526175311e-05  1.1205524034e-05  1.2239288847e-05  2.3073205832e-06  8.4530842967e-06 -1.0100344056e-05 -2.5069373525e-05  3.5681144958e-06  5.2134258143e-06  2.5493859184e-06  8.3820702838e-06 -1.1375956060e-05

JOB 13
COORDS  1.7946979058e+00 -1.0858679019e+00 -1.4850923342e-01  7.7693478739e-01 -4.6682464560e-01  5.7223968856e-01  2.8108854367e+00 -1.7922762066e+00  5.0730387088e-01  1.7928771030e+00 -1.2494272626e+00  2.6413356177e+00  7.7892503796e-01 -5.5456258908e-01  1.9739815917e+00  2.8144136978e+00 -1.8650320221e+00  1.9076104131e+00 -3.2231414347e-01  1.1361349226e-01  2.7180241232e+00  5.0425317817e+00 -2.7183920441e+00  2.0717369298e+00 -1.2419356721e+00  7.2589785653e-01  2.2034477728e+00 -2.1711326373e-01 -1.9090589452e-02  4.0699796412e+00  3.7362811807e+00 -2.5763623713e+00  2.6311492198e+00  1.8015726294e+00 -1.0304201167e+00 -1.2337497061e+00 -1.8098223824e-02  8.0650114994e-02  7.7471449299e-02  3.5885034286e+00 -2.2776368218e+00 -7.3362813235e-02  1.8024008337e+00 -1.3219910609e+00  3.7229625682e+00  5.6783241939e+00 -3.0813664760e+00  2.8808031965e+00  5.4218950423e+00 -1.7564878655e+00  1.7074189175e+00  5.0553917407e+00 -3.4498991556e+00  1.2543164136e+00 -9.8646224062e-01  4.5205944840e-01  4.4424292625e+00
ENERGY -5.354476426258e+02
GRADIENT  4.8610870767e-05 -2.2077551631e-05 -4.0044305277e-05  1.0529731799e-05  4.2680013193e-06  6.5614498826e-05 -1.5130111649e-03 -1.9232307530e-03 -1.5178000162e-04  3.3951228295e-05 -2.0468303150e-05 -5.7699364695e-05 -5.1993801943e-05  3.8393859406e-05 -4.0430813189e-05  2.5845069335e-03  4.0243499567e-03  7.5467747802e-04  1.6179441827e-05  3.7496149179e-05  3.1220864716e-05  6.8849767442e-04  1.9079357154e-03  1.0448614361e-03  9.2498633642e-06 -1.4811240248e-06 -2.1958232766e-05  3.3698973145e-06  5.4117087298e-06  1.3532218484e-05 -1.8033930934e-03 -3.9758439862e-03 -1.6089576623e-03 -7.0525469841e-06  1.2596235588e-05 -5.4763736915e-06  7.8535200099e-06  4.1837272589e-06 -6.3259752860e-06 -1.3140280085e-05  2.6916652136e-06  4.4805469086e-06 -6.0635855285e-06  1.0916830771e-05 -7.4466326029e-06  1.1805148422e-05  1.4399345110e-05 -5.9244948975e-06 -3.4106934222e-06 -1.9893000596e-05 -1.3183949474e-05  5.0007753824e-06 -2.2663136571e-05  1.8295013232e-06  8.8840832650e-06  1.2160826119e-05 -1.3937077092e-06

JOB 14
COORDS  1.7601663283e+00 -1.1119356055e+00 -1.8149262946e-01  7.8090879553e-01 -4.5539661849e-01  5.6142641166e-01  2.7541287533e+00 -1.8656364533e+00  4.5286089226e-01  1.7947161677e+00 -1.2965017479e+00  2.6073240996e+00  7.9852029822e-01 -5.5424518872e-01  1.9612647275e+00  2.7760153235e+00 -1.9466284855e+00  1.8526869418e+00 -2.6320172288e-01  1.5282256044e-01  2.7264968872e+00  5.0435479603e+00 -2.6493509929e+00  2.1192924423e+00 -1.1645850709e+00  8.0765502039e-01  2.2324303473e+00 -1.4282353877e-01  3.4797938672e-03  4.0753670547e+00  3.6793983256e+00 -2.7186102079e+00  2.5441243899e+00  1.7497314818e+00 -1.0495136696e+00 -1.2662890908e+00  1.8315980159e-03  1.2860932596e-01  8.3140279078e-02  3.5003426356e+00 -2.3864328613e+00 -1.3906562535e-01  1.8176346013e+00 -1.3792094988e+00  3.6880823795e+00  5.6306481826e+00 -3.1129576709e+00  2.9139845788e+00  5.3596465178e+00 -1.6083218563e+00  1.9855070561e+00  5.2086285885e+00 -3.2038520811e+00  1.1876112291e+00 -8.8606635154e-01  5.0242644647e-01  4.4643274852e+00
ENERGY -5.354461697039e+02
GRADIENT -9.4542128918e-05 -7.0170957252e-05  4.0639648880e-04  1.1831024596e-04  3.4930929236e-05 -1.1481041914e-04 -1.1438395714e-03 -2.0774483018e-03 -6.6631956307e-04  8.6921444611e-05 -2.0406188187e-04 -1.5732559804e-04  6.5368578179e-06 -8.6268488064e-05  2.2995547283e-04  2.3018716762e-03  4.1830061710e-03  7.5198536571e-04  7.9970429114e-05  3.1971504184e-05 -2.3792559468e-04  5.0354868706e-04  1.7659490517e-03  1.4563271631e-03 -1.1361068720e-04  6.3646563577e-05  2.9443105609e-04 -7.1367651019e-05  4.9005889929e-05 -1.3938205076e-04 -1.3304310667e-03 -3.6287541382e-03 -2.1142170379e-03  1.9036736537e-05 -5.2784574751e-06  3.7036216460e-05  1.2593508340e-05  7.8557499800e-06  6.5951747899e-05 -1.2218215606e-04  1.5746634270e-05 -2.0833865422e-06 -4.4215938716e-05  4.3710978935e-05  5.3605567310e-05 -8.1321153583e-05 -1.1754129909e-05  3.8072294834e-05  3.0291778560e-05 -1.4501882755e-05 -5.4174315009e-06 -8.5986700991e-05 -4.3997963894e-05  3.7841078617e-05  8.2270139647e-06  2.2621575665e-05  3.7567652746e-05

JOB 15
COORDS  1.7063851861e+00 -1.1785454428e+00 -2.1989313635e-01  7.6545400661e-01 -4.8468238494e-01  5.4084865491e-01  2.6821790438e+00 -1.9636609785e+00  4.0219794137e-01  1.7860321350e+00 -1.3552359021e+00  2.5716808483e+00  8.0426887498e-01 -5.7881092388e-01  1.9396024278e+00  2.7246437623e+00 -2.0444677088e+00  1.8009967737e+00 -2.1767819722e-01  1.6895352114e-01  2.7197639778e+00  5.0116612201e+00 -2.5531656277e+00  2.2127180807e+00 -1.0981512114e+00  8.6075841918e-01  2.2385036323e+00 -8.4540005161e-02  1.2391721934e-02  4.0666275431e+00  3.6322977679e+00 -2.8482338233e+00  2.4583939217e+00  1.6761782072e+00 -1.1204035382e+00 -1.3045498738e+00 -1.7250376434e-03  1.2445583685e-01  7.4470417739e-02  3.3985495605e+00 -2.5208177309e+00 -1.9479727697e-01  1.8250906152e+00 -1.4353616874e+00  3.6521802813e+00  5.5854730459e+00 -3.2240547677e+00  2.8545476616e+00  5.2370956705e+00 -1.5116000749e+00  2.4722044360e+00  5.2895210824e+00 -2.7338727732e+00  1.1675776092e+00 -8.0177844101e-01  5.3981623059e-01  4.4666918639e+00
ENERGY -5.354451867419e+02
GRADIENT  5.0204921819e-05 -3.8134536342e-05 -7.3633994999e-05 -3.2913268747e-05  3.3947172872e-05  4.9811718991e-05 -7.0985121695e-04 -6.0671492848e-04  1.0524471400e-05  5.5252143366e-05 -3.5930664007e-05 -2.6763171676e-05  5.4335613355e-05 -4.8820219355e-05  1.6661505633e-05  9.4114382328e-04  1.3251112456e-03  3.7629799481e-04  3.4626955741e-05 -7.2536589233e-06 -1.5345027952e-04  4.8587526317e-05  5.4977943203e-04  6.6491651848e-04 -6.0668007554e-05  4.6187125192e-05  1.5976572413e-04 -6.1575981868e-06  1.1844445306e-05 -9.9342447511e-05 -2.9989460467e-04 -1.2143282797e-03 -9.3897660010e-04 -1.0056780549e-05  1.8975649902e-05 -7.3598650729e-06  1.2072160589e-05 -3.6151309649e-06 -1.0085067821e-05 -8.6545521655e-06 -3.0407924891e-07  1.1131011306e-05  1.0655089871e-06 -9.6232576446e-07  4.8719283505e-06  2.0047411103e-05 -4.3143542744e-06 -6.0130076409e-06  1.0557651605e-06 -6.3498138190e-06 -5.8794520722e-06 -1.2180867231e-05 -2.5808456827e-06 -2.2832478694e-06  4.4497411954e-06  1.4279281668e-06  8.4768187505e-06

JOB 16
COORDS  1.6488245612e+00 -1.2216561542e+00 -2.6566303623e-01  7.5491111799e-01 -4.9512887339e-01  5.2164184761e-01  2.6134666010e+00 -2.0388827165e+00  3.3159314045e-01  1.7961729231e+00 -1.4028578739e+00  2.5253190163e+00  8.2702511584e-01 -5.8950322033e-01  1.9190075257e+00  2.6856123336e+00 -2.1242934136e+00  1.7279678023e+00 -1.4635165179e-01  1.9461537237e-01  2.7247897040e+00  4.9511525237e+00 -2.4753321366e+00  2.3080171062e+00 -1.0091999180e+00  9.2260671132e-01  2.2656159260e+00  1.2077189708e-02  2.8132155300e-02  4.0678773162e+00  3.6029970839e+00 -2.9587454017e+00  2.3371677209e+00  1.5903358074e+00 -1.1611882996e+00 -1.3490036788e+00 -3.1594459867e-03  1.4053594365e-01  7.5987573490e-02  3.3001874045e+00 -2.6234603838e+00 -2.7487961679e-01  1.8582380773e+00 -1.4870481460e+00  3.6046067080e+00  5.5612987060e+00 -3.2315514595e+00  2.8055219050e+00  5.0336819314e+00 -1.5222141855e+00  2.8456600968e+00  5.3069820448e+00 -2.3396068300e+00  1.2791153571e+00 -6.7439036561e-01  5.8174683492e-01  4.4861439501e+00
ENERGY -5.354449046370e+02
GRADIENT  3.4857149667e-05 -3.0985468927e-05  5.1034782371e-05 -4.2721961739e-05  4.0212401189e-05  1.2208991458e-05 -1.2037997191e-04 -1.6703499723e-04 -5.7455611908e-05  4.3331958096e-05 -3.3298286302e-05  2.4797534031e-05  1.1569722226e-05 -6.0645112435e-06 -3.9734182851e-05  1.5943680914e-04  3.3173587507e-04  7.5655856101e-05 -2.2407034739e-05 -3.3702955885e-05 -1.0147588117e-05  8.9727504264e-06  1.1126295699e-04  1.6779764655e-04  4.3131738395e-06  4.9828167732e-06  5.6836478718e-06  1.4123668876e-05 -3.7096056108e-06 -7.4600801337e-06 -3.2806292736e-05 -2.2884423703e-04 -2.3042662895e-04  1.4948399745e-06  2.9497273388e-06  5.6437083440e-06 -1.9800985602e-06 -3.3457892669e-06 -4.8143428643e-06  1.2652164102e-05 -5.8880644525e-06  2.0392120377e-06 -2.3699429087e-06  2.8363457790e-07  4.1511627517e-06  7.9322991101e-06  2.4664068720e-07 -3.8682645434e-06 -9.8851455575e-07 -4.3565311330e-07  4.7149014404e-06 -7.8968329452e-06  7.3947598393e-06 -1.3243556746e-06 -2.2413746623e-07 -1.0123883620e-05 -5.1855145577e-06

JOB 17
COORDS  1.5867167183e+00 -1.2507578306e+00 -3.1681238545e-01  7.3736189943e-01 -5.0651786841e-01  5.0197734453e-01  2.5596211849e+00 -2.0836799203e+00  2.4591138829e-01  1.8321417876e+00 -1.4342233853e+00  2.4672339822e+00  8.5962489030e-01 -6.0005088743e-01  1.8964641939e+00  2.6776378902e+00 -2.1729498365e+00  1.6376790617e+00 -6.8288434439e-02  2.0271815706e-01  2.7365586323e+00  4.8906625390e+00 -2.4146237129e+00  2.4163615672e+00 -9.3354003732e-01  9.4640111279e-01  2.3083052272e+00  1.3695524631e-01  3.4808532796e-02  4.0733635747e+00  3.6129975238e+00 -3.0242245571e+00  2.1961378646e+00  1.4906264038e+00 -1.1879832458e+00 -1.3973153057e+00 -2.4282980011e-02  1.4357769008e-01  8.3985147201e-02  3.2205486896e+00 -2.6782648802e+00 -3.7913811696e-01  1.9264766633e+00 -1.5214632568e+00  3.5441494053e+00  5.5315970540e+00 -3.1848950771e+00  2.8496722798e+00  4.8082580858e+00 -1.5700175591e+00  3.1123437038e+00  5.3267174206e+00 -2.0613068194e+00  1.4730768942e+00 -5.2332212746e-01  6.0137462369e-01  4.5157643045e+00
ENERGY -5.354448657643e+02
GRADIENT  1.1734329238e-05 -8.4018658014e-06  2.1028047433e-04 -8.7407209315e-05  6.6882372646e-05 -7.7246305603e-05  1.3409988242e-04 -1.1686843907e-05 -8.2122733475e-05 -2.6136996437e-05  9.2353273443e-06 -9.9729254294e-05 -2.5776462420e-05  3.6400514220e-05 -1.8330956752e-05 -8.2322087524e-06 -1.2566747900e-04 -5.9061121781e-05 -5.5851988946e-05 -2.8158904038e-05  8.2238876084e-05  1.9386669156e-05 -4.1602019359e-05 -9.9018699991e-05  3.5535435085e-05 -1.0279043075e-05 -9.2597699173e-05  2.0242240246e-05 -1.6730950777e-05  4.8640444666e-05 -6.6397732070e-06  1.0023615115e-04  1.5088792142e-04  7.6278657560e-06 -3.6509025479e-06  1.9171160808e-05 -1.2069703807e-05  1.0913760010e-05  6.5236727697e-06  1.7983329425e-05 -4.3557433031e-06 -2.3755311727e-06  4.7656200562e-06 -1.7600790027e-06 -1.8615336982e-05  1.1660533468e-05  1.9481709650e-06 -1.2891678563e-05  1.5298946073e-06 -1.6031128027e-06  1.2361548126e-05 -4.4510581029e-07  1.6118412080e-05  1.0736234569e-05 -9.7199311457e-07 -1.0402827295e-05 -1.2199141954e-05

JOB 18
COORDS  1.4933375998e+00 -1.2582000171e+00 -3.4572038832e-01  6.9470351268e-01 -5.0825482841e-01  5.1686640619e-01  2.4935005240e+00 -2.0927134215e+00  1.6573597681e-01  1.8877577559e+00 -1.4407694477e+00  2.4217856156e+00  8.9277943275e-01 -6.0009025290e-01  1.9032283460e+00  2.6855820488e+00 -2.1841156352e+00  1.5484137917e+00  1.5438728391e-02  2.0715567133e-01  2.7919756352e+00  4.8362271752e+00 -2.3936947573e+00  2.5052376328e+00 -8.7293877195e-01  9.5028539898e-01  2.4132152872e+00  2.9865741269e-01  4.5122589408e-02  4.1154957266e+00  3.6485065493e+00 -3.0455350494e+00  2.0389708880e+00  1.3411880626e+00 -1.1948764377e+00 -1.4197472352e+00 -8.4550075399e-02  1.4619023693e-01  1.4030697405e-01  3.1226655711e+00 -2.6870625220e+00 -4.9105950226e-01  2.0309588730e+00 -1.5280456260e+00  3.4933524562e+00  5.4960081122e+00 -3.1807453769e+00  2.8753231665e+00  4.6138314232e+00 -1.6915271607e+00  3.3182308321e+00  5.3294675376e+00 -1.8525604103e+00  1.6876211306e+00 -3.3479399454e-01  6.1379917577e-01  4.5930243847e+00
ENERGY -5.354450198078e+02
GRADIENT -1.0865476023e-04  7.9977373121e-05 -2.8714380437e-04  2.0810655482e-04 -1.8367647283e-04  1.1607012601e-05  1.4161588597e-04  3.8427890735e-04  2.4781782294e-04 -1.3040703869e-04  7.1034060950e-05 -2.5910796482e-04  1.1048952728e-05  7.9001866107e-05  2.4944509082e-04 -1.3267921536e-04 -4.8330996983e-04 -1.7265184062e-04 -1.1497240164e-04 -1.1326511021e-04 -8.7711012514e-05  1.8177118968e-04 -2.9733012788e-06 -3.2297806207e-04 -1.7838508325e-05  9.2542264599e-05  1.3215497812e-04 -1.8741926143e-05  6.1308720048e-05 -8.8687501227e-05 -3.4404131028e-05  3.5634080697e-06  5.6263088446e-04 -8.0242683218e-07 -3.8752546938e-06 -3.3642581800e-05  3.0862265891e-05 -1.9127824738e-05  9.7785784609e-06 -2.2211503620e-05  2.6480575536e-05  5.0384577225e-06  1.9417575184e-05 -2.0624761425e-05 -2.4523459448e-05  1.5819178777e-05  1.1172980783e-05  1.1022156671e-05 -8.2569355717e-06  1.1183980966e-05 -5.9571915994e-06  3.9666781061e-06  3.4468047313e-06  3.9052589654e-08 -6.1995761828e-06 -1.2254427098e-06  2.7359849660e-06

JOB 19
COORDS  1.4131314273e+00 -1.2628040634e+00 -3.8454971380e-01  6.5183810131e-01 -5.1225475035e-01  5.1090478807e-01  2.4484464842e+00 -2.0804272915e+00  7.9797118713e-02  1.9533600085e+00 -1.4173043531e+00  2.3600589707e+00  9.2541772071e-01 -5.9046185093e-01  1.8847632226e+00  2.7129536920e+00 -2.1606415869e+00  1.4519665684e+00  8.9517184726e-02  2.1697251853e-01  2.8122869990e+00  4.7929098361e+00 -2.3939941339e+00  2.5769769945e+00 -8.2645537213e-01  9.4651774870e-01  2.4754100050e+00  4.4568859125e-01  7.1889849056e-02  4.1205815304e+00  3.7114707329e+00 -3.0145695322e+00  1.8721691857e+00  1.2078193187e+00 -1.2086736062e+00 -1.4501870150e+00 -1.5158469373e-01  1.3245317244e-01  1.7025408475e-01  3.0538527805e+00 -2.6694647302e+00 -6.0330847987e-01  2.1441685397e+00 -1.4872513129e+00  3.4250070611e+00  5.5082209670e+00 -3.1881565431e+00  2.7982713016e+00  4.4598107955e+00 -1.9384855521e+00  3.5168461370e+00  5.2716063296e+00 -1.6283719707e+00  1.9540172939e+00 -1.6742542730e-01  6.3921278477e-01  4.6254643847e+00
ENERGY -5.354453883073e+02
GRADIENT  8.1644123361e-06  2.4667132622e-05  7.7072585064e-05 -1.1607792973e-05  5.2025135799e-07 -3.7390189571e-05  7.5031489633e-04  5.7117853311e-04 -1.4198319541e-04  5.0603624991e-05 -2.2758775146e-05  2.6887568677e-04  9.3232897860e-05 -6.2658331358e-05 -5.8561114237e-05 -9.2981302365e-04 -8.2686831018e-04 -3.3443570771e-04 -1.7747799008e-05 -5.7667307006e-05 -4.0184659540e-05  4.4645213390e-04  1.5011736201e-04 -7.7946316225e-04  9.2779285725e-06  1.3861412480e-05  1.3670570948e-05  5.4089233942e-07  1.7457178855e-05 -3.5284660230e-05 -4.0168407167e-04  1.9876873811e-04  1.0224528641e-03  2.2397448228e-05 -1.8349105369e-05  1.7244502803e-06 -5.6070790966e-06 -7.1810773229e-06 -8.8956269704e-06  6.4956158707e-06 -1.2877579051e-05 -3.3310044560e-05 -7.6331590544e-06  8.6205896980e-06  3.0634540761e-05 -7.3532162089e-06  2.9443148492e-06  1.5688222266e-05 -1.5260362037e-05  1.0627581693e-05  7.0625206786e-06  9.2986989607e-06 -4.2790885258e-06  1.1910562032e-05 -1.0043679316e-05  1.8638483680e-06 -5.8677664981e-06

JOB 20
COORDS  1.3707742481e+00 -1.3162934175e+00 -4.2366819217e-01  6.2004412584e-01 -5.6105464365e-01  4.7847381049e-01  2.4412168151e+00 -2.0943230456e+00  2.3418839262e-02  2.0119852052e+00 -1.3835552485e+00  2.3020926257e+00  9.4659824710e-01 -5.9492488741e-01  1.8411478457e+00  2.7534058076e+00 -2.1396081241e+00  1.3891456966e+00  1.3013032354e-01  2.2253623259e-01  2.7770917436e+00  4.7322421431e+00 -2.3918465484e+00  2.6992748582e+00 -8.1157483552e-01  9.2562658158e-01  2.4552828372e+00  5.3675997412e-01  1.2094877450e-01  4.0752346017e+00  3.7988956893e+00 -2.9483591018e+00  1.7678595088e+00  1.1317831826e+00 -1.2912593607e+00 -1.4833514901e+00 -2.0922870635e-01  5.6362065467e-02  1.4977025163e-01  3.0420834130e+00 -2.6800625898e+00 -6.6631357410e-01  2.2434051607e+00 -1.4049084506e+00  3.3603934435e+00  5.5947487462e+00 -3.0606847836e+00  2.6985858644e+00  4.3193325533e+00 -2.3464625455e+00  3.7139154036e+00  5.0417977974e+00 -1.3877160561e+00  2.3870179776e+00 -6.7759193937e-02  6.9217418950e-01  4.5860171340e+00
ENERGY -5.354464167061e+02
GRADIENT  1.8078042083e-05 -2.8636175330e-05  5.6425962911e-06 -3.0749142129e-05  3.5310063577e-05  7.9620221328e-06  1.5267121090e-03  1.8725872512e-03 -2.9203401604e-04  1.7774414521e-05 -5.4867259856e-06  2.8210233200e-05  1.9071625828e-05  1.5624403050e-05 -6.3905840709e-05 -1.6647862854e-03 -2.3035009437e-03 -4.2409376085e-04 -1.0609487111e-04 -1.2898293402e-04  4.6306282580e-05  1.3087609599e-03  8.3931651698e-04 -1.7905364768e-03  4.4588579653e-05  2.8660152843e-05 -5.5504135952e-05  3.7627704490e-05  2.6052481378e-05  1.8677743639e-06 -1.1814927309e-03 -3.9363614363e-04  2.5322481587e-03 -1.9090495870e-06 -4.0428484940e-06  3.8524519126e-06 -4.0603901207e-06 -6.7499816825e-06 -1.3670198012e-05  9.6216025112e-06 -3.6751625701e-06  1.0679124953e-05 -1.2164138260e-06 -4.0043149729e-06 -1.8858425054e-06  5.6724258820e-06  1.3100905753e-05  8.4885582769e-06  1.2025774076e-05  7.1980694362e-06  7.2961609421e-06  2.4483778691e-06  8.4934316170e-06  1.0941085760e-05 -8.5443551574e-06 -2.3095128867e-06 -7.8946788468e-06

JOB 21
COORDS  1.3211302540e+00 -1.3231993943e+00 -4.3888928594e-01  5.9317159701e-01 -5.6444665763e-01  4.8053289641e-01  2.4231799070e+00 -2.0714198258e+00 -2.4532889141e-02  2.0818752362e+00 -1.3216864613e+00  2.2576759267e+00  9.8001604982e-01 -5.6489360053e-01  1.8263771557e+00  2.7967212734e+00 -2.0837367486e+00  1.3283814447e+00  1.9035056559e-01  2.5681554076e-01  2.7812671618e+00  4.6763106161e+00 -2.4336529549e+00  2.7640102077e+00 -7.7550305139e-01  9.3980150300e-01  2.4889899145e+00  6.5178686639e-01  1.8350646015e-01  4.0633034542e+00  3.8800895549e+00 -2.8573838386e+00  1.6558018711e+00  1.0378080680e+00 -1.3236147823e+00 -1.4878860872e+00 -2.6151904585e-01  3.0293610507e-02  1.7636224786e-01  3.0059611295e+00 -2.6578965506e+00 -7.2899271117e-01  2.3581310254e+00 -1.3081918922e+00  3.3046555052e+00  5.5998201457e+00 -3.0122178379e+00  2.7087648010e+00  4.1825634397e+00 -2.6417015224e+00  3.7208989684e+00  4.9046260753e+00 -1.3636027567e+00  2.6962915435e+00  6.0251627544e-02  7.5500608410e-01  4.5887404958e+00
ENERGY -5.354480834313e+02
GRADIENT -5.7914529652e-05  5.1921468977e-05 -2.6444544796e-05 -1.4667123721e-05 -1.5240826153e-05 -6.2390174566e-05  1.6498005220e-03  1.9818064504e-03 -3.4242349948e-04 -1.6550962465e-05  3.2604358792e-05  2.1272056533e-04  1.8210791500e-04 -1.1903010679e-04  1.3578026296e-05 -1.7455244967e-03 -2.2023805298e-03 -2.9905709612e-04 -2.3034560922e-05 -5.0786051081e-05 -1.1333737012e-04  1.5028034619e-03  1.4354892570e-03 -1.5505137613e-03 -1.5726381855e-05  2.8859062417e-05  1.2145151960e-04 -3.3428832843e-05 -5.3614910010e-06 -9.7188655405e-05 -1.4549723192e-03 -1.1692615791e-03  2.1470817933e-03 -1.5161270545e-06 -1.3446468733e-05 -2.8526753262e-06  5.9890739414e-07 -1.2132816193e-05 -1.0113227236e-05 -4.5694412354e-06  7.7523054156e-06 -2.3728107093e-05  1.5428899865e-05  1.7332918741e-06  2.2785224866e-05  8.4214114076e-06  1.0523779007e-05 -6.7658245454e-07  4.2161318828e-06 -1.1156098388e-06 -1.2950191855e-05  1.0813589735e-05  4.7985823654e-06  5.0543590553e-06 -8.7352528546e-06 -8.2368935463e-06  3.8484793227e-06

JOB 22
COORDS  1.2848049306e+00 -1.3580710685e+00 -4.4663021939e-01  5.5508562763e-01 -6.1144612144e-01  4.8280653714e-01  2.4315960862e+00 -2.0474302268e+00 -5.7618421625e-02  2.1415719052e+00 -1.2597535803e+00  2.2189504575e+00  9.8915967804e-01 -5.6491173542e-01  1.8120524136e+00  2.8593266432e+00 -2.0074580748e+00  1.2802990678e+00  1.9677513950e-01  2.4029223235e-01  2.7786992564e+00  4.6440326236e+00 -2.4566375197e+00  2.8083294588e+00 -8.0894135972e-01  8.7299584898e-01  2.5083334876e+00  7.0492628626e-01  2.1424774911e-01  4.0451692305e+00  3.9905592701e+00 -2.7215103360e+00  1.5683735279e+00  9.6303032010e-01 -1.3980613712e+00 -1.4837002071e+00 -3.3709223671e-01 -6.4268848281e-02  1.9782474621e-01  3.0123514763e+00 -2.6264524987e+00 -7.6989906166e-01  2.4499102989e+00 -1.2059289979e+00  3.2549290018e+00  5.5814550579e+00 -3.0134247160e+00  2.7762402238e+00  4.0476265009e+00 -2.8054882176e+00  3.6601946034e+00  4.8546913249e+00 -1.3866104413e+00  2.9234729500e+00  1.0660942720e-01  7.7006866818e-01  4.5796587919e+00
ENERGY -5.354494418954e+02
GRADIENT  3.0647732529e-05 -2.1596837550e-05 -5.0327356603e-05  5.3328222071e-05 -5.4403104951e-05  5.4768743959e-05  8.2034648986e-04  1.3009059055e-03 -3.0305059848e-04 -1.4518488511e-05 -7.7152859826e-07 -1.3502096657e-04 -5.4817353281e-05  4.2560610143e-05  9.1191240787e-05 -7.4244070634e-04 -1.3451452381e-03  1.7152504703e-04  7.7716500763e-06  2.0388597766e-05 -9.6358635101e-05  8.6896614279e-04  1.0933014849e-03 -7.1953189978e-04 -3.6679575724e-05  1.3667352187e-05  1.0558055705e-04 -4.1994817273e-05  2.5195338309e-06 -2.4236891750e-05 -9.0075463059e-04 -1.0647571077e-03  9.0542815335e-04 -3.8303667397e-06 -3.3563185208e-06 -6.4649137969e-06  6.8651401793e-06 -1.1976874429e-05  7.0742471352e-06  1.0895810044e-07 -3.1347554438e-06  1.1015474873e-05 -2.3394981802e-05 -1.3412267237e-05 -1.4260708341e-05  2.3388073324e-06  7.4170693801e-06 -8.5625563037e-06  6.6587163233e-06  1.4265669964e-06 -2.4449023708e-05  3.8217024999e-07  2.5944552337e-05  1.3546076475e-05 -8.8607406455e-06 -8.8989831911e-06  8.6066830563e-06

JOB 23
COORDS  1.2654071168e+00 -1.3873780126e+00 -4.3881262406e-01  5.3172015587e-01 -6.4953668408e-01  4.9496609854e-01  2.4513846548e+00 -2.0178203500e+00 -6.9657531757e-02  2.1988378050e+00 -1.1824728940e+00  2.1948089847e+00  1.0031918804e+00 -5.5119557871e-01  1.8081312227e+00  2.9229685543e+00 -1.9172785722e+00  1.2508181356e+00  2.0358150933e-01  2.3951636891e-01  2.7807924530e+00  4.6147308971e+00 -2.4982483107e+00  2.8393185614e+00 -8.3918676749e-01  8.1691127864e-01  2.5274647602e+00  7.5102043935e-01  2.6920183863e-01  4.0308350585e+00  4.0954364840e+00 -2.5705369475e+00  1.5137299912e+00  9.1134569776e-01 -1.4726119963e+00 -1.4625386147e+00 -3.9370553954e-01 -1.5175903638e-01  2.2596655899e-01  3.0317160365e+00 -2.5942579574e+00 -7.8440100389e-01  2.5350074692e+00 -1.0862998585e+00  3.2187065769e+00  5.5383942638e+00 -3.0780630145e+00  2.8289240487e+00  3.9182911706e+00 -2.9355862825e+00  3.5651215841e+00  4.8379066190e+00 -1.4629089539e+00  3.1244762825e+00  1.4391278084e-01  8.1030784290e-01  4.5704751155e+00
ENERGY -5.354499634328e+02
GRADIENT  1.4354604017e-05  4.0708505053e-06  1.4213569850e-05  1.0248469188e-04 -6.4847526824e-05  2.8545240225e-05  3.2238406282e-05 -3.5476373117e-05 -7.7263325442e-05 -2.2408647039e-05 -1.3756920620e-05 -1.6689968452e-04 -1.4411879362e-04  1.1454128213e-04  1.0278906693e-04  7.7633733989e-06 -3.4298155540e-05  4.1756892149e-05  1.3487789754e-05  3.6753465308e-05  5.4135280132e-05 -1.0828988469e-05  7.2209324223e-09 -1.1685583292e-05 -9.2873815636e-06 -1.1905125401e-05 -3.8872829015e-05 -7.5736382636e-06  6.7703445580e-06  5.6840132252e-05  4.6264110409e-06  1.4584592108e-05 -2.9722098707e-05  6.8391910061e-06 -8.8053103349e-06 -3.5603802294e-06  9.1166424424e-06  1.4162560764e-06  1.9277635954e-05  3.0480469873e-06 -6.3368361437e-06 -4.3281687662e-06 -2.2061981282e-05 -9.9573149009e-07 -1.9889254155e-05  1.5342016157e-07  5.2882239229e-06 -5.2817027392e-06 -6.8547467158e-06  7.7459915765e-07  2.0738750950e-06  5.1609453669e-07 -5.5375274150e-06 -6.9587687874e-06  1.8526955446e-06 -1.6023731770e-06 -6.2593628227e-07

