JOB 0
COORDS  2.6391076185e-01 -1.0007168984e+00  6.2758186590e-01  1.3262479195e+00 -8.4796539587e-02  2.5871822365e+00 -2.2070340159e-01 -2.0133226313e+00  1.4405641641e+00  1.0673293923e+00  8.2021006222e-03  1.2135266090e+00  7.7562700581e-01 -1.1611137121e+00  3.3108716839e+00  2.6096008254e+00  1.9225304211e+00  9.0007224854e-01  1.6913576441e-02 -2.1208550861e+00  2.7597702405e+00  9.6450470776e-01 -1.2513076931e+00  4.6899763528e+00  1.5383978734e+00  1.0540641473e+00  4.3786026951e-01  2.4898280568e-02 -9.8031486020e-01 -4.3254851249e-01  1.9237621493e+00  6.5997609214e-01  3.1024602650e+00 -8.3855189797e-01 -2.8000659313e+00  1.0089912370e+00  2.2736639620e+00  2.5277392549e+00  1.7485349173e+00  2.8788791301e+00  2.6082466879e+00  9.3546941666e-02  3.5090058399e+00  1.3670150858e+00  1.2054308730e+00  1.8371776900e+00 -8.7323829142e-01  5.0379153157e+00  7.6120360932e-01 -2.1794134425e+00  5.0448136353e+00  1.5397686799e+00  8.6165697760e-01 -5.5505355421e-01
ENERGY -3.983878899181e+02
GRADIENT  1.8987392446e-04 -1.4650173846e-04 -8.8774646985e-05 -2.1877639166e-05  2.8781501940e-05  8.9858367491e-06  2.8952255448e-05  5.0971043000e-05  1.5055630393e-05 -2.0118785895e-04  8.8095494882e-06  5.2230587525e-05 -4.9664912386e-05 -6.4803328344e-05 -6.1120296140e-05  2.1132669079e-04 -1.9770234122e-04 -1.2450670343e-04  1.8932068185e-05 -1.9365091847e-07  4.7079305679e-05 -2.3556416417e-05  2.9633083306e-05  1.7166082505e-05 -1.5804528574e-04  3.2824564571e-04  1.2841969668e-04 -2.1937299571e-06  3.9159333639e-06 -4.1363968276e-06 -8.9625548112e-06 -6.3235922881e-06  5.9468081819e-06  8.2610343734e-07  2.0817405404e-06  1.2938444518e-05  3.9410159347e-07  1.0178084581e-05  7.1383213077e-06  3.9913283003e-06  8.2945085927e-06  3.8471496998e-06 -2.1386742207e-05  1.5389948685e-05 -4.5281264398e-06  7.4365550806e-06 -1.3998643514e-05 -1.0334908384e-06 -3.9572999152e-06 -5.5505768189e-06  3.0600771217e-06 -2.0222297154e-05 -6.9911923851e-05  1.2791470059e-05

JOB 1
COORDS  2.9024822923e-01 -9.8410894287e-01  6.2894610008e-01  1.2582577398e+00 -3.3001097002e-02  2.6184805795e+00 -1.4444400046e-01 -2.0382945204e+00  1.4192323195e+00  1.0088754107e+00  6.8025756268e-02  1.2443082583e+00  7.6875947370e-01 -1.1532513643e+00  3.3177547474e+00  2.6554139908e+00  1.8720052361e+00  8.6682830692e-01  8.0001931379e-02 -2.1501846472e+00  2.7392448353e+00  9.4250385648e-01 -1.2548963387e+00  4.6975712916e+00  1.4411080204e+00  1.1541813082e+00  4.9159701909e-01  7.5870530121e-02 -9.6790724179e-01 -4.3662830841e-01  1.7971178798e+00  7.4311515411e-01  3.1525484291e+00 -6.9876190339e-01 -2.8588894319e+00  9.6495536019e-01  2.4881875340e+00  2.4686051857e+00  1.7688323320e+00  2.9148870267e+00  2.5645482514e+00  6.2703981932e-02  3.5071135612e+00  1.1999915526e+00  1.0479346901e+00  1.7809235449e+00 -8.2383660745e-01  5.0672479831e+00  7.9458626411e-01 -2.1994967680e+00  5.0356825962e+00  1.3749880422e+00  9.7995636924e-01 -5.0385881219e-01
ENERGY -3.983870145525e+02
GRADIENT  2.1776085508e-03 -1.1913463172e-03 -3.7477295412e-04 -1.1671186054e-05 -2.0031007034e-05  1.4884395487e-05 -8.5153258534e-05 -1.2036533076e-04 -1.3601209576e-04 -2.5498073828e-03  1.0912472221e-03 -2.7889255962e-05  3.6617817667e-05  3.6415264785e-05  5.0234401371e-05  1.2410622833e-03 -1.5451245815e-03 -1.4183227416e-03  9.0149912119e-06  6.7524797000e-05 -3.6404768422e-05 -7.9692655994e-06  1.1067117285e-05  3.9277936683e-05 -7.3131628314e-04  1.6907705027e-03  1.9137923740e-03 -6.4564850779e-06 -7.4501972317e-06  9.0293366505e-06 -4.4836250034e-06 -1.5705823109e-06 -1.9643871649e-06 -1.3380905510e-05 -7.9127736261e-06 -1.8386994051e-05 -4.6426670985e-05 -2.4908275444e-05 -5.8842754379e-06 -6.7941086202e-06 -1.2809809776e-05 -6.2716108396e-06 -1.4179075970e-05 -6.5457798410e-06 -5.8996993160e-07  3.0967847860e-06 -4.1203057562e-06  6.3214670070e-06  5.3314446912e-06 -6.3477903668e-06  6.1407286981e-06 -4.5071824409e-05  2.1506755015e-05  8.2764812621e-06

JOB 2
COORDS  3.4108049559e-01 -9.5859389063e-01  6.4034029162e-01  1.1943817154e+00  2.4480500618e-02  2.6641995514e+00 -5.4324855728e-02 -2.0462483894e+00  1.4092633816e+00  9.7436836066e-01  1.2669631406e-01  1.2859415022e+00  7.5963513928e-01 -1.1314403606e+00  3.3394013464e+00  2.7064511280e+00  1.8144881519e+00  8.0671352455e-01  1.4475759075e-01 -2.1602843818e+00  2.7314407498e+00  9.0390925275e-01 -1.2411186493e+00  4.7214159808e+00  1.3759605796e+00  1.2523687776e+00  5.5987119750e-01  1.6091637558e-01 -9.4639910192e-01 -4.3164317002e-01  1.6644611753e+00  8.3122303465e-01  3.2183616964e+00 -5.4622892977e-01 -2.8933274667e+00  9.3225029538e-01  2.7433279438e+00  2.3020242561e+00  1.7844456835e+00  2.9053447006e+00  2.5819647947e+00  5.4450291844e-02  3.5026237113e+00  1.0567917742e+00  7.6619792893e-01  1.7043280105e+00 -7.6567936722e-01  5.1195375341e+00  8.0029303059e-01 -2.1961229524e+00  5.0462680995e+00  1.2179576727e+00  1.1110208489e+00 -4.3204475716e-01
ENERGY -3.983850787727e+02
GRADIENT  3.2999265631e-03 -1.4959061470e-03 -6.3335557102e-04 -6.8302570216e-06 -2.8881726470e-05  1.8848402359e-05  1.3385635133e-05 -2.9984300155e-05  7.4870502309e-05 -4.3388342443e-03  1.2570740308e-03 -4.1342179691e-04  3.4721495500e-05  7.9987894544e-05  6.1772913250e-05  1.3134067830e-03 -2.1092205296e-03 -2.4501891276e-03 -2.9792832848e-05 -5.1538506944e-05 -7.3833578916e-05  3.7908520680e-05 -1.0646264250e-05 -2.3112045654e-05 -2.6907681283e-04  2.4704440458e-03  3.4261570180e-03  2.2315861083e-06 -1.2218631823e-05 -2.8624390672e-06 -8.4527856053e-06 -4.1936726314e-06  2.5054540078e-06 -5.3427321534e-06  2.6595513276e-06 -1.2309142069e-05  2.2173760898e-07 -2.8072577024e-06  1.5147960149e-06 -2.9982706061e-06  8.1140888693e-06  4.7226431655e-06  2.5591561100e-06  8.0994033699e-07 -2.9161753385e-06 -7.5951952588e-06 -1.2076262945e-05  1.0368715954e-06 -2.5851061102e-05 -5.5140416462e-07 -6.0033146421e-06 -4.5620216705e-05 -1.0306610439e-04  1.6719611903e-05

JOB 3
COORDS  3.9712235076e-01 -9.3544803262e-01  6.6631760114e-01  1.1229390792e+00  7.7066232011e-02  2.7237095797e+00  3.7319726374e-02 -2.0515691212e+00  1.4154802747e+00  9.4507758820e-01  1.7550466361e-01  1.3405026990e+00  7.4069692635e-01 -1.1086865222e+00  3.3775878065e+00  2.7340062952e+00  1.7420122552e+00  7.3250097476e-01  2.0454995087e-01 -2.1649017528e+00  2.7407520901e+00  8.4622933018e-01 -1.2235094379e+00  4.7622471670e+00  1.3228623244e+00  1.3400947617e+00  6.4538948689e-01  2.5463746939e-01 -9.2490910224e-01 -4.1130366464e-01  1.5166602400e+00  9.1408771835e-01  3.2933181579e+00 -3.9280526659e-01 -2.9206041915e+00  9.1866385583e-01  2.9831810281e+00  2.0272903588e+00  1.7570687802e+00  2.8881290223e+00  2.6202922910e+00  9.9690882432e-02  3.4254300641e+00  9.4603131861e-01  4.1789417259e-01  1.6033194985e+00 -7.0591931336e-01  5.1911987840e+00  7.8506246985e-01 -2.1851873774e+00  5.0778682480e+00  1.0530405020e+00  1.2546155785e+00 -3.3028565521e-01
ENERGY -3.983827925671e+02
GRADIENT  3.5381167749e-03 -1.4034704823e-03 -5.3422594233e-04 -5.8173303506e-06 -1.5757402163e-05  5.4868723755e-06  2.7570049362e-05  8.5495989677e-06  5.5847854045e-05 -5.0562570902e-03  1.2147445207e-03 -6.6382210899e-04  1.3787322529e-05  3.2165369931e-05  3.2359642800e-05  7.2244414790e-04 -1.9656652424e-03 -2.8360148952e-03 -1.7058203595e-05 -3.6383049226e-05 -3.6366526857e-05  2.9454095806e-05 -1.0642675797e-05 -2.3597337497e-05  8.3021689340e-04  2.2376762460e-03  3.9514016013e-03  5.1422050179e-06 -2.1891331837e-06 -7.2494011012e-06 -3.4628231141e-06 -2.9390300550e-06 -3.0766095889e-06 -1.3500429031e-06  4.3425527256e-06 -6.5878020623e-06  4.5427067865e-06  1.4333162092e-06 -2.0808070276e-07  4.2593920011e-06  7.8548701451e-07 -2.9062970680e-07  4.0176071595e-06  3.7156171473e-06 -8.2693669446e-07 -5.1513632690e-06 -8.1875399820e-06 -3.8386445823e-06 -1.7113930304e-05 -3.6524727602e-07 -7.3439777768e-06 -5.9028281185e-05 -7.6125773539e-05  2.1147484641e-05

JOB 4
COORDS  4.6669556875e-01 -9.1065742899e-01  6.8994581986e-01  1.0623023801e+00  1.1168724565e-01  2.7836268997e+00  1.4328832022e-01 -2.0564547214e+00  1.4130267296e+00  9.2714976995e-01  2.1634482994e-01  1.3983944882e+00  7.2870010804e-01 -1.1032157528e+00  3.4115925036e+00  2.7417603840e+00  1.6630056951e+00  6.5084901658e-01  2.7397215232e-01 -2.1767817606e+00  2.7412712233e+00  7.9307357991e-01 -1.2321219841e+00  4.7968310588e+00  1.2916061727e+00  1.4195757713e+00  7.4246267358e-01  3.6175225533e-01 -8.9165485225e-01 -3.9179318912e-01  1.3876973656e+00  9.6836973190e-01  3.3676255150e+00 -2.2315023666e-01 -2.9411663851e+00  8.9340178724e-01  3.1611536462e+00  1.7751646809e+00  1.6535564302e+00  2.9095832232e+00  2.5992889067e+00  1.1083743501e-01  3.2832560742e+00  8.5139020825e-01  1.4116338881e-01  1.4999153546e+00 -6.7499918904e-01  5.2604449706e+00  7.7517923210e-01 -2.1992442235e+00  5.1007803791e+00  9.0528567917e-01  1.4084919685e+00 -1.9857189122e-01
ENERGY -3.983804826710e+02
GRADIENT  3.6651257131e-03 -1.2716802979e-03 -3.3518637177e-04  3.1323203503e-06  8.3204257832e-06 -9.9879821263e-06 -1.8965434875e-06 -8.0271468847e-06 -2.5368640151e-07 -5.5861566178e-03  1.2129956973e-03 -8.6857998644e-04  2.8201390967e-06  1.1960963780e-05  2.8850951369e-05  7.2914737587e-05 -1.6962594990e-03 -3.0094624180e-03 -6.3476400063e-06 -3.9016790878e-06 -1.5351272836e-05  2.1362845400e-05 -4.7725060214e-06 -1.6590527780e-05  1.8774458929e-03  1.8383441312e-03  4.1863166085e-03  2.9928277149e-06  2.5212978355e-06  7.2940330046e-07 -1.1046812400e-06 -1.2593667919e-06 -2.3434618669e-06 -4.1664525885e-06  2.3036103465e-06 -3.6851757086e-06  1.2514847354e-05 -1.5360792156e-06 -6.2474316592e-07  5.8841513607e-06  3.5529484561e-06  2.9388235181e-06  4.9212887121e-06  6.9404172543e-08 -4.3413678210e-06 -9.3903797136e-06  3.7462091239e-07 -1.1342906943e-06 -1.3348261057e-05  4.1436736034e-06 -4.0175573331e-06 -5.7927240543e-05 -7.3616387362e-05  2.5857307410e-05

JOB 5
COORDS  5.5572554550e-01 -8.7650730351e-01  7.1070170817e-01  1.0179055305e+00  1.3202957683e-01  2.8438667901e+00  2.5408247914e-01 -2.0493893777e+00  1.3997364810e+00  9.3526485271e-01  2.5409266050e-01  1.4588944426e+00  7.1198985199e-01 -1.1088783912e+00  3.4383660869e+00  2.7367110617e+00  1.5965234106e+00  5.4591900138e-01  3.3408855397e-01 -2.1867889369e+00  2.7305634855e+00  7.2409352700e-01 -1.2598904942e+00  4.8219760258e+00  1.2960888099e+00  1.4927518274e+00  8.4564626179e-01  4.9454778412e-01 -8.4005096645e-01 -3.7388600348e-01  1.2870470535e+00  9.9444326167e-01  3.4476536936e+00 -5.2675580355e-02 -2.9399605072e+00  8.5235012474e-01  3.3031844408e+00  1.5836232766e+00  1.4809587052e+00  2.9268230426e+00  2.5520974416e+00  4.8261270490e-02  3.1092848597e+00  7.7909046927e-01 -9.0886594259e-02  1.3799637030e+00 -6.7602069644e-01  5.3257679818e+00  7.3748393823e-01 -2.2313208906e+00  5.1119677577e+00  7.8735102808e-01  1.5734877431e+00 -3.2956535006e-02
ENERGY -3.983782285840e+02
GRADIENT  3.5012919911e-03 -1.0507959547e-03 -1.2348930852e-04  4.6658504830e-06  6.8452126997e-05  1.6583134857e-04  5.7770489543e-05  1.0776434264e-04  2.6206587745e-04 -5.5504623394e-03  1.0776196516e-03 -9.6036590740e-04 -5.9786974531e-05 -6.5692867272e-05 -4.2579232622e-04 -6.1169103791e-04 -1.3141268273e-03 -2.9230138118e-03 -3.4554229769e-05 -1.6093692275e-04  1.7467735569e-04 -5.1803192598e-05 -4.9359607859e-05 -1.4115908534e-04  2.6717604837e-03  1.3287707262e-03  3.9710931193e-03  1.2563775274e-05  8.1504385283e-06 -4.8681952878e-06  2.2200188612e-05  3.8188792332e-05 -1.8517718522e-05 -7.8379066157e-06  9.7090227027e-07  6.0298372802e-05 -2.0070186824e-05  2.0700792390e-05  7.1936381308e-06 -5.9997604803e-07 -1.6109356556e-05 -1.1447846131e-05  2.4225302026e-06 -3.8300097359e-06  9.8141049165e-06  5.5454819388e-06  2.9414311910e-06 -3.2774733844e-05 -5.3292496526e-06 -6.8971682503e-06  5.3535157751e-06  3.0793681376e-05  3.0971766876e-05  1.1265349978e-05

JOB 6
COORDS -2.2028767485e-01  8.7900395530e-02  1.3577687020e+00  1.6510195239e+00 -4.7318699359e-01  2.7597569370e+00 -8.8338361466e-01 -9.9654732763e-01  1.9190047158e+00  1.0990856903e+00  3.5134388880e-01  1.7781607435e+00  8.8118617012e-01 -1.5375949901e+00  3.2743598574e+00  2.2655662151e+00  1.3752620077e+00 -1.0467707388e-01 -3.6391209655e-01 -1.8077285190e+00  2.8560609491e+00  1.3760018818e+00 -2.3457312176e+00  4.2959645309e+00  1.7856872597e+00  1.4878229087e+00  1.2838356106e+00 -7.0958912411e-01  7.2688027892e-01  6.2975261875e-01  2.6582563380e+00 -2.9494352679e-01  3.1320236271e+00 -1.9030076898e+00 -1.2267023702e+00  1.6125853507e+00  2.9565741567e+00  5.3187426279e-01 -2.5533533744e-01  2.7706616769e+00  2.3049676391e+00 -3.8196012264e-01  1.4150898214e+00  1.2421090781e+00 -7.7791463269e-01  2.3803820504e+00 -2.4736594240e+00  4.3096996427e+00  8.5899223803e-01 -3.2132523654e+00  4.3888313584e+00  2.5816065101e+00  1.6803685958e+00  1.8878775404e+00
ENERGY -3.983808041914e+02
GRADIENT -1.5112380844e-03  2.3214723639e-03  3.3191940249e-03 -1.5567895825e-05 -1.0492261314e-05 -1.9507910488e-05 -3.5427460041e-05  1.1273987647e-05 -1.3235759641e-05  3.8767974416e-03 -4.1499632852e-03 -4.3694935749e-03  1.5340749807e-05 -1.6594012840e-05  2.9578326835e-05  3.3733252101e-03 -1.5001088786e-03  1.3924140077e-03  1.2979060766e-05  1.5690770402e-05 -5.4666446002e-06 -5.4458543614e-06 -1.4596345017e-05 -1.0232729033e-05 -5.6685774146e-03  3.3776782771e-03 -3.7092149824e-04  6.0250428237e-08  5.1943542482e-06  1.0600489054e-05 -3.7884778001e-06 -1.0418095101e-06 -2.4185820205e-06  3.6224176630e-07 -3.9794989963e-06 -7.8314543041e-06  1.0870963496e-05 -5.1911659076e-06 -1.3044345838e-05  5.5544173450e-06  1.7495906003e-06 -1.1144158443e-05  5.9183064044e-06 -2.0368320153e-07 -1.9740722764e-05  1.8653355861e-06  9.8035824241e-06  7.4822547081e-06  9.6209724994e-06 -2.8585147567e-06 -3.9078407797e-06 -5.1499609439e-05 -4.6505260919e-05  7.0811557552e-05

JOB 7
COORDS -1.2653399431e-01  2.8928571977e-02  1.3030258758e+00  1.6740511273e+00 -5.0437638963e-01  2.8055381772e+00 -8.2196856502e-01 -1.0331795896e+00  1.8670708511e+00  1.1755960748e+00  2.9972165113e-01  1.7764146552e+00  8.7404281509e-01 -1.5472535499e+00  3.3129528895e+00  2.1749479506e+00  1.4706882157e+00 -1.3715607427e-01 -3.5466461735e-01 -1.8221921011e+00  2.8487735468e+00  1.3172662776e+00 -2.3319282918e+00  4.3760898399e+00  1.8973256517e+00  1.4109359936e+00  1.3050199153e+00 -5.8463124645e-01  6.3969737332e-01  5.3231627376e-01  2.6645898247e+00 -3.2360676413e-01  3.2191978172e+00 -1.8275049218e+00 -1.2650026457e+00  1.5179442033e+00  2.7324558912e+00  5.9600650403e-01 -5.0384963097e-01  2.7522720353e+00  2.3753182763e+00 -3.4666629750e-01  1.2397379418e+00  1.5391985287e+00 -6.9726488282e-01  2.3191585734e+00 -2.4652609775e+00  4.4373542699e+00  7.9117696720e-01 -3.1943456068e+00  4.4653439231e+00  2.7651411066e+00  1.5042884469e+00  1.8255538832e+00
ENERGY -3.983832410715e+02
GRADIENT -1.4325611084e-03  2.0213819082e-03  2.7324999908e-03  2.2024429988e-05  2.9162681452e-05 -2.2351952986e-05 -4.9307627062e-05  3.7028079514e-05 -5.6333046008e-05  3.6493865881e-03 -3.9439471586e-03 -3.8471374822e-03 -3.2801404320e-05 -3.0295435603e-05  1.4398987556e-05  2.9036234610e-03 -1.7003969225e-03  5.3907974072e-04  4.2414032517e-05  4.2502243663e-06  2.9756010441e-05 -9.5375632308e-06 -2.0733793860e-05 -3.6682471790e-05 -5.0776471667e-03  3.6273575989e-03  5.8440008214e-04  1.6518067905e-06  3.5726791156e-06  6.4999705433e-06  2.9105180390e-07 -4.7061600016e-06 -3.3091675219e-06 -1.1941353355e-06 -7.3469812179e-06 -6.2382780608e-06  4.7292516900e-06  2.8138941319e-06 -7.6827351135e-06 -1.6922859808e-06  6.1616616672e-06 -7.1185662157e-06  1.2171171462e-06  1.2555443937e-07 -1.6456857872e-05 -2.9927902405e-06  1.8525461480e-05  1.0195538802e-05  1.0738886412e-05 -2.5864531643e-06 -3.6097429161e-06 -3.2513832750e-05 -5.6158240729e-05  6.6235013785e-05

JOB 8
COORDS -4.2483107450e-02 -3.2148058386e-02  1.2522400289e+00  1.6932697723e+00 -5.1699060933e-01  2.8464841736e+00 -7.6635774568e-01 -1.0672892806e+00  1.8327530876e+00  1.2409392106e+00  2.5391163964e-01  1.7679899880e+00  8.6967117277e-01 -1.5353684250e+00  3.3581963746e+00  2.0873503184e+00  1.5541019999e+00 -1.5031067894e-01 -3.4502215514e-01 -1.8212960140e+00  2.8596327615e+00  1.2664554800e+00 -2.2856044547e+00  4.4646855158e+00  1.9965812120e+00  1.3302908688e+00  1.2952769571e+00 -4.6683445125e-01  5.3599172553e-01  4.3199977182e-01  2.6661241470e+00 -3.2315503747e-01  3.2947461314e+00 -1.7573941605e+00 -1.3082928804e+00  1.4495990358e+00  2.4084072749e+00  6.5964188511e-01 -7.0355414618e-01  2.8018056854e+00  2.3607524624e+00 -3.3290474798e-01  1.1226076133e+00  1.8781925323e+00 -5.4848343017e-01  2.2641492378e+00 -2.4283855641e+00  4.5631698958e+00  7.2882214155e-01 -3.1401533469e+00  4.5613540355e+00  2.9143092183e+00  1.3488671829e+00  1.7276632504e+00
ENERGY -3.983852706815e+02
GRADIENT -1.2528843665e-03  1.8768767453e-03  2.1392096064e-03 -2.6701153419e-05 -2.4752454556e-05  3.2746397995e-06  2.5019035459e-05 -3.4694171953e-05  4.0060862411e-05  3.0529268678e-03 -3.6979703760e-03 -3.3652322984e-03  3.6392864115e-05  1.6890421108e-05 -2.5129912307e-06  2.3809241129e-03 -1.6958411274e-03 -1.2939111607e-04 -3.1844852970e-05 -6.7357488072e-06 -4.6199621919e-05  1.3635576870e-05  2.1362632298e-05  3.5409831115e-05 -4.2080439183e-03  3.5037649199e-03  1.3453768816e-03 -5.7685077140e-06 -5.9820019903e-06 -4.0522586902e-06 -4.3436548210e-06  1.9081087248e-06  6.6638431800e-06  1.5719839414e-06  1.4780792733e-06 -4.6904404502e-06 -1.5689378720e-06  4.5843157542e-06  1.3880901037e-05  1.5497701580e-06  4.4242827140e-07  4.3398813298e-06  4.1831259719e-06 -1.1413640964e-07  2.0069990804e-05  4.4115537590e-06 -2.8252467642e-05 -1.3375740982e-05 -1.0917784190e-05 -6.6036304326e-06 -7.0014620232e-06  1.5080137090e-05  5.2261257248e-05 -4.9686475038e-05

JOB 9
COORDS  3.0454691986e-02 -9.4746628259e-02  1.1896638220e+00  1.7066503990e+00 -5.4138826199e-01  2.8598249956e+00 -7.1926523668e-01 -1.1088933669e+00  1.7768221903e+00  1.2946172374e+00  2.0443606668e-01  1.7450643258e+00  8.6281119731e-01 -1.5421962159e+00  3.3670068595e+00  2.0082174174e+00  1.6412622038e+00 -1.3787953331e-01 -3.3838666715e-01 -1.8359120150e+00  2.8367034745e+00  1.2168283454e+00 -2.2667318597e+00  4.5055789702e+00  2.0818546724e+00  1.2449195636e+00  1.2656886231e+00 -3.5981003287e-01  4.4111105145e-01  3.3214496094e-01  2.6619068920e+00 -3.3549040206e-01  3.3392618236e+00 -1.6960868831e+00 -1.3581949223e+00  1.3633109791e+00  2.1213383781e+00  7.9344499866e-01 -8.2896924335e-01  2.8004816210e+00  2.3668747969e+00 -3.3653850590e-01  1.0546293242e+00  2.1342020519e+00 -3.4864650958e-01  2.2097331520e+00 -2.4153436423e+00  4.6383014250e+00  6.7026486467e-01 -3.1155284498e+00  4.6030191941e+00  3.0298616892e+00  1.2120004943e+00  1.6210528760e+00
ENERGY -3.983867849897e+02
GRADIENT -7.9078896253e-04  1.1415915059e-03  1.1832839343e-03 -2.2311694001e-05 -8.8660480204e-06 -1.2440174069e-05  5.9828126364e-06  7.5191065025e-06  3.8288120437e-06  1.8570361808e-03 -2.3352482587e-03 -2.0355215399e-03  4.5216058596e-08 -6.7145666297e-06  3.7591399447e-06  1.2835381892e-03 -1.1254046789e-03 -3.8321277922e-04  4.3107202231e-06 -9.3120482327e-06 -1.5143787403e-05  1.9697839373e-05  2.1614649917e-05  3.5876116846e-05 -2.3515801798e-03  2.2651398516e-03  1.2272778865e-03 -5.0302046301e-06  1.8101684858e-06  2.7851841282e-06 -2.4853640172e-06 -6.5678640434e-06  6.5432985354e-06  1.6703366176e-06 -7.4049019191e-08 -2.6136153794e-06  1.6674549207e-06 -2.0329080235e-07  1.3887498104e-05  1.6774217419e-06 -5.3291643583e-07  6.4617017941e-06  6.1735105190e-06 -6.1460234976e-07  1.4910921717e-05  2.0666939247e-06 -2.7705415900e-05 -8.9013716899e-06 -1.1575485972e-05 -5.1243024749e-06 -2.7789947944e-06  7.3705825765e-06  5.6256278732e-05 -2.4565750131e-05

JOB 10
COORDS  9.0420235860e-02 -1.6205169837e-01  1.1415617756e+00  1.7170254909e+00 -5.8326617088e-01  2.8686970661e+00 -6.9041553324e-01 -1.1456304006e+00  1.7416255802e+00  1.3428596798e+00  1.3894794168e-01  1.7232020131e+00  8.4736028726e-01 -1.5575777932e+00  3.3797387205e+00  1.9695500148e+00  1.6986147299e+00 -1.0155046862e-01 -3.4723098227e-01 -1.8476318092e+00  2.8298172042e+00  1.1615893788e+00 -2.2564734196e+00  4.5463018604e+00  2.1705071925e+00  1.1278431371e+00  1.2212497357e+00 -2.6790338644e-01  3.4673187311e-01  2.5444086426e-01  2.6603905142e+00 -3.7325922507e-01  3.3690846994e+00 -1.6594617121e+00 -1.3936701917e+00  1.3092028902e+00  1.9563473714e+00  9.4092726357e-01 -8.9894045535e-01  2.7784927503e+00  2.4041465322e+00 -3.0434712908e-01  1.0283148548e+00  2.2563393685e+00 -1.3992412507e-01  2.1482061549e+00 -2.4224043664e+00  4.7032627384e+00  5.9585115883e-01 -3.0914496950e+00  4.6532039330e+00  3.1330958985e+00  1.0654631914e+00  1.5246358000e+00
ENERGY -3.983872932371e+02
GRADIENT  9.4967494619e-05 -8.8281182810e-05 -5.4581133468e-05 -2.4109010623e-05 -2.2438576995e-05  2.4549084634e-05 -2.3079794012e-05 -3.5074740374e-05  3.0958139032e-05 -1.4065335805e-04  2.2591392568e-04  7.3451975090e-05  3.9177626797e-05  1.1005748471e-06  3.3619813811e-05 -9.5957411273e-05  9.8363546213e-05  3.9966072633e-05 -3.2728336026e-05 -9.4640275780e-06 -4.7402784686e-05  5.4085935336e-05 -6.0987397324e-07 -4.2348765998e-05  1.7995276053e-04 -2.3357221581e-04 -5.3268136982e-05  2.4203899118e-06 -4.1205494209e-06 -2.3935213015e-06 -2.0687093822e-05  2.2972775402e-05  1.7924929103e-05 -5.7473129800e-06  3.4616247048e-06 -1.8452926674e-07 -1.5921395927e-06 -2.9021910612e-06 -3.2586941117e-06  3.9271394987e-06 -1.5273708357e-05  6.2340081192e-06 -3.0059400945e-06 -6.5228153708e-06  8.1425456624e-06 -1.7007609521e-05 -2.2020108653e-05 -7.6763910047e-06 -3.4821755913e-05  2.9386426787e-05  1.5103994516e-05  9.2046439856e-06  2.3986706464e-05 -2.8742264123e-05

JOB 11
COORDS  1.1763864007e-01 -2.4040013154e-01  1.1014599170e+00  1.7298857620e+00 -6.4297496865e-01  2.8493987376e+00 -6.8941719321e-01 -1.1807996628e+00  1.7335723159e+00  1.3806959517e+00  4.3414474846e-02  1.6727947500e+00  8.3145857133e-01 -1.5721630914e+00  3.3920761806e+00  1.9529600512e+00  1.7146684995e+00 -8.7123235604e-02 -3.6893102818e-01 -1.8512600425e+00  2.8488551247e+00  1.1229157213e+00 -2.2346561504e+00  4.5866530407e+00  2.2409093556e+00  9.5954472116e-01  1.1159798777e+00 -2.2695873941e-01  2.5201381512e-01  1.9960107698e-01  2.6808511005e+00 -4.4738778918e-01  3.3413110033e+00 -1.6660202260e+00 -1.4142761165e+00  1.3100027624e+00  1.7805236987e+00  1.0513555918e+00 -9.4377934239e-01  2.8124133559e+00  2.3470388034e+00 -3.1980281760e-01  1.0736386373e+00  2.3629630411e+00  2.9859833537e-02  2.1038226935e+00 -2.4308360875e+00  4.7455461609e+00  5.3093147047e-01 -3.0473569423e+00  4.7208297056e+00  3.0794460398e+00  1.1810317386e+00  1.6311613949e+00
ENERGY -3.983868841747e+02
GRADIENT -3.3072310880e-04  5.1973257569e-04  3.6167249423e-04  9.7378521454e-05  5.5094525836e-05 -1.1042230366e-05  8.4784244508e-06  3.0058798425e-05 -2.7266016219e-05  5.8818268819e-04 -1.1750912454e-03 -7.2505431186e-04 -9.3735355059e-05 -2.6367264079e-05 -2.1235730954e-05  2.4128686138e-04 -5.2610013713e-04 -3.8076664225e-04  3.2945260919e-05 -4.5542999356e-05  2.0657381255e-05  8.8409444441e-05  2.8010113072e-05 -3.1629978303e-05 -5.6660980066e-04  1.1669741808e-03  7.1405417830e-04 -7.8358779028e-07 -9.8580411107e-06 -7.6131620785e-06 -1.5863911974e-05  1.9387536465e-05  3.4266305174e-05 -3.0310650706e-06  3.5517096340e-06  6.9993333098e-06 -1.7461914891e-06 -3.7642579744e-06  3.1316459040e-06  7.3196830345e-06 -7.7947367078e-07 -7.0040195629e-06  3.8087326680e-06 -3.2511288439e-06  4.5188940148e-06 -1.9201024748e-05 -3.8114306340e-05 -1.5656626063e-05 -4.2080834440e-05  3.5312726281e-05  1.4680132669e-05 -3.0765372683e-05 -5.8867176190e-05  8.1636751129e-05

JOB 12
COORDS  1.6116589312e-01 -2.9130606993e-01  1.0444102654e+00  1.7572270041e+00 -6.6645703928e-01  2.8098676705e+00 -6.6938512908e-01 -1.1905749484e+00  1.7068483800e+00  1.4274669910e+00 -1.6862680197e-02  1.6087308361e+00  8.3727226331e-01 -1.5554540630e+00  3.3841920360e+00  1.9401930793e+00  1.7452874216e+00 -5.9394577767e-02 -3.6728912425e-01 -1.8262855392e+00  2.8467288174e+00  1.1100394743e+00 -2.1787616128e+00  4.6034820493e+00  2.3356771510e+00  8.3645397046e-01  1.0057717400e+00 -1.7112154344e-01  1.7532303419e-01  1.2459952958e-01  2.7141451023e+00 -4.7911825812e-01  3.2933150516e+00 -1.6500237715e+00 -1.4168685547e+00  1.2889175725e+00  1.6474801023e+00  1.1844964245e+00 -9.5279860872e-01  2.7990905735e+00  2.3650572326e+00 -3.2682264684e-01  1.1065880337e+00  2.4041256720e+00  2.2520819014e-01  2.0864924907e+00 -2.3855210523e+00  4.7761004281e+00  5.0285601648e-01 -2.9750250876e+00  4.7653672580e+00  3.0555580004e+00  1.1855032261e+00  1.6245344743e+00
ENERGY -3.983874393201e+02
GRADIENT -9.0286938992e-05  1.6765567421e-04  6.4188513647e-05 -5.3577109304e-05 -2.5038742891e-05  6.0423099339e-05  9.7587976586e-05 -2.0756266788e-05  1.0735238829e-04  1.5708323753e-04 -2.6378840591e-04 -3.0175166386e-04  2.2083347038e-05  4.2816404925e-05 -9.7406878312e-05  2.5539613870e-05 -1.2304744113e-04 -1.0864267272e-04 -6.7175533855e-05 -3.2797264310e-05  1.0376584658e-05 -5.5026665183e-05  2.7166317430e-05  4.0826850043e-05 -1.0294737842e-04  2.5455711411e-04  2.8047610898e-04 -2.5931304880e-06  1.1519131109e-05  3.5960658884e-06  1.2242543816e-05 -3.2910641084e-06 -1.2496276596e-05  9.3060231392e-06 -8.1784074648e-06  8.7270631651e-06  5.8383624265e-06 -5.2898772525e-06  2.9212686726e-07 -2.2211591228e-08  1.3145208927e-06  5.7307612656e-06  5.1704336757e-06 -1.2005516232e-05 -5.0436514959e-06  1.0339267215e-05 -1.0724892290e-05 -1.0731706042e-05  7.9413608936e-06 -2.3792412129e-05 -6.7062520109e-06  4.2646612757e-06  1.6980728040e-05 -1.2583286292e-05

JOB 13
COORDS  1.5016773764e-01 -3.9163424551e-01  1.0074727160e+00  1.7269086334e+00 -6.9654040776e-01  2.8014918570e+00 -6.9035252943e-01 -1.2594252683e+00  1.6973212519e+00  1.4085766686e+00 -9.2713731313e-02  1.5757374968e+00  8.0058079704e-01 -1.5643162061e+00  3.4012491305e+00  1.8903779176e+00  1.7741227102e+00  2.7132084855e-02 -3.9926248014e-01 -1.8511892121e+00  2.8644195432e+00  1.0627267060e+00 -2.1398558424e+00  4.6454044567e+00  2.3370818249e+00  7.1425376644e-01  9.2760673546e-01 -1.6668854833e-01  3.2642733045e-02  6.1765983949e-02  2.6774479474e+00 -4.8840485409e-01  3.2892130620e+00 -1.6663641805e+00 -1.5026991220e+00  1.2783679739e+00  1.4740809546e+00  1.3484911497e+00 -8.9058081874e-01  2.7561599410e+00  2.3768211284e+00 -2.5720441706e-01  1.1336642322e+00  2.4305101198e+00  4.8049334043e-01  2.0370529230e+00 -2.3414601031e+00  4.8349807464e+00  4.5061960541e-01 -2.9256587738e+00  4.8368675958e+00  3.0907960821e+00  1.0054472010e+00  1.5387734726e+00
ENERGY -3.983869445380e+02
GRADIENT  7.2005757586e-04 -1.4638551772e-03 -7.9982509034e-04 -3.1048463555e-05 -1.0013299505e-05  3.8287188350e-06  2.1014607375e-05 -9.4843080788e-06  2.1251614491e-05 -1.1295301393e-03  2.8490507658e-03  1.8927264456e-03  2.1950066008e-05  8.7436733872e-07  2.8857289182e-06 -2.3372613035e-05  1.1265738004e-03  1.3352311797e-03 -1.8304364736e-05  1.1416097810e-05  1.3088307671e-06 -3.0109816406e-05 -8.7976945077e-06  5.9112855053e-06  4.0900715840e-04 -2.4882925168e-03 -2.4050186122e-03  1.6556190668e-06 -4.9337522032e-06 -3.6958959777e-06  2.3772382850e-06 -2.8346655327e-06  3.9687047454e-07  1.3862421584e-06  1.4884687557e-06  2.6009414395e-06  1.0034042440e-05 -8.7064405324e-06  7.6849083031e-06  3.0285364699e-06 -4.4115184783e-06  1.8623404896e-06  6.3668713463e-06 -8.6155972265e-06  4.4326497770e-06  4.1764972846e-06  1.4284567468e-05  5.7293702676e-06  1.2715146992e-05 -8.9483840117e-06  6.4926104756e-09  2.5406857666e-05  2.7157298646e-05 -4.9646979375e-05

JOB 14
COORDS  1.6541641741e-01 -4.8951687192e-01  9.5412425002e-01  1.7203845795e+00 -6.9545920390e-01  2.7786349349e+00 -6.7626235041e-01 -1.3331932618e+00  1.6699304577e+00  1.4100857702e+00 -1.4762797380e-01  1.5274724004e+00  7.9679634010e-01 -1.5521402349e+00  3.4034013252e+00  1.8843563437e+00  1.8305573312e+00  1.3273640384e-01 -3.9220894232e-01 -1.8722255113e+00  2.8655159874e+00  1.0525667457e+00 -2.0720698721e+00  4.6724519262e+00  2.3446972164e+00  6.3098173288e-01  8.3880156897e-01 -1.3506996858e-01 -1.1818487244e-01 -1.9261524207e-02  2.6599083440e+00 -4.5169834860e-01  3.2712641296e+00 -1.6425779495e+00 -1.6088231192e+00  1.2488841577e+00  1.2737011567e+00  1.5552240562e+00 -7.3070831359e-01  2.7578371887e+00  2.3679993245e+00 -2.4497523184e-01  1.2975477667e+00  2.5054859280e+00  7.7228247487e-01  2.0267138628e+00 -2.2550558814e+00  4.8807864927e+00  4.4496441782e-01 -2.8534921387e+00  4.8938689282e+00  3.1464683971e+00  8.3811466547e-01  1.4253389216e+00
ENERGY -3.983854235087e+02
GRADIENT  1.3035904246e-03 -2.5630103342e-03 -1.2313377465e-03 -3.5425842254e-05 -1.9462592643e-05  1.8362457295e-05  1.7537162416e-05 -2.1825207931e-05  6.5658011908e-05 -1.7980414572e-03  4.7306738612e-03  3.0275891368e-03  6.2068588703e-05  2.0050935761e-05 -6.1696392069e-06  4.6312622069e-04  1.6253008445e-03  2.4130384786e-03 -4.7185055642e-05  1.9635576037e-05 -3.3756551378e-05 -3.7301099657e-05  5.6194657598e-06  2.4819648656e-05  2.3765785174e-06 -3.7868210237e-03 -4.2293051431e-03 -7.4376057438e-06 -4.2717451900e-07 -7.4711496986e-07  7.0852105320e-06 -6.5469020350e-06 -7.3514872891e-06  6.7558395564e-07  4.5643650270e-06 -1.4192952046e-06  1.1616925870e-05 -1.3847529910e-05  9.5603887589e-06  2.6730752307e-06 -2.4981364427e-06  1.8493338872e-07  8.3797063570e-06 -1.1860392576e-05 -7.8247876726e-08  9.0547206295e-06  6.5602399629e-06  1.1645774946e-06  1.3758248301e-05 -1.2555800426e-05 -4.1966951237e-06  1.8471954727e-05  4.9361792696e-05 -5.4953280891e-05

JOB 15
COORDS  1.7249830324e-01 -5.7974756188e-01  8.8124386629e-01  1.7027742198e+00 -6.7110239840e-01  2.7343480694e+00 -6.7248054994e-01 -1.3927037081e+00  1.6262366991e+00  1.4020364959e+00 -1.9176590240e-01  1.4561807065e+00  7.7974784998e-01 -1.5101277087e+00  3.3894350424e+00  1.8960311102e+00  1.8813942119e+00  2.3694139892e-01 -3.9686605976e-01 -1.8674470483e+00  2.8524350494e+00  1.0266030043e+00 -1.9642271239e+00  4.6845198341e+00  2.3341863482e+00  5.6461816919e-01  7.2293830186e-01 -1.0396506094e-01 -2.6986518846e-01 -1.2099184950e-01  2.6307340328e+00 -3.8831310949e-01  3.2279605914e+00 -1.6280822886e+00 -1.7048649929e+00  1.2066150970e+00  1.0746188531e+00  1.7652749978e+00 -4.7354588672e-01  2.7270641915e+00  2.3542515865e+00 -2.9347866431e-01  1.5604650252e+00  2.5471621199e+00  1.0456809834e+00  1.9996610222e+00 -2.1264064333e+00  4.9137261893e+00  4.2172982740e-01 -2.7367782407e+00  4.9415786746e+00  3.1911159707e+00  6.6702751325e-01  1.2597168660e+00
ENERGY -3.983833733210e+02
GRADIENT  1.5513731437e-03 -3.1883693969e-03 -1.2073021221e-03  2.3516980397e-05  2.7527183295e-05 -3.1294414185e-05 -3.8859637846e-05  1.6652332907e-05 -7.8401524037e-05 -1.7704320607e-03  5.5281688625e-03  3.3442495251e-03 -4.7196962258e-05 -2.3824855391e-05  3.1891294268e-05  1.1273508145e-03  1.4040656920e-03  2.9438385369e-03  4.1280335086e-05 -9.3483264432e-08  2.7340482421e-05  3.7368012143e-05 -9.8014808805e-06 -3.7469719443e-05 -8.6385429679e-04 -3.7246536360e-03 -5.0635200048e-03  4.7249923802e-06 -2.5036206614e-06  6.4366869560e-07 -5.6879616125e-06  3.1235109110e-06  2.0375485488e-06 -7.8698327262e-06  5.3053985232e-06  1.9659340123e-06 -7.7645767532e-06  1.6556047856e-05 -7.3720501527e-06 -1.3688220092e-06  7.0402545887e-06 -1.0066957693e-05  1.0965260167e-06  1.0433901792e-05 -3.5818396864e-06 -1.1688233377e-05  1.2323246605e-06  7.7700879839e-07 -1.6930196872e-05  2.2692168363e-05  5.7452227358e-06 -2.4425172415e-05 -6.9401051301e-05  5.2942336693e-05

JOB 16
COORDS  1.7108726335e-01 -6.8269083494e-01  8.1614190820e-01  1.6857207502e+00 -6.4822390178e-01  2.6835658897e+00 -6.6765323330e-01 -1.4717205130e+00  1.5938041129e+00  1.3839417276e+00 -2.4176337087e-01  1.3829682431e+00  7.7263071567e-01 -1.4727383903e+00  3.3741293385e+00  1.9129845707e+00  1.9123344238e+00  3.6749323311e-01 -3.9106809491e-01 -1.8773181891e+00  2.8448572136e+00  1.0175118651e+00 -1.8581091539e+00  4.6911817069e+00  2.2981528501e+00  5.0920896100e-01  6.0302675662e-01 -8.9434590780e-02 -4.2826389333e-01 -2.0619543204e-01  2.6046721555e+00 -3.2276809796e-01  3.1675902801e+00 -1.6123918413e+00 -1.8266546667e+00  1.1839636808e+00  9.7260460314e-01  1.9469990575e+00 -1.8811805779e-01  2.6819993511e+00  2.3931418678e+00 -2.4389807618e-01  1.7822928380e+00  2.4852049707e+00  1.2979290123e+00  1.9915073994e+00 -1.9854128573e+00  4.9375667932e+00  4.2649608760e-01 -2.6288293342e+00  4.9834605999e+00  3.2072666909e+00  4.9635487066e-01  1.0600706502e+00
ENERGY -3.983809047576e+02
GRADIENT  1.9496106312e-03 -3.7313521297e-03 -1.2478110199e-03 -2.3274168745e-05  1.4000040282e-05 -2.1550759157e-05 -3.8892321432e-05 -1.2260487013e-05 -5.1809358531e-05 -1.9888132617e-03  6.1092550142e-03  3.4159106337e-03  7.5822068115e-06 -2.1890208117e-05  6.9828919300e-05  1.9561086157e-03  9.8388965481e-04  3.3483454566e-03  1.8329318255e-05  2.0683218027e-05 -1.6435312803e-05  3.2230711078e-05 -2.1336595049e-05 -2.6574502203e-05 -1.8542278214e-03 -3.2991100293e-03 -5.5221421187e-03  7.1463635296e-06 -1.0111689801e-05  9.4095304829e-08 -6.6734511015e-06 -4.8907102054e-06 -1.9651053716e-06 -8.0683806927e-06  8.3048008697e-06 -4.7706864743e-06 -3.9968869862e-06  2.1573089465e-05 -5.0982882926e-06  2.2173954745e-07  1.3309231383e-05 -3.0179346221e-06 -2.0850571582e-06  1.7992479042e-05  5.3971869815e-06 -1.0553051766e-05  4.1978417482e-06  4.6000602034e-06 -1.3044402834e-05  1.8633333132e-05  2.4541513896e-06 -3.1947373184e-05 -9.0633675427e-05  3.8996459432e-05

JOB 17
COORDS  3.0485076800e-01 -7.9218866896e-01  7.9583814343e-01  1.7403588205e+00 -5.0413062396e-01  2.7029827803e+00 -5.2555366158e-01 -1.5553346595e+00  1.6139566177e+00  1.4854843221e+00 -2.6643579341e-01  1.3545055585e+00  8.2386397649e-01 -1.2762195047e+00  3.4446141168e+00  2.0713310140e+00  1.9948053998e+00  7.0651289120e-01 -2.9065089588e-01 -1.8031284045e+00  2.9101237246e+00  1.0138350957e+00 -1.4975619034e+00  4.8062369895e+00  2.3857599969e+00  5.5597929646e-01  6.1071865124e-01  4.7559507703e-02 -6.1725128838e-01 -2.4561942546e-01  2.6410139575e+00 -1.0506117171e-01  3.1618531706e+00 -1.4397999372e+00 -1.9889255396e+00  1.2102301750e+00  1.0458021015e+00  2.2378398009e+00  3.8802959762e-01  2.7800143141e+00  2.5536362406e+00  8.8148680087e-02  2.1919884343e+00  2.3239713059e+00  1.7419843252e+00  1.9768622037e+00 -1.5158570763e+00  5.1186500567e+00  4.6065292304e-01 -2.2713162100e+00  5.1578554153e+00  2.3254306491e+00  2.8837379963e-01 -3.7022288682e-01
ENERGY -3.983784389605e+02
GRADIENT -1.9084864048e-03  3.0448311645e-03  9.9275252159e-04  1.1775655112e-04  2.4190691580e-05  8.0769069636e-05  2.1579348611e-04  5.5920062139e-05  2.3574290253e-04  1.9458566247e-03 -4.7227765507e-03 -2.6566067784e-03 -1.4063149286e-04 -1.9703022274e-05 -3.5926155857e-04 -1.9841873329e-03 -2.6940671675e-04 -2.6278025178e-03 -9.4291780579e-05 -1.1682484228e-04  1.7493832619e-04 -7.0908791688e-05  2.6501312378e-05 -6.9641416922e-05  1.8694818988e-03  1.9581296933e-03  4.2807182970e-03  9.4632104348e-06  3.9124848953e-06 -2.3097527531e-05  3.4412469151e-05  2.3567098678e-05 -7.8086421537e-06  2.2311991061e-05 -1.3997077350e-05  5.1431149824e-05 -1.5566678143e-05 -1.1387768958e-05  1.6243600112e-05 -1.2412136709e-05 -1.6127446322e-05 -9.8122414133e-06  1.8321555787e-05  9.2488095979e-06  1.1265087706e-05  9.6788491195e-06 -3.1353173005e-05 -3.3405580001e-05 -7.2556767554e-06 -1.6686123595e-05  4.9889755694e-06  2.0960289228e-05  2.6700041692e-05 -3.1527286282e-05

JOB 18
COORDS  2.8706490148e-01 -8.8101507661e-01  7.5859375070e-01  1.6909745835e+00 -4.5890071216e-01  2.6646610414e+00 -5.0577200930e-01 -1.6637882897e+00  1.5945922956e+00  1.4340573137e+00 -2.7309341687e-01  1.3053590860e+00  8.1282261371e-01 -1.2562596415e+00  3.4222658819e+00  2.1638673123e+00  1.9959594237e+00  7.9363852398e-01 -2.6909045745e-01 -1.8596819103e+00  2.8989854642e+00  1.0043968852e+00 -1.4273741786e+00  4.7915666579e+00  2.2899023668e+00  5.5115993864e-01  5.3162955547e-01  2.5719954863e-02 -7.5098514854e-01 -2.8845663170e-01  2.5654263307e+00 -4.9837149012e-03  3.1232636099e+00 -1.3927851061e+00 -2.1561053229e+00  1.1973088527e+00  1.1418517170e+00  2.3735787233e+00  6.3802101996e-01  2.8495025622e+00  2.5357790781e+00  1.3416961095e-01  2.4523324373e+00  2.2105501642e+00  1.8253156372e+00  1.9648765722e+00 -1.3838785333e+00  5.1093935656e+00  4.9429444063e-01 -2.2227003010e+00  5.1597157847e+00  2.1009898238e+00  3.8397465186e-01 -4.5392344793e-01
ENERGY -3.983807071052e+02
GRADIENT -2.0708658206e-03  3.1356187831e-03  9.4813780426e-04  1.4357496404e-05 -1.4287569875e-05  1.1758270334e-05 -2.0906379558e-05 -7.3357653391e-06  1.4823032726e-05  2.1061285019e-03 -4.7055954948e-03 -2.5967583510e-03  4.7158602176e-05  3.9387753341e-05  6.1686082441e-05 -2.4427198288e-03  1.6949632789e-04 -2.4508817399e-03 -1.1190388393e-05  6.1646542528e-06 -4.5804201769e-05 -6.7405360672e-06 -4.8694067814e-05 -1.9935878971e-05  2.4459551060e-03  1.4321954692e-03  4.0404450250e-03 -6.7437888459e-06  6.5073701391e-06  3.2986477023e-06  2.9514683224e-06 -6.3837553128e-06 -6.2356561015e-06  4.8482922108e-06 -2.7392751635e-06 -1.0681021128e-05 -6.8462780718e-07  1.4169420101e-05  2.7335261925e-06 -2.2187916023e-07  1.4968852768e-05  2.6491581233e-06  9.4008524700e-07  9.1799832257e-07 -7.4046179893e-07 -1.3223950836e-06  3.0202967720e-05  2.8830360294e-06  1.9415873819e-05 -2.3358998861e-06 -3.7245401054e-06 -3.5787089596e-05 -6.2167948456e-05  2.3311664034e-05

JOB 19
COORDS  2.7600830900e-01 -9.4972752471e-01  7.2284025066e-01  1.6301705957e+00 -4.0212789951e-01  2.6331921499e+00 -4.7395035787e-01 -1.7638734037e+00  1.5659635288e+00  1.3780499027e+00 -2.5679934794e-01  1.2657592735e+00  7.9830511898e-01 -1.2434009632e+00  3.3944772895e+00  2.2635934168e+00  1.9947907416e+00  8.5242197110e-01 -2.3935144032e-01 -1.9237776013e+00  2.8762201480e+00  9.8857337638e-01 -1.3782158314e+00  4.7686941145e+00  2.1833316753e+00  5.7786639056e-01  4.6789275233e-01  1.6985047087e-02 -8.5750858976e-01 -3.2886052334e-01  2.4629603435e+00  1.1424700709e-01  3.1021811400e+00 -1.3255745894e+00 -2.3152634814e+00  1.1687713426e+00  1.2763323835e+00  2.4753270989e+00  9.2001313018e-01  2.8700092134e+00  2.5246035954e+00  1.1274472121e-01  2.7607252145e+00  2.0969768153e+00  1.8196161998e+00  1.9429962145e+00 -1.2755571815e+00  5.0912268980e+00  5.2396668622e-01 -2.1972849086e+00  5.1450200314e+00  1.8890189963e+00  5.0526727499e-01 -5.0174949150e-01
ENERGY -3.983829969143e+02
GRADIENT -2.2565423231e-03  2.9392694102e-03  8.3908035157e-04  1.2626658503e-05 -1.3926888103e-05  6.5088250700e-08 -1.8936471065e-05 -2.0777867722e-05 -1.9218928618e-06  2.1155877518e-03 -4.1143231280e-03 -2.3153018982e-03  2.1992952509e-05  3.3783068347e-05  2.0597179187e-05 -2.7264623090e-03  6.8899420433e-04 -2.0135882594e-03 -2.3953493912e-05  8.1003877713e-06 -1.3911303471e-05 -1.5007170343e-05 -5.5669012793e-05 -3.8813961520e-05  2.9396446216e-03  5.6421045359e-04  3.4571973141e-03  3.1443240163e-06  4.7702739632e-06  4.3131539709e-07  8.8704330998e-06 -3.1523136073e-06 -6.7011747997e-06 -4.2675587468e-06  2.2996479904e-07 -6.7227729830e-06 -5.7466972538e-06  7.0643579357e-06  1.0891737480e-06  3.7235799594e-06  8.2784961078e-06  1.7286966271e-06 -5.3275773980e-06  2.1377090476e-05  7.0546864151e-06 -1.1145138410e-05  3.1377861522e-05 -3.1679993389e-06  9.5728974805e-06  1.9130010118e-06 -2.8587943732e-06 -6.2876502756e-05 -8.7127237863e-05  1.9264595966e-05

JOB 20
COORDS  2.7159824313e-01 -1.0050800898e+00  7.0770891060e-01  1.5633693074e+00 -3.2882350212e-01  2.6215756881e+00 -4.3352011322e-01 -1.8466245366e+00  1.5590040892e+00  1.3217425382e+00 -2.2871387664e-01  1.2468618602e+00  7.8306238717e-01 -1.2148739149e+00  3.3876923884e+00  2.3608702784e+00  1.9805021795e+00  9.0192920472e-01 -2.0220714141e-01 -1.9711290313e+00  2.8751706101e+00  9.6873419727e-01 -1.3103415309e+00  4.7666259320e+00  2.0707773309e+00  6.2353239712e-01  4.2967585927e-01  2.0638786726e-02 -9.5312966185e-01 -3.4873471280e-01  2.3410724174e+00  2.5927287999e-01  3.0991902686e+00 -1.2451270645e+00 -2.4566194748e+00  1.1637678259e+00  1.4635601274e+00  2.5078603346e+00  1.2564848645e+00  2.8072186475e+00  2.5466078070e+00  8.0528473077e-02  3.0915501963e+00  1.9580516441e+00  1.7148081282e+00  1.9150845197e+00 -1.1547949419e+00  5.0920256060e+00  5.4628522362e-01 -2.1473228157e+00  5.1534417458e+00  1.6931991589e+00  6.3880133378e-01 -5.1156253921e-01
ENERGY -3.983852605168e+02
GRADIENT -2.3481490573e-03  2.7366789483e-03  6.4072771700e-04 -4.5319779701e-05 -1.5619220142e-05 -1.3514608429e-05  4.6146449548e-05  3.7446672432e-05  6.3368905997e-05  2.1246898137e-03 -3.5812193568e-03 -1.7220474451e-03 -1.5853777852e-05 -2.5524345013e-05 -5.4599255389e-05 -2.9380870525e-03  1.1482071569e-03 -1.5158419292e-03 -1.0585951353e-05 -3.8664616490e-05  1.1948719492e-05 -1.4560458535e-05  4.9678094927e-05  2.5461638088e-05  3.1301372936e-03 -3.6518364886e-04  2.5753258517e-03 -9.5920730417e-06  5.2149840259e-06 -2.9495683781e-06 -6.6035579960e-06 -1.9443223887e-07 -8.2405725460e-07  5.7621045194e-06 -2.8276666342e-06  5.7092520569e-06  5.7229783358e-06 -3.9345723661e-06 -4.4809825477e-06 -4.1544372832e-06 -1.6659630409e-06  2.0123873200e-06  4.5068932076e-06 -7.7430815355e-06 -7.7491000482e-07  9.6392493106e-06 -3.8322015789e-05 -3.5934784986e-06 -1.5246819816e-05 -1.1740776001e-05 -2.2138688715e-06  5.6274998483e-05  6.3105035797e-05 -1.7618290816e-05

JOB 21
COORDS  2.5611588410e-01 -1.0283245652e+00  6.5813079373e-01  1.4789716984e+00 -2.6198132430e-01  2.5859858096e+00 -4.0849742843e-01 -1.9034857853e+00  1.5048782517e+00  1.2479779421e+00 -1.8159885645e-01  1.2072957404e+00  7.4610582438e-01 -1.1951647863e+00  3.3446154597e+00  2.4514906172e+00  1.9581909447e+00  9.2305418339e-01 -1.8523918145e-01 -2.0109521565e+00  2.8255303943e+00  9.2235797696e-01 -1.2734799977e+00  4.7262308723e+00  1.9513858608e+00  6.9491546924e-01  3.8832992674e-01  2.1820978727e-02 -1.0019127432e+00 -4.0304651903e-01  2.2039294032e+00  3.8012739748e-01  3.0757920514e+00 -1.1758014061e+00 -2.5638477322e+00  1.1022231067e+00  1.6829771209e+00  2.5206385992e+00  1.4728834694e+00  2.8136998116e+00  2.5697599992e+00  9.3386638077e-02  3.2986602791e+00  1.7848982304e+00  1.5937563070e+00  1.8557148926e+00 -1.0653918001e+00  5.0597397076e+00  5.4346459379e-01 -2.1316239386e+00  5.1118816447e+00  1.5205009273e+00  7.9374613741e-01 -5.2289012324e-01
ENERGY -3.983871626087e+02
GRADIENT -1.6628806467e-03  1.7065700576e-03  4.0394285136e-04  4.5335324692e-05  2.5188077173e-05  5.4129174725e-05 -2.0619870376e-05 -5.8590463936e-06 -5.9918379881e-06  1.4519161816e-03 -2.0502478483e-03 -8.9084129433e-04 -1.9816104954e-05 -8.9235811563e-06 -9.0439867499e-05 -2.0358026460e-03  9.9632100831e-04 -5.9650884184e-04  1.4165118435e-05 -2.2416078660e-05  2.4912488736e-05 -9.3414056820e-06  3.1637501330e-05  3.4535625407e-06  2.2642288753e-03 -5.6487327360e-04  1.1361092341e-03 -2.4177736315e-06 -5.1462327941e-06 -3.7733277251e-06  4.4175872895e-06  8.7320548534e-06  1.6576473990e-06  2.4811365294e-06 -6.5144705107e-06  1.5006208901e-06 -5.5247087861e-06 -9.0253846689e-06 -8.3928957844e-06 -3.4872734522e-06 -1.1427380487e-05 -4.7726519006e-06 -1.8375113783e-05 -3.8821349236e-05 -5.7593952255e-06  5.7061386948e-06 -2.3220166940e-05 -4.4209630394e-06 -6.6743839448e-06 -7.5429421766e-06 -1.1857663052e-06 -1.3105945694e-05 -6.5936659287e-05  4.3607897986e-06

JOB 22
COORDS  2.8163088871e-01 -1.0244888734e+00  6.2575754936e-01  1.4436372378e+00 -1.8223938816e-01  2.5614144599e+00 -3.2493602500e-01 -1.9435757850e+00  1.4674336395e+00  1.2058312748e+00 -1.0674515051e-01  1.1829339236e+00  7.7480884525e-01 -1.1685639158e+00  3.3132260453e+00  2.5513908633e+00  1.9566953053e+00  9.1411821482e-01 -9.7854976915e-02 -2.0427455869e+00  2.7892201471e+00  9.5466343376e-01 -1.2411512042e+00  4.6948508773e+00  1.8539894792e+00  8.0399078717e-01  3.6562416407e-01  5.6889189260e-02 -1.0160184853e+00 -4.3765223945e-01  2.1175741357e+00  5.0738164931e-01  3.0587311891e+00 -1.0401535127e+00 -2.6566639174e+00  1.0588701487e+00  1.9158901863e+00  2.5685870255e+00  1.5714792201e+00  2.9036480057e+00  2.5795046720e+00  8.8756064155e-02  3.4301036072e+00  1.6372183125e+00  1.4841551036e+00  1.8716679069e+00 -9.7254622433e-01  5.0304242755e+00  6.3359725899e-01 -2.1245453707e+00  5.0759221043e+00  1.3917084638e+00  9.6378637644e-01 -5.1964369113e-01
ENERGY -3.983879851027e+02
GRADIENT -1.6455278242e-04  1.1076703509e-04  5.6390648110e-05 -1.2719662935e-05 -1.1701650973e-05 -2.1935591406e-05  1.6255600214e-05  1.0628049770e-05 -5.5390814918e-06  1.4844663317e-04 -1.1343393472e-04 -5.0414456892e-05 -2.8335551173e-05 -2.4177991503e-05  1.4505116180e-05 -1.5864686489e-04  9.8920946799e-05 -5.1361310087e-06  5.9296150066e-06 -2.6453206913e-06  2.9909000019e-05  1.0298215877e-05 -2.4581852730e-05 -2.6168630440e-05  1.9776696451e-04 -4.3211951800e-05  1.8453991242e-05  1.1233285119e-05 -2.5773699791e-06  8.5114322201e-07 -3.3179714228e-06 -2.4859895046e-06 -1.4127413374e-06 -2.3843730756e-07 -3.3829843193e-06  9.7292287452e-06 -9.2137008777e-07 -5.3632155570e-06 -1.4905406062e-06  1.3784794845e-06 -2.9458311676e-06  6.4968055479e-07 -8.2419716900e-08 -1.5875072180e-06  1.9243356075e-06 -1.0719317812e-05  8.5409748255e-06 -3.5589409482e-07 -6.6005375992e-06  6.0487338626e-06  2.9609333840e-06 -1.7246065424e-05 -2.7374704852e-05  1.0267751344e-06

JOB 23
COORDS  2.6045876565e-01 -1.0371947465e+00  6.3643563213e-01  1.3633390308e+00 -1.4391230987e-01  2.5866037667e+00 -2.8860745244e-01 -2.0005424141e+00  1.4672200161e+00  1.1195313804e+00 -6.4234811616e-02  1.2075054479e+00  7.5341461602e-01 -1.1763855910e+00  3.3249791829e+00  2.5871150786e+00  1.9274380985e+00  9.1522293530e-01 -6.0745148598e-02 -2.0991266604e+00  2.7892517495e+00  9.3274954742e-01 -1.2525480681e+00  4.7070853543e+00  1.6990587623e+00  8.9823549634e-01  4.1498069336e-01  3.8405370032e-02 -1.0323852526e+00 -4.2760201990e-01  1.9920009469e+00  5.8156797309e-01  3.0924008748e+00 -9.5211996038e-01 -2.7560273504e+00  1.0475574239e+00  2.0959557577e+00  2.5859490371e+00  1.6458651811e+00  2.9255592620e+00  2.5405961499e+00  7.7285983344e-02  3.4725318601e+00  1.4869502906e+00  1.3901679184e+00  1.8308766524e+00 -9.3169696145e-01  5.0479718801e+00  6.6855016715e-01 -2.1598781591e+00  5.0755268832e+00  1.3637086821e+00  9.7470651006e-01 -5.3327753966e-01
ENERGY -3.983874725705e+02
GRADIENT  8.2616108632e-04 -6.4471797504e-04 -1.8103029464e-04 -1.6762698031e-05  7.4314310927e-06  1.5237719798e-05  1.0164501579e-05  9.0678856328e-06  6.0467337911e-06 -8.0837521506e-04  6.0390972366e-04  7.8994310129e-05  2.8581407044e-06 -1.5559728174e-05 -1.9324477742e-05  8.6231069259e-04 -7.0283577845e-04 -1.2409743686e-04 -2.0658339335e-07  3.1704033532e-06 -1.4344034375e-07 -1.7382130352e-05  2.7670081801e-05  3.4879433972e-05 -8.0734161669e-04  7.9224016219e-04  1.5607939082e-04  5.0313207859e-06 -2.5681125672e-06 -8.5792588521e-07 -3.9130786069e-06 -4.7688709885e-06  1.0521546735e-07 -3.1640277456e-06  8.1314648299e-07  2.1975999965e-06 -7.0833932486e-07  6.9769326295e-06  8.0178060324e-06 -1.4374301157e-05  1.1433271590e-05  3.5346292252e-06 -1.2806318924e-06  4.9028155224e-06  4.4852421217e-06  7.7352670128e-06 -1.3921993893e-05  1.2228910972e-06 -1.7274496632e-06 -6.2562098251e-06  1.9751626913e-06 -8.9923508903e-05 -1.0940456130e-04  3.5513868164e-05

