JOB 0
COORDS  1.9754272662e-02 -4.3143615598e-02  1.2884200720e+00  1.6315915788e+00 -6.6482748633e-01  2.9781618795e+00 -8.4277914906e-01 -9.7795113238e-01  1.8631934072e+00  1.2903646388e+00  9.9154498041e-02  1.8649608425e+00  6.7503149529e-01 -1.5682290784e+00  3.4916994554e+00  2.3068155728e+00  1.0640187604e+00  1.3402247223e+00  2.8576232859e+00  4.1241326308e+00  8.8109141569e-01  2.2485583605e+00 -2.5313055375e+00  5.1547955022e+00  2.6672303068e+00  2.9518233643e+00 -7.0562609639e-02 -5.4120040945e-01 -1.7259555274e+00  2.9296822547e+00  9.1597486936e-01 -2.3295713004e+00  4.6133221750e+00  3.4836037352e+00  1.0543101775e+00  1.6589004141e+00  1.7633965729e+00  1.9602501259e+00  4.8715984877e-01 -2.7842044593e-01  5.4225461999e-01  4.2730328890e-01  2.6154974129e+00 -5.5484972052e-01  3.4180967345e+00 -1.8345818440e+00 -1.1373787849e+00  1.4421096572e+00  1.8942850536e+00  4.5745028669e+00  1.1386994995e+00  3.3575271774e+00  3.8030883270e+00  1.7978603257e+00  3.4776992206e+00  4.8886870895e+00  4.0029696825e-01  2.9548105897e+00 -2.9293530537e+00  4.4116366540e+00  2.1845881638e+00 -3.2367920899e+00  5.9857027135e+00  2.6554452810e+00 -1.5934351654e+00  5.5483654666e+00  3.6186954583e+00  2.4699957464e+00 -3.0485704404e-01  2.1800859418e+00  3.2639671492e+00 -9.9662854572e-01  2.3469539181e-01 -3.0666425440e+00  4.7441467312e+00
ENERGY -6.102689436044e+02
GRADIENT  1.8092669369e-05 -2.8640892884e-05  6.2494418699e-05 -5.9863301891e-04  1.1246797633e-03  9.2609594813e-04 -5.7916215162e-05 -8.4316158807e-06 -3.3268034649e-05  7.9727403395e-04 -1.2715508698e-03 -9.4635461011e-04 -8.5813915225e-06 -4.5370958273e-06  2.9907821651e-05  1.4808926396e-04 -7.5188671373e-04 -1.2168514034e-03  5.0754817836e-06 -1.4347161878e-06  1.9173578261e-07 -6.4878025035e-06 -6.3244146836e-07  4.9585447221e-06  3.8227438804e-07  5.2553820522e-06 -2.8327372969e-06  1.6363104053e-05  1.2694225763e-05 -4.5159606207e-06  1.6956826928e-05 -1.5870033901e-05 -3.0458180174e-05 -1.4580714694e-05 -5.4201138876e-05  4.0221420912e-05 -3.0433141514e-04  9.7441238617e-04  1.1590355380e-03  4.0225711946e-06 -1.0751782992e-05  5.8233874779e-06 -5.2086000777e-06  6.4049769450e-06  1.2962718041e-06 -9.2584851104e-06  4.3026522022e-06  2.7623397163e-06  1.9100152549e-06  8.0327897599e-07 -1.8838872442e-06  9.7234136831e-07 -8.1603926274e-07 -2.0794487692e-06  3.2961053490e-06 -2.6189899064e-06 -7.1035075963e-07 -3.2648851812e-06 -1.0199839916e-06 -1.3448343422e-07 -5.3111170231e-07  6.8290867590e-07  1.8525845217e-06 -8.2537281461e-07 -2.1129747993e-06  1.2614836604e-06 -2.4778694257e-06  8.3850685774e-07 -5.7999574841e-06 -2.1569328783e-06  3.8493968529e-06  1.0593982079e-06 -9.1925106032e-06  9.0542300778e-06  9.8003397419e-06

JOB 1
COORDS  1.2232741288e-02 -1.5539102156e-01  1.1875782878e+00  1.6132868913e+00 -6.6124494216e-01  2.9260970329e+00 -8.4173490821e-01 -1.0741723441e+00  1.7997445980e+00  1.2749854004e+00  3.2256677257e-02  1.7672048216e+00  6.6253117036e-01 -1.5483879149e+00  3.4779652802e+00  2.2751099011e+00  9.9298478636e-01  1.2060392413e+00  2.9699181273e+00  4.0549856438e+00  1.0202210132e+00  2.2272176257e+00 -2.3938392014e+00  5.2113652750e+00  2.5609171711e+00  3.0193462384e+00 -1.7162056793e-02 -5.4276243412e-01 -1.7574073529e+00  2.9095461438e+00  8.9839391606e-01 -2.2395829947e+00  4.6452903767e+00  3.4804528408e+00  8.8460824136e-01  1.3505232317e+00  1.6782889778e+00  2.0174135929e+00  5.5758252814e-01 -2.8667418894e-01  3.8366933260e-01  2.9638063923e-01  2.5915392841e+00 -5.1836378131e-01  3.3695537513e+00 -1.8247673939e+00 -1.2734619316e+00  1.3751052496e+00  2.0884177848e+00  4.5209268442e+00  1.4707921460e+00  3.5736783339e+00  3.5982616377e+00  1.8078328356e+00  3.5661573634e+00  4.8385243643e+00  5.3985831074e-01  2.9467354333e+00 -2.8234689535e+00  4.4991941005e+00  2.1624451756e+00 -3.0526873528e+00  6.0796479772e+00  2.6179738555e+00 -1.4303859313e+00  5.5566401121e+00  3.4317120989e+00  2.5189004009e+00 -4.4575593431e-01  1.9684502368e+00  3.4676093392e+00 -8.1738888205e-01  2.2608514226e-01 -2.9785626252e+00  4.8082018925e+00
ENERGY -6.102675219601e+02
GRADIENT -1.1883015843e-05  5.1777438376e-05 -6.8913317989e-05 -1.1216905334e-03  2.2596922671e-03  1.7244433918e-03  4.4997732404e-05  9.2727791471e-06  1.7711117829e-05  1.6367746429e-03 -2.7656458543e-03 -1.5306566486e-03 -3.1845922371e-06  2.6975817555e-05 -3.1539983609e-05 -4.1247470782e-04 -1.1199008363e-03 -2.6728100580e-03  7.2393916025e-06  2.2783785810e-06 -1.0355883564e-06  2.0492418889e-06  1.2547807966e-05 -8.7667752806e-06  6.4391578380e-06  2.7695793058e-06  2.0519618903e-06 -7.5132385342e-06 -1.6389393162e-05  1.4977582059e-05 -5.5808795426e-07 -1.7513960713e-05 -1.9073409581e-05 -8.0103218996e-06 -9.5956673479e-06  8.7993791410e-06 -8.5009385290e-05  1.5587608488e-03  2.5534175673e-03 -2.6535798912e-06  3.3779276742e-06 -9.5681415647e-06  1.0969651110e-05 -2.0283750586e-06  1.0296226339e-05  7.7116422827e-06  6.2431876068e-06  3.4567132349e-07  5.4890646481e-06  1.0237037344e-06 -3.8749301020e-07  4.3542931571e-06 -3.4548495154e-07  1.9824139581e-07  6.9373255149e-06 -1.7560331612e-06  8.8706668724e-07  2.0955613471e-06 -1.2368475583e-06 -1.7842641481e-06  7.9891330767e-07  3.1296771547e-08 -1.9959268032e-06  4.3631443980e-06 -7.5487234392e-07 -2.3774990859e-06  3.7008168691e-06  2.1594578908e-06 -3.6280393545e-06  3.1310559786e-06  2.8636180981e-06  1.7506814152e-06 -3.2492785284e-06  6.4796657446e-06  2.8899980704e-06

JOB 2
COORDS  1.3706234644e-02 -2.6479360901e-01  1.0891712047e+00  1.6014939278e+00 -6.4262438889e-01  2.8713682775e+00 -8.2587960110e-01 -1.1743566312e+00  1.7340816329e+00  1.2641710229e+00 -2.0319603035e-02  1.6729261234e+00  6.6376123701e-01 -1.5240808732e+00  3.4547881055e+00  2.2388730825e+00  9.4623950743e-01  1.0763455470e+00  3.0983335681e+00  3.9712305510e+00  1.1479380939e+00  2.2211285077e+00 -2.2436378346e+00  5.2509804706e+00  2.4759641486e+00  3.0950894274e+00  7.0584094225e-02 -5.2682190305e-01 -1.7928255029e+00  2.8810490468e+00  8.9774698659e-01 -2.1477852423e+00  4.6599320270e+00  3.4421463845e+00  7.6259484741e-01  1.0278402360e+00  1.6224066748e+00  2.0714178149e+00  6.5283643605e-01 -2.8833099450e-01  2.2483127324e-01  1.7026069417e-01  2.5693115376e+00 -4.5739882846e-01  3.3225710889e+00 -1.7973368691e+00 -1.4192930849e+00  1.3066421709e+00  2.3240414007e+00  4.4166994438e+00  1.7797344577e+00  3.7798910065e+00  3.3910886940e+00  1.7743904897e+00  3.6675452688e+00  4.7807922225e+00  6.7811536422e-01  2.9602431525e+00 -2.6917922266e+00  4.5710198503e+00  2.1581064692e+00 -2.8598708171e+00  6.1501309034e+00  2.5855385334e+00 -1.2556990473e+00  5.5534282776e+00  3.2403504136e+00  2.6116936569e+00 -5.4138811382e-01  1.8035809672e+00  3.6674924517e+00 -5.7164552862e-01  2.3972787567e-01 -2.8929190055e+00  4.8509485195e+00
ENERGY -6.102653260915e+02
GRADIENT -2.6798299866e-05  5.9814055029e-05 -5.2996105890e-05 -1.6490274380e-03  3.0690995731e-03  2.1174048527e-03  5.3021716368e-05  5.8502052759e-06  2.0088434009e-05  2.6067312345e-03 -3.9226066232e-03 -1.7783820184e-03 -3.0210026180e-05  2.4642771829e-05 -5.6239172972e-05 -1.4804526363e-03 -8.5568072686e-04 -3.8213197114e-03 -2.2526629856e-06  2.3229688604e-06 -2.1662971343e-06 -3.3441618923e-07  4.9368296323e-06 -3.7558393758e-06  5.2411629315e-07 -2.0445324607e-06 -6.5301852771e-06 -1.6681373057e-05 -2.4047400533e-05  3.1330056232e-05  3.5075320453e-06 -1.6155319954e-05 -2.7848787483e-05 -1.5888694540e-05 -2.5269176048e-06  4.7807514119e-06  5.4096866002e-04  1.6337183290e-03  3.5757773951e-03 -4.1142133523e-06 -9.4158593288e-06 -1.5409115736e-05  9.0366150005e-06 -3.5886664387e-06  8.0568165415e-06  1.4255801671e-06  7.0585229064e-06  7.2791371926e-06  2.6471524254e-06 -2.9879844668e-06  7.2216681514e-07  2.0845996786e-06 -4.4801010411e-06  7.5524549247e-07  4.3984886367e-06 -4.8466647864e-06  1.3380389614e-06 -3.0069464213e-06 -4.4806654986e-06 -5.7072114605e-07 -1.7504120486e-06 -1.3945783783e-07  1.1655667523e-06  1.2835306743e-06 -4.0083503596e-06 -2.2763546722e-06 -2.7495769606e-07  1.3736304429e-07 -7.0321037970e-08  2.9282802632e-07 -1.4362493134e-06  2.3178463692e-07 -7.7037152553e-06  7.8235767799e-06  1.6297950512e-06

JOB 3
COORDS  8.3162917270e-03 -3.8614362138e-01  9.9637257222e-01  1.5751150576e+00 -6.2016753521e-01  2.8195098734e+00 -8.0610955896e-01 -1.3011480648e+00  1.6657084085e+00  1.2360438471e+00 -6.5017570235e-02  1.5894988981e+00  6.6342939011e-01 -1.5145230899e+00  3.4246665304e+00  2.1794534535e+00  9.1139247701e-01  9.5542449612e-01  3.2536161666e+00  3.8536282283e+00  1.2421150313e+00  2.2141885313e+00 -2.0915885393e+00  5.2777290979e+00  2.4146032179e+00  3.1551571818e+00  1.8212711268e-01 -5.0409720114e-01 -1.8569854254e+00  2.8431834268e+00  9.0004806515e-01 -2.0762526829e+00  4.6594719711e+00  3.3418903251e+00  6.6724781493e-01  6.8911258305e-01  1.5883533516e+00  2.1112718599e+00  7.7002264037e-01 -2.9746005976e-01  4.9204867166e-02  5.1186820242e-02  2.5245362894e+00 -3.7812935742e-01  3.2833886701e+00 -1.7585472319e+00 -1.6036450482e+00  1.2322939031e+00  2.6175973355e+00  4.2542130953e+00  2.0371997855e+00  3.9797854116e+00  3.1641144286e+00  1.6791075352e+00  3.8009610037e+00  4.6861110958e+00  7.8664617490e-01  2.9848748072e+00 -2.5348282211e+00  4.6303130431e+00  2.1594303378e+00 -2.6733318658e+00  6.2000968065e+00  2.5307155051e+00 -1.0776037659e+00  5.5463709350e+00  3.0408961145e+00  2.7137836532e+00 -5.9592513249e-01  1.6946068491e+00  3.8379608690e+00 -2.7325999650e-01  2.6963511288e-01 -2.8396509216e+00  4.8705205542e+00
ENERGY -6.102628422619e+02
GRADIENT  3.7541231786e-05 -5.1346718650e-05  1.3604624365e-04 -1.9615350153e-03  2.9143302023e-03  1.7550899764e-03 -5.4856635658e-05 -2.2252418760e-05 -4.3736385176e-05  3.0936798624e-03 -3.7844578971e-03 -1.6265154454e-03  3.2467756395e-05 -5.0526096768e-05  9.6740254495e-05 -2.3243838068e-03 -1.7178580697e-04 -3.7355692169e-03 -9.4511984561e-06  9.7931097780e-06  2.1219721384e-07  1.2624161781e-06 -3.1420105311e-06 -4.3193688591e-06 -9.3320940741e-06  3.6637668889e-06 -1.3403520107e-05  2.8937596130e-05  2.7921615841e-05 -2.7327138450e-05 -6.3290570298e-07 -1.1195902154e-05  2.8957900217e-05  5.3369962555e-06  2.7712746936e-05 -6.0544273119e-06  1.1910594188e-03  1.1181266544e-03  3.4574705940e-03  1.8300599221e-05 -1.1092931019e-05  6.8917821641e-06 -1.4915244190e-05 -1.0711563794e-06 -1.1462867471e-05 -3.9835055910e-06 -6.5214454915e-06  1.1648488571e-07 -1.2045992908e-06 -3.0765935623e-06  4.7302999934e-06  8.5867816992e-07 -1.8389820204e-06  6.4698101361e-06  1.7783367398e-06  4.9243093030e-08  7.8230772280e-06  8.4127812490e-07  6.9197941727e-07  3.1007524552e-06 -9.2938380419e-07  1.7487421274e-06  3.8030581677e-06 -7.6381709051e-07  4.6313174647e-07  4.6716776832e-06  9.2486653180e-06  3.0189207765e-06  1.1113062395e-05  6.5226711072e-06  1.9053234354e-06 -5.4886347740e-06 -2.1513083134e-07 -3.1217252294e-06  1.5315549854e-06

JOB 4
COORDS -1.2879109826e-02 -4.9089647341e-01  9.2225429532e-01  1.5073228748e+00 -5.6334231286e-01  2.7973350023e+00 -7.9000040565e-01 -1.4317003964e+00  1.6005190568e+00  1.1693194218e+00 -6.7960704539e-02  1.5422480382e+00  6.3817546556e-01 -1.4985616458e+00  3.4034451886e+00  2.0741851249e+00  9.2920916279e-01  8.7974958157e-01  3.4024564108e+00  3.7419537411e+00  1.3105989173e+00  2.1719878720e+00 -1.9265581089e+00  5.3101926411e+00  2.3473153566e+00  3.2357378211e+00  3.3824819212e-01 -4.8911637490e-01 -1.9309534054e+00  2.8030297247e+00  8.7679761001e-01 -2.0116249733e+00  4.6589129803e+00  3.1514069890e+00  6.5413170260e-01  3.8601638077e-01  1.5506166020e+00  2.1719013569e+00  9.3272872960e-01 -3.1375493304e-01 -1.1353223713e-01 -4.9427782977e-02  2.4212777009e+00 -2.4447941945e-01  3.2859791873e+00 -1.7089216902e+00 -1.8059763716e+00  1.1510337529e+00  2.9403982318e+00  4.0715945836e+00  2.2460428223e+00  4.1355325904e+00  2.9618725943e+00  1.5292856783e+00  3.9296618984e+00  4.5942737451e+00  8.6828380297e-01  2.9866589804e+00 -2.3347019254e+00  4.6941691439e+00  2.1302566457e+00 -2.4880239443e+00  6.2457133932e+00  2.4155473490e+00 -8.8794641688e-01  5.5604870596e+00  2.7991930909e+00  2.8646226678e+00 -5.8401510450e-01  1.6164702719e+00  4.0108142923e+00  9.9787663613e-02  2.9092382950e-01 -2.8084643778e+00  4.8746654971e+00
ENERGY -6.102608605583e+02
GRADIENT  1.1448644743e-05  5.6207250301e-06 -1.9134876513e-05 -1.2172982711e-03  1.8424372937e-03  1.0391082700e-03 -1.4274571343e-05  6.2882284537e-07 -1.8882841521e-05  2.1503511740e-03 -2.5654474347e-03 -8.2222171099e-04  8.0456480579e-06 -2.5642322173e-06  2.2273565206e-05 -2.0099614155e-03  3.5277450244e-04 -2.2874432767e-03  3.4181429548e-06 -5.2928853993e-06 -3.5450685223e-06 -3.4150065051e-07  7.6704766466e-06 -4.2150131641e-06  3.9213257938e-06 -7.2728001527e-06  4.4595415643e-06  1.2148899036e-05  4.8927768138e-06 -1.5392099005e-07  9.3095748729e-06 -2.3657825672e-05 -1.0932623148e-05  2.5783901222e-06 -2.6379311604e-05  1.3800364651e-05  1.0815038559e-03  3.7894683848e-04  2.0562219746e-03  2.8125405141e-06 -2.7295737235e-06  1.8769592804e-06  2.6802605543e-06 -4.2796427448e-06 -9.1571975697e-07  1.5687169371e-06 -4.0713480932e-06 -2.8926436375e-06  1.4915341761e-06  1.5167971518e-06 -4.0545555497e-06  7.2745213756e-07 -1.9008974432e-06 -1.2916760370e-06  1.7315100052e-06 -3.0622764360e-06 -4.8686162186e-06  3.9366174387e-06 -2.5085538462e-06 -1.9239698526e-06  4.2144278817e-06 -1.4136453499e-06 -2.1859586312e-06  4.4275435726e-06 -1.5434490528e-06 -2.7402849799e-06 -2.5031260662e-06  6.2063479625e-07 -5.2061007016e-06 -9.2440076327e-07 -2.4175055223e-06  2.4679049900e-06  2.8204922661e-07  3.0176526747e-06  4.0242097653e-06

JOB 5
COORDS -1.2436088133e-02 -6.0521156970e-01  8.5168266850e-01  1.4465039748e+00 -5.1151781317e-01  2.7729245118e+00 -7.3635452105e-01 -1.5863255771e+00  1.5317710321e+00  1.1049630317e+00 -6.5731392965e-02  1.5003941698e+00  6.4029636993e-01 -1.5052787487e+00  3.3729684406e+00  1.9627876354e+00  9.5767577383e-01  8.1344147034e-01  3.5549220149e+00  3.6151884541e+00  1.3182640038e+00  2.1534095736e+00 -1.7788388891e+00  5.3241019156e+00  2.3140996783e+00  3.2955789819e+00  4.9779529575e-01 -4.3288061869e-01 -2.0359865890e+00  2.7529901285e+00  8.8729785755e-01 -1.9794313951e+00  4.6421788795e+00  2.9028391904e+00  6.8753351359e-01  9.0877185492e-02  1.5505995361e+00  2.2105863176e+00  1.0979212205e+00 -3.0357198003e-01 -2.8516429350e-01 -1.4333398291e-01  2.3108169923e+00 -1.0467008345e-01  3.2862434106e+00 -1.6098405096e+00 -2.0403487749e+00  1.0654901582e+00  3.2853975583e+00  3.8495757856e+00  2.3525631838e+00  4.2522383443e+00  2.7739654241e+00  1.3121087387e+00  4.0637729453e+00  4.4856371996e+00  8.9003296708e-01  3.0148594207e+00 -2.1262090397e+00  4.7348736504e+00  2.1339640439e+00 -2.3296153120e+00  6.2666824605e+00  2.3038964684e+00 -7.2042808726e-01  5.5647555494e+00  2.5727837431e+00  3.0193879005e+00 -5.2653868752e-01  1.6146224546e+00  4.1335070226e+00  4.8382190080e-01  3.6318943656e-01 -2.8186808648e+00  4.8560085576e+00
ENERGY -6.102601576759e+02
GRADIENT  2.5979151332e-05 -2.2418777746e-05  1.2557901298e-04 -5.4185199057e-06 -1.4758115944e-04 -9.2031545229e-05 -4.6288462114e-05 -5.2408490023e-05 -2.1881089623e-05 -1.6410608332e-04  3.3510052257e-04  4.0918559113e-05  2.8883106932e-05 -5.8125441904e-06  2.9803773313e-05  1.1992830089e-04 -2.4501936117e-04  1.4005332849e-04 -9.4094745591e-06  1.6053934611e-06 -7.9980920447e-08 -2.3722936887e-06 -2.3264970457e-06 -4.6496028476e-07  1.2655620564e-06 -2.1564578498e-06 -7.2172600454e-06 -4.9026149837e-06  1.2895291806e-05 -1.9518709960e-05  6.7295066973e-06 -1.6415034300e-05 -1.0760696931e-05  4.9770104542e-05  2.5425252165e-04 -4.8372668197e-05 -1.6437742319e-06 -1.0388161707e-04 -1.4520367787e-04  2.7576909321e-06  1.2622995337e-06  1.2221618221e-05 -8.6985261677e-06  4.3303744999e-06 -1.3221875188e-05 -1.0492533720e-05 -5.3197192357e-06  4.4282951227e-06  1.5062617009e-06 -8.4142483756e-06 -8.7936941212e-07  3.3524772192e-06 -5.2093582932e-06 -5.2466665464e-06 -3.4711933531e-06 -4.4341757338e-07 -8.0952896061e-07  1.2981818637e-06 -1.8788491214e-06 -3.7687201040e-06  4.4178123117e-06 -2.1128697469e-06 -2.1545950459e-06  2.8941559265e-06 -1.4683672635e-06 -2.3963308116e-06  4.9883997390e-06 -1.3216870108e-05 -6.7062761285e-06  2.5670491734e-07 -7.8537941217e-07 -1.4212677260e-05 -1.7300234435e-06  2.7139347344e-06  3.0324772116e-06

JOB 6
COORDS -5.7430415621e-03 -6.9747751143e-01  7.9112127662e-01  1.3754249784e+00 -4.4918349312e-01  2.7559473177e+00 -6.6797810564e-01 -1.7234420690e+00  1.4672468559e+00  1.0313365455e+00 -4.5582433638e-02  1.4697048514e+00  6.4257478384e-01 -1.5042080702e+00  3.3457008123e+00  1.8358574251e+00  1.0114430516e+00  7.7196126443e-01  3.6880634879e+00  3.4840765866e+00  1.3040087427e+00  2.1195148924e+00 -1.6266491450e+00  5.3395953451e+00  2.3084430355e+00  3.3470350474e+00  6.7700714058e-01 -3.6437733309e-01 -2.1297445294e+00  2.7039182752e+00  8.9649412829e-01 -1.9456852327e+00  4.6253704029e+00  2.6039661540e+00  7.8685649629e-01 -1.4376329362e-01  1.5694971188e+00  2.2396673084e+00  1.2656115009e+00 -2.7955142418e-01 -4.2582808101e-01 -2.2281891365e-01  2.1797799134e+00  4.3193479947e-02  3.2911726944e+00 -1.4856560612e+00 -2.2561212999e+00  9.8339658067e-01  3.6105591714e+00  3.5993561504e+00  2.3894738457e+00  4.3052520265e+00  2.6105327643e+00  1.0802805284e+00  4.1889968350e+00  4.3703390671e+00  8.9955005667e-01  3.0250642181e+00 -1.8994011263e+00  4.7777328333e+00  2.1232772562e+00 -2.1699862124e+00  6.2866735980e+00  2.1674379500e+00 -5.5718852940e-01  5.5737168603e+00  2.3739635514e+00  3.1921184225e+00 -4.0193569713e-01  1.6847550921e+00  4.2189411834e+00  8.8278594098e-01  4.4229613275e-01 -2.8258348562e+00  4.8345339093e+00
ENERGY -6.102610497115e+02
GRADIENT  4.3696946737e-05 -1.8466730998e-05  9.0493387106e-05  1.5142536528e-03 -1.9674592878e-03 -1.1287888742e-03 -5.3480066750e-05 -3.8285986338e-05 -2.5802590432e-05 -2.9453708014e-03  2.9794509090e-03  8.7812845614e-04  5.0392427239e-05 -2.8305011574e-05  1.1411451855e-04  3.2895645988e-03 -1.2368791002e-03  1.8089198001e-03 -7.7168137797e-06  4.3090697340e-06  3.0243790170e-06  8.9131266252e-07 -9.1547101330e-07 -7.4146708688e-06 -2.3944188279e-05  1.3557462663e-05 -1.1552986964e-05  1.1465072381e-05  3.0409472609e-05 -3.9280871641e-05 -5.5032313145e-06 -1.4769365884e-05  2.3238001998e-05 -1.1751495597e-05 -4.4137477018e-05 -1.6132586963e-06 -1.8733023884e-03  3.1395384033e-04 -1.7018730433e-03  1.4262584681e-05 -5.2324795734e-06  1.1372228494e-05 -1.4848623757e-05 -7.7022524034e-06 -1.4124821881e-05 -8.3394657312e-06 -8.5685241603e-06  1.7235743601e-06  2.1132432338e-07 -1.1573388248e-05 -1.1078924006e-06  1.7481152916e-06 -3.9335586007e-06 -7.4046073192e-06 -6.3558312436e-07 -6.3169734542e-07  3.5895241038e-06 -6.1044918337e-07  3.3118162568e-07 -5.4777901169e-07 -7.7361767729e-07 -1.2078461707e-06 -5.3705849132e-07 -6.6673279830e-07 -1.8291938769e-07  2.9026532934e-06  9.8568214187e-06 -1.5907834660e-05  5.1028563399e-06 -1.6095322380e-06  7.7061717114e-07 -1.5670340778e-05 -5.7587483259e-06 -2.1296225321e-06  8.3824936607e-06

JOB 7
COORDS  1.6236219298e-02 -7.5599846031e-01  7.4038337839e-01  1.3109634356e+00 -3.8147742326e-01  2.7450938763e+00 -5.8250098623e-01 -1.8260230833e+00  1.4062877399e+00  9.6980538381e-01 -1.2155285650e-02  1.4471367435e+00  6.5104830993e-01 -1.4912815567e+00  3.3205153103e+00  1.7132082991e+00  1.0875839118e+00  7.5307057159e-01  3.7955096921e+00  3.3717432688e+00  1.2567880618e+00  2.0752589838e+00 -1.4812272784e+00  5.3562955362e+00  2.3266884023e+00  3.3896823691e+00  8.5923853288e-01 -2.8321902297e-01 -2.1990245516e+00  2.6550288928e+00  9.0605877502e-01 -1.9068827524e+00  4.6086212364e+00  2.2952949133e+00  9.4972147621e-01 -3.0634122148e-01  1.6120859241e+00  2.2560960688e+00  1.4249874581e+00 -2.3902176834e-01 -5.1554959685e-01 -2.8590377602e-01  2.0528284514e+00  1.8233851360e-01  3.2990995119e+00 -1.3393992062e+00 -2.4268988942e+00  9.0393926238e-01  3.9023006640e+00  3.3520376857e+00  2.3457932954e+00  4.3029446454e+00  2.5021062544e+00  8.3224725144e-01  4.2889477021e+00  4.2743191437e+00  8.8011057024e-01  3.0175021783e+00 -1.6797596136e+00  4.8242975042e+00  2.0959191016e+00 -2.0166072594e+00  6.3076782260e+00  2.0255626011e+00 -4.1014392562e-01  5.5823284857e+00  2.2069703559e+00  3.3748292280e+00 -2.2607678656e-01  1.8100387152e+00  4.2590088677e+00  1.2703751628e+00  5.2155566584e-01 -2.8211898834e+00  4.8106815683e+00
ENERGY -6.102631040317e+02
GRADIENT  4.4271501108e-05 -7.0146320240e-05 -6.2030743705e-05  2.7135784307e-03 -2.7127902051e-03 -1.4802238056e-03  1.2058680822e-05  6.0315669043e-05  8.2906294537e-06 -4.9859417898e-03  4.2715776238e-03  1.4925877445e-03 -8.0073484532e-05  3.6784061801e-06 -1.0881520592e-05  5.5139667579e-03 -2.4235304531e-03  1.9573067120e-03  3.1578424148e-06 -5.5596800717e-06 -1.1487907362e-05 -9.2342976962e-06  1.7656661856e-05  1.6526469538e-06  1.7998435176e-05 -4.9960165169e-05  3.2706326874e-05  3.1178085847e-05 -1.6654650673e-05  3.0933576225e-05  1.8210314978e-05 -3.1117389196e-05 -1.5571453135e-05 -3.0523089454e-05 -7.2920573483e-05  1.3589897451e-05 -3.2107334229e-03  9.5987592786e-04 -1.9955755484e-03 -1.3967726514e-05  1.9742226638e-05 -5.1618965077e-07 -1.3536686481e-05  1.3057103615e-05  6.5855870069e-06  1.7825980924e-05 -9.9631433367e-06  1.1359628521e-06  2.1163198425e-08  5.5548912739e-06  3.9650308753e-06  2.5288891663e-06  4.0142466027e-07  6.1258652990e-06 -5.5640525107e-06  1.7206597112e-06  1.6164290144e-06  1.2398032234e-06 -5.6342806217e-06  3.2011228424e-06 -3.4881534532e-06  8.0965908640e-07  9.2441110541e-07  3.5418340054e-07 -9.1569902692e-07 -5.1400062776e-06 -1.0958670461e-05  2.2649527812e-05  1.2483503055e-06  7.8663937545e-06  3.9946278739e-06  8.0869781859e-06  4.0201142725e-06 -2.1378251497e-06 -3.7377852821e-06

JOB 8
COORDS  7.0644748493e-02 -7.9403723239e-01  6.9594918476e-01  1.2668838117e+00 -3.3548973000e-01  2.7450069431e+00 -4.7304735436e-01 -1.9060502247e+00  1.3392241068e+00  9.4468298620e-01  1.3257900014e-02  1.4358329513e+00  6.6790085639e-01 -1.4914021350e+00  3.2957271621e+00  1.6187093045e+00  1.1674762983e+00  7.6360769748e-01  3.8740236624e+00  3.2977980222e+00  1.1722347372e+00  2.0173938651e+00 -1.3859649142e+00  5.3779439873e+00  2.3631375478e+00  3.4162324704e+00  1.0326698493e+00 -1.9030193423e-01 -2.2611899213e+00  2.5974336333e+00  9.0710512199e-01 -1.8922308732e+00  4.5916711309e+00  2.0151090059e+00  1.1466859076e+00 -3.8718371877e-01  1.6882116498e+00  2.2482142631e+00  1.5742785240e+00 -1.6295215125e-01 -5.6517733994e-01 -3.3781891844e-01  1.9477882351e+00  2.7842311828e-01  3.3224600094e+00 -1.1680790044e+00 -2.5574864320e+00  8.1123958601e-01  4.1561894009e+00  3.1398019046e+00  2.2177904698e+00  4.2565132214e+00  2.4698800789e+00  5.7046862310e-01  4.3483344110e+00  4.2221434028e+00  8.2487465164e-01  2.9888255263e+00 -1.5168059595e+00  4.8784005183e+00  2.0435290017e+00 -1.9197010492e+00  6.3301165638e+00  1.8846343363e+00 -3.2132201597e-01  5.6006248969e+00  2.0681734096e+00  3.5399672454e+00 -1.1416649810e-02  1.9692993383e+00  4.2462319949e+00  1.6224260903e+00  5.8254500846e-01 -2.8323205501e+00  4.7801215383e+00
ENERGY -6.102654982806e+02
GRADIENT -5.3641318676e-06 -1.4296746947e-05 -6.4296694302e-05  2.8454800921e-03 -2.2904919852e-03 -1.2636893007e-03  1.9911200301e-05  3.6503607898e-05 -8.8443181096e-06 -5.2147773813e-03  3.7817570106e-03  1.5371619550e-03  3.5602330759e-05  7.3487552220e-05 -3.5235724201e-05  5.6728673851e-03 -2.6581121921e-03  1.0525521005e-03 -9.8029212123e-07 -8.3409823676e-06 -7.1906438096e-06 -1.6553410539e-06  8.9370724667e-05 -1.1390453944e-04 -1.4098381158e-05 -3.5137077670e-05  7.0752119317e-06  1.5587643265e-05 -2.6841863820e-05  7.1094410440e-05 -8.4650722201e-05 -1.5971711490e-04  1.2685299485e-05 -2.2839550575e-05 -5.1390442119e-05  1.6357996405e-05 -3.2403957153e-03  1.1947845700e-03 -1.2451467355e-03 -1.6001293257e-05 -1.2980190432e-06 -4.4198438596e-06  1.2874431235e-05  3.1327990479e-06  2.4299303698e-05  4.0451449988e-06 -5.3184149357e-06  5.0244498430e-06  1.1778092465e-06 -5.8973891734e-06 -4.4215926080e-06  1.7462858231e-06 -8.4487569313e-06 -4.1057066568e-06 -4.3401948470e-06 -5.7989572568e-06 -5.6124111852e-06  4.4628762560e-06 -1.6063885413e-06  2.5260834246e-06 -1.4951187415e-05 -5.5359935317e-06 -1.2184205763e-05  7.0290891531e-06  8.1818107073e-06 -1.1288233133e-05 -2.5648714597e-07  7.1039786221e-08 -4.9647660857e-06  7.2139155519e-07 -1.3902969253e-06 -7.4886985207e-06 -1.9778632791e-05 -4.7753909325e-06  1.5165701870e-05

JOB 9
COORDS  1.2220192384e-01 -8.4079867768e-01  6.7233475638e-01  1.2213561849e+00 -3.2185571743e-01  2.7609736049e+00 -3.7285814066e-01 -1.9876803226e+00  1.2928668575e+00  9.2569433211e-01  1.2147310953e-02  1.4410200236e+00  6.7189041175e-01 -1.5122296368e+00  3.2891624621e+00  1.5266111330e+00  1.2178166999e+00  7.9111654577e-01  3.9123812372e+00  3.2319372296e+00  1.0227029539e+00  1.9326162701e+00 -1.3308109651e+00  5.4223134944e+00  2.4060557234e+00  3.4031649735e+00  1.1577139298e+00 -1.1219117032e-01 -2.3305296346e+00  2.5594161394e+00  8.8553296229e-01 -1.9002549057e+00  4.5936251646e+00  1.7292318369e+00  1.3142827406e+00 -4.0604642344e-01  1.7815435498e+00  2.2016743472e+00  1.6846133256e+00 -9.3113667414e-02 -6.1543902650e-01 -3.6591181410e-01  1.8467753732e+00  3.2775131014e-01  3.3605435498e+00 -1.0084179266e+00 -2.6779602489e+00  7.3995881968e-01  4.3594248443e+00  2.9543921747e+00  1.9822969626e+00  4.1515917630e+00  2.4643943920e+00  2.8283904742e-01  4.3609847946e+00  4.1761852799e+00  6.9523848946e-01  2.9284316507e+00 -1.4013028026e+00  4.9600384480e+00  1.9546120466e+00 -1.8653208098e+00  6.3741658341e+00  1.7278122984e+00 -2.7677587494e-01  5.6408206421e+00  1.9456079994e+00  3.6468150933e+00  1.9807790978e-01  2.1538571250e+00  4.1746820680e+00  1.8878923732e+00  6.0947948804e-01 -2.8578767459e+00  4.7705559973e+00
ENERGY -6.102674706091e+02
GRADIENT  6.3587628449e-06 -3.2795993023e-05  2.0311281508e-05  2.1654425653e-03 -1.5997430867e-03 -8.9057727940e-04  9.1209454026e-06  1.1085291531e-05  2.8598476575e-05 -4.0762504597e-03  2.7052109347e-03  1.0942121755e-03 -6.6115000314e-06 -9.9366247008e-06 -5.7474301914e-06  4.3894702613e-03 -2.0666911881e-03  1.4096610944e-04 -4.3384783787e-07 -5.3868399845e-06 -2.9247858131e-07  2.1313736471e-06  4.7588722771e-06 -5.1973952092e-06 -1.0240711128e-05  8.1714463921e-06  3.9952297710e-07 -1.0074258534e-06 -2.0327817737e-05  7.3424830932e-06 -1.3340885311e-05 -1.7256447117e-05 -2.2009569470e-06 -5.5723855870e-05 -8.5269457348e-05 -1.4698197122e-05 -2.4324064749e-03  1.0349878864e-03 -3.8384340122e-04  1.7773681447e-06 -2.3798651913e-06 -3.2431703167e-06 -6.2088738675e-06 -5.4479114691e-06 -3.1470493739e-06  1.8744026756e-06 -7.7123215153e-06  9.5102217741e-06 -7.2767275395e-07 -6.5387135115e-06 -4.6966640166e-06 -1.6960200556e-06 -1.0979856352e-05 -3.2060538318e-06 -3.4519450190e-06 -9.1758690194e-06 -6.5100825469e-06 -7.4576522925e-06  5.7348779689e-06 -6.0106305281e-07  1.1341647406e-06 -3.7928178537e-06 -2.2853061100e-08 -5.7107046980e-06  1.4964571076e-06  8.0000688270e-06  5.8120165438e-06 -1.3784908560e-05 -3.1606313280e-06 -4.2477139808e-06 -4.6978925708e-06 -7.3149030613e-06 -1.5853940470e-05  8.5408953599e-06  1.2685221130e-05

JOB 10
COORDS  2.0013784238e-01 -8.5671743840e-01  6.5309748965e-01  1.1930840094e+00 -3.0498479795e-01  2.7862085373e+00 -2.5557328717e-01 -2.0354277834e+00  1.2431184885e+00  9.3604406055e-01  2.4905715505e-02  1.4567222080e+00  6.8271177448e-01 -1.5255880910e+00  3.2833222266e+00  1.4674248711e+00  1.2804174288e+00  8.4051579023e-01  3.9329147812e+00  3.2176139957e+00  8.6025045689e-01  1.8436652360e+00 -1.2998090194e+00  5.4682236844e+00  2.4769256156e+00  3.3986154642e+00  1.2650718832e+00 -2.6821780754e-02 -2.3771365761e+00  2.5162127321e+00  8.5973408597e-01 -1.9122500413e+00  4.5939041097e+00  1.4821735421e+00  1.4945043187e+00 -3.5887905706e-01  1.9096351660e+00  2.1599118889e+00  1.7689637425e+00  5.4512480725e-03 -6.2488610068e-01 -3.8761579179e-01  1.7635641474e+00  3.6758207134e-01  3.4137456824e+00 -8.3234260914e-01 -2.7520201259e+00  6.6009645345e-01  4.5240309066e+00  2.8341305365e+00  1.6975745266e+00  4.0191354366e+00  2.5274652523e+00  1.7723465964e-02  4.3518933168e+00  4.1835544824e+00  5.5765635891e-01  2.8598267631e+00 -1.3193363704e+00  5.0470762109e+00  1.8520330854e+00 -1.8396767601e+00  6.4172754289e+00  1.5800132681e+00 -2.5835614963e-01  5.6837620485e+00  1.8709366849e+00  3.7479475332e+00  4.2666204809e-01  2.3770349318e+00  4.0949725704e+00  2.1001438285e+00  6.2483040480e-01 -2.8838622946e+00  4.7531456665e+00
ENERGY -6.102686717652e+02
GRADIENT -1.3630106075e-05 -1.0687440671e-05 -7.6906611673e-06  1.1037436839e-03 -6.6188292253e-04 -3.6447680812e-04  2.2727194512e-05  1.9886222709e-05  3.9117127334e-05 -2.0295291746e-03  1.1580562880e-03  5.6104827436e-04 -2.0460885316e-05 -6.5264529024e-07 -3.0319326860e-05  2.0901857638e-03 -9.9874765722e-04 -2.5407554130e-04 -2.0326456467e-07 -2.7684811442e-06 -1.8363729769e-06 -3.1775283370e-06 -1.1347628078e-06 -3.4850121812e-07  3.7866894753e-06 -8.0058399795e-06 -2.0398017073e-06 -8.1803803333e-06 -2.7838316169e-05  1.2996198931e-05  1.5719257486e-05 -8.8790526411e-06 -2.6959654681e-05 -4.8997364063e-06 -1.4055830717e-05  3.6914873980e-06 -1.1527917875e-03  5.3030661375e-04  5.9921396621e-05  2.3848889365e-06  1.9524404309e-06 -2.8228124407e-06 -4.1506871619e-06  2.3406950314e-06  1.1347216903e-06 -1.9330921595e-06  3.9809673593e-07  7.8737537252e-06  4.8194426254e-07  1.2934526368e-06  1.7044546137e-06 -7.6193433432e-08 -3.9401845268e-06  2.9673250832e-06 -1.2022602048e-06 -2.2070309676e-06 -2.5932880654e-06 -4.4447883155e-06  3.3533414669e-06 -1.4836897509e-06  1.8429029067e-06 -3.8692939416e-06 -1.1237008578e-06 -4.0522460152e-06 -1.3424929556e-06  5.7237077520e-06 -2.3696090306e-06  2.4961706880e-06  1.0444240839e-06  1.3166457621e-06 -5.7296623559e-06  3.7421909899e-06 -1.9770909996e-05  6.3507972326e-06  8.9450109663e-06

JOB 11
COORDS -2.0642848688e-01 -9.6805925847e-02  1.0919746839e+00  1.6037171909e+00 -9.7794605757e-01  2.4288019946e+00 -1.0784466814e+00 -6.0163440197e-01  2.0562326417e+00  1.1663382290e+00 -2.9395699798e-01  1.2958189243e+00  6.3313248283e-01 -1.4565862836e+00  3.3377550874e+00  2.1228154593e+00  2.4480698531e-01  2.7886229285e-01  4.7384258621e+00  1.9513275455e+00 -5.3694256664e-02  2.3277644996e+00 -2.2085173784e+00  4.9914326408e+00  4.4172181378e+00  4.8853208940e-01 -3.2474359508e-01 -6.8771516418e-01 -1.2607537142e+00  3.1529942449e+00  9.7631881713e-01 -2.1757300689e+00  4.4619290751e+00  1.7788597652e+00  8.4447356852e-01 -7.2463501795e-01  3.4125524201e+00 -1.2388652707e-02  5.9718026095e-01 -5.6411709678e-01  4.3382660195e-01  2.1728261625e-01  2.6614135562e+00 -1.1350193487e+00  2.5955866891e+00 -2.1535610769e+00 -4.6704737620e-01  1.9463018245e+00  3.8679531926e+00  2.5824546221e+00 -2.4709587692e-01  5.0584879712e+00  2.0927256137e+00  9.8313931069e-01  5.5517587136e+00  2.2756093278e+00 -7.1211451550e-01  2.7355570219e+00 -1.2049043842e+00  5.1831621835e+00  3.0038149940e+00 -2.7294690099e+00  4.3043197277e+00  2.3215917240e+00 -2.7649388234e+00  5.9308927771e+00  5.2840720781e+00 -1.5101364825e-01 -1.4591075210e-01  4.0623331341e+00  3.4140403441e-01 -1.3467964021e+00  2.0975641224e-01 -2.2739483788e+00  5.1156157875e+00
ENERGY -6.102690228218e+02
GRADIENT -1.0263073146e-05  1.3421358572e-05 -1.7353453144e-05 -1.1592149855e-05 -5.8870041241e-05 -4.0613787843e-05  3.9787337739e-05 -6.6333906688e-06  1.1121153734e-05 -2.1589152702e-05  1.3666458176e-04  3.6669351118e-05  9.9709511950e-07 -1.2937971202e-05  5.3321141089e-06  5.2259943566e-05 -1.0416128705e-04 -6.6184227893e-05 -2.3752290977e-06  4.8669833013e-06 -6.3535001027e-06 -5.2289739294e-06 -6.1379043085e-06 -1.6373193895e-05 -4.1019310276e-06  1.2233558139e-05  7.6634889966e-06 -1.5426660090e-05 -2.9061165853e-07  7.5726264173e-06 -1.3185860724e-05  5.2173926253e-05  1.9425441368e-05 -7.1437151771e-05 -8.9037281587e-06  2.3590507615e-05  3.8694049406e-05  2.9888418707e-05  2.8282708598e-05  1.4786415567e-06  5.7744666093e-06 -6.4067081275e-06 -4.3210754030e-06 -1.3364004775e-06 -1.6619296029e-06  2.8353945094e-06  3.7818379345e-07  1.3023124542e-06  4.6499281768e-06 -1.9694298167e-06  1.4208191849e-06  6.1495841774e-06 -2.2065414334e-06 -1.6041615622e-06  6.9765777474e-07 -1.2716404311e-06 -3.2965874255e-06 -1.1901113151e-06  1.4506231915e-06 -4.1210829938e-06 -1.3648395127e-07 -2.0322303394e-06  7.8772559777e-07 -2.9284729039e-06  5.1642009917e-06  1.1629736678e-06  2.1341681402e-06  3.0619642464e-06  8.7276419125e-06  8.5232801650e-06 -8.3905848606e-06 -2.3688648781e-06 -3.3269415627e-06 -2.2396043325e-05 -1.0831456548e-05

JOB 12
COORDS -2.3417992050e-01 -1.6340903208e-01  1.0544770165e+00  1.6037034535e+00 -9.3299828178e-01  2.4227966294e+00 -1.0900801614e+00 -7.1748117463e-01  2.0060875117e+00  1.1442244831e+00 -2.8670557443e-01  1.2766654845e+00  6.4838692533e-01 -1.4593947953e+00  3.3215080887e+00  2.0854181185e+00  3.2880164182e-01  2.8992090150e-01  4.8245254260e+00  1.8396733734e+00  6.5394598264e-02  2.3574616694e+00 -2.0915222334e+00  5.0101861287e+00  4.3554649229e+00  4.7754740678e-01 -4.2569208782e-01 -6.7853409669e-01 -1.3457870182e+00  3.1132130041e+00  1.0150446515e+00 -2.1439834707e+00  4.4597626721e+00  1.7407090668e+00  1.1052415164e+00 -5.8353135735e-01  3.3595006478e+00 -9.2078528409e-02  4.6524593598e-01 -6.0931418902e-01  3.5148930664e-01  1.7760896241e-01  2.6662894036e+00 -1.0292603989e+00  2.6051362384e+00 -2.1693815113e+00 -6.4833084845e-01  1.8780055900e+00  4.0070336931e+00  2.5640646789e+00  4.1490715363e-02  5.2116073840e+00  1.7720850824e+00  1.0867619359e+00  5.6278158792e+00  2.2063119750e+00 -5.8302291350e-01  2.7021095906e+00 -1.0637493987e+00  5.1979881672e+00  3.0738342394e+00 -2.5778538197e+00  4.3387633771e+00  2.3693565523e+00 -2.6386249032e+00  5.9550540358e+00  5.1673337903e+00 -2.5254790817e-01 -4.1728892110e-01  3.9339591279e+00  5.4012072962e-01 -1.4309645758e+00  2.4527612188e-01 -2.2785740737e+00  5.1031627498e+00
ENERGY -6.102686716750e+02
GRADIENT -7.6142308039e-06  5.2592431202e-05 -5.2027468083e-05  1.2850604836e-04  1.1458338004e-03  7.1785211846e-04  2.8356551138e-05 -1.2370826287e-05  1.0255917534e-05 -1.2884548810e-04 -2.0846455634e-03 -1.1958284898e-03 -5.7420895037e-05  3.2496746308e-05 -1.3574809764e-04  2.6867558151e-04  1.7804176508e-03  1.3678210764e-03  5.8061925016e-06  4.2376765476e-07  4.6400417701e-06  8.0947461403e-06  2.2582696601e-06  2.5716731283e-06  1.8317670919e-05 -8.5128128936e-06 -1.2056848318e-05 -1.6217738802e-05 -2.4204189968e-05  4.1473002359e-05 -1.7169248874e-05  2.1943345608e-05 -3.1634363706e-05 -8.1097184679e-05  8.3592228110e-06  4.3721258287e-05 -1.8106022526e-04 -9.5629795650e-04 -7.7199242748e-04 -1.6062706732e-05  9.4260184300e-06 -3.4428546477e-06  1.8272093453e-05  8.3222921372e-06  1.3456517637e-05  4.6553882905e-06 -1.1759150037e-06 -1.3660845182e-06  9.9277598347e-08 -1.2015108192e-07 -1.7378608776e-07 -9.8402928675e-07  1.8007230844e-06  2.8078839628e-06 -8.7088466417e-07  6.7837939382e-07  3.3286580498e-06 -6.2623234071e-07 -2.8294568675e-06  3.5971690065e-07 -4.3816360371e-06 -1.0290915268e-08  1.8985082752e-06 -2.5397956640e-06 -1.3098518909e-06  4.5553843914e-07  3.1219993029e-06  2.1205753351e-06  1.1031786459e-06  6.5176309170e-06 -1.9015994828e-06  6.8960096450e-06 -2.7640090954e-06 -3.6674166877e-07 -1.0346384049e-06

JOB 13
COORDS -2.5201454009e-01 -2.2480555523e-01  1.0147012791e+00  1.5968584167e+00 -8.8355854999e-01  2.4247445353e+00 -1.0942324070e+00 -8.2947563928e-01  1.9477078637e+00  1.1261735148e+00 -2.7309781433e-01  1.2641520783e+00  6.5475585628e-01 -1.4605989164e+00  3.3064256287e+00  2.0555403988e+00  4.2044528728e-01  3.1943644719e-01  4.9003562837e+00  1.7159222045e+00  1.4173554028e-01  2.3606298521e+00 -1.9809890488e+00  5.0360678424e+00  4.2819264599e+00  4.9776962008e-01 -5.2926499684e-01 -6.7125761131e-01 -1.4288251185e+00  3.0664603431e+00  1.0354297296e+00 -2.1134145717e+00  4.4583587814e+00  1.7283753745e+00  1.3501189511e+00 -3.9623097327e-01  3.2908826578e+00 -1.3202144867e-01  3.2644920134e-01 -6.4030236551e-01  2.7334744829e-01  1.3369777028e-01  2.6596688914e+00 -9.1954963463e-01  2.6290433017e+00 -2.1725707711e+00 -8.2543564276e-01  1.7950427387e+00  4.1518029734e+00  2.4967391190e+00  2.9585129289e-01  5.3392050241e+00  1.4466011846e+00  1.1074391409e+00  5.6940815398e+00  2.1219777033e+00 -4.9481864866e-01  2.6421309602e+00 -9.3403835801e-01  5.2231882692e+00  3.1175342793e+00 -2.4301180684e+00  4.3833919639e+00  2.3836548038e+00 -2.5202822884e+00  5.9851985877e+00  5.0225643672e+00 -2.8636250368e-01 -6.9838649993e-01  3.8102070805e+00  7.6251440721e-01 -1.4777827277e+00  2.6093160117e-01 -2.2897262514e+00  5.0857909908e+00
ENERGY -6.102674708505e+02
GRADIENT -1.2655048858e-05  2.2505296505e-05  1.7017550176e-05 -3.5529879857e-04  2.4315190104e-03  1.4061398786e-03  5.6001842219e-07 -1.5281857615e-06 -2.1856877219e-05  2.5681524137e-04 -4.1820845921e-03 -2.7694829369e-03 -1.5955390599e-05 -8.2024445878e-06  1.6349392377e-05  7.9990970185e-04  3.4274930276e-03  3.2742255722e-03 -4.5578259843e-06 -2.0578706902e-06  2.9082732271e-06  2.6700199820e-06 -1.5551297421e-06 -5.5017403604e-06 -2.6034175735e-05 -2.3077383094e-05  6.7492090289e-06  1.4253206362e-05 -9.0877795465e-07  1.8646793066e-05 -3.5797291187e-06 -2.5420101247e-05  2.2634880512e-06 -1.3159805160e-05 -9.0424002246e-06  2.1692084218e-05 -6.9638470164e-04 -1.6507256731e-03 -1.9327448995e-03 -3.3443682975e-06 -1.1139154591e-05 -2.0503286299e-06 -7.5286763582e-06 -8.7868652549e-07 -1.0030301080e-06 -4.7139670679e-06  3.9531282001e-07  1.2378685298e-05 -1.2144787959e-05  5.9934416116e-06  3.2961522769e-06 -1.1758923026e-05  4.9835294015e-06  4.1813248621e-06 -8.3478249791e-06  1.9694381793e-06  2.5881247682e-06 -8.7782908931e-07 -3.8574827811e-06  4.5534794977e-07 -1.2804949613e-06 -3.1822690327e-06 -2.3820540165e-06 -1.1775017945e-06 -2.7333604050e-06 -2.2712012205e-07 -9.3873355736e-06  4.0290975792e-06 -1.3905652826e-05 -1.1574053683e-05  1.3887195350e-05  4.6757679204e-06 -4.7380432635e-07 -2.6261822633e-06  4.6885716629e-06

JOB 14
COORDS -2.4560865142e-01 -2.9595154547e-01  9.8257860532e-01  1.5955274571e+00 -8.4659574821e-01  2.4477772817e+00 -1.0768261615e+00 -9.5949520077e-01  1.8852614586e+00  1.1245164764e+00 -2.6423901563e-01  1.2737204557e+00  6.6361437452e-01 -1.4827038251e+00  3.2992795432e+00  2.0434978861e+00  5.0743873164e-01  3.8017889170e-01  4.9770723858e+00  1.5771930722e+00  1.7515418439e-01  2.3406464723e+00 -1.8929323925e+00  5.0859067324e+00  4.2021406603e+00  5.4488497894e-01 -6.3112114456e-01 -6.5298811406e-01 -1.5358979354e+00  3.0154134584e+00  1.0466749260e+00 -2.1094022882e+00  4.4645684883e+00  1.7503552280e+00  1.5653703002e+00 -1.4591422350e-01  3.2170185075e+00 -1.3834389672e-01  1.9109521818e-01 -6.4062691505e-01  1.8600154559e-01  9.5281382785e-02  2.6523800709e+00 -8.2045330901e-01  2.6851379158e+00 -2.1476757079e+00 -1.0234710332e+00  1.6970933248e+00  4.3177169230e+00  2.3786316810e+00  5.1693338413e-01  5.4548874132e+00  1.1128327139e+00  1.0433854507e+00  5.7593795209e+00  2.0200918423e+00 -4.5085197232e-01  2.5487302513e+00 -8.3009421015e-01  5.2793316523e+00  3.1460416211e+00 -2.2938425658e+00  4.4603748876e+00  2.3659056780e+00 -2.4288792544e+00  6.0368625192e+00  4.8518727800e+00 -2.5723286032e-01 -9.8646733659e-01  3.6929949413e+00  1.0038875630e+00 -1.4811234274e+00  2.6442614850e-01 -2.3354798844e+00  5.0658878236e+00
ENERGY -6.102654986137e+02
GRADIENT  9.8243028010e-06  2.0716631242e-05 -3.1365089159e-05 -7.2390257713e-04  3.2407730297e-03  1.9404238549e-03 -3.9391156466e-05  9.9512111633e-06 -1.7619751789e-05  6.5655178725e-04 -5.3743853393e-03 -3.7732736335e-03 -1.1329925010e-05  2.4842154052e-06 -1.7814176399e-05  1.4979183544e-03  3.8225863814e-03  4.8390953239e-03 -1.0650716784e-05  1.6084780217e-06  1.5553290220e-06  7.3195365980e-07 -1.3109363511e-05 -2.5192844402e-07 -7.2964675888e-06 -2.0495556875e-07 -2.2690518012e-06  1.1986322781e-05 -5.7787979153e-06 -3.2182223005e-06  2.8161243675e-06  2.3758563413e-05  7.9055298578e-08 -2.5229947084e-05 -7.3090778664e-08  8.2119910235e-06 -1.4179966326e-03 -1.7159379793e-03 -2.9204395462e-03 -1.5921183933e-05 -4.8259052804e-06  6.8921016715e-07  1.7465644320e-06  4.4749292422e-07  4.3507982410e-06 -5.1235216415e-06  2.1671864244e-06 -2.6280825291e-06 -6.8548751474e-06  5.2163404617e-06  2.0173405975e-06 -5.0929889105e-06  4.2599122389e-06  4.0315712574e-07 -8.2832794471e-06  3.1458917715e-06 -2.1981427439e-07 -3.4222289493e-06 -5.5338993169e-08  3.8693745381e-06 -1.3562726385e-06  3.9024496441e-06 -1.4556765246e-06  1.7015881107e-06 -2.8442889720e-06 -1.2323424557e-06 -1.9765849687e-06  6.2907266057e-06 -1.5961902211e-06 -1.2208176204e-06  2.8454298406e-06 -3.6143841475e-07  5.3864607583e-07  4.9216250992e-07 -8.9767495403e-07

JOB 15
COORDS -2.2877010698e-01 -3.7107897879e-01  9.6184577855e-01  1.5843951871e+00 -8.0803838267e-01  2.4970110842e+00 -1.0487258891e+00 -1.0956117492e+00  1.8276327181e+00  1.1230993140e+00 -2.5013575007e-01  1.3081342066e+00  6.6441672327e-01 -1.5115714358e+00  3.3075382869e+00  2.0296696126e+00  5.9501699067e-01  4.6690971610e-01  5.0242269461e+00  1.4530821476e+00  1.4567017236e-01  2.2923770313e+00 -1.8210372729e+00  5.1587057022e+00  4.0888913318e+00  6.3759331265e-01 -7.3520106865e-01 -6.3323496854e-01 -1.6508874783e+00  2.9709170230e+00  1.0419055066e+00 -2.1192861345e+00  4.4844683323e+00  1.7878956953e+00  1.7455715949e+00  1.5394090195e-01  3.1182500865e+00 -9.6288247863e-02  6.1678119400e-02 -6.2365705535e-01  8.8090327739e-02  6.2143795160e-02  2.6270053564e+00 -7.1465813705e-01  2.7788173687e+00 -2.1045551168e+00 -1.2289496315e+00  1.5957988191e+00  4.4755210552e+00  2.2342475199e+00  6.7736038740e-01  5.5287649463e+00  8.1100896009e-01  8.7430496408e-01  5.7882775541e+00  1.9330270120e+00 -4.7553008351e-01  2.4213025617e+00 -7.4787834508e-01  5.3635684496e+00  3.1473760679e+00 -2.1643459741e+00  4.5654990684e+00  2.3146813656e+00 -2.3594456492e+00  6.1083405151e+00  4.6267935874e+00 -1.4137943591e-01 -1.2788471119e+00  3.5537197724e+00  1.2727911204e+00 -1.4441291078e+00  2.5301560539e-01 -2.4014812105e+00  5.0524900145e+00
ENERGY -6.102631040243e+02
GRADIENT -5.1342156379e-05  7.3952366728e-05  3.4567567998e-05 -1.1963029332e-03  3.3690772493e-03  2.0343158739e-03  4.9700012579e-05 -4.4267963851e-07 -3.2300062080e-05  1.1335110029e-03 -5.2626447796e-03 -4.0418282095e-03 -3.8956480448e-05 -5.9581632229e-05 -2.9487475241e-05  1.9682078729e-03  3.1015552873e-03  5.1560576680e-03 -6.4453262958e-06  1.1419943182e-05 -2.5875887130e-06  8.8113485010e-06 -1.0809588565e-05 -1.6126113187e-05 -1.4020350587e-05 -1.7418553610e-06  6.2719656718e-05  2.1348878705e-05  8.8168452557e-06  4.0985594630e-05 -2.0415468151e-05  2.5826067293e-05  2.4022546745e-05 -5.3535368512e-05 -1.9255965487e-05  4.1125370665e-05 -1.8484786354e-03 -1.1659738333e-03 -3.2295843380e-03  9.5392923707e-06 -1.6248220239e-05 -2.0444814632e-05  3.5596365943e-06 -2.0087814516e-05 -1.3360817519e-05  1.9997342579e-06  1.3253582083e-05  1.5126636778e-05  4.2845160617e-06 -2.4096046179e-06  4.4895087764e-06  5.5855780635e-06 -3.4209548476e-06 -1.2436062173e-06 -9.2327994396e-07 -5.0039862743e-06 -2.2493826340e-06 -2.0380190917e-06 -3.2696204235e-07  6.5687513972e-06 -2.5174532763e-06  4.0819338367e-06 -2.5606187398e-06 -9.7390810797e-07 -3.2312668447e-06 -1.6867729393e-06  1.0729521954e-05  2.0356950023e-07  5.5847915636e-06  1.1414297717e-05 -1.2178708990e-05 -1.9407468774e-05 -1.1178950081e-06  5.9576935273e-06  1.8207301743e-06

JOB 16
COORDS -1.7590204908e-01 -4.2931439963e-01  9.4506931716e-01  1.5738987443e+00 -7.5820409121e-01  2.5761807842e+00 -9.9277575086e-01 -1.2138911273e+00  1.7608158296e+00  1.1409319227e+00 -2.1520106148e-01  1.3706004875e+00  6.6142718014e-01 -1.5328981950e+00  3.3279615451e+00  2.0469643606e+00  6.8358085774e-01  5.8150313303e-01  5.0696638243e+00  1.3265214246e+00  5.4578828937e-02  2.2020518303e+00 -1.7561837158e+00  5.2640848934e+00  3.9704416169e+00  7.5168711241e-01 -8.2663480018e-01 -6.0445614307e-01 -1.7533458030e+00  2.9204741092e+00  1.0158071849e+00 -2.1322499497e+00  4.5163258672e+00  1.9013422375e+00  1.8877663444e+00  4.9366292609e-01  3.0159077256e+00 -1.9129097662e-02 -4.3395181052e-02 -5.5258498584e-01  3.7731484289e-03  2.4531063481e-02  2.5893219266e+00 -5.9601805068e-01  2.9204275787e+00 -2.0230220224e+00 -1.4140441677e+00  1.4692999516e+00  4.6617445323e+00  2.0552847746e+00  7.5925196751e-01  5.5738959550e+00  5.3182783810e-01  6.1291733934e-01  5.8138834343e+00  1.8328386344e+00 -5.6973050585e-01  2.2437697902e+00 -6.7923303367e-01  5.4844101822e+00  3.1114370278e+00 -2.0325343017e+00  4.7186586617e+00  2.2077145269e+00 -2.3030968079e+00  6.2090944824e+00  4.3660763770e+00  3.0341919075e-02 -1.5440507590e+00  3.4335167618e+00  1.5390629695e+00 -1.3597004097e+00  2.1782952068e-01 -2.4750604624e+00  5.0363619801e+00
ENERGY -6.102610497666e+02
GRADIENT  3.1682038135e-05 -3.3814929701e-06  4.9177429462e-05 -1.0706395170e-03  2.1556011199e-03  1.2801058162e-03 -3.6135001413e-05 -1.1406059675e-05 -4.6043238132e-06  9.6873860544e-04 -3.2301947760e-03 -2.6719625918e-03  3.0064306746e-05 -2.0449148969e-05  7.7237090829e-05  1.5857872206e-03  1.3883138517e-03  3.3376790118e-03  1.4910050409e-08 -9.5916483133e-06 -4.2603098907e-06 -4.1399159900e-06  6.2718886783e-06  3.3301746054e-06 -7.8365197672e-06 -1.0015929772e-05 -2.6088248855e-05  6.4195398223e-06  1.9866817761e-05 -2.4903957502e-05  5.6939029870e-06 -2.0966903394e-05  1.0358413131e-05 -2.3094473089e-05  1.1341885518e-06  1.5235230335e-05 -1.4959787778e-03 -2.8258619140e-04 -2.0417188475e-03  4.1990903749e-06  5.6301977209e-06  1.2598809883e-05 -1.4398308819e-05 -5.9588540021e-07 -5.9898738647e-06 -6.3950329411e-06 -4.1637736155e-06  2.7311511051e-06 -5.4195448593e-06  7.4905906018e-06 -5.3709908974e-07 -9.1162973887e-06  2.8973091226e-06  7.3290066150e-06  6.3293650260e-07 -2.8205975264e-06  2.2237384550e-06 -5.4833321225e-07 -1.9593306655e-07 -6.9495436447e-07 -1.2714557588e-07 -2.3417410822e-06  1.7740225111e-06 -1.0079820106e-06 -5.1394697388e-07  5.0148037619e-07 -8.1403133871e-06  8.9671816316e-06 -1.1032164047e-05 -5.3825317307e-06  6.4019642494e-06  1.8759029744e-05 -2.8804782749e-06 -3.9572644630e-06  4.4984409449e-06

JOB 17
COORDS -8.5958501152e-02 -4.8792751526e-01  9.1835218116e-01  1.5730880981e+00 -7.0828717406e-01  2.6583183946e+00 -9.0114505436e-01 -1.3268746079e+00  1.6804540949e+00  1.1784032318e+00 -1.7859020474e-01  1.4342456214e+00  6.7096734185e-01 -1.5525478758e+00  3.3445871752e+00  2.0927780181e+00  7.5690223112e-01  6.9674831082e-01  5.1013011157e+00  1.2004500315e+00 -8.0479995172e-02  2.1017711325e+00 -1.6988574581e+00  5.3700316323e+00  3.8597434242e+00  8.8236195908e-01 -9.0042553769e-01 -5.5128235845e-01 -1.8498232899e+00  2.8593494613e+00  9.9325146511e-01 -2.1452868706e+00  4.5452617577e+00  2.0867894331e+00  1.9654926030e+00  8.3107726226e-01  2.9135645128e+00  8.2617579205e-02 -1.3527949621e-01 -4.2826456009e-01 -8.7210475724e-02 -3.0068630906e-02  2.5483119845e+00 -4.7513790514e-01  3.0714017291e+00 -1.8958760507e+00 -1.5910733638e+00  1.3237438909e+00  4.8519835474e+00  1.8387719574e+00  7.7059604598e-01  5.5693095673e+00  2.8164738845e-01  2.8575197101e-01  5.8279552985e+00  1.7306725054e+00 -7.0564367035e-01  2.0536585343e+00 -6.2521124290e-01  5.6043960874e+00  3.0602139325e+00 -1.9025961330e+00  4.8794655558e+00  2.0878887295e+00 -2.2588064393e+00  6.3072926412e+00  4.0969531476e+00  2.5632271293e-01 -1.7626283084e+00  3.3595440403e+00  1.7927098777e+00 -1.2373616513e+00  1.9008781863e-01 -2.5483834181e+00  5.0113232136e+00
ENERGY -6.102601577423e+02
GRADIENT  5.2359124277e-05 -6.2532584702e-05  1.0786909356e-04 -1.4439791815e-04  8.1408374621e-05  4.0566584310e-05 -8.1449189226e-05 -1.4835177325e-05 -2.6176664851e-06  1.6259129841e-04 -1.8586257712e-04 -2.6670724556e-04  2.4700830317e-05  6.0392103024e-06  3.0851553403e-05 -2.1507642372e-05  3.1447228487e-05  3.0677424351e-04 -4.8562778467e-06 -7.2423124383e-06 -4.1793334653e-06 -3.5313004154e-06  2.9030038779e-06  1.1670141685e-06 -5.1545069214e-06  5.2477907433e-06 -4.6703289525e-06  2.3203711536e-07  1.0000027100e-05 -2.3987646806e-05 -8.6467040239e-06  4.7442752510e-06  4.8967193647e-06  1.6860642166e-04  2.7978462146e-05 -1.6833177803e-04 -1.3662920116e-04  1.0130337438e-04 -3.2500967523e-05  6.8089851102e-06 -6.4992992927e-06  8.2540174684e-06 -6.6357125846e-06  2.3475622570e-06 -1.4042096327e-05 -8.2835432216e-06 -9.8233027779e-06  1.2173864136e-06 -4.1356151081e-06  6.8493477379e-06  1.7430149907e-06 -5.6394468569e-06  2.6680687915e-06  5.7711018894e-06 -2.8458198990e-06 -2.1736612647e-06 -2.0499678066e-06 -2.4956667359e-06  3.7920344841e-06  5.2300421348e-08 -7.6593485435e-07  4.5781685764e-06  3.4488618988e-07  1.4505960061e-07  4.1347533241e-06  1.4163165766e-06 -6.1535836323e-06  9.6890869256e-06 -8.4679704368e-06 -8.9597746554e-06  9.7590000847e-06  6.6106013594e-06 -2.5048436239e-07  2.6082842240e-07  7.9266417955e-07

JOB 18
COORDS -1.9531989217e-01  5.5091467039e-01  1.9779949018e+00  1.5950536691e+00 -5.2033874396e-01  3.1958135702e+00 -1.0020579864e+00 -5.2746309624e-01  2.3457354458e+00  1.1296548116e+00  5.4447614737e-01  2.4313202580e+00  6.9261853414e-01 -1.5624067609e+00  3.5084154266e+00  2.0642035502e+00  1.6652146493e+00  2.0816458433e+00  2.5646462920e+00  3.8922505609e+00 -6.3989231154e-02  2.4406432031e+00 -2.9659846277e+00  4.5818696087e+00  3.3418740794e+00  2.6421019030e+00  3.2080726434e-01 -5.8692673161e-01 -1.5620908581e+00  3.0823325786e+00  1.0581496213e+00 -2.6369259805e+00  4.2868032440e+00  2.4451546540e+00  2.5108820623e+00  2.8685473619e+00  2.4514899346e+00  1.5905213845e+00  7.9047445828e-01 -5.8445383986e-01  1.3567875338e+00  1.3644940919e+00  2.6188173848e+00 -5.3502908907e-01  3.5527643539e+00 -2.0415614052e+00 -5.6583841431e-01  2.0223996308e+00  1.8053079522e+00  3.6599217492e+00 -8.1681949289e-01  2.0784933612e+00  4.3323534138e+00  8.1000006297e-01  3.2503951615e+00  4.6353377163e+00 -4.8540422470e-01  3.0525434272e+00 -3.0867535773e+00  3.6756620608e+00  2.4651452518e+00 -3.9024383665e+00  5.1427860683e+00  2.9008447541e+00 -2.1941735331e+00  5.2088805297e+00  4.0781576114e+00  2.8534379404e+00  1.0991321627e+00  3.8412190541e+00  2.1976884484e+00 -5.4220932773e-01  3.8355217282e-01 -3.3910522231e+00  4.2626440068e+00
ENERGY -6.102608713657e+02
GRADIENT -6.8505415921e-05  1.5199556955e-04 -1.2899647948e-04  8.9252266130e-04 -1.2279006349e-03 -1.9951236742e-03  1.1417119137e-04  1.6515500420e-06  2.7127149143e-05 -6.0862325766e-04  1.1557197619e-03  3.2689029718e-03 -1.5151496194e-05  8.2435189958e-05 -3.2802030571e-05 -2.0811660796e-03  1.1410613006e-03 -1.7353368264e-03  3.3048977610e-06 -3.8951896522e-06  5.6389932928e-06 -1.5082778504e-06  2.2445804640e-06  8.5850989277e-06  2.3139913705e-06 -4.0840214454e-07  4.8853542946e-06 -2.9783655128e-05 -3.2532204792e-05  4.9366030807e-06  9.0578198146e-06 -2.0197797144e-05 -1.6586143121e-05 -4.6037580790e-05  8.0307791937e-06 -7.1211195124e-06  1.8328239966e-03 -1.3467833583e-03  6.2571503290e-04 -3.1140116706e-05  1.7339961623e-05 -5.1299948060e-06  1.9472699385e-05 -2.1662231067e-05  2.0090085478e-05  1.5451898163e-05  1.3881284956e-05 -2.5761673605e-06  3.7981970984e-06 -1.2230599374e-06  2.8796231624e-06 -9.1748272364e-07 -5.0621546862e-06  5.3156285102e-06  4.5344100002e-06 -7.6104691203e-06  1.0169984186e-05 -1.1257295653e-06 -1.2921388049e-05 -9.6727829123e-07 -1.3315924346e-06 -5.5369314376e-06  4.3178601826e-06  9.7504979182e-07 -5.1293744778e-06 -6.8126732623e-06  4.0952584260e-06 -3.5447757921e-06  6.2564235147e-08 -8.5501034509e-07 -5.7206569521e-06  1.4796704756e-06  4.0634448514e-06  1.0017854516e-06 -8.8897125760e-06

JOB 19
COORDS -1.1333532508e-01  4.7706405121e-01  1.8565208662e+00  1.6169818908e+00 -5.4964945581e-01  3.1933458803e+00 -9.4300421979e-01 -5.7870782432e-01  2.2380710778e+00  1.1903809309e+00  4.8679817217e-01  2.3689902084e+00  6.9734757202e-01 -1.5757577749e+00  3.5081780484e+00  2.1632637171e+00  1.5647232543e+00  1.9994691637e+00  2.5469459458e+00  4.0032852255e+00  6.9736622551e-02  2.3948031185e+00 -2.9440211363e+00  4.7005520980e+00  3.2431963593e+00  2.6542359687e+00  1.7368381318e-01 -5.6452600772e-01 -1.5848448288e+00  3.0322031387e+00  1.0262677918e+00 -2.6225143688e+00  4.3388671064e+00  2.7610982525e+00  2.2553743401e+00  2.8038986122e+00  2.3353237666e+00  1.6271883076e+00  6.6092396456e-01 -4.6699910467e-01  1.2542945427e+00  1.1877237216e+00  2.6243335999e+00 -5.4797909274e-01  3.5938218427e+00 -1.9693658876e+00 -6.2480077618e-01  1.8761256358e+00  1.6607696789e+00  3.9339473484e+00 -5.6849678260e-01  2.2485617260e+00  4.3642764238e+00  1.0569473364e+00  3.2311762678e+00  4.7364247052e+00 -3.7118878302e-01  3.0410210902e+00 -3.1019114238e+00  3.8243916330e+00  2.3930126375e+00 -3.8578059220e+00  5.2981610823e+00  2.8335587819e+00 -2.1494078524e+00  5.3141299825e+00  4.1091389879e+00  2.7020165083e+00  8.3731017355e-01  3.5548992233e+00  2.2867292945e+00 -8.0586710064e-01  3.5029821388e-01 -3.3754046974e+00  4.3147424932e+00
ENERGY -6.102629173623e+02
GRADIENT  4.6966901476e-06 -7.4619945048e-06 -2.0597657613e-06  1.0260710688e-03 -2.0706278047e-03 -3.1786711327e-03  6.3363581013e-05 -2.1181026762e-05  3.3548278785e-05 -6.2202532029e-04  2.2155280742e-03  4.6050651612e-03 -1.3278377222e-05  1.3175653912e-06  1.7679511513e-05 -3.3140513641e-03  2.3886810427e-03 -1.7354148247e-03  6.5231645050e-06  5.4526943298e-06  5.0633477541e-06 -5.3124850495e-06  1.2002675933e-05  2.0481567049e-06 -2.0607534087e-05  1.3440085190e-05 -8.5941429992e-07 -1.6558681232e-05 -2.2595285619e-05  5.6404996546e-06 -1.7689368380e-05 -1.9558019350e-05 -2.2786223665e-05  1.6303910786e-05  8.8564071209e-06 -3.6409952414e-05  2.8893998736e-03 -2.5144816690e-03  2.6478722245e-04  1.9950322740e-06  8.3247306079e-06  4.9227871445e-06 -1.8691582692e-06  9.0315865675e-08 -1.3125360572e-05  2.7730509923e-06 -5.5581769137e-06  7.1464060076e-06  2.4371133178e-06 -2.2388351637e-06 -8.9760491421e-06  4.0016744161e-06 -2.8540614902e-06 -1.0967962749e-05  1.9464845662e-06 -3.6406444881e-06 -8.8966930642e-06  9.6719995641e-07 -1.3096868794e-05 -6.8938887636e-06 -3.9260470880e-07  3.8664761953e-06  1.5491959711e-06  3.8347763791e-06  2.8918321912e-06 -1.5059791999e-05  1.0723255608e-05 -7.6635943468e-06 -1.1046818013e-05 -5.8544222686e-06  3.6677183486e-06 -1.1096715735e-05  5.2530096885e-06 -4.6552438391e-06 -1.4872807965e-05

JOB 20
COORDS -5.4626338448e-02  3.8638988977e-01  1.7328812425e+00  1.6311893514e+00 -5.8462014961e-01  3.1663688020e+00 -9.0368576543e-01 -6.4139041692e-01  2.1464431912e+00  1.2362900203e+00  4.1132827666e-01  2.2778993148e+00  6.9437170283e-01 -1.5854995583e+00  3.5093583353e+00  2.2366573867e+00  1.4520709803e+00  1.8829800443e+00  2.5523976860e+00  4.0893658607e+00  2.2669305551e-01  2.3472796477e+00 -2.9034801296e+00  4.8149916991e+00  3.1295159949e+00  2.6919150063e+00  5.2963976529e-02 -5.5482172177e-01 -1.6083901625e+00  3.0009288891e+00  9.9119524204e-01 -2.5902593955e+00  4.4019208902e+00  3.0111748882e+00  1.9863012185e+00  2.6564743874e+00  2.2153311514e+00  1.6766181279e+00  5.5025644829e-01 -3.8149290169e-01  1.1312528838e+00  1.0161902720e+00  2.6285161673e+00 -5.6598206999e-01  3.5901252556e+00 -1.9209771648e+00 -6.9808090551e-01  1.7612118974e+00  1.5781662975e+00  4.1706357795e+00 -2.6500289322e-01  2.4390527193e+00  4.3346025642e+00  1.2854084093e+00  3.2276444082e+00  4.8240400543e+00 -2.2539440752e-01  3.0136889129e+00 -3.1133529555e+00  3.9653373766e+00  2.3213968175e+00 -3.7838252258e+00  5.4603595850e+00  2.7780779338e+00 -2.0806791374e+00  5.3960182500e+00  4.0855576966e+00  2.5882146079e+00  5.7035845374e-01  3.2569037158e+00  2.4384318942e+00 -1.0012259720e+00  3.1004204200e-01 -3.3388648879e+00  4.3971769136e+00
ENERGY -6.102654225771e+02
GRADIENT  3.4937875058e-06  2.6981926976e-05 -1.2720645558e-05  1.1522175103e-03 -2.2806822061e-03 -3.0922912482e-03  9.7389190624e-06 -1.3130230590e-06  8.2673162067e-06 -8.1278003155e-04  2.3376265542e-03  4.2673008669e-03  2.0593504658e-05 -1.6070080082e-06  1.7418023829e-05 -3.0688970416e-03  2.6812673235e-03 -6.5386274626e-04 -2.9325132519e-06 -1.5011474243e-06  4.5156345551e-06  2.4724415630e-06  5.2304453566e-06 -1.6666380593e-05  1.1924197224e-05  3.4920230188e-06 -1.2513409344e-05 -7.2112157860e-06  6.9851591998e-06 -4.3413674504e-07 -2.6925533432e-05 -1.9554386513e-05  4.5590507717e-05 -8.5598689379e-06  6.1477987551e-06 -3.5760915033e-06  2.6830239456e-03 -2.7893600255e-03 -4.9116822324e-04 -5.1834898013e-06 -2.7424375611e-07 -1.2929479577e-06 -5.1268149810e-06 -1.1355373304e-05 -1.5900626139e-06  1.6720628803e-06 -5.0617255390e-06 -5.7820719092e-06 -3.4603458675e-06 -1.7076659943e-06  5.1494829808e-06 -8.1772286905e-07 -7.2941009080e-07  4.2983165981e-06 -3.9786400086e-06 -3.3152847169e-06  2.9799455068e-06 -1.9915301722e-06 -1.3034091191e-05  4.7173263989e-07 -6.9618308102e-06  1.1055488416e-06  7.6284896704e-06 -2.5564365555e-06 -1.5145600742e-06 -8.3632440444e-06 -6.0622572492e-06 -1.2833023445e-06 -1.6258405517e-07  3.7207684616e-06  5.6346109816e-06  5.7441070262e-07  3.5599094618e-06 -1.6322128271e-05 -2.5657073894e-05

JOB 21
COORDS -9.6124472873e-03  2.9354604971e-01  1.6174892763e+00  1.6473094957e+00 -6.0799786652e-01  3.1289485267e+00 -8.7134744146e-01 -7.0548548877e-01  2.0731569552e+00  1.2752272714e+00  3.3742858690e-01  2.1769973632e+00  6.9810254885e-01 -1.5813012108e+00  3.5130118262e+00  2.2928626729e+00  1.3492863493e+00  1.7544323251e+00  2.6000640292e+00  4.1537756711e+00  3.9128048540e-01  2.3206941392e+00 -2.8320135639e+00  4.9187459835e+00  3.0232754517e+00  2.7534207410e+00 -2.8522079372e-02 -5.4287993787e-01 -1.6255320100e+00  2.9858277333e+00  9.7329600993e-01 -2.5343822043e+00  4.4669973102e+00  3.2082433982e+00  1.7324714373e+00  2.4618721227e+00  2.1031844690e+00  1.7486963904e+00  4.7694959552e-01 -3.2089133469e-01  1.0028505507e+00  8.5980602229e-01  2.6396588780e+00 -5.7005600263e-01  3.5624398209e+00 -1.8831097879e+00 -7.7711963949e-01  1.6761110387e+00  1.5777171850e+00  4.3649773451e+00  6.3181823471e-02  2.6569009094e+00  4.2683102753e+00  1.4763644169e+00  3.2675653676e+00  4.8914019104e+00 -6.7514909959e-02  2.9987291109e+00 -3.0926423436e+00  4.0927740834e+00  2.2786712835e+00 -3.6749288597e+00  5.6114888319e+00  2.7481092538e+00 -1.9805858529e+00  5.4596027084e+00  4.0295163071e+00  2.5185247223e+00  3.2458406409e-01  2.9802209336e+00  2.6295867982e+00 -1.1123999001e+00  2.8620588846e-01 -3.2769198834e+00  4.4962783881e+00
ENERGY -6.102675986993e+02
GRADIENT -4.1411602146e-05  6.5459680241e-05 -5.5587373717e-05  1.0217724436e-03 -1.8092712878e-03 -2.0595485706e-03  8.1411126480e-05 -1.3806888119e-05  3.7072533585e-05 -7.5750185383e-04  1.7987809306e-03  2.8200377869e-03 -6.3793923244e-05  8.4719658830e-05 -8.3468155523e-05 -1.8885589941e-03  2.0463570831e-03  2.3152646942e-04 -3.6274207994e-06 -9.3073872984e-06 -4.2660223497e-06  8.4119958147e-07 -5.3310584524e-06  6.2993018009e-06  5.7260853983e-06 -9.9204493331e-06 -1.1172837061e-05 -2.9320202533e-05 -5.4153270122e-05  3.4958352123e-05  1.2658192062e-06  2.0317543097e-05 -4.9177937211e-05 -3.9229864282e-05 -5.6638640766e-05  5.3827377707e-05  1.6957051035e-03 -2.0889545473e-03 -9.4975839708e-04 -6.8133972974e-06  4.1134787795e-06 -7.6479306742e-06  1.9177090542e-05 -1.8771199337e-06  8.9996503838e-06  4.7148476828e-06  4.5340895337e-06  1.1402310905e-05 -1.6246362493e-07 -1.3119582661e-06 -1.9025459770e-06 -4.2225057080e-10 -1.8810208446e-06 -1.8937624089e-07  2.1797121740e-06 -6.9299776989e-06 -1.9493307099e-06 -3.5590037176e-06 -2.6971694371e-06 -1.6009481117e-06 -4.8917452111e-07 -1.8623971923e-06 -1.5262972119e-06 -2.5082677036e-07 -2.9205106514e-06 -2.8383405008e-06 -2.2523242045e-06 -8.9913951598e-07 -8.1231309161e-06 -5.0875499110e-06 -4.9327334773e-06 -4.7476039299e-06 -4.8717008413e-06  6.0897059309e-06  4.0200141550e-06

JOB 22
COORDS  1.5118147673e-02  1.8613426847e-01  1.5031238077e+00  1.6517749399e+00 -6.3785018575e-01  3.0786437968e+00 -8.5399573821e-01 -7.8623484032e-01  2.0005715135e+00  1.2967201392e+00  2.5310159136e-01  2.0689075051e+00  6.9370359041e-01 -1.5823936544e+00  3.5087007376e+00  2.3240808932e+00  1.2414399867e+00  1.6137058883e+00  2.6653067061e+00  4.1764481486e+00  5.6604614274e-01  2.2920697435e+00 -2.7517920294e+00  5.0088090990e+00  2.9071876654e+00  2.8181889894e+00 -7.6735528137e-02 -5.4024281604e-01 -1.6541466160e+00  2.9679511923e+00  9.5151662981e-01 -2.4759210154e+00  4.5235525411e+00  3.3554436276e+00  1.4801597114e+00  2.2183701038e+00  1.9878642539e+00  1.8184027493e+00  4.3853117598e-01 -2.8746863708e-01  8.5778283574e-01  7.0915003949e-01  2.6420075614e+00 -5.8139154019e-01  3.5145180333e+00 -1.8604676641e+00 -8.7839109954e-01  1.5944316639e+00  1.6275058191e+00  4.4932277356e+00  4.2464251286e-01  2.8855463264e+00  4.1450526751e+00  1.6356992623e+00  3.3191579713e+00  4.9230069008e+00  1.0205376357e-01  2.9781922754e+00 -3.0666065071e+00  4.2088885984e+00  2.2370042146e+00 -3.5495427667e+00  5.7522894593e+00  2.7179950290e+00 -1.8703868700e+00  5.5005032908e+00  3.9303445209e+00  2.4750383905e+00  8.9599312997e-02  2.7009651236e+00  2.8400309183e+00 -1.1486953409e+00  2.6141575580e-01 -3.2135143662e+00  4.5874218661e+00
ENERGY -6.102689790459e+02
GRADIENT  2.1210008479e-06 -4.2782482019e-05  4.8286536635e-05  4.2595495676e-04 -1.0023986757e-03 -1.0675992651e-03 -9.8791607822e-06 -9.3753972289e-06  2.7331855619e-06 -4.0214252676e-04  1.1127853413e-03  1.2321346421e-03 -2.3760156952e-05 -1.6479855927e-05  9.8774336339e-06 -7.5203021677e-04  1.0219265465e-03  5.2335873238e-04 -2.9417114299e-06 -8.5696924639e-07 -7.1086853494e-07 -6.3171608966e-06 -1.3993808156e-05  9.9937059433e-06 -2.4616712244e-06 -2.9468869204e-06 -5.5230029720e-07 -3.7484345640e-06 -2.1815038009e-06 -7.2155911043e-07  8.1392063237e-06  7.4893443567e-06 -7.7187314718e-06  1.7978334557e-06  4.5281040169e-07  3.9356029786e-06  7.2547042474e-04 -1.0721331087e-03 -7.4087823809e-04  5.7106369500e-06 -6.5044831878e-06  4.1206416351e-06 -1.1110929514e-05  8.2331080364e-06 -2.7745427234e-06 -5.7138648623e-06 -5.1348613884e-06  5.7146954845e-06 -2.4864629245e-06 -1.6511218352e-06  3.0053628335e-08 -4.2842032574e-06 -2.0504341564e-06  1.7719163815e-06 -1.4258184660e-06 -2.4659960790e-06  2.6848076120e-06 -5.4986592175e-06  4.2650805404e-07  2.5566403176e-06 -2.2935642785e-06 -5.4096800128e-07  4.7344205690e-06 -5.1466356861e-06 -2.0713061031e-06  4.6735400582e-06 -2.5291431976e-06 -8.3194735845e-07  1.3657046437e-06 -2.8689263376e-06 -1.8269599864e-06  1.2308262585e-06 -4.0295368154e-06  2.4566336711e-06  2.3888273188e-06

JOB 23
COORDS  1.1902122082e-02  6.9023434833e-02  1.3967579183e+00  1.6331767285e+00 -6.5905731915e-01  3.0337092134e+00 -8.5772696524e-01 -8.8127611434e-01  1.9343156691e+00  1.2886617472e+00  1.6981376715e-01  1.9688291751e+00  6.7243809936e-01 -1.5792745106e+00  3.5076556766e+00  2.3164778368e+00  1.1413422201e+00  1.4788156812e+00  2.7521869277e+00  4.1586164130e+00  7.2980335212e-01  2.2548466554e+00 -2.6515222750e+00  5.0938929711e+00  2.7819965900e+00  2.8760097101e+00 -8.9034702305e-02 -5.5308199417e-01 -1.6900625310e+00  2.9545125625e+00  9.1850187475e-01 -2.4067506228e+00  4.5802905498e+00  3.4346854809e+00  1.2466305622e+00  1.9533963577e+00  1.8634430729e+00  1.8860432065e+00  4.4607649916e-01 -2.8619265903e-01  6.9805045137e-01  5.6720733171e-01  2.6208212193e+00 -5.7854283752e-01  3.4714899053e+00 -1.8572940150e+00 -1.0036727330e+00  1.5192256319e+00  1.7355653764e+00  4.5594409231e+00  7.8558024308e-01  3.1214722240e+00  3.9817001221e+00  1.7426470612e+00  3.3931062078e+00  4.9102920740e+00  2.5609376979e-01  2.9483387285e+00 -3.0153644037e+00  4.3216554710e+00  2.1926871755e+00 -3.4009127751e+00  5.8855831606e+00  2.6762355764e+00 -1.7408397577e+00  5.5332381007e+00  3.7852040176e+00  2.4460223773e+00 -1.1976068217e-01  2.4271375001e+00  3.0436689649e+00 -1.1079623752e+00  2.3135947059e-01 -3.1436836613e+00  4.6766776162e+00
ENERGY -6.102694268305e+02
GRADIENT  5.7529540044e-05 -1.1273260742e-04  1.4690050606e-04 -9.4356962582e-05  6.6384286382e-06 -1.5613712887e-05 -1.5016159453e-04 -1.3375279122e-05 -5.9948506567e-05  1.5907114292e-04  6.9228390249e-05 -3.4358263686e-05  8.8170742450e-06 -1.6655217920e-05  1.9533792866e-05  1.1933832216e-05  5.9068675782e-05 -5.2187126173e-05  6.6857478374e-07  1.2605855272e-06 -1.0877946942e-06  3.4378377528e-06 -1.6024484273e-05  4.5513823209e-06 -5.4316969724e-06 -4.3221904906e-06 -7.9621834233e-06  3.1539243338e-05  3.4039670862e-05 -1.8045823223e-05 -7.1124867286e-06  3.5862683083e-05  2.0791418723e-05 -1.7210516601e-05 -6.7412351384e-05  4.6997817762e-05 -9.6114166052e-06  6.0087712109e-05 -3.2186692909e-05  7.7148949735e-06 -1.4213707472e-05  2.2865585759e-05 -5.9669496686e-06  8.9864023643e-06 -1.1692228880e-05 -1.6092728966e-05 -2.5473343825e-06 -2.3886949632e-06 -6.7314158738e-07 -5.0564587634e-07  1.5219401136e-06  1.4353754283e-06  6.6851771893e-07 -1.7195162151e-06 -1.8234519087e-06  1.6017208409e-06 -1.3955356564e-06 -3.6345727238e-06 -2.1679321759e-06  2.6747285005e-06 -1.4869584396e-06  4.8890160831e-06  5.2132841734e-06 -3.2839926554e-06  1.4010378510e-06 -1.6910997493e-06 -2.5533687029e-06  1.5157642799e-06  2.7537772768e-06  2.7635322026e-06  1.9124091982e-06 -2.1521361598e-06  4.6817499721e-06 -1.0813533440e-05 -1.4009497604e-05

