JOB 0
COORDS  2.2122984274e-01 -3.9590262953e-01  1.0125343575e+00  1.7061442571e+00 -6.0768761005e-01  2.9051001838e+00 -5.9055167872e-01 -1.3393638730e+00  1.6330335067e+00  1.3987001567e+00 -2.2195593709e-02  1.6787267765e+00  8.0529779086e-01 -1.5534317337e+00  3.4372512591e+00 -3.2833811981e-01 -1.9152569096e+00  2.8171753297e+00  1.0871113144e+00 -2.2072027175e+00  4.6335868707e+00  2.2071562611e+00  9.0424354445e-01  1.0785026736e+00 -3.2994794504e-02  3.9243533482e-02  5.2362307571e-02  2.6186734751e+00 -3.5036693809e-01  3.4398358284e+00 -1.5129914982e+00 -1.6575612946e+00  1.1495079504e+00  2.7005463382e-01 -2.6601374194e+00  5.0283116951e+00  1.6207024550e+00 -1.6783905533e+00  5.3125335455e+00  3.0768517336e+00  8.9537047914e-01  1.5096693197e+00
ENERGY -3.789399103815e+02
GRADIENT  8.3248064785e-04 -1.3132350786e-03 -4.4168051411e-04 -1.9426477125e-04 -7.0604381933e-05 -9.9727090734e-05 -1.8330700185e-04 -4.7876098858e-05 -1.1182537351e-04 -8.0451163104e-04  1.5815915728e-03  6.4868291405e-04  1.8782884941e-05 -3.9873913457e-05  8.6107989145e-05  4.3436394087e-05  4.2798007546e-05 -1.2133449991e-05 -7.6931057390e-06  9.2882844300e-06  9.6954577651e-07 -3.6487518571e-04  1.3291562241e-03  1.3088329835e-03  2.1495318883e-05 -4.2519543143e-06  3.5684070393e-05 -1.8300537059e-05 -3.9633055824e-06 -3.1218039746e-05 -1.9890926552e-05 -1.6355418798e-05 -1.4443443742e-07 -1.9231833892e-06 -1.1171792121e-05 -1.8600160512e-06 -1.1517988780e-05  1.6407534512e-06  1.9631657524e-06  6.6960922553e-04 -1.4631789454e-03 -1.3895711712e-03

JOB 1
COORDS  2.2621576961e-01 -3.8191631737e-01  1.0245858451e+00  1.6997099463e+00 -5.8622987429e-01  2.9275871794e+00 -5.7652898565e-01 -1.3427527067e+00  1.6319583143e+00  1.3896260835e+00  5.9564268955e-03  1.7053591013e+00  8.1178394510e-01 -1.5530493663e+00  3.4431995367e+00 -3.1214427701e-01 -1.9261182411e+00  2.8113069156e+00  1.0952627146e+00 -2.2148565114e+00  4.6345046700e+00  2.1938077183e+00  9.5333688756e-01  1.1232725612e+00 -2.5018594251e-02  5.4970324665e-02  6.4406778266e-02  2.6000167632e+00 -3.1134285961e-01  3.4733769082e+00 -1.4894340675e+00 -1.6728616750e+00  1.1383674039e+00  2.8226182115e-01 -2.6810892566e+00  5.0219526015e+00  1.6212887725e+00 -1.6871815644e+00  5.3201908743e+00  3.1131694898e+00  7.9784279820e-01  1.3921294188e+00
ENERGY -3.789385402860e+02
GRADIENT  1.4631479538e-03 -1.9997070573e-03 -1.3688796169e-03 -8.1623948327e-06 -3.9708262634e-05  7.2118438479e-07  3.8676870179e-05 -1.0427793395e-05  5.1373369379e-05 -2.0424116062e-03  2.5619608754e-03  1.2662298487e-03  3.7638368397e-05  2.4524916678e-05  2.9209989217e-05 -2.3444683495e-05 -2.0864200716e-05 -3.4273507948e-05 -3.7053204344e-05 -4.4741390044e-06 -4.8192278244e-06  4.5120045059e-05  1.7516569859e-03  3.0486469413e-03 -2.9849101451e-06 -5.5118400131e-06 -7.8910041748e-06 -4.6729913401e-08  2.4468092169e-06  5.6359255244e-06 -1.6385889746e-06  8.7191519257e-06  9.6839759629e-07 -1.4515058477e-06  8.5887426256e-06  6.2319355642e-06  1.5431519072e-05 -7.8816390756e-06 -9.4421764221e-06  4.8890028659e-04 -2.2714274916e-03 -2.9895279177e-03

JOB 2
COORDS  2.3124937531e-01 -3.7076443069e-01  1.0347159386e+00  1.6893990542e+00 -5.7132886911e-01  2.9494931175e+00 -5.6729109514e-01 -1.3455268007e+00  1.6272903699e+00  1.3822545897e+00  2.5706603727e-02  1.7297389207e+00  8.0909698538e-01 -1.5534582349e+00  3.4495977047e+00 -3.0460323487e-01 -1.9343799906e+00  2.8038472926e+00  1.0893531569e+00 -2.2210814745e+00  4.6385121856e+00  2.1871880951e+00  9.9410787987e-01  1.1702180331e+00 -1.5939239873e-02  7.1560494583e-02  7.5955177274e-02  2.5793537719e+00 -2.8424459445e-01  3.5047809437e+00 -1.4718048003e+00 -1.6833837087e+00  1.1235282966e+00  2.7868633621e-01 -2.7004992309e+00  5.0146847788e+00  1.6014413382e+00 -1.6914351527e+00  5.3332323674e+00  3.1139389555e+00  7.1791206230e-01  1.2467296506e+00
ENERGY -3.789366335257e+02
GRADIENT  1.6959048243e-03 -2.3765074822e-03 -1.5744985758e-03  5.7257286020e-05  3.7750768205e-05 -2.4844101514e-05 -9.9956917315e-05  7.3843572136e-05 -1.2331793236e-04 -2.6139818639e-03  2.9931272521e-03  1.4448503657e-03 -3.4206475485e-05 -3.0825611801e-05  4.1706661364e-05  7.8302407716e-05  3.7668704172e-05  9.1251549831e-06  8.0316159283e-05  4.2951057925e-06  4.2790551515e-05  1.1464365485e-03  1.3183354701e-03  4.0941480784e-03 -4.9004251254e-06 -2.4325425295e-06 -4.1231917163e-06  8.6776781724e-07 -2.0601137807e-05  1.3238849887e-05 -1.8691471795e-06  4.1986135768e-07 -2.0350111744e-05 -7.0448556327e-06 -9.8581459977e-06 -7.4379976448e-06 -2.7525431465e-05  8.6330416853e-06  2.3463386434e-05 -2.8809625101e-04 -2.0345585730e-03 -3.9223697984e-03

JOB 3
COORDS  2.4483633346e-01 -3.6117559528e-01  1.0464467819e+00  1.6858584632e+00 -5.6185068461e-01  2.9733767224e+00 -5.5146218338e-01 -1.3482030604e+00  1.6235625191e+00  1.3853928421e+00  3.9049039768e-02  1.7550146103e+00  8.0975138683e-01 -1.5554632072e+00  3.4587785023e+00 -2.9375190485e-01 -1.9417349846e+00  2.7983662836e+00  1.0836003838e+00 -2.2285285242e+00  4.6458776521e+00  2.1932169345e+00  1.0284160282e+00  1.2228807597e+00  2.2086789626e-04  8.9613606067e-02  9.0903173374e-02  2.5674161844e+00 -2.6609204532e-01  3.5364351847e+00 -1.4493861056e+00 -1.6895647977e+00  1.1104019182e+00  2.7364700480e-01 -2.7161570491e+00  5.0128401207e+00  1.5879333968e+00 -1.7006018900e+00  5.3475345029e+00  3.0839691643e+00  6.6943591419e-01  1.0873683357e+00
ENERGY -3.789347142500e+02
GRADIENT  1.5799470284e-03 -2.0508301502e-03 -1.3552091123e-03  6.9725534337e-05 -8.2411431229e-06 -2.1334536612e-05 -1.2553369432e-04  1.3531407389e-05 -1.7874145879e-04 -2.5606366391e-03  2.8713870729e-03  1.3259069043e-03  5.0289129806e-06 -2.2804657034e-05  3.6113521057e-05  6.3470736123e-05  8.3605164582e-05  8.9908999881e-07  8.6065370217e-05 -6.7022730267e-07  3.8389840505e-05  1.8785799072e-03  2.3531981339e-04  3.6706556636e-03 -1.1578657867e-05 -1.1446032644e-05  8.3650337040e-07  6.6245697406e-06 -2.2594914212e-05  1.3804113209e-05 -9.7385106000e-06  1.0570827568e-05 -2.5102302658e-05 -9.7970443369e-06 -1.2683736614e-07 -6.8955343346e-06 -2.2941407356e-05  4.8337115977e-06  2.4980986886e-05 -9.6725534232e-04 -1.1081071659e-03 -3.5327451353e-03

JOB 4
COORDS  2.6419588771e-01 -3.5537498985e-01  1.0568946515e+00  1.6874176938e+00 -5.6118649868e-01  2.9955647330e+00 -5.3324233880e-01 -1.3503408456e+00  1.6196571452e+00  1.3989910294e+00  4.1350779797e-02  1.7765881141e+00  8.0952063390e-01 -1.5594150799e+00  3.4695070050e+00 -2.8446573223e-01 -1.9474633151e+00  2.7944335936e+00  1.0728904710e+00 -2.2352102358e+00  4.6571598380e+00  2.2105490741e+00  1.0507278239e+00  1.2773357930e+00  2.0927727951e-02  1.0599430656e-01  1.0591214125e-01  2.5631083237e+00 -2.6171098364e-01  3.5648899845e+00 -1.4268994910e+00 -1.6904740984e+00  1.0982550677e+00  2.6161935665e-01 -2.7273302828e+00  5.0150130431e+00  1.5703406746e+00 -1.7088632638e+00  5.3648703150e+00  3.0219092225e+00  6.5650472277e-01  9.2105633913e-01
ENERGY -3.789333508887e+02
GRADIENT  8.3958637701e-04 -1.1298286266e-03 -7.0218667763e-04 -4.5366871594e-05 -3.7767747970e-05 -1.6372013810e-04 -1.5072641413e-04  3.1438649900e-05 -2.1487038846e-04 -1.4327121908e-03  1.6599783152e-03  7.8628814492e-04  4.1721814079e-05 -7.7301177376e-05  2.1687116631e-04  8.9175344981e-05  1.3090315960e-04 -5.4136739561e-05  1.1190555925e-04 -2.0585460130e-05  8.8701754629e-05  1.4801888669e-03 -3.4778159020e-04  1.8299582755e-03  6.5233432470e-06  1.0184066368e-07  1.0739480188e-05 -2.8070919742e-05 -2.4710873484e-05  1.6038600945e-05 -1.2513386108e-05  9.2463488404e-06 -3.3157146131e-05 -5.2125831895e-06 -1.7398340062e-06 -7.2207060462e-06 -2.5779938888e-05  1.1339734151e-06  3.3571223211e-05 -8.8344422992e-04 -1.9070635945e-04 -1.8182764090e-03

JOB 5
COORDS  2.8860854254e-01 -3.5631052716e-01  1.0684101040e+00  1.6961232958e+00 -5.6964041347e-01  3.0174831067e+00 -5.1239470179e-01 -1.3546849865e+00  1.6201286789e+00  1.4220196377e+00  3.2175453879e-02  1.7960716810e+00  8.1141710902e-01 -1.5664742005e+00  3.4827155910e+00 -2.7539978191e-01 -1.9540468485e+00  2.7960802072e+00  1.0619390948e+00 -2.2426273023e+00  4.6722528657e+00  2.2377159206e+00  1.0564769774e+00  1.3310879628e+00  4.5285549466e-02  1.1389484509e-01  1.2150692923e-01  2.5693175914e+00 -2.7141322168e-01  3.5906769702e+00 -1.4039702516e+00 -1.6900692622e+00  1.0921233244e+00  2.4757727982e-01 -2.7336986793e+00  5.0242080227e+00  1.5590414491e+00 -1.7201693897e+00  5.3829638450e+00  2.9288396091e+00  6.7913879254e-01  7.6467151258e-01
ENERGY -3.789329882061e+02
GRADIENT -1.8777401907e-04  2.4760143550e-04  1.2252003912e-04 -1.5747601934e-05 -3.0691185266e-05 -1.7745384248e-05  4.1183927154e-05  9.3324141968e-06  3.9441811756e-05  2.8436602279e-04 -3.3012726777e-04 -1.2623101686e-04  2.1153863939e-05 -1.7336324309e-05  1.8703663609e-05 -1.5832321465e-05 -5.4924973530e-06 -9.7109107271e-06 -2.2329117499e-05  7.9031521516e-07  6.0028260461e-06 -4.1473110447e-04  1.7678286331e-04 -3.9923699485e-04  6.2608960930e-06  8.4502095165e-07 -6.1237556763e-06 -4.9031327196e-06  2.9371763462e-06  2.1816540551e-06  3.1364147670e-06  1.7682430636e-06 -3.2085684484e-08  9.4787681188e-08  4.7755765821e-06  1.3425299773e-06  5.5951354541e-06 -3.1294740299e-06 -6.2949487283e-06  2.8512074975e-04 -4.5056721021e-05  3.6021728597e-04

JOB 6
COORDS  3.1564655031e-01 -3.5993503506e-01  1.0765625096e+00  1.7079321028e+00 -5.8288944448e-01  3.0354483325e+00 -4.9333790558e-01 -1.3558294694e+00  1.6203030692e+00  1.4501475595e+00  1.7685370512e-02  1.8105892763e+00  8.1106583604e-01 -1.5718025207e+00  3.4943797951e+00 -2.7139046707e-01 -1.9556354114e+00  2.7989009482e+00  1.0466248341e+00 -2.2469065503e+00  4.6870298106e+00  2.2740544311e+00  1.0458128544e+00  1.3754760916e+00  7.4332329001e-02  1.1541860497e-01  1.3133011596e-01  2.5814689294e+00 -2.9212696633e-01  3.6115334498e+00 -1.3838898895e+00 -1.6837683940e+00  1.0859237301e+00  2.2712714469e-01 -2.7338509764e+00  5.0325918480e+00  1.5421937182e+00 -1.7272887783e+00  5.4008124931e+00  2.8113751953e+00  7.2951623127e-01  6.3227965589e-01
ENERGY -3.789337428425e+02
GRADIENT -1.1418297290e-03  1.4089385779e-03  1.0179399081e-03  8.4058453534e-05 -3.8317114468e-05  1.1040485952e-04  2.0066579195e-04 -3.7591289860e-06  2.4643959362e-04  2.1263969403e-03 -2.2474990364e-03 -1.2090880496e-03 -1.1447573084e-04  9.8776937837e-05 -3.0449204680e-04 -1.0537884205e-04 -1.5794917868e-04  1.1815729353e-04 -8.6815408015e-05  1.0619720687e-05 -1.1488019423e-04 -2.9758424808e-03  1.7235181045e-03 -1.6483336338e-03  1.8409038098e-05  6.5379145364e-06 -1.1965457503e-05  2.2854672664e-05  2.5961628963e-05 -9.5740631741e-06  1.4787837033e-05 -1.4158737000e-05  4.1488395942e-05 -8.3400018021e-06  1.1165710356e-06  1.8241067641e-07 -6.7316822342e-07  1.4529672235e-05 -2.8903371503e-05  1.9538722489e-03 -8.1328999858e-04  1.7707123752e-03

JOB 7
COORDS  3.4233024233e-01 -3.6312334765e-01  1.0768607114e+00  1.7190659498e+00 -5.9562172885e-01  3.0463981000e+00 -4.7835569819e-01 -1.3515799082e+00  1.6155460114e+00  1.4779017978e+00  3.2486440619e-03  1.8173300282e+00  8.0838553865e-01 -1.5728716012e+00  3.5015080792e+00 -2.7197611255e-01 -1.9496381955e+00  2.7978856004e+00  1.0281184773e+00 -2.2461598128e+00  4.6980389835e+00  2.3156767475e+00  1.0226596672e+00  1.4031138739e+00  1.0630200182e-01  1.1294060666e-01  1.3015525306e-01  2.5940841969e+00 -3.1547211770e-01  3.6251815808e+00 -1.3680647666e+00 -1.6712753293e+00  1.0746838519e+00  2.0207569913e-01 -2.7260955912e+00  5.0376515315e+00  1.5226104385e+00 -1.7293718624e+00  5.4145898068e+00  2.6788367883e+00  8.0050671226e-01  5.3125135267e-01
ENERGY -3.789353453466e+02
GRADIENT -1.7330038714e-03  2.0810074435e-03  1.6211765606e-03  8.5839889025e-06  3.7434282439e-05 -3.3077317296e-05 -7.7705607251e-05  1.4565128576e-05 -1.1290872626e-04  3.3836552977e-03 -3.6624697133e-03 -2.0620667573e-03  1.6016911021e-05 -2.9466512068e-05  8.9696934726e-05  4.9217317361e-05  6.0051053543e-05 -2.9824478060e-05  4.7801163238e-05 -6.0341887318e-06  4.1448788252e-05 -4.8540416421e-03  3.4125624422e-03 -1.3352383697e-03 -8.6901731097e-06 -1.6075653648e-06  2.7925186545e-07 -7.5580873703e-06 -1.0933610796e-05  5.6357898546e-06 -5.2127567147e-06  8.1229740173e-06 -1.9740929600e-05 -3.2510072489e-06  8.2667309398e-07 -2.7979822897e-06 -1.0645057113e-05  1.3930431766e-06  1.4508675239e-05  3.1775010160e-03 -1.8843677345e-03  1.8034322739e-03

JOB 8
COORDS  3.6809328278e-01 -3.7925677431e-01  1.0832026861e+00  1.7347407599e+00 -6.1787897168e-01  3.0597385252e+00 -4.6472740602e-01 -1.3566786609e+00  1.6232808223e+00  1.5051900798e+00 -2.0944703949e-02  1.8266711664e+00  8.1177269480e-01 -1.5822618999e+00  3.5143102573e+00 -2.7094093121e-01 -1.9515221556e+00  2.8087087041e+00  1.0191748568e+00 -2.2534059922e+00  4.7139097638e+00  2.3611623841e+00  9.7822904026e-01  1.4187447094e+00  1.3805474382e-01  9.1507064875e-02  1.3179025124e-01  2.6125017843e+00 -3.4784540969e-01  3.6390637826e+00 -1.3549773251e+00 -1.6688508414e+00  1.0788641597e+00  1.8646378699e-01 -2.7218130993e+00  5.0530916093e+00  1.5200916353e+00 -1.7416406618e+00  5.4295142386e+00  2.5426443824e+00  8.7236889594e-01  4.7140124876e-01
ENERGY -3.789372957930e+02
GRADIENT -1.7659336625e-03  2.2728606617e-03  1.6630941764e-03 -2.4124958188e-05 -9.1934927779e-06  1.8002771439e-05 -4.5217242328e-05 -2.8887935504e-05 -2.4130443534e-05  3.4977697672e-03 -4.0249609784e-03 -2.3837912255e-03  9.0479566004e-05  2.3874581818e-06  8.4683986908e-05 -1.2908499933e-06  4.2355603079e-05 -7.6948170645e-05 -5.9192311013e-06 -1.0852344953e-05  2.8149251044e-05 -5.1154437620e-03  4.2662961459e-03 -2.2275832134e-04 -3.6548319050e-06 -8.4953470088e-06 -9.5499363059e-06 -6.0478654462e-06  4.6805197223e-06 -2.1767137342e-07 -2.4088238496e-06  1.1551550086e-05 -1.7045754262e-05  3.8909702099e-08  1.0517558954e-05  3.4811987707e-06  8.0005535956e-06 -4.7387735531e-06  2.2094822910e-07  3.3644734879e-03 -2.4904364721e-03  9.1580748666e-04

JOB 9
COORDS  3.9039905114e-01 -3.9200527267e-01  1.0838959450e+00  1.7465541073e+00 -6.3548539428e-01  3.0676484090e+00 -4.5654238723e-01 -1.3555819680e+00  1.6269658574e+00  1.5275024788e+00 -3.9883075637e-02  1.8310057822e+00  8.1137550512e-01 -1.5866101685e+00  3.5218092192e+00 -2.7492763431e-01 -1.9467356015e+00  2.8154641671e+00  1.0067571205e+00 -2.2557934060e+00  4.7244223835e+00  2.4064139181e+00  9.3073561089e-01  1.4200833049e+00  1.6981233308e-01  7.0318759585e-02  1.2552325566e-01  2.6261977317e+00 -3.7504150379e-01  3.6484757354e+00 -1.3472200983e+00 -1.6605964369e+00  1.0791827454e+00  1.6694409849e-01 -2.7115630308e+00  5.0631904867e+00  1.5132055609e+00 -1.7484671774e+00  5.4392457931e+00  2.4152157191e+00  9.5833636135e-01  4.5007069540e-01
ENERGY -3.789390812449e+02
GRADIENT -1.4032825819e-03  1.8736792637e-03  1.2703596510e-03  1.7829117573e-05  9.7843545726e-06  1.9492489167e-05  5.2838967193e-06 -1.0086124377e-05  2.4336384409e-05  2.7421225937e-03 -3.4104811746e-03 -2.0239910507e-03  2.3554007844e-05  2.0614899879e-05 -4.7362326147e-06 -1.2448820199e-05 -5.3472958739e-06 -2.1609215831e-05 -1.7767808031e-05 -3.5782020548e-06 -7.6172112008e-06 -3.9018260139e-03  3.8584408716e-03  7.6899299727e-04  2.7867898455e-06 -1.8046701297e-06 -6.1231131967e-06 -6.7357691761e-07  8.9505446918e-06 -1.0785583478e-06  1.1198136403e-06  4.2613178807e-06 -4.3394784157e-06 -1.6046233835e-06  8.1652860699e-06  1.7358589999e-06  5.9961281292e-06  1.7111342535e-06 -5.4443346335e-06  2.5356361599e-03 -2.3132981335e-03 -4.2679175609e-05

JOB 10
COORDS  4.0790622659e-01 -4.0666197800e-01  1.0815490027e+00  1.7560821879e+00 -6.5176254012e-01  3.0712580576e+00 -4.5311647946e-01 -1.3545148297e+00  1.6303597659e+00  1.5444492717e+00 -5.8278718102e-02  1.8313554941e+00  8.1046214033e-01 -1.5902475301e+00  3.5271809056e+00 -2.8081125174e-01 -1.9406225805e+00  2.8221696917e+00  9.9603534359e-01 -2.2565779585e+00  4.7329278401e+00  2.4484335088e+00  8.7874536238e-01  1.4090327080e+00  1.9850445290e-01  4.3487802902e-02  1.1442375221e-01  2.6370301384e+00 -3.9787897333e-01  3.6530430091e+00 -1.3449027687e+00 -1.6534910239e+00  1.0810292662e+00  1.4948599891e-01 -2.6976804373e+00  5.0742163393e+00  1.5110085503e+00 -1.7541214230e+00  5.4450545849e+00  2.3048432613e+00  1.0524508030e+00  4.6504709772e-01
ENERGY -3.789403068434e+02
GRADIENT -7.4795441356e-04  1.1152735504e-03  6.2242800930e-04  8.3670248574e-05  1.7436931145e-05  6.8166664047e-05 -3.0496320780e-05 -2.6967626023e-05 -2.7942177173e-05  1.3771177674e-03 -1.9772816454e-03 -1.1313219833e-03  7.1118155851e-05  3.3956068452e-05 -1.4027387936e-06 -8.3731306872e-06  2.0823540346e-05 -4.4210036262e-05 -1.2419209536e-05 -5.4008527552e-06  2.5121054212e-06 -1.9562541325e-03  2.1991169113e-03  9.3484331561e-04 -1.4988601236e-06 -1.7521258403e-05 -1.7122647847e-05  2.5833472823e-06  1.2232605808e-05  1.3981485328e-05 -1.9680714026e-06  1.5203341881e-05 -1.6841092427e-05  3.3441452392e-07  1.9924618812e-05  3.8075394717e-06  1.6221625088e-05 -3.9223541189e-06 -4.4634490400e-06  1.2129818156e-03 -1.3579184258e-03 -4.4157554253e-04

JOB 11
COORDS  4.2242235076e-01 -4.1920782803e-01  1.0709883020e+00  1.7651787775e+00 -6.6207362805e-01  3.0643670300e+00 -4.5183023009e-01 -1.3497139507e+00  1.6284992377e+00  1.5588961266e+00 -7.2124517888e-02  1.8215544958e+00  8.1015875786e-01 -1.5878363457e+00  3.5257404699e+00 -2.8659954323e-01 -1.9290797167e+00  2.8244254198e+00  9.8854734087e-01 -2.2486116115e+00  4.7356952559e+00  2.4884258277e+00  8.2901228131e-01  1.3810068167e+00  2.2400437596e-01  1.6799194833e-02  9.4920907412e-02  2.6479469435e+00 -4.1304283660e-01  3.6454968551e+00 -1.3454053387e+00 -1.6443577887e+00  1.0797474566e+00  1.3677240507e-01 -2.6770801217e+00  5.0801049469e+00  1.5095962509e+00 -1.7476879801e+00  5.4444575409e+00  2.2212340785e+00  1.1557205360e+00  5.0703937234e-01
ENERGY -3.789407299360e+02
GRADIENT  2.0463064355e-05 -2.6672005120e-05 -2.4760053342e-05  3.6259616261e-06  8.9093095435e-06 -1.2300721198e-05 -1.8777531622e-05  1.0044026897e-05 -3.5496000237e-05 -3.1642682295e-05  4.3048030116e-05  3.2181263490e-05 -2.0370966706e-06 -2.4985299235e-06  1.8781178833e-05  1.3363600869e-05  2.4972692570e-05 -8.3693841083e-06  3.4906448841e-05 -1.4750803082e-06  1.6492694474e-05  2.9716998731e-05 -5.8629476978e-05 -3.0527404492e-05 -3.0367736794e-06  5.2366716641e-06 -1.2922358005e-06  5.5956753421e-07 -4.9958415571e-06 -1.6375770043e-06  1.7021014353e-06  3.8901435412e-06 -9.9093829114e-06 -2.6548571503e-06 -4.8037559038e-08 -7.5038117356e-06 -1.3488473079e-05  9.3601704870e-06  8.0219729384e-06 -2.0320061283e-05  3.4406463464e-05  1.5265944607e-05

JOB 12
COORDS  3.6741882553e-01 -3.3453356537e-01  1.1139344552e+00  1.8100701801e+00 -7.3810057231e-01  3.0086852269e+00 -5.3289920456e-01 -1.2241101437e+00  1.6960974349e+00  1.5654724208e+00 -8.5175917162e-02  1.8053138420e+00  8.2689284276e-01 -1.6202353081e+00  3.4968302815e+00 -3.3276611948e-01 -1.8596741579e+00  2.8578438469e+00  1.0363363103e+00 -2.3394539613e+00  4.6674834886e+00  2.5365962385e+00  7.4965564953e-01  1.3220432060e+00  1.4493325635e-01  1.4126358848e-01  1.6213447753e-01  2.7405871615e+00 -5.6679087999e-01  3.5414523912e+00 -1.4756381532e+00 -1.4406035507e+00  1.1953064999e+00  1.8142657758e-01 -2.7228084018e+00  5.0544885890e+00  1.6397224998e+00 -1.9068520601e+00  5.3555182281e+00  2.1633261494e+00  1.2847559817e+00  6.0355892347e-01
ENERGY -3.789402680576e+02
GRADIENT  6.2687439119e-04 -1.1798369052e-03 -6.7848426185e-04 -1.4086846533e-05  1.2897781991e-05 -2.8928767701e-05  1.8875532087e-05  1.2416648644e-05 -1.1541572746e-05 -1.0933420452e-03  2.1667458387e-03  1.3931532759e-03 -2.0366027158e-05 -3.0800440835e-05 -1.4168242026e-05  8.8941355604e-06 -1.3609694905e-05  2.3668285851e-05 -4.3546149289e-05  2.8959101520e-05 -1.4959718595e-05  1.0303214433e-03 -2.3241331972e-03 -1.9950003493e-03  1.3925862187e-05 -8.3454357195e-06 -6.6391739531e-06 -4.4963209650e-06  1.1346700542e-05  4.0586198169e-07 -1.7294039898e-06  1.9675149634e-06  5.7354164521e-06  5.9547547145e-06  8.3144600759e-06  2.0027406359e-06  1.7531531795e-05 -7.9463268711e-06 -1.6181021257e-05 -5.3445887372e-04  1.3630118159e-03  1.2989002706e-03

JOB 13
COORDS  3.6941206595e-01 -3.5105637106e-01  1.0970725264e+00  1.8123707295e+00 -7.4515631680e-01  2.9923610266e+00 -5.3803842871e-01 -1.2239530046e+00  1.6929061536e+00  1.5687658862e+00 -1.0003256673e-01  1.7855584580e+00  8.2432060861e-01 -1.6163291933e+00  3.4931703082e+00 -3.3954615746e-01 -1.8493502903e+00  2.8610986188e+00  1.0333712099e+00 -2.3270120469e+00  4.6689575799e+00  2.5564516369e+00  7.0436051138e-01  1.2744308124e+00  1.5487918569e-01  1.0854855398e-01  1.3603041954e-01  2.7459176673e+00 -5.7549298938e-01  3.5202947411e+00 -1.4835344954e+00 -1.4396014218e+00  1.1969956170e+00  1.7762189550e-01 -2.6997404228e+00  5.0644077790e+00  1.6460026296e+00 -1.8955868820e+00  5.3494704494e+00  2.1513821695e+00  1.3815816723e+00  7.0955805612e-01
ENERGY -3.789389992751e+02
GRADIENT  1.0451914154e-03 -2.2115513187e-03 -1.1063165961e-03 -2.8987990369e-04 -1.2601464425e-05 -2.6057687210e-04  9.7760462775e-05  4.2654863922e-05 -5.8824649623e-05 -1.6865996932e-03  3.9532556809e-03  2.5402890118e-03 -8.3393901344e-05 -1.8139752979e-04  2.3814621518e-04  8.3281765317e-05  2.1609497690e-05  1.7661485794e-05 -2.2103951084e-05 -2.1876124258e-05  5.3275533493e-05  1.1246666455e-03 -3.6859304529e-03 -4.2121221829e-03  5.7487907951e-05 -2.7020870891e-05 -1.9279704489e-05 -4.6973995543e-05 -7.6831799986e-06 -2.3768491725e-05 -9.3869894125e-06  1.0891089453e-05  2.9416124212e-05  3.9924585758e-06 -6.0515820154e-07  1.2672644932e-05  1.8011183402e-05 -1.5981058455e-05 -1.0708708860e-05 -2.8516214823e-04  2.1663919071e-03  2.7602280454e-03

JOB 14
COORDS  3.6356894114e-01 -3.7203750884e-01  1.0851783367e+00  1.8136689435e+00 -7.5391186777e-01  2.9778421137e+00 -5.4676142471e-01 -1.2324534023e+00  1.6947254747e+00  1.5654426916e+00 -1.1888229069e-01  1.7675946081e+00  8.2291719946e-01 -1.6154416365e+00  3.4924729164e+00 -3.4512929232e-01 -1.8465060698e+00  2.8689266442e+00  1.0347120280e+00 -2.3164143303e+00  4.6735640657e+00  2.5617625420e+00  6.6459749542e-01  1.2283483541e+00  1.5208585081e-01  7.6492106717e-02  1.1885057182e-01  2.7520179668e+00 -5.8509032337e-01  3.4975639590e+00 -1.4951897775e+00 -1.4502876433e+00  1.2054217077e+00  1.7947983065e-01 -2.6827081678e+00  5.0761639699e+00  1.6519803241e+00 -1.8813973976e+00  5.3475745034e+00  2.1647406290e+00  1.4632445157e+00  8.4613697292e-01
ENERGY -3.789371675375e+02
GRADIENT  1.4140610554e-03 -2.7272058620e-03 -1.4512162345e-03  1.5126965722e-05 -1.2328891908e-05  2.5843725926e-05  2.5003032134e-05 -1.4559440248e-05  5.1451701323e-05 -2.0695963494e-03  4.6957652356e-03  3.0747936952e-03  2.0467481927e-06  3.4715472083e-05 -4.3967459190e-05 -3.2964261717e-05 -1.0346326590e-05 -3.4798642751e-07 -1.1758354925e-06 -8.6227115186e-06 -1.3998499257e-05  1.9572515842e-04 -4.0324978424e-03 -5.5145837793e-03 -4.3878432220e-07  6.1544131692e-06 -9.5456031756e-07  4.2613079263e-06  3.8944918065e-06 -6.8788535167e-06  3.1538953663e-06  9.9908713132e-08  6.1955619431e-07 -6.7282129426e-06  2.5307303472e-06 -2.3151793087e-06 -8.5351144330e-06  9.7442414436e-06  1.1618576109e-06  4.6286814915e-04  2.0697958077e-03  3.8495877728e-03

JOB 15
COORDS  3.5778909003e-01 -3.8774379971e-01  1.0601655581e+00  1.8123064345e+00 -7.5545555646e-01  2.9516045073e+00 -5.5539216928e-01 -1.2360561134e+00  1.6824323279e+00  1.5624726328e+00 -1.3362371196e-01  1.7356634276e+00  8.1835258745e-01 -1.6056896717e+00  3.4815501157e+00 -3.5220596046e-01 -1.8362149953e+00  2.8641589976e+00  1.0316392453e+00 -2.2948105787e+00  4.6693604900e+00  2.5616870337e+00  6.3741386873e-01  1.1703032888e+00  1.5016803398e-01  5.1025961018e-02  8.9114184690e-02  2.7553153692e+00 -5.8873912050e-01  3.4636216043e+00 -1.5067182742e+00 -1.4558535534e+00  1.1997268900e+00  1.7686566981e-01 -2.6539955054e+00  5.0792725779e+00  1.6539656427e+00 -1.8560914285e+00  5.3362478402e+00  2.2145187007e+00  1.5252920165e+00  9.9015503352e-01
ENERGY -3.789351662786e+02
GRADIENT  1.2926423864e-03 -2.6532646727e-03 -1.3265336203e-03  1.8446260211e-05  1.9334675582e-05 -2.7841447442e-05 -3.1241557061e-05  1.4370507941e-05 -5.9894368802e-05 -1.7338871453e-03  4.3428574247e-03  2.9391428632e-03 -3.0708984314e-06 -2.0610339087e-05  4.2484486807e-05  3.0473791746e-05  2.1266142842e-05 -8.2420969178e-06  1.3706220002e-05 -9.2930164242e-07  1.3738766451e-05 -7.9596779325e-04 -2.9669430135e-03 -5.4418296829e-03  5.3298742003e-07 -3.8365700153e-06 -3.2915449672e-06 -5.1010865664e-06 -4.8712950770e-06  3.4270677373e-06 -3.4202457984e-06  5.6811478758e-06 -8.1966576483e-06 -9.7241260384e-07  4.0533591902e-06 -5.6460974880e-07 -1.4006339786e-06 -1.0479960154e-06  2.4115304466e-06  1.2093578144e-03  1.2550008411e-03  3.8493114828e-03

JOB 16
COORDS  3.4552551889e-01 -4.0699492559e-01  1.0461804472e+00  1.8107693182e+00 -7.5814332582e-01  2.9317658785e+00 -5.6401819889e-01 -1.2506415069e+00  1.6808767380e+00  1.5545886840e+00 -1.5023489550e-01  1.7101270496e+00  8.1838146993e-01 -1.6010602514e+00  3.4775536916e+00 -3.5463181896e-01 -1.8376206693e+00  2.8681767634e+00  1.0376678519e+00 -2.2782873391e+00  4.6712586955e+00  2.5433009323e+00  6.2463893269e-01  1.1209817381e+00  1.3504288001e-01  2.7610333860e-02  7.4355401118e-02  2.7589401894e+00 -5.9172484826e-01  3.4345268495e+00 -1.5186469081e+00 -1.4748195111e+00  1.2068929626e+00  1.8517763287e-01 -2.6353542507e+00  5.0877821357e+00  1.6611900571e+00 -1.8315951161e+00  5.3316985743e+00  2.2801713415e+00  1.5576309226e+00  1.1566202374e+00
ENERGY -3.789335141440e+02
GRADIENT  8.7868876865e-04 -1.7725188955e-03 -9.1276537212e-04  1.8817368624e-05 -1.5220719858e-05  7.0869873623e-05  1.2986993952e-04 -1.4166805120e-05  1.5180779844e-04 -1.0147907640e-03  2.7740133003e-03  1.8990288948e-03 -7.0270806761e-05  6.0667940636e-05 -1.8413885600e-04 -7.9503840905e-05 -7.9663298656e-05  7.6073966513e-05 -5.1321188810e-05  1.2498457679e-05 -6.3327602938e-05 -1.1471547427e-03 -1.2385300737e-03 -3.5937458105e-03  6.3747593034e-06  1.2484739567e-05 -1.8281344933e-06  1.2026161037e-05  1.7583472647e-05 -9.5386617644e-06  1.0657182391e-05 -1.2435105615e-05  2.3328244303e-05 -6.3917295872e-06 -1.9474287537e-06 -2.0903546022e-06 -5.8206074645e-06  1.2522937584e-05 -1.3543014296e-05  1.3058741337e-03  2.6213240660e-04  2.5386654932e-03

JOB 17
COORDS  3.2963596344e-01 -4.2066296424e-01  1.0280042438e+00  1.8055691011e+00 -7.5428065122e-01  2.9084657125e+00 -5.7349331946e-01 -1.2643234153e+00  1.6725167839e+00  1.5429920611e+00 -1.6107858949e-01  1.6802645014e+00  8.1677570878e-01 -1.5921687972e+00  3.4684398667e+00 -3.5713174636e-01 -1.8385641231e+00  2.8647518875e+00  1.0420892475e+00 -2.2570297381e+00  4.6683092958e+00  2.5113237928e+00  6.2893109262e-01  1.0727368721e+00  1.1364475074e-01  1.3929711383e-02  5.7757224752e-02  2.7574919430e+00 -5.8712257472e-01  3.4042645769e+00 -1.5309204330e+00 -1.4933947880e+00  1.2066303638e+00  1.9195250608e-01 -2.6143036320e+00  5.0895045221e+00  1.6634591416e+00 -1.8000872666e+00  5.3237642848e+00  2.3660555938e+00  1.5556671044e+00  1.3191894233e+00
ENERGY -3.789327187352e+02
GRADIENT  1.5312357889e-04 -3.1764485356e-04 -1.8809144187e-04 -1.7435546952e-05 -3.2092596175e-06  2.5534219684e-05  8.1023371604e-05 -2.6253625011e-06  8.4938386801e-05 -1.5769057990e-04  4.4620339735e-04  3.3128318302e-04 -3.3404277640e-05  2.4025547903e-05 -6.9206093894e-05 -4.2205771766e-05 -4.3825907025e-05  3.5362317964e-05 -3.2712564355e-05  8.6847813878e-06 -2.8806378163e-05 -2.9841547144e-04 -5.4446418218e-05 -6.2370264324e-04  6.8208256600e-06  7.7808358170e-06 -2.0528432727e-06  4.5692091618e-06  5.3805984637e-06 -6.4342560977e-06  5.1904399597e-06 -5.1562382819e-06  1.2689665478e-05 -3.7375101190e-06 -3.2400155671e-06 -1.5088544793e-06 -3.0543251350e-06  4.2734550999e-06 -9.3199545920e-06  3.2435718589e-04 -5.5257447095e-05  4.2251208235e-04

JOB 18
COORDS  3.1223670306e-01 -4.3026606626e-01  1.0130362395e+00  1.7988501248e+00 -7.4519021588e-01  2.8889407269e+00 -5.8060574938e-01 -1.2798349319e+00  1.6642865310e+00  1.5290362877e+00 -1.6506043475e-01  1.6547655679e+00  8.1663133871e-01 -1.5834303439e+00  3.4589739485e+00 -3.5656299221e-01 -1.8442745462e+00  2.8596844198e+00  1.0491043141e+00 -2.2370630538e+00  4.6639875072e+00  2.4690840274e+00  6.4710048546e-01  1.0350574588e+00  8.7122965724e-02  7.6825017259e-03  4.6641205688e-02  2.7522635261e+00 -5.7425097392e-01  3.3812360110e+00 -1.5396290513e+00 -1.5153581630e+00  1.2049804270e+00  2.0196002633e-01 -2.5987417482e+00  5.0875248710e+00  1.6644125810e+00 -1.7677470693e+00  5.3164499104e+00  2.4702002204e+00  1.5158946109e+00  1.4658900091e+00
ENERGY -3.789330625455e+02
GRADIENT -6.1114212255e-04  1.2797745108e-03  6.1821782042e-04  1.9751880439e-05  6.5094981051e-06  5.1109826879e-05  7.4376660825e-05 -4.4595298817e-06  7.9151755709e-05  5.9046922228e-04 -1.8061437428e-03 -1.3211150004e-03 -2.9722906373e-05  3.4396958142e-05 -5.2445846966e-05 -3.6746379915e-05 -4.1244785833e-05  2.4397135107e-05 -3.2047947680e-05  1.6870929902e-05 -2.4639463408e-05  1.4026255008e-03 -1.4136205166e-04  1.9216335400e-03 -2.1780928540e-06  9.6052425036e-06 -5.0457881893e-07  4.1585515590e-06  9.3162972996e-06  1.3477513449e-07  6.4199393018e-06 -2.4559748303e-06  7.6133596055e-06 -4.7910006100e-07 -6.1735505749e-06 -4.5351108158e-06 -2.5180339444e-06  3.7273516516e-07 -1.0127892105e-05 -1.4028529134e-03  6.5260126819e-04 -1.2970162363e-03

JOB 19
COORDS  2.9105293811e-01 -4.3361329599e-01  1.0011877072e+00  1.7846070772e+00 -7.2879446030e-01  2.8745967705e+00 -5.8924825756e-01 -1.2941970180e+00  1.6539483863e+00  1.5087879013e+00 -1.5719203314e-01  1.6363905950e+00  8.1239278970e-01 -1.5748157763e+00  3.4491605357e+00 -3.5744510381e-01 -1.8529508000e+00  2.8509157928e+00  1.0533679461e+00 -2.2204198497e+00  4.6574977705e+00  2.4177919327e+00  6.7798262017e-01  1.0109085829e+00  5.5986116959e-02  8.1583853102e-03  3.9082414961e-02  2.7365953042e+00 -5.5081134329e-01  3.3680243928e+00 -1.5474529861e+00 -1.5385970926e+00  1.1975537135e+00  2.0970596051e-01 -2.5912482050e+00  5.0802738972e+00  1.6570709910e+00 -1.7363436106e+00  5.3101717545e+00  2.5846139341e+00  1.4458175952e+00  1.5792550686e+00
ENERGY -3.789344360126e+02
GRADIENT -1.1769177510e-03  2.2396010850e-03  1.6068543106e-03 -3.0785597331e-04 -9.4283326976e-06 -1.5188951324e-04 -3.0883139577e-04  4.7848566892e-06 -2.9885447232e-04  1.5007901154e-03 -2.9712803305e-03 -2.5724839107e-03  1.0770495944e-04 -8.4617045732e-05  3.6524803071e-04  1.6264851632e-04  1.4336883009e-04 -1.4260765821e-04  8.7797863512e-05 -5.3765077484e-05  1.0853168940e-04  2.9052691030e-03 -1.1691663653e-03  2.7624868491e-03  3.0600625206e-06 -1.2208779302e-05  3.4722195909e-05 -4.5662934385e-05 -1.4772119581e-05 -6.7356826423e-06 -2.9153394917e-05  9.9888746578e-06 -3.9842895393e-05  1.8814170623e-06  5.0228933191e-06  7.8857638942e-06 -8.3523878737e-06 -1.9955033007e-06  3.0728088472e-05 -2.9190106245e-03  1.9189608728e-03 -1.7069920195e-03

JOB 20
COORDS  2.7355794431e-01 -4.3398548205e-01  9.9680410019e-01  1.7739765886e+00 -7.0797730388e-01  2.8691662238e+00 -5.9061380940e-01 -1.3089969874e+00  1.6504005032e+00  1.4890360364e+00 -1.4040929042e-01  1.6299462775e+00  8.1453270211e-01 -1.5684476285e+00  3.4429153528e+00 -3.5117483791e-01 -1.8662218130e+00  2.8467714320e+00  1.0658833579e+00 -2.2095620320e+00  4.6515727449e+00  2.3685013653e+00  7.1426336042e-01  1.0010433266e+00  2.7945604532e-02  8.9341958346e-03  3.7919537920e-02  2.7228774753e+00 -5.1891188697e-01  3.3655930520e+00 -1.5459307609e+00 -1.5658788975e+00  1.1949465272e+00  2.2757593971e-01 -2.5943087584e+00  5.0726367248e+00  1.6582983958e+00 -1.7133294065e+00  5.3054813518e+00  2.7084265881e+00  1.3513465941e+00  1.6486135836e+00
ENERGY -3.789363980459e+02
GRADIENT -1.4423222097e-03  2.6580685797e-03  1.5494394947e-03 -3.2113004398e-05 -2.0919205191e-05  3.8785582179e-05  1.3685889079e-04 -1.1552640059e-05  1.6738725870e-04  1.3970230014e-03 -3.2829246829e-03 -2.5942771182e-03 -5.0181458549e-05  3.0541056955e-05 -1.1899678227e-04 -8.3328439527e-05 -8.0764434535e-05  5.9304047759e-05 -7.1692569861e-05  2.8051433299e-05 -5.8589907410e-05  3.5358906982e-03 -2.1442321743e-03  1.9319554624e-03  1.0343831097e-05  1.0557770097e-05  5.8880381831e-08  5.5292589633e-06  1.4426152091e-05 -1.0899073870e-05  1.0395722550e-05 -1.3328745900e-05  2.4717509579e-05 -1.9035481337e-06 -9.1517638516e-06 -4.3795850887e-06 -2.1257451378e-06  2.6565997058e-06 -1.8625081859e-05 -3.4349835113e-03  2.8212198409e-03 -9.7194302752e-04

JOB 21
COORDS  2.5238959429e-01 -4.2858529956e-01  9.9406000523e-01  1.7536278385e+00 -6.8313436994e-01  2.8694082112e+00 -5.9685987074e-01 -1.3197767833e+00  1.6428911535e+00  1.4619517627e+00 -1.1508002165e-01  1.6313306046e+00  8.0831954499e-01 -1.5626858700e+00  3.4372396172e+00 -3.5045816821e-01 -1.8786680032e+00  2.8379440082e+00  1.0694135506e+00 -2.2033861713e+00  4.6447178019e+00  2.3156894689e+00  7.5742846061e-01  1.0041811398e+00  5.2112292606e-04  1.3450377565e-02  3.6401932369e-02  2.6962745410e+00 -4.7966870803e-01  3.3731992676e+00 -1.5464275364e+00 -1.5911143856e+00  1.1838712019e+00  2.3595096479e-01 -2.6037425238e+00  5.0610818328e+00  1.6458288849e+00 -1.6942962963e+00  5.3032264386e+00  2.8226197091e+00  1.2427434661e+00  1.6742379374e+00
ENERGY -3.789383707694e+02
GRADIENT -1.3473460340e-03  2.2349477076e-03  1.3638147603e-03  7.2497562556e-07  1.6446478149e-05 -2.7420645586e-05 -6.4976044094e-06  1.8870566017e-05 -7.8319089279e-05  1.3257666021e-03 -2.6710747272e-03 -1.9810260227e-03 -3.9144433865e-05 -6.8989637103e-06  6.9816175904e-06  3.8520710609e-05  1.5864541649e-05  2.3902043714e-05  3.3140294344e-05 -4.2389085969e-05  1.6214844343e-05  2.7835781772e-03 -2.3874611173e-03  5.6307383021e-04  3.9210753717e-06 -1.7489180866e-06 -3.2874099723e-06 -8.0849496787e-06 -2.1156642772e-06  6.5403792711e-06 -4.7761130961e-06  3.2090054443e-06 -7.0445629718e-07 -7.9863441959e-06  1.3301617361e-05  9.6638965727e-06 -5.8353423397e-06  8.2643943791e-06  9.3110571404e-06 -2.7943976046e-03  2.7957627446e-03  8.3083934880e-05

JOB 22
COORDS  2.3657202279e-01 -4.2019354190e-01  9.9614162879e-01  1.7353476995e+00 -6.5739512128e-01  2.8759205809e+00 -5.9802293828e-01 -1.3283636326e+00  1.6386113075e+00  1.4375667521e+00 -8.5503456558e-02  1.6407247716e+00  8.0560636984e-01 -1.5587752943e+00  3.4349244890e+00 -3.4548322177e-01 -1.8916778885e+00  2.8308967041e+00  1.0758925504e+00 -2.2018824619e+00  4.6394483156e+00  2.2704196413e+00  8.0419613431e-01  1.0188015436e+00 -1.8840870826e-02  1.8702903798e-02  3.7966841052e-02  2.6693817976e+00 -4.3608905059e-01  3.3891269079e+00 -1.5399647400e+00 -1.6155535310e+00  1.1736441314e+00  2.4798001527e-01 -2.6189900023e+00  5.0505517449e+00  1.6382898642e+00 -1.6839098377e+00  5.3032409698e+00  2.9274980819e+00  1.1255081753e+00  1.6569548631e+00
ENERGY -3.789398226485e+02
GRADIENT -9.1223418235e-04  1.3259402276e-03  7.0908395022e-04 -1.2591612390e-04 -4.9112173394e-06 -1.2055487491e-04  1.3831213267e-04  6.0096796494e-05 -2.1624630489e-05  9.4670733171e-04 -1.4639388579e-03 -1.0458249058e-03 -1.5805541800e-05 -7.3089085338e-05  1.2858608080e-04  2.1896011597e-05  1.4011127684e-05  1.0550344174e-05  3.1676420678e-05 -6.9388620412e-05  5.5005867104e-05  1.3268500571e-03 -1.5550796054e-03 -3.1702438610e-04  1.9782505694e-05 -2.6873780825e-06 -1.9357422705e-05 -3.3074947132e-05 -6.2653072394e-07  9.9979293475e-06  1.4946535032e-06  1.1856608135e-05  7.9366380173e-06 -7.5895707615e-06  1.9561910479e-05  1.5680006896e-05  5.3990270900e-06 -2.8548867105e-07  1.0685262752e-05 -1.4226352050e-03  1.7404126304e-03  5.7521522086e-04

JOB 23
COORDS  2.2732147966e-01 -4.0823614199e-01  1.0037880406e+00  1.7218017737e+00 -6.3108096944e-01  2.8888090783e+00 -5.9419438502e-01 -1.3346129061e+00  1.6364785919e+00  1.4173899686e+00 -5.2846922576e-02  1.6580868415e+00  8.0742448972e-01 -1.5554883960e+00  3.4351325085e+00 -3.3538981609e-01 -1.9041305134e+00  2.8246035460e+00  1.0852531306e+00 -2.2036224382e+00  4.6353741448e+00  2.2345107749e+00  8.5518339661e-01  1.0450136489e+00 -2.9117329413e-02  2.8099388660e-02  4.4719377702e-02  2.6455758760e+00 -3.9091035254e-01  3.4124376469e+00 -1.5268370175e+00 -1.6381113728e+00  1.1632215247e+00  2.6308187487e-01 -2.6385595181e+00  5.0395433446e+00  1.6338776076e+00 -1.6795430320e+00  5.3059246698e+00  3.0151392442e+00  1.0087607381e+00  1.6014567955e+00
ENERGY -3.789403820866e+02
GRADIENT -3.9113141353e-05  8.1691985449e-05  4.8647374387e-05 -4.5270070779e-06 -1.5682973792e-05  2.2624431983e-06  8.7159256636e-06 -2.1818748928e-05  2.7622453688e-07  4.2745389137e-05 -6.1236637079e-05 -5.2283529394e-05  6.7177913440e-06  2.2669583341e-05 -1.0510733042e-05 -5.6408744345e-06 -2.4254819724e-06 -5.2003598594e-06 -1.2697414479e-05 -3.3941105509e-05 -7.4239819303e-06  3.9741424827e-05 -7.0616635037e-05 -4.0564099590e-05  5.5513838886e-06 -1.2946054167e-05 -7.6684458717e-06 -1.0226371758e-05  1.4910143386e-05  6.6063978185e-06 -5.5998156579e-06  7.3954703506e-06  3.6189444530e-06 -7.6179374716e-06  1.6824003290e-05  1.2926876968e-05  9.0201259389e-06  3.7361291287e-07 -2.3641253546e-06 -5.0232762849e-05  7.2853110398e-05  4.6539286417e-05

