JOB 0
COORDS -1.6772961941e-01  9.3711117772e-01  2.1872763300e+00  1.3562604311e+00 -8.9464113036e-01  2.5072036894e+00 -1.1048934979e+00  1.8621038000e-01  2.8813948481e+00  1.1314479278e+00  3.9356414345e-01  1.9949273434e+00  3.2438969737e-01 -1.5602585245e+00  3.2012581136e+00 -3.8774768916e-01 -3.4362140986e+00  4.6368733985e+00  3.3076024708e+00  3.8163055121e-01  8.8059724375e-01  1.7579984701e+00  2.3038789844e+00  5.9744284916e-01 -8.9603222027e-01 -1.0349426539e+00  3.3990864000e+00  5.4175701899e-01 -2.8452391154e+00  3.6806916501e+00  2.1250047598e+00  1.1009321212e+00  1.3340509677e+00 -4.4692662730e-01  1.9124298080e+00  1.8102840258e+00  2.3062327320e+00 -1.3997275115e+00  2.3747157183e+00 -2.1030412525e+00  5.9577008362e-01  3.0358452946e+00 -1.3836370646e+00 -3.4940312262e+00  4.1947051625e+00 -4.6786733067e-01 -2.8578806565e+00  5.5677993120e+00 -4.5141078853e-02 -4.4483940292e+00  4.8689617046e+00  3.9796351994e+00  1.0778712755e+00  3.7620173495e-01  3.0645943380e+00 -4.3508190505e-01  1.8350014707e-01  3.8542678657e+00 -4.2330678015e-02  1.7291596042e+00  1.0570387888e+00  2.1026409831e+00 -2.2724249470e-01  2.6599941871e+00  2.7553782513e+00  1.8055976978e-01  1.3030165464e+00  3.0419825095e+00  1.2641686680e+00  1.5156784103e+00 -3.0717744179e+00  3.8326753380e+00
ENERGY -4.770160970884e+02
GRADIENT -1.8053232003e-04 -2.2865476823e-04 -5.2415121737e-04  2.1335460452e-06 -1.0570600756e-05 -1.4208474478e-05  1.1857466667e-05 -2.5561249366e-06 -1.1247112739e-05  1.2188240668e-04  3.3642785435e-04  5.5548991857e-04 -4.2334336663e-06 -7.0340927717e-06  8.4690964058e-06  1.0754503923e-06 -3.5923830623e-06 -6.0036749252e-06 -2.3693258124e-04 -1.2301073249e-04 -4.6420456895e-04 -6.6446618007e-05  2.2216242537e-06  1.8050891453e-06  4.9443642725e-06 -1.0857497042e-06  1.2298895433e-06  1.0321662147e-05 -4.1236192878e-06 -4.1902987554e-06  3.6521787828e-04  3.4086336161e-05  4.2615680995e-04 -2.6778989421e-07  3.4437018126e-06 -8.8528887950e-06 -8.8649549004e-06 -4.0745461195e-06 -4.0159229452e-06  1.9308858741e-06  6.9859904625e-07 -1.7276968454e-06  2.6148271029e-07 -2.6179643720e-06 -3.3561451433e-06 -4.1807344433e-07 -2.0097815500e-06 -4.2496373313e-06  2.2195483969e-06 -1.9929429849e-06 -3.5876002733e-06 -8.6358346788e-06 -3.6739901220e-06 -5.1876728325e-06  7.8834631001e-07 -6.4418122229e-06 -5.5723058601e-06 -6.9119904980e-07 -1.7935715645e-06 -2.6984301281e-07 -2.4397601089e-08  1.7102462976e-07  1.3583322880e-05  7.5723787908e-08  6.5929698910e-06  6.5571700527e-06  5.7421984847e-07  8.3147622650e-06  2.0979230323e-06 -9.3072887136e-08 -1.0717862611e-06  4.0394263967e-06

JOB 1
COORDS -5.5117255951e-02  8.2780367809e-01  2.0271055807e+00  1.4745453233e+00 -9.6618641110e-01  2.4861910656e+00 -1.0262012584e+00  6.9456714377e-02  2.6672059594e+00  1.2636824020e+00  3.0938828615e-01  1.9403506788e+00  4.1041907649e-01 -1.6423276911e+00  3.1170076424e+00 -3.6341136811e-01 -3.5037028514e+00  4.5397556339e+00  3.3612288076e+00  2.4545728563e-01  6.9043447249e-01  1.9626783180e+00  2.2703996913e+00  6.6000637694e-01 -8.3141709973e-01 -1.1381537540e+00  3.2179506422e+00  6.1753159344e-01 -2.9133999652e+00  3.6358561181e+00  2.2967513830e+00  1.0174618950e+00  1.3274507547e+00 -3.2754494169e-01  1.7881373598e+00  1.6094196446e+00  2.4447466056e+00 -1.4482185242e+00  2.4378980234e+00 -2.0414519873e+00  4.5926906698e-01  2.7395226479e+00 -1.3260436307e+00 -3.5898909836e+00  4.0332642509e+00 -5.1640001604e-01 -2.9089513647e+00  5.4510054766e+00 -1.8713614341e-02 -4.5041477528e+00  4.8153528359e+00  4.0660976040e+00  9.3274885420e-01  2.1863489632e-01  2.9768608131e+00 -4.4556769547e-01 -7.5219250820e-02  3.9225489446e+00 -3.3447670001e-01  1.4278953492e+00  1.3097817463e+00  2.1337654279e+00 -2.1722545455e-01  2.8854427029e+00  2.7528516905e+00  3.3074281652e-01  1.4686938957e+00  2.9518691328e+00  1.3568998886e+00  1.5829488511e+00 -3.1188164381e+00  3.8565921169e+00
ENERGY -4.770151821971e+02
GRADIENT -5.7072285385e-04 -9.7612278066e-04 -1.9623461996e-03  5.0965184362e-05  4.6635370572e-05 -7.4804458466e-06  8.4643549581e-06  8.0785947173e-05 -2.9861067233e-05  2.8786347957e-04  1.4300377352e-03  2.1624623173e-03 -8.6490052044e-05  2.5606402574e-06  1.4093765179e-05 -3.2874143966e-08 -3.4239765492e-06 -9.5212899628e-06 -1.0580704825e-03  3.7961479796e-05 -1.8325108662e-03  2.0381983444e-05  3.2358149856e-05 -5.0772507166e-05  5.2133313426e-05 -6.0391502816e-05  1.0458571023e-05  2.0759890251e-05  4.8839272628e-06  9.0855473969e-06  1.2658299214e-03 -5.7307474728e-04  1.6703513576e-03  9.9805048162e-06  9.2554550282e-06  1.4058823448e-05 -2.2648623572e-06 -7.9485410057e-06 -1.6870376337e-05 -3.8097807183e-06 -1.1384778560e-05 -2.4934250127e-06  9.2830446824e-07 -7.6664031726e-07 -2.0711365337e-06  1.9135143187e-06 -3.1518313474e-06 -3.5109684207e-07  1.3460126007e-06 -1.6612756461e-06 -1.4006202548e-06 -2.3141250267e-06  3.1534522089e-06  1.4819567438e-06 -4.0894547972e-06  1.1547428466e-06  4.0438314304e-06 -3.0911460144e-07 -2.2517668158e-06  4.0719913523e-06  2.3485579611e-06 -4.3575319229e-06  5.7151836029e-06 -1.8105645787e-06 -2.1272768266e-06  1.1541600838e-05 -7.4987220912e-06 -5.9222975079e-06  4.7620966473e-07 -1.5519551702e-06  1.1976396886e-06 -1.2265104902e-06

JOB 2
COORDS -6.6171927526e-02  7.4325584111e-01  1.9273514934e+00  1.5038923632e+00 -9.6322953407e-01  2.5468387927e+00 -1.0435886599e+00 -3.1310328861e-02  2.5424898627e+00  1.2699884879e+00  2.7318515499e-01  1.9290640583e+00  4.3408133718e-01 -1.6653850337e+00  3.1354496566e+00 -3.4227031832e-01 -3.4919202016e+00  4.6015536014e+00  3.2677075257e+00  2.6734727433e-01  5.1277754018e-01  2.0019613122e+00  2.3174127232e+00  8.0953949377e-01 -8.3204632822e-01 -1.2101650704e+00  3.1430924912e+00  6.6011145561e-01 -2.9042915855e+00  3.7193791932e+00  2.3212362917e+00  1.0028108042e+00  1.3523234019e+00 -3.4930952074e-01  1.6754968971e+00  1.4557899781e+00  2.5038152633e+00 -1.3822698829e+00  2.6010209982e+00 -2.0756061504e+00  3.1922587179e-01  2.5471088794e+00 -1.2739173519e+00 -3.6409659940e+00  4.0534716578e+00 -5.6378189490e-01 -2.8624358121e+00  5.4745924354e+00  2.6324671880e-02 -4.4635774827e+00  4.9414580487e+00  4.1420902788e+00  8.9605556756e-01  3.2163836856e-01  2.8237363731e+00 -1.8926571041e-02 -4.5474761994e-01  3.6144573855e+00 -6.3795121622e-01  1.0096809981e+00  1.3743652697e+00  2.2744102497e+00 -9.6637822189e-02  2.9351423665e+00  2.8253012024e+00  5.5137622386e-01  1.4902006597e+00  2.9229580025e+00  1.5610554121e+00  1.6203956170e+00 -3.0636507202e+00  3.9942705101e+00
ENERGY -4.770139237315e+02
GRADIENT -2.2886076508e-04 -8.1306974571e-04 -1.4888505214e-03  3.2870915217e-05 -7.3211623284e-05  5.0838314202e-05 -6.1849103222e-05 -1.3561904657e-06  7.7604034787e-06 -9.3102650212e-05  1.3343950930e-03  1.6880286049e-03  2.6460422737e-05  2.0769369509e-05 -3.4231124846e-05  5.4753902474e-06  2.5622580604e-06 -4.2679459616e-06 -8.5580810907e-04  2.1330921797e-04 -1.2376583428e-03 -5.0957702295e-05 -3.1478297549e-05  5.7137645567e-05 -1.3764758059e-06  3.1433350914e-05  2.7861876002e-07  8.4117884353e-06  1.8337277604e-05 -3.1904587540e-06  1.2424098848e-03 -7.4458395537e-04  9.8071228402e-04 -1.9178018611e-06  1.1769478346e-05  5.2226573535e-06  1.2748748235e-05  2.1814873262e-05 -5.2363568729e-08 -3.0217767852e-06  2.7907879869e-06  6.0302971759e-07  2.9386641557e-07 -1.8518540829e-06  1.3247178258e-07 -1.1121176110e-06 -7.4692581747e-07 -2.3609119021e-06  4.4087450913e-06  9.7070353597e-07 -2.1441896227e-06 -2.1500314988e-05  1.4008764429e-05 -4.1549874735e-06  6.4438477861e-06  3.5873947186e-06 -6.3727432871e-06 -3.0847937270e-05  1.1774881603e-05 -5.7549194433e-06 -1.0901523247e-06  1.0862196238e-05 -6.7108219531e-06 -9.1285573743e-07  9.7343266373e-06  3.5696978869e-07 -4.0828652213e-06 -6.5369045550e-06  3.0026817623e-06  2.1668815795e-06 -1.3771561482e-06  2.2754982071e-06

JOB 3
COORDS -5.8165865815e-02  6.7157563610e-01  1.8263895913e+00  1.5300696857e+00 -9.5378396804e-01  2.6022389308e+00 -1.0451239082e+00 -1.1905354824e-01  2.4077367971e+00  1.2863556150e+00  2.4855714629e-01  1.9304901533e+00  4.5200572106e-01 -1.6816851035e+00  3.1435954898e+00 -3.5208697501e-01 -3.4891120233e+00  4.6185435063e+00  3.1604618161e+00  2.5429272645e-01  3.7689417364e-01  2.0792198154e+00  2.3384237172e+00  9.5011555433e-01 -8.2652320204e-01 -1.2704886342e+00  3.0567867441e+00  6.8246752754e-01 -2.8923039378e+00  3.7807145382e+00  2.3648689620e+00  9.7310855956e-01  1.3766663535e+00 -3.3688685782e-01  1.5816842186e+00  1.3095963491e+00  2.5466240474e+00 -1.3166924963e+00  2.7285420029e+00 -2.0878416539e+00  1.9093738584e-01  2.3406375821e+00 -1.2412856205e+00 -3.6912443444e+00  4.0192592482e+00 -6.5060962219e-01 -2.8403285327e+00  5.4536219341e+00  2.8885343508e-02 -4.4344095110e+00  5.0142840171e+00  4.0923933670e+00  7.9870165776e-01  1.9522254477e-01  2.6217032833e+00  1.5314206164e-01 -5.8035131579e-01  3.4152218217e+00 -7.4463904628e-01  7.3152442623e-01  1.4572256088e+00  2.3928154609e+00  3.9924372610e-02  3.0263749949e+00  2.8438875867e+00  7.3919951419e-01  1.5759481092e+00  2.8844838977e+00  1.7513981353e+00  1.6296509174e+00 -3.0113499823e+00  4.1150019992e+00
ENERGY -4.770126733383e+02
GRADIENT -2.9088357872e-04 -1.4478296434e-03 -2.2953125953e-03 -2.0767048918e-05 -5.3390024140e-05  4.8254347435e-05 -4.5405976676e-05  7.5571505246e-05 -3.5534558119e-05 -2.5286991969e-04  2.5348657983e-03  2.8057048138e-03  2.9027150570e-06 -3.4831078441e-05  1.7027504946e-05  4.0880959950e-06 -3.6850942759e-06 -5.6154275855e-06 -1.4530086564e-03  8.5272956689e-04 -1.7364414855e-03  7.3191353799e-05  1.0484189656e-05  2.4662470355e-05  4.9701926552e-05  1.0548317730e-05 -1.4603087094e-06  1.6968634415e-05  2.5136104299e-05  1.7043906049e-05  1.9160705365e-03 -1.9486331583e-03  1.2033290825e-03  9.6474602234e-06 -2.7273335727e-07  7.9189467920e-06 -1.5007973135e-06  3.2028666114e-06 -5.7749396805e-06 -1.5028419780e-06  1.3137975015e-06 -5.5471007030e-06 -6.1383403643e-07 -1.9122653336e-06  5.0615082025e-06 -1.3815078374e-06  5.2931829893e-06 -1.3259407526e-06  8.3322877784e-07  2.2649737705e-06  6.6643899259e-06 -1.5698514064e-05  1.5607268600e-05 -1.1255235473e-05  1.6346602917e-06 -2.8091282994e-05  1.3946699416e-05  2.3007732099e-05  1.9401883007e-05 -3.1991910596e-06  3.7228470440e-07  1.0965073283e-06 -3.2535621564e-06  3.1159212468e-06 -8.8841870351e-06 -8.3853673226e-06  1.0709952601e-06 -1.6596169230e-05 -7.0846840429e-06 -7.2081575764e-07 -1.1635761620e-05 -7.6501563862e-06

JOB 4
COORDS -2.8948310279e-02  5.9710764199e-01  1.7216621980e+00  1.5605554933e+00 -9.4085971942e-01  2.6586625026e+00 -1.0250554314e+00 -2.0178281554e-01  2.2764342142e+00  1.3159013132e+00  2.2209139053e-01  1.9288442065e+00  4.7475141543e-01 -1.6862987808e+00  3.1642314561e+00 -3.6242445829e-01 -3.4706733005e+00  4.6493162813e+00  3.0506293252e+00  2.5849822307e-01  2.4644913266e-01  2.1706803603e+00  2.3429724592e+00  1.0845885901e+00 -8.0679261534e-01 -1.3186548381e+00  2.9846624326e+00  7.0318639462e-01 -2.8629659046e+00  3.8600804517e+00  2.4205451453e+00  9.3536881482e-01  1.3864611711e+00 -2.9809072233e-01  1.4808152506e+00  1.1549543300e+00  2.5837838089e+00 -1.2569948906e+00  2.8462142192e+00 -2.0717387873e+00  6.8283010374e-02  2.1377030975e+00 -1.2025186903e+00 -3.7257068272e+00  4.0011882399e+00 -7.3792028700e-01 -2.8061074764e+00  5.4396027653e+00  2.4739733847e-02 -4.3872680373e+00  5.1021896145e+00  3.9924053517e+00  7.6066118173e-01  2.7061529685e-03  2.4057609348e+00  2.6868726162e-01 -6.4914930535e-01  3.2710747319e+00 -7.8042325976e-01  4.9829803506e-01  1.5346651117e+00  2.4985941807e+00  1.9575196519e-01  3.1297040750e+00  2.8364157609e+00  8.9765241737e-01  1.6983384201e+00  2.8293724204e+00  1.9414374284e+00  1.6325302330e+00 -2.9423827831e+00  4.2510860826e+00
ENERGY -4.770108094704e+02
GRADIENT -1.1843653554e-04 -2.0295328544e-03 -2.8346662870e-03  9.7497683900e-06  2.7456475945e-06  1.9421359679e-06 -9.0824340689e-05  5.5808933187e-05 -2.9249237984e-05 -5.4999943811e-04  3.7104033454e-03  3.6494386004e-03  5.2014488374e-05 -7.0159799444e-05  2.9531383096e-05  1.2364685801e-05 -7.8417431821e-06 -2.1279938841e-05 -1.8797748211e-03  1.5149836892e-03 -1.9426759212e-03  6.5947825446e-05  2.6025969101e-05 -2.1552719826e-05  2.4889500337e-05  4.0135073133e-05 -2.6303451317e-05  1.9204440543e-06  5.5120823725e-05  5.2710839198e-05  2.4891392675e-03 -3.2433124365e-03  1.1560631019e-03 -3.3812426855e-06  1.7667771398e-06  1.7561349950e-06 -9.1939213438e-07 -1.2804189647e-06  7.4800014385e-06 -6.9750898340e-06  1.4250473365e-05 -8.4034964097e-06  5.9764293711e-07  2.4260589754e-07  3.4131385096e-06  3.9481711358e-07  3.5471759191e-06  1.6359844651e-06  1.3771024485e-06  3.6479825835e-06  5.0544065360e-06 -1.4930012086e-05  1.6925625909e-05 -8.2230638513e-06 -6.8133978242e-06 -1.7688053793e-05  1.1698004664e-05  2.3581062215e-05  6.5239875067e-06  1.2978437038e-05  7.0044214279e-06 -1.7009463924e-06 -5.5788651155e-06  2.2234390807e-06  5.8338945620e-06  2.4923137761e-05 -1.9119594696e-05 -7.2402477115e-06 -8.2373050547e-06  2.4152250810e-06 -2.2033300934e-05 -1.8854850574e-05

JOB 5
COORDS  1.0626403337e-03  5.0348096394e-01  1.6030100781e+00  1.5813860220e+00 -9.3056805758e-01  2.7061015854e+00 -1.0011939250e+00 -2.9692670756e-01  2.1430775514e+00  1.3403918470e+00  1.8120717551e-01  1.9067519822e+00  4.8963174567e-01 -1.6849290537e+00  3.1932114164e+00 -3.7620005746e-01 -3.4241189169e+00  4.7148237054e+00  2.9327772787e+00  3.1729065562e-01  1.0861266377e-01  2.2589975833e+00  2.3367116550e+00  1.2487752636e+00 -7.8787457463e-01 -1.3670753167e+00  2.9236913413e+00  7.1415394249e-01 -2.8155760034e+00  3.9609371005e+00  2.4639005164e+00  8.9317705106e-01  1.3750513424e+00 -2.5675062132e-01  1.3502861604e+00  9.7651638007e-01  2.6050172424e+00 -1.2013765093e+00  2.9526246230e+00 -2.0466365195e+00 -7.0641626348e-02  1.9348932605e+00 -1.1674074947e+00 -3.7373524148e+00  4.0315876858e+00 -8.1924202286e-01 -2.7375501406e+00  5.4492633412e+00  1.2559656255e-02 -4.3049950369e+00  5.2324050191e+00  3.8775790386e+00  7.9224728590e-01 -1.7590938347e-01  2.2084255609e+00  4.5913689444e-01 -7.1263764401e-01  3.1083696481e+00 -7.5417356167e-01  2.3009187471e-01  1.5730231839e+00  2.6205447243e+00  4.3165482779e-01  3.2252403306e+00  2.8119656351e+00  1.0501224401e+00  1.8667035017e+00  2.7374557619e+00  2.1867717333e+00  1.6219134924e+00 -2.8451499649e+00  4.4058479233e+00
ENERGY -4.770088079941e+02
GRADIENT  1.1822966902e-04 -1.9319112869e-03 -2.4609107345e-03 -2.0628759915e-05  3.6404944311e-05 -2.4668010329e-05  7.0818805608e-05 -5.4732226881e-05  2.6187304813e-05 -8.0797109121e-04  3.6630543790e-03  3.2910699139e-03 -6.3346101036e-05  6.0753028179e-05 -2.9569728042e-05 -1.5054624471e-05  1.1992112676e-05  2.7799592670e-05 -1.7146083001e-03  1.5937581814e-03 -1.3191546640e-03 -6.3924831453e-05 -3.6779179421e-05  4.9596108085e-05 -1.1917705780e-05 -3.4348084508e-05  3.1245118994e-05  1.2443433740e-05 -7.2412108498e-05 -4.4357175175e-05  2.4607448711e-03 -3.2731004100e-03  5.0530080075e-04  1.8917419508e-06 -6.3432784005e-06 -1.6858975262e-05 -4.6975388340e-06  1.7895200482e-06 -2.2619880013e-06  2.7386110876e-06 -7.8203861946e-06  1.7846758538e-05 -4.1569591675e-07  9.5606091392e-06  4.0265514739e-06  5.2116677682e-06  1.1876135033e-08  9.6667386192e-06 -1.0639517704e-06 -3.1155400120e-06 -3.0418366998e-06  8.6685758622e-06 -1.3038490493e-05  3.7550183664e-06  5.6203900572e-06  2.0019033766e-05 -1.1374917422e-05 -6.2289436392e-06 -1.1286610765e-05 -2.5598539715e-05 -1.0428142100e-05  1.1658798895e-06  4.6992694551e-07 -6.6686382881e-06  5.9268922888e-06 -7.2601614791e-06  4.0845420087e-06  3.4151201602e-05  5.7861590744e-06 -7.2607624057e-06  4.2391452658e-05  3.0647184069e-05

JOB 6
COORDS -2.7590224605e-01  1.4765189789e-01  1.1942834261e+00  1.4815461604e+00 -6.0621890045e-01  2.6482672437e+00 -1.1057417792e+00 -7.7075518009e-01  1.8179631831e+00  1.0733328101e+00  2.2676242003e-01  1.6098884266e+00  5.4603866947e-01 -1.5025003472e+00  3.2236372418e+00 -2.9315410947e-02 -3.1054679589e+00  5.0090058100e+00  2.3234454416e+00  8.5293762234e-01 -3.5592547151e-01  3.0670522699e+00  1.6192830805e+00  1.8052748469e+00 -7.2885830550e-01 -1.5867214386e+00  2.8203579166e+00  9.5526341464e-01 -2.3692647983e+00  4.2245399554e+00  1.9143152021e+00  1.2041596205e+00  1.0103201116e+00 -6.5395933906e-01  8.0908631717e-01  4.2134406266e-01  2.5034091252e+00 -5.9370644679e-01  3.0145552021e+00 -2.1511133793e+00 -8.4684370468e-01  1.5207374059e+00 -6.2760466285e-01 -3.7368172687e+00  4.3498662726e+00 -7.1681960813e-01 -2.4452340941e+00  5.5552350202e+00  5.0312583854e-01 -3.7420022720e+00  5.7207134677e+00  2.7915018948e+00  1.7214344825e+00 -8.3034008695e-01  1.4514881713e+00  5.6694347876e-01 -9.4770570343e-01  3.0412795402e+00  1.5087984584e-02 -3.6993225752e-01  3.5101953610e+00  2.5050415728e+00  1.3394054822e+00  3.8562782091e+00  8.5033733123e-01  1.8784863790e+00  2.7448454753e+00  1.8879582399e+00  2.8143452171e+00  1.7792226642e+00 -2.0699366538e+00  4.7287072513e+00
ENERGY -4.770112631024e+02
GRADIENT -1.1278807843e-03  2.9232164419e-03  3.2071500210e-03 -3.1036765086e-05  3.6763619521e-06  1.7022641352e-05 -7.2497502364e-05  3.0701447016e-06 -2.8586496737e-05  3.1003919024e-03 -5.0989769771e-03 -4.1482126916e-03  4.8796513651e-05 -1.7021935458e-05  3.3798229596e-05  2.5033180065e-07 -2.1605587231e-06 -8.8693325779e-07  3.2552778647e-03 -1.9676215889e-03  1.5137442747e-03 -5.0265596152e-05 -3.2845685583e-05  6.4105206096e-05  6.6627855946e-06  3.5802109261e-05 -3.2524407986e-05  1.8322290046e-05 -1.4552117625e-05  1.4046258793e-05 -5.1515521254e-03  4.1724524471e-03 -6.2646646752e-04 -6.8528279003e-06 -5.4523387081e-06  3.4862717157e-06  1.1591755361e-06 -2.7172212732e-07 -6.8513271555e-06 -6.6172509386e-06  5.5052092441e-06 -1.0859030107e-05 -2.4716709356e-06  3.5123105476e-06 -4.9191567511e-07 -6.5394048534e-07 -1.3544059284e-06  2.4480204730e-06 -1.1350192307e-06 -3.8141478014e-06 -2.1608549775e-06 -5.1335054194e-06  2.0703805758e-06 -6.2693959489e-06 -7.0995128415e-07 -1.2495989563e-05 -1.6832468738e-06  1.1492071602e-05  5.1494904162e-06  5.9069635024e-07 -9.5949607776e-06  1.2335482974e-05  1.0196527787e-05  5.2816993294e-06  2.0926648057e-06 -6.2841891503e-06  3.3430887674e-06 -1.2034192469e-05  8.0444612214e-06 -6.6914472041e-06  5.9143629118e-06  8.8261569539e-06

JOB 7
COORDS -2.0970147309e-01  4.2790289407e-02  1.1293498204e+00  1.4866063202e+00 -5.9453592115e-01  2.7059949880e+00 -1.0385888951e+00 -8.8361978106e-01  1.7394330359e+00  1.1124419591e+00  1.9455958653e-01  1.6180959778e+00  5.5163039287e-01 -1.5045674184e+00  3.2584561094e+00 -6.3344730610e-02 -3.0706180709e+00  5.0628628732e+00  2.2124761039e+00  1.0259977052e+00 -3.8313690646e-01  3.1751508171e+00  1.4899207674e+00  1.7838768023e+00 -6.9441931288e-01 -1.6530640468e+00  2.7896207235e+00  9.3639613788e-01 -2.3225863756e+00  4.3094077064e+00  1.9536432822e+00  1.1762366065e+00  1.0527578580e+00 -5.8106457759e-01  6.5879798009e-01  3.1735133106e-01  2.4856651219e+00 -5.4379751491e-01  3.1256973055e+00 -2.0605907265e+00 -1.0087763276e+00  1.3831833905e+00 -5.9900034937e-01 -3.7462057418e+00  4.3937955573e+00 -8.0525864235e-01 -2.4204977522e+00  5.5464846128e+00  4.5095152639e-01 -3.6621291264e+00  5.8250608273e+00  2.6491824712e+00  1.9509731080e+00 -7.7220761220e-01  1.2844480483e+00  8.3537240147e-01 -9.2284221625e-01  2.9080401801e+00  1.9555739210e-01 -5.8982585426e-01  3.6346111127e+00  2.3742178051e+00  1.3327076254e+00  3.9202576982e+00  6.7546492301e-01  1.7646921517e+00  2.9385397622e+00  1.7243708275e+00  2.8247464397e+00  1.7164339874e+00 -1.9726669520e+00  4.8495903656e+00
ENERGY -4.770136250953e+02
GRADIENT -9.5354882996e-04  1.9739054159e-03  2.0258864563e-03  1.0546507313e-05 -3.4820302244e-05 -3.4862461793e-05 -2.8838271054e-05 -8.7699274232e-06 -3.2250581774e-06  2.3945138498e-03 -3.7031459850e-03 -2.7182200532e-03  9.7614450729e-06  1.3533294081e-05  2.7941887986e-05 -2.8650718927e-06 -1.9366595217e-06  1.9961791501e-06  2.2281272662e-03 -1.5534870704e-03  5.9940106622e-04 -2.5386908178e-05  4.2072170548e-05 -4.1768459631e-05  4.0308919596e-06  1.4026893908e-05 -2.4980135742e-05 -5.2542978240e-06 -4.6853777196e-07 -7.7253990414e-06 -3.6698202769e-03  3.2617131961e-03  1.8365098529e-04  1.0847489257e-05  5.5341777630e-06  4.4377206286e-06 -1.8525589482e-05  2.1086803210e-05  1.3163169021e-05 -5.0886214070e-06 -1.4422731343e-06 -1.7887283870e-06  1.0511300496e-06 -1.9865942863e-06  1.9524455128e-07 -1.6841502179e-06 -1.9437455274e-07 -2.7182968087e-06 -1.3703342552e-06  1.7508326793e-06 -1.6171794776e-08  1.1312158554e-05  7.5519257084e-07  1.0018161577e-05 -1.6951124272e-06  1.5837780672e-05  1.8531884176e-06 -9.9617236906e-06 -8.6846849162e-06 -5.6391214411e-06  1.7771926142e-05 -1.3897308306e-05 -1.0386094466e-05  9.2054759933e-06 -4.6971704104e-06  7.8896337398e-06 -2.7553422929e-06  1.0984695841e-05 -5.8252104754e-06  2.2664253737e-06 -2.7852316473e-06 -8.5076377398e-07

JOB 8
COORDS -1.5620811318e-01 -5.0352366323e-02  1.0706053419e+00  1.4725889665e+00 -5.7941294738e-01  2.7535033243e+00 -9.8378965334e-01 -9.8478463311e-01  1.6704223278e+00  1.1322381955e+00  1.7349321950e-01  1.6246572275e+00  5.4142026133e-01 -1.5024089266e+00  3.2855914805e+00 -1.1288254007e-01 -3.0330844935e+00  5.1062873283e+00  2.1078354374e+00  1.2141098415e+00 -3.6585943616e-01  3.2476628089e+00  1.3850777542e+00  1.7723254135e+00 -6.7439054553e-01 -1.7097342521e+00  2.7610809220e+00  8.9984988836e-01 -2.2761410924e+00  4.3794705824e+00  1.9819698466e+00  1.1521002297e+00  1.0908532890e+00 -5.1706470469e-01  5.1191364285e-01  2.1754650094e-01  2.4476274664e+00 -4.9382288572e-01  3.2197025303e+00 -1.9779715598e+00 -1.1589064990e+00  1.2598171926e+00 -5.9411078564e-01 -3.7445187785e+00  4.4331186631e+00 -8.9730343043e-01 -2.3933846966e+00  5.5336137687e+00  3.8097729808e-01 -3.5856040678e+00  5.9102233351e+00  2.5815318274e+00  2.1595079681e+00 -6.4557084113e-01  1.1308778878e+00  1.1782793091e+00 -8.4590224058e-01  2.7175765982e+00  3.8625534652e-01 -7.6303822365e-01  3.7280958444e+00  2.2619408552e+00  1.3303956247e+00  3.9475844461e+00  5.3579180246e-01  1.6934035324e+00  3.0732587488e+00  1.5969949179e+00  2.8303002740e+00  1.6361288271e+00 -1.8800773285e+00  4.9484940337e+00
ENERGY -4.770148680423e+02
GRADIENT -5.2216295540e-04  8.3902050234e-04  8.0709560052e-04  1.7431752274e-05  3.5507933139e-06 -4.7533779794e-05 -8.5923392920e-06  2.8907123444e-05 -3.3867938334e-05  1.2059946736e-03 -1.7046072569e-03 -1.1574190093e-03 -2.7188370214e-05 -1.7842718398e-05  1.3740394176e-05  4.6446246813e-07 -1.2930187933e-06  6.5663921753e-07  8.8832161290e-04 -7.6808688767e-04  3.5922091431e-05 -5.8318246938e-05  7.0529744270e-06  3.3351461729e-05  3.2035700183e-05  1.6556496333e-06  1.2230518763e-05  2.5933158274e-06  5.6056353928e-06 -3.6360394057e-07 -1.5463953294e-03  1.6212182618e-03  3.0852351087e-04  1.1912818448e-05  2.1405647768e-05  7.8338279738e-06 -2.3827296950e-07  1.8356652214e-05  7.3553468187e-06  1.1040250585e-06 -3.3120533966e-06 -5.3241785034e-07  2.4167951486e-06  4.0399725499e-07 -2.0082215839e-06  5.5776386706e-07  2.3817051287e-07 -3.0026715325e-06  4.7947987325e-07  1.4147664629e-06 -1.4607327371e-06  4.1049670169e-06 -3.3758453650e-06  4.4651802833e-06  4.1330513663e-06 -7.2227462090e-06  2.4868084986e-06  1.9518269071e-06  1.9401750106e-07 -3.0987773284e-06  1.0236454718e-05 -5.9705616006e-06 -4.1174064842e-06  1.3105690863e-05  1.1005957544e-06  4.3988501285e-06 -1.3366094530e-06 -1.0033583603e-06  4.1753522101e-06  3.5011565279e-06 -1.9722308582e-06 -1.6479733119e-06

JOB 9
COORDS -9.7955144829e-02 -1.6006146367e-01  1.0133636413e+00  1.4538305732e+00 -5.6489828374e-01  2.8018059235e+00 -9.2128516585e-01 -1.1048272872e+00  1.6053902898e+00  1.1464568745e+00  1.4128696752e-01  1.6299453356e+00  5.3139644771e-01 -1.5030358796e+00  3.3159382574e+00 -1.6785006539e-01 -2.9873330196e+00  5.1583641185e+00  1.9607494890e+00  1.3576547490e+00 -3.3034782293e-01  3.2980375594e+00  1.2915631823e+00  1.7334416198e+00 -6.4827844934e-01 -1.7756107401e+00  2.7375203268e+00  8.5793420683e-01 -2.2257461380e+00  4.4548720977e+00  1.9913659769e+00  1.1218580605e+00  1.1119274667e+00 -4.2427214188e-01  3.2974295245e-01  1.0478515828e-01  2.3968186584e+00 -4.2674299629e-01  3.3178241595e+00 -1.8797042005e+00 -1.3387195577e+00  1.1424160207e+00 -5.9199343204e-01 -3.7383704985e+00  4.4899431128e+00 -9.9241185171e-01 -2.3581753863e+00  5.5211263451e+00  3.0057591744e-01 -3.4936588497e+00  6.0068004237e+00  2.6562589012e+00  2.1640413904e+00 -5.7192665920e-01  9.6895409677e-01  1.6804202540e+00 -6.5361819453e-01  2.2433175343e+00  4.6566355718e-01 -9.1020126254e-01  3.8010354165e+00  2.1460270887e+00  1.2759093594e+00  3.9472310775e+00  4.0737042429e-01  1.6244166531e+00  3.1855892779e+00  1.5089012193e+00  2.7991950595e+00  1.5466953105e+00 -1.7809268099e+00  5.0469835150e+00
ENERGY -4.770156358532e+02
GRADIENT -6.3266627148e-04  9.9557963639e-04  7.5172820965e-04 -4.1900073482e-06 -3.6248490813e-05  7.0744909569e-05  4.7197202515e-05 -4.0596572561e-05  4.2865976896e-05  1.2974331350e-03 -1.8587732806e-03 -1.2649610340e-03  6.7216985744e-05  2.7136800588e-05  3.4587962528e-06  7.3279505479e-06 -3.1382754656e-06 -4.4004910947e-06  8.9929840368e-04 -8.6724245922e-04 -1.9151681238e-04  3.0292629089e-05  9.4395543827e-06  1.5157248363e-05 -4.5225940488e-05 -8.9530261029e-07 -4.6007005897e-05 -1.2372596564e-05  1.5546386416e-06 -4.1135719913e-06 -1.6468012021e-03  1.8136797977e-03  6.4309547599e-04  1.8928517852e-05 -3.5224693176e-05 -2.2199018410e-05  7.6803626030e-06 -4.1892404720e-06 -1.5493217558e-05  5.9620994448e-07  9.7270146345e-06  6.8907313178e-07  1.6022635725e-06 -3.9521600339e-07 -1.2645539952e-06  2.1755142897e-06 -1.1668356142e-06 -8.2453766400e-07  3.2910545478e-06 -1.2100648460e-06 -2.3656712688e-06 -1.8399830702e-06  3.6984248030e-06  1.5229327193e-05  1.6006426714e-05 -1.7410814128e-06  7.8245867168e-06  7.8321992238e-07 -2.7733482809e-06  4.5815687329e-06 -5.6159701447e-06 -6.9246219702e-07 -6.7137191765e-06  2.0617426084e-06  9.2853308116e-07 -8.4817754039e-06 -8.1906677568e-06 -1.5104610345e-05 -6.0923900550e-06  2.6431271068e-06 -3.7583484485e-08 -8.7637084403e-07

JOB 10
COORDS -6.7001894025e-02 -2.2010805101e-01  8.9222148969e-01  1.4006284194e+00 -5.4339383753e-01  2.7692903941e+00 -9.0307103639e-01 -1.1613768772e+00  1.4736264974e+00  1.1379661131e+00  1.2561142713e-01  1.5627097464e+00  4.7026705311e-01 -1.4811741437e+00  3.2645574726e+00 -3.0249380835e-01 -2.9120167495e+00  5.1201044414e+00  1.8459730245e+00  1.5048902005e+00 -3.3365277671e-01  3.3193011613e+00  1.2281477431e+00  1.6530275230e+00 -6.7612282760e-01 -1.7918956807e+00  2.6375250618e+00  7.4967672136e-01 -2.1644431786e+00  4.4407221693e+00  2.0012069334e+00  1.0828624994e+00  1.0528432883e+00 -3.5000608701e-01  2.2706530507e-01 -5.1958048094e-02  2.3126110029e+00 -3.6791534702e-01  3.3283412878e+00 -1.8306046343e+00 -1.4305362388e+00  9.6854904353e-01 -6.8849803392e-01 -3.6886475194e+00  4.4579382233e+00 -1.1484396584e+00 -2.2793617589e+00  5.4228640607e+00  1.2929071014e-01 -3.3857900183e+00  6.0060320481e+00  2.5932319308e+00  2.2673190398e+00 -5.6001263063e-01  8.6203069298e-01  1.9548415400e+00 -4.9636601513e-01  1.9696648885e+00  6.7545637680e-01 -1.0463125192e+00  3.8536100405e+00  2.0386584195e+00  1.1545636862e+00  3.9256502023e+00  3.1230263851e-01  1.5747804537e+00  3.2349255397e+00  1.4944497129e+00  2.7116686598e+00  1.4015370534e+00 -1.6896138683e+00  5.0511091482e+00
ENERGY -4.770161418008e+02
GRADIENT -6.7292365807e-05  8.1633303045e-05  9.3423962893e-05 -1.6525224204e-05 -7.2390827989e-06 -1.4084855601e-05 -1.2193572044e-05  3.1313598971e-06 -1.1045377839e-05  1.7899393593e-04 -2.0919839376e-04 -1.4838997206e-04 -1.5148284454e-06 -3.7321600010e-06  7.8767675491e-06 -2.3317689862e-06 -9.9614681537e-07  3.8730440951e-06  6.4212786641e-05 -7.7609884529e-05 -4.2733306803e-05  2.5603226861e-05 -2.2021494835e-05 -4.3231385632e-06  1.4030792967e-05  1.8897037342e-06 -1.6848368027e-06  9.7950392291e-06 -1.6476211913e-05 -7.7725651112e-07 -1.6539883337e-04  2.2221005743e-04  9.0309800667e-05  5.3853082167e-07  5.6255534425e-07  6.8365683212e-06 -3.1983251940e-06  7.4223846536e-06  2.4651501884e-06  1.5446798106e-06 -3.5949567113e-06  6.4712323022e-07  3.6865842626e-06  1.9737786098e-07 -7.1297723109e-07  4.3434524067e-06 -1.1575962032e-06  1.6995798634e-06  3.8828144434e-06 -3.3834074702e-06 -1.4733456575e-06  6.7032806380e-06 -7.8323012734e-06 -1.1539686254e-06  5.2702421354e-06 -4.9914206044e-06 -1.4547808562e-07  6.1307124119e-06 -2.7293417916e-06 -2.9572984238e-06 -1.6458699611e-07  5.5407488953e-06  7.8652728178e-06 -8.7302479548e-06  5.3289934141e-07  6.6137630682e-06  8.6962300352e-06  8.2801639803e-06  3.6440948891e-06  3.4429140712e-06  2.3246374771e-06 -1.3901949339e-06

JOB 11
COORDS  1.6380351237e-02 -3.0674980433e-01  8.5398212249e-01  1.4785442398e+00 -6.2218335032e-01  2.7413372487e+00 -8.3744166346e-01 -1.2196234689e+00  1.4542030186e+00  1.2326780327e+00  1.9546814111e-02  1.5151734590e+00  5.3148983687e-01 -1.5343590252e+00  3.2507333320e+00 -2.7634705107e-01 -2.9025260817e+00  5.1387637040e+00  1.8344595670e+00  1.5595338907e+00 -2.9872505738e-01  3.3644384195e+00  1.2175633776e+00  1.6721387081e+00 -6.2082626532e-01 -1.8347898317e+00  2.6284276836e+00  7.9458225824e-01 -2.1996233259e+00  4.4412366034e+00  2.1254144751e+00  9.1959099510e-01  9.7456881291e-01 -2.5845229051e-01  1.3498815252e-01 -9.5480406255e-02  2.3893571410e+00 -4.4226256706e-01  3.3015414520e+00 -1.7732685974e+00 -1.4758792251e+00  9.5765416224e-01 -6.8412125858e-01 -3.6837155474e+00  4.4953102958e+00 -1.1045803680e+00 -2.2405126052e+00  5.4276615741e+00  1.4388946001e-01 -3.3670331543e+00  6.0351422071e+00  2.6501396730e+00  2.2363418437e+00 -5.5606212324e-01  9.0944318473e-01  2.1493805416e+00 -2.5558617263e-01  1.7357607856e+00  8.2705397186e-01 -1.1108542376e+00  3.9387216521e+00  1.9451788262e+00  1.0974214710e+00  3.9861287674e+00  3.2054069671e-01  1.7984480614e+00  3.1773919663e+00  1.6453788675e+00  2.6666191550e+00  1.4598708694e+00 -1.7287661981e+00  5.0401329801e+00
ENERGY -4.770159241469e+02
GRADIENT -1.0650231489e-05  2.2574000471e-06 -1.0971909696e-04  8.8579787153e-05  9.7667835125e-05 -5.6261060805e-05  5.6792990175e-05  4.0524737022e-05 -1.2737527451e-05 -9.7067743463e-05  2.3655090493e-05  1.2546732223e-04 -7.3911158068e-05 -2.4052443534e-05 -2.1548480608e-05 -7.9087370069e-06 -1.8862167990e-06  6.0450611532e-06 -7.4657043988e-05 -9.8410262845e-06 -5.1992585089e-06  9.4917399101e-06  1.8305608081e-05  6.2333962255e-05  3.5074781181e-05 -2.8242990679e-05  5.0232661194e-05  7.8443143940e-06 -1.7024422009e-06  4.0399186673e-07  7.9480081513e-05 -1.4320520175e-04 -4.3573264470e-05  3.3884139768e-06  4.7394763233e-07 -1.5949457473e-05  2.1406046335e-05  5.2531933996e-06  2.4898871848e-05  8.6639814911e-06 -1.0234396939e-07  5.8409647237e-06  8.4016070578e-06 -1.2380211204e-06  1.9724381167e-06  5.6663495486e-06  1.6419962540e-06  2.8381421014e-06  3.1652691814e-06  1.0021456935e-06  1.9898152742e-06 -1.1963756819e-05  2.7948525143e-06  9.2922809929e-06  3.6592108056e-07  2.2812087813e-05  4.5998592737e-06 -5.6893013467e-06  1.3456831096e-05  1.4092887468e-05  1.2967608757e-05 -1.0973482015e-05  5.8194664884e-06  1.3145776611e-05 -3.1001028693e-06 -3.3166176473e-06 -8.8628436793e-06 -1.7626505523e-05  1.4853592799e-06  1.5334684864e-05 -8.9985765683e-06 -6.6548703391e-06

JOB 12
COORDS  2.1440833846e-02 -3.8136397830e-01  7.6924319969e-01  1.4694212178e+00 -6.8889183686e-01  2.6644443910e+00 -8.5890250019e-01 -1.2552773620e+00  1.3892312751e+00  1.2499759292e+00 -8.0004672515e-02  1.4179822870e+00  4.9898036118e-01 -1.5654881638e+00  3.1937124941e+00 -3.4810786561e-01 -2.8607110126e+00  5.1158388621e+00  1.7846899251e+00  1.5991216538e+00 -2.8375263447e-01  3.3196102166e+00  1.2048027664e+00  1.6370801868e+00 -6.5961598190e-01 -1.8502274806e+00  2.5766086133e+00  7.4153173481e-01 -2.2047756049e+00  4.4018990669e+00  2.1870016872e+00  7.6056555945e-01  8.3839633581e-01 -2.4630419108e-01  4.9529728926e-02 -1.8690194025e-01  2.3770247187e+00 -5.1154827259e-01  3.2300961752e+00 -1.8035261974e+00 -1.4920573778e+00  8.9984873476e-01 -7.7468529300e-01 -3.6487715083e+00  4.4932299423e+00 -1.1594584253e+00 -2.1698813137e+00  5.3842759605e+00  5.8561647877e-02 -3.3108435423e+00  6.0256400139e+00  2.6438270624e+00  2.1825456464e+00 -6.1890131519e-01  9.7281466524e-01  2.2951105586e+00 -2.3819061119e-02  1.4561649741e+00  9.8769269356e-01 -1.1296401534e+00  3.9685311450e+00  1.8316364765e+00  1.0232496149e+00  3.9144109855e+00  3.4968406693e-01  1.9743816706e+00  3.0142999430e+00  1.7837959176e+00  2.5227364103e+00  1.4224651571e+00 -1.7405527056e+00  4.9881875370e+00
ENERGY -4.770160793070e+02
GRADIENT  5.3614478836e-05 -1.1221755199e-04 -5.9880523580e-05 -2.1808027317e-06 -2.6002019751e-05 -4.8811888689e-06  5.0172646240e-06 -9.7745461125e-06 -5.5318083529e-06 -1.1725677973e-04  2.7766060736e-04  1.7513959307e-04  8.5055531093e-06  6.2089871236e-06  1.0622569154e-05  9.0455401722e-06 -2.6437358938e-06 -2.2674805856e-06 -3.1069262306e-05  1.0236312846e-04  5.8059751554e-05 -6.1498963254e-06  4.7336081713e-05  5.6118849183e-05 -2.9803049595e-06  8.5272021410e-06 -3.0441667079e-06  1.6264152078e-05  3.9354022827e-06  1.1318838190e-05  9.4240184079e-05 -2.5297164587e-04 -2.1688968358e-04  8.2413965904e-06 -1.2767034103e-05 -2.0970382310e-06  6.6072187610e-06  5.0512196556e-06 -2.0635787732e-07  9.5648168602e-07  1.2644511059e-06  4.0006240068e-06  3.5413512117e-06 -2.5578195429e-06  3.0232769304e-06  3.2182333488e-06 -3.5771235986e-06  8.9057041948e-07  5.6683912818e-06 -2.7867617890e-07  3.1245189880e-06 -4.1111720282e-06 -2.7319735140e-06  1.2650455187e-05 -1.3461160138e-05  7.0535880136e-06  6.6879868135e-06 -7.5904340757e-07  7.6020235269e-06  1.2380167387e-05  9.0619489593e-06 -1.1010955363e-05 -2.9402693153e-07  1.6301043404e-05 -8.0233251363e-06 -5.0048944380e-06  2.5770406523e-06 -2.4879259309e-05 -4.5429375217e-06 -5.0189265298e-06  2.1840059548e-06  9.5383045892e-06

JOB 13
COORDS  1.4620809136e-01 -6.1695471643e-01  6.1143288673e-01  1.5394999744e+00 -8.5702999679e-01  2.5535478310e+00 -7.2827126829e-01 -1.5082904114e+00  1.2130093914e+00  1.3410074545e+00 -2.6736495413e-01  1.2967421159e+00  5.7821316025e-01 -1.7573519322e+00  3.0639801487e+00 -2.8958308549e-01 -3.0522277255e+00  4.9768487873e+00  1.8052461602e+00  1.5990855163e+00 -2.1535484031e-01  3.4290616312e+00  9.7807502329e-01  1.5265738737e+00 -5.5030034881e-01 -2.0827141564e+00  2.4147675644e+00  8.0119504454e-01 -2.3724386591e+00  4.2875101346e+00  2.2834077986e+00  5.8179752478e-01  7.1887144432e-01 -9.7675633538e-02 -2.1402789724e-01 -3.6329242499e-01  2.4192907630e+00 -6.4272912889e-01  3.1491096729e+00 -1.6463610359e+00 -1.7833395871e+00  6.9427415434e-01 -6.7208958339e-01 -3.8616036613e+00  4.3529126281e+00 -1.1294450987e+00 -2.3829110402e+00  5.2094646670e+00  1.0172317082e-01 -3.4768201042e+00  5.9053896948e+00  2.6605241896e+00  2.1641478343e+00 -5.9150414970e-01  1.0984680879e+00  2.3023793021e+00  2.5114821384e-01  1.3177793306e+00  1.1405537781e+00 -1.0782761858e+00  4.1119172624e+00  1.5668371259e+00  9.1056311377e-01  3.9750199557e+00  9.4996833728e-02  1.8696002854e+00  3.1501650318e+00  1.5798148850e+00  2.4072821335e+00  1.4535377214e+00 -1.8845033120e+00  4.8868328691e+00
ENERGY -4.770155654393e+02
GRADIENT  6.5944563637e-04 -1.0882610411e-03 -6.3396532135e-04 -2.6791010943e-06 -5.6894419658e-05  7.6244376296e-05  1.9807153298e-05  7.1461855340e-07  8.7885571836e-05 -1.0955746941e-03  1.9919988250e-03  1.2776690440e-03  8.1502140656e-05  4.2606545660e-05  1.6251344151e-05  6.6193095448e-06  4.1617325829e-06 -1.0962664214e-07 -1.6775943362e-04  8.3391190048e-04  9.4110653851e-04  3.7905840462e-05 -1.2864598094e-06  1.1033246791e-05 -5.1494647717e-05  1.0183184138e-05 -5.8970017401e-05 -6.0445794636e-06 -5.0134178197e-06  3.5711330800e-06  5.8269326382e-04 -1.7513658327e-03 -1.7350613232e-03 -2.6768382964e-05  3.7233788577e-05  2.8272186416e-05 -2.4284067281e-06  1.8083880396e-05 -2.6274041342e-06  1.0686049896e-05 -2.9815170995e-06 -7.0425055313e-06  2.9951539525e-06  4.0572641286e-06  3.7342240139e-06  3.1154817771e-06  1.3217356339e-06  4.8719284264e-06  5.7775741898e-06  2.4845667138e-06  2.9263430925e-06  7.6595111264e-06 -1.3549157244e-05  9.1021898821e-06 -2.6442785261e-06 -4.8037840031e-06  6.0311355693e-06  1.4503626475e-05  6.3656030083e-06  1.5991452436e-05 -7.7370439098e-06  2.1213633572e-06 -6.6772820995e-06 -2.1796216744e-05  1.8616961410e-06  7.0783719114e-06 -1.5253549995e-06  1.1326939535e-05 -4.3964497324e-06  5.1095105683e-06  4.7962278579e-06  4.2505206292e-06

JOB 14
COORDS  2.2248616715e-01 -7.1422721234e-01  5.6374861496e-01  1.5435925235e+00 -7.9849810454e-01  2.5668552038e+00 -6.3560319437e-01 -1.6167996423e+00  1.1694732376e+00  1.3652257902e+00 -2.7303106394e-01  1.2825944789e+00  6.0296380043e-01 -1.7215122345e+00  3.0818879852e+00 -2.7788293969e-01 -2.9743301617e+00  5.0162557307e+00  1.7713395885e+00  1.7377154967e+00 -5.5920245006e-02  3.4882195980e+00  9.2196015228e-01  1.4565216711e+00 -4.8178642676e-01 -2.1250457975e+00  2.4058368135e+00  8.0510384220e-01 -2.2703220346e+00  4.3391744788e+00  2.2945513931e+00  5.9284309980e-01  6.9024576268e-01  2.4153506275e-02 -3.8829894872e-01 -4.5038117942e-01  2.3879240450e+00 -5.1368760820e-01  3.1843972167e+00 -1.5127787479e+00 -1.9666328895e+00  6.2587103666e-01 -5.9251525878e-01 -3.8303067735e+00  4.4169668740e+00 -1.1591813112e+00 -2.3395470647e+00  5.1824456302e+00  9.4629029255e-02 -3.3348050737e+00  5.9789162407e+00  2.5707969851e+00  2.1624159650e+00 -6.6989906578e-01  1.3878020474e+00  2.5257724998e+00  6.1263948966e-01  9.6551225019e-01  1.4358618020e+00 -7.2345857281e-01  4.1730840169e+00  1.4833787427e+00  8.1562348407e-01  3.9985970242e+00  8.3922074595e-03  1.7717793504e+00  3.2768352098e+00  1.5344674641e+00  2.3497508938e+00  1.4129064530e+00 -1.7292103364e+00  4.9395549694e+00
ENERGY -4.770148042823e+02
GRADIENT  5.8131099939e-04 -9.8616778967e-04 -4.2578422064e-04  4.3422557061e-05  7.8118676631e-05 -1.4497301700e-05  1.1671759280e-05  1.4908345376e-05 -4.5428478979e-05 -9.8704827573e-04  1.7613091251e-03  1.1865749009e-03 -4.0618862542e-05 -2.7537193416e-05 -2.9082640598e-05  1.5870738169e-06  2.2499635565e-06  1.3359833871e-06 -9.6423691167e-06  6.5280740443e-04  9.4293707567e-04 -3.7733391698e-05 -2.6363651627e-05  2.1536979491e-05  2.5193330074e-05  3.7336981645e-06  4.3152550049e-05  4.7099551427e-06  2.1683837319e-05 -6.6085442354e-06  3.7651687001e-04 -1.4418958170e-03 -1.6917980969e-03  2.1149944746e-05 -1.7813161880e-05 -1.6181617675e-06  2.9509669638e-05 -6.5121323497e-06 -1.9626083489e-07 -1.2552914568e-06  3.4990415024e-06  7.3714857738e-06  2.6972281035e-06  3.2175417523e-06  1.6828317948e-06  3.6956231577e-06  4.5408738853e-06  6.8845354752e-07  3.1203427550e-06  4.9159486977e-06  6.2538264649e-07  1.1538194376e-06 -1.2080873091e-06  1.3934254167e-07  5.8889646930e-06  4.3167791577e-06  1.1553359691e-06  9.0925145333e-06  1.5015139222e-05  1.6275892515e-05  4.1031625455e-06  5.1210230969e-06  2.3943058647e-06  4.9506168573e-06 -3.4555903539e-06 -1.9752886883e-06  1.8754756862e-06 -2.6941164966e-06  5.1032495833e-06  6.7211792598e-06 -8.1963771719e-07 -1.3552262096e-06

JOB 15
COORDS  2.7697973509e-01 -8.0925363236e-01  5.0901709200e-01  1.5162745388e+00 -7.6294774497e-01  2.5659075960e+00 -5.7315461972e-01 -1.7204183251e+00  1.1127423570e+00  1.3614984315e+00 -2.9219883915e-01  1.2616948714e+00  5.8997310834e-01 -1.7039329534e+00  3.0795677769e+00 -3.1638836651e-01 -2.9302186655e+00  5.0189972115e+00  1.6938087232e+00  1.8312250784e+00  1.2637742142e-01  3.5211165107e+00  8.4243149564e-01  1.3606664964e+00 -4.4876622647e-01 -2.1724003232e+00  2.3750931591e+00  7.6173759654e-01 -2.1997970071e+00  4.3624904249e+00  2.2752515300e+00  5.8987743843e-01  6.4741579029e-01  1.2767574661e-01 -5.2431628700e-01 -5.2693566023e-01  2.3305075256e+00 -4.2455780750e-01  3.1977821933e+00 -1.4095972076e+00 -2.1321203807e+00  5.4887004159e-01 -5.6473284714e-01 -3.8209173690e+00  4.4393746624e+00 -1.2321686681e+00 -2.3322962285e+00  5.1234146023e+00  2.9413388069e-02 -3.2381337229e+00  6.0093902529e+00  2.4108419124e+00  2.3150669345e+00 -5.4404340230e-01  1.4394343500e+00  2.5364922288e+00  9.3529958789e-01  7.8637519923e-01  1.6219622825e+00 -4.4077390749e-01  4.1961111964e+00  1.3938096034e+00  6.9961404240e-01  4.0009034898e+00 -1.0373432918e-01  1.6228404941e+00  3.3877053850e+00  1.4389529947e+00  2.2802095111e+00  1.3221374154e+00 -1.6144827096e+00  4.9674390677e+00
ENERGY -4.770135835644e+02
GRADIENT  1.6713903294e-03 -2.3033903688e-03 -7.9290565321e-04 -4.6510113559e-05  3.4061253336e-05  4.1393770605e-07 -3.3822134439e-05 -1.5461454604e-05 -2.8499547260e-05 -2.3265713290e-03  3.9365024391e-03  2.3359159617e-03  3.7687370138e-05 -1.9970602218e-05  4.4146351577e-05  4.1690375455e-07  1.7716421847e-06  5.6824117150e-06  4.7431296170e-04  1.1989397836e-03  2.4245714203e-03 -7.3595442862e-06  2.0763567190e-06 -6.4306879983e-05  1.0471266556e-05  3.5763899500e-05 -3.3836118432e-05 -7.5827366913e-07  7.8348848209e-06  5.8981182858e-06  2.0894358793e-04 -2.8907368369e-03 -3.9149738580e-03  1.3227786548e-05  1.5166509903e-06  3.8781820253e-06  8.1171580235e-06 -2.6101288971e-05 -1.8093425209e-05 -5.2600941334e-06 -2.7091993488e-07 -4.7896218424e-06  1.0538951529e-06  1.2876772065e-06  2.2687362574e-06  1.6600171409e-06  1.4287490526e-06 -2.0751531652e-06  9.5370561970e-07  4.1174030106e-06  8.7700573148e-07  1.0977244424e-05  1.7265999156e-06  7.2146584349e-06 -1.4530170665e-05  4.6870897154e-07 -2.3839963053e-06  1.3707303918e-05 -6.8681178782e-08 -8.9850580204e-06 -4.8073377497e-06  2.3863840834e-05  1.2486255214e-05  1.2790673197e-06  2.7566243253e-06 -1.1709807056e-05  5.3693704460e-06  4.3026934207e-06  1.1754189755e-05  3.6569147994e-06 -2.3959118618e-06  3.5219575172e-06

JOB 16
COORDS  3.4121056730e-01 -9.1174816333e-01  4.4731011658e-01  1.4893847482e+00 -7.1314098659e-01  2.5479365440e+00 -4.9526742780e-01 -1.8324888272e+00  1.0584491407e+00  1.3613638723e+00 -3.1128644405e-01  1.2208489741e+00  5.8457438109e-01 -1.6713822866e+00  3.0699841910e+00 -3.4288079279e-01 -2.8600102605e+00  5.0229321240e+00  1.6501726237e+00  1.9040536134e+00  3.0978827517e-01  3.5591113875e+00  7.4845368219e-01  1.2224342508e+00 -4.0094027815e-01 -2.2175821487e+00  2.3450661427e+00  7.2474565299e-01 -2.1031110404e+00  4.3793134168e+00  2.2542300901e+00  5.9416162897e-01  5.8489863959e-01  2.3246219079e-01 -6.6887048328e-01 -6.0483561590e-01  2.2689575729e+00 -3.1179017822e-01  3.1879003897e+00 -1.2874423964e+00 -2.3110863170e+00  4.8369598843e-01 -5.2244769951e-01 -3.7851471205e+00  4.4725694911e+00 -1.2904252295e+00 -2.3055610053e+00  5.0646411249e+00 -2.4507949029e-02 -3.1091394207e+00  6.0386643246e+00  2.3067161087e+00  2.4758058400e+00 -3.5391329714e-01  1.4894457623e+00  2.4874405054e+00  1.2326454936e+00  6.8627071735e-01  1.7767424962e+00 -1.8725759482e-01  4.2167440405e+00  1.2967768035e+00  5.4065110256e-01  4.0002126122e+00 -2.3384698879e-01  1.4082490604e+00  3.5247792146e+00  1.3070376090e+00  2.1745476599e+00  1.2307538922e+00 -1.4662500981e+00  4.9801095337e+00
ENERGY -4.770112494311e+02
GRADIENT  2.7364927230e-03 -3.3846503869e-03 -9.6280219550e-04  4.2439218859e-06 -2.6690422886e-05  9.3250268335e-06 -1.0849823811e-05 -1.2924096960e-05 -1.3633061015e-06 -3.5114487802e-03  5.6020822271e-03  2.9182747199e-03  1.1504865442e-05  1.0921960450e-05 -6.8246792358e-06 -2.5461161698e-06  5.8932489235e-08 -9.1615484934e-07  1.2078353222e-03  1.2993173963e-03  3.6733909564e-03 -2.5626613380e-05 -6.4626146691e-05  3.4841237703e-05 -4.5975137769e-06 -1.7767870147e-06 -8.7291551669e-06  6.2464034530e-06 -9.2733362526e-06  6.5526186895e-07 -3.9972531692e-04 -3.4414871229e-03 -5.6634547592e-03 -3.1110682618e-06 -3.4851064320e-06 -7.0671810312e-07  2.9134064566e-06  7.5530648944e-06 -3.2512356483e-06 -1.4421097407e-06  1.5211838803e-06 -2.4976909705e-06 -2.5642710655e-06  3.1254692486e-06 -2.0903598949e-06  4.0509990818e-07  2.4929846945e-06  3.0119128264e-06  1.3027436668e-06 -2.4640125000e-06 -1.7273901279e-06 -4.3797736364e-06  1.8690944329e-06 -9.4123560442e-06  1.1348355508e-05  6.8982988411e-06  5.6672839867e-07 -6.5798983311e-06 -8.0910864953e-07  9.4787820294e-06  7.5466412735e-06 -1.1861701487e-05 -8.3956073224e-06 -5.8480158172e-06 -1.8729018715e-06  9.5716799354e-06  2.7943849868e-06  7.3805339707e-06 -3.6538364912e-06 -4.2903718762e-06  5.7754600560e-06 -1.9548755134e-06

JOB 17
COORDS  7.4939671264e-01 -1.1154438267e+00  7.2490271272e-01  1.3568973750e+00 -6.7137453826e-01  3.0067085603e+00 -1.5744016424e-01 -2.0488690220e+00  1.2181501555e+00  1.5393173607e+00 -4.0666803708e-01  1.6540686682e+00  3.9860228420e-01 -1.6327408772e+00  3.4022296638e+00 -9.1042347454e-01 -2.7223500287e+00  5.1891963729e+00  1.8491514573e+00  1.9463101961e+00  1.2562070466e+00  3.1891450722e+00  3.5239318858e-01  3.3373113724e-02 -3.5301662788e-01 -2.3119255388e+00  2.5191280793e+00  2.3687917300e-01 -1.9415342414e+00  4.7419274951e+00  2.4703468659e+00  6.1658874290e-01  1.2805240633e+00  8.3562986724e-01 -9.5201992476e-01 -3.4368302512e-01  1.9673537344e+00 -1.5194515852e-01  3.7410991785e+00 -7.8180545950e-01 -2.6150712720e+00  5.2742738738e-01 -9.0638054110e-01 -3.6977469296e+00  4.6996296631e+00 -1.8693081532e+00 -2.2367428170e+00  4.9615288962e+00 -8.2748756891e-01 -2.8689725080e+00  6.2692798358e+00  2.6265351879e+00  2.7053814232e+00  1.1193540426e+00  1.3441880728e+00  2.1377550838e+00  2.2060249177e+00  1.1098605807e+00  2.0520366385e+00  4.4276921170e-01  2.5663204440e+00  4.5748460805e-01 -8.7204950587e-01  3.6047821831e+00 -6.5804740073e-01  5.4233218147e-02  4.0181471668e+00  1.0627943877e+00 -5.0638878626e-02  5.5924524461e-01 -1.2274412918e+00  5.3811144455e+00
ENERGY -4.770086542381e+02
GRADIENT -2.1331142989e-03  2.1482795192e-03  1.9034391216e-04  3.6886354528e-05 -1.2619718048e-06  2.7314594438e-05  2.7152383510e-05  5.1815717296e-05  1.2219824854e-04  2.8732702635e-03 -3.5380919418e-03 -1.3440726643e-03 -2.8527103225e-05  9.1786627115e-06 -1.2864561803e-04 -3.6537602089e-05  7.2429104060e-06 -2.5493222531e-06 -6.9946691558e-04 -3.3199500685e-04 -2.5081655382e-03 -5.7332013767e-05 -3.9065529346e-05 -4.5291292053e-05 -1.8206573310e-05 -3.6958187649e-05  2.9065509548e-05  6.5230199658e-05 -7.5980119768e-05  2.1557018419e-05 -6.8219973128e-05  1.7087602995e-03  3.6395652492e-03 -2.0834479841e-06 -1.1129882504e-05 -8.7451573365e-06  5.8184776382e-06  3.0077326242e-05 -1.0108022510e-05  8.4720821650e-06 -6.7485544902e-06  1.4502208886e-05 -1.0181948444e-06  8.1682724707e-06 -1.0016702096e-05 -4.3825147006e-06  4.7366356941e-06  9.5059298147e-06  5.4415722400e-06 -8.4337819219e-06 -5.6740090011e-06  6.5553080781e-06  5.9730128947e-06  1.7304521172e-05 -2.1304277203e-05 -7.6987616110e-06 -1.5141574119e-05  2.3508834128e-05  1.5265520467e-06 -1.7140549391e-05  1.7064802440e-05  3.2252701751e-06  8.4947990249e-06  1.7102600536e-05  5.2624759220e-06 -2.0491853521e-06 -1.0136266401e-05  1.1816495176e-05 -1.3631636696e-05 -3.2700356907e-05  4.1646036476e-05 -1.9608531898e-05

JOB 18
COORDS  8.4534878494e-01 -1.2415444092e+00  7.1708874755e-01  1.3295256841e+00 -6.4620613929e-01  2.9949124747e+00 -4.5841084772e-02 -2.1827584602e+00  1.2249369669e+00  1.5656712591e+00 -4.4727695835e-01  1.6350194816e+00  3.9243024943e-01 -1.6201389185e+00  3.4006022011e+00 -9.5407011521e-01 -2.6639175318e+00  5.1873653835e+00  1.9511358723e+00  1.9294603378e+00  1.4206841801e+00  3.0617146626e+00  4.0933774563e-01 -8.8437102719e-02 -2.9296634689e-01 -2.3803730914e+00  2.5274932934e+00  1.8140636831e-01 -1.8617091186e+00  4.7480759974e+00  2.4771998457e+00  5.7149277639e-01  1.2407116116e+00  9.6865073018e-01 -1.1366619511e+00 -3.5454127677e-01  1.8884072518e+00 -7.4083711062e-02  3.7313703652e+00 -6.1505413490e-01 -2.8102282465e+00  5.3936734032e-01 -8.8767984926e-01 -3.6647489441e+00  4.7571818106e+00 -1.9198292741e+00 -2.2338384132e+00  4.8881494721e+00 -9.1731567688e-01 -2.7449556552e+00  6.2769585169e+00  2.7593552705e+00  2.6533063053e+00  1.2743238022e+00  1.5608964791e+00  2.0518495850e+00  2.4327695521e+00  1.1415349463e+00  2.1591618810e+00  7.0645280845e-01  2.3558359583e+00  6.1848602237e-01 -9.1113721790e-01  3.4425578090e+00 -6.0803254349e-01 -2.0505137782e-01  3.9030253349e+00  1.1025619810e+00 -1.8776210159e-01  4.4258165550e-01 -1.0995137734e+00  5.3588980657e+00
ENERGY -4.770106068138e+02
GRADIENT -2.5139269543e-03  2.3083457287e-03 -2.3669992144e-04  3.0478062576e-04  2.6778428713e-04  3.7837110112e-04  2.2609918565e-05 -3.9208128631e-06 -5.7453338137e-05  3.1173670302e-03 -3.8887871211e-03 -1.0133390144e-03  2.0084582117e-05  2.8628906078e-05 -2.4533634416e-04  2.0041962554e-05 -5.9428131388e-06 -2.3321556682e-05 -1.1164290474e-03 -6.9515320394e-05 -2.9194033509e-03  8.3276143622e-06  7.1642517319e-05  2.9121362905e-07 -2.5284827829e-05 -3.7353637710e-05  6.6939951589e-05  2.1620705606e-06  7.8526479778e-05 -8.3588295842e-05  1.0746708063e-04  1.2547980376e-03  4.0263668113e-03 -9.7964350490e-06 -1.7849486396e-05 -5.6369881536e-05  2.7438993462e-05  3.6334552787e-05  5.9652117165e-05  6.7228297407e-06  2.3399757325e-05 -2.4196263925e-05 -9.9124796442e-07 -4.7982663533e-06 -5.5390381010e-06  4.4764000232e-07  1.2971560519e-06 -5.1355250995e-06  8.8341817259e-07  9.0429404267e-07 -7.6423909116e-06 -7.4928374017e-07  7.6680439076e-06 -2.9184067816e-05  4.5530331062e-05 -5.8993968058e-05  6.2411740033e-06 -1.3120684393e-05  1.0308014592e-05  2.5404210732e-05  9.0563143258e-06  1.0241404767e-05 -6.8913551616e-06 -6.2943206574e-05  6.9374577734e-06  5.0444821236e-05  2.2709089709e-05 -7.6511591021e-06  1.9515016640e-05  2.1989869427e-05 -1.4275581637e-05 -1.9997890301e-06

JOB 19
COORDS  9.1607514840e-01 -1.3426696523e+00  7.1001082526e-01  1.2786415108e+00 -6.1242536877e-01  2.9689120243e+00  5.0531926663e-02 -2.2990591874e+00  1.2327607907e+00  1.5631768668e+00 -4.6346284233e-01  1.6077578171e+00  3.7547939776e-01 -1.6099485888e+00  3.3876858372e+00 -9.9201495309e-01 -2.6252627606e+00  5.1745724607e+00  2.0702343423e+00  1.9161611779e+00  1.5353792361e+00  2.9282783640e+00  4.6036092847e-01 -1.9241272074e-01 -2.4093996617e-01 -2.4462667195e+00  2.5321337788e+00  1.2513003481e-01 -1.7953922495e+00  4.7387921796e+00  2.4559033766e+00  5.4623391991e-01  1.1850103453e+00  1.0687034744e+00 -1.2871815121e+00 -3.6082530657e-01  1.7797579108e+00  9.0387559181e-03  3.7062409771e+00 -4.6019468222e-01 -2.9849184908e+00  5.5702396065e-01 -8.6547181460e-01 -3.6417610878e+00  4.7981706757e+00 -1.9629834415e+00 -2.2543992151e+00  4.8181802763e+00 -9.9504846024e-01 -2.6515997041e+00  6.2675665300e+00  2.9234210536e+00  2.5840405444e+00  1.3809086332e+00  1.7776627985e+00  1.9781981640e+00  2.5838736049e+00  1.2282056245e+00  2.2759633789e+00  9.2003373633e-01  2.1528510907e+00  7.0547541853e-01 -9.3871078983e-01  3.3066171220e+00 -5.4384673896e-01 -3.9730179468e-01  3.7540000428e+00  1.1661356230e+00 -3.2316619252e-01  3.1754991531e-01 -9.8724900510e-01  5.3152754708e+00
ENERGY -4.770125003766e+02
GRADIENT -2.2036259421e-03  1.7520416027e-03 -2.1039700065e-04  1.2833115338e-05 -1.4730573311e-05  1.6442075846e-05  2.5748081681e-05  2.6908364692e-05 -2.6527032927e-05  2.7740659605e-03 -2.6395325818e-03 -6.1856839902e-04 -1.5414426603e-05 -4.5511748356e-05 -4.0257274537e-05  9.6531544676e-07  1.0592817149e-07  2.8912947457e-07 -1.1895134455e-03  2.0062354843e-04 -2.2080867724e-03  7.9748819223e-05  5.4471008694e-05  4.8321839012e-06 -5.5375725862e-07  1.5475188085e-06  5.2622303427e-05 -1.6504132557e-05  1.1443542390e-05 -4.2353416284e-05  5.3184132608e-04  6.4908318593e-04  3.0184080963e-03  1.7573967073e-05 -3.4364907269e-07  9.2676987013e-07  4.0273766384e-07  1.0933982272e-05 -4.8665509266e-06 -1.0541438779e-06 -1.3101544582e-06  5.3361165822e-06  3.6506933222e-06 -2.5892532771e-06 -1.4331501883e-06  5.2317232993e-07 -2.8179650335e-06 -5.8306948187e-06 -3.4882607581e-06  1.9399141380e-06 -4.8193944404e-06 -6.6034500332e-06 -5.4203368066e-06 -1.9094973264e-05  1.7333248976e-05  8.0179423919e-06  5.6137387095e-06 -1.5212084187e-05 -5.3160409161e-06  1.9045330140e-05  2.8928554498e-06 -1.9484658879e-05 -5.9785760256e-06  8.8395655553e-06 -2.4194171027e-06  5.7870813246e-06 -1.9284522064e-05  1.2588406936e-05 -3.8241014179e-06  1.5564397238e-05 -8.4587635938e-06  9.6566023019e-07

JOB 20
COORDS  9.9540773967e-01 -1.4279895744e+00  6.8425913565e-01  1.2243745206e+00 -5.7809736574e-01  2.9176271422e+00  1.5995224683e-01 -2.4038678729e+00  1.2165715200e+00  1.5622088487e+00 -4.7113084461e-01  1.5613870526e+00  3.6250175518e-01 -1.6072195965e+00  3.3451155531e+00 -1.0217888589e+00 -2.6117404097e+00  5.1248835501e+00  2.2064314897e+00  1.8906053949e+00  1.6112188199e+00  2.8021549951e+00  5.1505204876e-01 -2.9842601417e-01 -1.7623558934e-01 -2.5134430408e+00  2.5089722254e+00  6.9717032419e-02 -1.7456030545e+00  4.6943363426e+00  2.4320317894e+00  5.3427726614e-01  1.1112647889e+00  1.1801564164e+00 -1.4140389764e+00 -3.8219003418e-01  1.6511063301e+00  9.4111769321e-02  3.6555264579e+00 -2.8657060254e-01 -3.1427281793e+00  5.5123510823e-01 -8.3012486537e-01 -3.6357294278e+00  4.8000051154e+00 -1.9951217418e+00 -2.3071311211e+00  4.7159060311e+00 -1.0668798829e+00 -2.5907619919e+00  6.2171492654e+00  3.0725338134e+00  2.5124415786e+00  1.3672060976e+00  2.0910237117e+00  1.8967125579e+00  2.6945173241e+00  1.3088184272e+00  2.3502380700e+00  1.1656165586e+00  1.9670516008e+00  7.7057910703e-01 -9.7242073530e-01  3.1863542191e+00 -4.6940753737e-01 -5.7510447821e-01  3.6023362424e+00  1.2424377923e+00 -4.5986385134e-01  1.9118213021e-01 -9.0072410464e-01  5.2365811411e+00
ENERGY -4.770137970719e+02
GRADIENT -1.3789843619e-03  1.1279547591e-03 -2.3630596996e-04 -5.1727402088e-06 -2.3876322521e-05  8.0614630557e-05 -3.9907630780e-05 -5.7180481565e-05 -3.6847354004e-05  1.6317238173e-03 -1.5684597822e-03 -2.1736971751e-04  2.3164362013e-05  5.8254879717e-05  2.8314724365e-05  6.6172504428e-06 -3.8201289029e-06  8.7230331909e-07 -1.0154493333e-03  3.1649957159e-04 -1.1911214632e-03 -1.7115222056e-05 -7.8281195273e-05  3.3992042348e-05  2.9397173492e-05  4.3869113265e-06 -4.9502982097e-05 -1.5052432177e-05  5.5989418519e-06 -1.3596806227e-05  7.7584758067e-04  2.2915645363e-04  1.6371744182e-03  1.3144086782e-05 -2.0254384094e-06 -1.1770970053e-05  1.4730477257e-05  1.0056201533e-06 -1.2867562053e-05  3.6617778274e-06 -1.9599495166e-06 -1.1585566440e-05  5.3280379969e-06 -2.2922338377e-06  3.6444374482e-06  4.4100503932e-06 -2.6003418773e-06 -3.6683332940e-06  2.8383742188e-07  2.3620862677e-06 -1.9659026791e-06 -7.9545931114e-06 -6.5283083957e-06 -1.2668445462e-05 -1.2290667658e-05 -9.1702807919e-06 -1.9291950577e-05  2.6634305851e-06  6.2709466651e-06  4.0671148990e-07  2.5597895164e-06  5.3437824396e-06 -9.6511112668e-06 -8.3957831072e-06 -4.3763277559e-06  2.3075256006e-06  3.9561329369e-06  2.9006983803e-07 -4.9058062006e-06  1.7840466489e-05 -9.2074794814e-06  6.4781603877e-06

JOB 21
COORDS  1.0855059025e+00 -1.5015948037e+00  6.8734461857e-01  1.1646096247e+00 -5.3218520720e-01  2.8837181098e+00  2.6812425433e-01 -2.4852497338e+00  1.2279567419e+00  1.5764163885e+00 -4.8081159277e-01  1.5431390135e+00  3.3393563770e-01 -1.5841663021e+00  3.3209783349e+00 -1.1040866405e+00 -2.5490062700e+00  5.0796380699e+00  2.3382857449e+00  1.8309987759e+00  1.7456211312e+00  2.6821432661e+00  5.9339975696e-01 -3.5364621092e-01 -1.2242207735e-01 -2.5536907512e+00  2.5094631218e+00 -2.1239270326e-02 -1.6667047482e+00  4.6600328246e+00  2.4125767240e+00  5.3360039583e-01  1.0783143024e+00  1.3205067300e+00 -1.5336855098e+00 -3.6843024682e-01  1.4944632969e+00  2.0816474308e-01  3.6043099668e+00 -1.1660563894e-01 -3.2713214553e+00  5.7834649697e-01 -8.6275771339e-01 -3.5798500194e+00  4.8154235816e+00 -2.0651687373e+00 -2.2987759771e+00  4.6092297371e+00 -1.2046161256e+00 -2.4774697365e+00  6.1661007350e+00  3.0137362002e+00  2.5279605409e+00  1.2457861439e+00  2.6645446542e+00  1.7579450285e+00  2.7864526413e+00  1.3216461328e+00  2.2530398493e+00  1.7288401136e+00  1.7879855389e+00  8.2681891144e-01 -9.5410622625e-01  3.0953725847e+00 -3.5628743387e-01 -7.0206644971e-01  3.4331157620e+00  1.3640249288e+00 -5.4035114387e-01  4.1632709428e-02 -7.9117871349e-01  5.1623157636e+00
ENERGY -4.770150786136e+02
GRADIENT -1.8973522083e-03  1.2227696647e-03 -4.9716605433e-04  6.9329569461e-05  4.5151948494e-05 -3.5840191177e-05  6.4261174439e-05  2.1153844094e-05 -1.1101904722e-04  2.0709777293e-03 -1.6502268391e-03  1.6376126457e-04 -5.4021985756e-05 -1.0085847314e-04 -3.5226489072e-05  2.2326823460e-06  1.2139895979e-06  3.2036464144e-06 -1.4994315939e-03  6.5250682389e-04 -1.4051775460e-03  1.0554546992e-05  4.5547790221e-05 -4.4663858291e-05  4.9466206825e-06  5.1369266199e-05  1.0463282101e-04  9.3978038284e-06  1.1557745556e-05  4.8114912820e-06  1.2227805651e-03 -2.9800911873e-04  1.8137154785e-03  2.3640694578e-05 -3.8771727638e-06  4.6457625692e-06 -1.0647708024e-05  1.1512988107e-05 -1.9550110946e-06 -1.0587984587e-05 -3.7022283510e-07  8.8347574697e-06  3.5501221504e-06 -1.4266294925e-06 -1.6119607832e-07  2.5200823287e-06 -5.3311654908e-07  2.1423360744e-06  5.3977537377e-06 -3.1726242433e-06  1.0521859153e-06 -1.1422723593e-06 -2.3974645970e-06 -2.5628042509e-06 -2.1018293429e-06 -3.0006477716e-06  4.2453479435e-06 -2.5583589796e-06 -7.2683724868e-06  1.0691923190e-06 -5.2723984055e-07 -6.8527308620e-07  7.4560676955e-06 -9.7591251841e-06 -2.4982824133e-06  1.1985751203e-06 -1.9909017324e-07 -6.3977114296e-06  7.1346747001e-06  8.3678707542e-06 -1.7034912867e-06  4.6198965006e-07

JOB 22
COORDS -2.2030590499e-01  8.8783865527e-01  2.0689983648e+00  1.2783502782e+00 -9.7289664534e-01  2.3374109518e+00 -1.1178142433e+00  1.8800056462e-01  2.8620365004e+00  1.0350077374e+00  2.9029821529e-01  1.7737257269e+00  2.8434636577e-01 -1.5894980620e+00  3.1256543046e+00 -3.5062631949e-01 -3.3886591260e+00  4.6909685967e+00  3.3396149963e+00  4.2864195854e-01  9.7023383726e-01  1.7709005621e+00  2.3267812464e+00  6.3034369888e-01 -9.0330758380e-01 -1.0239077947e+00  3.3984442120e+00  5.0658190411e-01 -2.8615215424e+00  3.6352115223e+00  1.9696795732e+00  9.2290319332e-01  9.6742163722e-01 -4.9421348184e-01  1.8676728852e+00  1.6999209504e+00  2.2110417114e+00 -1.4987662044e+00  2.1676656231e+00 -2.0823106219e+00  6.3889205059e-01  3.0951333120e+00 -1.3830075292e+00 -3.4310457698e+00  4.3402746643e+00 -3.3138969836e-01 -2.7752771216e+00  5.6025818517e+00 -1.7359894906e-02 -4.4021404563e+00  4.9307854905e+00  3.9433038698e+00  1.0401496339e+00  2.9763401612e-01  3.3829903227e+00 -6.0132622516e-01  6.0164953643e-01  3.7970383469e+00  4.5691794415e-01  1.9713723257e+00  8.2263726483e-01  2.4674841824e+00  1.0371807815e-01  2.5672500386e+00  2.6475078536e+00 -4.3595119998e-02  1.7778162916e+00  2.9836246689e+00  1.5138363505e+00  1.4829044043e+00 -3.1158907508e+00  3.7060035195e+00
ENERGY -4.770160257231e+02
GRADIENT  2.7339449370e-04  3.1131203322e-04  5.3393386220e-04 -2.2289534916e-05 -3.5844202542e-06  1.8837338352e-05  5.6438405409e-05 -5.0076216308e-05 -2.1553609554e-06 -3.1480805482e-04 -2.3606772255e-04 -6.0431747583e-04 -6.1142257024e-06  6.2230563974e-06 -5.2213874686e-06  2.6673361449e-06 -2.5755922830e-06  7.2220142420e-06  1.1019046643e-04  3.0555998000e-04  5.0265442147e-04 -7.9542588867e-05  1.3092433760e-05  1.8813474613e-05 -1.5600242276e-05 -1.6951278489e-05  8.6563857018e-06 -2.0983320126e-05 -6.8350397149e-06 -5.0060543860e-06  3.7559105714e-05 -3.5259101913e-04 -4.8009444440e-04  3.6701248611e-06  7.5741763135e-07 -8.7998934231e-06  2.1205310920e-06  6.5966936099e-06  4.7335179516e-06  6.7049561357e-06 -8.5927819569e-06  1.9942005678e-06  4.4935975147e-06 -6.9433220586e-07 -2.4372656820e-06  6.1129936187e-06 -4.5650114366e-06  4.5713925866e-07  1.1445848788e-06 -4.1316188613e-06 -3.2413305656e-06 -4.3886678370e-06  1.5217404947e-06  5.7592995082e-06  5.1629633218e-06 -2.3266053133e-06  4.3882396606e-06  2.4625299482e-06 -5.3542533823e-07  1.5917217977e-06 -1.0716556636e-06  2.4585915141e-06  1.9130625690e-07 -4.7311616015e-06  1.8001190026e-06 -2.6718974175e-06 -6.7943832844e-08 -5.8559941426e-06  8.1697494445e-07  5.7845354269e-06  3.4454764468e-06 -7.1174146915e-06

JOB 23
COORDS -1.7315612846e-01  8.9635224535e-01  2.1297564782e+00  1.3425055546e+00 -9.5439996182e-01  2.4062388451e+00 -1.0903283031e+00  1.6273670741e-01  2.8672234087e+00  1.1062854239e+00  3.2790943881e-01  1.8805385063e+00  3.2837882410e-01 -1.6015117823e+00  3.1414697170e+00 -3.4744774376e-01 -3.4526372021e+00  4.6267851576e+00  3.3613562757e+00  3.9128534324e-01  9.2569147456e-01  1.7675111675e+00  2.3130280155e+00  5.9667940551e-01 -8.7702594459e-01 -1.0586342892e+00  3.3831356823e+00  5.4670998341e-01 -2.8855457019e+00  3.6236978373e+00  2.0657061218e+00  1.0054067349e+00  1.1594438941e+00 -4.4819139737e-01  1.8770796519e+00  1.7627169879e+00  2.2841930126e+00 -1.4671940547e+00  2.2450551981e+00 -2.0731821704e+00  5.8986715652e-01  3.0662445183e+00 -1.3636688139e+00 -3.4954934534e+00  4.2318209071e+00 -3.7391272692e-01 -2.8664791424e+00  5.5560072799e+00 -1.2495101952e-02 -4.4692459791e+00  4.8508272427e+00  3.9913353187e+00  1.0775433445e+00  3.5853720872e-01  3.2750094539e+00 -5.4170060343e-01  3.5132018696e-01  3.8759900894e+00  1.6417879941e-01  1.8690684995e+00  9.2743064123e-01  2.2718234791e+00 -1.0934936812e-01  2.6410302720e+00  2.6801587730e+00  5.6474467954e-02  1.5229844820e+00  3.0453953784e+00  1.3771895614e+00  1.5229616321e+00 -3.1257361894e+00  3.7343116579e+00
ENERGY -4.770159241791e+02
GRADIENT  3.3812949072e-04  1.1600537084e-04  1.8622104615e-04  8.8240503623e-05 -1.5901256398e-04  9.7697307177e-05 -1.2367746213e-04 -1.9302560215e-04  7.8243035737e-05 -1.5962777470e-04 -6.7087494443e-05 -1.9047965365e-04  1.8273916102e-04  5.0883665946e-05 -1.4554892961e-04  5.4396370330e-06  5.5520028219e-06 -1.7266947993e-05 -2.7070184256e-06 -2.0752163976e-05  2.1032272642e-04  6.3353318035e-06  3.5556681640e-05 -3.8998330146e-05 -1.2349266536e-04  1.2740491595e-04 -3.4486977708e-06 -3.6356671613e-05  4.2434365726e-05  1.4816489900e-05 -1.4710804917e-04  6.8212740889e-05 -1.8115135311e-04 -5.9757166823e-05 -2.7833328172e-05 -4.0785225083e-05  2.5730862011e-05 -1.0922121085e-07 -5.2378165801e-05  7.8928184596e-06  2.9347194513e-05  6.7678922580e-06  2.3045918828e-07  2.5884350911e-07 -3.0684450874e-07  5.7960133000e-06 -7.5400358171e-06  3.0270279579e-06 -1.5785833035e-06 -4.9690937373e-06 -5.3342358937e-06 -1.1259727441e-05 -3.4274067191e-05  1.5664441674e-05  2.4193459643e-05 -1.8231353957e-05  4.2750713237e-06  2.4927821431e-05 -7.1544984539e-06  2.2200558415e-05  2.6722883585e-05 -5.7615481762e-06  3.7217348367e-06 -1.0949299151e-05  2.5371176187e-06 -1.3594416649e-05 -8.4241389208e-06 -3.5693878578e-07  2.7391865295e-05  3.9706296989e-06  7.2541165822e-07 -9.7710321622e-06

