JOB 0
COORDS  6.3556847295e+00  8.6048312543e-01 -1.9393776228e+00  5.8673826098e+00 -1.4974032561e+00 -2.2430270479e+00  7.7239088366e+00  6.1432154755e-01 -2.0773653305e+00  7.2367293289e+00 -1.7520522193e+00 -2.3805737553e+00  5.4135225150e+00 -1.8463476606e-01 -2.0116857016e+00  8.1431821926e+00 -6.9326330456e-01 -2.3241011871e+00  2.9849871780e+00 -6.9674229408e-01 -1.6220086808e+00  6.2982488845e-01 -8.6205614111e-01 -1.0048127813e+00  1.6228143845e+00  1.3897470004e+00 -1.3913415166e+00  4.0556554390e+00  1.6326058735e-01 -1.8735405797e+00  1.7772410021e+00 -5.7915469842e-02 -1.4139389249e+00  3.1044994962e+00 -1.9221053385e+00 -1.6053028116e+00  1.0331564386e+01 -1.2062041117e+00 -1.8157602246e+00  6.0210524144e+00  1.8824764583e+00 -1.7677127469e+00  5.1533108856e+00 -2.3072582823e+00 -2.3010340971e+00  8.4331706330e+00  1.4314183504e+00 -1.9996214238e+00  7.5759798299e+00 -2.7696091650e+00 -2.5451221478e+00  3.4306832253e-01 -6.3793638339e-01  3.0841822004e-02  8.9779169146e-01 -1.9142437527e+00 -1.0785188823e+00 -2.2628970622e-01 -6.6210849553e-01 -1.6591652830e+00  2.0126780038e+00  1.8530028763e+00 -2.3053401427e+00  2.1001625932e+00  1.8556547093e+00 -5.1635545934e-01  5.5841060018e-01  1.6265172741e+00 -1.3471102094e+00  3.8981751367e+00  1.1518213270e+00 -1.7433127976e+00
ENERGY -7.519560234631e+03
GRADIENT  7.3020336003e-05 -1.5181979849e-04  1.6210849632e-03  1.5283267544e-05  1.7185994575e-05 -4.8268910640e-07 -3.5989439499e-05 -3.5326541797e-05 -8.2808611380e-05  7.5603886439e-06 -3.1359051979e-05  1.2191840280e-06  1.1451455947e-05  3.9690828499e-04 -1.2303744032e-03 -9.4323096565e-06  6.5211853312e-06  3.7449813696e-05  2.3729412394e-04  2.5511529375e-04  1.8307269222e-03 -9.6456439111e-06  5.3979821896e-06  2.7525716845e-05  9.6817702560e-06 -3.0080938443e-06  6.4453860764e-05 -2.1703073634e-04 -4.2010785238e-04 -2.0748146889e-03 -1.7212085199e-05 -1.7911252486e-05 -9.3461102934e-05 -9.3778751530e-06  5.5305223890e-06 -3.7884367054e-05  1.6623351381e-05 -5.8748483421e-06 -2.4441731243e-06 -6.1468562837e-06  8.0466439545e-06 -7.7452523879e-06  4.3319589712e-06  1.1218055686e-06 -1.1091541052e-06 -5.8700309791e-06 -5.2183133662e-06  1.9189881550e-05  2.0590326293e-06 -1.7856621778e-06 -3.0760300281e-06 -1.3960621010e-06  8.3871498029e-07 -3.2643415460e-07 -1.4439105622e-06  8.8913562322e-07  7.0735915285e-06 -2.8326764210e-06 -1.9239550465e-06 -2.0656224243e-08 -2.5589511024e-06  5.1243149553e-06  1.0355252577e-06 -7.9523005374e-06 -1.2045973410e-05 -1.9489583444e-06 -8.2620435943e-06 -1.2447720722e-06 -2.7940454462e-05 -8.8415823752e-05 -2.1789435609e-05 -3.4437652535e-05

JOB 1
COORDS  6.3455786765e+00  8.4201995998e-01 -1.8042405176e+00  5.8382457750e+00 -1.4475974820e+00 -2.4208938465e+00  7.7159748805e+00  5.8627043042e-01 -1.9086849282e+00  7.2077735519e+00 -1.7135993027e+00 -2.5223371145e+00  5.3940312592e+00 -1.6497923783e-01 -2.0497220871e+00  8.1292176773e+00 -6.9051103382e-01 -2.2903430125e+00  2.9982526981e+00 -6.9071366098e-01 -1.5688082891e+00  6.7658560877e-01 -8.6260998834e-01 -8.3858215631e-01  1.5564380994e+00  1.3542078488e+00 -1.5507998243e+00  4.0293913208e+00  1.7814559551e-01 -1.9475100361e+00  1.7730247579e+00 -7.6852624423e-02 -1.3953333156e+00  3.1680529977e+00 -1.9017633671e+00 -1.4346763503e+00  1.0269702833e+01 -1.2982246529e+00 -1.7680019950e+00  6.0181881645e+00  1.8407030460e+00 -1.5191657767e+00  5.1176782760e+00 -2.2325223976e+00 -2.6075223187e+00  8.4324133966e+00  1.3734313093e+00 -1.6991492145e+00  7.5398730936e+00 -2.7103501994e+00 -2.7939932548e+00  4.1371552111e-01 -5.1167699490e-01  1.6789667530e-01  9.8765398955e-01 -1.9040318166e+00 -7.8203389462e-01 -2.0878113903e-01 -7.8614629843e-01 -1.4801151547e+00  1.9759948773e+00  1.7215811969e+00 -2.4932312682e+00  1.9672263721e+00  1.9428677727e+00 -7.1619223175e-01  4.8167090742e-01  1.5430987061e+00 -1.5864493569e+00  3.8741345726e+00  1.1646605316e+00 -1.7946746378e+00
ENERGY -7.519559103554e+03
GRADIENT  3.1105405021e-05 -5.0441715253e-04  1.8664786745e-03  2.6546201855e-05  1.3882381276e-05 -8.6075011910e-06  1.4544763106e-05  9.7211709684e-06  2.1553868979e-06  1.5466533775e-06 -6.2637267934e-06  3.9998831999e-06  1.3298983932e-04  1.1165127857e-03 -1.5196066269e-03 -1.2721262536e-05  4.0776165414e-06 -1.0142369554e-05  3.0746097485e-04  4.8365371970e-04  2.0068076425e-03  2.0852460550e-05 -1.0959301284e-05  2.5327968112e-06 -1.4546994299e-05  6.1246884990e-06  6.2173185870e-05 -7.7004011424e-04 -1.2113792094e-03 -2.3217838250e-03  2.7095026459e-05  3.0075302097e-05 -2.2176444258e-05  2.6702981084e-05 -3.3197636898e-05  3.3576987423e-06  2.8871678690e-06 -9.7004518944e-08  4.0307438024e-06  3.5714858755e-06  2.1444947136e-06 -4.2310538330e-06  3.1066279950e-06  2.9358058128e-06  5.3556499717e-06  1.5748677110e-06  4.5470054685e-06 -5.1796125996e-06  1.3217494712e-06 -1.3071950451e-06 -1.5184958731e-07  1.7880307361e-06  2.2928160316e-07  4.8687426329e-06 -1.3936315667e-06  3.5468420566e-06  5.7115649570e-06  6.9781819556e-06  7.0118128299e-06  5.5442822829e-06  1.6804097647e-05 -1.6551909825e-05  7.0970424410e-06 -1.8583523795e-05  1.9594681272e-05 -1.4233281614e-05  1.0816320689e-06  5.5691412241e-06 -2.4226747543e-05  2.3489746556e-04  8.0272549287e-05 -2.9449370940e-05

JOB 2
COORDS  6.3554466475e+00  8.3002646491e-01 -1.7317488831e+00  5.8229162952e+00 -1.3368878909e+00 -2.6780167703e+00  7.7232927423e+00  5.4840577344e-01 -1.8175044079e+00  7.1871141855e+00 -1.6320039347e+00 -2.7583742875e+00  5.3955561409e+00 -1.0569367582e-01 -2.1510660021e+00  8.1223913839e+00 -6.7755914098e-01 -2.3498737052e+00  3.0515036844e+00 -6.4613969053e-01 -1.5535143647e+00  7.6597356318e-01 -8.5298421108e-01 -7.2204819969e-01  1.4916192669e+00  1.3006966504e+00 -1.7364785084e+00  4.0256359421e+00  2.3302861656e-01 -2.0596579303e+00  1.8050432156e+00 -7.7893012864e-02 -1.3905783004e+00  3.2914937673e+00 -1.8279265912e+00 -1.3166645452e+00  1.0217436772e+01 -1.4065738395e+00 -1.8358885460e+00  6.0386315950e+00  1.7862435835e+00 -1.3185900721e+00  5.0920505250e+00 -2.0683623840e+00 -2.9995317507e+00  8.4490277393e+00  1.2782234610e+00 -1.4747478870e+00  7.5072076377e+00 -2.5929473871e+00 -3.1476326182e+00  4.6760482184e-01 -3.7394713401e-01  2.1929778577e-01  1.1543263821e+00 -1.8475275295e+00 -5.1016817898e-01 -1.1746734018e-01 -9.4292232965e-01 -1.3653372561e+00  1.9282313666e+00  1.5755320491e+00 -2.7011696505e+00  1.8215994017e+00  2.0193441470e+00 -9.7042730437e-01  4.0807416620e-01  1.3997620879e+00 -1.8336993037e+00  3.8662044743e+00  1.2169669951e+00 -1.8889411015e+00
ENERGY -7.519557873921e+03
GRADIENT -2.8924346516e-04 -4.4219348875e-04  2.2792169494e-03 -3.9412354948e-05 -8.5413264596e-05  8.2411237258e-05 -2.1726237055e-04 -2.5262166595e-04 -2.5130109583e-04  2.1712303173e-05 -1.0804085659e-05 -1.2776481127e-04  5.0765536452e-04  1.5971644152e-03 -1.8461000270e-03  1.0278423626e-04 -3.0684879900e-05 -1.1441132191e-05  2.6712434634e-04  9.2759769173e-04  1.9129101037e-03  2.9180819277e-05  1.9775875018e-05  2.0581787063e-05 -6.2361116778e-05 -2.5617978872e-06 -4.0841108471e-05 -8.1603789429e-05 -1.6982428381e-03 -2.1958425188e-03 -9.9085057311e-05 -9.5709769416e-05  1.3302347717e-04 -3.1212825240e-05  1.4341671020e-04 -4.4918387499e-06 -3.1839053072e-05 -1.9633298443e-05  3.1918062389e-05 -1.3991490769e-05  6.4620540488e-05  5.8275921441e-06  1.8406436760e-05 -1.9454226937e-05 -2.2746735572e-05 -3.6989253678e-05 -3.2409333421e-05  1.5903150491e-05  1.3383282115e-05 -1.8072761824e-05  2.6103824648e-05 -6.1032161235e-07 -9.2006264989e-07 -4.8586524243e-07  5.9192629779e-06 -6.8542512440e-06  3.9796211659e-06 -2.0352102073e-06 -1.4275659866e-06  4.7228973740e-06  1.5443503670e-06  1.0501519853e-05  2.3717057290e-05 -3.2284026850e-05 -2.6870995413e-06  2.2848412762e-05  3.2305353907e-06 -9.3780611408e-06 -3.9010347571e-05 -6.6748895507e-06 -6.4593749903e-05 -4.6863199125e-06

JOB 3
COORDS  6.3255479882e+00  7.7352625249e-01 -1.6455742026e+00  5.8267851082e+00 -1.2722906883e+00 -2.8383321225e+00  7.6922173204e+00  4.7021364328e-01 -1.6681716163e+00  7.1868802046e+00 -1.5958733643e+00 -2.8554648947e+00  5.3836260254e+00 -9.1775675120e-02 -2.2215311691e+00  8.1061930325e+00 -7.0684506090e-01 -2.2916432586e+00  3.0800370934e+00 -6.1705842983e-01 -1.5407417623e+00  8.4155176534e-01 -8.0521806505e-01 -5.8597571058e-01  1.4550501146e+00  1.2594613476e+00 -1.8336511909e+00  4.0029722914e+00  2.3706519988e-01 -2.1799705759e+00  1.8257773229e+00 -6.9990114209e-02 -1.3717952528e+00  3.3710658376e+00 -1.7631194323e+00 -1.2088119701e+00  1.0151053613e+01 -1.5302339899e+00 -1.7110359640e+00  5.9945264118e+00  1.6856765427e+00 -1.1522749269e+00  5.1046469484e+00 -1.9509749390e+00 -3.2779718820e+00  8.4048093864e+00  1.1443859615e+00 -1.2051562566e+00  7.5167080476e+00 -2.5230761683e+00 -3.3122805119e+00  5.7073222733e-01 -2.4704095364e-01  3.1948707885e-01  1.2692151221e+00 -1.7647176739e+00 -3.0061153105e-01 -6.6545092563e-02 -9.7876707039e-01 -1.1756415576e+00  1.8538580581e+00  1.4550627725e+00 -2.8330469037e+00  1.7841218907e+00  2.0567233211e+00 -1.1492272960e+00  3.6613820660e-01  1.3157397343e+00 -1.9027843665e+00  3.8364442953e+00  1.2266722653e+00 -2.0474122824e+00
ENERGY -7.519556394050e+03
GRADIENT -2.4084867204e-04 -1.0698447314e-03  2.4500991726e-03  4.6228874821e-04  4.0870887626e-04 -2.1005631951e-05 -3.3158183881e-04 -3.7401992256e-04  4.4586740618e-05 -3.2673563528e-05 -4.5655779123e-04  1.0564008592e-04  2.4658352492e-04  2.8071040626e-03 -2.6328516829e-03  1.0987565750e-04 -7.1585899971e-05  7.9269044306e-05  4.1739282565e-04  1.6021155895e-03  2.4351788406e-03  3.0044642107e-05  1.0066235634e-05  2.0281866065e-05  2.4570000299e-06 -2.3535900056e-06  1.9374902915e-06 -6.2788981212e-04 -2.8663559368e-03 -2.3229958424e-03 -1.6129432096e-05  6.3108393361e-06 -9.7958865928e-06 -5.2004774155e-05 -3.1002292377e-05  1.7239800371e-05  1.8159098554e-04 -5.0301502296e-06 -1.0517022114e-04 -5.5054920062e-05  6.0798335563e-06  2.8311425700e-05  5.0034122395e-05  1.8313473458e-05  6.1117433504e-05 -4.5287664163e-05 -1.1660591657e-05 -5.6036851425e-05  3.7115959553e-05  1.3454475469e-05 -4.4554628056e-05  4.1422598403e-06  4.3545073188e-06  5.4083953649e-06 -3.7388953747e-06 -4.5565896447e-06  2.7076648825e-06 -4.9035289808e-06  9.1065145758e-06  7.0138188264e-06  1.3394981817e-05  4.3787229939e-06  1.0759594147e-05 -1.1350755333e-05 -2.5694980285e-06  6.1857988602e-06 -3.4190563125e-06 -4.6650080154e-06 -2.4513190294e-05 -1.5333115948e-04 -3.6162396496e-05  2.2979171175e-05

JOB 4
COORDS  6.2912991818e+00  6.9089134274e-01 -1.5550977787e+00  5.8507251021e+00 -1.1834856488e+00 -3.0171446716e+00  7.6576111025e+00  3.8217178286e-01 -1.5444836311e+00  7.2088171684e+00 -1.5174366326e+00 -3.0058261841e+00  5.3799839964e+00 -8.7059697322e-02 -2.2821193161e+00  8.0976268740e+00 -7.1361974360e-01 -2.2874282474e+00  3.1125677362e+00 -5.8121054578e-01 -1.5125893396e+00  9.1184081693e-01 -7.3246983269e-01 -4.6696282430e-01  1.4169584195e+00  1.1986045532e+00 -1.9557355793e+00  3.9877663427e+00  2.2617616600e-01 -2.2731584180e+00  1.8471849351e+00 -5.6657123979e-02 -1.3582133483e+00  3.4541882993e+00 -1.6748744367e+00 -1.0715017412e+00  1.0104937160e+01 -1.6299212316e+00 -1.7028004617e+00  5.9340140535e+00  1.5331736898e+00 -9.6581061606e-01  5.1465387059e+00 -1.7928089767e+00 -3.5746152841e+00  8.3477418592e+00  9.8520376775e-01 -9.6415601187e-01  7.5589376476e+00 -2.3863176171e+00 -3.5531087264e+00  6.4247134032e-01 -8.5118654919e-02  3.7757184829e-01  1.3832300745e+00 -1.6377400493e+00 -8.8307369685e-02 -3.6887341139e-03 -1.0041180248e+00 -1.0061371050e+00  1.7874222988e+00  1.2932325188e+00 -2.9801861350e+00  1.7324937262e+00  2.0788493651e+00 -1.3742184760e+00  3.2527542325e-01  1.2101491633e+00 -2.0012632537e+00  3.8125577324e+00  1.2215468157e+00 -2.2029525107e+00
ENERGY -7.519554542770e+03
GRADIENT -3.8537611295e-04 -1.9446796946e-03  2.4438107670e-03  5.4149035983e-05  4.4955349417e-05 -3.2601000850e-05  7.3613461611e-05  5.6230273555e-05  9.7976728023e-05 -1.7079373835e-05 -6.5093610154e-05  1.0114743261e-05  7.4637370831e-04  3.7621858249e-03 -2.5985350880e-03 -3.1159452671e-05  6.2713585302e-05 -1.8843064715e-05  4.6984135137e-04  1.9065093872e-03  2.5149277631e-03  2.0828313517e-08 -1.8705433737e-06  7.6734533195e-06 -5.0497625350e-07  5.5170128051e-06  3.1594823967e-06 -9.7141688362e-04 -3.7706455636e-03 -2.3371065122e-03 -2.6697466510e-05 -3.9396394593e-05 -6.2525737766e-05  3.3903340052e-05  9.5199470021e-06  9.5205039506e-06 -3.3088248369e-05  5.3872121118e-06  3.0072176041e-05  8.2909311737e-07 -1.4084228295e-05  1.6713533518e-07  3.4054831891e-06 -7.1306708112e-06  3.1380100311e-05  1.0458622628e-06  1.9334771446e-05  2.3932444701e-06 -1.4607242257e-06 -1.6329023935e-06  8.6280219151e-06  6.8148384308e-06 -2.5966164526e-06  1.5384681180e-05 -2.5833877666e-06 -2.7046143186e-06  3.9338476931e-06  2.8806036106e-07  1.0940076570e-05  8.4500076902e-06 -1.1474002585e-05 -1.6286370530e-05 -1.0278902333e-05  8.0560336563e-06 -6.1509429478e-07 -1.5631121247e-05 -4.5071097070e-07 -5.9553793835e-07  1.2607866444e-05  7.2694712405e-05 -3.6277049633e-06 -8.0328376807e-06

JOB 5
COORDS  6.1746803082e+00  7.2795372505e-01 -1.4096332657e+00  5.4983444815e+00 -7.3040437549e-01 -3.2138153992e+00  7.5119609489e+00  3.6546594544e-01 -1.6059397978e+00  6.8318676005e+00 -1.0968733706e+00 -3.4366347732e+00  5.1584094001e+00  1.6111026603e-01 -2.1880888549e+00  7.8212175758e+00 -5.3041654420e-01 -2.6318591689e+00  3.0217309904e+00 -1.4343155786e-01 -1.0499803931e+00  7.6334740590e-01 -6.4105861236e-01 -2.6574661445e-01  1.0871692170e+00  1.1257908299e+00 -1.9892143167e+00  3.7988077983e+00  5.6843795399e-01 -1.9889770444e+00  1.6740638434e+00  1.4605869941e-01 -1.0878736415e+00  3.5286553303e+00 -9.1945952637e-01 -2.4420451200e-01  9.8176026854e+00 -1.6253600751e+00 -2.5030810937e+00  5.9114277737e+00  1.4361934161e+00 -6.2964616421e-01  4.7158073555e+00 -1.1686555904e+00 -3.8295684763e+00  8.2887204359e+00  7.8457402889e-01 -9.7487695797e-01  7.0801636879e+00 -1.8053885406e+00 -4.2196962502e+00  1.8511778295e-01  1.2209203495e-02  3.9885499797e-01  1.3481987476e+00 -1.3335221929e+00  3.3726190673e-01  6.4265657344e-02 -1.2095471239e+00 -8.9290237115e-01  9.0542109557e-01  7.2339880756e-01 -2.9980927914e+00  1.7188937979e+00  2.0148426658e+00 -2.0662456866e+00  1.2331358713e-01  1.4443534577e+00 -1.5842885209e+00  3.3234406749e+00  7.8471171016e-01 -2.8573747103e+00
ENERGY -7.519553020920e+03
GRADIENT  3.0471828459e-04  1.8586152281e-03 -1.7239399530e-03 -4.4723076178e-06  2.1733155573e-05 -3.1273152036e-05  3.1811282812e-05 -9.7392316616e-06  3.9529081813e-05  2.0868875238e-05 -5.5083430188e-05  4.3575705925e-06 -7.8654902924e-04 -3.4746078128e-03  1.8051010966e-03 -5.1030769057e-05  1.0890073380e-04 -5.5186787160e-05 -7.1456637426e-04 -1.5366893094e-03 -1.8897437144e-03 -2.6049376526e-05  1.5132799344e-05  3.7794933705e-06  3.2492854871e-06  5.5199479579e-06  7.1760627816e-06  1.2313881677e-03  3.1174672122e-03  1.7837984564e-03  4.1006595017e-06  1.0120482229e-05  5.1136460979e-05  2.4232515161e-05  1.7647693212e-05  5.9832452661e-06 -4.1190971284e-05 -1.5447008638e-05  4.4103190243e-05  5.6126507401e-06  1.3725165164e-05  4.8325285066e-06  2.4614384950e-06 -8.5968238901e-06  4.3890298694e-06 -5.1875011772e-06  2.2867390726e-05  4.5259558144e-06 -5.3344754920e-06  2.2584613389e-06 -1.6192877452e-06 -1.1117492239e-05  6.8309189161e-06 -7.1787371513e-06 -4.6796682385e-06  1.7432005041e-05  7.8354336361e-06  2.5931808287e-06 -4.7592779360e-06  4.4886826554e-06  5.0259121226e-06 -1.6542228015e-06 -1.4108733614e-06  2.6485173329e-06 -7.1862752920e-07 -2.9141995423e-06 -4.4444728748e-06 -7.3201915450e-06 -5.2400273294e-06 -8.2966115030e-06 -1.0004911121e-05  8.2433337798e-06

JOB 6
COORDS  6.1386923086e+00  5.9283468589e-01 -1.3277143536e+00  5.5369908388e+00 -6.0525857120e-01 -3.3401207149e+00  7.4796471999e+00  2.4533795092e-01 -1.5155336751e+00  6.8779315005e+00 -9.4989368099e-01 -3.5533450886e+00  5.1543686469e+00  1.4437617055e-01 -2.2198467881e+00  7.8335479662e+00 -5.0681196382e-01 -2.6391108200e+00  3.0413403427e+00 -7.7417399160e-02 -1.0100501361e+00  8.0205270287e-01 -5.3137611144e-01 -1.5163491263e-01  1.0687567149e+00  1.0158980446e+00 -2.0838051712e+00  3.7929836921e+00  5.3084258990e-01 -2.0405252978e+00  1.6871847871e+00  1.7174895686e-01 -1.0725060504e+00  3.5730401623e+00 -7.3057656439e-01 -1.1645505633e-01  9.8183679442e+00 -1.6210723708e+00 -2.5784661674e+00  5.8474273822e+00  1.1915186509e+00 -4.7067610693e-01  4.7828168749e+00 -9.4872903121e-01 -4.0455538469e+00  8.2299829636e+00  5.6812275500e-01 -8.0125986343e-01  7.1558647702e+00 -1.5485450170e+00 -4.4143065636e+00  2.1459187292e-01  1.8375494051e-01  4.3668584053e-01  1.4079554730e+00 -1.1338402312e+00  5.2291926501e-01  1.1155189275e-01 -1.1858304003e+00 -6.9916112510e-01  8.9818529861e-01  4.8785130848e-01 -3.0349336496e+00  1.6710364800e+00  1.9089748219e+00 -2.2714033761e+00  9.5933820983e-02  1.3506339302e+00 -1.7154510412e+00  3.2989815795e+00  6.3356167713e-01 -2.9190240478e+00
ENERGY -7.519554824748e+03
GRADIENT  5.5762069265e-04  2.5439302314e-03 -2.0701906004e-03  3.7475531112e-05  5.2508274992e-05 -3.7078006719e-06  7.5777658309e-05  1.4281949349e-05  1.4091498127e-04 -2.1000650428e-05 -3.7432896896e-05  1.1867093070e-05 -1.3028988504e-03 -4.9872254301e-03  1.8547762504e-03 -3.3733118519e-05 -4.3887644848e-05  2.6076603638e-05 -9.1293524337e-04 -2.4495438689e-03 -2.0924476732e-03  4.7647666039e-05 -2.2240201234e-05 -5.1539993588e-06 -4.0762364340e-06 -1.2097105026e-05 -1.1817468982e-05  1.5223539962e-03  4.6720243019e-03  2.0761015394e-03 -7.8433345673e-06  1.2471762281e-04 -3.0909785005e-06 -2.0826376945e-05  1.6596417995e-05  7.9033094957e-05  1.4764976278e-06  1.5139412950e-05 -1.2746124084e-05  4.5454174981e-07 -3.2736465526e-05 -1.2398568007e-05 -8.5010573624e-06  3.9489882229e-06  1.2450089725e-05  1.5547699406e-05 -9.6840407498e-06  5.6698926316e-06 -4.3071536313e-06  2.6412701387e-06 -1.0086852937e-05 -4.0056383772e-06  9.9645568865e-07 -1.2343213198e-05  1.1392865926e-06 -6.9030850990e-06 -8.8223346538e-07  4.4387487396e-06 -3.1160600674e-06 -1.0392998161e-05  1.6624622382e-06  3.8891933972e-06 -4.7488803678e-06 -8.5259124474e-06  1.4776372224e-05  1.0754612085e-06  1.1624095988e-06  1.3879653950e-05 -8.0247005750e-06  7.1851057598e-06  3.1158830832e-05  1.2036282993e-05

JOB 7
COORDS  6.0879361485e+00  4.3528099731e-01 -1.2396326038e+00  5.5661380138e+00 -4.9187639279e-01 -3.4144181288e+00  7.4365065266e+00  1.2235260170e-01 -1.4305645921e+00  6.9158782540e+00 -7.9882201378e-01 -3.6247459093e+00  5.1377120176e+00  1.0418010259e-01 -2.2192146174e+00  7.8374593833e+00 -4.7305844062e-01 -2.6301392590e+00  3.0268228797e+00 -2.9448377252e-02 -9.6297386220e-01  7.9172983546e-01 -3.8653982678e-01 -5.0046867149e-02  1.0445596151e+00  9.0845862976e-01 -2.1611120464e+00  3.7712034759e+00  4.5277542488e-01 -2.0597235271e+00  1.6712188238e+00  2.0515677930e-01 -1.0516558098e+00  3.5612242537e+00 -5.6917655808e-01  2.4205561416e-03  9.8290196686e+00 -1.5705575525e+00 -2.6507659329e+00  5.7668377521e+00  9.1057005128e-01 -3.1974503676e-01  4.8412652101e+00 -7.4061128963e-01 -4.1874907390e+00  8.1601363252e+00  3.5546147324e-01 -6.5628660130e-01  7.2264383814e+00 -1.2777111647e+00 -4.5473355865e+00  1.9123411655e-01  3.9035074787e-01  4.3797114267e-01  1.4030432287e+00 -8.8684552763e-01  6.9892535558e-01  1.1380058279e-01 -1.1173879436e+00 -5.0948929251e-01  8.9478742663e-01  2.6722524082e-01 -3.0435714482e+00  1.6269819656e+00  1.7881594000e+00 -2.4493859216e+00  6.1203447631e-02  1.2616209665e+00 -1.8419295513e+00  3.2694634302e+00  4.9354873499e-01 -2.9378816882e+00
ENERGY -7.519556687452e+03
GRADIENT  4.9112951366e-04  2.5508874373e-03 -1.3316934994e-03  1.3795668415e-05  2.8304276222e-05 -1.6785943722e-05 -2.9460755380e-05 -4.3821067090e-05  1.9750633775e-05 -1.6201178117e-05 -3.7068320417e-05  1.2195824924e-05 -1.0969000277e-03 -4.9305631733e-03  1.2436815398e-03  3.5350427585e-05 -3.1083902668e-06  5.5814745793e-06 -7.4981300673e-04 -2.2652517963e-03 -1.5498351044e-03  1.5560914017e-05 -2.9646448099e-05 -2.1141758947e-05  5.7494348193e-06 -8.5495347601e-06 -2.5106760228e-07  1.4286945570e-03  4.6341561747e-03  1.5956270856e-03 -3.8108258337e-06  3.5797675725e-05 -1.6838938333e-05 -4.2534429532e-06 -1.5298801814e-05  4.0621958874e-05 -2.2233870686e-06  7.1541172812e-06  1.7063563708e-06 -7.4030047942e-06 -7.4024110568e-06  9.0196081267e-06  8.5213742499e-07 -3.9588096282e-06  6.5417820705e-06 -2.0963842620e-06  4.3666677469e-06  5.3637268786e-06  4.9920484613e-06  2.8831041570e-06  8.6113822989e-07 -3.5316606597e-06 -1.0978222775e-06 -1.0415587267e-05  2.0268121225e-06  1.1327322807e-06  1.4503411216e-06  2.6360828775e-06 -6.0752945387e-06 -4.8808939865e-06 -1.1011482537e-05 -4.4887483610e-06  2.2619584873e-07  6.9076468575e-06 -6.5408019330e-06 -1.0996730870e-05  7.2700636096e-06  2.1079994213e-05  6.0740649635e-07 -4.4679827161e-05  3.7978227178e-05  2.8773638510e-05

JOB 8
COORDS  6.0598256154e+00  2.6518640122e-01 -1.1845663923e+00  5.5884349713e+00 -3.9287275253e-01 -3.4681911429e+00  7.4174007974e+00  8.2167694086e-03 -1.3965579741e+00  6.9459666603e+00 -6.4483895230e-01 -3.6937321219e+00  5.1283001919e+00  4.3316518891e-02 -2.2144414567e+00  7.8485935743e+00 -4.2342213545e-01 -2.6536388930e+00  3.0118395081e+00 -3.5277849294e-03 -9.1854464283e-01  7.7571652668e-01 -2.4225422487e-01  2.9911158414e-02  1.0300615729e+00  7.9517170321e-01 -2.2183690296e+00  3.7542800409e+00  3.3884907260e-01 -2.0619594005e+00  1.6565355961e+00  2.2699797788e-01 -1.0338537822e+00  3.5396130460e+00 -4.3335002514e-01  1.0509256249e-01  9.8664081669e+00 -1.4689521129e+00 -2.7771987591e+00  5.7195623120e+00  6.1291770447e-01 -2.1738094792e-01  4.8814198859e+00 -5.5247608122e-01 -4.2806833544e+00  8.1253593948e+00  1.6111091162e-01 -5.8843408700e-01  7.2780766108e+00 -9.9895629480e-01 -4.6639293242e+00  1.7873009268e-01  5.8794828664e-01  4.2563510604e-01  1.3857966042e+00 -6.5532470039e-01  8.3113574161e-01  9.4813622067e-02 -1.0186591632e+00 -3.4189814814e-01  8.9735300902e-01  5.9454597022e-02 -3.0266314393e+00  1.6003608223e+00  1.6486706553e+00 -2.5970988283e+00  3.9150551791e-02  1.1659469979e+00 -1.9467625101e+00  3.2461507650e+00  3.4456842820e-01 -2.9362218611e+00
ENERGY -7.519558148954e+03
GRADIENT  4.1810176276e-04  2.0029556212e-03 -8.6000904668e-04  7.0318458390e-05  3.1514034845e-05  2.7441340378e-05  2.1297076261e-05 -2.5789314424e-05  4.9487800116e-05 -1.8300578937e-05 -4.3302229966e-05  2.0420789441e-05 -9.2551763622e-04 -4.0778743113e-03  6.7507071337e-04  1.5642325217e-05 -5.4892626230e-05  2.5614760331e-05 -5.4889985531e-04 -1.9649361034e-03 -9.6144435347e-04  9.7835016110e-06 -2.8878704842e-05 -2.1101182193e-05  1.0992794757e-05  2.5638537582e-05  1.4167466590e-05  1.0410984318e-03  4.0745030975e-03  9.7698093570e-04  2.5628698180e-06 -2.7440485006e-05 -1.8719983194e-05 -2.2816404286e-05  3.3581986278e-05  3.8949415081e-05  2.5395967909e-05  3.8650864831e-05 -1.7901005950e-05  3.8599914439e-06 -4.7471785038e-06 -2.0453755193e-05 -1.6112185133e-06  1.7602701545e-07  1.3569175338e-05  1.3495950374e-05  8.5155773520e-06 -3.9008691116e-06  9.9638827302e-06  8.8591352553e-06 -1.3068006614e-07 -2.6474351101e-07  1.0026266331e-06  3.8102859306e-06  3.8942879631e-06 -8.2266952229e-07 -7.4796332845e-07  1.2845746781e-06  5.4908398569e-06 -7.3812526464e-06 -2.6779487509e-05 -1.3317550206e-05  9.5645055021e-06  1.7661819765e-05 -2.8639554714e-05 -2.0224631641e-05  1.0538292089e-05  3.8296089719e-05  5.1597661787e-06 -6.9475795221e-05 -1.2174531799e-06  4.1803703003e-05

JOB 9
COORDS  6.0617982867e+00  1.7707199063e-02 -1.1184794188e+00  5.6199264269e+00 -2.7390091451e-01 -3.4859687701e+00  7.4182802049e+00 -2.3351965048e-01 -1.3493499563e+00  6.9744855699e+00 -5.2139508179e-01 -3.7255817244e+00  5.1447369376e+00 -2.0662562648e-02 -2.1856386542e+00  7.8623593784e+00 -4.7672130327e-01 -2.6502796827e+00  3.0079387857e+00  6.3150411524e-02 -8.8422404298e-01  7.5859726443e-01 -5.2230018613e-02  5.4137590571e-02  1.0425458161e+00  5.9998263418e-01 -2.3348203975e+00  3.7731413591e+00  2.7238585430e-01 -2.0369615923e+00  1.6519734025e+00  2.6125469019e-01 -1.0565518771e+00  3.5093183507e+00 -2.4424515279e-01  1.9684683770e-01  9.8643890761e+00 -1.5560137947e+00 -2.8975719266e+00  5.7094084160e+00  2.2382836111e-01 -1.1683157635e-01  4.9265406443e+00 -2.8660249604e-01 -4.3255973316e+00  8.1138723116e+00 -2.1978678765e-01 -5.1642590867e-01  7.3170578101e+00 -7.3477878011e-01 -4.7325259143e+00  1.1055941600e-01  8.0388460781e-01  2.7416776260e-01  1.3609269891e+00 -2.7913955514e-01  9.3176104479e-01  1.2924587297e-01 -9.2010089418e-01 -1.8160720686e-01  1.0782788899e+00 -2.2951787113e-01 -3.0570156608e+00  1.5065031055e+00  1.4873171002e+00 -2.7807055780e+00 -8.7486293360e-03  8.4050358212e-01 -2.1677151911e+00  3.2754705629e+00  3.2599608824e-01 -2.9142181893e+00
ENERGY -7.519559334919e+03
GRADIENT  4.1125694827e-04  2.1777596640e-03 -4.7361275024e-04 -2.6263996307e-04  2.2169663836e-04 -3.2553178338e-04  1.0283757333e-04 -2.3752446623e-04  1.3805521503e-04 -7.9697824501e-05 -2.3227824200e-04  2.8167178795e-04 -6.3583481170e-04 -4.4131955870e-03  5.4803398475e-05  5.3866228263e-05  3.4282313626e-04 -8.9532638056e-06 -6.4700659093e-04 -1.8699375917e-03 -7.8966622724e-04  3.7639553867e-05  6.2124706150e-05  1.3085975960e-05 -2.7656245567e-05 -3.6121592851e-05 -2.1971181450e-06  1.2037867755e-03  3.9338169517e-03  1.0625644918e-03 -5.1689030797e-05 -3.7263699808e-05  8.1402052787e-05 -1.0192719835e-04 -1.4130829513e-05 -2.9706310836e-05 -9.8779635291e-05 -4.2631736975e-05  2.7941174444e-05  3.9062464851e-05 -2.2022800946e-05  4.8779222801e-08 -4.7227351049e-05 -2.0457804431e-05 -3.5277682167e-05 -2.5286186822e-06  2.6867306540e-05  1.0714080532e-05 -4.1885086719e-05  6.0384051364e-05  1.5789928829e-05  3.2663349263e-06 -6.7301894724e-06  6.4021122384e-06  1.2916609092e-05 -1.2208572540e-05  9.3525504626e-06  3.4285148930e-06 -6.0962327129e-06  7.2961892494e-06  3.6657319705e-05  1.9728054308e-05 -1.0430282630e-05 -5.2977279686e-05  4.8391985004e-05  1.6893527913e-05 -6.9279944875e-06 -4.8328326986e-05 -8.1257109280e-06  1.3568004450e-04  8.5205285891e-05 -4.4376781907e-05

JOB 10
COORDS  6.0410996818e+00 -1.2973624013e-01 -1.1022550531e+00  5.6405788928e+00 -1.7792810906e-01 -3.4952457880e+00  7.4050725925e+00 -3.3875020646e-01 -1.3368190503e+00  7.0003891174e+00 -3.8680343630e-01 -3.7374620285e+00  5.1406262800e+00 -6.2646973694e-02 -2.1828458750e+00  7.8701992044e+00 -4.3825700938e-01 -2.6479580350e+00  3.0020974177e+00  8.8397308608e-02 -8.7139497213e-01  7.5562467084e-01  6.9242487652e-02  8.3785478136e-02  1.0284269239e+00  4.8419404982e-01 -2.3575692670e+00  3.7590582076e+00  1.7185709947e-01 -2.0411101019e+00  1.6449432490e+00  2.7275537331e-01 -1.0555565375e+00  3.5044619135e+00 -1.1748318903e-01  2.3388037457e-01  9.8980523588e+00 -1.4883436295e+00 -2.9713858421e+00  5.6704305982e+00 -3.0235850838e-02 -9.1408272821e-02  4.9607651668e+00 -1.0973740303e-01 -4.3432467763e+00  8.0872707743e+00 -4.0284149998e-01 -4.9530518458e-01  7.3606085798e+00 -4.9340093056e-01 -4.7551425741e+00  1.1041951218e-01  9.4416509655e-01  2.2338266178e-01  1.3608772359e+00 -7.4021934939e-02  9.7679432499e-01  1.2361731886e-01 -8.1567059670e-01 -6.5812748637e-02  1.0688127124e+00 -4.0947823683e-01 -2.9979606083e+00  1.4815316768e+00  1.3299376273e+00 -2.8882251368e+00 -2.4031292847e-02  7.3173511806e-01 -2.2093190657e+00  3.2594193386e+00  2.2007995700e-01 -2.9168903215e+00
ENERGY -7.519560362134e+03
GRADIENT  3.4533011972e-04  1.4964297195e-03 -3.3606367341e-04  3.6005098923e-05  5.5382268017e-05 -2.1825777703e-05  1.6735400128e-05 -2.9003418445e-04  8.5225209225e-05 -4.9665759289e-05 -1.3327312033e-04  1.3088014045e-04 -6.3185606851e-04 -2.9591097521e-03  4.0298883501e-05  4.0424423705e-05  1.5964721914e-04 -6.5022341769e-06 -2.5593988348e-04 -1.2410778494e-03 -4.2205159481e-04 -1.1518806264e-04 -2.9753401880e-05 -4.0810681432e-05  6.3743749162e-06 -7.9839512646e-05  1.6829745848e-05  6.4124680492e-04  2.9216217697e-03  3.6725320214e-04  7.5797178752e-06  4.4367192786e-05  1.4670359972e-04  2.1801785894e-05 -6.2292538575e-05 -4.5042022155e-05  4.7834658770e-05 -1.0243155444e-05 -6.4632769148e-06 -4.2032218331e-06 -1.3571852865e-05 -1.6034535758e-05 -1.4628133353e-05 -2.9149353079e-06  1.0215922664e-05  1.6609639236e-05  7.1591988263e-05 -3.1997770940e-06 -6.4140335084e-06  3.0946529887e-05  1.7902746832e-05 -6.1780029589e-06  2.5054142657e-06  7.8481026457e-06 -1.4916080950e-05  5.7751444800e-07 -1.4921475746e-05 -1.9180191975e-05  6.2944888118e-06  5.1530207702e-07 -2.9694563335e-06  8.2349876372e-06  2.0622236078e-05  2.1282488036e-06 -8.8520961555e-06  4.4221285248e-06 -1.4385069004e-05  1.6896161136e-05  1.6978852675e-05 -7.5856770096e-05  3.3203046498e-05  6.3282840828e-05

JOB 11
COORDS  5.9323747055e+00 -4.5178828753e-01 -9.9850804484e-01  5.6754793701e+00 -2.6363591261e-01 -3.4053476382e+00  7.3102211184e+00 -6.3370637529e-01 -1.1717729403e+00  7.0481649103e+00 -4.4608390763e-01 -3.5864158412e+00  5.0971863571e+00 -2.8064952467e-01 -2.1194486712e+00  7.8509477981e+00 -6.0108937612e-01 -2.4561585563e+00  2.9033418504e+00 -8.1747352920e-02 -9.0372341638e-01  6.5365956558e-01  2.2885191775e-01 -1.7521389143e-02  9.9466780205e-01  2.4660796514e-01 -2.4851433481e+00  3.7016045029e+00 -1.1195679783e-01 -2.0459322273e+00  1.5482241240e+00  3.2592291894e-02 -1.1548516961e+00  3.3658040084e+00 -1.5974492058e-01  2.3517004771e-01  9.9054117186e+00 -1.6300774711e+00 -2.7614692268e+00  5.5022403143e+00 -4.5161641613e-01 -6.5872217549e-03  5.0454978823e+00 -1.1659916181e-01 -4.2813869322e+00  7.9414599573e+00 -7.8191087155e-01 -3.0179793530e-01  7.4689440606e+00 -4.5005445496e-01 -4.5862758486e+00  2.9746848955e-01  1.2663633820e+00  3.4773876994e-02  1.1955226846e+00 -3.8621824592e-03  8.9705458494e-01 -2.1130870535e-01 -4.3752162798e-01 -1.0413853574e-01  1.2662098836e+00 -5.6222666487e-01 -3.1746200367e+00  1.2965406953e+00  1.2099861609e+00 -2.9211286006e+00 -9.4028392192e-02  2.4501035332e-01 -2.4138882998e+00  3.2475454692e+00 -1.9657787819e-02 -2.9424361718e+00
ENERGY -7.519560808407e+03
GRADIENT -6.2502313971e-05 -3.0885896553e-04 -1.6873295934e-05 -6.8070789118e-06  4.1560895427e-05 -2.6408448440e-05  1.3649106600e-05  5.6565402371e-05 -4.6457527517e-06 -1.9381846554e-05 -3.2075871616e-05 -1.8538206008e-06  9.4668319960e-05  5.5863254448e-04  4.8155608369e-05 -9.4727809468e-06  3.1908631851e-05  9.5008236518e-06  8.2330546476e-05  2.2758049767e-04 -1.2662006524e-05 -2.0831778266e-05  3.2428379030e-05  1.3009263493e-05  3.0399970504e-06 -3.1321855925e-05 -4.5821823864e-05 -1.0984034337e-04 -5.6308988350e-04  4.3148566810e-06 -1.4027090664e-05 -2.5267113066e-05  7.6022480881e-05  5.1903748591e-06  3.4209299067e-05 -2.8926311967e-05  1.6410415334e-05 -1.4566641463e-05 -3.0980121348e-06 -7.8815030652e-07  7.7793784475e-06  5.4816154625e-06 -2.7271116613e-06  2.3733061962e-06 -2.9481054287e-06 -2.5096791032e-06 -1.8517603103e-05 -3.1389136863e-06 -4.4154234354e-06  1.5563912258e-05 -2.6659401612e-06  5.6641905593e-06  1.8180568550e-06  1.7524462225e-05 -1.1490156231e-05 -1.1518032143e-05  3.0622980175e-06  1.9474830662e-06  7.0835833331e-07  4.8513741275e-06  1.3602049077e-05  3.8589139141e-06 -9.2122418938e-06 -2.3420886620e-06  1.0399442319e-05 -1.3923171990e-06  2.6943515076e-05  6.6232100048e-06  8.6043052067e-06 -5.7644532226e-06 -1.1088031043e-05 -1.9799232416e-05

JOB 12
COORDS  5.8957687383e+00 -6.0679374543e-01 -1.0016595267e+00  5.6798211880e+00 -1.6999332220e-01 -3.3780346806e+00  7.2757587680e+00 -7.7829650798e-01 -1.1704320164e+00  7.0543060623e+00 -3.4243452195e-01 -3.5550458635e+00  5.0787717860e+00 -3.1990757877e-01 -2.1116599531e+00  7.8398124958e+00 -6.2114428482e-01 -2.4360700714e+00  2.8876737872e+00 -5.7757436423e-02 -9.0788814520e-01  6.5228693866e-01  3.9477387911e-01 -4.2419944883e-02  9.6668688025e-01  1.2846662809e-01 -2.4988478841e+00  3.6766727942e+00 -2.0419551340e-01 -2.0495301335e+00  1.5350927238e+00  7.2980535771e-02 -1.1595598738e+00  3.3576224769e+00 -6.3989516910e-02  2.3030144997e-01  9.8826663946e+00 -1.6189458360e+00 -2.8123097589e+00  5.4514733484e+00 -7.0308511014e-01 -2.0457686481e-02  5.0650507026e+00  6.8585577908e-02 -4.2446758600e+00  7.8912638093e+00 -1.0202442706e+00 -3.1037403177e-01  7.4913131662e+00 -2.4309612961e-01 -4.5429914984e+00  2.8381953832e-01  1.4266218424e+00 -1.1415312580e-01  1.2089776977e+00  2.8138771071e-01  8.8574981374e-01 -2.0591214242e-01 -2.8629093779e-01 -3.3418506527e-02  1.2714344270e+00 -7.3378504921e-01 -3.1029399005e+00  1.2237046460e+00  1.0550091886e+00 -3.0338732001e+00 -1.2094323401e-01  8.9047730643e-02 -2.4180444506e+00  3.2384454293e+00 -4.7012576815e-02 -2.9451952160e+00
ENERGY -7.519560109031e+03
GRADIENT -1.5076017929e-04 -1.9167157058e-03 -5.2188878583e-04 -1.1158364082e-04  1.0691545415e-05 -1.6197019788e-04  1.6389316628e-04  1.1165892725e-04  1.6427212263e-04 -2.0989314232e-05  4.3250100984e-06  1.4613563166e-04  4.0476609625e-04  4.0434401976e-03  3.9673889951e-04 -9.1529274793e-05 -3.2582085267e-05  1.3621331436e-05  1.6836538010e-04  2.0145474712e-03 -2.4338252045e-04 -1.0612491085e-04 -9.3542370183e-06 -2.6190756190e-05  1.1717300834e-05 -4.9859393820e-05  1.1648961343e-05 -3.8294779424e-04 -4.1639183899e-03  1.6214467350e-04  2.3054255310e-05 -2.0351962026e-06  1.4886426258e-04  1.4787756527e-05 -2.1844247959e-05 -3.8473319728e-05  3.1693305775e-05 -1.5938098903e-05 -1.6229966329e-06  3.0841373020e-05  1.9068802234e-05 -5.5063761346e-06 -1.5140734598e-05  1.0413703483e-05 -5.9965113081e-06  1.6170983356e-05 -4.0734990442e-05  2.2345943988e-06 -1.3043662239e-05  8.2332097337e-06  5.3694616751e-06  1.0472918945e-05  4.7188506656e-06  1.7810233070e-05 -1.8140140868e-05 -2.2288526016e-05 -1.4647885106e-05 -1.5281654285e-05  1.3530750636e-05 -1.0905007900e-05  1.7951157816e-05  2.6595143241e-06  9.0308637786e-06  7.5876715073e-06 -4.3686136080e-06  3.1455226885e-06  1.6847610528e-07  1.1432763839e-05  1.5150510911e-05  8.5186025985e-05  1.5292268580e-05 -6.0472839243e-05

JOB 13
COORDS  6.1322982682e+00  5.0436795455e-01 -2.3492754388e+00  7.1920003308e+00 -5.6937390935e-01 -4.5262650389e-01  7.2939448246e+00  2.9402875439e-01 -3.1023221022e+00  8.3579775076e+00 -7.7601588211e-01 -1.1943040111e+00  6.0782938450e+00  9.1670321271e-02 -1.0053269244e+00  8.3851096189e+00 -3.5770181287e-01 -2.5250978097e+00  3.6501584600e+00  4.9292082414e-01 -5.5128357555e-01  1.3288965826e+00  6.1215875352e-01  1.9199307808e-01  3.1454944468e+00  6.0647923966e-01  1.8963015143e+00  4.9855883730e+00  3.5773475943e-01 -1.5427469092e-01  2.7565778480e+00  6.1905409917e-01  4.9353059480e-01  3.3092150213e+00  5.2461608165e-01 -1.7331879006e+00  1.0437728617e+01 -2.3976337815e-02 -3.4776795193e+00  5.2760230472e+00  9.9067851128e-01 -2.7972908372e+00  7.1590462723e+00 -9.1371907777e-01  5.7983418815e-01  7.3303531864e+00  6.3389262972e-01 -4.1319667312e+00  9.2121154039e+00 -1.2653980891e+00 -7.3827996332e-01  8.4537310063e-01 -2.7937778004e-01  6.1159597378e-01  1.2009279048e+00  6.1168611909e-01 -8.8878565985e-01  8.4728423924e-01  1.5037353511e+00  6.1014557371e-01  3.9699700090e+00  1.3009157455e+00  2.0900796176e+00  3.4245295689e+00 -3.9655910535e-01  2.2534905335e+00  2.2978240406e+00  9.4215914529e-01  2.4967158458e+00  5.1495955550e+00  9.6099231130e-02  8.0759557265e-01
ENERGY -7.519558906090e+03
GRADIENT  9.8225194526e-04  1.9385027880e-03  6.6727726485e-04  3.2010150896e-05  4.8967200179e-05 -2.1115534890e-06  1.3601192769e-05 -5.2855031735e-05 -1.6596996331e-05 -2.5605473475e-05 -3.8564139741e-05 -2.0395587793e-05 -1.7175647407e-03 -4.2285656236e-03 -8.3610581635e-04 -2.1791283647e-05 -2.8224984313e-05 -1.1618392862e-05 -3.2187735182e-04 -2.3195587457e-03  3.0538530177e-04 -1.4997576607e-06 -8.3860428125e-06 -1.1343752561e-05 -3.3501706697e-06 -5.0114999162e-05 -1.0172542785e-06  1.1059213920e-03  4.5249833224e-03 -1.0202482224e-04  1.9130810936e-05  8.8098427916e-05  1.0186857953e-05 -8.5926268864e-06  2.3259657759e-05 -1.1521518178e-05  1.5751315302e-05  1.5317536263e-05 -4.2358814937e-06 -1.9688885880e-06 -1.2936358561e-05 -6.7480258836e-06 -9.6088937892e-06 -8.3046039586e-06 -9.0543772871e-06  2.1003498141e-06 -3.5561886757e-06 -4.7500594654e-06  5.4666989314e-06  4.1367775395e-06 -3.1145286910e-06  1.7688574988e-06  9.1669930957e-06  1.0308832078e-05 -3.6741854996e-07 -1.2216793758e-05 -4.8155862608e-06  7.4516126711e-07  9.7097757971e-06 -1.5730176033e-05 -3.2408569788e-06  1.0052070098e-05  3.4461051855e-06  3.8597915922e-06  5.6913634015e-06 -8.2816983144e-06 -8.8298795197e-07  1.5528226972e-06 -2.0541154057e-07 -8.9495360058e-05  5.4727078171e-05  1.2131580611e-05

JOB 14
COORDS  6.2395153282e+00  7.2280379565e-01 -2.2819716281e+00  7.1835720440e+00 -6.2762994692e-01 -5.0694920587e-01  7.3772452485e+00  4.8254840989e-01 -3.0601282482e+00  8.3315115137e+00 -8.6304995668e-01 -1.2705797215e+00  6.1419801753e+00  1.8505158291e-01 -9.8690090718e-01  8.4041750513e+00 -3.1753552170e-01 -2.5523112873e+00  3.7168570351e+00  4.7851217583e-01 -5.4152240836e-01  1.3873821666e+00  4.5923071223e-01  1.8549077865e-01  3.1818900290e+00  7.7467327539e-01  1.8833997293e+00  5.0601547940e+00  4.8141317706e-01 -1.2567252590e-01  2.8069298545e+00  6.0655346732e-01  4.8692654522e-01  3.3916657033e+00  4.0171693536e-01 -1.7243975404e+00  1.0474498502e+01 -7.9511294340e-02 -3.4756720388e+00  5.4349061501e+00  1.3316018783e+00 -2.6748285741e+00  7.1101688704e+00 -1.0727484611e+00  4.8386383279e-01  7.4496007151e+00  9.1535409712e-01 -4.0522329073e+00  9.1371936035e+00 -1.4683630014e+00 -8.6873019552e-01  9.7048799039e-01 -4.1895480734e-01  6.9495259100e-01  1.2695966058e+00  3.3838023236e-01 -8.8977677133e-01  8.3398621173e-01  1.3487208125e+00  5.0911838177e-01  3.9909347106e+00  1.5032492015e+00  1.9918106284e+00  3.4786730386e+00 -1.7076417433e-01  2.3630834395e+00  2.3215667944e+00  1.1636084695e+00  2.4324922739e+00  5.2246534333e+00  1.9215825010e-01  8.2951851320e-01
ENERGY -7.519557573139e+03
GRADIENT  1.2583280062e-03  1.8454253823e-03  8.9672313755e-04  3.0838972655e-06 -1.7965982418e-05  8.6333334382e-05 -1.1295802161e-05  2.0612244897e-05 -6.9840955207e-05 -4.3453195499e-05  4.2507684700e-05 -3.0124855132e-05 -1.9363278377e-03 -4.1881975432e-03 -9.9042924047e-04 -8.6033127548e-06  2.3987969707e-05  3.5307812312e-05 -2.5581155572e-04 -2.3316991930e-03  5.2535753389e-04  2.3654094396e-05  2.9438400507e-06 -2.8280384222e-05  7.5174097011e-06  1.0835643844e-04  4.9797378237e-06  8.0660493113e-04  4.6779948917e-03 -4.2643675894e-04  1.2505401266e-05 -9.2485147379e-05  4.2562419780e-05 -4.3605551893e-06 -7.8575207949e-07  6.4144407758e-06 -3.6887715179e-06 -2.1035337266e-05 -2.0301337597e-05 -8.5383606793e-07 -1.3238340366e-05 -9.2962162189e-06 -5.5352722758e-06 -4.7144627911e-06  1.1637421012e-05 -4.2915552233e-06 -9.1086866059e-06 -7.5254654978e-06 -1.4053192191e-05 -3.3461558057e-06  3.3369757889e-06  3.2887836007e-06 -1.3186512407e-05 -1.1132740529e-05 -7.8857290312e-06  1.5517493428e-05 -6.7890116963e-06 -3.1473941856e-06 -1.0945402203e-05  1.6649628794e-05  1.0684779757e-05 -2.4013707659e-05 -9.9152651072e-06 -1.7102364714e-05 -2.3047269260e-07  8.8703497922e-06 -5.1388431590e-06  6.3428033325e-06  7.9809462026e-06  9.0085054853e-05 -8.1261060232e-05 -1.3589633257e-05

JOB 15
COORDS  5.9758381398e+00  1.6632074915e-01 -2.0192643841e+00  6.5538530386e+00 -1.3316337877e+00 -2.0903755175e-01  7.1138573929e+00 -2.4378672147e-01 -2.7208829120e+00  7.7058040827e+00 -1.7403558042e+00 -8.9181828857e-01  5.6974964672e+00 -3.5968702567e-01 -7.4803893442e-01  7.9594176475e+00 -1.2013154423e+00 -2.1528346280e+00  3.2784206611e+00  3.2047858721e-03 -4.8452571679e-01  9.0542808071e-01  5.0554205014e-02  8.4112816444e-02  2.5748478562e+00  7.1339993935e-01  1.8067047361e+00  4.5950733527e+00  1.1071793626e-01  1.3197854300e-02  2.2990450160e+00  2.8653739668e-01  4.4283297753e-01  3.0410184337e+00 -2.8075936594e-01 -1.6556026200e+00  1.0103999078e+01 -1.2845422736e+00 -2.9148031310e+00  5.3087587196e+00  9.0301929346e-01 -2.4523732580e+00  6.3321247852e+00 -1.7697118665e+00  7.6229261855e-01  7.3277544035e+00  1.7765522836e-01 -3.6972345857e+00  8.3752707051e+00 -2.4681512259e+00 -4.4557374926e-01  4.6325556370e-01 -7.1764810881e-01  7.3133199631e-01  8.6274609795e-01 -2.8409599626e-01 -9.5079683796e-01  3.2210528260e-01  9.7350741614e-01  1.8656157360e-01  3.4030350870e+00  1.4266319761e+00  1.8359925716e+00  2.7970311753e+00 -1.2834947359e-01  2.4807421142e+00  1.6926292194e+00  1.2245113022e+00  2.1997445022e+00  4.6922237093e+00 -8.4132157864e-02  1.0020912875e+00
ENERGY -7.519556059225e+03
GRADIENT  1.6162210780e-03  1.7438744954e-03  1.1119414915e-03  1.2280728106e-05  5.0644538829e-05 -2.4305838480e-04  1.2900873462e-04  1.7979000744e-04  1.0058666436e-04  1.1556463468e-04  5.2410529505e-05  1.0015585618e-04 -2.7467311569e-03 -4.0917103391e-03 -1.0016628126e-03 -8.3557125334e-05 -1.6054594676e-04 -9.9584431061e-05 -2.8041733828e-04 -2.6580535064e-03  1.2347111383e-03  1.1229308859e-05 -3.3758667816e-05  1.2412564287e-05 -8.1626998170e-06  1.1272940219e-05  6.2019887682e-06  1.2980194768e-03  4.8518573973e-03 -1.1765169527e-03  9.2811968619e-06  4.7525501071e-05 -2.0584927945e-05 -5.3051412123e-05  9.4482919061e-05  2.0386174406e-05 -7.5876027956e-06  1.8865321890e-05  1.1538115663e-05  3.4550724044e-05 -6.4394658083e-06  3.8270478278e-05  6.0150776084e-06  2.5226607471e-05 -2.3894040029e-05 -2.9142979457e-05 -3.6004963345e-05 -1.3115926972e-05 -3.1348641054e-06 -1.4213459099e-05 -2.1647018029e-05  7.1735740485e-06  2.7536044570e-06  8.9305618345e-06 -1.1874912854e-06 -4.7624386943e-06  6.1047890890e-06 -4.4779695093e-06  1.5683870322e-06  9.2339353112e-06  5.7458846890e-06 -2.1061945955e-05  1.1952652089e-05 -2.8597487289e-05 -1.0416873108e-05  4.1958578436e-06  1.2517668328e-05  3.7841434307e-05  1.6418637301e-06 -5.1165645811e-05 -3.9271477085e-05 -3.7249266998e-05

JOB 16
COORDS  6.0739828570e+00  2.9893461147e-01 -1.9352472958e+00  6.4479183597e+00 -1.4253222842e+00 -2.8298726990e-01  7.1981379532e+00 -1.3294004174e-01 -2.6460647297e+00  7.5864527296e+00 -1.8627741138e+00 -9.7187300535e-01  5.7021781437e+00 -3.3021995260e-01 -7.3959456599e-01  7.9345370627e+00 -1.2155873936e+00 -2.1574169516e+00  3.2867881454e+00 -8.3986443685e-02 -4.4912415121e-01  9.1673771505e-01 -1.0681310213e-01  1.3458811588e-01  2.5543755591e+00  8.5329172113e-01  1.7463731129e+00  4.5979969022e+00  1.6636168099e-01  1.5602032414e-02  2.2956222939e+00  2.4727640565e-01  4.4876004039e-01  3.0666373634e+00 -5.2169841663e-01 -1.5751790933e+00  1.0094988643e+01 -1.4070115800e+00 -2.8555725293e+00  5.4876644249e+00  1.1361296361e+00 -2.3005189751e+00  6.1471141394e+00 -1.9419805863e+00  6.2603821426e-01  7.4853849392e+00  3.6833400011e-01 -3.5641090568e+00  8.1743807593e+00 -2.6901579164e+00 -5.8878370366e-01  5.1952334570e-01 -8.1508940690e-01  8.7299967493e-01  8.9042293878e-01 -5.6486151123e-01 -8.5261542234e-01  2.8254891555e-01  7.8793581100e-01  1.3095048439e-01  3.3411982251e+00  1.6090000337e+00  1.6759588527e+00  2.8304312771e+00  1.1453473121e-01  2.5147796096e+00  1.6462499563e+00  1.3568688207e+00  2.0868352916e+00  4.7221663273e+00  4.7940589228e-02  1.0143424389e+00
ENERGY -7.519554397923e+03
GRADIENT  1.5744958559e-03  1.8229882470e-03  1.2459951803e-03  1.8172589013e-04  4.0674409449e-04 -5.4940498439e-04 -1.5213602751e-04 -2.5147794071e-04  2.8530049605e-04  2.2344130418e-04 -3.7928076410e-04  1.1595787018e-04 -2.4890485675e-03 -3.4100812232e-03 -1.1383228434e-03 -5.4768102588e-06 -1.4497307052e-04 -1.2451508042e-04 -2.7109212180e-04 -2.3979606720e-03  1.2836034877e-03  4.1924160493e-06  1.9864784018e-05 -3.0528279593e-05  1.7043097520e-05  2.3688452543e-05  2.0693116409e-05  8.0289814430e-04  4.3196605726e-03 -1.2119418587e-03  5.8386351124e-05  5.6201210264e-05 -6.7282683846e-05 -5.9444154720e-05  4.2614571323e-05  2.4749875074e-05 -7.4833319838e-06  8.3007373249e-05  8.8601920891e-05 -2.8233773927e-05  3.9986369214e-06  3.0600752482e-05  3.7370305218e-05  1.6852098388e-05 -7.4387615529e-05  4.3407528661e-06  1.0336746919e-05  3.1155087108e-05  5.9594500840e-05 -2.2280720648e-05 -1.7318310911e-05  7.5003358128e-06 -3.3297530286e-06 -1.2209326507e-05  5.4341438321e-06  4.2879206833e-06 -1.0443811294e-05  4.6464194545e-06  3.1078078305e-06  6.8851283176e-06  2.2594131908e-06  5.6703005949e-08 -4.2905602966e-06  1.5535227245e-05 -4.3255039096e-06 -1.4370237096e-05  2.4439362872e-06 -1.7906677983e-05  5.1608909897e-06  7.0838729995e-05 -8.2647574067e-05 -1.2812189257e-05

JOB 17
COORDS  5.9296103801e+00  7.4310510504e-01 -1.9972356928e+00  6.3704166256e+00 -1.3555363688e+00 -8.8136382542e-01  6.9567020158e+00  4.8729557738e-01 -2.9141091894e+00  7.3944142481e+00 -1.6367780532e+00 -1.7932080820e+00  5.6581484900e+00 -1.5332501930e-01 -9.5501359547e-01  7.6678819254e+00 -7.0819420824e-01 -2.7992027061e+00  3.3282799139e+00 -3.2399834982e-01 -2.4606259003e-01  9.7301609117e-01 -1.3325318223e-01  3.6886475405e-01  2.6907104724e+00  9.9754903323e-01  1.7742487020e+00  4.6398736733e+00  1.2325999738e-01  1.4659483508e-02  2.3777379911e+00  1.5426582192e-01  6.3060837204e-01  3.0788629185e+00 -1.1057010961e+00 -1.1604095151e+00  9.7313339119e+00 -7.9355367574e-01 -3.7683005379e+00  5.3416948231e+00  1.6530938554e+00 -2.0923798336e+00  6.1307707141e+00 -2.0655008170e+00 -9.5286621637e-02  7.1839312335e+00  1.2026296058e+00 -3.6974361069e+00  7.9568470380e+00 -2.5609899435e+00 -1.7140993379e+00  5.2733570746e-01 -6.7464576759e-01  1.2123489574e+00  9.0463018762e-01 -7.5123542809e-01 -5.2478599509e-01  4.0907976655e-01  7.9513961921e-01  2.1128700909e-01  2.7904014924e+00  2.0608667029e+00  1.5060762396e+00  3.6084491099e+00  6.6490887904e-01  2.2667821156e+00  1.8803188555e+00  9.1773008068e-01  2.5031734139e+00  4.7068184586e+00  1.0537481757e+00  4.1054948158e-01
ENERGY -7.519552990542e+03
GRADIENT -1.4617041220e-03 -7.6573184500e-04 -1.1779091531e-03 -9.8555560429e-06 -1.5829806107e-04  2.0149817558e-04 -1.2118452370e-04 -9.7108522435e-05 -7.1500986681e-05 -1.6494181326e-04  1.2035925858e-05 -9.1443790979e-05  2.0566912844e-03  2.2027109432e-03  1.2931501811e-03  8.7068792251e-05  5.5307071029e-05  5.2775614966e-05 -3.1041499893e-04  1.7366025470e-03 -8.6435173613e-04  6.3765777218e-06 -2.3377699188e-05  4.2329959577e-06  1.3233169403e-05 -2.3835027457e-05  9.4484082834e-06 -1.3165303938e-04 -2.9814184909e-03  5.6892375220e-04 -4.9120619235e-06 -2.4957600506e-06 -1.9060749917e-05 -2.9063278123e-06 -8.6090869242e-06 -2.4088069006e-05  3.4356264741e-05  9.2992626191e-06 -8.3199302616e-06 -1.6282076965e-06  2.4773780487e-05 -1.6982979556e-05  1.6514384263e-05 -3.1023121086e-05  6.4276285287e-06  1.9342733332e-05  2.1396343636e-05  2.0912537945e-05  2.0631888048e-05  2.1423750209e-05  1.5674498244e-05  4.6151244298e-06  1.5906324343e-07 -4.3758516531e-07  3.8738861839e-06 -1.6311208371e-05  3.1287784278e-07  3.9190760313e-06 -9.4768487330e-06 -1.3008110240e-05  1.3142904676e-05 -8.5699872962e-06 -4.5207334728e-06  8.4531642355e-06 -1.1798609544e-05 -4.4143256422e-06 -1.5062917462e-06  6.8151043779e-07 -1.3933966256e-05  2.0763563191e-05 -2.6417366753e-05 -2.1546697444e-06

JOB 18
COORDS  6.0375333304e+00  8.6511591661e-01 -1.8902437500e+00  6.2327264371e+00 -1.3698349642e+00 -9.8506979072e-01  7.0682152469e+00  5.9961883028e-01 -2.8003616513e+00  7.2525948280e+00 -1.6595898206e+00 -1.8970924223e+00  5.6437365079e+00 -9.8889554992e-02 -9.5161296119e-01  7.6522036544e+00 -6.6734688744e-01 -2.7958223604e+00  3.3361395206e+00 -3.7229303254e-01 -1.7943983016e-01  9.8370060344e-01 -2.5451538297e-01  4.6274590275e-01  2.6478301541e+00  1.1297721460e+00  1.6938610482e+00  4.6199315376e+00  1.8771143818e-01 -5.9373659400e-04  2.3724628055e+00  1.4211127712e-01  6.6116279802e-01  3.1209859315e+00 -1.2660266138e+00 -9.9382012929e-01  9.7291914965e+00 -8.6489380514e-01 -3.7140115286e+00  5.5451413235e+00  1.8351702359e+00 -1.9101060701e+00  5.8970243007e+00 -2.1293268712e+00 -2.8624730714e-01  7.3935529861e+00  1.3650987348e+00 -3.4969457426e+00  7.7147112852e+00 -2.6409819475e+00 -1.9044509513e+00  5.8429967472e-01 -7.2280576948e-01  1.3705965558e+00  9.3899873091e-01 -9.7139027951e-01 -3.5526812255e-01  3.6326652178e-01  6.1634488227e-01  2.1537999210e-01  2.6787652489e+00  2.1587466729e+00  1.3031114914e+00  3.5895473414e+00  9.1141138979e-01  2.2047620103e+00  1.8527409178e+00  1.0870917719e+00  2.4423088777e+00  4.6223649051e+00  1.1544009167e+00  3.0268406336e-01
ENERGY -7.519554439737e+03
GRADIENT -2.0168952445e-03 -1.5660395951e-04 -1.6391337122e-03  1.7206052347e-04  2.3963150492e-04 -1.5491006057e-04 -3.7177069652e-04 -4.8984053232e-04  1.0813363842e-04  9.2176149194e-05 -5.3594037639e-04 -6.7509569070e-05  2.6159735316e-03  2.2455772807e-03  1.8598871222e-03  4.2114542238e-05  3.5181452223e-05  1.2762434272e-04 -5.7255392447e-04  2.1676308745e-03 -1.3220176579e-03  1.2768515550e-05  6.6034175872e-06 -1.4990863467e-05 -5.1421885427e-06  1.5708298483e-05 -6.7428956938e-05  1.5923702924e-04 -3.5413115734e-03  8.9003231729e-04 -3.6841490558e-05 -2.7025031269e-05  5.5416245378e-05 -7.6642400157e-05 -2.1594846645e-05  4.7331575480e-05  1.2585229315e-05 -7.2351676848e-06  5.8160665515e-05 -5.2658833614e-05  6.6061311863e-05  3.0202078378e-06  4.8677463448e-05 -1.6013641162e-05 -5.1164986237e-05  1.7854875231e-05  3.3146590855e-06  8.1731230884e-05  4.5438958222e-05 -5.0003152102e-05  5.0203883683e-06  5.1934582328e-07 -7.6470574058e-06 -3.0887172580e-07 -5.3338750975e-08 -1.0581543323e-05 -2.8673801555e-06  8.0196740929e-06  5.7939606406e-07  4.9090015390e-06  1.1584075303e-05  2.3255858140e-06  1.2505553753e-06  1.1247880391e-05 -3.6827493219e-06  1.8600431969e-05  9.6240352026e-06 -1.0996086904e-06  4.4267706394e-06 -4.3729537807e-05 -3.5741288919e-05  7.7283389845e-05

JOB 19
COORDS  6.1780661731e+00  9.0781337249e-01 -1.8259910046e+00  6.1562954503e+00 -1.4190328939e+00 -1.1570606661e+00  7.2224177369e+00  6.5743496831e-01 -2.7236207256e+00  7.1879647052e+00 -1.6886608417e+00 -2.0620494982e+00  5.6675092607e+00 -1.1221197756e-01 -1.0082003661e+00  7.7015320844e+00 -6.4739883016e-01 -2.8399437046e+00  3.3886919773e+00 -4.7465799981e-01 -1.5151854131e-01  1.0490658165e+00 -4.2435812256e-01  5.4252210838e-01  2.6477104066e+00  1.1923434474e+00  1.5574486740e+00  4.6367474597e+00  1.7909899784e-01 -7.5781141542e-02  2.4148721298e+00  7.4115599268e-02  6.5518560622e-01  3.2082162726e+00 -1.4669596557e+00 -8.5242085454e-01  9.7903058202e+00 -9.2338657534e-01 -3.7095058352e+00  5.7682237990e+00  1.9137065692e+00 -1.7571837492e+00  5.7365697697e+00 -2.2200352915e+00 -5.5922989318e-01  7.6332912495e+00  1.4633532510e+00 -3.3226061945e+00  7.5726495232e+00 -2.6982443971e+00 -2.1593382292e+00  6.9646593139e-01 -7.9905299425e-01  1.5110120111e+00  1.0326546195e+00 -1.2378217125e+00 -1.8055952107e-01  3.7242549613e-01  3.7170269855e-01  2.0660516321e-01  2.6226096947e+00  2.1666488254e+00  1.0452833916e+00  3.6022848275e+00  1.0851952545e+00  2.0803425650e+00  1.8612784373e+00  1.2007356601e+00  2.3157855675e+00  4.5900537226e+00  1.1616773544e+00  1.6400547277e-01
ENERGY -7.519556073372e+03
GRADIENT -1.9412567621e-03 -3.7722222458e-04 -1.9993561536e-03 -1.7453925327e-04  1.7648929014e-04 -2.5242683935e-04  1.1765373937e-04 -6.2392321660e-05  3.6069417636e-04  3.6219639877e-04 -6.9385259033e-05  2.5760415308e-04  2.2198236850e-03  1.6227631230e-03  1.7437123743e-03 -1.5684215360e-04 -8.0276986385e-05 -6.8772950287e-05 -8.9638736868e-04  1.8483345787e-03 -1.6445974121e-03  1.3902804397e-05  6.5718240683e-06 -1.9801194118e-05 -7.4365282784e-06 -9.7040668234e-06  1.8463245560e-05  5.4725921896e-04 -3.1024443566e-03  1.5701378264e-03 -1.3838563816e-05  7.5170364459e-05  3.5770779804e-05  6.8223481084e-05 -9.8435745664e-06  2.1386947518e-06 -4.0451679834e-06 -2.6614782265e-05 -5.8248079099e-05 -4.8715519265e-06  1.7547610953e-05  3.1962259628e-05 -1.5147898972e-06 -8.5784698308e-06  4.4948923498e-05 -6.6846825707e-05 -2.6289679828e-05 -2.5310532558e-05 -7.2826757238e-05 -2.8904871406e-05 -4.8529112082e-05 -1.5346303780e-06  4.9661318387e-06  3.2200814392e-06 -4.1472965700e-06  5.8408342293e-06  5.1635103070e-06  1.0774344061e-06  1.2378393754e-05  4.7811035579e-06 -1.0071600420e-05  1.3798417004e-05  5.6543740805e-06  2.2231160342e-06  1.0239604288e-05 -8.7364679315e-06  1.4899133816e-06  6.2453177205e-06  1.3267021718e-05 -5.5343676708e-05  2.1108180010e-05  8.7929708758e-05

JOB 20
COORDS  6.2624543045e+00  8.9731798280e-01 -1.7473759932e+00  6.0190998677e+00 -1.4690719927e+00 -1.2858123725e+00  7.3356772309e+00  6.4049548865e-01 -2.6063316334e+00  7.0822830841e+00 -1.7391202976e+00 -2.1545819387e+00  5.6211815395e+00 -1.4193664871e-01 -1.0508994942e+00  7.7204985501e+00 -6.8451345282e-01 -2.8121927420e+00  3.3595062094e+00 -5.1301268527e-01 -9.4817696730e-02  1.0564673041e+00 -4.7103442326e-01  7.1256233154e-01  2.6357960870e+00  1.3009056594e+00  1.4674603154e+00  4.5793337343e+00  1.8425955311e-01 -1.5142327358e-01  2.4053844307e+00  8.4000117619e-02  7.0253084486e-01  3.1770479748e+00 -1.5767480502e+00 -6.8285862109e-01  9.8309903502e+00 -1.0560283306e+00 -3.5900715600e+00  5.9323521626e+00  1.9254551665e+00 -1.6093383260e+00  5.5073185191e+00 -2.2829637080e+00 -7.8799381409e-01  7.8401775274e+00  1.4592173993e+00 -3.1086399199e+00  7.3970882906e+00 -2.7647724766e+00 -2.3152563693e+00  7.6068022152e-01 -7.3953271049e-01  1.7337280580e+00  1.0421701322e+00 -1.3648155669e+00  9.1582292677e-02  3.3477753184e-01  2.5481276986e-01  3.1672335671e-01  2.5873772435e+00  2.2101630818e+00  8.4867091581e-01  3.5995079977e+00  1.2681862116e+00  1.9847463589e+00  1.8610488644e+00  1.3852478582e+00  2.2326097912e+00  4.5292623663e+00  1.1734735882e+00  5.3495698870e-02
ENERGY -7.519557491438e+03
GRADIENT -1.4921127309e-03 -1.6511447208e-04 -1.6256513550e-03 -1.2978620198e-04 -1.2215331043e-04  6.3630021341e-05  5.1970956909e-05  1.0159503775e-04 -1.0751980465e-05 -2.2663225570e-05  4.4218854965e-05 -1.9988513917e-05  1.8257340827e-03  1.0857855148e-03  1.5064802181e-03 -9.3796499433e-05  4.3592004568e-06  6.7071610171e-05 -9.1977579072e-04  1.3371939709e-03 -1.5405843272e-03  6.2257148313e-06 -8.5416191902e-06  1.4772492138e-05  4.4046967583e-05 -4.6293171629e-05  8.6734754390e-05  6.4804247261e-04 -2.3639432003e-03  1.6516378567e-03 -3.5011697675e-05  6.7169896425e-05 -9.0151806896e-05 -1.6418331576e-05  1.2036924380e-05  4.2134223728e-07  5.1579133818e-06  1.9953733180e-06  3.0623379473e-06  1.2970588511e-05  1.2424544180e-05  2.1984869812e-06 -3.7767157212e-06 -1.9469008801e-05 -1.6358375235e-06 -1.5956854146e-05  1.1080625524e-05 -4.1110058152e-06 -1.5701265307e-05  4.1237445471e-06  1.5546536807e-05 -1.1921346925e-05  1.0070329481e-05 -9.4695867189e-07 -4.5089835757e-06 -5.1916791616e-06  1.0738617370e-05 -2.8088892227e-06  9.7280379007e-07 -9.0088793095e-06 -9.7956602363e-06  1.8214612969e-06  5.3583189396e-06  3.6804189503e-06  4.4635171092e-07 -2.7362852261e-05 -1.7240731349e-05  5.7495978110e-06 -3.9596583367e-06  6.0743532982e-05  6.0273314639e-05 -1.0202671034e-04

JOB 21
COORDS  6.2912940700e+00  9.2422388153e-01 -1.6529796643e+00  5.8596698233e+00 -1.4559696707e+00 -1.4768948957e+00  7.3964571094e+00  6.8313083503e-01 -2.4729393464e+00  6.9604447101e+00 -1.7052677865e+00 -2.3057736180e+00  5.5346417639e+00 -1.3550994750e-01 -1.1170686435e+00  7.7059623067e+00 -6.3621364767e-01 -2.8056408851e+00  3.2945966654e+00 -5.4241310321e-01 -7.6585231285e-02  1.0392025922e+00 -5.5056515428e-01  8.5767088835e-01  2.5350370767e+00  1.3910349643e+00  1.3155701595e+00  4.4740237383e+00  1.9106830423e-01 -2.4615953526e-01  2.3474058829e+00  7.9393293160e-02  7.1218429278e-01  3.1295319549e+00 -1.6575325921e+00 -5.7013960201e-01  9.8395840313e+00 -1.0705716650e+00 -3.4989558109e+00  6.0265559822e+00  1.9532659473e+00 -1.4152896545e+00  5.2612258136e+00 -2.2778126673e+00 -1.1071119719e+00  7.9833253405e+00  1.5132411957e+00 -2.8518843190e+00  7.2165867091e+00 -2.7283804610e+00 -2.5601214000e+00  8.0385714881e-01 -7.0046457801e-01  1.9178574653e+00  1.0606884220e+00 -1.5168015303e+00  3.5729250504e-01  2.5454944609e-01  6.9768891765e-02  4.0615462426e-01  2.5187683712e+00  2.2060098944e+00  5.7641610690e-01  3.4681119039e+00  1.4424706406e+00  1.8881632536e+00  1.7186992407e+00  1.5729428125e+00  2.0166097518e+00  4.4451763791e+00  1.1689417428e+00  5.3341200353e-03
ENERGY -7.519558781436e+03
GRADIENT -1.4958404936e-03  6.2876068980e-04 -1.5565642717e-03 -1.7958623815e-04  1.7712994093e-05 -4.2307352864e-05 -2.1869877585e-04 -2.6333095781e-04  3.8906281621e-05  1.7997203616e-04 -1.5419957208e-04  8.4678189226e-05  1.7460973450e-03  5.0992603562e-04  1.3451409673e-03 -5.8469050250e-05 -1.2682370691e-05 -1.1032174512e-04 -8.6159795415e-04  1.2481783843e-03 -1.6186121409e-03 -2.5309732725e-05  1.6408113210e-06  9.4411603014e-05 -2.2066196283e-05 -1.5243154248e-05 -4.9562125152e-05  8.3196175624e-04 -1.9491454780e-03  1.6510871623e-03 -8.1121194468e-05 -3.9966374821e-05 -5.3210723932e-05  3.2719282438e-05  3.3917638930e-05 -5.9733790391e-05 -3.8833394004e-05  1.6992848483e-05  6.7555426791e-05 -2.6756221925e-05  5.8492377775e-05  1.2306207974e-05  1.8828290910e-05 -4.3989525466e-05  5.9105126341e-06 -1.4228497698e-05 -1.0148130395e-05  4.9758650138e-05 -3.7238640481e-05 -1.0774188533e-05 -2.6784407726e-05 -3.0981231873e-06 -3.3188305628e-06  2.9589844305e-06 -6.2248839226e-07  7.5750314673e-06  7.3062918214e-06 -1.0373615472e-05 -9.4861150816e-06  4.1857932657e-06  4.6865298921e-05 -1.3736714268e-05  3.2476274910e-06 -1.1554707730e-05 -1.5271326774e-05  5.3945287569e-05 -2.4855315419e-05  1.0281038873e-05 -3.8160223349e-05  2.0086108471e-04 -2.8442756327e-05  1.0546333984e-04

JOB 22
COORDS  6.3654139291e+00  7.3536940515e-01 -1.9280235270e+00  5.8392801255e+00 -1.6198073521e+00 -1.6801642012e+00  7.7109791163e+00  4.3374465360e-01 -2.1483305803e+00  7.1866688619e+00 -1.9308007908e+00 -1.9037405364e+00  5.4201006296e+00 -2.7606469810e-01 -1.6622933806e+00  8.0990493706e+00 -9.0649941013e-01 -2.1551656686e+00  2.9495115435e+00 -6.5917941087e-01 -1.3996006730e+00  5.1273662951e-01 -6.8379820661e-01 -1.3059670681e+00  1.7120629960e+00  1.4807074360e+00 -1.0169855192e+00  4.0978779797e+00  1.3372636172e-01 -1.4018097330e+00  1.7763927579e+00  3.4093074908e-02 -1.1690117318e+00  2.9823070552e+00 -1.8784530250e+00 -1.5688283237e+00  1.0324292240e+01 -1.3568112991e+00 -1.7767792105e+00  6.0515705441e+00  1.7779270272e+00 -1.9485450005e+00  5.1185386543e+00 -2.4083623107e+00 -1.5127717680e+00  8.4247779069e+00  1.2308378673e+00 -2.3275423458e+00  7.5021346453e+00 -2.9688293298e+00 -1.8937661638e+00 -1.2162209931e-01 -4.9725699573e-01 -4.3239888770e-01  7.2276129745e-01 -1.7493564593e+00 -1.3749717912e+00 -2.6470708857e-02 -3.6718815198e-01 -2.2085580721e+00  1.9342352501e+00  2.0185041102e+00 -1.9508623777e+00  2.3852223742e+00  1.8344498884e+00 -2.2754388746e-01  6.9975068120e-01  1.7550981197e+00 -7.1559386486e-01  3.9744748134e+00  1.1356074072e+00 -1.3966514003e+00
ENERGY -7.519560060879e+03
GRADIENT -3.3680529009e-04 -2.2219034997e-04 -1.7675889941e-03  4.1786522476e-05  2.5782708681e-05 -1.6965959463e-04  9.9724787741e-06  2.1562811814e-05 -1.0888942828e-04  2.0657943576e-05  1.6951196328e-05  1.2928498009e-04  3.0765641070e-04  4.9960437810e-04  1.3953391778e-03 -2.1732512250e-05  1.9188271012e-05 -5.7286811692e-06 -3.0413780557e-04  4.1153216001e-04 -2.3109289220e-03  1.2286388799e-06 -9.6480318289e-06  2.9330817218e-05  8.0735755112e-06 -1.1561012321e-05  4.9930907438e-05  9.5012992433e-05 -7.7021126898e-04  2.7984064636e-03  1.4333138650e-05 -9.7486278245e-06  6.5711639036e-05 -4.4045922783e-06 -1.4678062611e-05  5.1404049425e-05  4.9607701028e-05 -1.4781406185e-06 -8.9418755483e-06  6.9087891658e-06 -1.1493114248e-05 -5.3023627446e-07  3.3615581267e-06  1.7040438047e-05  2.1474057977e-05  1.6898559701e-05 -3.3038770655e-06  2.4038964908e-05 -8.3344156251e-06  2.7103577591e-06 -3.9003270960e-05 -2.8187168959e-06  2.3434080346e-05 -1.3081982684e-05 -1.5088100805e-07 -3.5557153230e-06  2.6025781440e-05  1.2321932613e-05 -2.6216401356e-05 -1.5264915217e-05  8.7967700785e-06  3.3724432359e-06 -1.1382030820e-06 -3.1385526254e-06 -4.4272133080e-06  9.3256219663e-06 -7.9418108681e-07  2.4591789972e-06 -2.4592308136e-05  1.1916440604e-04  3.5855600404e-05 -1.6339026182e-04

JOB 23
COORDS  6.3867255115e+00  7.5557809797e-01 -1.8532662424e+00  5.8234112926e+00 -1.6059385172e+00 -1.8704354167e+00  7.7376904155e+00  4.5542355360e-01 -2.0410519294e+00  7.1761191416e+00 -1.9149852302e+00 -2.0606290284e+00  5.4174032451e+00 -2.6296612269e-01 -1.7479273375e+00  8.1072124814e+00 -8.8343257940e-01 -2.1701837119e+00  2.9573807706e+00 -6.6327680722e-01 -1.4032460570e+00  5.3532602616e-01 -7.2320102766e-01 -1.1319697440e+00  1.6960153701e+00  1.4800220195e+00 -1.1405014531e+00  4.0858734301e+00  1.4344215198e-01 -1.5393031947e+00  1.7885570448e+00  2.6357115722e-02 -1.1364100840e+00  2.9990270587e+00 -1.8902042417e+00 -1.5027837056e+00  1.0320659699e+01 -1.4091488253e+00 -1.7240781662e+00  6.0866828616e+00  1.7996952099e+00 -1.7776360433e+00  5.0868406292e+00 -2.3948241480e+00 -1.8070284548e+00  8.4693692555e+00  1.2542712907e+00 -2.0983108441e+00  7.4795221766e+00 -2.9539430093e+00 -2.1368536943e+00 -6.0307021793e-02 -4.4799544842e-01 -2.5492830507e-01  7.6437401986e-01 -1.7862385246e+00 -1.0911184755e+00 -5.3021201729e-02 -5.2108440197e-01 -2.0369969572e+00  1.8908462816e+00  1.9153953423e+00 -2.1312675749e+00  2.3741300411e+00  1.9339461289e+00 -4.0739066531e-01  6.8408042199e-01  1.7654710261e+00 -8.4894160573e-01  3.9651978908e+00  1.1421202478e+00 -1.4589849689e+00
ENERGY -7.519560813789e+03
GRADIENT -3.6430970732e-05  1.0468432467e-06 -1.7901174145e-04 -1.8753965385e-05 -4.9195852858e-06  3.0225698500e-05  2.3190692369e-05 -1.1224067658e-05  4.0627325185e-06  1.9587589536e-05  1.8947122831e-05  7.4414258632e-06  2.8055623115e-05  4.5418619352e-07  9.4635606959e-05 -6.6071621576e-05  2.0222794849e-05 -2.3097422261e-05  8.0738332168e-05  9.7676806528e-06 -2.2266798299e-04 -6.4768928523e-05  2.5731944496e-05 -5.5310101191e-06 -2.5057806398e-05 -2.7319261143e-05 -1.2445169069e-05  5.3125046478e-05 -4.1331385612e-05  2.4564972951e-04 -1.4928067086e-05 -1.3023399285e-05  3.4860755518e-05  1.1834261542e-05  3.7624689243e-05 -2.7456504640e-06  4.8374316720e-05 -3.9130486701e-06  4.6474584895e-06 -6.0902999032e-08  1.0994770728e-07 -4.0679182700e-06 -1.8710162785e-06 -2.0929911032e-06 -4.5332011130e-06 -5.3072041057e-06  5.2474254184e-06 -3.6002115080e-06 -5.2374209403e-06  4.4548937159e-06 -1.0118610592e-05 -5.4789905986e-06  1.4610548756e-05 -3.2076593522e-06  2.5816680703e-06  1.2184890437e-05  4.2391881744e-06 -7.4342067766e-06 -3.4548684138e-06 -1.1651330775e-06 -1.6968423566e-05 -1.3030794294e-05  6.8711756192e-06 -1.6464218755e-05 -5.6833846540e-06 -1.0430112069e-05 -2.4178306802e-05 -6.7812180713e-06  1.9669330152e-05  2.2269032517e-05 -2.0751539463e-05  1.6663660000e-05

