JOB 0
COORDS -3.4352950981e+00 -3.2051086754e+00 -5.2971714261e+00 -4.6430197206e+00 -5.2723179297e+00 -5.2399464369e+00 -3.7135702532e+00 -4.4960637857e+00 -3.2739418181e+00 -4.1756239025e+00 -4.1717892372e+00 -5.9850187099e+00 -3.1999795479e+00 -3.3578332957e+00 -3.9241723538e+00 -1.8638843007e+00 -2.3850605678e+00 -2.0239029274e+00 -8.7326656535e-01 -8.8808258470e-01 -2.2740897907e-01 -9.8362494700e-01 -1.1714067128e+00 -1.7268958326e+00 -4.4171383802e+00 -5.4237642913e+00 -3.9360475619e+00 -4.3837063321e+00 -4.0924784533e+00 -7.3698757179e+00 -2.4642549433e+00 -2.3463958745e+00 -3.2694906828e+00 -2.0023449021e+00 -3.3091784551e+00 -1.2319699727e+00 -3.0364511123e+00 -2.3426835285e+00 -5.8307220052e+00 -5.2215087143e+00 -6.0550716162e+00 -5.7324282241e+00 -3.5451063584e+00 -4.6519205677e+00 -2.2167083398e+00 -1.8457741492e+00 -6.1407337412e-01  1.9259202178e-01 -1.7490325924e-01 -6.5717449151e-02 -4.4278578552e-02 -5.2028787417e-01 -1.7747073662e+00  3.0341782548e-01  1.0069941971e-02 -1.3892077796e+00 -2.1403418068e+00 -1.3556977202e+00 -2.8897038319e-01 -2.2615480630e+00 -4.4301573039e+00 -3.1476350789e+00 -7.7345157874e+00 -5.1693006619e+00 -4.6439068699e+00 -7.6971748834e+00 -2.2323764400e+00 -1.5454813150e+00 -3.8436998412e+00
ENERGY -5.510703043174e+02
GRADIENT  4.9471667063e-04 -6.7949170536e-04  4.1951378243e-05  2.0722753845e-04  2.3637802953e-04  2.3030662502e-04  6.5652565942e-06 -2.1902688343e-05  2.7167998917e-05 -7.7769082427e-05  6.3915265973e-05 -4.0563733220e-04 -3.7916191787e-04  4.5560776619e-04  4.2720719103e-05  6.9429329926e-04 -2.6316565669e-04 -3.5899863983e-04  2.5473390960e-06  2.5670652816e-06 -2.5043331907e-06  1.7375218874e-05 -5.9127832972e-06  1.6796501462e-05 -5.0497483187e-05 -7.7583849941e-05  1.3336816543e-05 -3.6343432356e-05 -1.5202181413e-06 -1.2811342440e-04 -8.8588554487e-04  3.2073252447e-04  6.0138956192e-04  1.2999137229e-05 -8.6140082671e-07 -1.2690911418e-05 -3.1822284322e-05 -4.9286996564e-05  7.3715924856e-06  2.8780530572e-05  3.4574102955e-05  5.2218735781e-06  1.4926582026e-06  1.4088178351e-05  1.5305263749e-06  6.9913002221e-08  9.4214551998e-07 -1.5614236370e-06  1.0690048021e-06  1.3658989766e-06  1.8363156347e-07  1.2236384049e-06  1.6318890637e-06  1.7035408895e-06  8.6516433908e-06  2.7514936016e-06  4.6100982635e-06  4.4284500553e-06 -3.0721124893e-06 -1.7172265018e-06 -3.0584223020e-06 -7.8700721719e-06 -1.5930591168e-05  1.3122569577e-06  1.1415821166e-05 -1.9180321203e-05  3.6587254926e-06 -2.2221226611e-05 -2.4617869597e-05

JOB 1
COORDS -3.4316306426e+00 -3.2091447242e+00 -5.2816427958e+00 -4.6503112240e+00 -5.2723827222e+00 -5.2172236136e+00 -3.8516499477e+00 -4.4136208084e+00 -3.2302983102e+00 -4.1302286282e+00 -4.2044776965e+00 -5.9742189323e+00 -3.2949211408e+00 -3.3039818576e+00 -3.8916170567e+00 -1.8723356383e+00 -2.3728180473e+00 -2.0473906656e+00 -7.6756653412e-01 -9.7493045777e-01 -2.3677693600e-01 -1.0349440509e+00 -1.1335701498e+00 -1.7348258304e+00 -4.5114608520e+00 -5.3699848689e+00 -3.8953145222e+00 -4.2433283425e+00 -4.1847771670e+00 -7.3721429926e+00 -2.6116681982e+00 -2.2678095181e+00 -3.2146278340e+00 -1.8761163593e+00 -3.3670055048e+00 -1.3333113211e+00 -2.9891030373e+00 -2.3732927296e+00 -5.8226801552e+00 -5.1988332947e+00 -6.0738223470e+00 -5.7140035404e+00 -3.7494478506e+00 -4.5271863996e+00 -2.1585723884e+00 -1.6989794386e+00 -8.0541954390e-01  3.1178429906e-01 -1.0143056240e-01 -1.2590441127e-01 -5.5137989106e-02 -3.0469751834e-01 -1.8781934902e+00  1.6619458277e-01 -8.5095762722e-02 -1.2459600420e+00 -2.2744511551e+00 -1.5183182786e+00 -2.3623692146e-01 -2.1398037502e+00 -4.2662485171e+00 -3.2564156505e+00 -7.7788675352e+00 -5.0033774781e+00 -4.7534762063e+00 -7.7288660450e+00 -2.4482123657e+00 -1.4314069730e+00 -3.7615229236e+00
ENERGY -5.510696375701e+02
GRADIENT  1.2581366304e-03 -6.4430409509e-04 -3.0286645625e-04 -1.2018153532e-04 -1.9409269405e-04 -5.2302879341e-05  1.0888847450e-04  1.4089700546e-04  1.2941943154e-04  8.0803892400e-05  9.0673022411e-05  1.7320703371e-04 -1.0726434886e-03  7.4967284521e-04 -2.3775134928e-04  1.3085214758e-03 -2.5812010596e-04 -8.6586121531e-04  4.8836709014e-06  8.8079752715e-06  1.8971177763e-06  3.0306272941e-05 -1.2200814588e-05  3.4798017708e-05 -4.3876764559e-06  2.2251518939e-05 -1.4500634077e-04 -1.4487702556e-06 -1.7963306855e-05  5.4170564407e-05 -1.5881677916e-03  7.8386649846e-05  1.2349959003e-03  5.9426961175e-07  3.1178185169e-05 -3.5101332957e-05  3.0515114297e-06  3.4406796236e-05  9.8390069818e-06 -4.0621256496e-06 -1.3153191416e-05 -2.9671950141e-05 -6.1189724554e-06  2.6296008506e-06  8.4232763769e-06  1.6369666147e-06  4.6940052049e-06  1.3418677739e-06  2.6527537691e-06  3.1317638208e-06  3.9485014806e-06  2.2032382398e-06  2.7786821516e-06  2.2362175879e-06  2.7098744349e-06  3.0119887437e-06  4.5197802213e-06  5.2665953106e-06  3.6804672891e-06  1.1614533039e-06 -1.6871574746e-06  5.1830147186e-06  1.1270861561e-05 -9.3061687174e-07 -2.0905384751e-06  1.2314797087e-05  3.7965824579e-05  5.4945568683e-06  3.9626722139e-05

JOB 2
COORDS -3.4159547477e+00 -3.2042418146e+00 -5.2558836977e+00 -4.6477639405e+00 -5.2600803835e+00 -5.1882012450e+00 -3.9831701017e+00 -4.3209774259e+00 -3.1923555202e+00 -4.0734376330e+00 -4.2264154857e+00 -5.9526439150e+00 -3.3811947563e+00 -3.2409959143e+00 -3.8587973933e+00 -1.8678836881e+00 -2.3475554813e+00 -2.0896719026e+00 -6.6204999501e-01 -1.0479379921e+00 -2.7051195917e-01 -1.0845760433e+00 -1.0836639168e+00 -1.7405645856e+00 -4.5990186901e+00 -5.3056293308e+00 -3.8559537866e+00 -4.0900614956e+00 -4.2658721558e+00 -7.3546612177e+00 -2.7434393303e+00 -2.1888859648e+00 -3.1552466815e+00 -1.7312684116e+00 -3.4027834422e+00 -1.4862553012e+00 -2.9273020853e+00 -2.3954784066e+00 -5.7977691268e+00 -5.1658795431e+00 -6.0799901854e+00 -5.6874572439e+00 -3.9531034023e+00 -4.3877590288e+00 -2.1109377958e+00 -1.5355175735e+00 -1.0035995901e+00  3.8693983697e-01 -3.7505647421e-02 -1.7124893751e-01 -7.3099531803e-02 -9.8379042065e-02 -1.9471828566e+00 -1.3248814045e-02 -1.9582471645e-01 -1.0709695373e+00 -2.3856658616e+00 -1.6697704293e+00 -1.9288594785e-01 -1.9988123016e+00 -4.0817490880e+00 -3.3556841809e+00 -7.8009726979e+00 -4.8241568436e+00 -4.8500291909e+00 -7.7395862079e+00 -2.6649054735e+00 -1.3139827608e+00 -3.6594560099e+00
ENERGY -5.510685915749e+02
GRADIENT  1.7208992944e-03 -1.0940385082e-03 -8.3188418439e-05 -3.8001090032e-05 -5.2956099102e-05  1.3522815912e-06  4.8204359197e-05  7.7115276805e-05  7.1503550148e-05  3.9142511128e-05  6.0467725028e-05 -1.7747325897e-05 -1.6333525194e-03  1.4545831359e-03 -6.3323463943e-04  1.7010481163e-03 -7.5633228218e-05 -1.4241964114e-03 -1.3575981545e-06  2.3967360399e-06 -2.6560212698e-06  3.3545357559e-06 -3.4937727353e-06  1.0971077976e-05 -1.2637512036e-06  2.4886100929e-06 -8.3084209501e-05 -8.9045869023e-06 -2.0576302015e-05 -9.1212113234e-06 -1.8511780517e-03 -3.5589447738e-04  2.1493753562e-03 -9.7716742467e-06  8.1399574030e-06  1.6593185233e-06 -4.1399988780e-06  1.7749636824e-06  5.6551944656e-06  8.1277698651e-07  3.1567564583e-06 -2.2759414279e-05 -2.8682542687e-06  1.1687568754e-05  6.2958165438e-07 -2.5319973236e-06  3.3092741301e-06 -1.1676990672e-06 -5.1812130518e-07  8.7766765030e-07  5.1517808457e-07 -1.6648815814e-06  7.7319059606e-07  1.1394266073e-06 -2.3792481540e-06 -2.2885402157e-06 -3.4393252142e-06  2.7938213273e-06  4.8315114094e-06 -2.0451503525e-06  1.5053154720e-06  2.3444084169e-07  8.7661847612e-07 -2.5718373546e-06  3.6738331468e-06 -3.5103003517e-06  2.7607274180e-05  8.6214647421e-06  3.0310317182e-05

JOB 3
COORDS -3.3816197066e+00 -3.2006189578e+00 -5.2148606584e+00 -4.6325610611e+00 -5.2469931484e+00 -5.1745433401e+00 -4.1117668333e+00 -4.2498510681e+00 -3.1690820724e+00 -3.9960354688e+00 -4.2409300276e+00 -5.9264363659e+00 -3.4576966475e+00 -3.1946754269e+00 -3.8207063279e+00 -1.8570959334e+00 -2.3367604768e+00 -2.1347526499e+00 -5.6602938900e-01 -1.1369967561e+00 -3.0544876976e-01 -1.1285496518e+00 -1.0585060167e+00 -1.7262659744e+00 -4.6829171422e+00 -5.2546908851e+00 -3.8409357328e+00 -3.9088307135e+00 -4.3254379488e+00 -7.3236046398e+00 -2.8584596449e+00 -2.1405224732e+00 -3.0780266124e+00 -1.5851452955e+00 -3.4359963582e+00 -1.6735362910e+00 -2.8426896094e+00 -2.4138481987e+00 -5.7405236003e+00 -5.1178396115e+00 -6.0793994281e+00 -5.6860301012e+00 -4.1606469392e+00 -4.2785858767e+00 -2.0850913200e+00 -1.3714353807e+00 -1.2226359201e+00  4.3020799437e-01  1.7395704314e-02 -2.4038039853e-01 -7.4425226023e-02  7.6729664855e-02 -2.0132424345e+00 -1.9746680030e-01 -3.1002169514e-01 -9.1581637556e-01 -2.4445189537e+00 -1.7937413337e+00 -1.9362752592e-01 -1.8351135134e+00 -3.8566978836e+00 -3.4306383881e+00 -7.7970576507e+00 -4.6159992339e+00 -4.9174948609e+00 -7.7450007682e+00 -2.8804212895e+00 -1.2263055933e+00 -3.5139200739e+00
ENERGY -5.510672228549e+02
GRADIENT  2.1863940598e-03 -1.2122815097e-03  5.0476475702e-05 -1.8595929927e-06 -6.1225207650e-06  4.4741429838e-05 -4.3554938251e-06  3.6406164429e-05 -2.4137653296e-05  5.3799857458e-06  1.0115475657e-05  6.6684356263e-05 -2.2276386753e-03  1.9889923845e-03 -1.2192216124e-03  1.8132317802e-03  3.0160044196e-04 -1.8570454135e-03 -3.7065551458e-06  6.9958839921e-06  1.1115219884e-07  1.9526076064e-05 -2.5326725288e-06  3.1601768985e-05 -8.8192307303e-06 -1.1021565253e-05 -9.3850047762e-06  6.1817576088e-06 -3.5240082651e-06  1.5559878509e-05 -1.7752286546e-03 -1.1133433549e-03  2.9399938223e-03 -2.0050143495e-05  2.4560068173e-05 -5.5691517989e-05  7.4443188273e-06  1.2234107070e-05 -7.1294626102e-06 -7.5223065373e-06 -1.7484579506e-06  8.3562880464e-06 -2.0145020196e-06 -9.0059510724e-06  1.3620542926e-05 -1.5734060992e-06  3.5106598787e-06 -8.8398116594e-07  3.9092117632e-06 -2.8421235955e-06  1.2634337779e-06 -4.8983672997e-08 -3.0405066591e-06 -2.2013145830e-06  1.8235380770e-05 -1.2477124359e-05  8.1609378227e-06  1.3697337361e-05 -1.8956969953e-06 -1.2617564337e-05  4.1688404988e-06  3.5890695206e-06 -3.1035433121e-06 -8.3448439056e-06  4.4154935173e-06  3.0112222407e-06 -2.0630742284e-05 -1.0942242654e-05 -1.6989840442e-05

JOB 4
COORDS -3.3548005188e+00 -3.2201402973e+00 -5.1720963833e+00 -4.6921096135e+00 -5.2117794353e+00 -5.1600972155e+00 -4.2918908999e+00 -4.1576922477e+00 -3.1589510898e+00 -3.9531919866e+00 -4.2634124194e+00 -5.8940610048e+00 -3.5441448914e+00 -3.1577916577e+00 -3.7914881321e+00 -1.8491136106e+00 -2.3043979642e+00 -2.2123023063e+00 -4.7020999196e-01 -1.2012590267e+00 -3.8602820258e-01 -1.2033311251e+00 -1.0125582974e+00 -1.7156294902e+00 -4.8515933058e+00 -5.1662115276e+00 -3.8357501792e+00 -3.7571764859e+00 -4.4090377864e+00 -7.2741626643e+00 -2.9584506077e+00 -2.1081978760e+00 -3.0218587337e+00 -1.4282210735e+00 -3.4163394276e+00 -1.9250521876e+00 -2.7406057515e+00 -2.4758385855e+00 -5.6756157232e+00 -5.1685991901e+00 -6.0443147284e+00 -5.6797792666e+00 -4.4281954384e+00 -4.1367614982e+00 -2.0809142349e+00 -1.1696860673e+00 -1.4673297198e+00  4.1215338003e-01  4.5749642986e-02 -2.7979999979e-01 -9.8774474870e-02  2.6343267689e-01 -2.0062984363e+00 -4.6548192246e-01 -4.9477454705e-01 -6.9150760640e-01 -2.4908708213e+00 -1.9580780289e+00 -2.2109282294e-01 -1.6360132918e+00 -3.6124440205e+00 -3.5398379992e+00 -7.7748980833e+00 -4.4545761713e+00 -4.9835129567e+00 -7.7340674581e+00 -3.1264303268e+00 -1.1612155628e+00 -3.3397512912e+00
ENERGY -5.510658051359e+02
GRADIENT  1.7289404586e-03 -1.2099241464e-03  2.9103521727e-04 -4.2196133787e-05 -1.1610711347e-04 -2.0958580866e-04  2.1015104928e-05  1.1415095798e-04  3.4799131996e-04 -1.7488875415e-06  2.9189394384e-05  2.3955879558e-05 -1.9502071599e-03  1.9538710379e-03 -1.4003390944e-03  1.2909487624e-03  4.2332945283e-04 -1.6632306565e-03  1.3960837567e-06 -1.3533828541e-05 -8.1924852710e-06 -2.1655090642e-05  1.4310486342e-05 -5.2220843777e-05  7.5116394250e-05  1.1531383916e-04 -6.9856578436e-05 -2.1346408485e-05 -7.6274380408e-06  5.7100102253e-07 -1.0759851041e-03 -1.3100771360e-03  2.6082939458e-03 -9.3932248031e-06 -5.7825404934e-05  5.6275947378e-05 -1.1534153453e-05 -4.4598866355e-06  6.8012878211e-07 -3.9183530809e-06 -1.7940007499e-06 -3.3572975908e-05  5.8910934735e-07  4.3354451120e-05  3.5393101740e-05  1.4314873887e-07 -2.7909198545e-06 -3.5011113416e-06 -8.5533562048e-06  5.5586899476e-06 -9.2297203715e-06 -5.8676778517e-06  2.5274667696e-06  3.0692322718e-06 -3.0748009602e-05  1.0202590182e-05 -1.7475664329e-05 -1.0555880987e-05  1.4193479259e-05  1.9114747588e-05 -7.2533821592e-07 -7.6288130781e-06  6.4421304137e-06  6.0887601900e-06 -8.8174392095e-06  4.3808304885e-09 -6.8439084194e-06  2.3101851538e-05  4.7562191962e-05

JOB 5
COORDS -3.7876088466e+00 -2.9685589574e+00 -5.3826475347e+00 -4.0662406776e+00 -5.3470327426e+00 -5.2260574087e+00 -3.0625886355e+00 -4.2517399601e+00 -3.4788103918e+00 -4.2346432567e+00 -4.1612344104e+00 -5.9697966636e+00 -3.1870627130e+00 -3.0179055963e+00 -4.1272266018e+00 -1.4714248671e+00 -1.3115979982e+00 -3.6770455729e+00  1.1327139520e-02  7.0188781543e-01 -3.2236002788e+00 -1.0535882531e+00 -2.4492931515e-01 -2.6671280381e+00 -3.5030906836e+00 -5.3947947399e+00 -4.0177144165e+00 -4.7743109420e+00 -4.1907245503e+00 -7.2603672686e+00 -2.7514635269e+00 -1.8113234247e+00 -3.4894596344e+00 -7.4489805726e-01 -1.6944968226e+00 -4.5841263951e+00 -3.8850230138e+00 -2.0150091237e+00 -5.8954812312e+00 -4.4051765564e+00 -6.2968347648e+00 -5.6419788994e+00 -2.5923040983e+00 -4.3126928901e+00 -2.4986353031e+00  8.7547577349e-01  1.3743769698e-01 -3.5804697174e+00  3.4196024706e-01  1.4034971303e+00 -2.4514189190e+00 -3.7946640249e-01  1.2780668193e+00 -4.0677440642e+00 -1.9338414577e+00  3.1335558962e-01 -2.3266628377e+00 -6.6182403643e-01 -7.7385193448e-01 -1.7880309952e+00 -5.1950286179e+00 -3.3212970423e+00 -7.5667409445e+00 -5.3789682835e+00 -4.9823072639e+00 -7.4476234505e+00 -3.2026041388e+00 -1.5798391213e+00 -2.6121018641e+00
ENERGY -5.510657426956e+02
GRADIENT -1.8300909458e-03 -2.6869606397e-04  1.1663367257e-03  1.1707250885e-04  2.2810973407e-04  2.4616826377e-04 -1.6520716780e-04 -7.8857508311e-05 -2.8265438440e-04 -1.5193103178e-04  3.9749009382e-06 -3.8939208766e-04  3.3921765956e-03 -5.0390593757e-04 -4.4529116206e-04  1.4286889936e-04 -1.0995555827e-03  2.0651672362e-03  1.4735479800e-05  2.6905633925e-05  7.3697257204e-05  4.3820302276e-04  1.3028006909e-04 -7.8407305770e-05  7.4916961222e-06 -1.7963234302e-04  6.3349767994e-05 -5.3027254362e-05 -7.9372370992e-06 -9.3920367442e-05 -1.8732434191e-03  1.6213153847e-03 -2.2508789346e-03 -1.8673546679e-04  3.0024217260e-05  9.0334423884e-05  1.2027088408e-05 -5.2310609122e-05  2.3351336112e-05  1.2090537769e-05  3.0623329241e-05  1.0059889588e-05 -8.3734745020e-06  1.0228121263e-05 -4.2093921962e-05  1.1480471683e-05 -3.7591505525e-06 -6.0249098601e-06  2.4658556409e-05  1.7492459601e-05 -2.2428687707e-05 -3.5462016410e-08 -9.8362284813e-06 -9.0936135146e-06  2.8875732743e-05  1.1303494915e-05 -7.6136187794e-05 -2.4108103578e-06  7.4285226170e-06  1.1484693280e-05 -1.6593860462e-05 -1.8796612328e-05 -9.9658202349e-06 -1.8853932589e-07 -6.8535750083e-06 -1.9181426286e-05  7.6066722166e-05  4.6006109658e-05 -5.3975803073e-05

JOB 6
COORDS -3.6925763305e+00 -2.9991543416e+00 -5.3727151470e+00 -4.1638807610e+00 -5.3469072535e+00 -5.1720552239e+00 -3.2180914298e+00 -4.2696432087e+00 -3.3814267846e+00 -4.1777560307e+00 -4.1763387730e+00 -5.9587111833e+00 -3.1889100435e+00 -3.0531875573e+00 -4.0744280301e+00 -1.5181889371e+00 -1.2692809253e+00 -3.7530938166e+00 -6.3705491738e-02  7.6043963120e-01 -3.2790071057e+00 -9.9011924528e-01 -3.0642765725e-01 -2.6930930654e+00 -3.7063322549e+00 -5.3929684971e+00 -3.9202700968e+00 -4.6164818962e+00 -4.2098925001e+00 -7.2865184763e+00 -2.7313083127e+00 -1.8667522442e+00 -3.4255316184e+00 -9.3795442127e-01 -1.4911168133e+00 -4.8066303109e+00 -3.6815932989e+00 -2.0596169562e+00 -5.9180540064e+00 -4.5416251052e+00 -6.2819023159e+00 -5.5877252973e+00 -2.8359691197e+00 -4.3345095772e+00 -2.3631182329e+00  7.5730426806e-01  2.9451499926e-01 -3.8281476678e+00  3.5361358187e-01  1.3842806708e+00 -2.4825540374e+00 -6.0383453473e-01  1.4079062966e+00 -3.9762868637e+00 -1.8286818167e+00  1.5423644201e-01 -2.1573552337e+00 -4.4569493079e-01 -9.1187475305e-01 -1.9559107686e+00 -4.9236974133e+00 -3.3180433711e+00 -7.6566898953e+00 -5.2789950005e+00 -4.9479646609e+00 -7.4950343812e+00 -3.0083673873e+00 -1.7775792097e+00 -2.4543343192e+00
ENERGY -5.510674921754e+02
GRADIENT -3.3040139585e-03  4.4629004387e-04  1.3854628636e-03  5.5744482591e-06  1.7191984863e-05  2.4956531045e-05 -3.4961598063e-06  4.2543869468e-06 -1.5062009011e-05 -1.5018683029e-05  1.5062117417e-05 -8.8528521523e-05  5.7972029609e-03 -1.8291740078e-03 -6.2247752001e-04  1.6541171732e-03 -2.0427912200e-03  2.5139289137e-03 -1.9890540200e-06 -3.2089675377e-06 -5.2188018606e-06 -9.3836652428e-06 -7.8671890836e-06  1.0866156787e-05 -9.5242253161e-06 -1.6568863039e-05 -7.6590489091e-06 -2.0944426440e-05 -1.5448396763e-05 -2.2369718183e-05 -4.1031556837e-03  3.3976392699e-03 -3.1383274811e-03  1.9579184323e-05 -6.1773164639e-06 -3.3683401066e-05  6.7639537906e-07 -7.1844600094e-06  3.5361041127e-06 -3.1622488443e-06  4.5881141168e-06 -8.6912628320e-06  3.7631069637e-06  4.8510181487e-06 -8.9860967999e-06 -1.3810198315e-06 -3.7640725180e-06 -1.4709283021e-06 -1.9433285208e-06 -4.3434375517e-06 -4.1688308893e-07 -5.0590725444e-07 -5.2980882078e-06 -2.1297082890e-06 -2.1239227826e-06 -1.0901792961e-06  6.6587586086e-07 -1.2430702792e-06 -5.2132102739e-06 -4.2981686226e-06 -2.0867456838e-06 -3.6267320681e-06 -1.7585884922e-06 -7.9280589523e-06  1.2224736095e-06 -4.2116633309e-06 -4.1892166179e-05 -1.1911154764e-05 -6.3243620452e-07

JOB 7
COORDS -3.5954020869e+00 -3.0315870602e+00 -5.3589014577e+00 -4.2693318092e+00 -5.3308731693e+00 -5.1357672445e+00 -3.3568766813e+00 -4.2826856331e+00 -3.3112053247e+00 -4.1360529196e+00 -4.1838244209e+00 -5.9453887502e+00 -3.1803196804e+00 -3.0909264607e+00 -4.0282093246e+00 -1.5507461287e+00 -1.2439753901e+00 -3.7929907831e+00 -1.4223829018e-01  8.1847151469e-01 -3.3210676494e+00 -9.2750710730e-01 -3.5067869743e-01 -2.7242474405e+00 -3.8987866642e+00 -5.3771413528e+00 -3.8554190321e+00 -4.4896027726e+00 -4.2182049976e+00 -7.2984234506e+00 -2.6761601528e+00 -1.9400000249e+00 -3.3638186792e+00 -1.1107308176e+00 -1.3346222989e+00 -4.9311301594e+00 -3.4710859792e+00 -2.1153959533e+00 -5.9271143633e+00 -4.6938155478e+00 -6.2438942044e+00 -5.5547478863e+00 -3.0502287435e+00 -4.3504247289e+00 -2.2673033021e+00  6.1665612830e-01  4.5443717825e-01 -4.0169258104e+00  3.5075755539e-01  1.3915044607e+00 -2.5297731361e+00 -8.0336567038e-01  1.4928444810e+00 -3.8735852287e+00 -1.7046476916e+00  9.0735228470e-03 -2.0393174301e+00 -2.5883652064e-01 -9.8645723460e-01 -2.1283347754e+00 -4.6915985078e+00 -3.3139075248e+00 -7.7087011839e+00 -5.2005479551e+00 -4.9013368804e+00 -7.5329028906e+00 -2.8288878583e+00 -1.9318223829e+00 -2.3616423212e+00
ENERGY -5.510697336891e+02
GRADIENT -3.4283436878e-03  9.9115548746e-04  1.0586258242e-03  4.1027401989e-06  3.4592690086e-05 -1.5645937613e-05  4.2068864082e-05 -1.3804778044e-05  1.3549929913e-04  1.3188626320e-05 -2.9291560715e-05  4.4980062999e-05  6.2858011361e-03 -2.6186363836e-03 -6.0541501449e-04  2.2462255837e-03 -2.2197001770e-03  2.0972854455e-03 -6.6311205370e-06 -1.3576600288e-06 -1.5000868955e-05 -9.2554201420e-05 -4.4492274326e-05  3.8138569369e-05  1.6374686304e-05  3.8587222294e-05 -8.2078896655e-06  8.6299393116e-06  1.9491166738e-05 -5.6017746164e-07 -5.1574735077e-03  3.8726264016e-03 -2.7145553352e-03  6.4072680757e-05  4.4613594937e-09 -6.5668871601e-05  6.2681409085e-06  9.1726118392e-06 -1.7927270274e-05  6.5935991893e-07  1.3977426381e-06  2.5609176977e-06  9.9416811089e-06 -1.2858526583e-06  1.1709277663e-05 -3.7947644132e-06  3.3913591147e-06  1.1062890360e-06 -4.3001679064e-06 -4.5720089506e-06  6.7859762856e-06 -3.5377309885e-07  3.7157818311e-06  3.1055102684e-06  3.6932360443e-07 -6.3716125825e-06  2.2427553565e-05  3.4377498464e-06  1.7795936220e-06 -6.2508617852e-07  1.0131325238e-07  3.7305250669e-06 -1.0550157531e-06  3.5966269278e-06  3.0992629066e-06  1.9588652857e-06  1.7006043471e-05  1.4426703096e-05  1.9551432662e-05

JOB 8
COORDS -3.4887481453e+00 -3.0710972830e+00 -5.3586123736e+00 -4.3784061799e+00 -5.2973862984e+00 -5.1136922873e+00 -3.4673263301e+00 -4.2803601542e+00 -3.2712290505e+00 -4.1042361471e+00 -4.1886484937e+00 -5.9399155783e+00 -3.1480693427e+00 -3.1265627374e+00 -4.0053002045e+00 -1.5490876456e+00 -1.2272835600e+00 -3.8113208711e+00 -2.1482504947e-01  8.7873175194e-01 -3.3184673689e+00 -8.5879672300e-01 -3.8371601131e-01 -2.7427982165e+00 -4.0743450551e+00 -5.3381195551e+00 -3.8152574929e+00 -4.3934020189e+00 -4.2282439193e+00 -7.3080859686e+00 -2.5771018062e+00 -2.0231080136e+00 -3.3257817275e+00 -1.2278024498e+00 -1.1994141252e+00 -4.9929840343e+00 -3.2515091690e+00 -2.1910012652e+00 -5.9452220224e+00 -4.8614051311e+00 -6.1813258611e+00 -5.5313041810e+00 -3.2218707643e+00 -4.3449652416e+00 -2.2106450404e+00  4.7892549481e-01  6.2230083290e-01 -4.1219450290e+00  3.3222294046e-01  1.4180335378e+00 -2.5391369126e+00 -9.7210785411e-01  1.5498965456e+00 -3.7346824364e+00 -1.5704519711e+00 -1.3061000132e-01 -1.9477779743e+00 -9.1307009510e-02 -1.0194893996e+00 -2.2812371781e+00 -4.4941106728e+00 -3.3206394182e+00 -7.7474967162e+00 -5.1506349751e+00 -4.8519877543e+00 -7.5623552578e+00 -2.6491869534e+00 -2.0683371158e+00 -2.3159647891e+00
ENERGY -5.510717398866e+02
GRADIENT -2.7493107335e-03  9.6731663103e-04  7.6164432563e-04 -3.9935210925e-05 -2.4860931446e-05 -7.8027220873e-05 -4.3174071412e-05 -6.6849590866e-05 -3.5856399107e-05 -1.8106204890e-06 -4.2422349375e-05  2.0866526978e-05  5.3655482433e-03 -2.5036938476e-03 -4.0003980477e-04  2.0831851832e-03 -1.8863427000e-03  1.4514108927e-03  8.8510091430e-06 -2.7375784501e-06  1.1480430920e-05  4.2612146720e-05  3.6359163815e-05 -5.2526449266e-05  3.0772614051e-05  4.8988160237e-05  4.2829150062e-05 -1.2686821570e-06 -7.6045913449e-06  7.5381449051e-06 -4.8306791775e-03  3.4310157990e-03 -1.7574573260e-03 -2.8427761926e-05 -2.3393537119e-05  1.8738938888e-05  1.8540520414e-05 -3.1138802467e-06  1.0268067264e-06 -1.0306291151e-05 -3.7210139784e-06 -1.3091620976e-06  7.9290022054e-06  8.9477303614e-06 -4.2285232262e-07 -3.5656486017e-06 -3.2460952221e-06 -3.4532199284e-06 -1.3938805633e-06  6.6648466197e-07 -5.1617464821e-06 -4.1085132194e-06 -4.3163255040e-06 -2.6307440230e-06 -3.3475748084e-06  1.1069464281e-06 -1.4765058851e-05 -3.0828444339e-07 -5.0202661095e-07  8.0106898882e-06 -2.8371980374e-07 -1.7722122815e-06  1.6080709033e-06 -7.3739582726e-06 -2.6923277721e-06 -2.2361095972e-06  6.9787770465e-05  3.0288934842e-05 -3.2705546354e-06

JOB 9
COORDS -3.4124931946e+00 -3.1302441425e+00 -5.3726590120e+00 -4.5028348912e+00 -5.2629369815e+00 -5.0944705731e+00 -3.5800196576e+00 -4.2633829972e+00 -3.2487378320e+00 -4.1034629296e+00 -4.2103488729e+00 -5.9415003576e+00 -3.1335773173e+00 -3.1639997453e+00 -4.0036522415e+00 -1.5550876185e+00 -1.2267619397e+00 -3.8395971690e+00 -3.0638911729e-01  9.2246282810e-01 -3.3133164764e+00 -8.0903020324e-01 -4.2015372662e-01 -2.7793172187e+00 -4.2511554365e+00 -5.2844257323e+00 -3.7838037306e+00 -4.3413090624e+00 -4.2700871829e+00 -7.3188734164e+00 -2.4855271178e+00 -2.1102752027e+00 -3.3219475332e+00 -1.3412663384e+00 -1.1012678258e+00 -5.0406304541e+00 -3.0747246908e+00 -2.2972821264e+00 -5.9768673573e+00 -5.0439499920e+00 -6.1167431685e+00 -5.5030377259e+00 -3.3836830524e+00 -4.3117306558e+00 -2.1768260104e+00  3.1286206856e-01  7.7344728341e-01 -4.2003889680e+00  2.8670756942e-01  1.4383750117e+00 -2.5520638282e+00 -1.1420745905e+00  1.5699143325e+00 -3.5956261298e+00 -1.4451115884e+00 -2.7468726095e-01 -1.8979176738e+00  4.0112346864e-02 -1.0343259193e+00 -2.4510808120e+00 -4.3533283231e+00 -3.3710477080e+00 -7.7864844719e+00 -5.1354335931e+00 -4.8402417765e+00 -7.5861256135e+00 -2.5053830348e+00 -2.1870364329e+00 -2.3120683054e+00
ENERGY -5.510732205966e+02
GRADIENT -1.9624886749e-03  5.3519827339e-04  7.4466148554e-04  1.7097421753e-04  2.9931890894e-04  1.2770061426e-04 -9.4326549231e-05 -1.2956116667e-04 -1.0595127460e-04 -1.3539279410e-04 -5.9487924583e-05 -4.3424954344e-04  3.8948776197e-03 -1.9091395301e-03 -1.9585857275e-04  1.5626997110e-03 -1.3777490947e-03  5.9078101405e-04 -1.1439675077e-06  6.8785649813e-06 -7.9989133235e-06 -2.3196819763e-05 -3.0104699036e-05  1.3612441002e-05  7.9937795505e-06 -6.3660144462e-05  1.3092119642e-04 -1.5756548819e-05 -5.4355920625e-07 -1.5017231829e-04 -3.3509799456e-03  2.7690087995e-03 -6.4782851314e-04  4.6023871895e-05  2.4844302403e-05 -5.0135162610e-05 -1.2570141769e-05 -6.6502181218e-05  1.6575555266e-05  2.1829022623e-05  4.0665514649e-05  9.5110891292e-06  1.2453100581e-05  2.2605588957e-05 -1.6371798103e-05  3.4469675381e-06 -6.9069572769e-07  4.1909713392e-06 -3.4470855710e-06  1.0930767252e-06  3.8581423642e-06  2.7758771344e-06  1.6449323179e-06 -3.3838557906e-06  3.3096270676e-06 -5.6612828478e-06  5.1561972966e-06  1.8658888143e-06  4.6039797479e-06 -6.5360793561e-06 -1.9330028638e-05 -7.7393736708e-06 -1.0091267170e-05  4.9621223388e-06 -1.0096694453e-06 -2.5266111319e-05 -8.4931073076e-05 -3.4637210910e-05  1.2671160713e-05

JOB 10
COORDS -3.3319645627e+00 -3.1832832304e+00 -5.3822699987e+00 -4.5951170786e+00 -5.2174534987e+00 -5.0768325163e+00 -3.6541826130e+00 -4.2320099238e+00 -3.2327508551e+00 -4.0910241109e+00 -4.2239873253e+00 -5.9386621167e+00 -3.1026106306e+00 -3.1911633903e+00 -4.0031883861e+00 -1.5506715888e+00 -1.2187388755e+00 -3.8522410120e+00 -3.7482162546e-01  9.6235138601e-01 -3.2912677452e+00 -7.6066480660e-01 -4.3591490902e-01 -2.8051773314e+00 -4.3824634752e+00 -5.2168997626e+00 -3.7588169240e+00 -4.2921517312e+00 -4.3066125194e+00 -7.3206494985e+00 -2.3795551796e+00 -2.1887670746e+00 -3.3241219162e+00 -1.4395940768e+00 -1.0066446386e+00 -5.0559440586e+00 -2.9156100306e+00 -2.3963863790e+00 -5.9983176687e+00 -5.1885763468e+00 -6.0395797955e+00 -5.4775077244e+00 -3.4961699745e+00 -4.2610188195e+00 -2.1536939162e+00  1.7554901923e-01  9.0176237108e-01 -4.2325337720e+00  2.5171480895e-01  1.4653359502e+00 -2.5483928110e+00 -1.2636224145e+00  1.5765956525e+00 -3.4644135970e+00 -1.3268595052e+00 -3.7819227128e-01 -1.8677535635e+00  1.4352617470e-01 -1.0190407263e+00 -2.5855676169e+00 -4.2246068963e+00 -3.4225646500e+00 -7.8116251209e+00 -5.1186143901e+00 -4.8242179794e+00 -7.5966891771e+00 -2.3534267054e+00 -2.2948264646e+00 -2.3173366276e+00
ENERGY -5.510741116191e+02
GRADIENT -1.0446426341e-03  2.5605169395e-04  3.1362825356e-04 -4.3985288632e-06 -5.4905041777e-07  9.1347349400e-05 -5.2904159044e-05  2.5730611021e-05 -3.2228538270e-04 -1.1542134628e-05  5.6157493327e-05 -2.2385888737e-04  2.0771226437e-03 -1.1293519143e-03  1.4985800461e-04  8.7158185373e-04 -6.4758913828e-04  6.2845876947e-04  4.4002712716e-05 -3.3527917159e-06  5.9914577119e-05  2.4187880303e-04  2.6786384245e-04 -2.3238448977e-04 -1.7714954041e-05 -1.1395187914e-04  3.3565932756e-05 -5.1485215034e-05 -3.9814671481e-05 -2.0791719107e-05 -2.1021912634e-03  1.3141671388e-03 -5.9672591036e-04  1.1045643490e-05  9.3893502717e-06  2.5977478845e-04 -4.1432047460e-05 -5.5195386586e-05  4.7507957288e-05  1.2499912328e-06  9.6269293961e-06 -1.1516368821e-05 -1.5463845006e-05  1.6066700823e-05 -4.1152203141e-05  1.0026070370e-05  3.3944316173e-06 -9.2169192797e-06  3.2211027525e-06  2.5704873265e-05 -1.7066350062e-05 -4.4591299777e-06 -5.4157038308e-06 -2.4449116944e-06 -1.2804259285e-05  2.2492396907e-05 -6.8738214639e-05  1.8258211852e-05  9.4999799409e-07  1.7985054088e-05  1.4807663450e-05 -9.8750182286e-06  1.8674491821e-06 -1.9429727024e-06  5.8744379556e-06 -1.4952620952e-05  3.2987810612e-05 -2.2763983864e-05 -4.4075547544e-05

JOB 11
COORDS -3.2523258796e+00 -3.2375995875e+00 -5.3929031861e+00 -4.6778069328e+00 -5.1578193625e+00 -5.0584625072e+00 -3.7146576273e+00 -4.1838935049e+00 -3.2198232674e+00 -4.0774856995e+00 -4.2342781034e+00 -5.9358477894e+00 -3.0674558415e+00 -3.2125722566e+00 -4.0073888397e+00 -1.5375888993e+00 -1.2195604175e+00 -3.8686476898e+00 -4.4816634613e-01  9.9300037591e-01 -3.2617613384e+00 -7.1401024977e-01 -4.5219227183e-01 -2.8358694122e+00 -4.4991625457e+00 -5.1298291007e+00 -3.7355052484e+00 -4.2484620156e+00 -4.3465789033e+00 -7.3199617007e+00 -2.2672350224e+00 -2.2639632533e+00 -3.3394764790e+00 -1.5221620298e+00 -9.3968870893e-01 -5.0640128066e+00 -2.7652793594e+00 -2.5023869405e+00 -6.0207081001e+00 -5.3223180123e+00 -5.9453318213e+00 -5.4496488731e+00 -3.5884545326e+00 -4.1873538727e+00 -2.1361323573e+00  2.8228550182e-02  1.0205950726e+00 -4.2440037893e+00  2.0583493550e-01  1.4896751076e+00 -2.5385885317e+00 -1.3812567470e+00  1.5606232333e+00 -3.3282835705e+00 -1.2058504627e+00 -4.8325884589e-01 -1.8561384670e+00  2.3650758491e-01 -9.8992093090e-01 -2.7221875502e+00 -4.1105762538e+00 -3.4836911976e+00 -7.8334936620e+00 -5.1018842952e+00 -4.8148974474e+00 -7.6020977100e+00 -2.2076819667e+00 -2.3883184248e+00 -2.3364441401e+00
ENERGY -5.510744202946e+02
GRADIENT  6.8533106064e-05  1.1778250440e-04 -9.1361234708e-05 -1.0097669424e-06 -9.7218565836e-06 -1.0434971273e-05  2.8096725917e-06  2.1966651716e-05  8.2146350225e-05  9.0774584054e-06 -2.5596404914e-06  8.1103885292e-05 -2.2550341888e-05 -1.6595932974e-04 -4.3052789761e-05  7.6543595473e-05 -4.0281783013e-05  2.4072492233e-05  1.6261473075e-05 -8.3880094295e-06  4.6453494228e-06  1.7391309516e-05  4.4164501188e-05 -2.8687798367e-05  1.2638024113e-05  1.2935738807e-05 -1.4657512972e-05 -1.6612277336e-06  1.7702292716e-06  2.4268745830e-05 -1.6856077218e-04  3.0747560780e-05 -6.2661826460e-05 -4.2296424162e-05  1.0794580584e-05  3.8085933210e-05 -2.4663225242e-06  1.5506954922e-05 -1.4850191676e-05 -2.0198114783e-06 -5.3904522872e-06  6.3784148643e-06 -3.7497265314e-06 -5.3810446524e-06  9.6262065227e-06 -1.2168202264e-06  1.7309166828e-06  1.4846264713e-07 -5.4862459510e-07  2.0136614469e-06 -2.9691729384e-07  1.8916156596e-07 -1.6074843806e-06 -8.2320166486e-07 -1.4462148723e-05  1.6850946089e-05 -8.4481339681e-06 -6.6487511949e-06 -1.5555066041e-05  1.7844778766e-05  1.0690646520e-05 -5.4824975889e-07  1.5919868209e-06 -3.4549487091e-06  8.4575503687e-06  6.4253700973e-06  5.2393440871e-05 -4.4795927683e-05 -9.8017310938e-06

JOB 12
COORDS -3.2474310506e+00 -3.0159518802e+00 -5.3551470263e+00 -4.4034396864e+00 -5.1200326321e+00 -5.1034164055e+00 -3.3761711785e+00 -4.2155409672e+00 -3.2639294930e+00 -4.0075229384e+00 -4.0478258102e+00 -5.9262099152e+00 -2.9317244440e+00 -3.0985070853e+00 -3.9960335056e+00 -1.8274988363e+00 -8.5864383318e-01 -3.7185535924e+00 -1.1653868217e-01  9.5603054137e-01 -3.2496013748e+00 -1.1251791224e+00 -2.6251269738e-02 -2.6482755624e+00 -4.0930559760e+00 -5.1993610641e+00 -3.8072062395e+00 -4.3059197473e+00 -4.0452973601e+00 -7.2933557924e+00 -2.1604457597e+00 -2.1351358323e+00 -3.3133233081e+00 -2.0844175771e+00 -4.1280063758e-01 -4.8333107855e+00 -2.9158403920e+00 -2.1680619978e+00 -5.9409183105e+00 -4.9898798397e+00 -5.9403062062e+00 -5.5180303739e+00 -3.1417233039e+00 -4.3069773128e+00 -2.2023965045e+00  7.0379314897e-01  4.2430334216e-01 -3.7415780625e+00  3.0767595933e-01  1.5944594404e+00 -2.4687068406e+00 -6.0060100396e-01  1.5885237413e+00 -3.9967546998e+00 -1.9085106332e+00  5.2592971063e-01 -2.1129154625e+00 -6.4044925446e-01 -6.7525648548e-01 -1.9093930781e+00 -4.3302425532e+00 -3.1249238763e+00 -7.7172779789e+00 -5.1211201385e+00 -4.5918371285e+00 -7.5464928703e+00 -1.9320819759e+00 -2.3738813650e+00 -2.3563207585e+00
ENERGY -5.510742609222e+02
GRADIENT  6.5536404322e-04 -3.9610583705e-04 -1.6057487715e-04  1.8182531655e-05  3.2686649216e-06  6.7962494050e-06 -1.5526939372e-05 -5.4303596740e-06 -1.1928151303e-05 -2.8572869350e-06 -1.3614444490e-07 -2.7549454973e-05 -1.4016830637e-03  7.7679367787e-04  4.8181645590e-04 -6.5367517795e-04  2.5688300496e-04  3.1619511068e-04  2.5288908155e-06 -6.9904509217e-06 -6.8954976317e-06 -1.3055792656e-05 -2.6249406866e-05  1.8248184899e-05 -5.5870097277e-06 -4.0320601200e-06  1.0286369225e-05 -2.1434224513e-05 -6.4974023579e-06  1.3389574004e-05  1.4381610667e-03 -5.9656394166e-04 -6.1605156748e-04 -2.5926834292e-05  1.8465677856e-05 -1.4169225269e-05 -4.9355925525e-06  2.2170020755e-06  1.6038883967e-06  2.5251675666e-06 -5.8645386319e-07  1.5866335979e-06 -2.5119636963e-07 -1.3200546599e-06 -3.1643504122e-06 -4.1297892950e-06 -2.3375541868e-06 -7.6492394811e-06  5.3985225713e-06 -9.4755309314e-06  3.4162566849e-06 -9.2792050141e-07  3.7220589768e-06  6.7644815720e-06  5.0265809815e-08  5.2438817343e-06 -9.1159039249e-06 -6.7723265724e-06  3.4046940401e-06  1.2324840639e-05  1.4881192602e-05 -3.6000102553e-06 -2.2216683594e-06 -1.4261826358e-06  7.2357016418e-06 -8.1824259628e-07  2.7060859801e-05 -5.1805666469e-05 -1.3985887876e-05

JOB 13
COORDS -3.1566405443e+00 -3.0704096651e+00 -5.3762714176e+00 -4.5021630480e+00 -5.0499449324e+00 -5.0787190746e+00 -3.4535747344e+00 -4.1609635035e+00 -3.2434684409e+00 -3.9918369203e+00 -4.0511373839e+00 -5.9309300099e+00 -2.8953081550e+00 -3.1185556227e+00 -4.0046441944e+00 -1.8072220066e+00 -8.8466207983e-01 -3.7023747994e+00 -1.9416741875e-01  1.0220448800e+00 -3.2436480753e+00 -1.0702833218e+00 -7.6706603322e-02 -2.6371409004e+00 -4.2355939920e+00 -5.1036840738e+00 -3.7717643771e+00 -4.2514786102e+00 -4.0787286780e+00 -7.3062412311e+00 -2.0428610533e+00 -2.2012457350e+00 -3.3513330495e+00 -2.1630142366e+00 -3.9853632758e-01 -4.7711106489e+00 -2.7356541682e+00 -2.2798286306e+00 -5.9849451013e+00 -5.1473582000e+00 -5.8323050593e+00 -5.4793518957e+00 -3.2598214654e+00 -4.2260684197e+00 -2.1720113040e+00  6.1382902135e-01  5.9281911221e-01 -3.8440409963e+00  2.5241103654e-01  1.6344033237e+00 -2.4543631382e+00 -7.8803658217e-01  1.6665002583e+00 -3.8952774322e+00 -1.8383244324e+00  3.7183990357e-01 -1.9933220003e+00 -4.7518905539e-01 -7.3894951510e-01 -1.9972503087e+00 -4.2019644603e+00 -3.1738474488e+00 -7.7604964360e+00 -5.0985414418e+00 -4.5734448568e+00 -7.5618080253e+00 -1.7843029009e+00 -2.4599492523e+00 -2.4069612247e+00
ENERGY -5.510735447727e+02
GRADIENT  1.4176976713e-03 -1.0569759619e-03 -3.3926149526e-04  2.3674457172e-05  3.7953532802e-05  1.6496283174e-05  1.7234207805e-05  7.3497769128e-06  8.6152112737e-05 -2.2624719864e-05 -8.2379995609e-07  1.7816383372e-05 -2.9855212278e-03  1.9272853314e-03  1.0485514734e-03 -1.3899999746e-03  5.1246387907e-04  1.1163161945e-03  1.5119182086e-05 -5.5583720217e-06 -5.0037198719e-06 -3.9254578209e-07 -1.7874653168e-05  6.0464413200e-06  3.3489163129e-06  4.0163757348e-06 -1.2114027228e-05  3.0582691961e-05  1.4608572852e-05 -3.0208025668e-05  2.9026433612e-03 -1.4973275588e-03 -1.8792329095e-03 -4.1583079166e-05  2.6614514846e-05  6.5824730774e-06 -4.5310465437e-06  3.6357639102e-06 -7.4104421948e-06  5.4709479875e-07  3.2656840633e-06  1.5818182887e-06  2.7122818319e-06 -7.8082039678e-07  6.8409780341e-06  6.4246595399e-08  2.4014324399e-06 -1.1735344825e-07  6.7582344420e-07  1.8477819137e-06 -4.1127106219e-07 -4.9613471343e-06  1.5554406928e-06  4.6994864827e-06 -1.8714385520e-06  2.0145651716e-05 -2.0664633936e-05 -1.6468063629e-05  3.9978457559e-06  1.9770642912e-05 -2.8066785587e-05  1.0380127117e-05  2.4502460087e-06 -1.5039299633e-06 -7.7675027575e-06  3.4940115083e-06  7.5323827264e-05  3.5921870007e-05 -2.7738655805e-05

JOB 14
COORDS -3.0718532335e+00 -3.1365910120e+00 -5.3939063258e+00 -4.5959134265e+00 -4.9708471052e+00 -5.0547361856e+00 -3.5334735080e+00 -4.0836412345e+00 -3.2261677715e+00 -3.9752407548e+00 -4.0619713093e+00 -5.9349554700e+00 -2.8628600427e+00 -3.1341744035e+00 -4.0137868383e+00 -1.8049430318e+00 -9.0697328284e-01 -3.6731856501e+00 -2.8614187392e-01  1.0799370237e+00 -3.2288536041e+00 -1.0083660938e+00 -1.2875059505e-01 -2.6295947676e+00 -4.3759879310e+00 -4.9843179990e+00 -3.7385488787e+00 -4.1944192747e+00 -4.1339468110e+00 -7.3162469787e+00 -1.9375865068e+00 -2.2585651928e+00 -3.3947963409e+00 -2.2839479296e+00 -3.8072070015e-01 -4.6710053309e+00 -2.5594253947e+00 -2.4189735161e+00 -6.0241388975e+00 -5.2944248493e+00 -5.7134393583e+00 -5.4418479839e+00 -3.3828712790e+00 -4.1092584708e+00 -2.1465468728e+00  4.7356333898e-01  7.6431098959e-01 -3.9504260578e+00  2.0661353479e-01  1.6597798533e+00 -2.4424699803e+00 -9.9388440842e-01  1.7266621692e+00 -3.7518308828e+00 -1.7254199685e+00  2.0430732850e-01 -1.8674735019e+00 -2.9962644161e-01 -7.9302949417e-01 -2.1210598723e+00 -4.0677657022e+00 -3.2551465253e+00 -7.8055661765e+00 -5.0695923748e+00 -4.5747665611e+00 -7.5761606073e+00 -1.6227920532e+00 -2.5507220047e+00 -2.4772625532e+00
ENERGY -5.510722104480e+02
GRADIENT  1.6641733481e-03 -2.2918580159e-03  1.5922356914e-04 -1.0639754929e-04 -1.6932331041e-04  3.6967095614e-05 -1.5103620261e-04  4.6498156072e-05 -6.2674783125e-04 -2.9390905838e-05  1.3770644458e-04 -1.8140486253e-04 -3.4728024976e-03  3.3910753728e-03  1.7891343430e-03 -1.7391225306e-03  4.4263290153e-04  2.1335115547e-03  7.4252923638e-06 -2.2869676048e-06  1.8187664640e-05 -2.1843697887e-06  1.1584830631e-04 -4.8547927517e-05 -9.0164948492e-05 -1.2745162642e-04  4.1194018089e-05 -1.4205512656e-05 -5.6654981834e-05 -1.9762872259e-05  3.8521610738e-03 -1.6280146821e-03 -3.1489008344e-03 -4.9689518405e-05  7.7584638159e-06 -1.7540838829e-05  1.0840236331e-05  9.1584271850e-06  6.8605810963e-05 -6.1447380160e-06 -7.3399380455e-06 -3.6715572777e-05 -8.3996520932e-06  4.3545931696e-05 -9.1190443019e-05 -2.0336181621e-06 -4.9320248522e-06 -2.3830527153e-06 -2.7352133502e-09  9.1992539339e-06 -9.2837861694e-06 -9.2364382728e-06 -2.3589061003e-06 -7.0013570214e-06 -3.3074370007e-06  1.8607379234e-05 -5.8902670667e-06 -9.8583325677e-06 -1.2820084455e-07 -6.2594908931e-06 -3.0385136752e-05 -2.3536756629e-06  1.0046169713e-05 -4.6869500577e-06 -2.4514606896e-05 -1.9370183884e-05  1.5526565524e-04 -1.6258296601e-05 -7.8621476471e-05

JOB 15
COORDS -2.9959358448e+00 -3.2127716504e+00 -5.4325367124e+00 -4.6868971142e+00 -4.8768067801e+00 -5.0311817500e+00 -3.5966945012e+00 -3.9757551837e+00 -3.2255525979e+00 -3.9674681395e+00 -4.0819737978e+00 -5.9465860660e+00 -2.8272587922e+00 -3.1427473937e+00 -4.0501312227e+00 -1.8014080712e+00 -9.2779141823e-01 -3.6581125195e+00 -3.7998270461e-01  1.1276293813e+00 -3.1971374176e+00 -9.4600266368e-01 -1.7997288074e-01 -2.6396824582e+00 -4.5023869375e+00 -4.8310792567e+00 -3.7105967653e+00 -4.1610536806e+00 -4.2182699277e+00 -7.3270947791e+00 -1.8324135571e+00 -2.3055402721e+00 -3.4755212868e+00 -2.4021756125e+00 -3.6783265253e-01 -4.5659480751e+00 -2.3987754386e+00 -2.5857756576e+00 -6.0866280970e+00 -5.4395693213e+00 -5.5772689450e+00 -5.3949545937e+00 -3.4767111889e+00 -3.9452000909e+00 -2.1425104218e+00  3.1107084146e-01  9.3456002599e-01 -4.0232662452e+00  1.6002836894e-01  1.6738704028e+00 -2.4176960246e+00 -1.1843570552e+00  1.7607848675e+00 -3.5776329318e+00 -1.5919381078e+00  2.9909888389e-02 -1.7765725034e+00 -1.4174844161e-01 -8.3005253217e-01 -2.2754091401e+00 -3.9532751785e+00 -3.3821045386e+00 -7.8614324613e+00 -5.0650131310e+00 -4.5991122327e+00 -7.5835017581e+00 -1.4613034627e+00 -2.6326365511e+00 -2.5907746710e+00
ENERGY -5.510703630136e+02
GRADIENT  2.4310243610e-03 -2.4595890581e-03 -2.9734878608e-04 -1.3268118495e-04 -9.4803029264e-05 -1.0259429767e-04 -2.1388731528e-05  4.1860281543e-05  7.6132761512e-05  6.8282239861e-06  2.2752637111e-05  2.2954669228e-04 -4.6766190940e-03  3.9540508371e-03  1.6983330493e-03 -2.0838668450e-03  5.1107531049e-04  3.0683863302e-03  2.7544296432e-05  7.4243725987e-06  1.5015369522e-05  3.9792845500e-05  8.1365718689e-05 -5.2005057437e-05  6.2752849236e-05  4.4008346755e-05 -3.1441267707e-05  2.7838835914e-05  1.1883728924e-05  6.6192152487e-05  4.3508548407e-03 -2.0936311801e-03 -4.7980400479e-03  2.3594684413e-05 -1.0120905088e-04  7.7643806836e-05  4.1755769926e-05  5.0207095013e-05 -3.1310639793e-05 -1.4634013024e-05 -1.7735611317e-05  1.4117816370e-06 -1.1526458052e-05  9.7157971833e-06  1.8824771535e-05  8.6566548136e-06 -2.6472258381e-06  2.6411817849e-06  4.5310765534e-06  1.1466108241e-05 -5.2018174152e-06  2.3858164516e-07 -2.1286342301e-06 -2.4088976702e-06 -1.1699935849e-05  3.0879964057e-05 -1.5501250429e-05 -1.2371710986e-05  6.8570894758e-06  9.2162319908e-06  1.2668562335e-06  2.0979778852e-06  1.0291656904e-05  4.5794413438e-07 -3.6875545991e-06  9.9465678694e-06 -2.6834073379e-05  3.9422017136e-05  4.3809444724e-05

JOB 16
COORDS -2.9412442271e+00 -3.2827050051e+00 -5.4720914232e+00 -4.7522003130e+00 -4.7931111615e+00 -5.0145707517e+00 -3.6566131229e+00 -3.8385546109e+00 -3.2397080086e+00 -3.9551117137e+00 -4.1177256256e+00 -5.9611018198e+00 -2.8074433467e+00 -3.1248580361e+00 -4.0946077081e+00 -1.8264144203e+00 -9.1917288706e-01 -3.6028016588e+00 -4.4191778178e-01  1.1598184086e+00 -3.1367443463e+00 -8.7758745960e-01 -2.1832064985e-01 -2.6346434390e+00 -4.6052803992e+00 -4.6648939980e+00 -3.6947780984e+00 -4.1189936501e+00 -4.3402595986e+00 -7.3343639936e+00 -1.7668142096e+00 -2.3071333912e+00 -3.5592334634e+00 -2.5710223774e+00 -3.1594618091e-01 -4.3639971506e+00 -2.2779726799e+00 -2.7467398655e+00 -6.1449975425e+00 -5.5406899818e+00 -5.4662820016e+00 -5.3535585586e+00 -3.5668020439e+00 -3.7348280289e+00 -2.1588285312e+00  1.4515652671e-01  1.0739994514e+00 -4.0562044019e+00  1.7030355221e-01  1.6659000658e+00 -2.3839619487e+00 -1.3140899932e+00  1.7794669481e+00 -3.3559858541e+00 -1.4155329013e+00 -1.1634701955e-01 -1.6826444167e+00 -7.5160067664e-03 -8.5456719116e-01 -2.4341049620e+00 -3.8441287868e+00 -3.5587972839e+00 -7.9188877430e+00 -5.0387382441e+00 -4.6805312154e+00 -7.5919452852e+00 -1.2792013907e+00 -2.6982806193e+00 -2.7612402995e+00
ENERGY -5.510681876416e+02
GRADIENT  2.0579561880e-03 -2.8477898205e-03  2.1665031279e-04  4.7802678744e-05  6.2824478003e-06  6.9859817028e-06  1.0298418612e-05  2.7388909753e-05  6.1161864322e-05 -2.1088046592e-05  1.5142602809e-06 -1.1812384866e-04 -3.9958783762e-03  4.1257075147e-03  1.4615500001e-03 -1.5845458119e-03 -2.0384117526e-05  3.1987245520e-03  1.3665384336e-05  4.1398932561e-06  2.0695839805e-06 -7.2135484984e-06  6.8137142630e-05  2.3301420414e-06 -9.6185641194e-06  6.5624931749e-06 -1.5440368612e-05 -8.7452455416e-06 -1.5096639980e-05 -2.6366397506e-05  3.4887751390e-03 -1.3333240950e-03 -4.7848160365e-03  4.6623226334e-06 -5.2774211498e-05  4.5789313895e-05 -4.5927746579e-06 -8.7654052084e-06  3.3509206279e-06  7.3827605650e-06  3.9341039371e-06 -1.2333269117e-05  8.2266397790e-06  8.6034292780e-06  3.1710083077e-07 -1.2658746804e-06 -3.2279166889e-06  2.4233712648e-07 -2.6495281495e-06  4.6704339817e-06 -3.0223622874e-06 -3.0912764845e-06 -9.1900329609e-07 -1.0809082841e-06 -1.1364128424e-05  1.6980855033e-05 -6.7461895502e-06 -1.2474025035e-05 -8.8640315975e-08  3.3870729203e-06 -8.4526388558e-07 -5.7955334784e-06 -5.6723881424e-06  3.6487266777e-06 -7.3919211484e-06 -5.8208314636e-06 -3.6577758449e-06 -5.4276144945e-05 -2.4185757654e-05

JOB 17
COORDS -2.8930064203e+00 -3.3545768992e+00 -5.5121680506e+00 -4.8193653311e+00 -4.6994761648e+00 -5.0211565341e+00 -3.7379316255e+00 -3.6714613321e+00 -3.2791624191e+00 -3.9376632610e+00 -4.1639943330e+00 -5.9813318755e+00 -2.8027576060e+00 -3.0964444115e+00 -4.1471952969e+00 -1.8568349433e+00 -9.1316535225e-01 -3.5174408261e+00 -5.0763241042e-01  1.1889564394e+00 -3.0538239932e+00 -7.8663673967e-01 -2.5929441750e-01 -2.6467831510e+00 -4.7238238472e+00 -4.4665796890e+00 -3.7107087762e+00 -4.0586509618e+00 -4.4923075974e+00 -7.3379487761e+00 -1.7353650247e+00 -2.2884108020e+00 -3.6378587514e+00 -2.7476962523e+00 -2.8125860210e-01 -4.0706564956e+00 -2.1670771783e+00 -2.9172176915e+00 -6.1928861348e+00 -5.6376105856e+00 -5.3460648567e+00 -5.3412515421e+00 -3.6870304656e+00 -3.4774206671e+00 -2.2089261729e+00 -8.5945726819e-02  1.2381557819e+00 -4.0624255337e+00  2.0222069363e-01  1.6520726919e+00 -2.3614383605e+00 -1.4321163084e+00  1.7703795926e+00 -3.0522492471e+00 -1.1547436223e+00 -2.9256746914e-01 -1.6127672818e+00  1.3321699710e-01 -8.5563711826e-01 -2.6688787249e+00 -3.7044463633e+00 -3.7845194690e+00 -7.9715903061e+00 -4.9891175073e+00 -4.7893557987e+00 -7.6103705986e+00 -1.0847576727e+00 -2.7446817691e+00 -3.0091984333e+00
ENERGY -5.510664627247e+02
GRADIENT  1.1726391797e-03 -1.7834954854e-03  2.9597863409e-04  3.1004357535e-05  1.7129061687e-05  2.3105469489e-05 -6.5192181174e-06 -1.7435330500e-05  9.0066946074e-06 -1.6301116886e-05  1.0339248417e-06 -5.3169270480e-05 -2.1926013101e-03  2.5113478867e-03  6.1312935857e-04 -7.4064466233e-04 -2.7627424162e-04  2.0193490730e-03 -1.2920160479e-05 -1.7750495905e-06  8.0839078136e-06 -1.0666319796e-05  1.4755605815e-05  6.7751927503e-06 -5.3742882418e-06 -5.0214420647e-06  1.8415148659e-06 -6.6109623448e-06 -1.0060701069e-05 -1.1059176547e-05  1.7342631151e-03 -5.4656595644e-04 -2.8661265314e-03 -1.8759132124e-05  2.2504342848e-05 -4.0837964767e-05 -8.0954115932e-06 -6.3080429858e-07 -2.2480449043e-06  4.5746827693e-06 -1.6332856090e-06  8.7201032702e-07 -2.6975637356e-06  8.8838755139e-06 -1.8143686809e-06 -9.1312618484e-06 -1.7636624527e-06 -4.6309707602e-06 -7.7313389813e-07 -2.6158317653e-06 -4.2560790667e-06 -1.9826503730e-06  1.3715364934e-06 -4.6538568650e-06  9.6521756486e-06 -1.9260019649e-05  3.4878582354e-06  4.7723157308e-06  7.4328907232e-06 -1.8939120958e-05 -1.7484397784e-06 -7.1882037386e-06 -1.1144637874e-06 -9.5372689169e-07 -3.2060178529e-06 -2.2407368641e-06  2.7451109700e-05  5.2689985180e-05  3.3937945847e-06

JOB 18
COORDS -3.2783028663e+00 -3.1456542053e+00 -5.1247088370e+00 -4.6173821533e+00 -5.1358460707e+00 -5.1564522602e+00 -3.2628198035e+00 -4.7650365859e+00 -3.3397827084e+00 -4.2146686348e+00 -3.9466215344e+00 -5.7946465433e+00 -2.7876628480e+00 -3.5689722040e+00 -3.8897782513e+00 -2.1589831673e+00 -2.0300299557e+00 -2.0646691095e+00 -1.1088676330e+00 -8.0943403409e-01 -1.0096259001e-01 -1.0591122154e+00 -1.0742164034e+00 -1.6074405861e+00 -4.1629392917e+00 -5.5309652114e+00 -3.9652839297e+00 -4.6926208355e+00 -3.6106119409e+00 -7.0694383813e+00 -1.8301420648e+00 -2.7848573949e+00 -3.1787106595e+00 -3.2414799948e+00 -2.1211024710e+00 -1.5009121653e+00 -2.9400956696e+00 -2.2049864555e+00 -5.5553899368e+00 -5.3427041171e+00 -5.7900943934e+00 -5.6422160765e+00 -2.9084415344e+00 -5.0962182542e+00 -2.3670825147e+00 -2.0981170648e+00 -4.5007247873e-01  1.9041687147e-01 -3.6299230755e-01 -5.9998209971e-02  1.8153150809e-01 -9.0784263598e-01 -1.7246423218e+00  4.6413055258e-01 -7.6021440818e-02 -1.4592459802e+00 -1.9030730749e+00 -1.2052072587e+00 -1.3439182296e-01 -2.1562604776e+00 -4.7145061410e+00 -2.6145280718e+00 -7.2577544307e+00 -5.5820480854e+00 -4.0396178092e+00 -7.3005556900e+00 -9.8274936545e-01 -2.5331493595e+00 -3.6729354869e+00
ENERGY -5.510663497606e+02
GRADIENT -1.2099875405e-03  8.7428967027e-04  7.8108232812e-04 -5.7520610891e-05  1.2893856045e-05 -1.1056562606e-04  4.5199580226e-05 -5.1726982037e-05  1.1315066405e-04 -7.9551128869e-06 -5.3764823004e-05  1.6542279792e-05  1.6288540522e-03 -5.6948896900e-04 -1.7496769495e-03 -3.1519230894e-04  1.3197914507e-03 -1.1118159379e-03 -9.7858000178e-06  7.8525891063e-06 -5.1546496061e-06 -6.6128239805e-06  1.6529351221e-05 -9.4796527718e-06  6.6657906591e-05  7.2858631124e-05  2.1195731008e-05 -1.1244696627e-05  9.8162545730e-06  2.3015723397e-05 -7.7843814461e-05 -1.6076947681e-03  1.9589573761e-03 -4.0023554452e-05 -4.5902958704e-05  5.9090174942e-05 -1.4173246299e-05  7.0730366080e-06 -3.0687828330e-08  6.9724111526e-06 -1.2186579302e-05 -6.5758829412e-06  1.9575096845e-05 -7.0584193410e-07  1.7222459054e-05  4.9543796164e-06 -5.0429377527e-06  4.2779501439e-06  4.9434326295e-06 -3.3293618019e-06 -3.3282574333e-06 -1.8340550174e-06 -8.5371329735e-07 -2.4173703148e-06  1.2199122904e-06 -1.8881626170e-05  1.9422319936e-05  2.2580606005e-05 -9.2426059431e-06 -1.6331673428e-05 -3.5505544380e-06 -6.1274387114e-06  6.7145479814e-06  2.3478441488e-06 -7.5108479008e-06  2.0756982783e-06 -8.0593727546e-06  1.1610487419e-05 -4.0690242867e-06

JOB 19
COORDS -3.2642819460e+00 -3.1566049413e+00 -5.1730960357e+00 -4.6743165343e+00 -5.0959929307e+00 -5.1441853552e+00 -3.4166212091e+00 -4.6367115021e+00 -3.2752745769e+00 -4.1869853856e+00 -3.9737705582e+00 -5.8412168869e+00 -2.8619838208e+00 -3.5008033054e+00 -3.8812845900e+00 -2.1746626819e+00 -2.0638481549e+00 -1.9826812086e+00 -9.9502057790e-01 -8.8219709399e-01 -6.9328510665e-02 -1.1351466687e+00 -1.0175429860e+00 -1.5874171423e+00 -4.3069132454e+00 -5.4133649843e+00 -3.9010307821e+00 -4.5710025145e+00 -3.7197025309e+00 -7.1663216887e+00 -1.9143652570e+00 -2.6967150650e+00 -3.1902178251e+00 -3.1539858961e+00 -2.3210729506e+00 -1.2962925377e+00 -2.8650875445e+00 -2.2648799995e+00 -5.6539556037e+00 -5.3928396478e+00 -5.7610133972e+00 -5.6251620935e+00 -3.1382957875e+00 -4.9080998948e+00 -2.2616741394e+00 -1.9660492972e+00 -6.7616619366e-01  3.8596109765e-01 -3.0756981701e-01 -6.8338171785e-02  1.8108485624e-01 -6.0917690992e-01 -1.8061520531e+00  3.7207234986e-01 -1.6782460139e-01 -1.2494705123e+00 -2.0484952326e+00 -1.4666709685e+00 -6.2996960778e-02 -2.0173721160e+00 -4.5444855767e+00 -2.7405592951e+00 -7.4284797423e+00 -5.4601899996e+00 -4.1354346345e+00 -7.4214358090e+00 -1.1730257563e+00 -2.2980669170e+00 -3.7535919468e+00
ENERGY -5.510675816497e+02
GRADIENT -1.7558334727e-03  1.0508764023e-03  9.2279896095e-04  1.7948084511e-04  8.1488618885e-05  1.9823411385e-04 -5.6587546455e-05  1.8019689714e-05 -1.3498718700e-04 -5.3705296920e-05  7.5369008566e-05 -2.0071468376e-04  2.1732381959e-03 -7.4095042012e-04 -1.8053688532e-03 -6.0367190111e-04  1.9001865812e-03 -1.2224729030e-03  2.4647779122e-05  1.7322495677e-05 -6.7678027754e-06 -4.0579959917e-05  5.9836890190e-05  1.5939105466e-04 -7.2087203423e-05 -1.0022063641e-04  2.1985805055e-05 -2.2756276442e-05  1.3389402409e-06 -6.1242131271e-05  1.9388571616e-04 -2.3732738903e-03  2.1900977220e-03  9.6318377409e-05  1.1771332658e-05 -1.1268720639e-04 -9.9432508828e-06 -2.1628703475e-05  7.2326025628e-06  2.1330907614e-05  1.2811031990e-05  1.3582521602e-05  5.4208818362e-06 -9.0445475353e-06 -9.1602678314e-06 -1.2545129578e-06 -4.1445483753e-07  3.1861791046e-06 -1.1482257688e-07  1.2808772451e-06  1.2113492644e-05  9.8917792159e-06 -1.9303909175e-06 -4.1933150474e-06 -1.5634217628e-05  9.3068924613e-06  5.8069085851e-06 -1.0433198000e-05  1.4214586197e-05  1.8242313980e-05 -7.0635736433e-06  5.2662000619e-07 -9.1354642717e-06 -6.0939136807e-06  7.7551485585e-06 -6.8570605767e-06 -3.3004789321e-06 -1.9381790764e-05  1.2851805875e-05

JOB 20
COORDS -3.2673871937e+00 -3.1855144629e+00 -5.2129046297e+00 -4.6852556230e+00 -5.1175551471e+00 -5.1484343872e+00 -3.5281191046e+00 -4.5508119989e+00 -3.2387348574e+00 -4.1564569475e+00 -4.0373768822e+00 -5.8807694756e+00 -2.9385567435e+00 -3.4492847335e+00 -3.8802165309e+00 -2.1642274437e+00 -2.0948679762e+00 -1.9346766737e+00 -8.6045538597e-01 -9.3932141775e-01 -8.7322153239e-02 -1.1693006995e+00 -9.9000718675e-01 -1.5853675551e+00 -4.3838523532e+00 -5.3608513533e+00 -3.8718802680e+00 -4.4652641338e+00 -3.8609048777e+00 -7.2378218254e+00 -2.0141773262e+00 -2.6048208278e+00 -3.2159721817e+00 -3.0200354015e+00 -2.4885442999e+00 -1.1538839372e+00 -2.8353355096e+00 -2.3278890467e+00 -5.7271106356e+00 -5.3784278403e+00 -5.8097654000e+00 -5.6282400410e+00 -3.3103737654e+00 -4.7654622665e+00 -2.1987505861e+00 -1.7830967425e+00 -8.4449802179e-01  4.8914200294e-01 -2.1203240781e-01 -8.7965267338e-02  1.4142813607e-01 -3.5584132179e-01 -1.8535711119e+00  2.3954966473e-01 -2.4813591610e-01 -1.1092657593e+00 -2.1681120421e+00 -1.6215716282e+00 -4.1877665461e-02 -1.9054516779e+00 -4.4248320899e+00 -2.8984512124e+00 -7.5542605854e+00 -5.3384118883e+00 -4.2942900561e+00 -7.5176474903e+00 -1.3635925013e+00 -2.1116058394e+00 -3.8151764124e+00
ENERGY -5.510688190541e+02
GRADIENT -1.3461657312e-03  1.0587206712e-03  5.4730775914e-04 -3.8392422505e-06 -1.7027452676e-05 -1.9086930339e-05  2.2121531570e-04 -1.1834285515e-05  4.5944084099e-04 -1.4818028315e-05  1.2443026411e-04  2.2361711406e-06  1.3724777382e-03 -7.4077150640e-04 -1.4626471492e-03 -8.9033805530e-04  1.6756521333e-03 -6.8151201673e-04  1.2836998796e-05  1.0030232142e-05 -6.1273131872e-08 -2.1461286712e-05  1.4012648840e-05  8.7257460721e-05 -7.6483137697e-06  3.3094307134e-05 -1.3590891386e-04 -2.0124874393e-06 -1.8534391942e-05 -3.9749081806e-05  6.3569225483e-04 -2.1757686134e-03  1.4334425242e-03  1.1583052612e-04  2.4297203712e-05 -1.3578956312e-04  5.9524700870e-06  1.1274297703e-05 -2.1651551910e-05  1.4123576367e-06  1.7764370167e-05 -3.9261239058e-05  3.1526585878e-06  1.7495303847e-06  1.1125307769e-05  2.5704959734e-06 -4.1770381510e-06  4.1893205929e-06  2.0764860001e-06 -2.9501504435e-06  1.0686408425e-05  8.1441896476e-06 -2.1777667236e-06  1.5011195358e-06 -1.2671830391e-06  3.4646371428e-07  6.8847111256e-06 -1.2671556679e-06 -6.0893882570e-06 -1.5284303923e-06 -3.3677029324e-07 -1.3572416935e-06  3.9424643887e-06  2.9016537156e-06  2.4620203786e-06  1.3915269395e-06 -4.3622095500e-05 -1.9028045169e-07 -1.3685155927e-05

JOB 21
COORDS -3.2770248298e+00 -3.2004875155e+00 -5.2282087037e+00 -4.7097371661e+00 -5.1202812130e+00 -5.1545539700e+00 -3.6703046782e+00 -4.4589292818e+00 -3.2045097052e+00 -4.1287306392e+00 -4.0800913247e+00 -5.9058510684e+00 -3.0344862675e+00 -3.3909357936e+00 -3.8626986714e+00 -2.1722136719e+00 -2.1153821576e+00 -1.8828053735e+00 -7.4238920264e-01 -9.9760876673e-01 -1.0660444764e-01 -1.2242861216e+00 -9.6180570927e-01 -1.5586278709e+00 -4.4884171040e+00 -5.2974059414e+00 -3.8522884315e+00 -4.3500156963e+00 -3.9727957983e+00 -7.2868613406e+00 -2.1446740202e+00 -2.5063543022e+00 -3.2110118882e+00 -2.8961549282e+00 -2.6328023158e+00 -1.0418364173e+00 -2.8036462265e+00 -2.3765831099e+00 -5.7614041892e+00 -5.3767867778e+00 -5.8336002359e+00 -5.6404299507e+00 -3.5216053856e+00 -4.6224110440e+00 -2.1446731259e+00 -1.5936531863e+00 -1.0207956995e+00  5.7701828387e-01 -1.3433988953e-01 -1.1555743455e-01  1.1657669296e-01 -1.3771617637e-01 -1.8894854129e+00  8.3799204987e-02 -3.7278102369e-01 -9.6054897210e-01 -2.2497193325e+00 -1.7788759156e+00 -3.2534272928e-02 -1.7449717146e+00 -4.2851590805e+00 -3.0282085085e+00 -7.6495843606e+00 -5.2051142711e+00 -4.4196801603e+00 -7.5991886917e+00 -1.5660187273e+00 -1.9450764305e+00 -3.8235498923e+00
ENERGY -5.510697720362e+02
GRADIENT -1.0558122642e-03  7.6248315684e-04  2.3791697493e-04  3.3909682115e-05 -2.0070117626e-05  1.5759083684e-04  3.2749277599e-05  8.6828115193e-05 -5.3595971719e-05  4.6826723748e-05  8.3216807056e-05 -4.2460791098e-05  9.8610369031e-04 -5.4985945487e-04 -4.7682263636e-04 -9.2411189753e-04  1.1146363319e-03 -3.7420993021e-04  6.0927619831e-06 -2.9358804825e-06  6.1215583193e-06  1.5638723640e-05 -8.6477243501e-06 -2.4856699172e-05 -8.3247939368e-05 -5.4452710239e-05 -6.5981105641e-05 -1.7431833045e-06 -3.3532639433e-06 -4.6866132248e-06  8.8877730302e-04 -1.3305305169e-03  6.1323956522e-04 -2.8511522366e-06 -3.5529706605e-05 -1.0632057623e-05  1.6328042918e-05 -1.1297215788e-06  4.6367437577e-06  2.3382153046e-06  9.5399085847e-06 -2.0171977385e-06 -5.5937250518e-07 -1.1273288171e-05  1.2842430681e-07  3.4296944455e-06  4.8869354760e-07 -1.5006929231e-06  2.0265776376e-06  1.5084474290e-06  1.7052551142e-06  4.8188653969e-06  1.9648881856e-06  4.4102934307e-06  1.3643045780e-05  1.8803724428e-05 -4.6406823347e-06 -4.5502140508e-06 -1.2739891896e-05 -4.2539632097e-07  3.2155877730e-07  5.4458794004e-06 -2.8710562606e-06  1.2875837372e-06  7.6179370579e-07 -1.0485632401e-06  4.5611238161e-05  8.0541869174e-06  7.4060404336e-05

JOB 22
COORDS -3.2873834378e+00 -3.2053331311e+00 -5.2345166523e+00 -4.7249075435e+00 -5.1206345710e+00 -5.1617293773e+00 -3.8069238230e+00 -4.3686939722e+00 -3.1812731039e+00 -4.0978179022e+00 -4.1141936178e+00 -5.9222787862e+00 -3.1315644761e+00 -3.3283764940e+00 -3.8474640307e+00 -2.1843986285e+00 -2.1254829453e+00 -1.8476048476e+00 -6.3461990942e-01 -1.0595964282e+00 -1.4211963282e-01 -1.2740175145e+00 -9.4034719033e-01 -1.5272780601e+00 -4.5827373161e+00 -5.2373870883e+00 -3.8424571219e+00 -4.2324358478e+00 -4.0708256947e+00 -7.3177608641e+00 -2.2874411328e+00 -2.4013082490e+00 -3.1987264144e+00 -2.7798923812e+00 -2.7520436531e+00 -9.7953684301e-01 -2.7768057393e+00 -2.4101303599e+00 -5.7772323336e+00 -5.3625849054e+00 -5.8559579007e+00 -5.6541958606e+00 -3.7206578647e+00 -4.4862781070e+00 -2.1092622732e+00 -1.4031891493e+00 -1.1928274062e+00  6.2210485220e-01 -5.7086794536e-02 -1.5983788639e-01  9.1137170152e-02  3.7039913452e-02 -1.9220330000e+00 -9.3059781320e-02 -5.0444733110e-01 -8.2693851603e-01 -2.3004092290e+00 -1.8977217619e+00 -3.7865477198e-02 -1.5739519001e+00 -4.1465451924e+00 -3.1437460037e+00 -7.7191199170e+00 -5.0650868560e+00 -4.5361107686e+00 -7.6621429691e+00 -1.7682748387e+00 -1.7881309779e+00 -3.8145291707e+00
ENERGY -5.510703638117e+02
GRADIENT -4.5906075374e-04  4.0339458318e-04  1.2506601563e-04  7.9108927737e-05  1.2053577874e-04  6.6246755606e-05 -2.8653086705e-05 -8.6455034850e-05  3.0041824155e-06 -3.2617732448e-05 -4.0180748836e-05 -5.1657431383e-05  4.0269009750e-04 -2.6320056924e-04 -2.4011521894e-04 -4.3342078374e-04  4.9440228665e-04 -8.9519676863e-05  8.0237735368e-06  6.9799462851e-07  2.3440770543e-06 -7.6174103721e-06  9.5928653696e-06  2.0131558492e-05 -1.6248905199e-06 -3.5921272398e-05  5.3132471954e-05  1.7431081756e-05  1.5310379111e-05 -3.6703294264e-05  4.3044171179e-04 -5.9372417737e-04  1.1960833639e-04  6.9212171956e-07  3.1100795101e-05  6.8159569509e-06 -5.6032325484e-06  2.5527045480e-07 -5.7616873771e-06  1.1776191883e-05  4.9580261059e-06  2.0101055742e-05 -1.7600984573e-05 -5.1153723112e-07 -7.7691454201e-06 -1.1296633562e-06  4.1024409344e-09 -1.1798415452e-06 -3.8838932544e-07  1.3125640055e-06  3.7874917896e-06  3.5696573889e-06  2.8198920660e-06  9.7484455894e-07 -2.9518646262e-06 -8.5129923723e-07  2.3582994927e-06  4.0947523963e-06  1.9666384735e-06  9.5752845260e-06 -2.5438879114e-06  1.2534840493e-06 -4.0020936173e-06  1.7704974184e-06  4.4086426164e-06  7.1065011572e-07  5.8569279602e-05 -4.3130993101e-05  1.0475700510e-05

JOB 23
COORDS -3.4275033425e+00 -3.2057180333e+00 -5.2969059009e+00 -4.6326637849e+00 -5.2758723429e+00 -5.2466812409e+00 -3.5806301744e+00 -4.5769836539e+00 -3.3130118609e+00 -4.2097907394e+00 -4.1459045919e+00 -5.9743147874e+00 -3.1033750004e+00 -3.4148306911e+00 -3.9492677951e+00 -1.8551240083e+00 -2.3992228101e+00 -2.0078085858e+00 -9.7361077500e-01 -8.1212376140e-01 -2.3255180691e-01 -9.4073716203e-01 -1.2111445241e+00 -1.7092678302e+00 -4.3271291826e+00 -5.4773212953e+00 -3.9662607693e+00 -4.5059774511e+00 -4.0108128953e+00 -7.3385700829e+00 -2.3110907250e+00 -2.4366152718e+00 -3.3121069418e+00 -2.1277610893e+00 -3.2480103301e+00 -1.1673105018e+00 -3.0661445250e+00 -2.3198228652e+00 -5.8187430519e+00 -5.2406692292e+00 -6.0396139644e+00 -5.7334545735e+00 -3.3553857145e+00 -4.7695477299e+00 -2.2727319120e+00 -1.9669945873e+00 -4.5511726595e-01  5.5584466324e-02 -2.5060066911e-01 -1.4506725984e-02 -3.6175275276e-02 -7.3281246951e-01 -1.6693741128e+00  3.9957399076e-01  7.6387525466e-02 -1.5123136119e+00 -1.9926443415e+00 -1.1998308521e+00 -3.5713802769e-01 -2.3469711640e+00 -4.5710066632e+00 -3.0519365829e+00 -7.6614039311e+00 -5.3142532649e+00 -4.5462847838e+00 -7.6357694436e+00 -2.0200010938e+00 -1.6679910240e+00 -3.9029619554e+00
ENERGY -5.510705160567e+02
GRADIENT  3.2855338724e-06  2.2625938721e-05 -1.1734679797e-05 -4.4370910352e-06  1.2837213065e-06  6.7111276475e-06 -1.2399462779e-06  8.0035894739e-06 -6.0523132709e-06  2.8061075310e-06 -2.5172075857e-06  9.7942599008e-06 -2.2341958448e-05 -7.1155831799e-06  2.3933104395e-05 -2.7817466206e-05 -1.7498119828e-05  6.3058733045e-06 -1.2688260614e-06 -1.7371176135e-06  3.0176822734e-06 -1.4107771523e-06  3.5003188038e-06 -1.1555075113e-05  5.8113817893e-06 -1.9029613267e-06  1.4724248817e-06  5.9551979197e-06  5.4365351245e-06  6.5067416551e-06  8.4318777001e-05 -1.1813659303e-05 -3.0013939174e-05 -1.3642523848e-05 -1.5395270851e-05  1.3652224013e-06  5.6462242188e-06  4.2747966838e-07 -2.1481944452e-06 -1.7419441611e-06  9.0498524723e-07  3.1345285535e-06  2.8063770877e-06  8.8798711015e-07  7.8309794442e-06  1.1587591982e-06  3.1117179083e-06  1.2216263220e-06  2.3683982742e-06 -1.8346207164e-06  1.7533922581e-06 -3.2352461353e-06 -5.5857468084e-07  5.6747689211e-07 -1.8467611311e-06  2.6085720409e-06 -5.7208046986e-07 -2.2309612210e-06  3.5124922801e-06  2.2558465104e-06  3.5620057280e-07 -4.6549478402e-07  1.3425888916e-06  3.9818510018e-06 -2.4220373316e-06  1.4598658346e-07 -2.0967391433e-05  1.5095835506e-05  8.1559351790e-06

