JOB 0
COORDS  1.3309654425e+00  1.2952103443e-01  1.8080154017e+00  1.5571380471e+00 -4.7356008454e-01  3.0315821071e+00 -6.0626570616e-01 -1.2689975986e+00  1.5550021247e+00  2.1309942444e-01 -2.6059347824e-01  1.0423725265e+00  6.5537395090e-01 -1.4756164305e+00  3.4510952385e+00 -1.0009751791e-01  3.1109590858e-01 -2.8946461864e-01  4.8689647738e-01 -3.5526724676e+00  6.4505350923e+00  1.9714548350e+00  2.3906703837e+00 -2.4631798038e+00 -1.0865104498e-02 -3.0793559209e+00  5.0969963349e+00  7.1180162373e-01  1.6297562924e+00 -2.0927972695e+00 -3.9698198656e-01 -1.8716599375e+00  2.7342429114e+00 -1.1518690005e+00  1.4585030421e-01 -8.8554506457e-01  9.0076173971e-01 -2.0480636252e+00  4.6474016395e+00  9.3692143601e-01  1.0254775559e+00 -7.9332738907e-01  2.0007057181e+00  8.9790398811e-01  1.4361335132e+00  2.3953823821e+00 -2.0712169817e-01  3.6668723303e+00 -1.4688832141e+00 -1.6008868507e+00  9.8209950963e-01  1.4985058864e+00 -3.9623050283e+00  6.3738726012e+00  4.9979826244e-01 -2.7304068015e+00  7.1721357512e+00 -1.7518473907e-01 -4.3367176159e+00  6.8320982846e+00  2.1846642383e+00  3.1757483002e+00 -1.7314489826e+00  2.8338293343e+00  1.7192616553e+00 -2.5132343387e+00  1.8430219843e+00  2.8601509634e+00 -3.4438346602e+00 -1.0204485805e+00 -2.6619715522e+00  5.1538393535e+00 -2.5982617159e-02 -3.8873623995e+00  4.3597548444e+00  4.8350777604e-01  8.3744660597e-01 -2.8111179941e+00 -1.6148358982e-01  2.2849685692e+00 -2.0283537188e+00
ENERGY -6.694655877326e+02
GRADIENT -2.1883996768e-04 -2.4009725657e-04  1.2758647680e-04  2.3160492032e-04  7.4041418872e-05  1.5878564593e-04  1.0972849035e-03 -1.3346048670e-03 -8.5139097665e-04 -1.3098198228e-03  1.5496638328e-03  7.9849656218e-04  2.4997779442e-05  5.7669940034e-05 -6.0789740084e-05 -4.6859243836e-04  1.3486899485e-03  8.3924103974e-04  1.8171208445e-06 -1.3107937273e-06  3.2062672092e-06 -3.8479199062e-06  3.2137896866e-06  1.5867267171e-06 -4.1299317762e-06  6.1020233323e-06  6.4510973311e-06 -1.5957235169e-05  9.4438762359e-06  1.0641304191e-06 -7.5670555645e-07  6.5360940940e-06 -1.5463137821e-05  3.0626844964e-05  1.3778581844e-04 -1.7550045980e-04  3.5419497364e-05  9.3419368406e-06 -8.6146494680e-06  5.9025494828e-04 -1.6130485636e-03 -8.0181100619e-04 -6.1319132832e-06 -2.8590829860e-05  1.1073911712e-05  1.7814814072e-05 -5.7771696379e-06  3.0904273260e-05  1.3976381582e-05  1.7157039548e-05 -1.0140162793e-05  2.8519542354e-06 -4.5121175954e-06  1.6283593954e-08  6.0097222734e-06 -3.4630711700e-06  2.0128018385e-06  2.5106492588e-06 -1.8477761298e-06  9.7749588107e-07 -1.7798076082e-06 -7.4885081280e-07  4.9831603893e-07 -3.2107010806e-06 -2.4770291199e-06  3.3188649116e-06 -1.1915830627e-07 -4.0559147342e-06  1.0635055774e-06  1.6719104105e-06 -3.5718926636e-06  1.7897803138e-06  1.2484561068e-06 -3.4527113985e-06  5.6579584313e-06 -1.1809535313e-06 -9.6577485798e-07  1.6555014422e-06 -6.7201410659e-07  8.6861700218e-07  7.0745340936e-06

JOB 1
COORDS  1.1963564717e+00  3.1248568613e-01  1.9257926861e+00  1.4355121007e+00 -3.1654797687e-01  3.1338869281e+00 -5.9936986309e-01 -1.2395299805e+00  1.5539460091e+00  1.3498183944e-01 -1.3640076936e-01  1.1143936115e+00  6.1626521467e-01 -1.4118580634e+00  3.4835916647e+00 -1.6780639241e-01  4.4581018554e-01 -2.1622754315e-01  5.3879785591e-01 -3.6149267602e+00  6.3958799931e+00  2.0516603831e+00  2.1951523677e+00 -2.5303510450e+00  4.6896702927e-02 -3.1348360653e+00  5.0425754441e+00  7.2346780695e-01  1.6103986009e+00 -2.0868051814e+00 -3.6933331383e-01 -1.8728087914e+00  2.7134817525e+00 -1.2549397365e+00  3.8896045172e-01 -7.6635082934e-01  8.7421120979e-01 -2.0078552169e+00  4.6662519509e+00  9.2934778600e-01  1.0057819796e+00 -7.8366399262e-01  1.8115548761e+00  1.1465381244e+00  1.6031704188e+00  2.2269085123e+00 -3.5973346625e-03  3.8068798696e+00 -1.4090958230e+00 -1.6258719586e+00  9.3901880260e-01  1.5859791673e+00 -3.9274350951e+00  6.3430940423e+00  4.5052335341e-01 -2.8245156233e+00  7.1471782663e+00 -6.0936615420e-02 -4.4706215747e+00  6.7226875214e+00  2.3969714900e+00  2.9608101233e+00 -1.8290865684e+00  2.8178022669e+00  1.4172788891e+00 -2.5994450774e+00  1.9394953488e+00  2.6572744554e+00 -3.5164845397e+00 -9.9837330050e-01 -2.8137874169e+00  5.0762240210e+00  1.3189580089e-01 -3.9108431948e+00  4.2762052787e+00  3.6274411295e-01  8.4037955891e-01 -2.7743644659e+00 -5.5187213151e-02  2.3736527182e+00 -2.0007730082e+00
ENERGY -6.694638329141e+02
GRADIENT  7.1202454530e-05  9.7410801703e-05 -5.7064808138e-06 -1.1174019924e-04 -4.4457793771e-05 -1.1446361385e-04  2.4325383790e-03 -2.3503269171e-03 -1.6791010681e-03 -3.3822545240e-03  2.2709182640e-03  1.8358450407e-03  8.4573734913e-05 -4.8872120222e-05  1.7085690352e-04  6.9973004981e-05  3.2091572595e-03  1.4723020287e-03 -1.7257955584e-06 -5.4906076347e-06  1.3518118604e-06 -2.2586791860e-06  2.9404471393e-07  3.3585908233e-06  1.3714658125e-05 -5.7809394847e-06  1.7428903161e-05 -8.6290553979e-06  2.2516782687e-06  3.7116497674e-06  3.7993430008e-05  9.3913888150e-05 -8.5232411909e-05  5.2069990921e-06  3.1435264131e-05 -3.3975197118e-05  5.3461391017e-06 -2.9381176823e-05  5.0125056622e-05  7.8980182868e-04 -3.2314077107e-03 -1.5816123101e-03  1.1865966426e-05  4.9544682123e-06 -1.0885853093e-05 -1.5530970546e-05 -1.0548122051e-05 -6.4915296596e-06 -7.2339808074e-06 -1.7057612098e-06 -1.6228085057e-05  1.1383123909e-07 -5.7343403405e-06 -1.0819420986e-06  2.2635662003e-06 -4.7427944429e-06  5.7437622695e-07 -2.3982189458e-07 -4.4004601666e-06  1.9133040979e-06 -2.1592465575e-06 -1.8357403604e-06  1.2181240520e-06 -4.6184733405e-06 -1.3129402443e-06  1.0845024348e-07 -2.2212935597e-06  1.3281677033e-07  9.3647266005e-07 -1.0799953133e-06 -5.2902470493e-06  3.4805878129e-06 -4.0995399411e-06 -1.7586085320e-06  5.3894263765e-06 -3.1667416194e-06 -1.6967905666e-06  4.7265370274e-06 -9.1012842985e-07  2.1581985941e-06  3.5873840438e-06

JOB 2
COORDS  1.0566259037e+00  4.8813289415e-01  2.0510994290e+00  1.3066862461e+00 -1.6808486651e-01  3.2428193683e+00 -5.8000600663e-01 -1.1945950902e+00  1.5479456182e+00  6.2637824223e-02 -1.0137994133e-02  1.1863091574e+00  5.7622150735e-01 -1.3448273610e+00  3.5153429885e+00 -2.2440238586e-01  5.9355312304e-01 -1.4105931028e-01  5.8913023522e-01 -3.6709848506e+00  6.3314336853e+00  2.1066371584e+00  1.9912712542e+00 -2.5811147988e+00  1.0842271569e-01 -3.1781998450e+00  4.9785976591e+00  7.3262311410e-01  1.5972912623e+00 -2.0717696330e+00 -3.3358909026e-01 -1.8573171876e+00  2.6880858921e+00 -1.3316172562e+00  6.6345368992e-01 -6.4608238067e-01  8.4347117499e-01 -1.9669250852e+00  4.6832178576e+00  9.1200556560e-01  9.8961883434e-01 -7.6514346438e-01  1.6125730209e+00  1.3821346834e+00  1.7846448181e+00  2.0443390129e+00  1.8248649795e-01  3.9570612812e+00 -1.3298504136e+00 -1.6260460843e+00  8.8819650593e-01  1.6618026165e+00 -3.8854947910e+00  6.3108691474e+00  3.9983486444e-01 -2.9251636864e+00  7.1091984657e+00  5.8028883057e-02 -4.5905364537e+00  6.5980098641e+00  2.5810962512e+00  2.7143498303e+00 -1.9108896172e+00  2.7582979484e+00  1.1165351908e+00 -2.6641814906e+00  2.0148346223e+00  2.4484968936e+00 -3.5716310909e+00 -9.6237859629e-01 -2.9538990505e+00  4.9806753191e+00  2.9328925599e-01 -3.9097256100e+00  4.1863595862e+00  2.4281568696e-01  8.7197388648e-01 -2.7273529263e+00  6.7054420134e-02  2.4592423988e+00 -1.9698712569e+00
ENERGY -6.694610668077e+02
GRADIENT  2.3623513359e-05  4.2985713720e-05 -4.8515860496e-06  6.8355459424e-06 -2.4025094408e-05  1.6837647473e-05  4.0034730511e-03 -2.7795487501e-03 -1.9880410148e-03 -5.5682331396e-03  2.5108951671e-03  2.3357996852e-03 -7.2650572590e-05  3.7643680075e-05 -1.0212866269e-04  1.2616886828e-03  4.8282479559e-03  1.9465471456e-03  1.6521832736e-06 -2.5622517810e-07 -3.2014271862e-07 -4.8125014786e-10 -9.5389815034e-07  8.8553320705e-07 -5.6813181635e-06  1.0361516483e-05 -1.4578823174e-05 -2.7559432804e-06  4.0218652328e-06  1.0825407762e-06 -2.3178595514e-05 -8.2753605745e-05  5.5613103393e-05  4.8696494825e-06  1.7683741929e-05 -2.0123518661e-05 -8.8157296821e-06 -5.5083824686e-07 -5.7780020010e-05  3.9239582987e-04 -4.5713412282e-03 -2.1667096764e-03  7.4241073790e-06  3.2591994549e-06 -2.5346182435e-06  1.2421858758e-05  7.1260096403e-06 -5.7933422119e-06  1.7821084638e-06 -7.8899244186e-06  2.1053747191e-05  2.3710084328e-06 -8.8728795833e-07 -1.7221066497e-06  1.8949137219e-06 -1.9518367862e-06 -6.5391885692e-07  2.5672057832e-06 -2.1613392588e-06 -2.0987705605e-06  1.0183923758e-06 -2.0323192158e-06 -8.8087860525e-07 -3.6586178474e-07 -1.5938004969e-06 -1.4404402602e-06 -7.4479090017e-07 -1.3185347815e-06 -2.2064381252e-07  3.1006379452e-07  5.8735297910e-06 -2.7528342137e-06  1.9834152558e-06 -3.0873622848e-06 -3.0481464801e-06  1.6227653776e-06  5.4474183531e-08 -1.1590260037e-06 -3.8787990310e-07 -1.3239858397e-06  2.7858397259e-06

JOB 3
COORDS  9.2227082151e-01  6.3497444743e-01  2.1724478803e+00  1.1730347735e+00 -4.5274960634e-02  3.3511575003e+00 -5.2433908395e-01 -1.1639570437e+00  1.5204709124e+00  2.1761419856e-02  8.7466999567e-02  1.2395445752e+00  5.4315475007e-01 -1.2936623746e+00  3.5403401776e+00 -2.4854005916e-01  7.2727493913e-01 -7.9229872719e-02  6.3565227554e-01 -3.7292793276e+00  6.2615297053e+00  2.1351883637e+00  1.7684823396e+00 -2.6428658230e+00  1.7978337187e-01 -3.2242573473e+00  4.9045748775e+00  7.4517746271e-01  1.5757512342e+00 -2.0657454344e+00 -2.7330302917e-01 -1.8492400310e+00  2.6472293213e+00 -1.3581961659e+00  9.5247575783e-01 -5.2775495323e-01  8.1028524704e-01 -1.9387130241e+00  4.6970517192e+00  8.9942079461e-01  9.5512896664e-01 -7.6076568890e-01  1.4077561849e+00  1.5859096705e+00  1.9715669729e+00  1.8395135513e+00  3.4081819313e-01  4.1152528397e+00 -1.1994598937e+00 -1.6362486857e+00  8.0941891021e-01  1.7235079568e+00 -3.8422279195e+00  6.2914607501e+00  3.3712914151e-01 -3.0388932271e+00  7.0560619192e+00  1.8135042901e-01 -4.7048888200e+00  6.4629017154e+00  2.7382053305e+00  2.4202944001e+00 -2.0037138300e+00  2.6521215679e+00  8.0989245483e-01 -2.7453746417e+00  2.0618235237e+00  2.2288890525e+00 -3.6334457856e+00 -9.0635259526e-01 -3.1012259332e+00  4.8569176837e+00  4.7323850368e-01 -3.9005299955e+00  4.0960271884e+00  1.2685915770e-01  9.2329420220e-01 -2.6884827748e+00  2.1339338226e-01  2.5235576348e+00 -1.9428198028e+00
ENERGY -6.694577425892e+02
GRADIENT -1.3458889378e-05 -2.3061647933e-05  5.3979706864e-07 -5.7974659728e-06  1.6025325658e-05 -7.6572506586e-06  4.3763959116e-03 -2.4013679730e-03 -2.1670922528e-03 -6.5860333429e-03  1.9186787236e-03  2.3144619369e-03  4.4582943463e-05 -2.5430053032e-05  5.2025048547e-05  2.5223190445e-03  5.1777533017e-03  1.9760510285e-03  5.2699208012e-07 -1.2621896998e-06 -2.4744304124e-06  1.6584016196e-06  1.5223193778e-06 -5.2590546251e-06  4.9400392132e-06 -8.6048159563e-06  3.6133584487e-06  3.4738173987e-06 -8.6806684683e-06 -5.1929964047e-06  1.6684363722e-05  4.7548316409e-05 -2.4625638463e-05  1.2023652655e-05 -1.0791590052e-05  2.6233032367e-06  5.1840524693e-07  2.1202265532e-06  3.5638427506e-05 -3.7353771167e-04 -4.7261769202e-03 -2.2134297890e-03 -8.0135794848e-06 -3.6226678412e-07  3.2871899281e-06 -1.1321958182e-05 -3.0551997157e-06  2.8015340545e-06 -1.5058578613e-07 -3.7387560618e-06 -1.8133919300e-05 -2.9114809742e-07 -4.5515556639e-07  1.2981600459e-07 -2.3488570161e-06 -1.1737258028e-08 -2.0983556440e-06 -9.5091395698e-07 -1.3683471509e-06 -8.5682818827e-07 -1.9710635149e-06  1.2556404043e-06  1.3817799514e-06  3.6462485996e-06  2.4104627706e-06  1.2617109450e-06  3.8273961507e-06  1.2043842716e-06 -8.0968362292e-07  3.3847981954e-07 -1.0307780898e-05 -3.1387308712e-06  4.8062372487e-06 -7.2271463073e-08 -1.8630875190e-06  3.8979241256e-06 -3.7008985667e-06 -3.1676140566e-06  7.6926474042e-07 -3.1470567802e-06 -5.9270779170e-06

JOB 4
COORDS  7.9846770332e-01  7.5518303559e-01  2.3082651103e+00  1.0338197879e+00  5.3812178467e-02  3.4786719591e+00 -4.0705810403e-01 -1.1477242852e+00  1.4889423615e+00  3.6399916204e-02  1.5720357978e-01  1.2887905118e+00  5.1948971650e-01 -1.2554450105e+00  3.5794192375e+00 -2.2959685609e-01  8.5089709995e-01 -9.1618001541e-03  6.4680890364e-01 -3.7745582306e+00  6.2226550081e+00  2.0989548948e+00  1.5672696858e+00 -2.7291141332e+00  2.4467143133e-01 -3.2615621297e+00  4.8516857424e+00  7.3956420181e-01  1.5778401075e+00 -2.0553433016e+00 -1.7450075134e-01 -1.8485027445e+00  2.6110793036e+00 -1.3175480326e+00  1.2620652106e+00 -3.6703997184e-01  7.6674517204e-01 -1.9183126052e+00  4.7318426198e+00  8.8816718952e-01  9.1894178488e-01 -7.6728864211e-01  1.1928660890e+00  1.7600290651e+00  2.1825658292e+00  1.6007930752e+00  4.7336436314e-01  4.3030445964e+00 -9.8209586889e-01 -1.6572516573e+00  7.1772372820e-01  1.7355066166e+00 -3.7904259733e+00  6.3303238794e+00  2.2983494869e-01 -3.1439140703e+00  7.0135316092e+00  2.7114459556e-01 -4.7938504535e+00  6.3594389863e+00  2.8375440563e+00  2.1079465540e+00 -2.1299701969e+00  2.4547946026e+00  5.4327983164e-01 -2.8753741686e+00  2.0277727671e+00  2.0513500314e+00 -3.7085056801e+00 -8.4214644916e-01 -3.2351567319e+00  4.7272433678e+00  6.5593411650e-01 -3.8784574989e+00  4.0468720162e+00 -1.3407122637e-02  1.0375708750e+00 -2.6358126714e+00  3.6855069809e-01  2.5928983006e+00 -1.8877541046e+00
ENERGY -6.694548724189e+02
GRADIENT -3.2364342796e-05 -6.6511970281e-05  5.7768421371e-05  1.7330570459e-05  2.6432233250e-05 -8.5929378978e-06  3.1399826653e-03 -1.2918726654e-03 -1.4090131278e-03 -4.9947468506e-03  8.8254541123e-04  1.3701617301e-03  6.6475611575e-05 -2.6200732776e-05  8.8424879073e-05  2.6262366812e-03  3.5531987266e-03  1.4453297877e-03 -1.9496635919e-06  2.9457826457e-06 -2.2219395500e-06  2.4493739021e-06  7.7832839352e-06 -9.8164359948e-06  1.5425874973e-05 -1.4707313646e-06  2.6110658194e-06  1.4878531423e-05  2.3895860280e-05  1.0146519870e-05  2.1016368124e-05  8.5839086292e-05 -3.6653170017e-05 -1.0612566771e-05  4.7068318850e-07 -2.2638151801e-05 -8.9605711514e-06  4.8505335325e-06  5.5693674345e-05 -8.4695802404e-04 -3.1335537527e-03 -1.5280232374e-03  1.1878922172e-05 -1.0139151482e-05 -8.2190866889e-06 -4.0996550264e-06 -8.5710715374e-06  4.0699831998e-06 -2.7943179904e-06  1.2755835127e-05 -2.4951888779e-05 -3.4725271450e-06  1.8707426508e-06 -2.4259020356e-06 -2.0522186163e-06  1.6661807001e-06 -8.1376144178e-07 -4.6506925649e-06  2.6744929113e-06 -2.1024011277e-06  8.4645564094e-07  4.2504464935e-06 -3.8546031528e-06  1.3937812627e-06  1.5466041879e-06  1.5220430125e-06  6.2273461968e-06 -1.2895537144e-06 -6.8971316235e-06 -5.0434924627e-06  4.6185306440e-06  4.0122464721e-06 -1.1181006656e-05  4.4073409758e-06 -1.3394937563e-06  7.1917494040e-06  1.7217688230e-06 -1.0249593268e-05 -2.3336823536e-06 -1.3670801987e-06 -1.5727817704e-06

JOB 5
COORDS  1.0777985877e+00 -6.7789127893e-01  1.3086690352e+00  1.5164873314e+00 -1.3805986625e+00  2.4184350097e+00 -1.1356589808e+00 -7.4539034004e-01  2.2247924234e+00 -2.8429124670e-01 -3.4769437199e-01  1.1980040802e+00  5.6466300107e-01 -1.7332225194e+00  3.3972091234e+00 -7.9637127868e-01  4.5464114423e-01  4.0969110886e-02  8.1731349020e-01 -3.5247859563e+00  6.5718133695e+00 -2.1708450984e+00 -7.1776731122e-01 -3.1314344520e+00  5.9754402252e-02 -2.7803624914e+00  5.4871176158e+00 -1.7394308239e+00  3.4579330362e-01 -2.1392155383e+00 -7.2690420830e-01 -1.4265797570e+00  3.3087357192e+00 -8.2202722958e-01  1.6702852339e+00  4.4263221836e-03  1.0219645562e+00 -2.4176738309e+00  4.4708417123e+00 -1.2214855475e+00 -3.4008735736e-01 -9.6520737544e-01  1.7804436660e+00 -3.8248248914e-01  5.3392302447e-01  2.5559955816e+00 -1.6599250489e+00  2.5542401533e+00 -2.1974590767e+00 -5.0783903816e-01  2.1851959924e+00  1.2888995593e+00 -4.4268436081e+00  6.1705351748e+00  1.5958577536e+00 -2.8923209826e+00  7.0087772766e+00  1.2588043426e-01 -3.8210073185e+00  7.3674194000e+00 -1.3263613062e+00 -1.3511984351e+00 -3.4182690134e+00 -2.9525538614e+00 -1.3545728751e+00 -2.7071682158e+00 -2.5662809198e+00 -2.4003511054e-01 -4.0336479941e+00 -4.1577586647e-01 -1.8722473293e+00  5.8701062045e+00 -7.2193946440e-01 -3.3990237296e+00  5.0357119708e+00 -2.5710058618e+00  9.8481764317e-01 -1.8296444320e+00 -9.5233696529e-01  9.9066527127e-01 -2.5400344126e+00
ENERGY -6.694538048789e+02
GRADIENT -5.5126206029e-06 -9.9103448805e-06  4.6700389113e-05  1.2489523657e-05  1.3843860313e-05 -5.3228504639e-05 -8.1438688121e-05  4.3377902627e-04  8.6742100790e-05 -2.2154625860e-05 -3.4071980294e-04 -2.0031489674e-04  8.4260140822e-05 -9.7825337575e-05  8.9669464647e-05 -4.9756119020e-04  1.1232636033e-04  6.4339319370e-05 -9.0981058585e-07  1.2832424710e-06 -4.5821964591e-07 -6.2769372914e-06 -1.1715467768e-06  1.1990606121e-06  4.0584938611e-06 -3.4817681165e-05  2.8259866447e-06 -3.4422209226e-05 -1.8109770083e-05  1.6834489781e-06  5.8111134038e-05  4.0933234483e-05 -1.1603988339e-04  9.7558298606e-05  2.4952677388e-06  2.4166940076e-04  5.5631940148e-05  1.4390895847e-05  5.8011108017e-05  3.3407385425e-04 -8.1432485933e-05 -2.3692976055e-04 -4.9841292655e-06 -1.7605484659e-06  2.3545240767e-06 -9.7682410940e-06  5.2009755427e-08  1.3279679972e-05 -1.2876487814e-05  1.0189054668e-05 -2.4834318443e-05  6.4568238947e-07  3.2492635889e-06 -4.5222511467e-07  6.4119327118e-07  2.7135570027e-06 -4.5394770549e-07  1.1212858866e-06  3.7980850793e-06 -4.3472969345e-07 -3.8564982458e-06 -6.1885807712e-06  2.5653674073e-06 -6.5145226790e-06  4.7431352019e-06 -3.8951879021e-06  5.7088926281e-06  1.7032624971e-07 -4.2661933293e-06  5.6038815216e-06  2.2410400289e-06  8.9786602561e-06 -1.9615675258e-06  1.4169840493e-05  5.3480752132e-06  1.4514214682e-05  5.5042007543e-06  3.7802266324e-06 -3.5967668976e-06 -2.9050711950e-06 -1.3220588207e-05

JOB 6
COORDS  1.2000820524e+00 -5.5990057211e-01  1.3860222399e+00  1.6050759799e+00 -1.2287473324e+00  2.5280604865e+00 -1.0698926198e+00 -9.0177585980e-01  2.0722359861e+00 -1.7456712072e-01 -4.1155523539e-01  1.1250259363e+00  6.0819534480e-01 -1.7028690272e+00  3.4064324034e+00 -6.4346465847e-01  4.0147275721e-01 -3.9327990131e-02  7.5388254607e-01 -3.5034951388e+00  6.5822013839e+00 -2.3939560437e+00 -6.8769359492e-01 -3.0519968138e+00  2.4934291063e-02 -2.8276098059e+00  5.4348593073e+00 -1.7401717670e+00  3.4018486881e-01 -2.1476104339e+00 -6.9503742866e-01 -1.5375771198e+00  3.1951369116e+00 -4.6524656570e-01  1.6000450253e+00 -1.5410004664e-01  1.0333199485e+00 -2.3485980975e+00  4.5158508567e+00 -1.2425946509e+00 -3.6509283332e-01 -9.7699873019e-01  1.9345531637e+00 -1.5345424432e-01  6.9598836502e-01  2.6513792860e+00 -1.3839223016e+00  2.7693843336e+00 -2.1426588454e+00 -7.8296578061e-01  1.9295015978e+00  1.3550567122e+00 -4.3438613043e+00  6.2223662733e+00  1.4157668399e+00 -2.7984416490e+00  7.0939256607e+00  2.7243741202e-02 -3.8839568650e+00  7.3074878452e+00 -1.6747652781e+00 -1.4528935066e+00 -3.3583727335e+00 -3.2287560609e+00 -1.1806070847e+00 -2.5452001432e+00 -2.7780552797e+00 -1.9505101734e-01 -3.9510888943e+00 -5.7919823911e-01 -1.9812771221e+00  5.7756693141e+00 -6.3973864383e-01 -3.5191567248e+00  4.9081617715e+00 -2.4443612801e+00  1.1094405782e+00 -1.8185240843e+00 -8.9846410080e-01  8.4201944139e-01 -2.6330573897e+00
ENERGY -6.694552392010e+02
GRADIENT -9.1977787910e-05 -1.4416220030e-04  1.3549153864e-04 -1.1754316139e-05  4.4773304959e-05 -3.3251064225e-05  6.0011216848e-04  3.4449465791e-03  2.2078472936e-03  3.5605004675e-04 -5.1815885343e-03 -4.2425327090e-03  8.2530535847e-05 -7.5989608429e-05  1.8071414154e-04 -4.4538618653e-03  2.4250699990e-03  3.5055352179e-03  2.4087470015e-06  1.5468252763e-06 -1.8291560630e-07  7.0616534796e-06 -2.5681761612e-06  1.2212991081e-05  2.1043290085e-05 -1.9128643697e-05  4.7001481851e-06  1.6505268212e-05  6.9173771600e-07  3.7466982782e-06  2.2772402281e-05  8.7848320581e-05 -4.4896773336e-05 -2.8958990674e-06  3.6633151562e-05 -1.9728344795e-05  5.0507197077e-05 -6.3649786850e-05  7.8849678534e-05  3.4772960917e-03 -5.6362070472e-04 -1.8527374511e-03 -2.4244572056e-05  1.1492613362e-05 -1.1718991698e-06 -1.7888499592e-05 -1.8417982356e-05  2.1966400335e-05  2.1278009684e-05  1.6316222360e-05 -1.6673683693e-05  3.0713745402e-06  5.8542652509e-08  5.7363733242e-08  2.6959896566e-06  1.7322039620e-06 -2.1642132726e-06  2.5596957767e-06  1.8094739736e-06  1.5248833905e-07 -7.2020100327e-07 -3.2131216165e-06  2.9753971285e-07 -5.3163885452e-07  4.3060430074e-06 -1.7820234433e-06  6.0852018983e-06  3.5415343779e-06 -1.5622922438e-06  5.3122727671e-06  4.8295423657e-06 -1.2340664762e-06 -3.4284598675e-07  5.1944691070e-06  8.1148948223e-06  1.0853636810e-05  2.3171083907e-06  1.5152517267e-05  2.3410736412e-06 -9.1166403697e-07 -1.5000299511e-05

JOB 7
COORDS  1.2886495602e+00 -4.5340267955e-01  1.4538863009e+00  1.6556258562e+00 -1.0919853680e+00  2.6243534970e+00 -9.8965579735e-01 -1.0272529871e+00  1.9347532667e+00 -6.5035128328e-02 -4.5131931499e-01  1.0653725963e+00  6.3560322612e-01 -1.6711317954e+00  3.4098781765e+00 -5.0023388624e-01  3.4247079703e-01 -1.1851000937e-01  6.8081556395e-01 -3.4890282017e+00  6.5782655188e+00 -2.5807242980e+00 -6.7361933884e-01 -2.9414978616e+00 -9.2250368056e-03 -2.8722283436e+00  5.3750500876e+00 -1.7456405890e+00  3.0948699882e-01 -2.1425993183e+00 -6.5530294063e-01 -1.6294932279e+00  3.0878809624e+00 -1.6757406254e-01  1.4954408614e+00 -3.2877551106e-01  1.0230420664e+00 -2.2842103591e+00  4.5496622296e+00 -1.2527810012e+00 -3.9222401328e-01 -9.6918916778e-01  2.0312776228e+00  4.0699474038e-02  8.3379667111e-01  2.6860281979e+00 -1.1441349887e+00  2.9600233006e+00 -2.0515766514e+00 -1.0092289169e+00  1.6966487897e+00  1.3909126662e+00 -4.2615126369e+00  6.2682824959e+00  1.2228177824e+00 -2.7297119180e+00  7.1498263368e+00 -6.4978543431e-02 -3.9487753219e+00  7.2349235653e+00 -1.9816046986e+00 -1.5355722428e+00 -3.2492998709e+00 -3.4299847117e+00 -1.0345675679e+00 -2.3538520049e+00 -2.9669097137e+00 -1.8270893750e-01 -3.8406486489e+00 -7.2099641807e-01 -2.0936341471e+00  5.6654534028e+00 -5.5385320086e-01 -3.6181547505e+00  4.7883209931e+00 -2.3280047354e+00  1.1751080625e+00 -1.8142204201e+00 -8.8750143723e-01  6.7929576760e-01 -2.7106601278e+00
ENERGY -6.694583220263e+02
GRADIENT -1.8279323477e-05  3.6989109848e-05 -1.7576175727e-05  1.1319225628e-05 -7.4218600641e-06  1.4062580596e-05  3.8713645001e-05  4.8599002630e-03  3.2476841882e-03  1.5374598256e-03 -7.7379458622e-03 -5.7104189308e-03 -3.9206906596e-06  1.7599536327e-05 -7.2925406440e-06 -6.0639827526e-03  4.4134563564e-03  5.1413117180e-03  5.3876722802e-07 -2.4408339833e-06  1.1257375107e-06  2.8986986638e-06  4.9417336670e-06  1.4643422146e-06  7.4117630853e-07  8.3912789620e-06  4.0744573456e-06  5.2296325822e-06 -6.0029006261e-07 -3.0334184421e-06 -1.8529001481e-05 -1.7864372828e-05  7.8627485720e-06  3.0535624230e-05  9.1199232942e-06  7.4259133898e-05 -3.7223274968e-06 -1.0493830016e-05 -1.0658681869e-05  4.5111073440e-03 -1.5600993528e-03 -2.7123940044e-03 -3.4612892953e-06  4.7403994895e-06  5.4697240677e-06  4.8745099550e-06 -3.6264774629e-06 -1.7043135283e-07  6.9630171116e-06  4.7088298424e-06  5.0081481592e-06 -4.7567474505e-08 -3.3746791847e-06  9.0566876789e-08  7.3645380454e-07 -3.5086904920e-06  8.0556848612e-07 -1.1643856486e-07 -3.0442326956e-06 -1.5085813344e-07  4.2030711474e-06  6.0294874359e-06 -2.0177694589e-07  3.3210272980e-06  2.3085657902e-06  1.0698973247e-06  1.8447330274e-06  5.7511244036e-06  2.6302311410e-06 -1.1779352968e-06 -4.5495245107e-06 -1.9135254233e-06  2.8014191169e-06 -4.8633422371e-06 -4.5639080392e-07  5.2999585809e-07  3.7494033329e-06 -9.6245341894e-07  3.7230022389e-06  4.5943318221e-06  8.4895382414e-06

JOB 8
COORDS  1.3609121192e+00 -3.4931018750e-01  1.5250401282e+00  1.6915769721e+00 -9.6875630628e-01  2.7154465761e+00 -8.9213003203e-01 -1.1211337336e+00  1.8264430223e+00  4.3908736747e-02 -4.5530085332e-01  1.0351619607e+00  6.6720150135e-01 -1.6422881140e+00  3.4167606525e+00 -3.5511401033e-01  3.0563161100e-01 -1.7728756147e-01  6.2828973539e-01 -3.4855782058e+00  6.5699933551e+00 -2.6992022657e+00 -6.2164660080e-01 -2.8189859406e+00 -2.0008563377e-02 -2.9163215091e+00  5.3210994871e+00 -1.7124285991e+00  3.0159331843e-01 -2.1287144705e+00 -5.9514379735e-01 -1.7076851623e+00  2.9971768337e+00  9.7902301214e-02  1.3959569031e+00 -4.8191986403e-01  1.0176018940e+00 -2.2335117205e+00  4.5786205148e+00 -1.2366403248e+00 -3.8310291213e-01 -9.3989038887e-01  2.0996046184e+00  2.1388997783e-01  9.6220830713e-01  2.6940936068e+00 -9.3887886174e-01  3.1292195341e+00 -1.9295737140e+00 -1.1888932609e+00  1.5060256186e+00  1.4226641911e+00 -4.1919077001e+00  6.3110187352e+00  1.0594132060e+00 -2.6894030560e+00  7.1841826137e+00 -1.2273003720e-01 -4.0137225539e+00  7.1664604601e+00 -2.2211882571e+00 -1.5646016918e+00 -3.1001507778e+00 -3.5489312656e+00 -8.4518798393e-01 -2.1670591704e+00 -3.0783105900e+00 -1.4242137484e-01 -3.7274041095e+00 -8.1489462213e-01 -2.2036119499e+00  5.5603456741e+00 -4.5351877040e-01 -3.6987436503e+00  4.6910992558e+00 -2.1726331187e+00  1.2474371602e+00 -1.8286226071e+00 -8.5244234971e-01  5.3404272431e-01 -2.7629197221e+00
ENERGY -6.694616877935e+02
GRADIENT -1.3548276926e-05  2.9070366588e-05 -7.9038668433e-06  8.7915931024e-05 -2.6121603011e-06 -7.0430209505e-07 -8.0333387599e-04  4.4141449999e-03  2.8342008827e-03  2.3151413777e-03 -7.3878888368e-03 -5.1737989736e-03  5.3003442377e-06  2.7876963210e-05  1.0131506857e-05 -5.4701693107e-03  4.9842258713e-03  4.8755640008e-03  9.5518995285e-07  1.3605004424e-06 -2.0882651240e-06 -7.9818036544e-07 -4.4833655394e-06 -1.4151206528e-06 -7.6838944523e-06 -2.9129808834e-05 -3.4970891742e-06  1.9845512656e-05 -1.8631199807e-05  1.1129921584e-05  2.9270499907e-05  1.5790787086e-05 -6.0047427466e-06  1.7963784013e-05 -1.7032150870e-05  2.1397056497e-05  1.2892575990e-05  3.3447031245e-05 -2.2942937874e-05  3.7964842483e-03 -2.0711711550e-03 -2.5477573491e-03  8.1091964545e-06 -1.2877005635e-05  1.5344898200e-06  4.2021161853e-06  1.6091330466e-06  6.1258538837e-06 -1.0503963913e-05  2.8485667508e-06 -1.1716845790e-05 -1.8343835943e-06  2.4001309044e-06  8.4855852602e-07 -1.2857408016e-06  2.4746461074e-06  7.9216044375e-07 -1.1120892539e-06  3.5523124981e-06  1.8334731877e-06 -1.6485136643e-06 -2.8324012835e-06 -2.5074158292e-06  4.0463208256e-07 -5.8213220112e-06  1.2271388395e-06 -2.7661959412e-06 -2.6258218094e-07  2.8783436464e-06  3.5300835411e-06  1.0554983218e-05  4.4523307898e-06 -5.0126745487e-06  8.2194848332e-06  4.2003113069e-06 -5.5113095135e-06  2.4780682345e-07 -3.8142274937e-06 -2.2862703734e-06  7.6433780124e-07  1.8085747105e-06

JOB 9
COORDS  1.3768427388e+00 -2.6044289034e-01  1.5804449760e+00  1.6808877078e+00 -8.5713711809e-01  2.7889630359e+00 -8.2719974954e-01 -1.2013979463e+00  1.7466759079e+00  9.9567298435e-02 -4.5524370221e-01  1.0167833154e+00  6.7100812552e-01 -1.6119208843e+00  3.4260709080e+00 -2.5981100008e-01  2.5026526614e-01 -2.3802901112e-01  5.8995616410e-01 -3.4843479751e+00  6.5610674039e+00 -2.8083759470e+00 -5.7755921918e-01 -2.7182656025e+00 -2.5758468365e-02 -2.9569479091e+00  5.2778189310e+00 -1.6905812039e+00  2.6717355081e-01 -2.1354555081e+00 -5.5531386167e-01 -1.7729769203e+00  2.9304293521e+00  2.9923205657e-01  1.2561697502e+00 -6.4351643314e-01  9.9555215207e-01 -2.1831958409e+00  4.6045583213e+00 -1.2534913949e+00 -3.7770808491e-01 -9.1108609940e-01  2.1028709846e+00  3.5368188274e-01  1.0560242400e+00  2.6523424940e+00 -7.5588142223e-01  3.2613882474e+00 -1.8342805729e+00 -1.3466965835e+00  1.3635012182e+00  1.4542135863e+00 -4.1203415645e+00  6.3476061070e+00  9.1557925135e-01 -2.6621878586e+00  7.2052567861e+00 -1.4993609570e-01 -4.0787412936e+00  7.1069405574e+00 -2.4586302627e+00 -1.5903211598e+00 -2.9391173165e+00 -3.6511576044e+00 -6.4566887117e-01 -2.0238830145e+00 -3.1647723967e+00 -1.2484147459e-01 -3.6491997871e+00 -8.8995773399e-01 -2.3145747946e+00  5.4711238865e+00 -3.5335414755e-01 -3.7655024246e+00  4.6176261145e+00 -2.0216809397e+00  1.2824368847e+00 -1.8986861499e+00 -8.3566129506e-01  3.4328695201e-01 -2.8130248516e+00
ENERGY -6.694643806338e+02
GRADIENT  2.6982397558e-05  4.5421807863e-05 -3.8427256081e-05 -1.4821940437e-05 -5.9719091120e-06 -3.6807466587e-05 -1.0072477829e-03  3.0452758843e-03  1.8548394915e-03  2.2420704478e-03 -5.3262273018e-03 -3.4814840145e-03  1.4290028853e-05  2.4736707861e-05  9.5262641506e-05 -3.7062532377e-03  4.1395090876e-03  3.3468439573e-03  9.6921834913e-07 -2.6538420919e-06 -1.5269120439e-06  7.4693897809e-06 -4.2710396424e-06  2.2350483680e-08 -1.0018681352e-06 -6.0665381379e-06  1.1528912636e-05  2.7959418009e-05 -1.6227884808e-05  2.2117553425e-06  2.9453247673e-05  3.5655541128e-05 -2.4380811404e-05  2.8586830042e-05 -9.6321132568e-06  1.3233311500e-05  2.3434610422e-05 -2.7135616757e-05 -4.6185837529e-06  2.3584736760e-03 -1.9025921721e-03 -1.7368236902e-03  5.9681013384e-06  5.8110722791e-07 -6.0625477494e-07 -7.1174321969e-06 -3.4392469537e-08  5.0001341693e-06 -3.9936734483e-06  7.2925032807e-06 -7.1839636559e-06 -5.8300805238e-07 -3.9545248270e-06 -1.7589498490e-07  2.2440734906e-06 -2.2435781714e-06 -1.7680038004e-06  6.7546674405e-08 -6.6104712169e-07  4.4854141216e-07  4.3413381886e-06  2.0357653912e-06 -7.2578060078e-06  5.2711957544e-06 -6.1167680180e-06  1.8038331431e-06 -2.9640214760e-08  7.1865370419e-06  4.4281512113e-06  4.3376013518e-07 -3.1840774168e-06 -5.5020494274e-06  5.0447841843e-06 -3.7091640374e-06  2.6602417005e-06 -6.4124900879e-06  4.8505560999e-06 -1.1088133156e-06  4.4527106281e-06  7.2846379771e-06  9.1329632980e-06

JOB 10
COORDS  1.3664491998e+00 -1.8641001202e-01  1.6355801023e+00  1.6501470433e+00 -7.6057433320e-01  2.8595314717e+00 -7.6181683551e-01 -1.3018007782e+00  1.6798286712e+00  1.3560662285e-01 -4.6870073153e-01  1.0083856045e+00  6.7082226797e-01 -1.5979224487e+00  3.4384432462e+00 -1.8377593296e-01  1.8226855640e-01 -2.8506535856e-01  5.6392016356e-01 -3.4775375359e+00  6.5678271479e+00 -2.8963780028e+00 -5.0183021216e-01 -2.6313276529e+00 -1.8265486090e-02 -3.0008156823e+00  5.2496181362e+00 -1.6615840611e+00  2.3464201902e-01 -2.1456866797e+00 -5.0733701324e-01 -1.8604970545e+00  2.8732291602e+00  4.6563846890e-01  1.0934738794e+00 -7.7286749063e-01  9.7312886938e-01 -2.1443543179e+00  4.6339643855e+00 -1.2696339446e+00 -3.6337900364e-01 -8.8342724530e-01  2.0712408687e+00  4.7788179902e-01  1.1446467399e+00  2.5838888611e+00 -5.8605564805e-01  3.3838141243e+00 -1.7289075942e+00 -1.5300583296e+00  1.2397044555e+00  1.4886407835e+00 -4.0395198374e+00  6.4064685973e+00  7.8284094776e-01 -2.6322251795e+00  7.2269869951e+00 -1.5456956952e-01 -4.1318707808e+00  7.0721143765e+00 -2.6857132688e+00 -1.5655165224e+00 -2.7765145650e+00 -3.7173131751e+00 -4.0549623811e-01 -1.9144736854e+00 -3.2233322242e+00 -8.1382707633e-02 -3.5878575575e+00 -9.4196964701e-01 -2.4319024903e+00  5.3907967494e+00 -2.3962678169e-01 -3.8323409299e+00  4.5740565643e+00 -1.8534869833e+00  1.2993106511e+00 -1.9850536890e+00 -8.2740241904e-01  1.4670814246e-01 -2.8473581253e+00
ENERGY -6.694660028120e+02
GRADIENT -2.9657659342e-05 -3.7452798597e-05  3.9578925557e-05  9.6720709676e-05  1.9336436383e-05  8.0230682996e-05 -6.5644315003e-04  1.4535882522e-03  9.7185396644e-04  1.3071610602e-03 -2.6536074144e-03 -1.6606177163e-03 -2.8908684154e-05  2.8358663043e-05 -1.8111001738e-04 -1.6385749680e-03  2.2609183535e-03  1.6382274642e-03  1.7911800305e-06  3.6795669978e-06 -4.3023931237e-06 -5.4124921561e-06  1.0822715237e-06 -3.9249534690e-06 -7.9608588590e-06  4.3951893016e-06 -1.9322891920e-05 -9.2607346196e-06  1.5041683534e-05 -4.0637000354e-06 -4.2296778609e-05 -4.1197984979e-05  5.2580011900e-05 -9.2340740530e-05  1.7626524798e-05 -1.2357054936e-04 -2.9173163556e-05  5.0040738786e-05 -5.1988730642e-05  1.0771601770e-03 -1.0899804458e-03 -7.9100548413e-04 -3.4834010640e-06 -5.3145940365e-06  1.7282560364e-06  1.8233332917e-05  1.4887118677e-05 -3.8074546446e-06 -4.8049234458e-06 -9.7373595313e-06 -7.3752201138e-07  3.1405731231e-07  4.7872051774e-06 -3.5577054951e-06  1.4402023224e-06  5.2761037131e-06 -3.6682716042e-06  2.3417933653e-07  6.4492607564e-06 -3.6845384800e-06 -4.5010022548e-06  7.8624347383e-07 -1.9869452531e-06 -2.2621210922e-06  1.8968430480e-06 -1.0636013452e-06 -5.3299486091e-06 -1.5591431622e-06 -2.8228724133e-06 -5.7448568750e-07  5.4510663692e-06  9.0776973962e-07 -1.3477944256e-06  6.2983704815e-06 -8.6593171488e-06 -2.5030202065e-06 -8.4514648240e-07 -4.5710561095e-06 -1.1467098366e-06 -6.3183276239e-06 -6.8543637953e-06

JOB 11
COORDS  1.3372830221e+00 -1.1382601503e-01  1.6647269492e+00  1.6059755490e+00 -6.6175519050e-01  2.9039858111e+00 -6.9713205410e-01 -1.3918764034e+00  1.6121771701e+00  1.5597982622e-01 -4.7948865556e-01  9.8713729584e-01  6.6964941595e-01 -1.5747567731e+00  3.4378889968e+00 -1.2645134215e-01  1.1173450115e-01 -3.4305965990e-01  5.6121682581e-01 -3.4596434209e+00  6.5642599922e+00 -2.9687918005e+00 -4.0818473245e-01 -2.5745838021e+00  9.6569563648e-03 -3.0327422801e+00  5.2161364459e+00 -1.6389593419e+00  2.0319483440e-01 -2.1738039017e+00 -4.5261662416e-01 -1.9344239228e+00  2.8150372536e+00  6.0449676799e-01  9.1024608912e-01 -9.0740142407e-01  9.5555749417e-01 -2.0949587195e+00  4.6489449154e+00 -1.2923655681e+00 -3.3198703335e-01 -8.7096615884e-01  2.0162744071e+00  5.9388726657e-01  1.1988627704e+00  2.4987014873e+00 -4.1678927747e-01  3.4699011837e+00 -1.6178721200e+00 -1.7008966099e+00  1.1249695736e+00  1.5369513892e+00 -3.9417949692e+00  6.4527620279e+00  6.7398506894e-01 -2.5994453472e+00  7.2308205332e+00 -1.2480045279e-01 -4.1724997791e+00  7.0332342659e+00 -2.8966358442e+00 -1.4982754986e+00 -2.6337340430e+00 -3.7509646306e+00 -1.5076895151e-01 -1.8542047643e+00 -3.2670257235e+00 -2.8800812774e-02 -3.5573039623e+00 -9.6493029307e-01 -2.5442826932e+00  5.3075320502e+00 -1.0535553700e-01 -3.8795028246e+00  4.5330705621e+00 -1.6917144787e+00  1.2931363938e+00 -2.1019144072e+00 -8.4134224829e-01 -4.7917485360e-02 -2.8786704227e+00
ENERGY -6.694665405263e+02
GRADIENT -1.8355796837e-04 -1.9927718282e-04  1.1101114521e-04  2.4839598907e-04  8.2459621801e-05  1.7691896759e-04  1.6580509889e-05  1.4393667399e-05  3.7708582676e-05 -7.0002078661e-05  4.6954537020e-05 -8.1975525209e-05 -3.5291342337e-05  4.9921897349e-05 -1.9592986443e-04  3.4578656599e-05 -6.6459478135e-06  3.8940788192e-05 -3.2498890047e-06 -5.4122069130e-07  1.0345449396e-06 -1.2865644560e-07  4.1035410687e-06  2.1041903625e-06 -1.8695983964e-05  1.3829831464e-05 -7.7162863479e-06 -8.3458596143e-06  2.3663048211e-05  1.0064673765e-05 -2.8878592500e-05 -6.8295936040e-05  6.1981599321e-05 -6.0119196418e-05  1.3843608574e-05 -7.9579028795e-05  2.5086636919e-06  3.6545164337e-05 -5.5869967088e-05  5.6386839336e-05  1.5289453715e-06 -2.2961166253e-05 -1.6341696870e-05 -2.0061482921e-05  2.2778909081e-05  2.7581295365e-05 -1.0875933837e-06  1.9542653285e-05  9.3230652876e-06  3.2661525762e-06 -2.0210114780e-06 -5.0592580646e-06 -4.6274584855e-06  2.6738051007e-07 -1.4235905548e-06 -2.2864458800e-06 -1.0952528155e-06 -5.0578171076e-06 -7.3199679138e-07  6.6030775756e-07  3.0336661274e-07  7.6538926368e-07  1.4053880022e-06  5.9389643405e-07  1.9289353506e-06  1.4745622995e-07  2.5225513254e-06 -4.6216301610e-07  3.9964730815e-08 -5.3517259600e-06 -6.0087970573e-06 -1.9446363913e-06  5.0371012483e-06 -3.7071119594e-06 -5.1412423754e-06  9.8320703224e-06 -1.7992701846e-06 -4.4624786523e-07  6.5368040760e-07 -1.0971124296e-05 -3.7017407117e-06

JOB 12
COORDS  1.2853985931e+00 -5.9919023924e-02  1.7091062566e+00  1.5360243346e+00 -5.8242516045e-01  2.9630525585e+00 -6.4272281581e-01 -1.4878818643e+00  1.5718538297e+00  1.5838181883e-01 -5.0435543951e-01  9.8775733782e-01  6.4895809782e-01 -1.5638625532e+00  3.4582931200e+00 -8.4458083270e-02  2.7076738232e-02 -3.7510456582e-01  5.4647336192e-01 -3.4503629581e+00  6.5836781793e+00 -3.0238809942e+00 -3.0282442756e-01 -2.5156885188e+00  2.5852783582e-02 -3.0698051175e+00  5.2096298020e+00 -1.6221745830e+00  1.7301685436e-01 -2.1813995337e+00 -4.0927172021e-01 -2.0137366118e+00  2.7843238311e+00  7.2044626978e-01  6.9545347291e-01 -1.0039023535e+00  9.1767748578e-01 -2.0578448165e+00  4.6842697715e+00 -1.3152973793e+00 -2.9214584737e-01 -8.4199563372e-01  1.9373733649e+00  6.8685872825e-01  1.2660681012e+00  2.3825872474e+00 -2.7175509119e-01  3.5663924873e+00 -1.5105516853e+00 -1.8711591562e+00  1.0417152940e+00  1.5626398210e+00 -3.8507080338e+00  6.5196441321e+00  5.5697449847e-01 -2.5839347090e+00  7.2516313342e+00 -9.9991317382e-02 -4.2172426787e+00  7.0226134242e+00 -3.0836340735e+00 -1.3949901179e+00 -2.4892709181e+00 -3.7535580318e+00  1.0167979948e-01 -1.8079908955e+00 -3.2964330260e+00  3.2745314007e-02 -3.5215379896e+00 -9.8862135686e-01 -2.6626816442e+00  5.2533648787e+00  1.2718599858e-02 -3.9229862141e+00  4.5249900399e+00 -1.5427101579e+00  1.2635764078e+00 -2.1987560525e+00 -8.7519414549e-01 -2.2839196768e-01 -2.8720796607e+00
ENERGY -6.694660027953e+02
GRADIENT -2.7260007337e-05 -4.3934893093e-05  3.7312396917e-05  1.0142241341e-04  1.5286119955e-05  7.9119467908e-05  1.1304974476e-03 -1.3380330392e-03 -6.4855035612e-04 -1.9577034205e-03  2.4467707158e-03  1.2999313970e-03 -7.1838630665e-05  9.4994593154e-05 -1.4340207668e-04  1.4842622559e-03 -2.6173609484e-03 -1.1954739441e-03  2.0565918912e-06  3.2851117361e-06 -4.6295546825e-06 -3.4906171568e-06 -1.8632318921e-06 -5.6369814321e-06 -9.3354563452e-06  6.6684326587e-06 -1.8174646043e-05  4.1745700367e-06 -6.2168317843e-06 -1.6159216991e-05 -3.0695859078e-05 -6.0497767860e-05  4.2211436694e-05 -8.8152287947e-05  1.1997772551e-05 -1.2646176941e-04 -1.8463408152e-06  7.3566175278e-06 -7.7436760934e-05 -5.6494169349e-04  1.4742165755e-03  6.9745427401e-04 -4.9114815496e-06 -2.8052217020e-06  3.0525113983e-06  1.9385759188e-05  1.3946764364e-05 -4.3270421651e-06 -1.0055937150e-05 -1.5746551465e-06  3.8247382110e-06  2.6124202659e-06  1.3864793421e-06 -5.2230935023e-06  3.4431405964e-06  2.3638369914e-06 -5.6891365571e-06  2.3790925407e-06  2.7195441335e-06 -5.7806358381e-06 -2.3465482768e-08 -1.4045430735e-06 -4.1117610835e-06 -2.5102874237e-06 -2.9780034751e-06 -2.7516773221e-06 -5.7279216063e-06 -6.3175191806e-07 -2.5483467960e-06 -4.5230526602e-07  2.6131445285e-06 -1.0115186310e-05  5.3739984682e-06 -1.4548789686e-06 -3.8819192217e-06 -7.9747158037e-06  4.8191659675e-06 -1.7281342577e-06 -3.5105381870e-06  3.3893157568e-07 -2.5529652437e-06

JOB 13
COORDS  1.2131844009e+00 -4.9082595528e-03  1.7288940420e+00  1.4514988448e+00 -4.9897291037e-01  2.9970066874e+00 -5.7542904892e-01 -1.5946770697e+00  1.5183771072e+00  1.5267725902e-01 -5.3824533691e-01  9.6864895215e-01  6.3346915053e-01 -1.5533980093e+00  3.4601238290e+00 -5.4940124534e-02 -6.9729637415e-02 -4.2377252471e-01  5.5253710062e-01 -3.4258958615e+00  6.5950828062e+00 -3.0696281713e+00 -1.6974491064e-01 -2.4813658181e+00  6.5959251290e-02 -3.1003008418e+00  5.1946499494e+00 -1.6093339708e+00  1.4028021886e-01 -2.2090937474e+00 -3.4631491868e-01 -2.0994852836e+00  2.7409037681e+00  8.0647215633e-01  4.6395386567e-01 -1.1034374197e+00  8.8850094146e-01 -2.0161382763e+00  4.7016336511e+00 -1.3290007194e+00 -2.5979634717e-01 -8.4258294610e-01  1.8254370621e+00  7.8692173853e-01  1.3076634296e+00  2.2423193319e+00 -1.1560995008e-01  3.6332444814e+00 -1.3794489302e+00 -2.0571070062e+00  9.5105248866e-01  1.6017828479e+00 -3.7355391634e+00  6.5824080381e+00  4.5536837102e-01 -2.5582360270e+00  7.2544162552e+00 -4.4189877904e-02 -4.2442759926e+00  7.0108861105e+00 -3.2708371684e+00 -1.2393582467e+00 -2.3694368655e+00 -3.7204716474e+00  3.7904438383e-01 -1.7943294874e+00 -3.3233824760e+00  1.2321724517e-01 -3.5052760629e+00 -9.8150265619e-01 -2.7845295804e+00  5.1875315874e+00  1.6028907858e-01 -3.9550691890e+00  4.5183965527e+00 -1.3884932002e+00  1.2063266479e+00 -2.3118523007e+00 -9.3990733311e-01 -4.0653599683e-01 -2.8793943950e+00
ENERGY -6.694643806383e+02
GRADIENT  3.1742287126e-05  3.8852925682e-05 -4.1609955835e-05 -2.8616062587e-05  1.4114606432e-05 -2.5675732390e-05  2.4879511611e-03 -2.4117554465e-03 -1.3120792556e-03 -4.1965274844e-03  4.7294972561e-03  2.3550912549e-03  6.7292304750e-05 -5.7958116872e-05  4.8204829067e-05  2.4918189462e-03 -5.5420299611e-03 -2.2744587412e-03 -9.9169631243e-07  1.0263504154e-06  6.9852275258e-07  1.1616783942e-06  4.8441931772e-06  5.6580722723e-06 -3.7078467327e-07 -7.2707954078e-06  1.0912238840e-05  3.6430817914e-06  2.2342670400e-05  2.4520987738e-05  3.1491350209e-05  3.2752203741e-05 -2.6635965835e-05  1.4105197404e-05  1.3972104373e-05  2.7101618709e-05 -1.3285729296e-05  2.7929775028e-05  2.7381747188e-05 -8.8351691205e-04  3.1622492295e-03  1.2029114530e-03  3.2114728907e-06  4.7059757381e-06  1.4975882209e-06 -1.6742193342e-06 -8.7002279868e-06 -1.1404182797e-07  3.1755393800e-07  9.6702589491e-07 -1.0906012554e-05 -2.5473114652e-06 -1.0746872065e-06  1.1684480704e-06  6.7864084498e-07  1.7611753536e-06  9.2698884534e-07 -3.3147689379e-06  3.0396820248e-06  2.5541512651e-06 -3.3104676697e-07  3.1483349718e-06  3.4628861780e-06  1.1210925940e-06  4.8103094112e-06 -1.2780628016e-06  6.0375333216e-06 -1.1330803765e-07 -6.3679208101e-07 -2.8334136430e-07 -1.7220779365e-06  6.2843716728e-06 -6.5996547777e-07  6.2537345508e-06 -2.3738731360e-06  1.2163338867e-05 -4.3266014076e-06 -1.3771148558e-06  1.1696428168e-08 -7.5059146000e-06 -3.7178751942e-06

JOB 14
COORDS  1.1160340602e+00  3.3063338800e-02  1.7471488123e+00  1.3441073310e+00 -4.2617457024e-01  3.0305832167e+00 -5.1703985454e-01 -1.7069971528e+00  1.4863189348e+00  1.3095955448e-01 -5.9130726410e-01  9.5626117787e-01  6.0529670369e-01 -1.5456976796e+00  3.4729169052e+00 -3.9058713123e-02 -1.8799765944e-01 -4.6384638982e-01  5.7567062351e-01 -3.4034683878e+00  6.6177402497e+00 -3.0869458802e+00 -1.6232049383e-02 -2.4673530894e+00  1.1728104342e-01 -3.1308384982e+00  5.1966027501e+00 -1.5928252413e+00  1.1479274733e-01 -2.2371245018e+00 -2.9110139485e-01 -2.1826036283e+00  2.7214753203e+00  8.7087626755e-01  1.8875206475e-01 -1.1828123399e+00  8.5237388479e-01 -1.9755792247e+00  4.7284638564e+00 -1.3362465337e+00 -2.2756845714e-01 -8.4952141438e-01  1.6813061969e+00  8.6710750600e-01  1.3415893640e+00  2.0741140882e+00  2.9285015020e-02  3.6914822941e+00 -1.2536149948e+00 -2.2446283481e+00  8.9305844662e-01  1.6493640624e+00 -3.6112941242e+00  6.6490661946e+00  3.6963990840e-01 -2.5467432551e+00  7.2662569822e+00  4.3611222854e-02 -4.2737661908e+00  7.0155276172e+00 -3.4241055023e+00 -1.0401496974e+00 -2.2804455293e+00 -3.6442095580e+00  6.5718549310e-01 -1.8095675149e+00 -3.3235279732e+00  2.4066410620e-01 -3.5049641924e+00 -9.5439741648e-01 -2.9165982475e+00  5.1453823748e+00  3.1963925428e-01 -3.9755996268e+00  4.5314214666e+00 -1.2361118199e+00  1.1330936101e+00 -2.4150168068e+00 -1.0159382779e+00 -5.5879121074e-01 -2.8773966831e+00
ENERGY -6.694616878171e+02
GRADIENT  1.1151266769e-05 -8.5030457966e-06 -2.9793308243e-05  4.5562869147e-05  6.5711875594e-05  4.0266406153e-05  4.0138145943e-03 -3.1130617401e-03 -1.5365513157e-03 -6.3881396236e-03  6.2054810719e-03  2.7198463972e-03  2.7664274642e-05 -6.9196857823e-06 -1.0974294621e-05  2.8250431487e-03 -7.9721671537e-03 -2.6481884190e-03  9.3751027005e-07  1.6078196570e-06 -2.0698709741e-06 -4.1038257878e-06  5.9821966106e-07  1.6768646034e-06 -2.7067231601e-05  1.1250154359e-06  1.4099722619e-05  1.3819047721e-06  9.9499234982e-06  2.7839016065e-05  2.4175761845e-05  2.2635700638e-05 -1.3804632113e-06  7.0210051803e-06  1.6937387391e-06  3.2210392004e-05  2.0520527426e-05  2.0975320623e-05 -3.0374525864e-05 -5.8858047217e-04  4.7773407550e-03  1.4282955237e-03 -4.2541677172e-06  7.0851378978e-06  1.2935576392e-05  6.4307785224e-06 -9.0060257603e-07  4.6782559831e-06 -8.7070833766e-06 -4.2141448489e-07 -1.3822177466e-05  1.3839401903e-06 -3.2340005320e-06 -1.8006403481e-06  2.3144706282e-06 -1.4789408693e-06 -2.1468108973e-06  1.6179356806e-06 -1.7631890929e-06 -1.1540268617e-06 -3.4501298234e-06 -1.1274670425e-07  3.6222141398e-06 -4.0863994143e-06  1.4149882692e-07  6.7757867867e-07 -6.1703919250e-07 -2.6053971166e-06  1.0005457750e-06  4.5881930978e-06 -8.9389335170e-06 -5.1096622725e-06  1.2779749969e-05 -1.4107608885e-06 -3.3485814770e-06  2.8516822720e-07 -2.9945956042e-06 -1.5770877764e-06 -4.1793166413e-06 -2.4564784155e-06 -3.9778892363e-06

JOB 15
COORDS  9.7109013561e-01  4.2447679050e-02  1.7418752512e+00  1.1959285580e+00 -3.7415074015e-01  3.0412391270e+00 -4.5384786558e-01 -1.8641009669e+00  1.4489023955e+00  8.8926406232e-02 -6.9184439052e-01  9.2577902160e-01  5.6448334547e-01 -1.5601327391e+00  3.4744010720e+00 -6.4058574508e-02 -3.3879281050e-01 -5.1402320167e-01  6.0451453775e-01 -3.3699139992e+00  6.6475004128e+00 -3.1143497292e+00  1.5964821877e-01 -2.4575823229e+00  1.7833601986e-01 -3.1651974792e+00  5.2050065360e+00 -1.6105904646e+00  9.8490042233e-02 -2.2650480608e+00 -2.2706335241e-01 -2.2983451318e+00  2.6995778808e+00  8.6808590664e-01 -1.2202871892e-01 -1.2679027844e+00  8.0581493967e-01 -1.9450279632e+00  4.7466810551e+00 -1.3639772606e+00 -2.1866131813e-01 -8.6833873683e-01  1.4634126299e+00  9.2744825753e-01  1.3487628979e+00  1.8473541341e+00  1.6555017748e-01  3.7205699790e+00 -1.1054860809e+00 -2.4868160554e+00  8.3874823322e-01  1.6919580854e+00 -3.4624126200e+00  6.7244416955e+00  2.8318073172e-01 -2.5316091898e+00  7.2728397059e+00  1.5125586314e-01 -4.2865109849e+00  7.0388859504e+00 -3.5794654135e+00 -8.0121599995e-01 -2.2182875522e+00 -3.5592312990e+00  9.2809936749e-01 -1.8186672002e+00 -3.3421411815e+00  4.0320002269e-01 -3.5003660888e+00 -9.0714263006e-01 -3.0664820076e+00  5.1087335125e+00  4.9492862752e-01 -3.9925980303e+00  4.5628702758e+00 -1.1259327922e+00  1.0515615952e+00 -2.4944300076e+00 -1.1453711409e+00 -6.7188943806e-01 -2.8866323140e+00
ENERGY -6.694583220268e+02
GRADIENT  9.7410548403e-06 -7.6231687481e-06 -4.2746228876e-05  6.3620049170e-06 -7.6654763320e-08  1.8057831404e-05  4.9656350497e-03 -2.8331059137e-03 -1.2188803660e-03 -7.2859522347e-03  6.0421638907e-03  2.2904317125e-03  7.9553108159e-06 -3.3729083350e-07 -1.7663882447e-05  2.2049354250e-03 -8.5005380786e-03 -2.3577354672e-03 -9.7165275954e-07  4.3484197683e-08  2.5859762443e-06  5.7324618715e-06  4.3065204136e-07 -1.1046358787e-06  8.1833068101e-06 -3.4363405403e-06 -2.9230905234e-06  1.0889097448e-06  5.9361104326e-06  7.2843692283e-07 -1.9532651273e-05 -1.5937301506e-05  8.6357887145e-06  5.4918910106e-05 -2.8590118242e-05  5.3400410350e-05 -1.4285506473e-05  6.0375518650e-06 -1.6380911509e-06  9.5309644148e-05  5.3352282869e-03  1.2912600104e-03  3.8494164775e-06 -7.0981148637e-06 -1.2437797337e-06 -3.1816420003e-07  4.0408362742e-06  4.2227171602e-06  9.3433676538e-06  1.1686779076e-06  2.9597122498e-06 -2.0206860716e-06  5.0446916043e-07  3.1670008223e-06 -2.3877479113e-06  2.4091423815e-07  2.2083860195e-06 -2.3074809655e-06  5.6640073898e-07  1.8590494497e-06  3.9256367590e-06  1.4793798236e-06  4.9500833873e-07  6.5744708000e-06  2.2606549158e-06 -2.4057711175e-06  6.3172872945e-06 -1.2322165732e-06 -1.3499677501e-06 -2.0625970585e-06  2.9842932710e-06  4.1972611959e-06 -4.8536514234e-06  1.2084236885e-06  1.5191751517e-06  8.8797161767e-06 -3.7171880530e-06  3.7469837017e-06  2.5624142351e-06  5.9600095112e-07 -2.7729488851e-06

JOB 16
COORDS  8.1715047723e-01  3.8048583023e-02  1.7332975990e+00  1.0278815118e+00 -3.2740817590e-01  3.0515016312e+00 -3.4594389152e-01 -2.0324444845e+00  1.4157726291e+00  8.5337035683e-02 -8.1752835723e-01  8.8936382806e-01  5.2520931023e-01 -1.5733365678e+00  3.4817150232e+00 -6.3111850396e-02 -5.0494142896e-01 -5.6557698500e-01  6.3435672853e-01 -3.3168843094e+00  6.6906264861e+00 -3.0725856833e+00  3.7202298823e-01 -2.4365867968e+00  2.5461946679e-01 -3.1863687239e+00  5.2266095890e+00 -1.5873168579e+00  1.0138889501e-01 -2.2861991650e+00 -1.3513102502e-01 -2.4120551989e+00  2.6874327712e+00  8.6114126287e-01 -4.7145515602e-01 -1.3568702547e+00  7.4968277515e-01 -1.9057037090e+00  4.7730900249e+00 -1.3420050431e+00 -2.0992387560e-01 -8.8682858868e-01  1.2111281407e+00  9.7624271618e-01  1.3520276555e+00  1.5720791269e+00  3.0156151490e-01  3.7481463397e+00 -8.8887655658e-01 -2.7410803121e+00  7.9257467712e-01  1.7201757557e+00 -3.2738990765e+00  6.8179146159e+00  1.8425810317e-01 -2.5154558132e+00  7.2841166371e+00  2.7857724637e-01 -4.2765257271e+00  7.0796056972e+00 -3.6611632408e+00 -5.0541341251e-01 -2.1530740065e+00 -3.3822325306e+00  1.2135319696e+00 -1.8099975929e+00 -3.2979739100e+00  6.1681884494e-01 -3.4795971880e+00 -8.2915173003e-01 -3.2234107117e+00  5.0799621061e+00  6.9943263524e-01 -3.9781770204e+00  4.6162101321e+00 -9.7944814236e-01  9.6840385324e-01 -2.5596024414e+00 -1.2570723674e+00 -7.4481298676e-01 -2.8951457559e+00
ENERGY -6.694552392054e+02
GRADIENT -9.6849092647e-05 -1.3696347745e-04  1.4002070535e-04  1.2794127685e-05  7.4017752820e-06 -5.4650607791e-05  3.7836526108e-03 -1.5260943883e-03 -6.7807426485e-04 -5.4157096829e-03  3.8303663785e-03  9.9048249602e-04  6.4748341876e-05 -4.8567727798e-05  1.9591107576e-04  9.0655907675e-04 -5.9450139900e-03 -1.3543498132e-03  2.3591194981e-06  1.7034741404e-06 -1.3771602835e-07  7.0710149532e-06 -2.5895057721e-06  1.2173080778e-05 -9.0673758763e-07  1.5009355252e-05  2.4460807533e-05  1.0856949437e-05  9.4651986218e-06  8.8494535421e-06  5.7326439655e-05  3.3483286766e-05 -7.6065418336e-05  1.6593126766e-05  5.6406429390e-06 -3.8490776490e-05  1.3618623697e-05 -6.0169233251e-06  1.1184321510e-04  6.4399096921e-04  3.8617116372e-03  7.1680264901e-04 -5.0104896324e-06 -1.8726150768e-05 -1.8632740994e-05 -1.3490372756e-05 -2.4962590536e-05  1.8220667806e-05  1.6081423343e-05  2.4345189284e-05 -1.1975216333e-05  1.7568373474e-06  3.1159433976e-06 -1.3264389037e-06  1.7423840912e-06  2.2054215212e-06  1.2880843069e-06  2.7119425649e-06  1.5468471126e-06 -3.1025549873e-08  2.1222576815e-06  1.7116966155e-07 -4.2245129508e-06 -2.6177788805e-06 -2.9103998069e-07  2.0374820589e-06  5.1599514540e-06  5.0335308075e-06 -7.0651624164e-07  7.1180914658e-06 -6.4316679465e-06  1.3820037858e-06  5.8525485613e-06  4.0624532309e-06 -1.6889667333e-06 -5.8156366580e-06  1.1814551761e-05 -7.6536878799e-06  1.3903517611e-05 -2.4537666744e-06  1.2388630664e-05

JOB 17
COORDS  6.3285651173e-01  1.6906564846e-02  1.7121819867e+00  8.2290888080e-01 -2.9750647917e-01  3.0474168927e+00 -2.0127521838e-01 -2.2046809404e+00  1.3775035010e+00  1.0499056363e-01 -9.5570002271e-01  8.4502478574e-01  4.7593604694e-01 -1.5947271457e+00  3.4776979294e+00 -7.1097231870e-02 -6.7808084601e-01 -6.1669427667e-01  6.4798058619e-01 -3.2604071374e+00  6.7253978707e+00 -3.0100471539e+00  5.9271907659e-01 -2.3704051536e+00  3.2996482578e-01 -3.2024224671e+00  5.2421141100e+00 -1.5792414053e+00  9.5541954831e-02 -2.2844538969e+00 -2.2326538558e-02 -2.5269845533e+00  2.6698393029e+00  7.9077673476e-01 -8.4848938694e-01 -1.4580734192e+00  6.7386571307e-01 -1.8741206476e+00  4.7865330416e+00 -1.3074508592e+00 -2.0590434765e-01 -8.8722280437e-01  8.9250215988e-01  1.0041479339e+00  1.3391578115e+00  1.2275842754e+00  4.1458337668e-01  3.7589014336e+00 -6.0745177703e-01 -2.9910136361e+00  7.4337422329e-01  1.7106804682e+00 -3.0717092127e+00  6.9046827790e+00  6.6250859567e-02 -2.5174937161e+00  7.2792897862e+00  4.0256438057e-01 -4.2531757602e+00  7.1165466598e+00 -3.7110502594e+00 -1.7012039876e-01 -2.0193169631e+00 -3.1482972910e+00  1.4940190951e+00 -1.7660810508e+00 -3.2537157948e+00  8.3342766541e-01 -3.4102475208e+00 -7.3043469733e-01 -3.3858294949e+00  5.0434447973e+00  9.0625957653e-01 -3.9369440037e+00  4.6712852920e+00 -8.5948818271e-01  8.4557518803e-01 -2.6242161861e+00 -1.4203649171e+00 -8.1221980703e-01 -2.8730377516e+00
ENERGY -6.694538048846e+02
GRADIENT  9.6355337100e-06 -3.3629613818e-05  3.3588398818e-05 -5.6674228038e-06  4.2661223657e-05 -3.6390804243e-05  3.1147917817e-04 -1.8082563905e-04 -2.6947620930e-04 -3.4754491328e-04  1.6682370076e-04  9.4000340414e-05  1.1332924272e-05  1.6422848335e-05  1.5619505365e-04 -1.5400235635e-04 -4.2438972101e-04 -2.4665902922e-04  2.5965850790e-07 -5.0279852938e-07 -1.5956256655e-06 -3.5591704851e-06 -5.2649646004e-06 -1.1595793836e-06 -2.2114958893e-05  6.2370637666e-06  2.6731362326e-05 -3.0872742258e-05 -2.3719761400e-05 -1.5284268037e-06  1.1436907054e-05  1.1361231234e-04 -7.3914788405e-05  1.5619225480e-04 -8.9051997438e-05  1.8695628301e-04  6.4748749013e-05  1.4964018059e-07  5.0001466598e-05  1.7192074448e-05  4.1423177508e-04  5.0798817066e-05 -2.9056019020e-06 -4.8752553536e-06  3.4093775653e-07  5.6669815201e-07 -1.5916300465e-05  4.0276808943e-06 -1.0023269152e-05  5.5970249792e-06 -2.7769844941e-05  2.2263832173e-06  3.9178391307e-07 -1.7992827562e-06  2.4978201989e-06  3.8012887261e-07 -2.1155142536e-06  3.1690351940e-06  5.0442543239e-07 -2.2861974351e-06 -1.7249340810e-06 -3.0062441748e-06 -8.2725698954e-06 -5.4909113831e-06 -3.5251283725e-06  4.1476151085e-06  1.3308479298e-06  7.0147733612e-06 -4.0685372755e-07  1.1522836076e-05 -7.0537841307e-06 -6.9840740090e-06  8.5033856178e-06 -2.2467761662e-06  6.3393615678e-06 -9.5356942056e-06  6.6840502572e-06 -7.7838951939e-06  1.3363159291e-05  7.1266513067e-06  4.7956498092e-06

JOB 18
COORDS  1.9582375176e+00 -1.0601324634e+00  1.2533230214e+00  2.0679980827e+00 -1.5649457733e+00  2.5379553238e+00 -4.2476555181e-01 -1.1199304857e+00  1.5050323639e+00  6.8126520565e-01 -8.5211346091e-01  7.0221023768e-01  8.7878742136e-01 -1.8178242530e+00  3.2525674013e+00  4.9532308135e-01 -2.8369926168e-01 -6.6854796577e-01  2.2705283237e-01 -3.1175632465e+00  6.6043960303e+00  1.1026694199e+00  3.1269163600e+00 -1.8228081320e+00 -1.9467369826e-01 -2.5738686141e+00  5.2512592199e+00  6.7315477965e-01  1.6819500201e+00 -1.9948879938e+00 -3.3658853958e-01 -1.5947410155e+00  2.7584853511e+00  6.4770693289e-02 -9.0153765078e-01 -1.6244109432e+00  1.0154171497e+00 -2.3075596698e+00  4.5056036405e+00  8.1784626031e-01  1.0291429692e+00 -7.0329124575e-01  2.8501902594e+00 -8.3409859305e-01  6.7505386890e-01  3.0275335803e+00 -1.7598856317e+00  3.0052487726e+00 -1.4318389667e+00 -9.5317924573e-01  1.1267971129e+00  8.0293543890e-01 -4.0410480688e+00  6.4921455128e+00  8.4090284088e-01 -2.3901590453e+00  7.1440055485e+00 -6.6078356861e-01 -3.3351608659e+00  7.2070468279e+00  4.8050304554e-01  3.6337861152e+00 -1.0794634315e+00  2.1464404289e+00  3.1898814008e+00 -1.5012547969e+00  1.0025291709e+00  3.6563505453e+00 -2.7758453572e+00 -7.6946366541e-01 -1.6472878523e+00  5.3433823897e+00 -8.0694242535e-01 -3.2902652776e+00  4.6951485182e+00  1.2897749186e+00  1.1510765104e+00 -2.7256638939e+00 -3.7003411351e-01  1.5959675260e+00 -2.3113774225e+00
ENERGY -6.694548724208e+02
GRADIENT -4.1625473183e-05 -5.2549965518e-05  6.6202792747e-05  2.4822539026e-05  1.4617789773e-05 -1.5676450700e-05  1.2760405073e-04  3.4239747118e-03  1.3317373317e-03 -1.4305411412e-03 -4.6960231500e-03 -1.8716726169e-03  5.3695720401e-05 -6.1693362002e-06  9.9427584954e-05  4.6129717314e-03  4.4230431267e-04 -3.6201822205e-04  1.5813773374e-07 -4.0591265273e-07 -4.0929183141e-06  2.8410556821e-06  7.2594253446e-06 -1.0171492870e-05  8.1476210270e-06  9.7881451608e-06  9.0362768351e-06  2.9759440302e-05  6.4647691030e-07 -3.4304635781e-06  5.8589141745e-05  2.7192846981e-05 -7.0444476315e-05 -1.4725253923e-05  7.5428569942e-06 -1.8703842269e-05  2.2480594816e-05 -4.4278254403e-05  2.6918261641e-05 -3.3941467538e-03  8.5335377203e-04  7.8889010817e-04 -4.6962267730e-06  1.5617185845e-05  6.7746462149e-06 -6.8619104683e-06 -4.4300247531e-06  6.4319544262e-06 -2.6045096562e-06  1.2675064898e-05 -2.4892959985e-05 -2.5038154122e-07 -1.1545145424e-06 -2.4859522283e-06 -1.5273400446e-06 -1.2312969192e-06 -4.2454963632e-06 -1.3658604901e-06 -2.3841064236e-06 -5.0493986221e-06  2.5338606460e-06 -2.3366685518e-07  4.6521207850e-07  1.8879357121e-06  2.5683335617e-06 -4.8375934941e-06 -5.5168220001e-07  9.3329483885e-06 -7.0424420591e-07 -3.2634115740e-06 -7.9784538852e-06 -8.5088685464e-06  2.4456792816e-06 -6.9973837796e-06 -2.7197374870e-06 -2.9545599142e-06 -4.0990197697e-07 -1.0524966369e-06  7.5399563274e-07  1.1839817571e-05 -4.3544478019e-06

JOB 19
COORDS  1.8784181152e+00 -8.6161364330e-01  1.3027252451e+00  2.0153734621e+00 -1.3637496933e+00  2.5849426060e+00 -4.8568372012e-01 -1.2243848342e+00  1.4852899607e+00  6.0148968265e-01 -8.1988992601e-01  7.1221553539e-01  8.4679714239e-01 -1.7689235780e+00  3.2641140223e+00  3.6496653993e-01 -2.3292195564e-01 -6.3726875781e-01  2.7078309359e-01 -3.1582034262e+00  6.5933432373e+00  1.3058936448e+00  3.0667266197e+00 -1.8884618841e+00 -1.7942942654e-01 -2.6619923224e+00  5.2312590810e+00  6.7020021512e-01  1.6932819751e+00 -1.9974908726e+00 -3.7436098746e-01 -1.6910029738e+00  2.7391206586e+00 -2.5179795324e-01 -7.7922602854e-01 -1.5341410360e+00  1.0088715954e+00 -2.2495604259e+00  4.5163723395e+00  8.5310420197e-01  1.0277643520e+00 -7.1859752643e-01  2.7474411837e+00 -5.1102290567e-01  7.5298701454e-01  2.9777673674e+00 -1.4408706369e+00  3.0798709477e+00 -1.4932061258e+00 -1.1763521470e+00  1.0765920906e+00  9.5498124159e-01 -4.0061549576e+00  6.4939376819e+00  7.8010845765e-01 -2.3655440702e+00  7.1495464868e+00 -5.9948876387e-01 -3.4826753842e+00  7.1730841316e+00  8.3593791705e-01  3.6528517698e+00 -1.0933383624e+00  2.3758249897e+00  2.9876717564e+00 -1.6739835038e+00  1.1825346595e+00  3.6054451943e+00 -2.8335387473e+00 -8.6198510968e-01 -1.8104965698e+00  5.3105229057e+00 -6.8796724293e-01 -3.4430692956e+00  4.6581909182e+00  1.1330200651e+00  1.0842785929e+00 -2.7792548287e+00 -4.0137518756e-01  1.7503033581e+00 -2.2079522756e+00
ENERGY -6.694577425853e+02
GRADIENT -2.4246895935e-05 -6.7440724656e-06  9.5700298398e-06  5.3319661062e-06 -1.5510854178e-06 -1.7846731587e-05 -3.4922766444e-04  4.9951502427e-03  2.1306528345e-03 -1.1179133732e-03 -6.6401187509e-03 -2.6585765269e-03  2.7207001025e-05  1.6704621067e-06  6.8064611535e-05  5.9721698441e-03 -2.2370655778e-04 -1.1623746150e-03 -1.6806111286e-06  2.1602883164e-06 -4.4422434063e-07 -2.5120863088e-07  4.6060824666e-06 -3.5541491566e-06 -2.1967220548e-06  2.5026942081e-06  9.9682964175e-06 -6.7270775830e-06  7.3216605491e-06  3.9577967751e-06  3.3804844026e-05  2.1870422848e-05 -4.0026809441e-05  5.3223726992e-08  8.9447996604e-06  1.4245621447e-05  1.6931256758e-05 -2.3456230343e-05  2.0541493744e-05 -4.5990714593e-03  1.8877685120e-03  1.6302899572e-03 -3.1009418746e-06 -8.0537939186e-06 -1.0989290253e-06 -7.0986667863e-06 -9.6965969006e-06 -1.0889206173e-06 -1.0396616879e-05  1.2535425696e-05 -8.6369786210e-06 -2.3018526704e-06 -3.5070492167e-07 -2.2480421608e-06 -3.4173237851e-07 -3.2314273292e-07  1.7037799104e-07 -1.8324669783e-06  2.2348914534e-07  2.3743929188e-08  4.2053716262e-06  1.4765075020e-06  5.6989011559e-07  3.5442047929e-07 -2.5440502923e-06 -7.2619530442e-07  2.7053821457e-06  3.1083079377e-06  3.4314167259e-07  1.6766706918e-06  4.6001378982e-06  9.8158611773e-07 -8.5339975731e-06  3.8709445612e-06  5.1028474104e-06 -4.5075234092e-06  5.1059749666e-06 -1.2722397886e-06 -1.9057856072e-06  5.4855838259e-06  2.2895651809e-06

JOB 20
COORDS  1.7908748824e+00 -6.6111634686e-01  1.3832174537e+00  1.9505794426e+00 -1.1759274666e+00  2.6571139296e+00 -5.2606172971e-01 -1.2789621444e+00  1.4988572970e+00  5.2917644436e-01 -7.4032538059e-01  7.6193570454e-01  8.1632841663e-01 -1.7206352559e+00  3.2969097298e+00  2.5364910963e-01 -1.5462613325e-01 -5.7589187771e-01  3.1841352159e-01 -3.2472711756e+00  6.5776114825e+00  1.4800114624e+00  2.9722837655e+00 -2.0110581347e+00 -1.5222922073e-01 -2.7702093575e+00  5.2156314788e+00  6.7670508635e-01  1.6849725521e+00 -2.0208595035e+00 -3.9499407495e-01 -1.7611551379e+00  2.7439083028e+00 -4.9950337856e-01 -6.3892210785e-01 -1.4029816801e+00  1.0000152044e+00 -2.2119588228e+00  4.5407825072e+00  8.8317376952e-01  1.0348709557e+00 -7.3888669121e-01  2.6278567334e+00 -2.0700851250e-01  8.6114292448e-01  2.9036701994e+00 -1.1625935874e+00  3.1753933071e+00 -1.5216618676e+00 -1.3257207004e+00  1.0626472765e+00  1.0942389582e+00 -4.0121688955e+00  6.4774803354e+00  7.2381742890e-01 -2.4173072012e+00  7.1640164826e+00 -5.2398868410e-01 -3.6795504111e+00  7.1273384627e+00  1.1514595393e+00  3.6318567041e+00 -1.2025149278e+00  2.5468723373e+00  2.7680688789e+00 -1.8796811125e+00  1.3445096907e+00  3.4979395371e+00 -2.9618108552e+00 -9.2611010119e-01 -2.0010033802e+00  5.2954886379e+00 -5.5732804692e-01 -3.5879231648e+00  4.6121668546e+00  9.9650037905e-01  1.0045482669e+00 -2.8152639054e+00 -3.9373998367e-01  1.8685332370e+00 -2.1482907651e+00
ENERGY -6.694610668117e+02
GRADIENT  4.2226071303e-05  1.4027666569e-05 -2.0976244495e-05 -6.9430628045e-06 -2.7739886622e-06  2.9330047862e-05 -7.4808565205e-04  4.6578501637e-03  2.3348466093e-03 -1.3365140114e-04 -5.9955035122e-03 -2.6078913034e-03 -5.4510210184e-05  9.3607549210e-06 -1.1875382404e-04  5.0330817569e-03 -1.0753767040e-03 -1.4844504410e-03  5.8271285267e-07  1.4445286543e-06  6.9499595384e-07 -3.2986836027e-07 -4.4978889132e-07  1.1806267175e-06 -1.6918719954e-06  4.0653063012e-06 -1.8339029931e-05  1.9475109119e-06 -3.3144950903e-06 -3.1931477439e-06 -4.9323416915e-05 -4.1950606278e-05  7.9411428686e-05  7.0414791224e-06  1.4414654681e-05 -2.1957871467e-05 -2.9726730612e-05  3.2274442606e-05 -3.9197890038e-05 -4.0581352744e-03  2.3950993434e-03  1.8816039505e-03  5.2889540618e-06  6.7063715259e-06 -6.8800401272e-07  9.2998347512e-06  1.1982093983e-05 -3.1785145640e-06  4.1341003749e-06 -1.1552939741e-05  1.8894321015e-05 -7.6032216774e-07  2.1292802680e-06  1.7219141386e-06 -1.2092242269e-07  2.9623435907e-06  5.1182300984e-07 -1.0863729315e-06  3.6285690013e-06  1.2391559478e-06 -1.9938747264e-06  9.4513480945e-07  2.9523840504e-08 -1.2968318541e-06  1.6192829344e-06  1.2746346165e-06 -1.4415638999e-06 -2.1885086610e-07  4.0691320019e-07 -2.4949053601e-06  3.8685626673e-06  1.0377779765e-06  3.3224117980e-06  1.2436212393e-06 -5.4324411322e-06  3.8677364593e-09 -1.9490086874e-06  2.4103177152e-06  3.9271156601e-07  1.9512123658e-06 -3.3500708869e-08

JOB 21
COORDS  1.6834339118e+00 -4.4985887114e-01  1.4827300511e+00  1.8641746654e+00 -9.8751147690e-01  2.7439330260e+00 -5.6672222457e-01 -1.2905827073e+00  1.5242173797e+00  4.4469509318e-01 -6.2112636689e-01  8.3266815883e-01  7.7507934465e-01 -1.6604283756e+00  3.3390952757e+00  1.4367535499e-01 -4.1673535433e-02 -4.9955780970e-01  3.6006623391e-01 -3.3351724549e+00  6.5584021669e+00  1.6215309133e+00  2.8685653381e+00 -2.1390186950e+00 -1.2604016633e-01 -2.8641335442e+00  5.1998330529e+00  6.7503445868e-01  1.6863508835e+00 -2.0426942250e+00 -4.1457515327e-01 -1.8019579972e+00  2.7545946249e+00 -7.1072128771e-01 -4.6277384329e-01 -1.2614033213e+00  9.7920924540e-01 -2.1721994370e+00  4.5707023706e+00  8.9635700266e-01  1.0575165404e+00 -7.5362171473e-01  2.4842025349e+00  9.3727338105e-02  9.9132014898e-01  2.8008060912e+00 -9.0191177362e-01  3.2848210040e+00 -1.5421305239e+00 -1.4175705609e+00  1.0599916546e+00  1.2110231785e+00 -4.0150517036e+00  6.4553103591e+00  6.6652858930e-01 -2.4881529153e+00  7.1794299640e+00 -4.4654170395e-01 -3.8670305090e+00  7.0733866979e+00  1.4307148572e+00  3.5885356131e+00 -1.3377278959e+00  2.6639939502e+00  2.5429895963e+00 -2.0718239001e+00  1.4806727432e+00  3.3756608931e+00 -3.0990241494e+00 -9.7464540070e-01 -2.1787596284e+00  5.2827021393e+00 -4.3332108445e-01 -3.6982599032e+00  4.5621767364e+00  8.5566180437e-01  9.4809914124e-01 -2.8292189696e+00 -3.7300030935e-01  1.9921599382e+00 -2.1050876700e+00
ENERGY -6.694638328886e+02
GRADIENT  1.1305759802e-04  4.5656323612e-05 -4.1139253661e-05 -1.4672226636e-04  1.4675851247e-07 -9.1005042785e-05 -1.1430577631e-03  3.2396988955e-03  1.5687524049e-03  6.4584203617e-04 -4.0275217324e-03 -1.8182136520e-03  8.3181563937e-05 -4.5905661845e-05  1.7570040595e-04  3.0108747400e-03 -1.4002911592e-03 -1.1999775623e-03 -4.3386632764e-06 -1.4345168064e-06  3.7439233714e-06  3.7833262375e-07 -3.9486331561e-06  1.0130951535e-06  1.0469564907e-05 -6.4097718833e-07  2.0433973634e-05 -1.7707469459e-06 -9.2994654391e-06 -3.1917273714e-06  5.4433556538e-05  7.2061581158e-05 -1.0008167447e-04  1.2130324078e-05  2.5960121497e-05 -4.4149396085e-05  2.0745309830e-06 -2.5290225321e-05  5.3026987270e-05 -2.6187562157e-03  2.0982765973e-03  1.5181531985e-03  6.2625391475e-06  1.5906374567e-05 -5.4681501695e-06 -1.9230119820e-05 -5.4258993925e-06 -4.2115890778e-06 -1.2427941237e-05  5.5574413760e-06 -1.1908643830e-05 -2.1824563875e-06  1.8046339339e-06  4.5192034617e-06 -4.3991880304e-06  1.5868830833e-06  3.1100791230e-06 -2.5771187702e-06 -5.9934597499e-07  4.0922321524e-06 -3.5101266565e-06 -3.1660126030e-06 -1.1280867292e-06 -2.0224736628e-06 -2.1647488279e-06  1.2559406931e-06 -5.9513307686e-07 -2.4281449533e-06 -5.5848624990e-07 -1.2642717033e-06 -6.6419077539e-06  2.7937379652e-06 -2.7320179985e-06 -2.2642608737e-06  5.2310457128e-06  2.6144448506e-06 -3.4358311814e-06  2.6033970345e-07 -1.0184213760e-06 -5.1733952271e-06  2.9169639483e-06

JOB 22
COORDS  1.5711249943e+00 -2.4631268437e-01  1.5895868526e+00  1.7705305774e+00 -8.0754309416e-01  2.8374798248e+00 -5.9148810505e-01 -1.2920207088e+00  1.5415646061e+00  3.6478665680e-01 -4.9791630794e-01  9.0440945202e-01  7.3542574133e-01 -1.6008869936e+00  3.3782685398e+00  5.0013708918e-02  7.6264433604e-02 -4.2598522012e-01  4.0123530491e-01 -3.4186399029e+00  6.5283919889e+00  1.7504533533e+00  2.7367301174e+00 -2.2621300783e+00 -9.3059066931e-02 -2.9507047688e+00  5.1717151378e+00  6.8044446270e-01  1.6789864966e+00 -2.0642442757e+00 -4.1962084539e-01 -1.8361638503e+00  2.7548168475e+00 -8.8445803447e-01 -2.7260147276e-01 -1.1287633970e+00  9.5589646909e-01 -2.1343604398e+00  4.5972270079e+00  9.1072134298e-01  1.0666340801e+00 -7.6946623192e-01  2.3319328639e+00  3.7953454461e-01  1.1348913725e+00  2.6820334301e+00 -6.5579444552e-01  3.4061378688e+00 -1.5373362649e+00 -1.4936126290e+00  1.0443637296e+00  1.3166560730e+00 -4.0094841160e+00  6.4288788094e+00  6.0768807572e-01 -2.5676245848e+00  7.1842733782e+00 -3.6291771476e-01 -4.0428821010e+00  7.0027978729e+00  1.6967860899e+00  3.4990287527e+00 -1.4791832475e+00  2.7497769975e+00  2.2914175011e+00 -2.2452403148e+00  1.6087053138e+00  3.2270995993e+00 -3.2306529540e+00 -1.0059913008e+00 -2.3533212139e+00  5.2511945068e+00 -3.0099273958e-01 -3.7881579683e+00  4.4993050477e+00  7.2246174093e-01  9.0158115442e-01 -2.8323328905e+00 -3.2649447772e-01  2.1054008528e+00 -2.0743328129e+00
ENERGY -6.694655877493e+02
GRADIENT -2.3652105051e-04 -2.0948104708e-04  1.4478614004e-04  2.4320355775e-04  5.2800262836e-05  1.4557221792e-04 -7.5172901696e-04  1.5647532832e-03  8.3517587420e-04  7.7432847184e-04 -1.7152437483e-03 -1.1013998762e-03  2.9049456391e-05  4.8639631505e-05 -6.3519753917e-05  1.0965462743e-03 -1.0969008485e-03 -5.8531167509e-04  1.4094880740e-06 -8.0693680950e-07  3.3474411321e-06  6.5093080572e-07 -4.2787890357e-06 -2.6776783065e-06  5.3479511722e-06 -8.0213902513e-06 -1.3958364284e-06 -7.5625401699e-07 -1.3739723731e-05 -1.2063542809e-05 -3.4309739675e-06  7.8534052671e-06 -1.3454939193e-05  4.0740638214e-05  1.1779803625e-04 -1.8500722098e-04  2.1466503644e-05  3.0396015479e-05  5.2086136212e-06 -1.2059263738e-03  1.2018991694e-03  8.3216891343e-04 -1.9480393189e-05 -7.4209501273e-06  2.2818462546e-05  1.8588438437e-05 -6.7246985227e-06  3.0469024780e-05  1.5689166288e-05  1.4366575697e-05 -1.1653766448e-05  1.2912733890e-06  2.7394253538e-06  6.0308884612e-06 -9.7398030187e-07  3.0295300101e-06  4.0383322604e-06 -9.7784348614e-08  2.0545051078e-06  3.3476759308e-06 -2.5408233919e-06 -3.5995818289e-06  2.1175145930e-06 -1.0113491269e-06 -1.6270026687e-06  7.6762987213e-07 -2.1760085993e-06 -6.5711623529e-07  2.7908738026e-06 -2.0120747459e-07 -2.8137965001e-06  6.2682890442e-06 -2.3139065945e-07  4.2882586190e-07  3.5766832199e-06  2.9164800132e-06 -5.2023424404e-06  2.8685741068e-06 -8.8587323184e-07 -1.7177413564e-06  1.8548861370e-06

JOB 23
COORDS  1.4580207184e+00 -5.6518881779e-02  1.7066229030e+00  1.6721617061e+00 -6.4015765676e-01  2.9416662193e+00 -6.0038054882e-01 -1.2896285906e+00  1.5615495417e+00  2.9127753141e-01 -3.8198771393e-01  9.8458774222e-01  7.0075895918e-01 -1.5438071365e+00  3.4244822816e+00 -2.8754239906e-02  1.8897061485e-01 -3.4561970710e-01  4.4957278747e-01 -3.4970720043e+00  6.5001455790e+00  1.8649562069e+00  2.5711133430e+00 -2.3656116726e+00 -4.8043884578e-02 -3.0275129106e+00  5.1452932666e+00  6.9060200463e-01  1.6558962762e+00 -2.0719246818e+00 -4.0845980923e-01 -1.8645657007e+00  2.7572740914e+00 -1.0300013896e+00 -7.5775934440e-02 -9.9102702725e-01  9.3604374304e-01 -2.0976776468e+00  4.6313176115e+00  9.2635767136e-01  1.0510499710e+00 -7.7480169607e-01  2.1745632389e+00  6.4446297204e-01  1.2917223799e+00  2.5508839329e+00 -4.2798648287e-01  3.5416859435e+00 -1.5085935452e+00 -1.5597348298e+00  1.0281816028e+00  1.4181972863e+00 -3.9975781997e+00  6.4092613448e+00  5.5790604050e-01 -2.6551754325e+00  7.1904171549e+00 -2.6636631247e-01 -4.2055850364e+00  6.9292378407e+00  1.9500767298e+00  3.3549293152e+00 -1.6069813610e+00  2.8031436301e+00  2.0087081179e+00 -2.3907945445e+00  1.7241092289e+00  3.0493898869e+00 -3.3402931049e+00 -1.0144370398e+00 -2.5199273800e+00  5.2161957190e+00 -1.5824361897e-01 -3.8555024939e+00  4.4389290371e+00  5.9214569214e-01  8.6074042716e-01 -2.8161833504e+00 -2.5699763056e-01  2.2007096893e+00 -2.0367786558e+00
ENERGY -6.694661584095e+02
GRADIENT  1.1213863813e-04  8.7353747550e-05 -7.5406859698e-05 -6.8681830105e-05 -1.6667831531e-05 -2.9070033620e-05 -1.6118489966e-04 -6.1092341228e-05 -1.1433390456e-04  8.4932977736e-05 -2.7090378394e-05  2.0129302130e-04  2.7341010985e-05  1.9139111950e-05  4.6094249722e-05 -1.8739123671e-05 -7.7250584781e-05  4.0124176073e-05 -2.3997789005e-06 -2.2335169607e-06 -3.8172790427e-07  1.5713159176e-06 -5.0532586277e-06  2.1337358809e-07 -1.1611101311e-05  1.0435850059e-05  9.5341775874e-06  1.5072391608e-06 -1.7143376544e-05 -1.2349258395e-05  3.2032280200e-05  3.9370698197e-05 -3.0935037613e-05  2.1560920692e-05  4.6253590644e-05 -5.1856597414e-05  3.8541185903e-06 -1.3455373905e-05 -1.5656238288e-05 -4.5594271497e-05 -2.1964200526e-05  5.5379812081e-05  1.5804368963e-05  2.0006495896e-05  2.5728598987e-06 -2.2290812172e-06 -2.9713967667e-06 -1.2761042635e-05 -1.9767225856e-05 -2.9441179337e-06 -3.6121641930e-06 -3.2772738702e-06 -2.6159314770e-06  8.2809041172e-07 -2.2773505236e-06 -1.4971951879e-06 -5.3087172239e-07 -3.1615915311e-06 -1.4184635589e-06  8.2449632945e-07 -1.0525739106e-06 -2.5210214839e-06  7.5585024949e-07 -2.7454600263e-06 -2.2529753572e-06  3.8470433745e-07 -3.2833563530e-06 -5.6081251236e-07  1.7935262282e-06 -7.9732077014e-07 -6.3857747711e-06 -4.0495887231e-06  3.0422523128e-06 -6.8256410877e-06 -1.3612856741e-06 -7.9014918052e-06 -1.0224004449e-06  3.5982603932e-06 -9.6759041989e-07  6.4032666439e-06  3.8973646522e-06

