JOB 0
COORDS  1.3630908574e+00 -1.0686080321e+00 -4.3521191854e-01  3.4136783870e-01 -5.4596244681e-01  3.5732642528e-01  2.6487327978e+00 -1.2646316767e+00  6.7766194949e-02  1.8959520882e+00 -3.9594698514e-01  2.2215644226e+00  5.9512592175e-01 -1.8813241965e-01  1.7016567938e+00  2.8887335065e+00 -9.2688090570e-01  1.4024903234e+00  4.6369589876e+00 -1.1557110478e+00  3.1013623656e+00 -1.7798253121e+00  2.9752152367e-01  2.0518073514e+00 -1.7085383279e-01  4.5174221738e-01  3.9416136785e+00  6.0053263747e+00 -1.2829075082e+00  3.1108163244e+00 -3.9835369272e-01  3.6722510970e-01  2.5044815606e+00  3.9450495083e+00 -1.0578371422e+00  4.0980101998e+00  4.2164808596e+00 -1.1275723731e+00  1.8005424276e+00  1.1485334233e+00 -1.3319654177e+00 -1.4677844521e+00 -6.4344372952e-01 -4.1951792575e-01 -7.4909962738e-02  3.4506344577e+00 -1.6695887523e+00 -5.4061280073e-01  2.1306086278e+00 -1.6945120682e-01  3.2475644561e+00 -2.4241265253e+00  7.6867511760e-01  2.7958771303e+00 -2.1273013509e+00 -7.3650431518e-01  1.8979408412e+00 -1.9121187524e+00  8.4615367903e-01  1.1133822272e+00 -1.0454471772e+00  9.0126675978e-01  4.4147206182e+00  6.8695118076e-01  1.0938872883e+00  4.1645057879e+00  8.9908283572e-03 -5.3128353193e-01  4.4031203863e+00  6.4058730615e+00 -1.5563055035e+00  3.9974801326e+00  6.4608118843e+00 -1.6128609673e+00  2.2702701647e+00
ENERGY -6.102605690163e+02
GRADIENT  2.8993976105e-05  2.5383538078e-05  1.0201439592e-04 -1.1468792383e-04  1.7348978659e-05 -6.7807305381e-05  1.1451453630e-04  4.0431593476e-04 -1.4634827940e-04 -3.0277346070e-05  1.4921009214e-05 -3.1147447535e-05  1.0451409176e-04  9.2251259326e-06  1.7684225478e-05 -1.0651061011e-04 -3.5865058378e-04  1.7434977162e-04  1.5544558125e-04  4.2813530439e-04  7.1236846696e-05 -5.5674062869e-05  3.1874323303e-05  9.1361573696e-05  1.8562027487e-05 -1.6662387453e-05 -5.4144301976e-05  2.3703872037e-05 -6.7074069773e-05 -1.8364200884e-04 -4.0185443885e-05 -6.2090933583e-05 -9.4146065034e-05 -1.3728119699e-04  3.1173912376e-05  4.9321115818e-07  2.7634865179e-05 -5.0007155040e-04  7.3284320305e-05 -6.6389048650e-06  1.2943351084e-05  1.2101397656e-05  1.6540376855e-05  1.0278681211e-07 -1.1731580537e-05  7.8309898008e-06  8.9156151495e-06  3.4352070826e-06 -6.8010128083e-06  7.8006164307e-06  1.0726773785e-05 -1.4002517801e-05 -3.7909777143e-06  1.5324021056e-05  2.9583943944e-06  4.9361936455e-06 -2.7531948114e-06 -8.4577440050e-06  1.1345764361e-05  2.6030887799e-05 -8.5514440883e-07  1.4463346673e-05 -7.6774468829e-06  2.1674508389e-05 -2.3873796937e-05 -1.1603905015e-05 -1.8992525239e-05 -9.7301248774e-06  1.4646839141e-06 -3.6622563413e-05  2.4674986798e-05  4.3360714003e-06  2.2860392001e-05  3.5653255756e-07 -8.5636987869e-06

JOB 1
COORDS  1.9453579579e+00 -9.4284901218e-01 -1.0273893666e-01  9.1010486236e-01 -3.0301648706e-01  5.7775992015e-01  2.8845656079e+00 -1.7260624106e+00  5.6929898847e-01  1.7425120523e+00 -1.2205027018e+00  2.6663347382e+00  7.9512214578e-01 -4.2207087139e-01  1.9828768983e+00  2.7547077629e+00 -1.8551156208e+00  1.9529653007e+00  3.5550267391e+00 -3.3301522903e+00  3.7080374643e+00 -1.3274653705e+00  7.9811237684e-01  1.9424172155e+00 -4.6711685714e-01 -1.6192645805e-01  4.0676516752e+00  4.7553451643e+00 -3.8571134727e+00  4.1199175879e+00 -2.1158796792e-01  2.3440849850e-01  2.6881071332e+00  2.4952887772e+00 -3.4775591475e+00  4.2858436186e+00  3.7690897525e+00 -2.5995784141e+00  2.5685467128e+00  2.0163248747e+00 -8.3170704110e-01 -1.1817088841e+00  1.9844898986e-01  2.8495370222e-01  1.1626103358e-02  3.6938967806e+00 -2.2294159963e+00  5.0785137857e-02  1.6817595216e+00 -1.3689839629e+00  3.7323030185e+00 -2.0204744479e+00  1.2715001508e+00  2.6398889801e+00 -1.8809589162e+00  4.1671805024e-02  1.3634444587e+00 -9.8268195359e-01  1.5739200066e+00  1.2510578686e+00 -1.2999556597e+00  4.2493197268e-01  4.4584275850e+00  4.0170454203e-01  4.4485036959e-02  4.7009057946e+00 -7.1585951701e-01 -1.2295963122e+00  4.1646112423e+00  4.6865338236e+00 -4.6081785852e+00  4.7927510036e+00  5.5110557840e+00 -3.9008524177e+00  3.4489686561e+00
ENERGY -6.102609099754e+02
GRADIENT  2.5408574604e-05  2.3319001445e-05 -7.6257872634e-05  5.9682609298e-05 -6.6947223780e-05  5.4440938891e-05  2.6453095967e-04  5.9820524667e-04  8.2831837814e-05  4.9694980970e-05 -2.6363438899e-05 -1.1344211117e-04 -3.6778216125e-05  2.3758129129e-05  4.1871118010e-05 -3.9055339973e-04 -5.9134147922e-04  1.1992311685e-04  1.9746396811e-04  8.0179093934e-04  5.5671465354e-04 -4.9290849736e-05 -2.6310665962e-05  1.8079559206e-05 -3.5174414655e-05 -3.5060146530e-05 -3.4620174307e-06 -5.2837495947e-06 -3.1434591505e-05 -6.8756745327e-05  2.8585193017e-05  1.1836599033e-04  8.0720774948e-06 -6.4863971394e-05 -8.5064963367e-05 -6.2370721962e-05 -9.6823250924e-05 -6.7566433829e-04 -5.0821493092e-04  6.0599326750e-07  1.4368739925e-06 -6.3544585739e-06  1.1851276224e-05 -9.8548536083e-06  9.5987683631e-06 -6.8658816378e-06  2.8486858955e-06  1.2530885702e-05  3.7464914962e-06 -7.3344052789e-06  9.3666009739e-06 -3.0171772133e-06  5.0025116365e-06  1.2567469929e-06 -2.1963071080e-06  9.8414607450e-07  1.2824788397e-06 -8.2432161943e-07  4.3146922376e-07  7.4476076811e-06 -1.1391579678e-06  6.5558004301e-06  1.1629638012e-06 -1.8255884583e-06 -1.2056215898e-06 -4.3492903091e-06 -1.2706329269e-05  1.6761688368e-07 -2.3504206965e-07 -1.4962500721e-05 -1.2603291429e-05 -1.2699718007e-05  9.7033817108e-06 -1.4814110347e-05 -4.0955060086e-07

JOB 2
COORDS  1.9425902776e+00 -9.7300836519e-01 -9.0492166890e-02  9.0421161920e-01 -3.3311153448e-01  5.8454191608e-01  2.9084319087e+00 -1.7166961153e+00  5.9108508914e-01  1.7847462084e+00 -1.1625289272e+00  2.6860499523e+00  8.0846707425e-01 -4.0872543492e-01  1.9948957462e+00  2.7994062170e+00 -1.7972212969e+00  1.9782518966e+00  3.5276059458e+00 -3.3966383267e+00  3.6221105497e+00 -1.3422268212e+00  7.6070118751e-01  1.9422261456e+00 -4.3324442787e-01 -1.1114633679e-01  4.0857572387e+00  4.7032204677e+00 -3.8773278066e+00  4.1461958509e+00 -2.0483258430e-01  2.4659264017e-01  2.6913367904e+00  2.4145619156e+00 -3.7082575543e+00  3.9967235312e+00  3.8256291187e+00 -2.4887941878e+00  2.6361181494e+00  1.9941264181e+00 -8.9505507907e-01 -1.1734403136e+00  1.7258008225e-01  2.2135096607e-01  9.9905177950e-03  3.7193338851e+00 -2.2221742461e+00  7.7004048422e-02  1.7480983939e+00 -1.2789200431e+00  3.7589141921e+00 -2.0380692921e+00  1.2394117571e+00  2.6332083956e+00 -1.8843356635e+00 -2.6112260232e-02  1.3938972668e+00 -1.0238368797e+00  1.5224033821e+00  1.2230710095e+00 -1.2760100618e+00  4.6658463737e-01  4.4687224484e+00  4.3777405070e-01  1.3850469244e-01  4.7005289042e+00 -6.5321719478e-01 -1.1811301285e+00  4.2198664811e+00  4.6156930785e+00 -4.7221577811e+00  4.6939941503e+00  5.5474720095e+00 -3.7624958366e+00  3.6008697183e+00
ENERGY -6.102611834134e+02
GRADIENT  4.2150676975e-05 -2.2262247874e-05  3.5897988066e-04 -1.2837872917e-04  7.3890571005e-05 -5.8591188085e-05  3.5390513941e-04  8.8578017568e-05 -2.2231688673e-04  9.0530403684e-05 -4.1857420707e-05 -1.2053899610e-05  4.0479622817e-05  6.4931419183e-05 -3.6743064888e-05 -3.7127297955e-04 -2.6395533123e-04 -2.4035023263e-05 -5.7239767005e-06  6.3004822057e-04  4.5240356773e-04  2.9557427101e-06 -5.8129218034e-06 -6.7743720954e-06 -7.8210271780e-07  1.3476407851e-05 -1.3561550829e-05 -6.6604409603e-05 -9.5668003183e-05 -1.1377177742e-04 -3.6155525781e-05 -9.7240886189e-06  3.0210223565e-05 -1.0535121781e-05 -1.9244965726e-04 -7.7377087973e-05  4.8908940143e-05 -1.8024828449e-04 -3.4937122704e-04  4.6227557156e-07 -5.8446000557e-06  3.5574360783e-05 -2.4805486697e-05  1.0183787980e-05  8.3591170869e-06  3.8946528219e-05 -2.3292520412e-05 -4.9292905887e-06 -2.0858173156e-05  1.5201860324e-06  1.3424221359e-05  1.1184514472e-06  3.1324820135e-06 -1.6036414190e-06 -3.0672988474e-06  3.0505835150e-06 -3.3728193540e-06 -3.3507911850e-06  1.6253412466e-06 -1.9400912840e-06  2.8171637325e-06  6.5826960076e-06 -4.8984372076e-08  4.7547774108e-06 -2.8825642851e-06 -6.0924917556e-06 -1.2316902818e-05  1.2221355732e-06  1.1686089144e-07 -3.2560558961e-06 -5.8219324350e-06 -2.2180316111e-05  1.2291966934e-05  2.2603647688e-06 -6.1642763478e-06

JOB 3
COORDS  1.9337368870e+00 -9.9720410508e-01 -6.3126381597e-02  8.9141559016e-01 -3.5189569870e-01  6.0016259140e-01  2.9185545778e+00 -1.7001353888e+00  6.3624308578e-01  1.8032495754e+00 -1.0905712536e+00  2.7182260518e+00  8.0571687788e-01 -3.7971245921e-01  2.0134133428e+00  2.8246778372e+00 -1.7283225996e+00  2.0248451536e+00  3.5144278457e+00 -3.4533343557e+00  3.5212734963e+00 -1.3716574710e+00  7.3716499267e-01  1.9355426295e+00 -4.2938846324e-01 -3.8375249277e-02  4.1003683395e+00  4.6493594357e+00 -3.9169650742e+00  4.1419954185e+00 -2.1617039203e-01  2.7938521498e-01  2.6940355296e+00  2.3947192228e+00 -3.8953761872e+00  3.6805042897e+00  3.8483454120e+00 -2.3828282240e+00  2.7264288192e+00  1.9727574306e+00 -9.5724593923e-01 -1.1486856040e+00  1.4537470638e-01  1.6934692720e-01  1.3116017077e-02  3.7313001381e+00 -2.2128098135e+00  1.3235008876e-01  1.7838584928e+00 -1.1737367426e+00  3.7960870983e+00 -2.0741035946e+00  1.2238526780e+00  2.6141575315e+00 -1.8976903552e+00 -8.2703173585e-02  1.4211479773e+00 -1.0774492303e+00  1.4793897906e+00  1.1864789120e+00 -1.2788572986e+00  5.3723023255e-01  4.4715681982e+00  4.4155092454e-01  2.4499929352e-01  4.7004526974e+00 -6.3134660042e-01 -1.1071811565e+00  4.2692480722e+00  4.5704180332e+00 -4.8390454502e+00  4.5482847660e+00  5.5437101801e+00 -3.6603601935e+00  3.7449654568e+00
ENERGY -6.102611777766e+02
GRADIENT -1.8629609066e-05  9.3236131797e-06 -2.3242679986e-04  1.2805469199e-04 -6.4581637259e-05  8.4904765690e-05 -4.0871817244e-04 -1.1473271999e-04  1.4492804480e-04  7.3996567429e-05 -5.1188402707e-05 -4.2189924769e-04 -2.3844719960e-04  8.9163526346e-05  1.0708499334e-04  5.3834560408e-04  1.4716015514e-04  1.8630293837e-04  7.2811896455e-05  3.6432715987e-06 -2.7999393487e-04  6.7962991878e-06  1.3271631477e-07 -1.3207856655e-05 -2.2696621757e-05  3.6858328486e-05  1.2939940712e-05 -7.9373273266e-05 -1.3029243096e-04  5.7232292385e-05 -4.4087359283e-05  1.5211402870e-05  1.7583263208e-05  7.8740164917e-05 -4.3721609574e-05  2.6736738725e-05 -8.8790351989e-05  5.7526310821e-05  3.4229174853e-04 -1.1595021885e-05  9.1399250185e-06 -2.9613759868e-05  1.0708949105e-05 -4.4380921526e-06  1.0635330748e-05 -3.2208596446e-05  1.4707238328e-05  5.2299299488e-05  3.3011557343e-05 -2.5071752818e-05 -6.8334781524e-05  3.6781873032e-06 -2.7061614293e-06 -7.8849254585e-06  8.8569762187e-07 -4.3476124036e-06 -3.4080142684e-06  6.4638014182e-07 -7.3770142055e-08 -3.2731788229e-06 -1.9449774378e-06 -8.2664099244e-06  7.6749847238e-06 -1.6548002559e-05  2.8309626710e-06  9.6916970567e-06 -6.4589427679e-06 -7.5027771458e-06  4.4456816249e-06  1.6994891967e-05 -2.0448237995e-05  2.1810819802e-05 -3.6792213327e-05  5.9395946760e-06  5.1197814778e-06

JOB 4
COORDS  1.9308555871e+00 -1.0472115538e+00 -1.5388726457e-02  8.8292026198e-01 -3.8799815922e-01  6.2503124335e-01  2.9219363152e+00 -1.7173016684e+00  7.0730879987e-01  1.7961798501e+00 -1.0497988219e+00  2.7665966556e+00  7.9507726628e-01 -3.6798446282e-01  2.0383382410e+00  2.8241436965e+00 -1.6991238458e+00  2.0948883442e+00  3.5436516878e+00 -3.5337734508e+00  3.4162316819e+00 -1.3905960755e+00  7.2986672636e-01  1.9200398865e+00 -4.4287831212e-01  4.0631294873e-02  4.1107992755e+00  4.6335638356e+00 -3.9652344887e+00  4.1340844129e+00 -2.3150678288e-01  3.0841356328e-01  2.6942703519e+00  2.4788830254e+00 -4.1108934002e+00  3.3332559504e+00  3.8383991387e+00 -2.3195490425e+00  2.8426850161e+00  1.9695110091e+00 -1.0436333489e+00 -1.1016766891e+00  1.3385091940e-01  1.0755515646e-01  1.9808851978e-02  3.7383965551e+00 -2.2409031537e+00  2.2083583872e-01  1.7826068040e+00 -1.0975803458e+00  3.8476476709e+00 -2.0966817092e+00  1.2351949043e+00  2.5810416454e+00 -1.9101657718e+00 -1.1202626289e-01  1.4357250891e+00 -1.1019862206e+00  1.4469378999e+00  1.1448210402e+00 -1.2906055678e+00  6.3045534464e-01  4.4632125781e+00  4.2976188758e-01  3.4342082321e-01  4.6987349359e+00 -6.4710810032e-01 -1.0212722657e+00  4.3177170659e+00  4.6212420709e+00 -4.9440952234e+00  4.3854521664e+00  5.5326161695e+00 -3.5541876231e+00  3.9191517129e+00
ENERGY -6.102609876805e+02
GRADIENT  5.7284268330e-06 -3.8784589692e-06 -6.8543970710e-06 -3.3647346549e-05  2.0014573330e-05 -1.0291008819e-05 -1.8594549282e-04 -2.6105115227e-04 -5.7349018741e-08 -4.4232529933e-06  1.2050886852e-05  1.1571025634e-05  2.4739868505e-05 -3.2430076788e-05 -2.3912071018e-05  2.9887277785e-04  3.4245216021e-04 -1.0057172575e-04  1.0801601270e-04 -1.2010330134e-04 -2.3777252678e-04 -7.3363213314e-06  2.1310777215e-06  1.4409292257e-06 -3.3395845921e-06 -1.6545589030e-05  1.0845678341e-06 -8.2689314549e-07 -1.7657117085e-05 -3.2378836689e-05  2.0683006316e-05  1.9270983809e-05 -1.8940358557e-05  1.2043783865e-05 -1.9572390962e-05 -1.2076947000e-06 -2.1923698597e-04  9.2680231217e-05  3.7415834951e-04 -6.0057112387e-06  4.1448704283e-06 -3.5775924479e-06 -3.5278227380e-06  2.4338194168e-06 -8.7588141594e-06 -1.6491528155e-06  4.9145457453e-06 -1.5820295256e-06  3.6802926569e-06  1.4844069042e-06 -5.0175209764e-06 -7.7096642884e-07  1.7983264792e-06 -1.2219941665e-06 -1.8526266519e-06 -3.2674190331e-07  1.7037982614e-07  6.0411842866e-07 -2.3489112953e-06 -2.7010332933e-06 -2.1154140077e-06 -7.8315452927e-07 -5.1331978914e-06 -9.6531403922e-07  5.1865276141e-06 -3.3469418133e-06  6.5257099482e-06  2.4547746297e-06 -3.0189424390e-06  7.4330294305e-07  7.0999181590e-06  5.6277193507e-06 -1.2852132189e-06  3.5716318852e-06 -4.1440482926e-06

JOB 5
COORDS  1.9178252967e+00 -1.0998653215e+00  2.7509663228e-02  8.6795847553e-01 -4.1815306714e-01  6.4140689549e-01  2.9032855195e+00 -1.7493541204e+00  7.7536663485e-01  1.7633110844e+00 -1.0221864031e+00  2.8064989350e+00  7.7066425161e-01 -3.5519913904e-01  2.0524536194e+00  2.7947587940e+00 -1.6916285086e+00  2.1609859330e+00  3.6052028736e+00 -3.6049005177e+00  3.2958745643e+00 -1.4083333265e+00  7.4938931475e-01  1.8868448091e+00 -4.7919577726e-01  1.2184432719e-01  4.1030595380e+00  4.6503473668e+00 -4.0135371673e+00  4.0896187861e+00 -2.5601434032e-01  3.4675496640e-01  2.6811564939e+00  2.6491705753e+00 -4.2829876768e+00  2.9806131385e+00  3.7918627841e+00 -2.2867503610e+00  2.9521868983e+00  1.9625645291e+00 -1.1291043881e+00 -1.0581507431e+00  1.2500565705e-01  6.1949290861e-02  1.6529034099e-02  3.7195045076e+00 -2.2906903272e+00  3.0841410833e-01  1.7466111473e+00 -1.0383382980e+00  3.8887695658e+00 -2.1163198116e+00  1.2776190033e+00  2.5276019441e+00 -1.9284837258e+00 -1.0459368088e-01  1.4249014615e+00 -1.1113242632e+00  1.4412659692e+00  1.0921895086e+00 -1.3205478788e+00  7.3296825922e-01  4.4338517373e+00  3.9419086894e-01  4.2891393435e-01  4.6874912582e+00 -6.9982888297e-01 -9.3097053902e-01  4.3389427575e+00  4.7442583081e+00 -5.0144412039e+00  4.1938390533e+00  5.5025151636e+00 -3.4689182903e+00  4.0652131164e+00
ENERGY -6.102608261214e+02
GRADIENT  5.8563423243e-06  1.0905399124e-06 -4.0412154438e-06 -5.3627890971e-06  4.2444220350e-07 -1.3982903116e-05 -1.2022938465e-04 -1.8898089328e-04 -2.4201947958e-05 -1.7549916430e-05  4.7941399448e-06  9.0303914202e-06 -1.7587616073e-05 -2.6111402147e-05  9.5302788665e-06  2.5373936635e-04  2.4616276621e-04 -5.2914894297e-05  1.0395029746e-04 -8.5164742236e-05 -1.6048121872e-04 -1.8123117912e-05 -2.1634046236e-05  3.7903756339e-06 -8.0912968908e-06 -2.8120925344e-05 -6.1742853898e-06 -3.8612369579e-05 -3.6423499229e-06 -4.2023257481e-05  4.4654369519e-05  8.0543415456e-05 -4.4775811661e-06  1.4106580310e-05  4.4727388916e-06 -5.1027019954e-06 -2.3839421584e-04  3.7031722657e-05  2.3287106926e-04 -1.7162494762e-06  3.5015644508e-06 -4.4793786429e-06  3.3666506879e-06  1.2648888448e-06  5.6321964154e-07  2.3759988385e-06  2.4280539627e-07 -2.0240171154e-06 -1.5526936086e-06 -6.9638925819e-07  5.3416683190e-06  3.3332597083e-06 -3.5858505467e-06 -1.8730757194e-07 -3.5387384186e-06  1.7676738986e-06 -8.5775104916e-06 -2.6070730683e-06  6.8940011778e-06 -1.6447053989e-06  6.6850634357e-06 -2.0441355904e-06  4.1477396705e-06  2.1217872531e-06 -3.2129618520e-06  6.6352093103e-06  3.5310780476e-06 -9.5391193857e-06  4.5520653519e-06  1.7316672127e-05 -1.0106664945e-05  8.6527282124e-06  8.3924538462e-06 -6.2133843175e-06 -4.1330801074e-06

JOB 6
COORDS  1.9001102764e+00 -1.1579710252e+00  7.3812603102e-02  8.5579444258e-01 -4.4714244685e-01  6.6469505979e-01  2.8697805613e+00 -1.8067040746e+00  8.4157368914e-01  1.7193487896e+00 -1.0266290874e+00  2.8484383078e+00  7.4667119709e-01 -3.5450729832e-01  2.0727043342e+00  2.7470433908e+00 -1.7231277696e+00  2.2251916504e+00  3.7053821070e+00 -3.6731463428e+00  3.1795125003e+00 -1.4085239890e+00  7.8943075719e-01  1.8657034895e+00 -5.1035537534e-01  1.9137411562e-01  4.1025007482e+00  4.6890600511e+00 -4.0510903295e+00  4.0617433611e+00 -2.7155640111e-01  3.7989662339e-01  2.6782619380e+00  2.9237215785e+00 -4.4208230238e+00  2.6290242566e+00  3.7195032058e+00 -2.3036792254e+00  3.0553672162e+00  1.9536365828e+00 -1.2096038252e+00 -1.0105982047e+00  1.2691643053e-01  3.2885466535e-02  2.3419278479e-02  3.6778015235e+00 -2.3721595288e+00  3.9007523186e-01  1.6948924459e+00 -1.0215895020e+00  3.9307475474e+00 -2.1107882186e+00  1.3455110947e+00  2.4890016940e+00 -1.9424378270e+00 -6.3139521062e-02  1.4170010500e+00 -1.0904471192e+00  1.4580342918e+00  1.0593871440e+00 -1.3401953477e+00  8.2826579778e-01  4.4132841196e+00  3.6535923160e-01  4.9138173401e-01  4.6871326720e+00 -7.5688407506e-01 -8.5073531467e-01  4.3600793781e+00  4.9306988484e+00 -5.0322080729e+00  4.0418996522e+00  5.4344508039e+00 -3.3934348849e+00  4.2492794088e+00
ENERGY -6.102607493480e+02
GRADIENT -3.0467372897e-05  5.8306484881e-06 -7.2830232616e-05  1.6221912045e-04 -1.0237493882e-04  1.2213860460e-04  1.8539124509e-04 -1.3438384935e-04 -2.7062309102e-05 -2.7778288053e-06 -3.5777795126e-05  2.1769323705e-04 -3.6733906280e-05  7.4544202332e-06 -4.2973103768e-07 -1.8131374037e-04  1.8031600740e-04 -9.6669122163e-05 -1.7698515516e-05 -4.5227765905e-05  5.7243578117e-07  1.1711997770e-05 -3.7933334597e-06  8.7273075413e-06 -2.9419430847e-05  8.9202035726e-06  1.1840800207e-05  2.2521133170e-06  7.6799637265e-05  1.2876805247e-05 -8.3420138129e-06  1.6604600062e-05  4.4748769891e-05 -3.0022473501e-05  3.7460717091e-05 -3.0742624418e-05 -6.9925279245e-05  2.5669894564e-05 -1.2010194950e-04  2.7387138861e-05 -1.2536305606e-05 -4.3028195047e-07  1.4733380606e-05 -8.0483086891e-06  8.0517059773e-06  1.3683120900e-05 -1.3914359795e-05 -3.9104035990e-05 -1.9171128089e-05  1.1855940126e-05  1.3760839288e-05 -1.1539995516e-06  2.4326708313e-06  2.7155101238e-06 -2.8274331893e-06 -7.5228154523e-07  1.5992311411e-06  3.6775874990e-06  5.8614574477e-09 -1.7900684445e-07 -8.1555804586e-06  4.4822686073e-06 -1.1450515515e-06 -1.7220441772e-05  1.1902324256e-05  2.2152522574e-06  4.8339991334e-06  4.3859069238e-06 -2.1938509097e-07 -1.4049556124e-05  6.7340224291e-06  1.4599541300e-06  1.5006996812e-05 -2.6305276199e-06  4.3149355100e-07

JOB 7
COORDS  1.8749671932e+00 -1.2099926804e+00  1.1322560552e-01  8.4334808312e-01 -4.6525044457e-01  6.8459552818e-01  2.8206933937e+00 -1.8772844223e+00  8.9462000032e-01  1.6692474225e+00 -1.0489643627e+00  2.8811356202e+00  7.2366475076e-01 -3.5672993168e-01  2.0901845745e+00  2.6866011960e+00 -1.7791836585e+00  2.2773327514e+00  3.8229736873e+00 -3.7178718378e+00  3.0853880095e+00 -1.3964712949e+00  8.4477215135e-01  1.8515525239e+00 -5.3844959394e-01  2.4174877617e-01  4.1022800285e+00  4.7481246076e+00 -4.0718181820e+00  4.0376220817e+00 -2.7946861857e-01  4.1179660889e-01  2.6795009530e+00  3.2466838791e+00 -4.4860667061e+00  2.3431825213e+00  3.6246984316e+00 -2.3583651386e+00  3.1446292054e+00  1.9386237784e+00 -1.2741114593e+00 -9.6999013538e-01  1.3453272692e-01  2.7878489013e-02  3.0894231694e-02  3.6127543511e+00 -2.4694033434e+00  4.5148818066e-01  1.6348623795e+00 -1.0323514064e+00  3.9630148981e+00 -2.0897401294e+00  1.4252737640e+00  2.4625760128e+00 -1.9488639461e+00  3.1493810402e-03  1.4044427431e+00 -1.0519936841e+00  1.4972024017e+00  1.0428357522e+00 -1.3517611407e+00  9.0583824051e-01  4.3996428361e+00  3.3985905982e-01  5.1957992001e-01  4.6939176843e+00 -8.1923178328e-01 -7.9040706229e-01  4.3655100888e+00  5.1484338739e+00 -4.9932984184e+00  3.9283290127e+00  5.3452217031e+00 -3.3463718405e+00  4.4121495852e+00
ENERGY -6.102607224799e+02
GRADIENT  5.4233794210e-06 -5.0079562947e-06 -1.8931524082e-05  1.5814910040e-05 -5.4905966590e-06  4.0865707552e-05 -5.6643174078e-05 -1.1209665850e-04  9.9850465058e-06  3.2187719306e-05 -1.5906290663e-05  4.5642136459e-05 -2.8891275441e-05  2.4457010646e-05 -2.1011786138e-05  1.1957284576e-04  1.2371421887e-04 -6.3688399462e-05  5.4393287076e-05  3.7018409421e-05 -1.3137867033e-04  1.4304342609e-05 -1.3628398292e-06 -6.6211017261e-06 -2.3829729767e-06  2.4959971582e-05  1.8827834863e-06 -4.2590630988e-06 -7.2285669098e-05  3.5078763167e-05 -1.9664107990e-05 -1.9932162274e-05  1.9088946168e-05  3.1789918341e-05  2.7739225015e-05  2.4337754104e-05 -2.2915221386e-04 -2.2780456944e-05  8.2137463084e-05  6.7417734758e-07  2.2503843133e-08 -3.0192492239e-06 -6.2966091031e-06  9.7293340573e-06 -2.0298732039e-06  1.6858661510e-06 -5.6418801616e-07 -9.3305225658e-06  5.6973433997e-07 -1.0489988984e-05 -1.7465952070e-05 -4.5290342761e-06  3.0281453339e-07 -7.9466049591e-07  2.5126119440e-06  2.3761351685e-06 -4.2495613077e-06  5.5104267755e-06  4.5111202025e-06 -3.9719204027e-06 -7.4126550913e-06 -2.6154684208e-06 -5.0995203653e-06 -1.3831652474e-05  2.3062428879e-06  1.8674295088e-06 -3.2141406581e-06 -1.8803155152e-06 -1.3429559219e-06  1.3384224639e-05 -1.7428075085e-05 -1.0705771561e-06 -3.6827444140e-06 -9.8327478986e-06 -2.2289732736e-05

JOB 8
COORDS  1.7171409732e+00 -1.1369037956e+00 -3.8804194861e-02  7.2278555492e-01 -3.7147853389e-01  5.6871057540e-01  2.6612652490e+00 -1.8507298547e+00  7.0368371517e-01  1.5829584927e+00 -1.0226987205e+00  2.7324687608e+00  6.4156483366e-01 -2.8689923733e-01  1.9786744550e+00  2.5645480979e+00 -1.7740848635e+00  2.0921896791e+00  3.9009393509e+00 -3.6760742156e+00  2.7242837367e+00 -1.4472506330e+00  9.7798937071e-01  1.8144721072e+00 -5.5507537218e-01  3.0826185882e-01  4.0317029512e+00  4.7964870038e+00 -4.0272003269e+00  3.7053130653e+00 -3.2252287734e-01  5.0120255003e-01  2.6073224432e+00  3.5142674945e+00 -4.4065860776e+00  1.8348839987e+00  3.4860605400e+00 -2.3863029431e+00  2.9521206401e+00  1.7539665012e+00 -1.1826745263e+00 -1.1242364254e+00  1.4355540115e-02  1.5515521499e-01 -5.8731608946e-02  3.4183033305e+00 -2.4576047495e+00  2.2458828574e-01  1.5753157427e+00 -1.0253119976e+00  3.8149811038e+00 -2.1065667250e+00  1.5707300324e+00  2.4508706335e+00 -2.0362318625e+00  1.5931689047e-01  1.3712994880e+00 -1.1043922085e+00  1.6307240037e+00  1.0054762264e+00 -1.3382172629e+00  9.9272244686e-01  4.3621757498e+00  3.4528547362e-01  5.4319088228e-01  4.6084726700e+00 -8.6491141086e-01 -7.1952869803e-01  4.2794689672e+00  5.3419713339e+00 -4.8563944017e+00  3.5153603932e+00  5.2399743352e+00 -3.2872146092e+00  4.2331299640e+00
ENERGY -6.102605020158e+02
GRADIENT -2.8802278276e-06  6.3137106579e-06  4.1740951177e-05 -1.1708871948e-04  1.0371744983e-04 -2.0728796021e-06 -2.7779471167e-04 -6.1594549901e-04 -5.0009340687e-05 -1.7712834501e-05  2.6466542941e-05  4.1542543900e-04  1.1624101858e-04 -1.0723035931e-04 -2.4000028614e-04  6.8551560902e-04  1.0297605308e-03 -3.5633346564e-04  3.7881532969e-04  2.6328183637e-04 -3.6470679017e-04  1.0090854022e-04 -1.0367680507e-04 -1.5303765466e-04  5.1744136383e-06  1.0055983986e-05  5.0205647151e-05  3.0374191628e-06 -1.1594534014e-04 -4.6047025096e-05  7.2504524319e-05 -2.6761065765e-05  1.5638645620e-04  9.7131028783e-05 -2.2016341462e-05  5.1382817353e-05 -1.0659146419e-03 -4.5406677501e-04  4.6662573854e-04 -1.0671363724e-06  7.0495804456e-06  3.4738796393e-06 -5.7784323104e-05  4.8263474164e-05 -2.5789910447e-05  9.3914640673e-07  7.8181304189e-06 -2.8915599190e-05  2.5317103701e-07 -1.0593018694e-05  3.1889348979e-05  1.8179399035e-05 -6.7164724665e-06 -7.8225772746e-06 -6.6268226787e-06  9.4202813119e-07 -4.9926814852e-06  1.6400204736e-05 -1.3656727179e-05 -3.8136885000e-05  6.2582068928e-06 -6.1545040409e-06  9.7497799108e-06 -1.5874144122e-05 -8.6276891634e-06  8.5235732758e-06 -7.4728226239e-06 -1.5427929577e-06 -1.6773710871e-06  2.8359723949e-05 -3.4218955461e-06 -5.8099028227e-06 -8.7488951554e-06  1.8315867655e-06 -2.0265049215e-05

JOB 9
COORDS  1.6791636439e+00 -1.1737109241e+00 -3.2942400689e-02  7.0710052109e-01 -3.8016741385e-01  5.7234519058e-01  2.6005368595e+00 -1.9233245623e+00  7.0500252479e-01  1.5419490320e+00 -1.0670515955e+00  2.7327512673e+00  6.2515911368e-01 -2.9937861744e-01  1.9827702585e+00  2.5040571713e+00 -1.8489502325e+00  2.0947934152e+00  4.0045800581e+00 -3.6706180991e+00  2.6735860665e+00 -1.4261037781e+00  1.0281174083e+00  1.8234495686e+00 -5.5246944534e-01  3.2602529881e-01  4.0374900308e+00  4.8046286724e+00 -4.0255827863e+00  3.7330971015e+00 -3.1524941885e-01  5.1547668685e-01  2.6135936034e+00  3.8553065290e+00 -4.3279504283e+00  1.6628362791e+00  3.3779789477e+00 -2.4901836214e+00  2.9816931252e+00  1.7182485724e+00 -1.2166178335e+00 -1.1184727830e+00  1.7378728316e-02  1.7053070144e-01 -5.5221059311e-02  3.3357718907e+00 -2.5499445908e+00  2.2115112767e-01  1.5315933027e+00 -1.0732399448e+00  3.8151655220e+00 -2.0666128931e+00  1.6384921898e+00  2.4623996011e+00 -2.0399360804e+00  2.2883002040e-01  1.3786170799e+00 -1.0648385826e+00  1.6726915393e+00  1.0159845280e+00 -1.3151596293e+00  1.0321692319e+00  4.3701951627e+00  3.5482555066e-01  5.3320654527e-01  4.6141337526e+00 -8.9186628492e-01 -6.9294256509e-01  4.2831967546e+00  5.4853931337e+00 -4.7461897142e+00  3.5370151150e+00  5.0601617051e+00 -3.3100629586e+00  4.4004872386e+00
ENERGY -6.102600645118e+02
GRADIENT  3.2239797402e-05  3.4152126633e-06  2.1440396099e-04 -4.2073563224e-05  2.4416418596e-05 -7.6117723667e-06 -3.9027125202e-04 -8.4588063991e-04 -1.3287146852e-04  6.0334466565e-05 -4.9233975705e-05 -5.5418469567e-05 -5.8584218992e-05  2.9187763650e-05 -2.1016473886e-05  1.1005230230e-03  1.4206644528e-03 -2.0831264758e-04  6.9070435091e-04  3.2985639263e-04 -3.5470651675e-04  6.6128431329e-07 -6.9468946046e-06 -2.5075152382e-07 -1.9540776953e-05  6.3417506029e-06  1.9824414681e-06  1.8673654807e-05  3.4800680025e-05 -1.6533975496e-06 -1.1352032216e-05  4.5645317069e-05  2.9339545636e-05 -1.6689488418e-05  4.3919172721e-05 -7.9844566922e-06 -1.3462615484e-03 -1.0234852905e-03  4.9138150981e-04 -1.9086161817e-06 -1.1254387848e-05  2.0336353964e-05 -1.2967173077e-05  1.0219779744e-05  8.7188255706e-06  3.5094911845e-05  5.6600798836e-06 -6.0387559182e-06 -7.4908252096e-06  1.2752829030e-06 -2.0643600435e-05  7.0212035201e-07 -3.8686080031e-06 -1.1088949704e-06 -3.5325382965e-06 -4.2543050194e-06 -1.6611780267e-06  1.8392392636e-06 -4.9024284970e-06 -4.6893386161e-06 -1.4173772064e-06 -2.6350669930e-06  1.8826393136e-06 -1.0123063858e-05  3.9583697926e-06  1.5789692940e-06 -1.2198541754e-06 -4.0372331086e-06 -2.1679236034e-07  2.8600460212e-06  5.9808128280e-06 -1.3846131437e-06  2.1658075877e-06  2.6973921722e-06  3.7658677795e-06

JOB 10
COORDS  1.6296296286e+00 -1.2047219557e+00 -4.5339959445e-02  6.8231757465e-01 -3.8869309033e-01  5.6697465787e-01  2.5385083826e+00 -1.9807118288e+00  6.8267444633e-01  1.5150790168e+00 -1.1007279594e+00  2.7191178632e+00  6.1221742338e-01 -3.0977161667e-01  1.9785500931e+00  2.4545083020e+00 -1.9072479163e+00  2.0740876029e+00  4.1052872408e+00 -3.6249819488e+00  2.6265420143e+00 -1.4087191918e+00  1.0632689378e+00  1.8354190866e+00 -5.3240650373e-01  3.4425520833e-01  4.0436166199e+00  4.7708374401e+00 -4.0457457688e+00  3.7536685028e+00 -3.0363601574e-01  5.2636453008e-01  2.6175405283e+00  4.2108840826e+00 -4.1387496796e+00  1.5298505112e+00  3.2891493121e+00 -2.5821551079e+00  2.9733923595e+00  1.6613138369e+00 -1.2460649884e+00 -1.1312385166e+00  2.6001641072e-03  1.8097388783e-01 -5.4538029390e-02  3.2558411019e+00 -2.6208118000e+00  1.9221477679e-01  1.5115987043e+00 -1.1090907922e+00  3.8015140783e+00 -2.0303347722e+00  1.6884314699e+00  2.4787106989e+00 -2.0438337124e+00  2.7766477059e-01  1.3961622767e+00 -1.0394476753e+00  1.6989428884e+00  1.0245635932e+00 -1.2755678867e+00  1.0681942897e+00  4.3822248534e+00  3.8464562184e-01  5.3108334427e-01  4.6117940494e+00 -8.9297370951e-01 -6.6634602852e-01  4.2939286600e+00  5.5651801981e+00 -4.6472754731e+00  3.5849543707e+00  4.8219165093e+00 -3.4153738966e+00  4.5427034197e+00
ENERGY -6.102596730657e+02
GRADIENT -1.0057496523e-05  7.5244765791e-06 -2.8168777519e-05  1.0317218547e-04 -8.0768749366e-05  1.1516364457e-04 -2.6822289994e-04 -4.7497994375e-04 -1.3571155960e-05  2.8706802354e-05 -3.8617155240e-05 -3.9725887227e-05 -2.1511994672e-04  1.4501663275e-04 -8.2599454536e-05  7.6416811964e-04  9.1110215888e-04 -8.0145880283e-05  4.1509079231e-04  5.6909172507e-04 -1.1741034389e-04  1.3363132102e-04 -1.1536410274e-04 -1.5848193712e-04 -3.0058846569e-05  5.9192317284e-05  6.9917549717e-05  9.9649135926e-05 -1.0052269889e-04 -1.7535777252e-04 -1.8709206495e-05  2.5187060942e-05  2.6534581563e-04  3.5766889078e-05 -9.5601500765e-05  1.2509300917e-04 -1.0012904879e-03 -7.4656767208e-04  1.5403376673e-04  1.5534779569e-05 -1.3512246473e-05 -3.1657568137e-08 -3.6592091630e-05  3.0032994136e-05  2.5902908100e-05  4.3895898558e-06 -1.5543483972e-05 -1.1929360505e-05  1.2339484554e-05 -1.4230426797e-05 -4.6243086782e-05  2.2372627382e-05 -1.4694396542e-05 -1.1120780620e-05 -5.4810831249e-06 -7.5131057760e-06 -3.7351243783e-06  1.6192536779e-05 -1.7515894960e-05 -4.2884205400e-05  5.6784024205e-06 -1.2587114453e-05  2.0891995524e-05 -3.0441534203e-05  1.3592921928e-05  2.1612214260e-05  4.3527686321e-06 -3.1573452504e-06  1.8767652214e-06  7.8132997946e-06 -4.0603514065e-05  7.9092570614e-05 -1.1727816830e-05 -7.8553162932e-07 -2.8059060196e-05

JOB 11
COORDS  1.5714771192e+00 -1.2341782442e+00 -7.1498268659e-02  6.4704376827e-01 -3.9943548926e-01  5.4957507998e-01  2.4755764894e+00 -2.0252305320e+00  6.4690701306e-01  1.4929996674e+00 -1.1221951251e+00  2.6934639655e+00  5.9646904707e-01 -3.1642136598e-01  1.9619473341e+00  2.4096689440e+00 -1.9485309191e+00  2.0393740891e+00  4.1911638836e+00 -3.5455459722e+00  2.5714013687e+00 -1.4015451392e+00  1.0948847499e+00  1.8435510554e+00 -5.0383113623e-01  3.6849923563e-01  4.0403959693e+00  4.7248077090e+00 -4.0955934220e+00  3.7136345906e+00 -2.9501791320e-01  5.3868762305e-01  2.6100184519e+00  4.5293643598e+00 -3.8411156424e+00  1.4414487205e+00  3.2139017079e+00 -2.6612785049e+00  2.9371798355e+00  1.5907144812e+00 -1.2774633564e+00 -1.1576398980e+00 -2.8743068979e-02  1.8241733980e-01 -6.4896483954e-02  3.1843645877e+00 -2.6690583646e+00  1.4976526149e-01  1.5005228604e+00 -1.1294962278e+00  3.7758509941e+00 -2.0017490646e+00  1.7324427929e+00  2.4949672757e+00 -2.0576463804e+00  3.2054625307e-01  1.4153473507e+00 -1.0329124081e+00  1.7224284622e+00  1.0260942482e+00 -1.2261662345e+00  1.1093691711e+00  4.3873728355e+00  4.2630329254e-01  5.3914103778e-01  4.5922121350e+00 -8.8102492460e-01 -6.3314377547e-01  4.3022201121e+00  5.6074966042e+00 -4.5713782989e+00  3.5870566904e+00  4.5785657662e+00 -3.6119694440e+00  4.5896580199e+00
ENERGY -6.102595444331e+02
GRADIENT  2.7069971703e-07 -5.1540682577e-06 -1.1071116198e-04  3.3796528686e-05 -2.8536733998e-05  4.1787821439e-05 -1.9622209506e-05  5.9676184079e-05  4.4177724513e-05  1.3974409088e-06  2.4428708710e-05  7.9827690103e-05  1.2747583159e-05 -1.5161654702e-05 -1.4684860072e-05 -2.4840893411e-05 -5.0044814098e-05  4.3458491659e-06 -1.6398083557e-04  1.1987803291e-05 -3.5783659759e-06  3.7530427750e-06 -8.5197864654e-06 -9.0704493507e-06 -2.1643507763e-06 -5.9797155367e-06  5.7485973543e-06  9.9137405683e-05 -4.6309300492e-05 -6.5060978222e-05  1.8815259417e-05 -6.9633341374e-06  1.0088117989e-05  8.7323874791e-05 -2.9641828280e-05  9.4411583586e-05 -5.8291137045e-05  9.1690482948e-05 -9.7058935812e-06  2.7451171067e-06 -2.1367126488e-06 -8.4435857548e-06  7.2841273323e-06 -5.1091639444e-06 -3.6859751066e-06 -4.7736855260e-07  3.7109345260e-06 -2.3221572091e-07  1.1171417358e-06  2.0906689182e-06  1.1819934288e-05  2.3807883286e-06  4.5558288156e-07 -1.7668286674e-06 -6.0974566478e-07 -6.7318959760e-07  1.8362279110e-06  2.2578508384e-06 -3.7042278108e-06 -2.0178425906e-06 -4.5877114835e-07 -8.5538478875e-07  1.4762036255e-06 -7.4021608013e-07 -1.2527065655e-06  1.9427830276e-06 -7.5793840589e-07  7.9762786825e-07  1.4143913818e-06  1.0690226805e-05 -1.4491707661e-05  2.1242616339e-05  4.5650975497e-06  9.9092469291e-06 -1.2784933068e-05

JOB 12
COORDS  1.5328196704e+00 -1.2799486785e+00 -7.6119248602e-02  6.2532145460e-01 -4.2629079867e-01  5.4505578669e-01  2.4310231198e+00 -2.0760888233e+00  6.4324548923e-01  1.4783355377e+00 -1.1409549472e+00  2.6889944149e+00  5.8744926743e-01 -3.2895579637e-01  1.9566911248e+00  2.3765837608e+00 -1.9863164271e+00  2.0351786839e+00  4.2733183588e+00 -3.4363207119e+00  2.5633609793e+00 -1.3902431674e+00  1.1107823542e+00  1.8409488487e+00 -4.8351016792e-01  3.9452077375e-01  4.0376092967e+00  4.7112724514e+00 -4.1461378214e+00  3.6567782896e+00 -2.8570023338e-01  5.4567119309e-01  2.6036121134e+00  4.7927700116e+00 -3.4674559414e+00  1.4647620895e+00  3.1556668480e+00 -2.7342761543e+00  2.9266459217e+00  1.5435030026e+00 -1.3322601798e+00 -1.1619547384e+00 -4.6456824546e-02  1.6014487784e-01 -6.9455148013e-02  3.1354406818e+00 -2.7247625573e+00  1.4540636175e-01  1.4931158218e+00 -1.1396324492e+00  3.7713663460e+00 -1.9753539275e+00  1.7636746660e+00  2.4909009579e+00 -2.0613809995e+00  3.4214681370e-01  1.4259439085e+00 -1.0192370404e+00  1.7246143918e+00  1.0141859189e+00 -1.1907989384e+00  1.1504613156e+00  4.3830727379e+00  4.5442994440e-01  5.5659323174e-01  4.5786980816e+00 -8.7391865429e-01 -5.9807932209e-01  4.3142442201e+00  5.6556378362e+00 -4.4995711814e+00  3.5871854974e+00  4.3874625892e+00 -3.8612378941e+00  4.5715484505e+00
ENERGY -6.102596979879e+02
GRADIENT  4.6239871320e-06 -1.6454640861e-05 -9.0135646836e-05  4.7034981362e-05 -3.3682282467e-05  6.7822289052e-05  3.3239536206e-04  4.8363338477e-04 -1.1026030687e-04  3.8678167801e-05 -1.3726785256e-05  1.7006345254e-05 -6.3757329707e-06  2.5527798691e-05 -3.6282141093e-05 -8.9733240123e-04 -9.2418530786e-04 -4.5585095085e-05 -6.0716328222e-05 -2.8978478647e-04 -2.4687744486e-05  8.7436430124e-06 -2.4512442519e-05 -1.5621718518e-05 -1.3743336420e-05 -1.0705248974e-05  8.2803168119e-06 -1.2162389075e-04  8.8339274946e-06  1.7558364354e-05  2.3041246272e-05  2.0870649155e-05  3.7998600933e-05  3.2093050114e-05 -1.2744778965e-04 -8.3339905000e-06  7.1963400008e-04  8.1797370765e-04  2.3409413409e-04 -6.2020450662e-07 -3.4179846858e-06 -9.5340462773e-06  1.9203335164e-06 -4.8028325209e-06  3.4109091546e-06 -7.4107289913e-05  5.7838568805e-05  3.4045920939e-07 -6.8874810820e-06  2.5088116300e-06  1.3909747469e-05  6.1942824685e-06 -2.2460127904e-07 -2.0542725119e-06 -1.1656530581e-06  1.0127668296e-06 -2.1977143297e-07  6.4497356215e-06 -4.3685881886e-06 -5.5601978078e-06  1.6132820526e-06 -1.0812992178e-06  3.5767848617e-06  1.9275419445e-06  1.0439393459e-06  2.1095902138e-06  1.7439718621e-06  2.1481562219e-06  2.3418769991e-06 -2.4450619496e-05 -1.0082749681e-05 -2.2467779056e-05  8.6837768230e-06  2.2676837434e-06  1.8603809564e-05

JOB 13
COORDS  1.5031351532e+00 -1.3294670831e+00 -7.3515920017e-02  6.1436772883e-01 -4.5313323850e-01  5.4522261503e-01  2.3824179795e+00 -2.1392707790e+00  6.5207968648e-01  1.4541658122e+00 -1.1725467294e+00  2.6930292731e+00  5.7872600155e-01 -3.4643405759e-01  1.9558617139e+00  2.3316071713e+00 -2.0392295074e+00  2.0424785536e+00  4.3208134393e+00 -3.3242405100e+00  2.5794004770e+00 -1.3665738422e+00  1.1358672278e+00  1.8317772429e+00 -4.7503419704e-01  4.1370820260e-01  4.0329056329e+00  4.7383684993e+00 -4.1698469248e+00  3.5796243730e+00 -2.7486272017e-01  5.5091028881e-01  2.5977959660e+00  4.9427412130e+00 -3.0855766982e+00  1.5634423073e+00  3.0870446511e+00 -2.8301277147e+00  2.9171435168e+00  1.5114868046e+00 -1.3873706888e+00 -1.1590268286e+00 -4.4988850505e-02  1.4433306908e-01 -7.2131608860e-02  3.0755997009e+00 -2.8047560059e+00  1.5802270874e-01  1.4706763939e+00 -1.1650484501e+00  3.7753569280e+00 -1.9373284113e+00  1.8051180729e+00  2.4778296721e+00 -2.0543090145e+00  3.7976796988e-01  1.4208714241e+00 -9.8204227914e-01  1.7367303596e+00  1.0016366821e+00 -1.1647616732e+00  1.1877591394e+00  4.3737328855e+00  4.6661054059e-01  5.5817316375e-01  4.5724823844e+00 -8.8773078254e-01 -5.6790564426e-01  4.3163995421e+00  5.7240968455e+00 -4.3930143333e+00  3.5689018817e+00  4.2868442341e+00 -4.1002341932e+00  4.4819730457e+00
ENERGY -6.102600890296e+02
GRADIENT -2.1417755149e-05  2.5995012221e-05 -9.1448257163e-05  1.0827536141e-04 -7.5339858459e-05  7.0698127376e-05  5.1361997716e-04  6.4594364427e-04  3.8262775096e-05 -1.4187892690e-05 -3.9879869491e-05 -2.4863702189e-04 -1.7912009286e-04  7.7005261875e-05  6.2620878502e-05 -9.2644964539e-04 -1.2592005074e-03 -3.6862006390e-05 -2.9566832552e-04 -6.7525987524e-04 -2.8533565934e-04  4.5393989375e-06 -3.3345834563e-05 -2.4110803895e-05 -2.4440694272e-05  1.7454793419e-05  2.3548321148e-05 -1.2161787249e-04  9.1234549792e-06  1.1862431246e-04  5.5617594448e-06  9.1260999430e-05  4.2204674422e-05 -4.3169309938e-05  4.9572302776e-05 -9.1902101219e-05  1.0035512996e-03  1.1438072392e-03  4.5969247550e-04 -2.0172686045e-06 -1.9283629797e-06 -1.1929580235e-05 -2.3566813932e-06  4.7402873252e-06  1.8136135847e-05 -3.1657664469e-05 -5.7806880319e-06  3.0140174701e-05  1.0349294721e-05 -1.6658717625e-05 -5.9551661139e-05  9.8160388383e-06  2.0826323979e-06 -6.3291870469e-06 -1.7875176198e-07 -1.9775537001e-06  9.0345678517e-08  2.1862535482e-06 -6.1190058295e-07 -4.9374361689e-06  6.9694638908e-06  1.1409647620e-06  9.8473187430e-06 -1.3178813189e-05  7.0459973888e-06  8.4160924302e-06 -3.8889938444e-06 -2.2578359585e-06  5.4384799179e-06 -1.3865246618e-05 -2.6575249800e-06 -2.3075589067e-05  2.1264138644e-05  6.2059342465e-06  2.5259344145e-05

JOB 14
COORDS  2.0487832583e+00 -8.8663569308e-01  1.7096197540e-01  8.3101918508e-01 -4.8005350967e-01  7.1437533428e-01  3.1061671658e+00 -1.3277485331e+00  9.7078554133e-01  1.6957936608e+00 -9.3521423164e-01  2.9248212877e+00  6.2131591809e-01 -5.0755194906e-01  2.1134655420e+00  2.8976914994e+00 -1.3376902820e+00  2.3489718076e+00  5.1725424425e+00 -1.4697827780e+00  3.1294061801e+00 -1.5556199865e+00  5.8243441576e-01  1.8459743527e+00 -6.5787910127e-01  1.0490379977e-01  4.1101322002e+00  5.8839108025e+00 -2.0715627989e+00  4.1389227576e+00 -6.0073053061e-01 -1.3889782332e-01  2.6758613107e+00  5.6388013344e+00 -7.2092595815e-01  2.2950717487e+00  3.8500291103e+00 -1.8187370357e+00  3.2573649147e+00  2.1793733891e+00 -8.5396024102e-01 -9.0772158145e-01  4.9556367696e-02 -1.4189234072e-01  4.5241278518e-02  4.0551232033e+00 -1.6235036957e+00  5.4304922159e-01  1.6217703024e+00 -9.6696438596e-01  4.0043496703e+00 -2.4483484065e+00  7.9901403624e-01  2.4351786462e+00 -1.8698320014e+00 -2.7972386180e-02  9.9341321335e-01 -1.1549519222e+00  1.5334080200e+00  1.4605199685e+00 -1.6754187588e+00  3.8822150895e-01  4.3845903223e+00  2.5198525014e-02  9.0560373572e-01  4.4356947126e+00 -4.1214457452e-01 -8.0357095401e-01  4.6695306469e+00  6.8868416400e+00 -2.0789879565e+00  4.0156627866e+00  5.4651295706e+00 -2.8599185118e+00  4.6142050116e+00
ENERGY -6.102605024443e+02
GRADIENT -2.7906044115e-06  4.3587073559e-05 -3.2094250645e-04  2.8029568495e-04 -1.1964921560e-04  9.5244774021e-05  1.0412018871e-04  5.9747494445e-04  1.7469287957e-04 -4.0932555066e-05  1.3269823992e-05 -5.0757965572e-05 -9.5459565711e-05  1.5505203161e-06  1.7606008972e-04 -2.4530676127e-04 -1.1386984897e-03 -2.1202346341e-04 -1.7011643913e-04 -5.0282296824e-04 -3.6706733159e-04 -7.0455967955e-05  2.1028472591e-05  7.7110355444e-05 -1.4013825495e-06  3.9931222775e-06 -3.9547013131e-05  1.6013844390e-04  6.1491369680e-05 -1.0313251173e-04 -2.5664153033e-05  3.4410725289e-05 -5.0098590819e-05  1.4060962702e-04 -1.0041390588e-04  9.0425249939e-05 -1.0987439467e-04  1.0733689128e-03  4.9954117620e-04  1.4080941534e-05 -1.7052615151e-05 -4.5620320904e-05  6.6704403341e-05 -2.6924047809e-05  1.7135182693e-05 -2.1092517228e-06  2.4654091717e-05 -2.0655963669e-05 -1.8825194251e-06  1.9315011485e-06 -7.8025748008e-06 -1.2091074758e-05  9.9663496116e-06  3.5228660971e-06 -1.8055372699e-05  3.5099083890e-06  2.0518210284e-05 -1.7357055888e-06 -2.4119028483e-06 -2.3844213969e-06 -4.5167229804e-06  8.6388101084e-06 -7.0166854971e-06  2.5891954061e-06  2.9242162031e-06 -5.1621996016e-06  5.2895304520e-06 -1.7209855650e-07 -7.9288711894e-06  1.0634134557e-05  1.9122321427e-05 -1.1435037010e-05 -7.3011105025e-06  2.5465030609e-05 -1.3087575298e-05

JOB 15
COORDS  2.0287447912e+00 -9.4063670836e-01  1.4114440194e-01  8.2908669418e-01 -4.9830903665e-01  6.9834446740e-01  3.0725624577e+00 -1.4259239267e+00  9.3186217051e-01  1.6916000813e+00 -1.0046801272e+00  2.9000621383e+00  6.2728202363e-01 -5.3225204755e-01  2.0983268252e+00  2.8723342055e+00 -1.4410608919e+00  2.3099652978e+00  5.0902488784e+00 -1.4091484708e+00  3.1944854153e+00 -1.5135968079e+00  6.3086483238e-01  1.8532800540e+00 -6.1845104906e-01  1.0471389402e-01  4.1085278202e+00  5.8536089104e+00 -2.0542018721e+00  4.1370843332e+00 -5.7770154134e-01 -1.2757402291e-01  2.6715881429e+00  5.4534985935e+00 -4.7117543306e-01  2.5151568282e+00  3.8351754824e+00 -1.9710304509e+00  3.1816427975e+00  2.1526352606e+00 -9.0074250942e-01 -9.3801054049e-01  5.4950829785e-02 -1.2706286968e-01  3.8197530473e-02  4.0110385946e+00 -1.7541614976e+00  5.0074309739e-01  1.6235881312e+00 -1.0437325379e+00  3.9797868350e+00 -2.3946181870e+00  8.7290744467e-01  2.4500828424e+00 -1.8535738477e+00  3.7224765561e-02  9.9869334145e-01 -1.0839256901e+00  1.5706225989e+00  1.4716720563e+00 -1.6240507272e+00  4.2038741648e-01  4.3914426723e+00  9.3608548452e-02  8.7835242199e-01  4.4370676623e+00 -4.0120060148e-01 -8.1684294072e-01  4.6582138634e+00  6.8489331407e+00 -1.8924649123e+00  4.0709523744e+00  5.5492195054e+00 -2.9654713577e+00  4.4531889920e+00
ENERGY -6.102607225912e+02
GRADIENT -1.0536023871e-05  5.8668691666e-06  2.0398507799e-05 -2.3454017136e-06  1.3495666881e-06 -1.5757548185e-05  1.0647141323e-04  1.0851025151e-04  4.6727237243e-06 -6.8947662144e-06  1.1874443067e-05  5.0206525346e-05  2.8969378185e-05 -8.6906164201e-06  4.6453444326e-06 -1.1087881958e-04 -2.1527432402e-04 -1.0417561987e-04  3.0412657766e-05 -9.1526388600e-05 -9.5337578340e-05 -1.0488686336e-05  9.4226955988e-07  6.2842680913e-06  1.9018216428e-06 -1.4400266615e-07 -1.9996100912e-06 -4.4762157100e-06 -2.3342590172e-06 -3.5900353690e-05  8.2123294416e-06  4.8813592087e-06 -1.6633711052e-05  6.5801667151e-06  1.1523721262e-05 -6.7405258122e-06 -4.0562369922e-05  2.1295324869e-04  1.5036931230e-04 -2.9936847482e-07 -3.9047246774e-06  9.8245926405e-07 -2.9815448206e-06 -1.9946208573e-06 -7.4413157006e-07  6.6441742523e-06  5.3867776713e-06 -8.6372995922e-06 -4.3782860907e-06  6.9310829025e-06  8.1592801756e-06 -1.5633893470e-06  2.8854719907e-06  4.3491293891e-07 -6.0522272086e-06 -2.9291475218e-06  2.5002986847e-06 -2.5329680151e-06 -2.5516816089e-06 -4.3184243305e-06  2.3320937118e-07  5.0798298955e-06 -2.2930209211e-06  2.3393960006e-07  3.5152317234e-06 -3.0613769336e-06  2.8321986890e-06  2.7138005997e-06 -8.9831232922e-07 -3.8085132629e-06  2.4074706132e-05  2.5809341283e-06  4.0883819668e-06  1.5379928007e-05  5.3045365172e-07

JOB 16
COORDS  1.9934874581e+00 -9.8075411415e-01  8.8862931451e-02  8.1515716272e-01 -5.1144889845e-01  6.6881822176e-01  3.0370701171e+00 -1.4911798277e+00  8.6408178833e-01  1.7009701708e+00 -1.0448279184e+00  2.8563459003e+00  6.3623565614e-01 -5.4339996011e-01  2.0723533946e+00  2.8596822343e+00 -1.5054625425e+00  2.2442869972e+00  4.9893618125e+00 -1.3231795395e+00  3.2764672625e+00 -1.4789874785e+00  6.7382643226e-01  1.8657027010e+00 -5.6059472533e-01  1.1494834124e-01  4.1046623939e+00  5.8109474544e+00 -2.0016607027e+00  4.1446160406e+00 -5.4772175925e-01 -1.0929485230e-01  2.6658107842e+00  5.2161303921e+00 -2.3257360901e-01  2.7946100001e+00  3.8450182804e+00 -2.0594940442e+00  3.0776173522e+00  2.0993864863e+00 -9.4166786795e-01 -9.9222754995e-01  3.8547877398e-02 -1.2026940648e-01  2.3219810501e-02  3.9611631332e+00 -1.8466459259e+00  4.2123668736e-01  1.6498368239e+00 -1.0836590695e+00  3.9370474736e+00 -2.3419187355e+00  9.3821567595e-01  2.4791486776e+00 -1.8503949386e+00  9.0160118906e-02  1.0172671949e+00 -1.0321038415e+00  1.6024030910e+00  1.4767935107e+00 -1.5528472736e+00  4.5600424068e-01  4.4045839046e+00  1.7714551978e-01  8.6681501399e-01  4.4265289860e+00 -3.6025967456e-01 -8.1570395073e-01  4.6454398057e+00  6.7686246729e+00 -1.6797997517e+00  4.1703738845e+00  5.6513852216e+00 -2.9927509613e+00  4.2695125126e+00
ENERGY -6.102607497068e+02
GRADIENT  6.0254168543e-05 -2.4669752128e-05 -1.9635297665e-04 -5.0107719146e-05  2.4125740746e-05  8.4311142350e-06 -2.5948788677e-04  8.7162378929e-05  6.1966638330e-05 -4.8465159024e-05 -4.0560887262e-05  9.8680602616e-05  1.4211370459e-04 -6.7228989564e-05 -2.0843396609e-05  1.0056728856e-04  2.6979375763e-05  1.5162578326e-05  7.1682319689e-05 -2.0178593386e-05 -5.4061415727e-05 -6.3369272884e-05  1.4937650239e-05  4.3013599127e-05  4.1243369440e-05 -1.5890034508e-05 -3.0769682518e-05 -2.9031946096e-05 -2.3608251005e-05  4.4336819206e-05  8.0883610868e-05 -7.2463556403e-07 -9.1789779256e-05 -3.5255423052e-05  4.1929177023e-05  2.3660996498e-05 -2.7325951668e-05  1.3533304834e-05  1.5460559408e-04 -1.8043217987e-05  1.0959330739e-05 -2.0421913910e-05  2.5459917334e-05 -1.3689956204e-05 -2.1982497214e-05 -4.0374274494e-05  2.9779479328e-06  6.7344764544e-06 -7.1765840665e-06 -1.4901851666e-06  4.6090049226e-05 -4.8154814410e-06  1.2062152354e-05  3.2143702328e-06 -9.3569166529e-06  1.0708477106e-06  1.2107115853e-05 -5.5025239593e-07 -5.9564032512e-06 -1.2010006908e-06 -2.4833243548e-06  1.9308535489e-06 -6.9391813159e-06 -2.0445689697e-06  1.6185079882e-06  5.4594176579e-08  1.6265354304e-05 -9.7821941569e-06 -5.6617521433e-06 -8.3278851269e-07 -4.8724063304e-06 -2.5452456109e-06  8.7023004868e-06 -1.6513703805e-05 -8.1424461017e-06

JOB 17
COORDS  1.9624921377e+00 -1.0230072201e+00  4.5713336152e-02  8.0443869846e-01 -5.3491990927e-01  6.4943340460e-01  3.0157024790e+00 -1.5451022602e+00  8.0099301534e-01  1.7260459320e+00 -1.0794395603e+00  2.8192961494e+00  6.5446303090e-01 -5.6023965815e-01  2.0570389540e+00  2.8648504520e+00 -1.5567963628e+00  2.1837889213e+00  4.8765052233e+00 -1.2748767234e+00  3.3995554572e+00 -1.4425361527e+00  6.9343377893e-01  1.8903897447e+00 -4.8576769521e-01  1.2719215820e-01  4.1119644862e+00  5.7561753330e+00 -1.9781909619e+00  4.1877178459e+00 -5.0832790246e-01 -1.0295313163e-01  2.6737807772e+00  4.9446062179e+00 -8.9764659642e-02  3.1464418747e+00  3.8768824406e+00 -2.1201421047e+00  2.9794364340e+00  2.0455204429e+00 -9.8844452178e-01 -1.0375311391e+00  2.0382866145e-02 -1.3306230279e-01  1.9558551257e-02  3.9251629731e+00 -1.9191611723e+00  3.4246293875e-01  1.6963716226e+00 -1.1131964649e+00  3.9008925135e+00 -2.2874649564e+00  9.7507668525e-01  2.5209432358e+00 -1.8421917691e+00  1.1325705451e-01  1.0524499987e+00 -9.8785254206e-01  1.6126106348e+00  1.4884721825e+00 -1.4634785706e+00  4.9196090236e-01  4.4309919060e+00  2.7564291757e-01  8.6311329917e-01  4.4142720666e+00 -2.9531289763e-01 -8.0570271710e-01  4.6524937775e+00  6.6473909737e+00 -1.5274612241e+00  4.3428875551e+00  5.7552411451e+00 -2.9869325755e+00  4.1111306620e+00
ENERGY -6.102608264473e+02
GRADIENT  2.7234209670e-06 -1.2756176296e-05  3.6977366289e-05 -1.5656262852e-05  7.2429471310e-06 -1.3906222767e-05  9.8178437019e-05  2.0970577063e-04 -3.1717788352e-05  3.5518769178e-05 -7.4314491174e-06 -3.0708870591e-05  6.0763047209e-06 -7.0269211319e-06  1.4356018543e-05 -6.9167636876e-05 -2.8358911429e-04 -9.0740878571e-05  1.8231898306e-04  1.5057059340e-06 -1.8638176411e-04 -2.1432033961e-05  2.0389705273e-05  1.7961261123e-05  3.0644060969e-06 -1.7668653329e-06 -5.3323899961e-06 -4.0082581258e-05 -7.5530088859e-05  1.1683771704e-05 -7.5741085749e-06 -1.1526485444e-05 -3.2471255511e-05 -9.3254357248e-05  1.1364311389e-05 -5.4163125975e-05 -8.2170009337e-05  1.7212606630e-04  3.1300366973e-04 -5.3076590912e-06  2.2708061813e-06  1.5554295686e-06  5.0513648769e-08 -3.5611462721e-06  1.2800375922e-06 -6.3312447526e-07 -8.7529861637e-06  4.5691353402e-06 -1.9434129841e-06  1.9375238652e-07  7.3267265603e-06  2.6830071956e-07  3.8075969257e-06  2.5243704274e-06 -8.7482680088e-06 -6.4193249407e-07  9.4463469238e-06  1.0167554698e-06 -5.6478538765e-06 -2.5455691651e-06  4.8675735373e-06  4.8205990088e-06 -1.7204652974e-06  2.2524938433e-06  2.5133744216e-06  2.8683038230e-07  5.1540297411e-06 -5.5407584451e-06 -1.9558910087e-06 -1.0928513198e-06  1.2108759203e-06 -2.2154506563e-05  6.1338764420e-06 -8.4581568163e-06  2.8591298972e-06

JOB 18
COORDS  1.9206730151e+00 -1.0581642953e+00 -1.2752435436e-02  7.8196048719e-01 -5.6049634604e-01  6.1847569813e-01  2.9955869954e+00 -1.5726719744e+00  7.1772958619e-01  1.7638125642e+00 -1.0868207539e+00  2.7668020556e+00  6.7371039962e-01 -5.7014743383e-01  2.0305159625e+00  2.8845133094e+00 -1.5715288992e+00  2.1042953491e+00  4.7756868340e+00 -1.2630913113e+00  3.5031590162e+00 -1.4190788688e+00  6.9562579940e-01  1.9126799447e+00 -4.0360017576e-01  1.4104805998e-01  4.1112149546e+00  5.7002612371e+00 -1.9875020323e+00  4.2172863146e+00 -4.6847077766e-01 -1.0079149122e-01  2.6760300229e+00  4.6936654097e+00 -5.2200294741e-02  3.4762790313e+00  3.9290449839e+00 -2.1326904101e+00  2.8573567395e+00  1.9722996767e+00 -1.0366176367e+00 -1.0982843682e+00 -1.9275595023e-02 -1.6328705149e-01  7.5601771706e-03  3.8906158591e+00 -1.9554808599e+00  2.3833386999e-01  1.7635223900e+00 -1.1051134238e+00  3.8488263492e+00 -2.2432905040e+00  9.8937421169e-01  2.5647662300e+00 -1.8473014069e+00  1.1140699880e-01  1.0917983621e+00 -9.6936307122e-01  1.6077528905e+00  1.4896338001e+00 -1.3696880859e+00  5.1470838005e-01  4.4544971546e+00  3.7104700592e-01  8.7386060886e-01  4.3854573311e+00 -2.0420055646e-01 -7.8876635959e-01  4.6537878746e+00  6.5115180795e+00 -1.4665037486e+00  4.5205042223e+00  5.8423333445e+00 -2.9553077303e+00  3.9590996075e+00
ENERGY -6.102609869972e+02
GRADIENT -1.8154370109e-05  7.6609769617e-06  1.9569981345e-04 -9.7148097474e-05  3.6699259393e-05 -1.0413383433e-04  2.0324281898e-04  2.4742677244e-04  1.7017946692e-05 -3.5000036401e-05  3.1437908637e-05 -2.1813664980e-04 -7.4054976762e-05  4.1883815811e-05  5.6912344985e-05 -5.0433423764e-05 -4.5930058626e-04 -1.0861797361e-04  1.9899108323e-04  6.0407512819e-06 -1.0700726020e-04  2.7959321421e-08 -1.2382920168e-06  7.4467979043e-06 -7.2592800430e-06 -2.2238210300e-05 -1.9201194038e-05  5.6937748346e-06 -1.1032827263e-04 -3.6240322355e-05 -1.9177697826e-05  4.4350251400e-05  3.5112897900e-06 -9.2599607487e-05  4.7922835203e-05 -1.2124326635e-04 -4.2579104852e-05  1.3020599839e-04  3.6999965927e-04 -3.3361248016e-06  1.6667129932e-06  1.7737096344e-05 -1.1039536111e-05  3.3778764278e-06  1.1641072044e-05  1.7911509333e-05 -7.7735045761e-06  1.4777174761e-05  6.4659701389e-06 -7.3355496245e-06 -3.1464311791e-05 -1.8239722101e-06  8.4914288952e-06  1.3827885905e-06 -5.0391763229e-06  3.2975002234e-06  1.7649493457e-07  4.4339775497e-06 -5.9494367929e-06  4.0783820461e-07 -7.9097912044e-06 -1.3108056641e-05  1.1204515972e-06 -6.3920252342e-06  5.7473396419e-06 -8.9065257882e-06  7.4438053605e-06  4.1376155072e-06 -7.5546857339e-06 -1.0624413763e-05 -3.9632102708e-06 -1.3640341876e-05  8.1632701004e-06 -1.8457808763e-05  5.8876926925e-06

JOB 19
COORDS  1.8804041535e+00 -1.0874650163e+00 -5.8657349537e-02  7.5683716352e-01 -5.8917683454e-01  5.9866488290e-01  2.9811581008e+00 -1.5792416645e+00  6.4807493316e-01  1.8057598429e+00 -1.0759823517e+00  2.7266958896e+00  6.9225855090e-01 -5.7782655411e-01  2.0132921242e+00  2.9122259014e+00 -1.5585473142e+00  2.0382756076e+00  4.6931011641e+00 -1.2984308785e+00  3.6045446409e+00 -1.4163428067e+00  6.6446531230e-01  1.9388637126e+00 -3.2093202310e-01  1.6892648020e-01  4.1138706294e+00  5.6735348034e+00 -2.0422933840e+00  4.2159197362e+00 -4.3229842873e-01 -1.0508716489e-01  2.6867867308e+00  4.4601280847e+00 -1.2648078027e-01  3.8208710131e+00  3.9925812289e+00 -2.1095011014e+00  2.7438358003e+00  1.9000282116e+00 -1.0837495535e+00 -1.1454491257e+00 -6.5621292399e-02 -2.0756874161e-01  6.3506214264e-03  3.8648168240e+00 -1.9634238755e+00  1.4914589157e-01  1.8332350567e+00 -1.0728098297e+00  3.8076066466e+00 -2.2236723515e+00  9.6050720945e-01  2.6107286603e+00 -1.8622826724e+00  5.9009733794e-02  1.1431606945e+00 -9.9233760818e-01  1.5738730845e+00  1.4842447462e+00 -1.2734505490e+00  5.5712432436e-01  4.4781808258e+00  4.6667500493e-01  9.0195915613e-01  4.3461947843e+00 -1.1009469276e-01 -7.4931971739e-01  4.6718291219e+00  6.3967676928e+00 -1.5052796430e+00  4.6742526626e+00  5.9486225931e+00 -2.9122404485e+00  3.7790063178e+00
ENERGY -6.102611789473e+02
GRADIENT  8.7008172793e-07  6.7700980795e-06  4.4597696869e-05 -1.2850023217e-05  2.9491969412e-06 -1.3005028656e-05  1.7774312770e-04  2.3691267521e-04  5.7620522213e-07 -5.3054165642e-06  1.1798102825e-05  1.2228826986e-05 -1.7072365595e-06  9.6588479281e-06 -7.0764529755e-07 -1.5062685976e-04 -3.4456650423e-04 -1.0602552888e-04  3.4751178691e-04  1.3291665560e-04 -3.6013538394e-04  4.1645677777e-06 -7.8337283901e-06 -7.8207887293e-06 -9.1778440891e-06 -9.3762457109e-06 -7.7877952810e-07 -3.0475730839e-05 -1.1277321986e-05  4.1942092315e-05  1.4411260254e-05  2.3421255412e-05  6.6874971189e-06 -6.3986257609e-05 -1.9101359568e-05  5.8864991814e-05 -2.2362973480e-04  1.2288562871e-05  3.3865031445e-04  5.7793350455e-06 -1.6210608273e-06  6.9076086039e-06 -1.1006626344e-06  1.1651028127e-06  5.5902238866e-07  7.6106464184e-06  9.4570724205e-07  1.6003317698e-06 -1.6179321792e-08  4.0388181063e-06 -3.8964591826e-06  3.3060815850e-06  3.0084078976e-06 -1.9249808291e-06  9.0813826277e-07 -1.7621844086e-07 -1.8474938791e-06  2.2921748072e-06 -9.8060868449e-07 -3.6454658762e-06  5.2444465883e-07  4.1015251574e-06 -6.1040946624e-07  1.9488621933e-07  4.5600868192e-06 -1.2726780289e-07 -4.1211528674e-07  6.6347664612e-06  1.7783481471e-06 -8.4167915904e-06  5.4559699971e-06  1.3027749829e-05 -7.9142979508e-06  7.2208789890e-06  1.1713457849e-05

JOB 20
COORDS  1.8677834197e+00 -1.1053570834e+00 -8.6499002540e-02  7.5032881560e-01 -6.0831373757e-01  5.8255317895e-01  2.9928699467e+00 -1.5582452388e+00  6.0597311890e-01  1.8585849105e+00 -1.0190727256e+00  2.6995633231e+00  7.1975634469e-01 -5.6232413927e-01  1.9970969744e+00  2.9597600668e+00 -1.4971948080e+00  1.9980107096e+00  4.6490507085e+00 -1.3428419100e+00  3.7046210975e+00 -1.4191763273e+00  6.2818750898e-01  1.9427854539e+00 -2.6146668379e-01  2.1370155907e-01  4.1036353725e+00  5.6696962064e+00 -2.1045565297e+00  4.2202497640e+00 -3.9792472068e-01 -9.5738025493e-02  2.6858263380e+00  4.3023209839e+00 -2.5782363353e-01  4.1274812364e+00  4.0738728334e+00 -2.0273990993e+00  2.6626404531e+00  1.8624169934e+00 -1.1326319137e+00 -1.1731130652e+00 -9.2550607210e-02 -2.5746498381e-01  7.6444909420e-05  3.8700325142e+00 -1.9440094509e+00  9.6918635256e-02  1.9047214083e+00 -9.8318525383e-01  3.7777669323e+00 -2.2173238521e+00  9.2213619888e-01  2.6264281407e+00 -1.8686626578e+00 -9.4738346639e-03  1.1746027884e+00 -1.0300837613e+00  1.5353471891e+00  1.4536160766e+00 -1.2127097926e+00  5.9470230498e-01  4.4786868566e+00  5.1842277396e-01  9.6446904653e-01  4.3020332015e+00 -2.3021580797e-02 -6.8712304687e-01  4.6786146051e+00  6.3180455337e+00 -1.6078145132e+00  4.8155432391e+00  6.0430843548e+00 -2.8486012467e+00  3.6455301510e+00
ENERGY -6.102611830079e+02
GRADIENT  2.7373573183e-05 -3.8057349930e-05  4.2967969844e-04 -9.5899677881e-05  5.5886627987e-05 -4.4903109092e-05  2.5416392065e-04 -3.8506511918e-04 -3.0138260028e-04  1.2190257602e-04 -5.4650603679e-05  3.3886490038e-05 -6.7011805961e-05 -4.8344979389e-05 -4.2416084284e-05 -7.0710567892e-05  4.8121358308e-04 -5.2012382427e-05 -5.3026093087e-04 -3.2257397980e-04  3.8798419832e-04  1.8623177047e-05 -5.4506650452e-06 -1.4942392332e-05 -2.5957190301e-05 -5.3332644206e-06 -9.0346146468e-06  4.2690879536e-05  1.1434193120e-04 -9.3705315012e-05 -2.6967480335e-05  4.2965652610e-05  6.8311418637e-05  1.4048302373e-04  9.0128005774e-05 -6.5539809419e-05  1.2441992718e-04  8.0732844022e-05 -3.8582337672e-04  1.6502011812e-05 -4.3735138926e-06  4.3297091363e-05 -2.4296601728e-05  1.5963476385e-05  1.7469692353e-05  5.2858515900e-05 -2.4772264186e-05 -1.8478533191e-05 -1.3390819456e-05  2.0681050998e-05  2.1420661041e-05  3.0621739812e-07 -3.2363914384e-06 -2.1284632472e-06 -3.5216810492e-06  1.6128648239e-06 -3.7851985810e-06 -3.8046857615e-06  1.6800917160e-06 -4.8235810298e-06 -3.2158520480e-06 -5.7674421922e-06  1.5975461402e-06 -6.9801338044e-06  1.0444363809e-05  1.1116921115e-06  8.7382319207e-07  9.7652346015e-07 -3.3525852116e-06  3.7875705902e-06  6.4776952870e-06 -1.9281029739e-05  2.0307274389e-06 -9.2962451540e-06 -5.9495409888e-06

JOB 21
COORDS  1.8579040237e+00 -1.1215801209e+00 -1.0372338051e-01  7.4152237896e-01 -6.2781811168e-01  5.7007065025e-01  3.0007681833e+00 -1.5305758118e+00  5.8453781496e-01  1.8952216705e+00 -9.5116219235e-01  2.6828750544e+00  7.3550447758e-01 -5.4288649967e-01  1.9824317175e+00  2.9958323748e+00 -1.4263832312e+00  1.9763982266e+00  4.6153576861e+00 -1.4075775348e+00  3.7861483446e+00 -1.4331626606e+00  5.9381783854e-01  1.9342548878e+00 -2.3153182354e-01  2.6247298794e-01  4.0859491183e+00  5.6917951724e+00 -2.1599467034e+00  4.1900890563e+00 -3.8055282404e-01 -8.2825476973e-02  2.6776628832e+00  4.1510354339e+00 -4.6885505542e-01  4.4041462065e+00  4.1490717586e+00 -1.9167070504e+00  2.6024009966e+00  1.8364486164e+00 -1.1827886116e+00 -1.1887976651e+00 -1.1847151175e-01 -3.1176638642e-01 -7.1643051487e-03  3.8761878958e+00 -1.9159184074e+00  7.2298273156e-02  1.9541455929e+00 -8.7741464627e-01  3.7566864416e+00 -2.2254537095e+00  8.8834409339e-01  2.6244155588e+00 -1.8809231597e+00 -7.6516845741e-02  1.1932523247e+00 -1.0759020120e+00  1.4955209841e+00  1.4117862170e+00 -1.1872685658e+00  6.2626666526e-01  4.4666733216e+00  5.3039955762e-01  1.0382784428e+00  4.2556485832e+00  4.0704316007e-02 -6.1758060052e-01  4.6775141392e+00  6.2658883669e+00 -1.7385636880e+00  4.9072654568e+00  6.1559339060e+00 -2.7359697959e+00  3.5002336040e+00
ENERGY -6.102609098015e+02
GRADIENT -1.6247832342e-06 -3.9270172979e-05 -3.6832686529e-04  2.2289105182e-04 -7.3204656987e-05  1.7522429376e-04 -3.9059079824e-04 -5.4257516374e-04  1.3637535181e-04 -1.2301885968e-05 -8.8926432156e-06  2.6138182673e-04 -8.6911772676e-06 -5.8756215258e-05 -2.0029569246e-06  9.7849912280e-05  7.1631090187e-04  4.3407499553e-05 -2.3171630148e-04 -3.4408180781e-04  3.2257371603e-04 -1.1220259134e-05  1.5860871005e-05  2.5781896914e-05  2.4532367256e-06 -1.1220833518e-05 -1.4410809945e-05 -2.7249576644e-05 -5.2366562517e-05 -6.9528438947e-05  5.6312599163e-05  2.6997017105e-05 -1.7805730615e-05 -8.3169402508e-05  5.6363093097e-06  2.8989513230e-05  3.9352101256e-04  4.0741439446e-04 -4.2539601306e-04  4.9275016367e-06 -5.3542185344e-06 -3.4569543188e-05  4.4547156962e-05 -1.7678614376e-05 -1.3218419530e-05 -2.7153661849e-05  5.0937462112e-06 -2.4173010648e-05 -2.3357403911e-05  1.5434043858e-05  2.4429261479e-05 -7.4497273738e-06  2.0172331222e-06  2.1388620687e-06 -2.5843390281e-06  4.4951202530e-07  7.3664897163e-06 -1.9795898443e-06  2.1033050759e-07  3.5900507366e-06 -1.2600488626e-05 -9.5626420779e-06  1.4178279531e-06 -1.3314386116e-05  1.3296610765e-05  4.0699151599e-07  1.6650220719e-05  5.9539426650e-06 -9.2853023322e-06 -3.1750160958e-05  4.9149700856e-06  7.8779161702e-06  7.0369553934e-06 -3.4175608826e-06  9.2691024639e-06

JOB 22
COORDS  1.8410333212e+00 -1.1424866817e+00 -9.9142051798e-02  7.2287640932e-01 -6.4763875372e-01  5.7180492732e-01  2.9972842672e+00 -1.5141865862e+00  5.8579041396e-01  1.9103448929e+00 -8.8732946000e-01  2.6802517811e+00  7.3462656764e-01 -5.2249539953e-01  1.9802267587e+00  3.0097003577e+00 -1.3705091675e+00  1.9758622814e+00  4.5732594703e+00 -1.5058356228e+00  3.8542647700e+00 -1.4558652747e+00  5.7039908924e-01  1.9298614857e+00 -2.1974995693e-01  3.2602288577e-01  4.0735569042e+00  5.7321274822e+00 -2.1880128915e+00  4.1380315282e+00 -3.8033481899e-01 -6.3529609179e-02  2.6779450827e+00  3.9860720132e+00 -7.8529564111e-01  4.6400407504e+00  4.1995653675e+00 -1.8049572508e+00  2.5732386236e+00  1.8091865286e+00 -1.2357765228e+00 -1.1816734345e+00 -1.4901368728e-01 -3.6314801259e-01 -3.9852954882e-03  3.8720766826e+00 -1.9010561221e+00  7.3673450718e-02  1.9798631083e+00 -7.8049614330e-01  3.7493217318e+00 -2.2458341467e+00  8.6723733428e-01  2.6216920436e+00 -1.8981113473e+00 -1.2930314580e-01  1.2131336845e+00 -1.1241599170e+00  1.4646125176e+00  1.3783222648e+00 -1.1779998137e+00  6.8038326867e-01  4.4568634383e+00  5.2678716258e-01  1.1232619459e+00  4.2096875869e+00  8.0901246523e-02 -5.2949487133e-01  4.6865560913e+00  6.2354823062e+00 -1.8612849779e+00  4.9512555809e+00  6.2767046812e+00 -2.5462582856e+00  3.3646997589e+00
ENERGY -6.102605717408e+02
GRADIENT  4.4091061573e-06 -2.6263126003e-06  8.9623141209e-05 -3.8950767887e-05  1.4336227942e-05  8.5543624981e-06 -1.0366750033e-04 -4.5152285079e-04 -5.9228794579e-06  1.9059157408e-05 -8.3780739023e-06  2.4538239595e-05  2.1443650261e-05  2.6772151788e-05 -4.5678694168e-05  5.5397975423e-05  3.2860263892e-04  1.1238952383e-05 -2.4414603017e-04 -4.1914487427e-04  1.4650473668e-04  1.5801826900e-05  1.1393838050e-05 -2.0281861765e-05  1.5049817616e-05  5.0047495845e-05  1.1300061685e-05 -2.8682143971e-05 -1.5341480711e-05  3.6766032809e-05 -4.5287724131e-05 -8.7920245535e-05  3.1980166702e-05  3.9966526124e-06 -6.1631307244e-06 -4.5240040486e-06  2.9788612889e-04  5.4901314774e-04 -3.0129391954e-04 -1.9791518372e-06 -4.7506433162e-06  1.2675055046e-05 -2.1904352524e-05  5.5886827807e-06  2.7061151325e-06  9.2156059180e-06 -1.1031466393e-05 -8.2418755207e-06  1.0667403399e-06  7.5563896520e-06  4.2796158159e-06 -5.6938568284e-07 -8.7616073727e-06  1.5456093517e-07  6.7978255064e-06  6.4076253766e-07 -4.9162121505e-06 -2.4765207918e-06  7.5563988174e-06  3.9487215874e-06  7.8082625315e-06  1.5089235626e-05  2.6334828738e-07  9.2171448742e-06 -4.0704143055e-06  4.8610139556e-08 -1.0317425449e-05  2.3833130549e-06  6.8895093476e-06  1.1367473801e-05  8.0852712946e-06 -1.4127643530e-05 -7.0935831176e-06 -9.5486027156e-06 -8.3424234213e-06

JOB 23
COORDS  1.3608456334e+00 -1.0393123012e+00 -4.4322981265e-01  3.3851848514e-01 -5.2330735284e-01  3.5319783925e-01  2.6385735625e+00 -1.2649938508e+00  6.6264851007e-02  1.8756288973e+00 -4.4954807491e-01  2.2376496571e+00  5.8425115978e-01 -2.0583097196e-01  1.7087448816e+00  2.8713836554e+00 -9.6523609388e-01  1.4120250875e+00  4.6751941320e+00 -1.0403697768e+00  3.0772257454e+00 -1.7851815411e+00  3.1182530498e-01  2.0474440119e+00 -1.9328618558e-01  3.9550196845e-01  3.9564158228e+00  6.0173529486e+00 -1.3360940143e+00  3.0685571593e+00 -4.0775193974e-01  3.4560310153e-01  2.5158530081e+00  4.0654734080e+00 -6.4046557428e-01  4.0524676026e+00  4.1832470835e+00 -1.2401022325e+00  1.8183197691e+00  1.1530850387e+00 -1.2729452220e+00 -1.4843243555e+00 -6.3980528309e-01 -3.7045255493e-01 -8.5178160872e-02  3.4403828016e+00 -1.6661928118e+00 -5.4466637592e-01  2.1065601791e+00 -2.4555492937e-01  3.2687383731e+00 -2.4288033599e+00  7.7757003262e-01  2.7954982660e+00 -2.1498220975e+00 -7.1180851890e-01  1.8660336218e+00 -1.8972636057e+00  8.8412166840e-01  1.1206012387e+00 -1.0619839108e+00  8.5599312738e-01  4.4299111625e+00  6.7745614726e-01  1.0115503211e+00  4.2009372959e+00 -4.2702250229e-02 -6.0101744509e-01  4.3997330767e+00  6.4366100695e+00 -1.4628275506e+00  3.9792788410e+00  6.3811629457e+00 -1.8894757237e+00  2.3043109146e+00
ENERGY -6.102604060942e+02
GRADIENT  4.6149315583e-06 -2.6324003630e-07  1.6397733143e-06 -1.4610600496e-05  3.6650409783e-07  2.1697404367e-06  1.4346931699e-05  8.0035620366e-05 -2.0777463023e-05  1.0047004595e-05  1.4430938949e-06 -6.2389741538e-06  1.3851792045e-06  1.3207847062e-05 -1.0826561222e-05 -2.9509166239e-05 -4.8971403195e-05  1.9835954492e-05  1.6560525230e-05  5.4542332637e-05 -1.6894080714e-05  3.2642826370e-06  3.2890126867e-06  7.1532279616e-06  5.9223286506e-07 -1.1776394197e-05 -7.4253838829e-07  1.0602679340e-05 -6.5082936848e-07 -1.1033639818e-05 -4.0365939507e-06 -9.0807442392e-06  1.9990412254e-06  1.2600061123e-05  1.1694299115e-05  1.1679581012e-06  3.6846177914e-06 -1.0298988887e-04  3.7402182066e-05 -2.6461407396e-06  4.0272653916e-06 -7.0773453274e-08 -2.1096239797e-06  1.2910337990e-06  6.5799738690e-08 -6.7143368991e-07  4.0487050370e-06 -1.2573319039e-06 -5.1724266723e-07 -3.3616252889e-06 -8.8830423929e-06 -8.2004449311e-07  1.7071020918e-06  3.9251909308e-06 -2.3799447272e-06 -2.2203155567e-06  6.7450261568e-06  3.1538388217e-06 -3.6980462001e-06  8.9760047223e-07  6.3407738148e-07  3.5621408020e-06  4.2326322918e-07 -2.1641443110e-06 -5.7154160920e-06  1.9730933749e-06 -1.7572072247e-06 -3.8312679455e-06 -5.5722780183e-07 -1.3073676645e-05  3.9244943483e-06 -1.8066198466e-06 -3.0237095774e-06  6.8962504076e-06 -3.3312655176e-06

