JOB 0
COORDS  1.7966645074e+00 -1.1204536724e+00 -1.6276182745e-01  7.4100689177e-01 -5.1100506711e-01  5.1612932613e-01  2.8648781333e+00 -1.7037708136e+00  5.2310201100e-01  1.8344957045e+00 -1.0522518695e+00  2.6170283643e+00  7.6506531552e-01 -4.8256400474e-01  1.9178786007e+00  2.8867748425e+00 -1.6699158789e+00  1.9294911836e+00 -3.1734721935e-01  1.4888183224e-01  2.7166461992e+00  5.1788714735e+00 -2.6357409838e+00  2.2757561321e+00  6.0136810106e+00 -3.0190942866e+00  3.3281525145e+00  3.9221726204e+00 -2.2357232358e+00  2.7024182648e+00 -3.4482423765e-01  2.0858486199e-01  3.9347044578e+00  5.5260451882e+00 -2.7111347202e+00  1.1022834170e+00 -1.3129435207e+00  6.7478466068e-01  1.9509921002e+00  1.7918645863e+00 -1.1517668535e+00 -1.2489465053e+00 -8.7469544908e-02 -6.5272670591e-02 -2.2502982045e-02  3.6784175860e+00 -2.1761426788e+00 -1.0562960306e-02  1.8261999449e+00 -1.0023887379e+00  3.7029753941e+00  6.9667285970e+00 -3.1581764170e+00  3.0127053316e+00  5.9512280120e+00 -2.4938459231e+00  4.1932331033e+00  3.7313948714e+00 -2.3032095596e+00  3.6938867527e+00 -1.9563700466e+00  1.0557485917e+00  2.5782791404e+00
ENERGY -6.450137055975e+02
GRADIENT  3.0376082281e-05  4.5152720979e-07 -6.5732477067e-05  2.2249360443e-05 -1.5717802221e-05  2.4341699851e-05 -1.4340502894e-04  9.3732630685e-06  7.3993243783e-05  4.1067707872e-04  7.5093914199e-04 -2.0961726788e-04 -5.4820212579e-05  4.5618170522e-05  5.3013158256e-05 -2.7257309574e-04 -6.0123513623e-04  2.3178294617e-04 -3.7441257156e-05  8.2052330058e-06 -1.6019011204e-05  3.1886644789e-04  8.7674595511e-04  1.4140775250e-04 -1.3205775162e-05  2.5282393243e-06  1.5753884612e-05 -2.0604940308e-04 -1.0352109004e-03 -2.0710404969e-04  2.1613620812e-05 -4.6599419841e-06 -3.1227983468e-06 -7.6185687894e-06  1.7138492132e-05 -1.9072196547e-05 -1.5885880570e-05  1.6441150547e-05 -2.5611523692e-06 -9.1400671656e-06 -1.1687249109e-06 -7.8701797346e-06  7.0050876180e-06 -1.0536458808e-06  3.1747719862e-06  1.2822564287e-05  1.0800049611e-05  1.6140353036e-05  1.2187690778e-05  9.8870144403e-06 -2.4795907891e-05 -4.2272583056e-06 -2.8689076937e-06  3.3425201736e-07 -1.5818071861e-06  4.5649522397e-06 -2.3835884649e-07 -6.5872269233e-05 -7.4561222723e-05 -1.2452211183e-05 -2.4207430996e-07  4.9996874977e-06 -5.2337397160e-06

JOB 1
COORDS  1.8166613601e+00 -9.2834626032e-01 -1.2620038525e-01  7.4146595282e-01 -3.9716524056e-01  5.8407571114e-01  2.8904607508e+00 -1.5274431104e+00  5.3845114443e-01  1.8291009990e+00 -1.0434358812e+00  2.6609575644e+00  7.4755947889e-01 -4.6819548920e-01  1.9845198606e+00  2.9129903611e+00 -1.5717017072e+00  1.9438490044e+00 -4.1636808433e-01  9.6577855851e-02  2.7205402698e+00  5.3166205012e+00 -2.2918307936e+00  2.3894486357e+00  5.7865541939e+00 -1.5804966819e+00  1.2937077621e+00  3.9585937777e+00 -2.1823593708e+00  2.6676081233e+00 -1.3791334137e+00  6.2926817837e-01  2.1985574629e+00  6.0407543303e+00 -3.0000905881e+00  3.0821125627e+00 -3.1169830250e-01 -3.7213838056e-02  4.0722138001e+00  1.8156823086e+00 -9.0045521393e-01 -1.2123981338e+00 -1.0351927694e-01  6.0614044996e-02  8.0860838567e-02  3.6967877275e+00 -1.9799002459e+00 -2.8090133354e-02  1.8307714097e+00 -1.0743129094e+00  3.7459086407e+00  6.7987633827e+00 -1.5272790867e+00  1.2936712647e+00  5.3230642736e+00 -7.0709337720e-01  1.0674026780e+00  3.7210447831e+00 -2.6223844876e+00  3.5484568373e+00 -1.1210156795e+00  3.6276902131e-01  4.4437037165e+00
ENERGY -6.450132047262e+02
GRADIENT  5.1043333975e-06 -1.3610343180e-06 -9.0969353714e-06 -8.7987210601e-06  8.8536105884e-06  4.8493038986e-06 -5.5080232138e-06  2.1036776569e-05  2.6394294919e-05 -2.3655815078e-04 -4.3067834937e-04 -8.6995669137e-06  3.1519592556e-05 -2.3378198652e-05 -1.7736089057e-05  2.7670007421e-04  3.3055589819e-04 -1.2362177202e-04  5.0500196951e-05  5.0607846801e-07 -1.2515994786e-05 -1.8134603380e-04 -5.2836064919e-04 -2.7448259333e-04  5.6174543106e-05 -1.1381123186e-05 -6.1718904993e-06  1.3581834336e-05  5.1390750407e-04  4.0528050368e-04 -3.2243409191e-05 -1.0128119464e-05 -1.6404601302e-05  1.3576111915e-05  4.3643203826e-05  1.4644957733e-05  7.0958730376e-06 -8.5570916687e-06 -1.2703404423e-05  2.9577677519e-06  2.3982271570e-06 -7.1545704858e-07 -9.0101669970e-08 -1.4405243174e-06 -8.0551246418e-06 -6.2451761033e-07 -7.1413619124e-07  3.6041378832e-06 -3.6844294733e-06 -1.6457964333e-06  9.2457257370e-06  2.3097664588e-05  2.9199833677e-05 -2.1043691149e-05  2.6068013550e-07  2.4461945745e-05  1.8763200545e-05 -9.0695532781e-06  3.0983944117e-05  4.0682219981e-05 -1.8303463633e-05 -1.8878901668e-06  1.5594193468e-05

JOB 2
COORDS  1.7782129415e+00 -9.5613695357e-01 -1.1615074780e-01  7.4072500977e-01 -3.9533115541e-01  6.2777387249e-01  2.8429644692e+00 -1.6027880143e+00  5.1718109188e-01  1.8542727583e+00 -1.1006783226e+00  2.6717515686e+00  7.7733264382e-01 -4.8030494283e-01  2.0268926611e+00  2.8957386829e+00 -1.6632724427e+00  1.9207349341e+00 -3.4633300066e-01  1.2123998589e-01  2.7957659925e+00  5.3227457355e+00 -2.2330438645e+00  2.3892339063e+00  5.7417245040e+00 -1.4400591916e+00  1.3306920749e+00  3.9484026754e+00 -2.3229813163e+00  2.5934113695e+00 -1.2991022506e+00  6.9659229356e-01  2.3016434762e+00  6.1017978183e+00 -2.8616835923e+00  3.0987581903e+00 -2.1521100471e-01 -3.1272857837e-02  4.1429460585e+00  1.7519053991e+00 -9.1399331846e-01 -1.2015211599e+00 -9.9320024606e-02  9.8007131178e-02  1.5033359759e-01  3.6246377985e+00 -2.0752211159e+00 -6.8661525391e-02  1.8836351231e+00 -1.1413696420e+00  3.7559344546e+00  6.7365703000e+00 -1.2530214751e+00  1.3757790137e+00  5.1731899805e+00 -6.3737680517e-01  1.0844522000e+00  3.7320112409e+00 -2.7706378110e+00  3.4758860697e+00 -9.9886169382e-01  3.9636118257e-01  4.5379264225e+00
ENERGY -6.450132782208e+02
GRADIENT -9.3357061754e-05  4.0868399817e-05  1.0226626528e-04  1.0354771190e-05  1.1317124956e-05 -9.9439080431e-05  2.0223337914e-04 -1.6793468136e-04 -5.1184970334e-05  9.0208128998e-05  2.6397280176e-04  2.5303019951e-04  7.1469432740e-05 -6.9223704273e-05 -2.2350887833e-05 -3.5412667248e-04 -6.0362362428e-05 -1.0143623272e-04  6.4980300934e-06 -3.7513953926e-06  3.5432225593e-05  3.7187065758e-05  6.5710271038e-05  2.3956894314e-04  1.8854785446e-05  2.0224449940e-06 -1.0937985681e-04 -2.7245750219e-05 -2.2176853752e-04 -2.8045747390e-04  3.9075482775e-05 -6.8437805883e-06 -7.0968398943e-05 -5.4911344505e-05  7.2678637073e-05 -1.7751260082e-05  2.6529359127e-06 -1.1979379492e-05  3.4356455103e-05  2.6374701991e-05 -8.4888298080e-06  7.1600326307e-06 -1.0021507862e-05 -5.2220370762e-07 -8.4637288011e-06  2.5309423865e-05  1.9059919838e-05 -2.5344039076e-05 -8.5450762614e-06 -1.4196663475e-05  2.3188152469e-05  1.5690169541e-05  8.9558321751e-06  1.2408196928e-05  8.5029656851e-06  4.2965866865e-05  4.5891218008e-05 -2.6433247961e-05  9.7268104834e-06 -5.3652444868e-06 -3.2246855745e-06  1.3204986886e-06 -1.5249335590e-05

JOB 3
COORDS  1.7653294977e+00 -1.0173720883e+00 -1.5672522494e-01  7.5377141890e-01 -4.2165027093e-01  5.9668437448e-01  2.8081623289e+00 -1.7033468581e+00  4.7153219890e-01  1.8557361073e+00 -1.1653321789e+00  2.6332810199e+00  7.9644292924e-01 -5.0641072065e-01  1.9955173122e+00  2.8656098581e+00 -1.7696626530e+00  1.8737633949e+00 -2.9967863963e-01  1.3636429318e-01  2.7709149780e+00  5.2834844852e+00 -2.1864767542e+00  2.4506847018e+00  5.6817226745e+00 -1.3105317594e+00  1.4543468225e+00  3.9172902058e+00 -2.4648948400e+00  2.5212389716e+00 -1.2399576190e+00  7.3682436673e-01  2.2828713719e+00  6.0749626547e+00 -2.7429399724e+00  3.2050350033e+00 -1.5751535500e-01 -9.4720142950e-03  4.1173826977e+00  1.7337554165e+00 -9.7019566243e-01 -1.2417014425e+00 -7.1701567879e-02  1.0152983601e-01  1.2538969667e-01  3.5752242133e+00 -2.2001901909e+00 -1.1463819589e-01  1.8937959459e+00 -1.2051211933e+00  3.7171882311e+00  6.6374095683e+00 -9.9942812489e-01  1.5788667321e+00  5.0326866236e+00 -5.9282189039e-01  1.1535444649e+00  3.6911784936e+00 -2.9380060131e+00  3.3884533926e+00 -9.2276278679e-01  4.4498587594e-01  4.5184951701e+00
ENERGY -6.450128957720e+02
GRADIENT -2.2186468194e-05 -3.1327898672e-06 -1.5867428424e-06 -2.9731244202e-06  2.3015916036e-05 -2.2683409457e-05 -3.2233316875e-06  1.1006900009e-05  1.8339687670e-05  5.0979270456e-04  8.7770089710e-04  6.6488030270e-05  8.2700846552e-05 -6.1171972291e-05  6.7302485243e-05 -8.4565481403e-04 -8.6548611082e-04  4.0762956476e-04  3.6148967963e-05  8.7812037189e-07 -1.5253027521e-04 -5.3321421453e-05  6.6699808366e-04  9.3455518224e-04  3.8033053373e-06 -4.3709378005e-06  6.2556625428e-05  2.5603171870e-04 -6.8309711381e-04 -1.4763793768e-03 -6.7394898110e-05  4.2109140560e-05  1.4757089204e-04  1.1663488034e-07 -3.4506342479e-06 -2.9391010452e-05 -8.3244263616e-06  1.9607939054e-05 -9.3483722863e-05  1.8875145265e-06  8.3370689176e-06 -2.5969810336e-06  8.5423759053e-06  4.2374733071e-06 -2.7757839960e-06 -6.2133130208e-06 -4.8868660086e-06 -8.1865525543e-06  2.2235067944e-07 -1.5080263394e-06  1.5492382666e-05  4.2556373315e-06 -1.9407326446e-05 -1.1845233624e-05  2.4738441419e-06 -2.2473333523e-05 -1.0324899638e-05  1.3159478661e-04  1.5102022513e-05  3.3091565345e-05  2.4314597108e-06  8.3268248145e-06  4.3983269843e-06

JOB 4
COORDS  1.7290889273e+00 -1.0739022733e+00 -2.0083862089e-01  7.6743298043e-01 -4.3310618038e-01  5.8073060340e-01  2.7608977050e+00 -1.7980574442e+00  4.0311677786e-01  1.8994151812e+00 -1.2067400781e+00  2.5893025111e+00  8.4946588255e-01 -5.0699098969e-01  1.9786148856e+00  2.8532003717e+00 -1.8625148911e+00  1.8020992346e+00 -1.9339016357e-01  1.9052734775e-01  2.7797526520e+00  5.2460910974e+00 -2.1593984919e+00  2.4785545123e+00  5.6111922652e+00 -1.1692046909e+00  1.5829410457e+00  3.9173965228e+00 -2.5887821873e+00  2.4076244951e+00 -1.1228491032e+00  8.2367902913e-01  2.3127000951e+00  6.0399759533e+00 -2.6898245560e+00  3.2487620313e+00 -1.3582645356e-02  5.5305314873e-02  4.1225178102e+00  1.6673717758e+00 -1.0279610788e+00 -1.2845154231e+00 -4.9782246898e-02  1.2147551199e-01  1.3110897819e-01  3.4987070183e+00 -2.3228181605e+00 -1.9678331000e-01  1.9726231308e+00 -1.2401033861e+00  3.6715740997e+00  6.5137293673e+00 -7.6348768013e-01  1.7965348008e+00  4.9064815869e+00 -5.1695455650e-01  1.2607653773e+00  3.6806762246e+00 -3.1443664214e+00  3.2221050204e+00 -7.4550837297e-01  5.4620627570e-01  4.5424764451e+00
ENERGY -6.450120635893e+02
GRADIENT  6.0727088757e-06  2.5791098423e-06 -4.5439058818e-05 -4.1050576014e-06  6.6081950045e-06  2.3918896131e-05 -7.6910108677e-06 -4.3536474357e-05  3.7679629868e-05  9.4039113104e-04  1.3396576847e-03  1.0520373235e-04  6.6414586355e-05 -2.5863298513e-05 -7.4615160784e-06 -1.7652778147e-03 -1.5451825738e-03  8.8422280795e-04  2.3812036708e-05 -5.9378516544e-06 -6.3222565860e-05 -2.8740668113e-04  6.8806561870e-04  1.5427832306e-03  3.1945124672e-05 -5.1049478024e-06 -6.9660995912e-05  1.1296007290e-03 -4.8581249350e-04 -2.5063486393e-03 -1.3759070085e-05  2.9976199195e-05  7.3380465995e-05  6.1102294375e-06  1.2618185622e-05  1.4851272139e-05  4.8325670181e-06  7.3209941013e-06 -4.6061232335e-05 -3.1594671678e-06  7.5153076922e-06 -2.3714232741e-06  7.3241432497e-06  8.0698878736e-06 -3.1621769476e-06  5.9491634948e-06  3.8527595550e-06 -7.2815027273e-06  5.5664472608e-06 -1.2901586308e-06  1.6432480160e-05  7.0642008302e-06  1.7245148517e-06 -9.0877888654e-07  1.1365935093e-05  1.6738006009e-05  1.5807131375e-05 -1.0858839237e-04 -8.1415419861e-06  8.1913394608e-06  1.0572610263e-05  9.5228392995e-06  1.1431643120e-05

JOB 5
COORDS  1.6593147332e+00 -1.1572601764e+00 -2.5085572713e-01  7.5368529535e-01 -4.7195562517e-01  5.5901697882e-01  2.6984173004e+00 -1.8942586159e+00  3.2598085853e-01  1.9486104121e+00 -1.2362862419e+00  2.5336914484e+00  8.9536475874e-01 -5.1499605654e-01  1.9538489204e+00  2.8454561785e+00 -1.9373846099e+00  1.7195806803e+00 -8.8106832769e-02  2.3516291969e-01  2.7820426178e+00  5.1974541694e+00 -2.1294732415e+00  2.5248110857e+00  5.5090814035e+00 -9.9895559099e-01  1.7909992337e+00  3.9322289572e+00 -2.6727048069e+00  2.2861192434e+00 -1.0107734998e+00  8.9549017898e-01  2.3397452838e+00  5.9925905713e+00 -2.6751106837e+00  3.2834324330e+00  1.4039591283e-01  1.1599944552e-01  4.1186004928e+00  1.5522607550e+00 -1.1290608633e+00 -1.3315669685e+00 -6.5675850547e-02  9.8246488518e-02  1.3312944477e-01  3.4043296498e+00 -2.4438166300e+00 -2.8994536536e-01  2.0696170150e+00 -1.2524552134e+00  3.6120005702e+00  6.3438166176e+00 -5.2891404137e-01  2.1166698358e+00  4.7623583153e+00 -3.9830332036e-01  1.4648089110e+00  3.6986134834e+00 -3.3605026709e+00  2.9937077397e+00 -5.5496204363e-01  6.4147240231e-01  4.5584528068e+00
ENERGY -6.450110501314e+02
GRADIENT -1.3589068860e-05  3.1580099154e-06 -2.0617283618e-04  6.6494113388e-05 -6.2368302432e-05  5.6645855705e-05 -9.5586332748e-05  8.5709230870e-05  1.1899156091e-04  9.6884643146e-04  1.3527212397e-03 -2.3644682394e-05  5.6297881240e-05 -2.7469017015e-05  4.3640868209e-06 -1.6952350738e-03 -1.8220385877e-03  1.0119461462e-03  3.3182658404e-06 -2.2431272619e-05 -4.5883980443e-05 -4.5923647846e-04  3.8732314880e-04  1.3642449774e-03 -5.3580031922e-05  4.0534508809e-05  1.2799655775e-04  1.2813577226e-03  8.6650758885e-05 -2.3820131668e-03 -1.5371341837e-05  1.6127828353e-05  5.2188896330e-05  1.8669409941e-05  1.9740834090e-05  8.8835241732e-05 -1.4560713669e-05  5.9116153593e-06 -4.9620083705e-05 -5.6806018291e-06 -6.5005553935e-06 -1.9073912898e-05  1.3735466539e-05 -1.7634795880e-05 -1.4225806963e-05 -1.4725601868e-05  7.9736727545e-06  2.5852747017e-06  8.7233883135e-06  5.7260653609e-06  9.5868956761e-06 -7.8830863724e-06 -2.1370853006e-07 -1.0750484394e-05  2.3597426022e-06 -1.8115116665e-05 -3.9323605107e-05 -1.9903650025e-05 -1.1121728534e-05 -1.4576382228e-05 -3.6554993756e-06  4.0353507373e-06  5.6085424178e-07

JOB 6
COORDS  1.9822051663e+00 -9.4204422922e-01 -2.1931275089e-02  8.7265156113e-01 -3.5438434933e-01  5.8509532939e-01  2.9284354819e+00 -1.6234183924e+00  7.4922229591e-01  1.6275243932e+00 -1.1804681916e+00  2.7445869617e+00  6.9881920797e-01 -4.7033830680e-01  1.9720157309e+00  2.7588365500e+00 -1.7400050445e+00  2.1375240399e+00 -5.0677342385e-01  1.5575919645e-01  2.5817832870e+00  4.6209602312e+00 -1.9170304040e+00  3.8039956750e+00  4.3413962496e+00 -6.3926164368e-01  4.2505666795e+00  3.6912749043e+00 -2.4766346211e+00  2.9199997973e+00 -1.3609123679e+00  7.6448032093e-01  1.9627419251e+00  5.5837647726e+00 -2.5676891709e+00  4.1975779692e+00 -5.7173235069e-01 -1.1974947420e-02  3.9306303241e+00  2.1213283238e+00 -8.6055135222e-01 -1.0962980335e+00  1.3290827524e-01  1.8900874206e-01  6.3852666446e-03  3.8049512311e+00 -2.0638388308e+00  2.7983282993e-01  1.4759176486e+00 -1.3031615515e+00  3.8111302087e+00  5.1205898449e+00 -2.0860104951e-01  4.7318888540e+00  3.7862769028e+00 -2.1802150609e-02  3.6710416948e+00  4.0771325691e+00 -3.3097171256e+00  2.4896265674e+00 -1.3941602625e+00  4.2894202836e-01  4.2173914515e+00
ENERGY -6.450119700922e+02
GRADIENT -9.5309660484e-06 -2.8618446520e-07 -1.5333927086e-04  2.3515468074e-04 -1.6029031110e-04  1.7277458672e-04  7.0061518813e-05 -1.1157398671e-04 -1.4167142512e-05 -9.7684571606e-04 -1.5880324773e-03 -3.9424112003e-04 -2.7578840269e-04  1.5461237078e-04 -3.3438520350e-05  2.2216100889e-03  2.5935075889e-03 -3.4318101540e-04 -9.0656949355e-05 -2.0451623238e-06  2.5716765688e-04  1.2245118105e-03  1.1938403887e-04 -1.3936401557e-03 -2.5008766153e-05  3.0599115451e-05  1.2220848387e-04 -2.5112082705e-03 -1.1345015477e-03  2.1065114169e-03  1.2357752461e-04 -4.3843088799e-05 -2.0897449232e-04 -5.2730472341e-05  7.1016398289e-05 -7.2804561338e-05 -4.2486079292e-05  1.7401777068e-06  1.5753557804e-04  3.7042663698e-05 -1.6046571951e-05 -1.1054261852e-05  1.3013248006e-05 -1.1868001726e-05  2.4919303913e-05  2.8041428228e-06 -3.9162144647e-06 -3.1362604894e-05 -3.0614649666e-05  1.2405734235e-05 -3.8276656383e-05  2.5291150731e-05  2.3521979410e-05 -1.4534951907e-05  6.7288159521e-05  2.4473642501e-05 -4.2175126112e-05 -3.9006908424e-05  1.3794632173e-05 -1.0413273350e-04  3.2840533924e-06 -4.7865944420e-06 -8.2896743836e-06

JOB 7
COORDS  1.9150097575e+00 -1.0025303245e+00 -7.6911352487e-02  8.3100326744e-01 -3.9792935627e-01  5.5908597291e-01  2.9055238535e+00 -1.6435142912e+00  6.7112373482e-01  1.7018067044e+00 -1.1329301896e+00  2.7109400095e+00  7.3054397767e-01 -4.6184132229e-01  1.9561423629e+00  2.8092366217e+00 -1.7068186032e+00  2.0709896472e+00 -4.4880580891e-01  1.7746142786e-01  2.6023212919e+00  4.5937991316e+00 -1.9124918646e+00  3.8443992650e+00  4.2222988750e+00 -6.9651694405e-01  4.3875525281e+00  3.7914090784e+00 -2.4058940493e+00  2.8129731352e+00 -1.3429912808e+00  7.5125841554e-01  2.0069739996e+00  5.5393481635e+00 -2.5713140280e+00  4.2662920631e+00 -4.3971075914e-01  6.6783809599e-02  3.9590853461e+00  2.0011396274e+00 -9.6381295171e-01 -1.1591971865e+00  5.8636320044e-02  1.1699878570e-01 -2.5100770147e-03  3.7618650047e+00 -2.0934397963e+00  1.7413029040e-01  1.5931247237e+00 -1.2194044796e+00  3.7858765381e+00  4.9380629073e+00 -3.0285055832e-01  4.9855767629e+00  3.7220099861e+00 -3.1088587822e-02  3.8105847436e+00  4.2415651300e+00 -3.1893062489e+00  2.3542179996e+00 -1.2521573079e+00  5.0970813895e-01  4.2701076991e+00
ENERGY -6.450128515855e+02
GRADIENT -1.5352610987e-05 -8.6937043984e-06  1.3313993215e-04 -4.1499208953e-05  2.5878228161e-05 -2.4703206133e-05  2.0626925009e-04 -1.4317413402e-04 -9.7075644349e-05 -5.9152718050e-04 -9.7194107368e-04  9.1731085533e-05  7.9948105088e-05 -6.4660904015e-05 -4.0175901107e-05  1.2427022431e-03  1.7386387029e-03 -2.7709505009e-04  2.4621189629e-05 -3.3608361181e-06 -4.5994907128e-05  1.0526588382e-03  6.1020618892e-04 -1.0967342397e-03  3.8144661805e-05 -7.6247513116e-05  5.7598169997e-06 -1.7823969051e-03 -8.8269224768e-04  1.0893459076e-03 -1.7515988807e-05 -2.6064087823e-06  3.3858503667e-05 -1.5860742652e-04 -1.0726317223e-04  1.1893454093e-04 -6.8609450338e-06 -3.3733940372e-06 -2.3857046424e-05  1.4268798376e-05 -9.3380944341e-06  1.4563132942e-05 -3.2317685725e-06 -2.3692834034e-06 -4.9911574443e-06  1.7879294327e-05 -1.1484503422e-05 -2.4523558906e-05 -4.1966532567e-05 -8.3018222091e-06  2.0575746166e-05 -2.1077372844e-05 -1.6464304847e-05  1.4776458279e-05 -4.8838668134e-05 -4.2678469754e-05  3.9637712891e-05  1.9341822487e-05 -1.8164269580e-05  7.3688587263e-05 -6.3510312931e-06 -3.3131348396e-06 -3.5119106346e-06

JOB 8
COORDS  1.8644742166e+00 -1.0675268388e+00 -1.1935454412e-01  7.8684042519e-01 -4.6025814642e-01  5.2555619634e-01  2.8921324792e+00 -1.6543967738e+00  6.2084541623e-01  1.7459839455e+00 -1.0843727282e+00  2.6766437571e+00  7.3495431871e-01 -4.6899418663e-01  1.9259759825e+00  2.8454010118e+00 -1.6632864182e+00  2.0259785501e+00 -4.3683244902e-01  1.6995777738e-01  2.5861638618e+00  4.5528921249e+00 -1.9068108796e+00  3.8925578487e+00  4.1170363990e+00 -7.4076036408e-01  4.4983001829e+00  3.8780291778e+00 -2.3065559956e+00  2.7406907902e+00 -1.3686835015e+00  6.9071319001e-01  1.9998088054e+00  5.4638938629e+00 -2.5929143558e+00  4.3463320264e+00 -3.7411958750e-01  1.2640137197e-01  3.9457903296e+00  1.9164185802e+00 -1.0726151826e+00 -1.2045061203e+00 -1.4607264322e-02  1.4198300461e-02 -3.0672056730e-02  3.7419178312e+00 -2.1049959001e+00  1.1317077749e-01  1.6649228187e+00 -1.1298085798e+00  3.7558018587e+00  4.7737050555e+00 -4.0520863571e-01  5.1927078010e+00  3.7001481972e+00 -2.0089628002e-02  3.9203750961e+00  4.3602094657e+00 -3.0679905219e+00  2.2784750488e+00 -1.1873492071e+00  5.6154589453e-01  4.2655566023e+00
ENERGY -6.450132421629e+02
GRADIENT  2.7904629990e-05 -1.2248901004e-05  3.8473535283e-05  1.5132407734e-05 -1.8068108542e-05  3.4156117258e-05 -2.1261718510e-05 -2.3037761752e-05 -2.7856304646e-05 -1.0767583189e-04 -2.0233904062e-04 -1.6053230704e-04 -8.8195525030e-05  4.5122505270e-05  3.3733706930e-05  3.7761835288e-04  4.1583645000e-04  3.1812240268e-05 -6.5836922412e-06 -1.1608377046e-05 -3.3135805883e-05  1.9599529951e-05  8.4163423877e-05  2.4893505838e-06  1.0089265909e-04  2.6897611165e-05 -7.5565140355e-06 -3.1606871748e-04 -3.8044052648e-04  1.7189562114e-04 -1.4581450852e-05  1.0460950779e-05  2.4904479879e-05  2.2135214221e-05  6.3736627967e-05 -4.4433399090e-05 -1.9428022304e-05  7.2272486834e-06  1.6952882120e-05  2.7629719751e-06 -7.0807233825e-06  5.7032671173e-06  3.9568444790e-06 -5.0183547850e-06  1.2069549123e-05  9.5471285977e-06  8.5064381960e-07  1.4769060219e-05 -2.3568293185e-05 -5.6764913926e-06 -2.7307807197e-05 -6.4975905533e-06  1.8596106763e-05  9.9042022874e-06  1.0456830760e-05  4.3909524030e-06  1.0396706397e-05  2.0619688589e-05  9.0393686685e-06 -3.0691449531e-05 -3.9854025542e-06 -2.8002002170e-07  2.3090721539e-06

JOB 9
COORDS  1.8171350264e+00 -1.1107130267e+00 -1.5543603864e-01  7.4602759086e-01 -5.0574355016e-01  5.0296148675e-01  2.8800862781e+00 -1.6489501561e+00  5.6995703065e-01  1.7914451817e+00 -1.0309350324e+00  2.6427094564e+00  7.4174586629e-01 -4.6786398627e-01  1.9031999874e+00  2.8804227923e+00 -1.6121655388e+00  1.9764937272e+00 -4.2240911604e-01  1.6682488549e-01  2.5806158220e+00  4.5336204034e+00 -1.9238522311e+00  3.8969953524e+00  4.0727157932e+00 -7.9704868874e-01  4.5588590877e+00  3.9648743891e+00 -2.2010014616e+00  2.6575279259e+00 -1.3879997744e+00  6.4028318284e-01  2.0088044757e+00  5.3906095954e+00 -2.6671711342e+00  4.3657147798e+00 -3.1145626224e-01  1.7855978235e-01  3.9381098600e+00  1.8355777551e+00 -1.1523903298e+00 -1.2408892881e+00 -8.3871548775e-02 -6.8670346771e-02 -4.1935906682e-02  3.7229685320e+00 -2.0978385272e+00  4.9321085018e-02  1.7408049167e+00 -1.0389861747e+00  3.7239484196e+00  4.6780529155e+00 -5.4168436828e-01  5.3303298209e+00  3.7458416680e+00 -1.5371866878e-02  4.0019463177e+00  4.4370880833e+00 -2.9711648736e+00  2.1995528396e+00 -1.1249385215e+00  6.0476200738e-01  4.2690232673e+00
ENERGY -6.450131829088e+02
GRADIENT  7.3883289876e-08 -2.4284248194e-07  3.3569830369e-05 -3.0321005729e-05  1.7337789546e-05 -1.6307502162e-05  6.2190821089e-06 -8.6467566658e-06  1.2149192939e-05  1.8120130062e-04  4.0292836483e-04  1.4090104356e-05 -8.0834922145e-06  1.2675169327e-05 -5.7404456501e-05 -5.4105724256e-04 -8.2711668316e-04  1.3105126391e-04 -1.8454387632e-05  1.3619783187e-05  9.7381541208e-05 -2.9717224094e-04 -3.6358194139e-04  2.0097010804e-04 -6.1137531937e-05  1.8512050886e-05  1.2133622170e-05  6.9455444034e-04  7.7383554089e-04 -3.0071186622e-04  4.9018761535e-05 -2.8813570817e-05 -9.5131084590e-05 -1.4338981975e-06  2.1615302609e-06 -4.0156478941e-06  1.7654322446e-05  3.8456895519e-07  5.0363628542e-05 -6.5564479117e-07  7.7760934551e-07  6.1008026375e-06 -7.2552879041e-06  1.1351614835e-06 -3.5182943555e-06  1.3776579165e-06 -1.4088900509e-06  5.4095671416e-06 -5.9365340576e-07  5.0376686738e-07 -8.6483575642e-06  9.8050902972e-06  7.5526968788e-07 -5.0247528795e-06  2.2145986199e-05  1.5252827497e-05 -2.3515539191e-06 -2.1298875335e-05 -8.4076108038e-06 -2.0257011785e-05  2.7759838394e-06  4.3954925584e-06 -3.3058974544e-06

JOB 10
COORDS  1.7908612773e+00 -1.1643381146e+00 -1.5275809610e-01  7.1606434555e-01 -5.6454806382e-01  5.0495738364e-01  2.8835054177e+00 -1.6397529328e+00  5.7078506565e-01  1.8271832616e+00 -9.6200735216e-01  2.6398415817e+00  7.4246444632e-01 -4.6676156770e-01  1.9013988912e+00  2.9164981643e+00 -1.5438900956e+00  1.9750149897e+00 -4.2504635958e-01  1.6106153412e-01  2.5794080390e+00  4.5137558291e+00 -1.9037408169e+00  3.9400702808e+00  4.0245574159e+00 -8.1720601435e-01  4.6481333484e+00  4.0498934846e+00 -2.0606989273e+00  2.6360867693e+00 -1.4173297430e+00  5.8079078141e-01  2.0111845393e+00  5.3178868905e+00 -2.7005344317e+00  4.4134959967e+00 -2.8565637519e-01  2.3367572594e-01  3.9328239797e+00  1.7874876151e+00 -1.2526279950e+00 -1.2355959940e+00 -1.3897269658e-01 -1.7659248748e-01 -3.8067935026e-02  3.7269791909e+00 -2.0864086268e+00  4.8997599118e-02  1.7962445473e+00 -9.2247919554e-01  3.7203121111e+00  4.5667814019e+00 -6.4318085026e-01  5.4866421291e+00  3.7832673251e+00  1.7074700254e-02  4.1245475479e+00  4.5263262065e+00 -2.8281036074e+00  2.1767060565e+00 -1.1048624299e+00  6.4920287923e-01  4.2631509742e+00
ENERGY -6.450127359633e+02
GRADIENT  5.5745075477e-05 -6.2844836567e-05 -5.3803186645e-04  4.0777766341e-04 -1.8223955237e-04  3.1190425636e-04 -3.8959930252e-04  1.0782276915e-04  2.5674691155e-04  3.4465403882e-04  9.9419348548e-04 -3.7650881096e-04 -3.5774562347e-04  2.2868753533e-04  7.3310496028e-05 -8.8911420664e-04 -2.2121692303e-03  6.1573366690e-04 -1.5545903019e-05  3.3738572448e-05  2.1129909110e-04 -3.6635882056e-04 -9.4728817613e-04  2.9397451346e-04 -2.2740235718e-04  6.5990249503e-05 -8.6266249247e-05  1.4018338631e-03  2.1120748968e-03 -5.2752046866e-04  6.1846670225e-05 -4.9543038188e-05 -1.6154195069e-04 -1.0594043966e-04 -7.8628092150e-05  2.4239133823e-05 -4.4120893485e-05  3.1688213105e-05  1.5351558961e-04  9.0019054675e-06  3.6371215520e-07 -5.5508657785e-05  4.2675529152e-05 -2.4252270309e-05  2.0088737260e-05 -4.1781018892e-05  2.6028786268e-05  1.0707410664e-05 -5.4247994390e-05 -1.3225912726e-05 -1.3529284467e-04  1.4889555496e-05 -4.3753050423e-05 -2.0162038069e-05  9.6910020957e-05 -2.0225541762e-06  1.0707036305e-05  5.1022680376e-05  2.8677319057e-06 -8.9803025997e-05  6.3225007889e-06  1.6053954779e-05  1.5282048906e-05

JOB 11
COORDS  1.8598552793e+00 -1.0148509092e+00 -8.4625123281e-02  7.9069564897e-01 -4.0506385817e-01  5.7004916037e-01  2.8589107948e+00 -1.6568530071e+00  6.4704009578e-01  1.7386204370e+00 -1.0809591661e+00  2.7194781640e+00  7.3943306646e-01 -4.4476237275e-01  1.9698508678e+00  2.8076004381e+00 -1.6970861174e+00  2.0517642605e+00 -4.1499454721e-01  2.1820610420e-01  2.6379656916e+00  4.0302990075e+00 -2.5491549581e+00  4.0786812532e+00  5.1598614089e+00 -3.3175082726e+00  4.3797646461e+00  3.8544490665e+00 -2.3699993701e+00  2.7149862874e+00 -1.3188338057e+00  7.9367994266e-01  2.0558620855e+00  3.3185838513e+00 -2.0594356337e+00  4.9469627489e+00 -3.7866755689e-01  1.2531221458e-01  3.9940590245e+00  1.9205264701e+00 -9.9503314056e-01 -1.1691880694e+00  6.8361201568e-04  9.9059516061e-02  2.3896188667e-02  3.6870726304e+00 -2.1327590761e+00  1.2437107857e-01  1.6934979481e+00 -1.0961129062e+00  3.7986015569e+00  5.1812771227e+00 -3.5673765078e+00  5.3620021545e+00  5.3640255792e+00 -4.1003162262e+00  3.7680981753e+00  4.6054949593e+00 -2.6910937818e+00  2.1178688027e+00 -1.1740802314e+00  5.9117529265e-01  4.3146082357e+00
ENERGY -6.450122921651e+02
GRADIENT  7.3016735547e-06 -1.5758232351e-07 -2.0922879305e-05  1.0442540982e-05  2.9662541455e-06 -2.1598426735e-06 -2.2215901644e-06  1.7202636841e-05  9.6544229945e-06  1.5558626803e-04  2.5058277624e-04  1.8959172033e-05 -2.3210497848e-05  1.0367351290e-05 -1.0307653669e-05 -3.7141986919e-04 -6.6667519748e-04 -1.6011450649e-05 -1.8612125692e-05  3.1516336364e-05  3.4484561148e-05 -6.9454826636e-05 -9.7057557916e-05 -5.0583705951e-05 -1.4856353051e-05 -4.7420987574e-05 -1.2147477086e-05  4.3151598420e-04  6.9787135408e-04  4.6083609761e-05  1.8446284527e-05 -3.2129136652e-05 -1.3780313137e-05 -6.2049401769e-05 -1.1133325738e-04  1.3758804489e-05 -1.6569464328e-05  2.2959343628e-06  2.0273882599e-05  5.8487498033e-06  2.6623297182e-06 -7.7307098596e-07  6.1052598660e-06 -4.1772128118e-07 -1.0241998287e-06  2.8071457136e-06  7.8128208175e-07  1.6950618567e-06 -5.6628227250e-07 -4.3609027192e-06 -1.3185003082e-05 -6.7638404689e-06 -2.2803942360e-05 -3.5199374143e-06 -1.6940799350e-05 -2.3048371207e-05  2.3031107151e-05 -4.4450471346e-05 -8.0162545773e-05  1.4610427727e-05  7.6490074634e-06 -1.3604601195e-05 -1.7482185537e-05

JOB 12
COORDS  1.9450035416e+00 -8.8577255247e-01 -1.4398194956e-01  8.4616361698e-01 -3.2833367472e-01  5.1120176749e-01  2.9106333220e+00 -1.5928567379e+00  5.7102013137e-01  1.7171212349e+00 -1.1623245644e+00  2.6325987149e+00  7.4018118515e-01 -4.7241476559e-01  1.8998690563e+00  2.8083142873e+00 -1.7399832530e+00  1.9674587760e+00 -4.3232958138e-01  1.4622279190e-01  2.5776019050e+00  3.9098168349e+00 -2.9983110769e+00  3.9042764469e+00  2.7118711388e+00 -3.1949315327e+00  4.5729943367e+00  3.8305158249e+00 -2.4566041498e+00  2.6234258179e+00 -1.3024015951e+00  7.8965043444e-01  2.0184662635e+00  4.9993799269e+00 -3.2832628371e+00  4.3915802107e+00 -4.5505016101e-01 -7.8131629357e-02  3.9212259545e+00  2.0473837810e+00 -7.8241590221e-01 -1.2206112995e+00  7.6794499622e-02  2.1487232614e-01 -2.6883017116e-02  3.7522961140e+00 -2.0427653887e+00  4.9090004006e-02  1.6377427693e+00 -1.2111763858e+00  3.7103683778e+00  2.8298913207e+00 -3.7905930768e+00  5.3845491323e+00  1.8889064139e+00 -3.4010503822e+00  4.0174190034e+00  4.7464466561e+00 -2.4276720588e+00  2.1909391239e+00 -1.2523615808e+00  3.7638318445e-01  4.2537560822e+00
ENERGY -6.450127393243e+02
GRADIENT -2.5597668323e-05  1.9057068040e-05  4.3974194274e-05 -9.8777422443e-06  9.0629272064e-06 -4.4067682440e-05  3.7819627411e-05 -5.1523674088e-05 -1.6352143089e-05 -5.5798055631e-04 -9.2592475083e-04 -1.1134315683e-04  3.3615058476e-05 -5.1028477652e-05  4.8855539241e-05  1.2477700932e-03  2.2964155299e-03  3.1996810097e-04  2.0997320731e-05 -5.0889736298e-06 -4.8356708938e-05  6.9426784310e-04  1.0660352774e-03  3.9536194764e-04 -7.4729679121e-05  6.7116736532e-05 -3.1746469381e-05 -1.3044504968e-03 -2.3993655105e-03 -5.7611566599e-04 -5.1269009017e-05  1.3711264568e-05  6.1361402118e-05  3.7712693163e-05 -2.5231917635e-05  4.2883092168e-05 -3.0820388664e-06  7.5227781125e-06 -5.4123880951e-05 -3.4080187781e-06  1.6588215679e-06  4.4569245099e-06 -3.5424819610e-06 -1.8105630431e-06  3.0076757397e-06  3.4211356130e-06 -4.8526556689e-06 -9.8580810565e-07 -9.2072069790e-06 -5.2469109590e-05  2.0190993939e-05  2.1496179650e-05 -6.7967561433e-06 -2.6674213717e-06 -1.4294314837e-05 -1.1757212288e-05 -1.5859196944e-05 -3.7941345366e-05  6.1199814731e-05 -2.5806466425e-05 -3.8294707812e-06 -7.1530874404e-06 -1.0594628911e-06

JOB 13
COORDS  1.9265654221e+00 -9.4207471510e-01 -1.3740373440e-01  8.2646472269e-01 -3.8050986545e-01  5.1162188111e-01  2.9194663816e+00 -1.5965799002e+00  5.9161068361e-01  1.7520820543e+00 -1.0931206167e+00  2.6526687951e+00  7.4563714290e-01 -4.6234199782e-01  1.9076285798e+00  2.8414160708e+00 -1.6820184321e+00  1.9939304004e+00 -4.2931151033e-01  1.6167819466e-01  2.5762181600e+00  3.9129927594e+00 -3.0131883115e+00  3.8911605463e+00  2.6913864325e+00 -3.2439522833e+00  4.5027011258e+00  3.8898461288e+00 -2.3262039778e+00  2.6810058319e+00 -1.3214882264e+00  7.5982880748e-01  2.0020107321e+00  4.9802442939e+00 -3.3732768767e+00  4.3790378744e+00 -4.2558768119e-01 -1.9258338561e-03  3.9284423677e+00  2.0079044991e+00 -8.8495733943e-01 -1.2192560031e+00  3.6126284069e-02  1.2049586778e-01 -3.7055227834e-02  3.7621473312e+00 -2.0526312377e+00  7.6902636941e-02  1.6962849858e+00 -1.0961350576e+00  3.7337028980e+00  2.7669450287e+00 -3.9283691508e+00  5.2460756454e+00  1.8728408965e+00 -3.3480149245e+00  3.9135633604e+00  4.8080201996e+00 -2.3025261805e+00  2.2541029606e+00 -1.2271798043e+00  4.4983491001e-01  4.2544244327e+00
ENERGY -6.450131828086e+02
GRADIENT  3.7691411906e-06 -8.9131730173e-06  7.0487047205e-05 -9.8989095158e-05  6.0383492323e-05 -4.4904247367e-05  3.2450996030e-05 -1.4089871366e-05 -4.0075882203e-05 -2.0450355554e-04 -4.0983231239e-04  1.1270383948e-04  8.3297003839e-05 -3.4274707040e-05 -1.0779106988e-04  3.5913279744e-04  9.2473799547e-04  1.6479744555e-04 -1.2920012322e-05 -1.5456053561e-06  4.6880594203e-05  1.6231901297e-04  3.9291114183e-04  2.7242112952e-04  6.7533677371e-06  1.1675093059e-05 -5.0107586042e-05 -4.2994593427e-04 -8.9214184132e-04 -4.3458123455e-04  4.4106492297e-05 -2.2710066032e-05 -6.2188828644e-05  2.7268566998e-05 -4.1531123674e-06  3.5278221929e-05  1.7679859700e-05 -2.0100879180e-05  3.4165639139e-05 -3.5013600804e-06  5.8217082873e-06  1.0489521797e-05 -1.0091524914e-05  4.1024221922e-06 -1.5205687877e-05  7.3272032348e-06 -8.5334760632e-07  5.8939568674e-07 -1.6746657284e-06 -4.2747492246e-06  1.9562126079e-05  3.1814566195e-06  7.7907919114e-07  9.1959277480e-07 -7.4748724963e-06  1.4758478801e-05  3.6714806655e-06 -1.4190737428e-06 -1.1710070890e-05  3.5250783564e-05 -1.1844633413e-06 -3.5342328848e-06 -7.0508477490e-06

JOB 14
COORDS  1.9009327762e+00 -1.0013666643e+00 -1.1735149804e-01  7.9483406182e-01 -4.4570811259e-01  5.2591256530e-01  2.9254928609e+00 -1.5942384561e+00  6.2236553538e-01  1.7757234760e+00 -1.0307130903e+00  2.6780534635e+00  7.3627447774e-01 -4.6659019902e-01  1.9259378394e+00  2.8696877754e+00 -1.6194092522e+00  2.0269641476e+00 -4.4728657879e-01  1.5090475949e-01  2.5855407241e+00  3.9358463794e+00 -3.0255627558e+00  3.8559375250e+00  2.7010686465e+00 -3.3075528604e+00  4.4148536744e+00  3.9449979188e+00 -2.1852508469e+00  2.7442555911e+00 -1.3687419703e+00  6.9024951454e-01  1.9995599441e+00  4.9895227458e+00 -3.4533111619e+00  4.3178512599e+00 -4.1423297684e-01  5.3736818370e-02  3.9434441599e+00  1.9624582174e+00 -9.8880133525e-01 -1.2019386646e+00 -1.8817163696e-02  6.6582002659e-03 -3.1004840270e-02  3.7737563898e+00 -2.0475177210e+00  1.1452363437e-01  1.7414212703e+00 -9.9170502470e-01  3.7599596871e+00  2.7488286752e+00 -4.0756695746e+00  5.0734295483e+00  1.8851958830e+00 -3.3097426160e+00  3.8135975864e+00  4.8585035002e+00 -2.1648715791e+00  2.3072086243e+00 -1.2248957017e+00  4.9357912033e-01  4.2632983553e+00
ENERGY -6.450132420185e+02
GRADIENT  1.6683082562e-05 -2.1742873807e-05  9.8562822506e-05  1.9848476293e-05  1.1842551488e-06  2.8862501699e-05  6.2174585703e-05 -1.0415607482e-05 -6.6396616196e-05  1.3047082513e-04  2.0071570861e-04 -1.5613028527e-04 -1.3086597304e-04  6.3991476452e-05  2.1548520041e-05 -1.6659401699e-04 -4.9405340507e-04 -3.8557444665e-05 -1.1391480224e-06  2.4648256803e-05  1.3466274673e-05 -3.3491717232e-05 -3.3614626582e-05  2.0926057302e-05  2.5412426824e-05 -9.8708807192e-05 -2.5571240880e-05  1.2750889132e-04  4.4769534003e-04  2.0586856550e-04  2.9535418992e-06 -6.2373231358e-06 -1.8729236557e-05 -4.2086261256e-05 -6.7082450015e-05 -5.4155676609e-05 -1.7065191575e-05  7.4253812341e-06  4.7736233259e-05  1.1474889348e-05  3.2823127254e-07  1.2576264586e-05  1.2488069582e-06  1.3638029766e-06  1.6525940703e-05  1.1358408122e-05 -1.5022172322e-05  1.3143713630e-05 -1.2570919019e-05  1.2453250672e-05 -2.7325966391e-05 -2.0409999806e-05 -3.4345985861e-06  8.1497482158e-06 -1.8254803804e-06 -9.1847686007e-06  8.7382325483e-06 -1.0685669676e-06 -2.0415110657e-05 -3.1903161441e-05 -2.4617483011e-08  2.8858738406e-06 -7.4925747900e-07

JOB 15
COORDS  1.8779819675e+00 -1.0771562092e+00 -8.5002003141e-02  7.7006674727e-01 -5.1339068699e-01  5.4730708028e-01  2.9263282568e+00 -1.6092852760e+00  6.6956185832e-01  1.7930438202e+00 -9.6231756630e-01  2.7106128088e+00  7.2941016303e-01 -4.6192868412e-01  1.9478957162e+00  2.8881145229e+00 -1.5617310283e+00  2.0728067299e+00 -4.5947371031e-01  1.6308485296e-01  2.5906025879e+00  3.9606655745e+00 -3.0489157072e+00  3.8080422174e+00  2.7185631640e+00 -3.4033040730e+00  4.3015836233e+00  3.9809615022e+00 -2.0570143684e+00  2.8244470684e+00 -1.4048687518e+00  6.4114769401e-01  1.9898301359e+00  5.0089464151e+00 -3.5236644662e+00  4.2343637666e+00 -4.0010715246e-01  1.4998209177e-01  3.9505379840e+00  1.9228108108e+00 -1.1183922634e+00 -1.1697001699e+00 -6.1034444372e-02 -1.0745744392e-01 -1.9763009374e-02  3.7780686744e+00 -2.0697632425e+00  1.7434425253e-01  1.7767785808e+00 -8.7642851434e-01  3.7909508534e+00  2.7487122881e+00 -4.2482494610e+00  4.8584792056e+00  1.9052725515e+00 -3.3035860861e+00  3.7060360798e+00  4.8955187381e+00 -2.0026746799e+00  2.3913371626e+00 -1.2173973271e+00  5.8553905488e-01  4.2592777108e+00
ENERGY -6.450128527528e+02
GRADIENT  9.8527068335e-07 -9.2174040728e-06 -1.1108618967e-04  1.0319848452e-04 -3.5583578702e-05  7.6237848800e-05  1.1420848461e-05 -3.3508621696e-05  2.4195378126e-05  4.7443873090e-04  9.3296054813e-04  4.5886328418e-05 -4.7439115532e-06  2.6702738332e-05  1.9120577850e-05 -6.0301150380e-04 -1.8323676782e-03 -5.4987040239e-04 -1.0909326501e-06 -3.7013695147e-05 -2.4490291599e-05  1.4585363809e-04 -1.0396923873e-03 -9.7971298486e-04  3.5404785010e-05  3.3098160886e-05  2.4939763763e-05 -2.0225198139e-04  1.7825682264e-03  1.4225115927e-03 -9.9842267798e-06  1.7839798288e-05  3.1862966740e-05  2.3994727579e-05  7.5852048085e-05  7.2740209962e-05 -4.8061507350e-06  2.5713208053e-05 -2.8098596981e-05  1.4130132402e-05 -7.2589231341e-06 -1.0199823432e-05  1.4698184601e-05 -6.4483401102e-07  1.2083339693e-06 -2.5620273260e-06  7.4124175236e-06 -1.4239055112e-05 -3.4496963877e-06  1.9462600183e-05  1.3256423626e-05 -6.1829340389e-06  1.8721575033e-05 -7.8091581571e-06 -3.5900765905e-06  3.7748515152e-05  2.7242070306e-05  1.2069747738e-07  4.1603169468e-05 -4.0338595668e-05 -2.7127733668e-06  8.3974552334e-06  3.3108565179e-06

JOB 16
COORDS  1.8520325827e+00 -1.1740148622e+00 -2.8402093779e-02  7.4591772842e-01 -5.8083351775e-01  5.7950163216e-01  2.9143497533e+00 -1.6476249010e+00  7.4723570195e-01  1.7929736778e+00 -8.8545654384e-01  2.7542259578e+00  7.1605665132e-01 -4.4200293694e-01  1.9748604224e+00  2.8871691217e+00 -1.5109665336e+00  2.1437464152e+00 -4.7339021343e-01  2.1088780325e-01  2.5881174510e+00  3.9896360732e+00 -3.0736384174e+00  3.7631463857e+00  2.7490817012e+00 -3.5410939108e+00  4.1540062283e+00  3.9871966572e+00 -1.9452077616e+00  2.9350647468e+00 -1.4294093722e+00  6.3832072464e-01  1.9663176693e+00  5.0439314655e+00 -3.5608484692e+00  4.1586167358e+00 -4.0015087307e-01  2.8710370074e-01  3.9447547832e+00  1.8853998807e+00 -1.2816364304e+00 -1.1089288006e+00 -9.3915084813e-02 -2.1747349569e-01 -3.6868555355e-03  3.7671158270e+00 -2.1294834546e+00  2.7484148959e-01  1.7875720612e+00 -7.4583319768e-01  3.8294336103e+00  2.7886894619e+00 -4.4534194539e+00  4.5903030549e+00  1.9455774394e+00 -3.3704934956e+00  3.5619255879e+00  4.9084585551e+00 -1.8045833766e+00  2.5354400767e+00 -1.2198223389e+00  7.3151906038e-01  4.2340038363e+00
ENERGY -6.450119707044e+02
GRADIENT -2.3998919439e-05  2.3597535750e-05  2.1819363168e-04 -1.0499858754e-04  4.9294384425e-05 -1.1995713368e-04  6.7232635787e-05 -4.3430683861e-05 -5.3560353981e-05  8.3901152517e-04  1.6275897087e-03 -3.9931629626e-04 -5.7794690234e-05  3.1729635731e-06 -2.8675769671e-06 -7.7118497234e-04 -3.0082694284e-03 -6.2031262692e-04 -1.2612949741e-05  6.3936062041e-05  5.5567897736e-05  8.6524387393e-04 -8.8499108467e-04 -1.1649607649e-03 -1.1448528075e-04  6.6230027227e-05 -1.5510578622e-05 -7.0179387742e-04  2.4097109077e-03  2.3882410706e-03  2.5177639442e-05 -3.0688435495e-05 -7.3982058002e-05  2.1978782011e-05 -1.4740471277e-04 -1.1469876302e-04  5.4534144363e-06 -8.3814307885e-06  4.3354829218e-05 -2.9015409566e-07  8.0193485054e-06  1.9904062599e-05 -2.0084872848e-05  1.3807444114e-05  2.4446227161e-06  1.8630682327e-05 -1.1060004139e-05  1.6307013882e-05  4.7467712758e-06 -2.1750246308e-05 -1.6224336505e-05  2.3684835776e-06 -2.9900265086e-05 -1.5054707634e-05 -1.3837101867e-05 -6.0929569001e-05 -5.9243518213e-05 -2.0872718803e-05  2.1898147077e-05 -9.7574038687e-05  2.8533328121e-06  2.6143769133e-06 -1.1098786060e-05

JOB 17
COORDS  1.8718522934e+00 -7.7311032466e-01 -2.3448006440e-01  7.8654533493e-01 -4.1072462329e-01  5.6337503717e-01  3.0336086381e+00 -1.2894689538e+00  3.4809442980e-01  2.0158323591e+00 -1.1137977000e+00  2.5392251687e+00  8.6020484183e-01 -5.7710803758e-01  1.9541374330e+00  3.1094887198e+00 -1.4600248123e+00  1.7375741006e+00 -3.2072707814e-01 -1.8483396945e-01  2.7710885057e+00  4.5019727560e+00 -3.3872733543e+00  2.4879038369e+00  3.7329000836e+00 -4.2146830178e+00  1.6895104989e+00  4.2944218582e+00 -2.0168057749e+00  2.3107998734e+00 -1.3584230823e+00  2.6671903010e-01  2.3213597963e+00  5.3665269300e+00 -3.8076555584e+00  3.2503622255e+00 -1.3492677328e-01 -3.8084398252e-01  4.1052267612e+00  1.8207746370e+00 -6.4380389267e-01 -1.3118871987e+00 -1.2030600965e-01  6.5917991359e-04  1.3177392613e-01  3.8913033500e+00 -1.5639921116e+00 -2.5912439293e-01  2.0642369889e+00 -1.2611579472e+00  3.6132552065e+00  3.7709130530e+00 -5.1867181524e+00  1.9677786477e+00  2.8367400829e+00 -3.8857941306e+00  1.3526501369e+00  4.7323269437e+00 -1.4879325436e+00  3.0570087021e+00 -9.6193951167e-01 -9.3553302374e-02  4.5372269405e+00
ENERGY -6.450110491368e+02
GRADIENT  3.4510127675e-05 -7.1179335486e-05  4.6072495727e-04 -2.3526350821e-04  1.3187355121e-04 -1.3693843404e-04  2.1097430469e-04 -6.7368294146e-05 -1.9766168940e-04 -5.9337291778e-04 -1.4995669927e-03 -4.0073104979e-04 -4.4265995847e-05 -2.4372658280e-06 -2.6022527046e-05  6.1268479089e-04  2.3186829209e-03  1.2247192475e-03 -3.1508513552e-05  1.4082568945e-05  5.0245813514e-05 -9.0151606282e-04  8.9888449264e-05  1.5014363849e-03 -1.8656941555e-05  2.5485793122e-05  8.6256445907e-05  8.0166113591e-04 -1.1231093836e-03 -2.4232441926e-03  2.8144345220e-05 -3.7115169415e-06 -6.5884087764e-05  9.6890087753e-05 -3.5603471730e-06  9.0162541846e-06  1.2081650103e-05 -1.3349265952e-07  3.8372353923e-05  8.3130120734e-06  9.4631641019e-07  4.7246053644e-05 -2.9233391561e-05  1.6335670716e-05  1.3598848441e-05  3.9431588116e-05 -1.1337805774e-05  2.1723381431e-05 -7.3141561600e-06 -6.3512299553e-06 -3.1739596135e-05  2.8164093615e-06  2.1354247892e-05 -1.6940897596e-05  3.6218009579e-05  2.2100714746e-05 -5.9577456057e-05 -3.4100322817e-05  1.1385135385e-04 -5.5975285307e-05 -1.4151263841e-06 -2.8330917101e-07 -7.4915781012e-06

JOB 18
COORDS  1.8421698188e+00 -8.6969411788e-01 -1.9655392235e-01  7.6679536447e-01 -4.2886617084e-01  5.7512057577e-01  2.9864021126e+00 -1.3874509120e+00  4.1700746773e-01  1.9664740411e+00 -1.0685111927e+00  2.5915787978e+00  8.3366755722e-01 -5.2200041794e-01  1.9726577178e+00  3.0504454098e+00 -1.4942154886e+00  1.8150087721e+00 -3.3303687290e-01 -4.3270348198e-02  2.7635682709e+00  4.5518872283e+00 -3.3944850420e+00  2.4498327851e+00  3.9332435218e+00 -4.1873923386e+00  1.4988498991e+00  4.2134162792e+00 -2.0379988957e+00  2.4302350006e+00 -1.3485515023e+00  4.3197769456e-01  2.2884127706e+00  5.4004934099e+00 -3.8212557142e+00  3.2260343766e+00 -1.6194822839e-01 -1.8635165438e-01  4.1066689167e+00  1.8011319519e+00 -7.9312170326e-01 -1.2794739697e+00 -1.2393098852e-01 -9.7736134344e-03  1.1845671067e-01  3.8394178626e+00 -1.7076980795e+00 -1.7410800675e-01  2.0030278526e+00 -1.1613399089e+00  3.6722331632e+00  4.0627459504e+00 -5.1764410535e+00  1.6714520057e+00  3.0162518071e+00 -3.9211774395e+00  1.1611211630e+00  4.5348026484e+00 -1.5807015051e+00  3.2761135129e+00 -9.7776645489e-01  1.5579152388e-01  4.5195166934e+00
ENERGY -6.450120632272e+02
GRADIENT -4.5849060736e-06 -4.2120772707e-05  1.2045098944e-04 -1.0454153921e-04  5.8107021614e-05 -5.7095381414e-05  8.5140796610e-05  2.7239472429e-05 -5.6529382133e-05 -5.8767600013e-04 -1.5100872810e-03 -1.6122201050e-05  8.6068823487e-05 -6.2942260270e-05 -3.9220703555e-05  3.1019029285e-04  2.1504350504e-03  9.5672861983e-04  1.8660375522e-05 -1.3891180051e-05 -5.8968931540e-05 -1.0129724095e-03 -2.2839083589e-04  1.6022975345e-03  8.0563777777e-05 -5.8466432475e-05 -8.0761104921e-05  1.2196297647e-03 -3.8135672377e-04 -2.3190912430e-03 -1.7305075102e-05 -6.7800544918e-06  5.9827240087e-05 -5.3680655814e-06  3.8050689211e-05 -9.6894545376e-05 -1.4253849407e-05 -1.1974306773e-05 -3.1886428023e-05 -8.6379979702e-06  4.5362503070e-06  1.3539276845e-05 -1.8239319638e-05 -2.0485508296e-06  2.5463306564e-07  7.9340501117e-06 -1.0004536243e-05 -1.9970291948e-06  6.1673484441e-06 -8.0737388036e-06  7.4529529238e-06  8.6111066318e-06 -1.5529430065e-06 -9.1788292821e-06  7.6069766170e-06 -1.6496713259e-05  1.3118820778e-05 -3.2967830837e-05  2.4472791364e-05 -4.2016174837e-05 -1.1947916997e-06 -1.2618326475e-05  1.4907885561e-05

JOB 19
COORDS  1.7962862940e+00 -9.4953507362e-01 -1.5765570332e-01  7.3135266067e-01 -4.6086823458e-01  5.9924266481e-01  2.9231078708e+00 -1.4894930866e+00  4.6807794841e-01  1.9073806286e+00 -1.0948597093e+00  2.6312131867e+00  7.9438746819e-01 -5.2581584762e-01  1.9983666288e+00  2.9791193512e+00 -1.5770483211e+00  1.8691747530e+00 -3.5628246490e-01  7.1626064905e-03  2.7779810997e+00  4.6241850464e+00 -3.4152289762e+00  2.3851033623e+00  4.1236523180e+00 -4.1693762166e+00  1.3364799748e+00  4.1180077828e+00 -2.1207319572e+00  2.5142068708e+00 -1.3586034099e+00  4.9937407416e-01  2.2922396569e+00  5.5036750931e+00 -3.8209787641e+00  3.1381101416e+00 -1.8718961674e-01 -1.0539263760e-01  4.1245573060e+00  1.7638344034e+00 -8.9052212243e-01 -1.2420289977e+00 -1.4450497752e-01 -2.4085131315e-02  1.3090543026e-01  3.7687335687e+00 -1.8350273951e+00 -1.1871167873e-01  1.9371417389e+00 -1.1634527486e+00  3.7139143558e+00  4.3756166022e+00 -5.1471209117e+00  1.4151289911e+00  3.1753189736e+00 -3.9947525533e+00  1.0249563801e+00  4.3749508764e+00 -1.7198180214e+00  3.4087788007e+00 -9.9234981100e-01  2.7118806745e-01  4.5282021601e+00
ENERGY -6.450128960147e+02
GRADIENT -9.1030595627e-06  9.2549060015e-06 -4.0246854863e-05 -2.7688554420e-07 -1.4136736988e-05 -1.9811926150e-05 -1.2882483458e-04  4.4130162013e-05  9.2502595592e-05 -4.7742944739e-04 -8.9963702219e-04 -2.4633352178e-04 -3.9649963096e-05  2.0354974776e-05  7.5315414491e-05  4.4733164474e-04  1.0963491477e-03  6.3916675601e-04 -1.7435916306e-05 -2.7664055377e-06 -3.4056197610e-05 -5.5998182671e-04 -2.7905584625e-04  6.9091129804e-04 -8.6485613074e-06 -4.9323572473e-05  5.2612266801e-05  9.0879616062e-04  3.3832917534e-05 -1.2926757551e-03 -2.4035472473e-05  2.6617205712e-06  2.6328448878e-05 -4.2413057344e-05 -1.6077202435e-05  2.7181357265e-05 -6.1609003398e-06 -7.4621392346e-06 -9.6148138311e-06 -1.1845931716e-05 -6.7356920369e-07 -7.4579361844e-06 -2.6867615884e-06 -5.7506176670e-06  3.1100167151e-06 -7.4430336565e-06  1.0927905467e-05  2.0353430115e-05  1.1126250229e-05 -6.4820473909e-06 -2.7191573438e-05  5.7132775085e-06 -3.0890773583e-06 -1.2980066489e-05  7.3885608585e-06  2.6876323060e-06 -2.3040908357e-06 -3.0825377237e-05  4.3861019415e-05  9.8373474789e-06 -3.0834631754e-06 -7.4243165740e-06 -8.1399151598e-07

JOB 20
COORDS  1.7657552471e+00 -9.9802460460e-01 -1.4144312765e-01  7.1126243999e-01 -4.6110937525e-01  5.9634460580e-01  2.8654426699e+00 -1.5742863400e+00  4.9994169587e-01  1.8448023950e+00 -1.1111503174e+00  2.6472124088e+00  7.6042521112e-01 -5.0969840210e-01  1.9967116700e+00  2.9033367121e+00 -1.6506925877e+00  1.9032832587e+00 -3.7504472648e-01  7.7234700801e-02  2.7596054389e+00  4.6787848255e+00 -3.4078019558e+00  2.3458050325e+00  4.2720171549e+00 -4.1377895356e+00  1.2389154526e+00  4.0062175805e+00 -2.2120966628e+00  2.5844885456e+00 -1.3575590580e+00  5.9304666890e-01  2.2580537855e+00  5.6057109388e+00 -3.7577067530e+00  3.0697617302e+00 -2.1737796865e-01 -1.3728290741e-02  4.1095008180e+00  1.7488600860e+00 -9.4892567338e-01 -1.2267167691e+00 -1.4297787854e-01  1.5823873996e-03  1.1345298758e-01  3.7030517438e+00 -1.9495300582e+00 -7.8879351166e-02  1.8619671823e+00 -1.1632872855e+00  3.7311376437e+00  4.6500205153e+00 -5.0777494424e+00  1.2511372187e+00  3.2992144808e+00 -4.0774348614e+00  9.5968856205e-01  4.2378440155e+00 -1.8307617046e+00  3.4938540525e+00 -1.0117649500e+00  3.9809108335e-01  4.4998091100e+00
ENERGY -6.450132785139e+02
GRADIENT  1.5084491849e-05 -1.7979815867e-06 -3.5307136258e-05  3.3951678687e-05 -2.2977048211e-05  2.7424106864e-05 -5.8347862302e-05  1.5601955549e-05  2.6901739418e-05 -1.1173941513e-04 -1.9247683456e-04 -1.2511467543e-04 -1.3965229479e-04  7.2822115414e-05 -5.0894030611e-05  1.3560879611e-04  2.0909039601e-04  1.6134579484e-04 -3.8211536432e-05  2.8799165376e-05  1.5909951582e-04 -1.7824482428e-04 -1.6696924889e-04  1.6192293891e-04  2.8736781287e-06 -3.0182274829e-06  4.1999878623e-05  2.3878747535e-04  1.0199961203e-04 -2.9476219592e-04  7.3061946397e-05 -3.8765641136e-05 -1.7014831826e-04  1.8514683187e-05  1.2612331825e-05 -2.2935855720e-06  1.2118469857e-05 -7.5452843034e-06  9.9174573622e-05  2.6765287888e-06 -5.6804915812e-06 -7.4785825580e-06 -2.7835991837e-06 -1.9672490892e-06 -4.7634826980e-06  1.5898145570e-06  6.1450574866e-06  7.6635667738e-06 -1.7245624600e-07  5.7842728065e-06 -3.0232919528e-05  8.5032913820e-06  7.9857078285e-06  8.3981252665e-07  1.3132653262e-05  1.1847823330e-05 -6.2892375639e-06 -1.5048174086e-05  4.0524708049e-06  3.7886387286e-06  1.8367818634e-06  2.7620434905e-06 -1.6705753878e-05

JOB 21
COORDS  1.8651805197e+00 -9.9866464948e-01 -1.6031506117e-01  7.4949213384e-01 -5.0506756888e-01  5.1797534422e-01  2.9925914832e+00 -1.4492307022e+00  5.2926454704e-01  1.8873070029e+00 -9.3253818884e-01  2.6218457325e+00  7.6773191251e-01 -4.7122524978e-01  1.9191980665e+00  3.0057154856e+00 -1.4165310138e+00  1.9349891950e+00 -3.7976476836e-01  3.7643296942e-02  2.7143539685e+00  5.0320242104e+00 -2.8191702159e+00  2.3332231191e+00  5.9165510802e+00 -3.1395946895e+00  3.3642013800e+00  4.1249443301e+00 -1.8263542000e+00  2.6949180857e+00 -4.1767287076e-01  9.1866286098e-02  3.9323009570e+00  5.0523574768e+00 -3.3814401939e+00  1.2458926249e+00 -1.4234448066e+00  4.5503781002e-01  1.9455271940e+00  1.8644313797e+00 -1.0325170441e+00 -1.2463576868e+00 -1.2150082782e-01 -1.5211522542e-01 -2.2414223187e-02  3.8483281661e+00 -1.8389287843e+00 -5.9145160771e-03  1.8641480054e+00 -9.0289708532e-01  3.7083172137e+00  6.6853574866e+00 -3.7117195678e+00  3.0343914073e+00  6.2092509918e+00 -2.3862999373e+00  3.9767028920e+00  4.0331797677e+00 -1.6639333848e+00  3.6905035971e+00 -2.1069906434e+00  7.6161388025e-01  2.5711295517e+00
ENERGY -6.450134772617e+02
GRADIENT -2.0546686978e-05  6.1448189400e-06 -2.5526743703e-05  6.7358071773e-05 -4.0983767592e-05  1.4555067051e-05  4.7039428810e-05 -1.0377446139e-06  2.1892939325e-05 -4.2460867469e-04 -1.0019074009e-03  2.7852006428e-05 -1.8431439696e-05  2.1419451524e-05  1.0074665047e-04  1.9553573607e-04  1.0184552514e-03  2.2899808055e-04 -8.3921480072e-05  2.4103472828e-05 -1.7072850453e-05 -7.2871850233e-04 -7.7031062568e-04  4.8411269298e-04 -2.5799585260e-05 -2.0403955241e-05  9.2955450380e-05  8.9048661994e-04  6.5028721997e-04 -8.2676650349e-04  7.5666410065e-05 -3.6414415676e-05 -2.2576566848e-06  1.7687754444e-05  1.9174308654e-05 -1.7768434291e-05 -3.9084787515e-05  1.8019441876e-05 -3.2483365106e-05  1.0686322618e-05 -7.0633141595e-06 -2.5931677698e-06  1.0041842788e-05 -5.6020290550e-06  9.3878868010e-06  4.0698716731e-06 -1.7302283392e-06 -7.6239120824e-06 -4.3598588857e-06 -1.9924236399e-06 -7.1337478394e-07  1.0245350562e-05  3.2553519590e-06 -9.2291302200e-06  3.2864237508e-05  2.1694100203e-05 -1.3646279491e-05 -1.1399533392e-05  8.6791526479e-05 -1.3255208692e-05  1.1102918368e-06 -5.6241539113e-06 -4.2110820534e-06

JOB 22
COORDS  1.8364274440e+00 -1.0327235501e+00 -1.5266163243e-01  7.3994993480e-01 -4.9652977424e-01  5.2344720903e-01  2.9453147941e+00 -1.5314246329e+00  5.3502370204e-01  1.8627178622e+00 -9.6355654429e-01  2.6268929327e+00  7.6040084782e-01 -4.6413237824e-01  1.9250149177e+00  2.9610773842e+00 -1.4972325860e+00  1.9414657288e+00 -3.6574486934e-01  8.8763213337e-02  2.7215283650e+00  5.0966910739e+00 -2.7647756887e+00  2.3023860174e+00  5.9552196946e+00 -3.1110940418e+00  3.3478631618e+00  4.0485917251e+00 -1.9533202302e+00  2.7163601208e+00 -4.0030385285e-01  1.4537110798e-01  3.9395140999e+00  5.2542553619e+00 -3.1755713382e+00  1.1588081885e+00 -1.3936769493e+00  5.4466637063e-01  1.9536748053e+00  1.8350691736e+00 -1.0671569758e+00 -1.2387500689e+00 -1.1686683541e-01 -1.1079987403e-01 -1.7122987655e-02  3.7845508492e+00 -1.9557855495e+00  1.0625080394e-03  1.8430987943e+00 -9.2464881066e-01  3.7132374908e+00  6.8053958650e+00 -3.5428638597e+00  3.0045153015e+00  6.1203913836e+00 -2.4154079532e+00  4.0668445744e+00  3.9121831027e+00 -1.8809841368e+00  3.7169249443e+00 -2.0641997031e+00  8.7795865080e-01  2.5797127444e+00
ENERGY -6.450139460149e+02
GRADIENT -6.3838806079e-07  5.7999263561e-06  8.7089464780e-05 -2.4601429517e-05  1.4716277168e-05 -2.9868442224e-05  6.6628661911e-05 -5.4825707965e-05 -4.3202560930e-05 -1.6848083128e-04 -3.7939357003e-04  2.1811781221e-05  1.0004546208e-05 -2.5636911792e-06  1.7783692781e-05  6.5657302674e-05  3.3597458554e-04  1.6340704419e-05 -3.4347117530e-05 -1.0521035671e-05 -1.5725087644e-05 -2.3867829522e-04 -4.1572294717e-04  2.0707689652e-04  5.4975556898e-05  4.2959691463e-06 -7.6526182873e-05  2.9355169980e-04  5.5163303041e-04 -2.5041063523e-04  3.2465952570e-05 -9.0699065021e-06 -3.4768997311e-06 -4.7573712920e-06  1.0897173235e-05  1.8879596272e-05 -1.2046981055e-05  5.3848809176e-06 -1.3957435094e-05  6.7580593158e-06 -2.6564670049e-06  6.6549926265e-06 -1.3854027746e-06 -1.2758941201e-06 -2.4393156497e-07  1.7444603634e-05 -3.8210631641e-08 -3.1142525489e-06 -1.1322491974e-06  4.2343339778e-06  2.1086320990e-07  4.6899117042e-06  2.7882736442e-06  1.1724611034e-05 -1.7120709670e-05 -1.8336605598e-05  8.7903610812e-06 -3.4235992979e-06 -4.6585840410e-05 -4.7632338456e-06  1.1513184694e-06 -5.6960570577e-06 -4.5167800608e-06

JOB 23
COORDS  1.8213485824e+00 -1.0825197303e+00 -1.6416171228e-01  7.4261966981e-01 -5.0860925529e-01  5.0906971336e-01  2.9097520677e+00 -1.6225067686e+00  5.2563794889e-01  1.8460356526e+00 -1.0092915873e+00  2.6147929302e+00  7.6148665023e-01 -4.7608846579e-01  1.9108672330e+00  2.9250541097e+00 -1.5859264136e+00  1.9322664894e+00 -3.4528294944e-01  1.1784178053e-01  2.7051336943e+00  5.1488708789e+00 -2.7058327953e+00  2.2833655809e+00  5.9890337081e+00 -3.0722001408e+00  3.3380727364e+00  3.9821420855e+00 -2.0942820767e+00  2.7146182130e+00 -3.7922824638e-01  1.7870132132e-01  3.9229649254e+00  5.4195029242e+00 -2.9526003602e+00  1.1134254451e+00 -1.3559379454e+00  6.0728513919e-01  1.9351977701e+00  1.8210826763e+00 -1.1176304020e+00 -1.2502591500e+00 -9.9321585679e-02 -9.3897399718e-02 -3.3392349308e-02  3.7376213955e+00 -2.0724542875e+00 -4.9798148667e-03  1.8288227842e+00 -9.6264981008e-01  3.7008605806e+00  6.9009977491e+00 -3.3599887448e+00  3.0022857571e+00  6.0357782832e+00 -2.4493420422e+00  4.1369221034e+00  3.8133935357e+00 -2.0936509273e+00  3.7124875306e+00 -2.0146405043e+00  9.6609310661e-01  2.5596801987e+00
ENERGY -6.450140323549e+02
GRADIENT  2.9864212561e-06 -1.0768986042e-06  1.1468283962e-05  2.3896570481e-05 -5.7039221549e-06 -3.7619668918e-06  1.5144611590e-05 -3.8129739272e-05 -2.9494714893e-05  7.4707447099e-05  1.2713166127e-04 -6.2971937657e-05 -4.3822278937e-05  1.6169717363e-05  9.5473119631e-06 -1.2746526572e-05 -9.8493719937e-05  2.5603632347e-05  5.6830365722e-06 -6.5096758395e-06 -1.6507366696e-05 -1.1457086623e-04  3.3474614939e-05 -5.1914358823e-05  8.1803499439e-05 -8.8703342095e-06 -1.3793128623e-05 -1.3275072934e-04 -1.3192825037e-04  6.1402274214e-06 -3.3029147543e-05  2.8851563814e-05  7.5399353444e-06  5.5755600784e-05  6.8948760688e-05  2.3709801442e-05  1.7165124446e-05 -7.0176552754e-06  2.8277855647e-05  8.6481166030e-07 -7.6560215309e-06 -1.9128541068e-06  9.0959123251e-07 -3.3406702606e-06  3.7737227588e-06  9.7104197710e-07  3.9902686762e-06 -5.3586243667e-07  3.7780246322e-06  6.9881768192e-06 -1.2822593575e-05  3.0058927867e-05 -2.3435324952e-05  3.2194494505e-05  1.9766544510e-06  1.8707546543e-05 -1.0025235860e-05  1.7127416321e-05 -1.3252155450e-05 -6.3531884056e-07  7.4746289769e-06  1.1957574689e-06 -3.7188051409e-06

