JOB 0
COORDS  1.8415309169e+00 -1.1380326889e+00 -7.9109659580e-02  7.6160546105e-01 -5.4264362330e-01  5.7247677573e-01  2.9034848287e+00 -1.6870238803e+00  6.3884972702e-01  1.8109315533e+00 -1.0379939678e+00  2.7132347062e+00  7.4381753074e-01 -4.9423398216e-01  1.9779247276e+00  2.8873242447e+00 -1.6331369185e+00  2.0450479143e+00  4.1092862949e+00 -2.5021740631e+00  4.0681740205e+00  5.6352787830e+00 -3.3512909164e+00  5.7816363933e+00 -3.6421591294e-01  3.9732154357e-02  2.6546371219e+00  4.0038312409e+00 -2.1744270975e+00  2.7210584241e+00  5.3098816808e+00 -3.1337441879e+00  4.3745043198e+00  3.2437169901e+00 -2.2852396348e+00  4.9117080141e+00  1.8548688867e+00 -1.1787028889e+00 -1.1653547430e+00 -6.7088583801e-02 -1.2942178728e-01  2.2005190533e-03  3.7383465056e+00 -2.1497042656e+00  1.1662505444e-01  1.7977289946e+00 -1.0210144136e+00  3.7954099105e+00  5.8553420021e+00 -2.4170316111e+00  6.3139849522e+00  6.5008279421e+00 -4.0158494485e+00  5.8417698451e+00  4.7870533125e+00 -3.8298882315e+00  6.2717961783e+00 -8.6289480728e-01  7.5483535572e-01  2.1379296540e+00 -1.6601571565e-01  3.4119545400e-01  3.6018892307e+00  4.6849644222e+00 -2.6056688074e+00  2.1092640407e+00  6.0968269571e+00 -2.9145687056e+00  3.7757126725e+00
ENERGY -5.510800463307e+02
GRADIENT -5.1217817265e-06  7.0249211542e-06  3.1507046939e-05 -1.7481368468e-05 -5.3045581383e-06 -9.4739384049e-06 -2.6497736345e-04 -6.7318734108e-04 -2.3906120898e-06 -4.6651326858e-06 -1.2637279520e-05  6.8509379416e-05  3.1862641204e-05 -8.7029424698e-06 -8.8325005769e-06  2.2757646469e-04  4.9590545512e-04 -1.7050660980e-04 -2.0349534539e-04 -7.0909133439e-04 -1.4554199160e-04 -1.8749785826e-06 -8.6646115456e-06 -5.9744373547e-06 -6.7228303708e-06  5.2953713197e-06 -2.2741074265e-05  2.7914584390e-04  1.0205896070e-03  2.2251884481e-04 -2.0369703766e-05  1.1084503636e-05  6.2682941142e-06 -2.7583656689e-05 -3.2008450975e-05 -1.2663930687e-05  1.5231849503e-06 -1.8980278089e-06  3.2369741313e-06 -4.8602262933e-06 -4.5831227500e-07  8.1356137981e-07  4.6810393157e-06 -8.0394980486e-07 -9.6464951752e-06  5.5004381887e-06  9.7075646929e-06  1.1171196956e-05 -9.3799661224e-07  4.9800553816e-06 -6.2271410179e-06  7.1059585159e-07  1.3130226187e-06 -6.0368835679e-07  2.2339377232e-06  1.4801496246e-06  8.5530000562e-07  1.1697386203e-05  1.3546960548e-05  7.1484151691e-06 -5.7480626286e-07 -1.3912111677e-05  5.3859640239e-06 -1.0324621902e-05 -5.0605453980e-05  2.1578800717e-05 -7.5240727138e-06 -2.2870660106e-05 -9.8997456413e-06

JOB 1
COORDS  1.8008730045e+00 -1.2385565859e+00 -5.3807357664e-02  7.3342202320e-01 -6.1973380586e-01  5.9561947985e-01  2.8980127152e+00 -1.7194149949e+00  6.6187541423e-01  1.8701049562e+00 -9.3928683075e-01  2.7233058282e+00  7.6344500730e-01 -4.7287139772e-01  1.9946122820e+00  2.9326435927e+00 -1.5610727903e+00  2.0583420312e+00  4.1277407607e+00 -2.5018961976e+00  4.0502725817e+00  5.6103477940e+00 -3.4374103509e+00  5.7570464907e+00 -3.3283834156e-01  8.4560844151e-02  2.6715433163e+00  4.0842655787e+00 -2.0186856867e+00  2.7425184935e+00  5.3497273542e+00 -3.0850057215e+00  4.3637963015e+00  3.1987726910e+00 -2.4374267277e+00  4.8488791411e+00  1.7742256299e+00 -1.3571432413e+00 -1.1340771914e+00 -1.2454504022e-01 -2.6433838449e-01  2.9600150507e-02  3.7192150425e+00 -2.2108116147e+00  1.4446706728e-01  1.8942829263e+00 -8.4688881172e-01  3.8020476316e+00  5.7376507513e+00 -2.5562317903e+00  6.3989467855e+00  6.5135750699e+00 -4.0512112041e+00  5.7999904002e+00  4.7698345756e+00 -4.0174952366e+00  6.1389014870e+00 -8.6236332836e-01  7.5497999038e-01  2.1264290609e+00 -1.1181992619e-01  4.5029828914e-01  3.5906252061e+00  4.7990744359e+00 -2.3869297373e+00  2.1270305605e+00  6.1507522525e+00 -2.7504688594e+00  3.8418657560e+00
ENERGY -5.510793779428e+02
GRADIENT -1.4662405122e-05 -1.0954021631e-05 -1.5812761997e-04  2.4868151122e-05 -1.9646945269e-05  1.9587736579e-05 -6.9543717433e-04 -1.2728229423e-03  2.3937853759e-04 -2.6594456503e-06  3.3936629737e-05  1.5498102232e-04  7.8607097151e-05 -5.2867452381e-05 -3.4060217907e-05  7.7299140069e-04  1.0884242963e-03 -5.5873415637e-04 -2.5191770595e-04 -1.4044330769e-03 -4.6697170915e-04 -1.6201652440e-05 -1.3501123928e-05 -1.2857394467e-05  2.6052420075e-05 -1.8477854930e-05 -2.9337024812e-05  1.0907014006e-04  1.6570180189e-03  9.2442858248e-04  1.2936941305e-05  5.2847581701e-05 -9.5154093942e-05 -8.6278271085e-05 -2.4224632221e-05 -1.5475699817e-06 -2.0902452696e-06  1.2682227042e-06 -1.7954589009e-05  9.4661854687e-06 -9.5023617019e-06 -1.3436454658e-05 -1.9850887600e-05  3.8807235047e-06 -4.3773407252e-06  5.9938125654e-06 -6.0744159112e-06  2.2645734096e-05 -5.2424992723e-06  2.4307060448e-06 -4.6148473980e-06  1.3241182888e-06  1.5153265525e-06 -6.0474158148e-06  2.3432286457e-06  1.0185578193e-06  1.8190703301e-06  1.4339469050e-05  1.0267729407e-05 -1.1243227021e-06 -1.1307610658e-07 -1.6991840583e-05  9.8934533318e-06  2.6424238196e-05  8.5839902697e-06  2.6778933789e-05  7.5607609143e-06 -1.9638193836e-05 -1.0493640581e-05

JOB 2
COORDS  1.7632692265e+00 -1.3459493750e+00 -1.9667768098e-02  7.0422462402e-01 -6.9877023264e-01  6.1513288173e-01  2.8913375125e+00 -1.7535179972e+00  6.9566319634e-01  1.9116711005e+00 -8.2923955225e-01  2.7196036530e+00  7.7087758402e-01 -4.4339654045e-01  1.9976779896e+00  2.9649791173e+00 -1.4805480797e+00  2.0707559891e+00  4.1316342863e+00 -2.4971622331e+00  4.0202710558e+00  5.5678461759e+00 -3.5182318346e+00  5.7171696540e+00 -3.1728423671e-01  1.4292555881e-01  2.6632748252e+00  4.1388655429e+00 -1.8572280530e+00  2.7749870003e+00  5.3714198170e+00 -3.0255461026e+00  4.3561702259e+00  3.1482149510e+00 -2.5904742784e+00  4.7452023387e+00  1.7038860578e+00 -1.5487309856e+00 -1.0859966189e+00 -1.7758154575e-01 -4.0381579422e-01  5.0836335732e-02  3.7032368816e+00 -2.2760485923e+00  1.9474723799e-01  1.9705085660e+00 -6.4931923996e-01  3.7869745328e+00  5.5800056262e+00 -2.7109499792e+00  6.4606934069e+00  6.5134077336e+00 -4.0646357261e+00  5.7591184991e+00  4.7541512774e+00 -4.1992135760e+00  5.9681860499e+00 -8.7907841050e-01  7.5614051787e-01  2.0841676733e+00 -7.8383734571e-02  5.8530048072e-01  3.5432905034e+00  4.8907658184e+00 -2.1502690668e+00  2.1620565639e+00  6.1745145117e+00 -2.5744833644e+00  3.9345992045e+00
ENERGY -5.510782810423e+02
GRADIENT -8.7899001582e-07  7.2446534830e-06  5.0158353156e-05 -9.1534935792e-06  1.5861764876e-05 -1.3077816300e-05 -8.3924666221e-04 -1.9724811055e-03  4.0815107119e-04  2.8299268035e-06 -9.4208360312e-06 -8.8461933933e-06 -1.6506723259e-05  4.6722506523e-06 -3.7423505954e-06  1.2802231319e-03  1.7466455553e-03 -1.2898000691e-03 -2.7629971709e-05 -1.9637567516e-03 -1.0002165958e-03 -2.3810079294e-06  7.5529374894e-06  7.2270693499e-06  3.8013444335e-07  9.5737745414e-08  1.6986077624e-05 -3.6752098468e-04  2.2104070284e-03  1.9390496249e-03 -8.6993793087e-06 -4.5467907946e-05 -1.7807550738e-05  4.3388892858e-06 -2.2200247957e-05 -2.2962888453e-05  2.6766583831e-06  5.0195668123e-06  3.1806475792e-06 -3.3628576520e-06  5.0608553779e-06 -3.2763862822e-06  5.1542293996e-06 -2.0258399489e-06 -2.0718553331e-06 -8.0494504287e-06 -1.2192318147e-06 -3.0670134783e-06 -1.6169449741e-05  1.1132031551e-06 -1.2963457340e-06 -3.8698728228e-07  8.5642331495e-06  7.6157654180e-07  2.0770413791e-06 -9.0759193693e-06 -1.5001401421e-06 -1.2472699754e-05 -1.1476437918e-05 -7.0137973910e-06 -4.3018191719e-06  1.1711146658e-05 -1.0165170480e-05 -3.6507328700e-05  4.1982728932e-05 -8.0414509466e-05 -4.4818810525e-06  3.0468149061e-06 -8.4672442444e-07

JOB 3
COORDS  1.7250269594e+00 -1.4567942767e+00  3.1851549929e-02  6.7038626317e-01 -7.7547027945e-01  6.3763694858e-01  2.8754808877e+00 -1.7880231211e+00  7.5265060614e-01  1.9255574458e+00 -7.0965336090e-01  2.7127729093e+00  7.5983406221e-01 -4.0452782304e-01  1.9926549727e+00  2.9740466710e+00 -1.3944556597e+00  2.0946552259e+00  4.1213610398e+00 -2.4919321122e+00  3.9865895165e+00  5.5259116822e+00 -3.5937668665e+00  5.6601876842e+00 -3.2462465196e-01  2.1670257476e-01  2.6320532181e+00  4.1571425492e+00 -1.6976963008e+00  2.8289391620e+00  5.3766823235e+00 -2.9585932739e+00  4.3533073518e+00  3.1011565263e+00 -2.7463625834e+00  4.6133845703e+00  1.6430006137e+00 -1.7488955462e+00 -1.0120064823e+00 -2.2859073186e-01 -5.4209919542e-01  7.1432719504e-02  3.6831330770e+00 -2.3438670170e+00  2.8224109329e-01  2.0116375359e+00 -4.3688613932e-01  3.7597526677e+00  5.4344956146e+00 -2.8803777117e+00  6.4893500824e+00  6.5041606565e+00 -4.0791383457e+00  5.7053918462e+00  4.7494280658e+00 -4.3503700861e+00  5.7758772860e+00 -9.1041253645e-01  7.6975356974e-01  2.0172168872e+00 -7.5543519902e-02  7.3537552243e-01  3.4663622014e+00  4.9506364862e+00 -1.8938295698e+00  2.2287148209e+00  6.1619624174e+00 -2.3956774459e+00  4.0485958950e+00
ENERGY -5.510767616704e+02
GRADIENT  4.9088128270e-05 -3.3668042897e-05 -9.0717653090e-05  1.0756924112e-04 -4.8575713445e-07  1.2076463324e-04 -1.1280991583e-03 -2.4822865491e-03  7.9362855139e-04  4.7303534958e-05  5.4051558326e-05  1.5597195356e-04 -9.0078895529e-05 -3.2467799042e-05 -4.9429560102e-05  1.7755401240e-03  2.3986231264e-03 -2.1474848916e-03  2.6095605625e-04 -2.5489276948e-03 -1.6119995428e-03 -9.5344048013e-07  6.3817306019e-06  2.1229686393e-05  2.9465575576e-05  5.2711295656e-06  3.5575557686e-05 -1.1580989772e-03  2.4384836932e-03  2.8371392252e-03  6.4426395148e-05 -2.4203975112e-05 -1.4477396167e-05  7.3403038675e-05  1.1681460633e-04 -4.6344607572e-05  1.0835723951e-05 -1.1249792918e-05 -5.9840693675e-06  2.1190895668e-05 -9.6821513608e-06  2.0210057849e-06  1.6915047613e-05  8.0908334068e-06 -1.5904913876e-05 -1.0571787381e-05  1.4661234104e-05  1.4640660950e-05  2.1652999042e-06 -1.0626788908e-05  6.3877604260e-06  5.7150655003e-06  1.6016188467e-06 -6.9302334624e-06  4.4077231920e-06 -1.2348390928e-06  2.2956180075e-06  2.0361343176e-06 -1.6050732708e-06 -2.5178967639e-06 -1.8467959550e-06  2.0995137082e-06  3.2893487917e-06 -4.5679126302e-05  2.8772909916e-05 -6.2278741635e-06  2.7059588353e-05  1.7706547208e-05  3.2568302090e-05

JOB 4
COORDS  1.7012947468e+00 -1.5750527206e+00  1.0966690607e-01  6.5732977850e-01 -8.4144680308e-01  6.7182310043e-01  2.8627802957e+00 -1.8464434628e+00  8.3879733026e-01  1.9425896161e+00 -6.0510912103e-01  2.7121722934e+00  7.6519218571e-01 -3.5635723761e-01  1.9887345596e+00  2.9807882167e+00 -1.3398558806e+00  2.1391420144e+00  4.1439781124e+00 -2.5285987495e+00  3.9460364552e+00  5.5458967236e+00 -3.6833810017e+00  5.5856626342e+00 -3.0847832396e-01  3.2036215239e-01  2.5887617558e+00  4.1657432736e+00 -1.5856611054e+00  2.9032442172e+00  5.4165946732e+00 -2.8968176113e+00  4.3617498946e+00  3.1186510915e+00 -2.9774139354e+00  4.4406085179e+00  1.6012477176e+00 -1.9544495839e+00 -9.0410856198e-01 -2.4924818266e-01 -6.5398445910e-01  1.0043895350e-01  3.6615398772e+00 -2.4458484897e+00  4.0938931393e-01  2.0510017535e+00 -2.4291116108e-01  3.7307069730e+00  5.2995607131e+00 -3.1065186557e+00  6.4863934170e+00  6.5722629424e+00 -4.0517908540e+00  5.6603155492e+00  4.8669285695e+00 -4.5348836918e+00  5.5319919047e+00 -9.0687423678e-01  8.1453699903e-01  1.9370071480e+00 -4.5065803425e-02  9.1403319724e-01  3.3667573949e+00  4.9989073189e+00 -1.6475864246e+00  2.3273692097e+00  6.1437766412e+00 -2.2093253470e+00  4.2039079104e+00
ENERGY -5.510750052301e+02
GRADIENT -3.7796071188e-05 -4.1492564527e-05 -8.8807659529e-05  4.2933041281e-05 -2.0022908105e-05 -1.9170911529e-06 -1.2508450222e-03 -2.2707570739e-03  1.0866154835e-03 -5.6564071050e-05 -3.9324151385e-05 -1.1469221329e-04 -1.1736825231e-05  3.5786624845e-05  6.5552264142e-05  2.1986547924e-03  2.5758263792e-03 -2.3551858259e-03  9.8424465899e-04 -1.7852955454e-03 -1.8062075546e-03  2.5892089016e-05 -6.5688171553e-07 -5.6826997888e-06 -1.0284243277e-05  7.6994466453e-06 -1.4861619655e-05 -1.7651617153e-03  1.8015332550e-03  3.2066750310e-03 -9.8875823265e-05 -1.1062729694e-04  1.4199176812e-04  4.4915231996e-05 -5.3890169038e-05 -4.4619079895e-05 -8.0593633606e-06 -2.9937512116e-06 -8.7475225872e-06  4.5153802260e-06 -2.2420894189e-06  7.0903916730e-06 -2.2825051245e-05 -5.0360620285e-06  1.1938383202e-05  6.4617878874e-06 -1.0234678265e-05 -8.8965488525e-06 -5.5151040376e-06  3.8909656798e-06 -2.2743077294e-06  1.8550433554e-06  2.2655825762e-06  1.6511624893e-05  1.3407685497e-05 -1.1579544002e-05 -2.0166731816e-06  3.3711026928e-06  4.1387008080e-06  6.6851793113e-06  4.3697334322e-06 -1.6991560338e-06  4.8987050867e-06 -1.3710890583e-05 -3.5782218377e-05 -7.3916365400e-06 -1.4077648205e-05 -3.5870960973e-05 -3.9307590702e-05

JOB 5
COORDS  1.6742152727e+00 -1.6828270674e+00  1.9347252997e-01  6.4384047997e-01 -8.8340300899e-01  6.8857147840e-01  2.8295595585e+00 -1.9127766623e+00  9.4585633565e-01  1.9267363357e+00 -5.0606119395e-01  2.7066391816e+00  7.5627218769e-01 -2.9082869406e-01  1.9595571845e+00  2.9506206561e+00 -1.3054409444e+00  2.2009113004e+00  4.1640842984e+00 -2.5795834400e+00  3.9035333237e+00  5.5919569088e+00 -3.7654197671e+00  5.4978809172e+00 -3.0389381490e-01  4.5707656496e-01  2.4961111394e+00  4.1283749846e+00 -1.5043780895e+00  3.0000546040e+00  5.4436871809e+00 -2.8365894898e+00  4.3804171901e+00  3.1774495355e+00 -3.2199269808e+00  4.2413147922e+00  1.5678085891e+00 -2.1426088170e+00 -7.8578727829e-01 -2.5664624116e-01 -7.2603563834e-01  9.8516315871e-02  3.6190492554e+00 -2.5601990779e+00  5.7397272207e-01  2.0439096969e+00 -6.2146366960e-02  3.6918909034e+00  5.2038716947e+00 -3.3584795055e+00  6.4405504960e+00  6.6513486726e+00 -4.0074880127e+00  5.6162692211e+00  5.0426222234e+00 -4.6799369761e+00  5.2723009484e+00 -8.9662423704e-01  8.9763896569e-01  1.8020306532e+00 -2.7442097908e-02  1.1177262095e+00  3.2132154924e+00  4.9904657286e+00 -1.3906720018e+00  2.4766315043e+00  6.0711573534e+00 -2.0411366454e+00  4.3874908472e+00
ENERGY -5.510734650866e+02
GRADIENT -4.6054715214e-06  9.3027244190e-06  2.8790315667e-05 -3.9231810935e-05  4.2145864394e-06 -3.4117519770e-05 -8.7203939105e-04 -1.6384465980e-03  9.0855790455e-04 -1.8150923465e-05  2.9018557989e-06 -2.1069894996e-05  1.7715348213e-05 -2.0436283919e-05  1.1778769899e-05  1.7029810933e-03  1.9187289312e-03 -2.0166526514e-03  8.7011055561e-04 -1.3972383939e-03 -1.6692572811e-03  8.5681907921e-06  7.9007961020e-06  9.8445929337e-06  2.5412505518e-07 -6.7197154373e-06 -1.2525678035e-05 -1.5414274857e-03  1.0128327743e-03  2.6691635721e-03 -7.3278546402e-05  6.6789295456e-05  9.2677300089e-05 -3.0315530634e-05  5.5806757585e-05  6.9731767388e-05 -1.5363655120e-07  4.5565411510e-06  6.4281473909e-07 -4.4253791890e-06 -1.5787841485e-07 -2.5276752417e-06 -4.4532439874e-06 -6.1273300939e-06  8.3215145353e-06  2.8354101332e-06 -4.4584264774e-06 -5.3439112244e-06  1.9342801192e-06 -7.5715425048e-06  4.3558024109e-07 -4.6023701538e-08  1.1094903459e-05  2.1160620123e-06  5.4416101103e-06 -3.7077330725e-07 -9.9298477268e-06  2.3075189086e-07  4.7099939843e-07 -1.1617629892e-06  7.2365536603e-07 -4.4681610447e-06  2.3763904607e-06 -3.6029719497e-05 -1.5542341969e-05 -1.7998292473e-05  2.6203977839e-05 -4.9562830148e-06 -1.4877849155e-05

JOB 6
COORDS  1.9118191007e+00 -6.9764092129e-01 -1.6945256681e-01  7.4376850249e-01 -5.8106655671e-01  5.8631593435e-01  3.1312261256e+00 -1.0182568458e+00  4.3001258518e-01  1.9968956119e+00 -1.1492966659e+00  2.5748706161e+00  7.7482215405e-01 -8.0157196144e-01  1.9739557520e+00  3.1609288836e+00 -1.2594407837e+00  1.8075429419e+00  5.0300488773e+00 -2.7763698668e+00  2.3076889583e+00  6.6455938886e+00 -4.3352432282e+00  3.3015895384e+00 -4.0543181081e-01 -7.5074057351e-01  2.7378473793e+00  4.4065085161e+00 -1.5297602495e+00  2.4551281323e+00  6.0202314598e+00 -3.0197256266e+00  3.2431355780e+00  4.7766973239e+00 -3.5499591549e+00  1.3912330829e+00  1.8718706188e+00 -5.1785904699e-01 -1.2407533531e+00 -1.9623908850e-01 -3.2281558101e-01  1.0320226287e-01  4.0441411507e+00 -1.1012689370e+00 -1.4885496063e-01  2.0335662445e+00 -1.3571195606e+00  3.6432896473e+00  6.0004267513e+00 -5.0884566829e+00  3.7723478159e+00  7.5801783890e+00 -4.2595613761e+00  3.8636962864e+00  6.8671006867e+00 -4.6640026681e+00  2.2858011657e+00 -1.1291200094e+00 -1.6689532954e-01  2.3338611161e+00 -2.5777232452e-01 -5.1533293591e-01  3.7127627556e+00  4.4942054536e+00 -1.1008296831e+00  3.3690430003e+00  6.0236886313e+00 -2.4726836904e+00  4.0938017557e+00
ENERGY -5.510730253651e+02
GRADIENT -4.2587363502e-05  6.0030004215e-05 -2.7952184763e-04  4.9505606345e-04 -1.3298267803e-04  2.1221569718e-04  4.9722288156e-04  3.0432460408e-03  4.6018662341e-04  3.1045038332e-05 -7.5547433918e-06  3.9450068146e-05 -2.9770147209e-04  3.8225119716e-05  1.6084288804e-04 -1.3692271932e-03 -5.0624592990e-03  3.0318381844e-04 -1.7258350708e-03 -8.5824751700e-04  2.4419876719e-03 -5.1638089814e-05 -1.3612617560e-05  3.4143748697e-05 -6.4564022489e-05  2.2585271647e-05  1.0267086975e-04  2.2620737939e-03  2.8408295556e-03 -3.2860401063e-03  2.0461527125e-04  5.3878309056e-05 -9.2816418644e-05 -7.0896385492e-06 -1.1611900762e-05 -3.5281791200e-06  4.3709262313e-05 -1.9310539822e-06 -3.4990419559e-05  5.1771256370e-05 -1.5223143040e-05  3.4755806011e-05 -1.3547632516e-05  9.8223251037e-06 -5.0334763418e-05 -4.3399983887e-05  8.4321860351e-06  1.3153991779e-06 -1.2020009481e-05 -8.5890291111e-06 -3.0341136359e-05 -1.8163154853e-05  6.8522010370e-06  1.4991185662e-05  2.4694099055e-05  5.1567528415e-06 -8.9488331908e-07 -3.4009368293e-06 -1.0526987249e-05  9.0708311867e-06 -2.7852017520e-05 -3.6442912175e-06  4.3312601164e-06  3.6248574616e-05  1.1447611648e-04 -1.1144127789e-04 -2.8992931855e-05 -2.9024343399e-05  3.2349536722e-05

JOB 7
COORDS  1.8952958769e+00 -8.2307861432e-01 -1.5318119957e-01  7.2774485359e-01 -5.9977590060e-01  5.7923856769e-01  3.0957582171e+00 -1.1616930181e+00  4.7319633356e-01  1.9430312302e+00 -1.0954128950e+00  2.6113150308e+00  7.4357513592e-01 -7.2891698594e-01  1.9782043077e+00  3.1075868630e+00 -1.3142818410e+00  1.8657039287e+00  5.0810697371e+00 -2.7409693914e+00  2.2940552685e+00  6.7510815346e+00 -4.2854285269e+00  3.2080051098e+00 -4.3607790083e-01 -5.6995664964e-01  2.7294092129e+00  4.3209654771e+00 -1.5944556621e+00  2.5550153077e+00  5.9934464833e+00 -3.0415703442e+00  3.2918916078e+00  5.0059870245e+00 -3.3787294265e+00  1.2497957286e+00  1.8720453795e+00 -7.1253326385e-01 -1.2343649590e+00 -1.9548767303e-01 -3.2881732662e-01  7.1526791300e-02  4.0024973233e+00 -1.3300816587e+00 -9.4516039382e-02  1.9600455090e+00 -1.2310706681e+00  3.6921001030e+00  6.1381028742e+00 -5.1683333369e+00  3.4302840301e+00  7.5859463177e+00 -4.2384868809e+00  3.9120491045e+00  7.1445180194e+00 -4.3908431253e+00  2.1965399015e+00 -1.1290789876e+00  1.6159261086e-02  2.2774761266e+00 -2.7927628389e-01 -2.6474770819e-01  3.6834608333e+00  4.3344154895e+00 -1.2644816392e+00  3.5125876697e+00  5.8148224165e+00 -2.6848389043e+00  4.2216410709e+00
ENERGY -5.510749323545e+02
GRADIENT  2.2967657281e-06 -1.9381712150e-06 -6.1029021096e-05 -2.0254107968e-05  1.0847105221e-05 -1.7154247688e-05  3.4612778279e-04  3.0453918482e-03  4.2961309628e-04 -1.6322067500e-05  1.4653953469e-05 -1.7673843505e-04 -4.3988519225e-05 -4.4313514054e-06  4.2672880235e-05 -1.3763663801e-03 -5.3084771736e-03  7.2436050503e-04 -1.8007052298e-03 -1.4961394635e-03  2.1963303354e-03 -1.4488353208e-05 -2.0145908944e-05  2.2143855011e-05  2.7363683528e-06  1.3837187749e-05 -1.8417756729e-05  2.8141653443e-03  3.5478443466e-03 -2.9665916997e-03  1.0959247603e-04  4.6521174977e-05 -7.9646216040e-05  5.1644744232e-05  1.0106384857e-06 -5.0650502905e-05 -1.2276383973e-05  9.1027900565e-06 -7.9223917576e-06  1.5834051351e-07  2.3331665497e-06 -3.2885809294e-06 -8.7550451914e-06 -3.7102609006e-06  1.7595643528e-05  1.6695580295e-05 -1.4005206847e-05 -3.5906215783e-05 -8.8459772639e-06 -7.4188846560e-06 -2.0065002535e-05 -7.8077541594e-06 -1.3079998561e-05  4.6418006542e-06  1.4796031486e-05 -3.5765571671e-06  2.5896652916e-06 -5.4127242264e-06 -7.4050884367e-06 -5.7612869446e-07 -9.2967202972e-07 -7.6384167447e-06 -3.6994894975e-06 -4.0651357028e-05  1.3223091688e-04 -5.6599354615e-05  3.8284595686e-07  1.7319794469e-06 -5.0350136107e-06

JOB 8
COORDS  1.8696713592e+00 -9.2094524371e-01 -1.4886890974e-01  7.1472358566e-01 -5.9961803122e-01  5.6579648233e-01  3.0498492178e+00 -1.3021684080e+00  4.9240767592e-01  1.8989062664e+00 -1.0725462573e+00  2.6219383490e+00  7.2373789360e-01 -6.6810761113e-01  1.9692858020e+00  3.0528545251e+00 -1.3916582607e+00  1.8923126099e+00  5.1168551465e+00 -2.7344011459e+00  2.2748578276e+00  6.8540464563e+00 -4.2372845643e+00  3.1222034038e+00 -4.4526101094e-01 -4.0900612099e-01  2.7096770968e+00  4.2289281081e+00 -1.7124711661e+00  2.6166280525e+00  5.9622358038e+00 -3.0976909673e+00  3.3131824994e+00  5.2005806265e+00 -3.2212783348e+00  1.1521944656e+00  1.8552849786e+00 -8.5716460355e-01 -1.2340473575e+00 -1.9084776443e-01 -2.9925453072e-01  4.3195511986e-02  3.9427724861e+00 -1.5484401182e+00 -6.6309603506e-02  1.9053864092e+00 -1.1565328914e+00  3.7083583466e+00  6.3181854005e+00 -5.1948690551e+00  3.1084037006e+00  7.5909103155e+00 -4.2457792575e+00  3.9294712148e+00  7.3723638658e+00 -4.1246793448e+00  2.1694950991e+00 -1.1039833981e+00  1.9229697914e-01  2.2273264669e+00 -2.7071581932e-01 -6.4154196792e-02  3.6470817561e+00  4.1942032487e+00 -1.4612235834e+00  3.5966817639e+00  5.6326123342e+00 -2.9465556401e+00  4.2581029908e+00
ENERGY -5.510765478401e+02
GRADIENT  3.4496266416e-05 -3.1295639310e-06 -7.3439978509e-06 -1.7587971625e-04  7.1094959587e-05 -5.3904592338e-05  3.4486867566e-04  2.3017707995e-03  2.4651303764e-04 -3.7073791375e-05  1.0521714883e-06 -1.9141327490e-07  8.9688177107e-05 -3.2063090693e-05 -8.7374796389e-05 -1.3966321649e-03 -4.3673208282e-03  6.4822536455e-04 -1.2317136693e-03 -1.5617712717e-03  1.2723862459e-03 -7.9389809352e-06  3.0195728006e-06 -8.1054533853e-06  6.1369408733e-05 -1.0071807343e-05 -3.7831037459e-05  2.5758924662e-03  3.5123504865e-03 -1.9306472957e-03 -9.5472866950e-05  5.8461374690e-05  3.7800104513e-05 -7.0982606182e-05  2.4135294890e-06 -1.1950937982e-04 -2.8061264861e-05  1.4860612824e-05  2.3684040495e-07 -1.2655398360e-05  1.1110995759e-05 -2.6598567855e-05  8.0461829440e-06 -2.8609422066e-06  1.8841383719e-05  1.4325783399e-05 -1.2162984493e-05 -4.3082521141e-06 -2.0741310716e-06  3.0016878726e-06 -1.2056873356e-05 -9.2778792546e-06  3.2272084154e-06  4.8466972375e-06 -4.2731922130e-06  8.1950443765e-06  4.8213240531e-06 -1.0525068445e-05 -1.1620764590e-05 -1.1539808598e-05  4.8246531179e-06  1.8633595947e-06 -5.6396624173e-06 -1.3035813693e-04  2.4605026712e-05  4.6808838242e-06  3.1935986105e-05  2.4505744789e-05  1.9600100649e-05

JOB 9
COORDS  1.8427265606e+00 -9.9338019270e-01 -1.3415241270e-01  7.0756464107e-01 -5.8496911538e-01  5.6607232113e-01  3.0003589549e+00 -1.4244332669e+00  5.1803183387e-01  1.8632613006e+00 -1.0579753527e+00  2.6375339519e+00  7.1314102892e-01 -6.1005576708e-01  1.9715122613e+00  2.9993498355e+00 -1.4666736144e+00  1.9212319159e+00  5.1334772893e+00 -2.7342511348e+00  2.2842663460e+00  6.9433320467e+00 -4.1731804489e+00  3.0831241533e+00 -4.3933398512e-01 -2.6170123091e-01  2.7012322204e+00  4.1343892400e+00 -1.8468767318e+00  2.6737159372e+00  5.9356762884e+00 -3.1482030551e+00  3.3415208855e+00  5.3408605914e+00 -3.0775606297e+00  1.1245102321e+00  1.8327012389e+00 -9.6374407404e-01 -1.2209179787e+00 -1.7957197624e-01 -2.5082699811e-01  3.2658560730e-02  3.8769010041e+00 -1.7368675435e+00 -3.1883723891e-02  1.8652225946e+00 -1.1038615868e+00  3.7263806335e+00  6.5028650460e+00 -5.1586849638e+00  2.8857137527e+00  7.6063341317e+00 -4.2386079143e+00  3.9496210049e+00  7.5284547610e+00 -3.8823440023e+00  2.2101942609e+00 -1.0596399954e+00  3.6475758381e-01  2.2002783042e+00 -2.4527629122e-01  9.8833134141e-02  3.6288995519e+00  4.0765988147e+00 -1.6398758289e+00  3.6624067485e+00  5.5018818446e+00 -3.1848034712e+00  4.2557194876e+00
ENERGY -5.510776932714e+02
GRADIENT -1.2029847359e-05  8.5864326344e-07 -1.9707880382e-05  1.6661549990e-05 -8.9225569452e-06 -5.5870207696e-06  4.5760950849e-04  1.5294950553e-03  5.9183184840e-05 -1.7957442922e-05  1.2099609183e-05 -2.3021520745e-05  6.7856382685e-06 -3.9545208621e-07  1.8167215164e-05 -1.2097368706e-03 -3.1355058542e-03  3.0816121511e-04 -8.3520020643e-04 -1.2785291206e-03  7.1926311132e-04  2.6487539830e-06  3.2192733356e-06  4.5282664872e-06 -1.4744312805e-05 -3.0783451724e-06 -4.7595952997e-06  1.5587937406e-03  2.9353848217e-03 -1.0366607483e-03 -2.5230167869e-05 -8.7029619900e-07 -1.9446290982e-05  2.3009619572e-06 -1.1855636893e-05 -1.3969706538e-05  8.2706819171e-07 -5.9485772813e-07 -3.1466231337e-06  1.4032963971e-07 -3.1341264432e-06  1.1468299139e-06 -1.3202204649e-06  7.9573608348e-08  2.8680326713e-06  2.7350793017e-06  7.0508956764e-07 -2.1228388500e-06  3.9646139077e-07 -2.1261177908e-06  5.8997657169e-06  1.9042172938e-06  3.7522203016e-07  5.8603794062e-07 -5.8723886551e-06 -3.7290520216e-07 -4.4222569216e-07  2.8969091408e-06  6.6015434873e-06  8.1406465556e-07 -5.6176260578e-08 -1.4638947120e-06  2.0814113904e-06  6.7788331841e-05 -4.0320085441e-05  8.6401844034e-06 -3.0520957149e-06 -6.5909240908e-06 -3.2186890963e-06

JOB 10
COORDS  1.8119977708e+00 -1.0392282891e+00 -1.3418440674e-01  6.9861334753e-01 -5.5925215566e-01  5.5457169622e-01  2.9432025154e+00 -1.5234563544e+00  5.2771374622e-01  1.8238909974e+00 -1.0558125481e+00  2.6374168927e+00  7.0029821535e-01 -5.6144766870e-01  1.9605392788e+00  2.9394075754e+00 -1.5371537835e+00  1.9320274337e+00  5.1283186232e+00 -2.7318477028e+00  2.2873795789e+00  7.0167321828e+00 -4.0861500203e+00  3.0499037177e+00 -4.3353278701e-01 -1.4015208923e-01  2.6807589708e+00  4.0319093884e+00 -1.9876637488e+00  2.7040534747e+00  5.9093425306e+00 -3.1814921250e+00  3.3481139176e+00  5.4259735894e+00 -2.9388813195e+00  1.1147232464e+00  1.8062711390e+00 -1.0284574522e+00 -1.2213794899e+00 -1.6829155247e-01 -1.8753398926e-01  1.2922528799e-02  3.8040922869e+00 -1.8867431595e+00 -1.4800715558e-02  1.8216074082e+00 -1.0794490008e+00  3.7270616790e+00  6.6772438432e+00 -5.0784379811e+00  2.7267850241e+00  7.6362218158e+00 -4.1875810537e+00  3.9446695963e+00  7.6190768991e+00 -3.6566305328e+00  2.2489215823e+00 -1.0183013178e+00  5.0994483453e-01  2.1673454446e+00 -2.2265609647e-01  2.2518187946e-01  3.6028646627e+00  3.9516799903e+00 -1.8175711794e+00  3.6979401374e+00  5.4233484799e+00 -3.3655760019e+00  4.2174288379e+00
ENERGY -5.510784121362e+02
GRADIENT  2.3588402186e-05 -1.1196479257e-05 -1.9783402088e-04  6.8863483914e-05 -2.7810161802e-05  7.7454232850e-05  2.2317405424e-04  8.5367911181e-04  6.7347364014e-05  2.1303657380e-05 -1.1662804580e-05  1.3180990203e-04 -3.9862769920e-06 -1.5123950591e-05 -4.2894901657e-05 -8.3881478892e-04 -1.7293286755e-03  1.5015230780e-04 -4.9187563336e-04 -8.6892962220e-04  2.5234399648e-04  9.4097097405e-06  1.3062494083e-05  7.0942750930e-06  5.0297686604e-05  1.2990082985e-06  2.3666561491e-06  9.6615342238e-04  1.7967853811e-03 -4.0140377419e-04  4.0065076701e-05 -2.9555768092e-05 -7.3316005115e-06  4.9332090736e-06  3.3591119256e-05  3.8899924670e-05 -1.5141158078e-06 -4.5031076778e-07 -1.9653251318e-05  2.0584865925e-05 -6.6086409636e-06 -1.1622776675e-05 -1.0276095663e-05  4.5543285696e-06 -6.1367376446e-06 -1.1414076003e-06 -4.9315998013e-06  1.8317778277e-05  8.7563002182e-07 -7.4423007694e-06  1.6898144168e-05  1.3459079093e-05  6.6162022860e-06 -4.0318967470e-06 -7.0919840140e-06 -9.1321772570e-06 -8.8832528172e-06  1.7879997769e-06 -1.0441112703e-05 -4.5608995290e-06 -2.1869542682e-07 -6.0024238481e-06 -6.8926406401e-07 -3.6524285056e-05  1.6236746968e-05 -6.5884260738e-06 -1.6712132185e-05 -1.9484306890e-05 -2.2013474830e-05

JOB 11
COORDS  1.7863135619e+00 -1.0780827875e+00 -1.3136350703e-01  7.0022161169e-01 -5.3098337744e-01  5.5051149044e-01  2.8880056183e+00 -1.6196728141e+00  5.3606354543e-01  1.7968636473e+00 -1.0645580500e+00  2.6388241490e+00  7.0100878893e-01 -5.1879383816e-01  1.9564923236e+00  2.8854179745e+00 -1.6142127605e+00  1.9405472627e+00  5.1142635656e+00 -2.7395733589e+00  2.2968066873e+00  7.0719407800e+00 -4.0062145641e+00  3.0329565491e+00 -4.0834850744e-01 -2.8172499754e-02  2.6710413549e+00  3.9348656557e+00 -2.1422719164e+00  2.7221072212e+00  5.8866727414e+00 -3.2145795413e+00  3.3537356560e+00  5.4757821629e+00 -2.8213465992e+00  1.1268139830e+00  1.7816403363e+00 -1.0791710506e+00 -1.2186277483e+00 -1.4490821040e-01 -1.1854740102e-01  4.0047427430e-03  3.7292811955e+00 -2.0303878699e+00 -3.0337558657e-03  1.7947313286e+00 -1.0719753652e+00  3.7287293645e+00  6.8235899704e+00 -4.9853558209e+00  2.6041007131e+00  7.6556605561e+00 -4.1468499613e+00  3.9462185926e+00  7.6763788252e+00 -3.4615882998e+00  2.3070531733e+00 -9.5344333681e-01  6.5104136713e-01  2.1516568335e+00 -1.7846634557e-01  3.3130140517e-01  3.5909399024e+00  3.8370726189e+00 -2.0014238801e+00  3.7189901423e+00  5.3784625861e+00 -3.5150183490e+00  4.1768992878e+00
ENERGY -5.510787582247e+02
GRADIENT  9.5430037869e-06 -1.0642400043e-05 -1.4657624160e-04  1.2722342645e-04 -6.1311750811e-05  8.6694380828e-05  3.5253110809e-05  3.3127624690e-04  4.6269624440e-05 -3.4527824320e-05 -1.5498208007e-05 -1.2269515918e-04 -1.0362125662e-04  5.8612915377e-05  5.2139595181e-05 -2.0987281585e-04 -6.0973724698e-04  1.1021316686e-04  7.3305320605e-05  1.6405233078e-04  1.5923540716e-04 -8.1567747712e-06 -4.9120843751e-05  1.1931546725e-05 -3.0688794805e-05  1.2454471660e-05  1.4202247677e-05  1.4650492757e-04  5.3266108664e-04 -1.7735338241e-04  9.8017961108e-05 -1.2209222232e-04 -4.9247743593e-05 -1.2167314324e-04 -1.7256126940e-04  5.7019857584e-05  5.2280669181e-06  8.4516826939e-08 -1.6573742517e-05  1.5431701273e-05 -1.3399524986e-05  9.9542953830e-06 -1.4532652232e-05 -8.4614435338e-06  2.4454173629e-07 -3.5276438341e-06  4.6793348857e-06 -1.3649808630e-05  1.7413907078e-05 -1.1499599850e-05  1.2060856578e-05  3.3187686599e-06 -9.7868325315e-07 -8.9732636054e-07 -1.2842870395e-05  7.8970142071e-06  9.5791528261e-09  3.1896819660e-07  8.2211276651e-06  5.7353319265e-06 -5.4529249522e-06 -1.2357637576e-07  6.3664646892e-06  3.2635547411e-05 -2.8285742637e-05 -3.6091126505e-05 -3.6124539515e-07 -3.0980575856e-05  7.5906707098e-06

JOB 12
COORDS  1.7715393951e+00 -1.1300291619e+00 -1.3712829248e-01  7.1805317264e-01 -5.1692869562e-01  5.4017957939e-01  2.8399653480e+00 -1.7274207180e+00  5.3624914368e-01  1.7877611414e+00 -1.0867337255e+00  2.6338684857e+00  7.2160045774e-01 -4.9089163673e-01  1.9458029111e+00  2.8423769240e+00 -1.7030547577e+00  1.9403480699e+00  5.1005652157e+00 -2.7532855997e+00  2.3108245490e+00  7.1200778738e+00 -3.9235716479e+00  3.0404702540e+00 -3.5777651678e-01  6.8080637214e-02  2.6559323355e+00  3.8491130203e+00 -2.3086542089e+00  2.7236081629e+00  5.8593937570e+00 -3.2592688406e+00  3.3626003126e+00  5.5216684923e+00 -2.6928052725e+00  1.1601636066e+00  1.7650179024e+00 -1.1429031493e+00 -1.2242880689e+00 -1.0380359316e-01 -6.4080508895e-02 -9.8381624449e-03  3.6579702608e+00 -2.1859899907e+00 -3.1454810057e-04  1.7894248475e+00 -1.0777330174e+00  3.7237812367e+00  6.9738578231e+00 -4.8795475941e+00  2.5216662450e+00  7.6723713890e+00 -4.0942239913e+00  3.9680338774e+00  7.7083713056e+00 -3.2727712522e+00  2.3930131032e+00 -8.6319395633e-01  7.7313482556e-01  2.1308735127e+00 -1.0728444009e-01  4.2152151158e-01  3.5727956507e+00  3.7251673630e+00 -2.2061413260e+00  3.7226096759e+00  5.3379535681e+00 -3.6714511349e+00  4.1270862534e+00
ENERGY -5.510787676090e+02
GRADIENT  7.0979006367e-06 -1.2217554289e-05 -2.3788826294e-04 -1.2022801453e-05  3.5178919006e-06  3.1739701802e-05 -3.5240545947e-04 -8.0475964887e-05  1.3910578218e-04 -3.1043272793e-05  9.0174236022e-06  1.2456905480e-04  9.0471077765e-05 -5.7357346129e-05 -6.6622236295e-05  4.0561746937e-04  4.7984200133e-04  4.5657989531e-05  1.0542353593e-04  2.1376512508e-04  4.8893611409e-05  2.3892654497e-06  9.7337848542e-06  2.7281787240e-06  5.1390118472e-05 -3.0305817456e-05 -3.6321156314e-05 -2.6855984017e-04 -5.9476831245e-04 -1.7318404759e-06 -2.2900518534e-05  3.4571336220e-06  7.0506211955e-06 -6.3619415171e-06  3.7272521163e-05 -2.2487315152e-05 -1.6663578639e-05  1.1785371476e-05 -2.2695682598e-05  1.2833590760e-05 -9.2724294072e-06 -2.2680789187e-05 -1.7322148487e-05  5.3685160194e-06  1.1112422227e-05  1.3855380371e-05 -7.7519730526e-06  2.0660099515e-05 -3.2535757742e-06 -3.7975596145e-06  7.9291204645e-06  3.6198410489e-06  6.0029910777e-06  2.6694875111e-06 -3.9112713365e-06 -5.4022277482e-06 -2.3550366491e-06  9.7598862978e-06  5.1677687748e-06 -2.2380371615e-06  4.8949448344e-06 -1.2877635373e-05  8.1502274131e-06  4.6112848997e-05  1.4148647199e-05  5.7996400847e-06 -1.6708836315e-06  1.0839150629e-05  4.8983574555e-06

JOB 13
COORDS  1.7529884392e+00 -1.1839647921e+00 -1.3381686686e-01  7.4061954479e-01 -5.0404396593e-01  5.4400331185e-01  2.7876681080e+00 -1.8346262525e+00  5.4141403820e-01  1.7916477242e+00 -1.1037678008e+00  2.6376380252e+00  7.5349969710e-01 -4.5951147238e-01  1.9486357491e+00  2.8020591400e+00 -1.7872650115e+00  1.9443013449e+00  5.0854650283e+00 -2.7442182841e+00  2.3399242092e+00  7.1549769488e+00 -3.8291435737e+00  3.0617121173e+00 -2.8737215223e-01  1.6913451026e-01  2.6581593611e+00  3.7726227022e+00 -2.4645938653e+00  2.7182589931e+00  5.8276372208e+00 -3.3049336936e+00  3.3743348708e+00  5.5564759561e+00 -2.5164268635e+00  1.2312808678e+00  1.7363674818e+00 -1.2108266527e+00 -1.2205562810e+00 -5.8255645985e-02 -1.2881665751e-02 -7.0195487803e-03  3.5746154587e+00 -2.3462246805e+00  5.1336519124e-03  1.8072311561e+00 -1.0749832761e+00  3.7270011200e+00  7.1168406811e+00 -4.7308044803e+00  2.4371772896e+00  7.6707893508e+00 -4.0572092720e+00  3.9978726232e+00  7.7190977763e+00 -3.0670551116e+00  2.5233569179e+00 -7.5455602964e-01  8.9616740383e-01  2.1276538252e+00 -1.0540703122e-02  5.1853962153e-01  3.5690007055e+00  3.6096659365e+00 -2.4263227474e+00  3.7167078071e+00  5.3014013918e+00 -3.8379347594e+00  4.0564652967e+00
ENERGY -5.510784507043e+02
GRADIENT  1.7220855801e-05 -1.5535701592e-05 -9.8667829883e-05  2.2311103452e-04 -1.4837895860e-04  1.8044753460e-04 -2.4830270692e-04 -7.8745762557e-04 -1.0160853475e-04  1.3500349952e-04 -3.0795793389e-05  1.7156951215e-04 -1.2307435006e-04  8.7536833793e-05  1.7338691180e-05  4.7983635922e-04  1.5619329685e-03  7.3085312170e-05  4.8788128470e-04  9.9166442631e-04  3.2947334081e-04 -1.4820162628e-06 -1.2958465215e-05 -1.1165077180e-05 -4.4074709717e-05  2.9321353963e-05  6.8373523152e-05 -7.4617913284e-04 -1.5506979503e-03 -6.1710258745e-04 -1.3834348516e-04 -4.4081672582e-05 -5.6757018708e-05  8.4188699874e-06 -1.0324012621e-04 -2.5845057010e-05  3.1206512483e-05 -1.9684890186e-05 -8.9875549671e-06  2.4977847191e-05 -1.8697961342e-05  2.2050272508e-05 -5.7040997543e-06 -4.4042447909e-06 -4.6781495707e-05 -2.5975045497e-05  2.3416774331e-05  2.0217863734e-05  5.2504165146e-06 -5.7800867775e-06  3.8576830372e-06 -5.0610701382e-06 -8.6216740286e-07 -2.6876085943e-06 -8.8372628443e-06  1.8373363190e-06 -4.7649289414e-06  1.3473360413e-05  4.9342148823e-06  1.1730432266e-05 -1.2915633245e-05 -1.5973178051e-06  9.3937209597e-06 -5.6050144134e-05  9.2033162405e-06  2.4177743781e-05 -3.5185708211e-06  4.1566191040e-06  2.5115829669e-05

JOB 14
COORDS  1.7155885901e+00 -1.2377724514e+00 -1.4033436954e-01  7.5843811974e-01 -4.8822265844e-01  5.4581662151e-01  2.7122937924e+00 -1.9474411055e+00  5.3108725489e-01  1.8009452371e+00 -1.1313983333e+00  2.6319302056e+00  7.9373128871e-01 -4.3115355430e-01  1.9491846591e+00  2.7536779263e+00 -1.8829762078e+00  1.9315129890e+00  5.0511587850e+00 -2.7408183960e+00  2.3601852482e+00  7.1732644751e+00 -3.7221285958e+00  3.0775827440e+00 -1.9482611182e-01  2.6899783031e-01  2.6663867193e+00  3.6936551848e+00 -2.6343890689e+00  2.6816368649e+00  5.7884522883e+00 -3.3559827532e+00  3.3654759240e+00  5.5506696515e+00 -2.3331954484e+00  1.3186803126e+00  1.6799833708e+00 -1.2754947598e+00 -1.2262209726e+00 -1.5877855341e-02  4.7100536616e-02  7.3452413485e-04  3.4553751057e+00 -2.5192247546e+00 -9.2233646063e-03  1.8392797186e+00 -1.0882263750e+00  3.7200613500e+00  7.2510367562e+00 -4.5401575862e+00  2.3500837461e+00  7.6587491135e+00 -4.0185039750e+00  4.0108242938e+00  7.6916441582e+00 -2.8542261971e+00  2.6690264394e+00 -6.2560111406e-01  1.0166484811e+00  2.1336759018e+00  1.1841831888e-01  6.1238342091e-01  3.5676918762e+00  3.4911540327e+00 -2.6718155197e+00  3.6735281176e+00  5.2775779227e+00 -4.0116582132e+00  3.9447675787e+00
ENERGY -5.510777586519e+02
GRADIENT -5.7536426749e-06  6.1392081427e-06 -7.5387473399e-05  3.1607809998e-05 -2.2212588264e-05  1.5791769549e-05 -1.0035990265e-03 -1.1652813067e-03  1.5619043779e-04 -7.5648689663e-06  1.4733960860e-05  6.8728408956e-05  7.9628540408e-06 -2.5508416493e-06 -6.4377185356e-06  1.5875293032e-03  2.5270642994e-03  3.7475338204e-04  2.3205797895e-04  9.2766856881e-04  7.4700092941e-04  1.8946182801e-06  4.4977011252e-06  1.3394296862e-06  1.8456600281e-05 -9.9548297862e-06  1.4354809517e-05 -9.0665133886e-04 -2.5467367202e-03 -1.4122365281e-03  9.1935183521e-05  9.7813720659e-05  8.5148931734e-05 -1.2383480755e-05  1.1042521175e-04  6.1873599261e-05 -2.3369914227e-06 -9.8921690636e-06 -7.0318466258e-06  3.7480831786e-06 -4.1193493721e-06 -4.8903590818e-06  1.6069875953e-05 -2.3726023182e-06 -1.1613737163e-05  3.9324086949e-06  3.0906277487e-06  4.9016152194e-06 -1.3370715001e-05  3.3248281528e-06 -1.0241384922e-05  4.6810865665e-06 -2.8854521736e-06 -2.5894313920e-06  1.1362545069e-05 -6.8625380772e-06 -2.9230761111e-07 -9.1050845344e-06 -9.2415988550e-06 -6.1345598660e-06  5.1642858995e-06  1.3036022201e-05 -6.7653345723e-06 -7.2032817530e-05  3.7311672917e-05  4.5060590490e-06 -1.3182787728e-06  3.3078786005e-06 -2.1582193891e-05

JOB 15
COORDS  1.6629255460e+00 -1.2901336900e+00 -1.5620249332e-01  7.7763810066e-01 -4.7347883471e-01  5.5047651713e-01  2.6242184140e+00 -2.0612226750e+00  4.9820415906e-01  1.8320315442e+00 -1.1680909479e+00  2.6144325501e+00  8.5365177845e-01 -4.0816270281e-01  1.9516968793e+00  2.7104559819e+00 -1.9849316926e+00  1.8942310882e+00  5.0133831515e+00 -2.7357743708e+00  2.3807380331e+00  7.1756550693e+00 -3.6037399585e+00  3.1253136998e+00 -6.6642429380e-02  3.6146965894e-01  2.6878662519e+00  3.6301682749e+00 -2.8044050610e+00  2.6078421744e+00  5.7466755581e+00 -3.4032334490e+00  3.3535502059e+00  5.5263727329e+00 -2.1534558501e+00  1.4340242613e+00  1.5935829751e+00 -1.3335406506e+00 -1.2401607701e+00  2.5698057519e-02  1.0813948958e-01  2.1554077724e-02  3.3099182552e+00 -2.6938890746e+00 -5.2654804866e-02  1.9087664162e+00 -1.1161207023e+00  3.6999059611e+00  7.3777994291e+00 -4.3164144438e+00  2.3155633396e+00  7.6314552752e+00 -3.9661129490e+00  4.0502407464e+00  7.6288058129e+00 -2.6487197589e+00  2.8578105246e+00 -4.5993147487e-01  1.1335678479e+00  2.1610429465e+00  2.9195289885e-01  6.8762919408e-01  3.5786161903e+00  3.3805902721e+00 -2.9361356952e+00  3.5816307211e+00  5.2671162257e+00 -4.1680985187e+00  3.8135002125e+00
ENERGY -5.510765969039e+02
GRADIENT  1.3580772537e-05 -2.8156201748e-06  1.6420918403e-04 -9.9679575156e-05  9.1170617782e-05 -6.0993857462e-05 -1.5537233159e-03 -1.7500379484e-03  1.3135808836e-04  1.6085442606e-06 -9.1914187955e-06  7.9659426596e-05  5.9985119356e-05 -5.4300240935e-05 -6.3711741685e-05  2.4366395880e-03  3.4629239680e-03  6.0554400225e-04  2.3105602864e-04  1.6107217704e-03  1.6753272065e-03  4.6528828835e-06 -7.6794414404e-06  6.1740797066e-06  1.3313599652e-05 -2.0960341302e-05  6.5645141793e-06 -1.1257363284e-03 -3.4203909584e-03 -2.5931802894e-03  8.8462886751e-05  4.0360001834e-05  8.8496643303e-07 -2.6987654644e-05 -2.2156904712e-05  7.5298264622e-05 -6.4181937424e-07 -2.9177775017e-08  2.0426371344e-05 -1.4319195837e-05  1.1935279728e-05 -6.0986465523e-06  1.0551613689e-05 -1.3177446764e-05 -1.7564284531e-06 -4.5714371108e-06  1.3530976757e-06  1.5408519165e-05 -2.1486863428e-06  1.0953880624e-05 -1.1205008987e-06  9.6004048454e-07 -2.7144695986e-06  6.8303559594e-08  6.1910964929e-06  6.6032610386e-06  1.3670620556e-05 -9.3459793106e-06 -7.7070677903e-06 -8.7165298056e-06  8.0819667869e-06  1.3214507743e-05 -7.3240696361e-06 -6.6004221551e-05  8.7275763671e-05  1.5627338423e-05 -5.0639563671e-07  6.5097871730e-06 -5.5471154805e-06

JOB 16
COORDS  1.5862987320e+00 -1.3559263458e+00 -1.7995266088e-01  7.8606635566e-01 -4.7767775895e-01  5.5320696461e-01  2.5294873858e+00 -2.1706088156e+00  4.4883916823e-01  1.8934588390e+00 -1.1965795092e+00  2.5804140309e+00  9.3101016379e-01 -3.9084379266e-01  1.9483129141e+00  2.6851083507e+00 -2.0752986721e+00  1.8356330329e+00  4.9872347115e+00 -2.7089707726e+00  2.4161467690e+00  7.1694825318e+00 -3.4889577629e+00  3.1992202001e+00  9.3587508375e-02  4.4626628849e-01  2.7085013291e+00  3.6049280614e+00 -2.9394784375e+00  2.5082160209e+00  5.7152495829e+00 -3.4558551380e+00  3.3336562305e+00  5.5008056626e+00 -1.9381163612e+00  1.6159204729e+00  1.4621913211e+00 -1.4132713946e+00 -1.2583244796e+00  4.4726077082e-02  1.3829984273e-01  4.8580676435e-02  3.1483699787e+00 -2.8594175505e+00 -1.1568846936e-01  2.0306778853e+00 -1.1292665121e+00  3.6586673722e+00  7.4991172675e+00 -4.0446216699e+00  2.3120008036e+00  7.5950802991e+00 -3.9493045888e+00  4.0945839322e+00  7.5402633405e+00 -2.4668894510e+00  3.1160118741e+00 -2.7408596771e-01  1.2339375057e+00  2.1862905156e+00  5.0937586342e-01  7.6108129006e-01  3.5782173760e+00  3.2988639699e+00 -3.2093498173e+00  3.4368698971e+00  5.2840114661e+00 -4.3252503238e+00  3.6248494746e+00
ENERGY -5.510751268118e+02
GRADIENT -8.5834901213e-06 -7.1469628556e-07 -7.4722047146e-05  6.4748564647e-05 -5.3029074412e-05  4.8566106032e-05 -1.8186633327e-03 -1.6167475929e-03  3.1736136553e-04 -1.3122783329e-05 -2.2907758382e-05 -2.3705762967e-05 -2.5487878049e-05  4.3008606967e-05  9.9807390551e-06  2.5964170783e-03  3.1557918617e-03  5.0308409090e-04 -1.6200019276e-04  1.6693438776e-03  2.1905917895e-03 -7.4566219309e-06 -1.2966807129e-05 -8.2351647860e-06 -3.9605554153e-06  7.1089825459e-06  3.3722751489e-05 -7.3819724231e-04 -3.0597843044e-03 -2.7735144870e-03 -1.9765952651e-05 -3.9989371888e-05 -1.2951617947e-04  1.2721197283e-04 -4.8260597253e-05 -1.0577179625e-04  9.3125579395e-07 -9.7860817802e-07 -9.3250183850e-06  2.6791222477e-06 -5.4416579520e-06  5.7983721463e-06 -1.0507186964e-05  5.7017729480e-06 -2.0083296114e-06 -6.8905410736e-06  1.0867120917e-06 -1.6376620296e-06  8.2790678454e-06  6.8180868370e-06  1.4840945638e-06 -3.5128206728e-07 -6.8485364008e-06 -7.3417080765e-06 -1.0005546514e-05  8.2988849453e-06  8.6322986493e-06 -8.0933424537e-06 -6.8536486291e-06  1.9561993724e-06 -2.6578103904e-06  1.3561943301e-05  1.0059025476e-06 -2.2972805103e-05  4.8778317364e-06  1.4337336911e-07 -2.4554529712e-06 -2.3702174623e-06  2.3276705695e-05

JOB 17
COORDS  1.4713959105e+00 -1.4222434689e+00 -1.9413630843e-01  7.6643873622e-01 -4.8872046583e-01  5.6649635595e-01  2.4138062509e+00 -2.2675302608e+00  3.9742447908e-01  1.9614921837e+00 -1.2184173423e+00  2.5389566537e+00  1.0050005915e+00 -3.7598188837e-01  1.9477412388e+00  2.6576021324e+00 -2.1525969059e+00  1.7681994892e+00  4.9481462057e+00 -2.6721206326e+00  2.4648968614e+00  7.1409935630e+00 -3.3674984226e+00  3.2978130085e+00  2.6357503608e-01  5.2392996133e-01  2.7345815900e+00  3.5971372318e+00 -3.0411004985e+00  2.3930184849e+00  5.6858796297e+00 -3.4952405862e+00  3.3076617439e+00  5.4297910141e+00 -1.7262395103e+00  1.8544862283e+00  1.2759628433e+00 -1.4959910468e+00 -1.2608623701e+00  2.6879709760e-02  1.5437855249e-01  9.3884937600e-02  2.9624915462e+00 -3.0009563057e+00 -1.8421057249e-01  2.1755640290e+00 -1.1350264873e+00  3.6029868126e+00  7.5911270664e+00 -3.7301171153e+00  2.3647403509e+00  7.5495528099e+00 -3.9312362794e+00  4.1405617404e+00  7.4043903564e+00 -2.3157696234e+00  3.4141301137e+00 -8.9337243379e-02  1.3212455299e+00  2.2168314529e+00  7.4784673734e-01  8.3069572035e-01  3.5711173818e+00  3.2453039390e+00 -3.4831738054e+00  3.2356858718e+00  5.3325540418e+00 -4.4398956689e+00  3.4047787147e+00
ENERGY -5.510738707523e+02
GRADIENT -3.1489042884e-05 -8.9753455753e-06 -1.4386580230e-04  8.1484540733e-05 -6.9162719947e-05  4.1636512540e-05 -1.2766479825e-03 -9.2602023811e-04  3.7831995363e-04 -3.5131810270e-05 -9.2291345467e-06 -1.5273068450e-04 -6.0491729452e-05  7.4901781319e-05  6.1295887213e-05  1.7437709057e-03  1.7737978965e-03  3.2183090839e-04 -2.4184091198e-04  6.1921543250e-04  1.3397378945e-03 -1.6798008056e-05  8.4411702581e-06  1.8242486209e-05 -5.6745021536e-06  1.8391160959e-05  1.3746663912e-05 -1.1153522119e-04 -1.5491128623e-03 -1.8902367751e-03 -5.3336375690e-06 -8.7725264666e-06 -2.3895316675e-05 -2.8190476012e-05  2.7539292437e-05  3.2715516901e-05 -8.1130728449e-06 -1.6024646319e-06 -1.5436915752e-05  1.1535427169e-05 -1.0190750943e-05  3.5618884216e-06 -1.1062637121e-05  8.0488455957e-06  1.3382980612e-05 -5.8893354660e-07 -1.2862675180e-06 -2.0826933954e-05 -3.5479479281e-06  1.5132028295e-06 -4.2051517464e-06  1.1253952355e-07 -6.1976470968e-06 -2.3453530171e-06  7.4832488226e-06 -4.3616384690e-06  2.1758201126e-06 -3.5288888673e-06  3.5048198108e-06  6.8055712092e-07  1.3285957108e-06  9.1482208333e-06 -4.3296078793e-06 -3.4868785401e-06  1.3035966970e-05  6.0258878610e-06 -5.4648309787e-06  1.1163109027e-05  1.7855686284e-05

JOB 18
COORDS  2.2870121925e+00 -6.4055985245e-01  1.8695930304e-01  1.0706494488e+00 -1.7740699142e-01  6.8851103580e-01  3.0690138338e+00 -1.5377901930e+00  9.1977011622e-01  1.3804696121e+00 -1.5432458649e+00  2.6652460359e+00  6.1130847721e-01 -6.1579689832e-01  1.9441272616e+00  2.5948322573e+00 -2.0001974171e+00  2.1547776866e+00  4.0616550837e+00 -2.4811045793e+00  4.0670618280e+00  5.9618554948e+00 -2.9287770022e+00  5.5548517214e+00 -6.3114134324e-01 -1.8860807040e-01  2.4425717834e+00  3.3730327356e+00 -2.9196256268e+00  2.9267601181e+00  5.0817800090e+00 -3.3273779687e+00  4.4630345312e+00  3.7429706500e+00 -1.4819823240e+00  4.7028274639e+00  2.6380310978e+00 -2.8240321195e-01 -7.7755531092e-01  4.7500647345e-01  5.2717855248e-01  1.1200473597e-01  4.0328922659e+00 -1.8708243935e+00  5.4306558375e-01  1.0474554674e+00 -1.9032771785e+00  3.6340233082e+00  6.6911342685e+00 -2.1664407900e+00  5.2515903259e+00  6.4938083986e+00 -3.8104915555e+00  5.9218683142e+00  5.3556082834e+00 -2.5173067685e+00  6.3624069919e+00 -9.2337048307e-01  7.1722935517e-01  2.0934210740e+00 -6.9816496527e-01 -2.2154896823e-01  3.4538706343e+00  3.8620858050e+00 -3.6056603788e+00  2.3629161137e+00  5.4622361154e+00 -3.9709048108e+00  3.7817626473e+00
ENERGY -5.510744382043e+02
GRADIENT  1.1476419588e-04  1.5977677639e-04 -3.5443292789e-04  1.7793093171e-04 -2.0451876117e-04  1.2615690157e-04  1.1188755739e-03  2.5868584069e-03  1.6599847278e-03  2.2148338011e-05  4.5496209318e-05 -1.7545672793e-04 -1.7175550644e-04  5.5668389880e-05  9.1475696783e-05 -7.4221123223e-04 -3.4798411291e-03 -3.1521506504e-03  2.6293170204e-03  6.6459435655e-04 -1.7712986543e-03  1.3700080974e-05  1.9092830843e-05 -1.5410264029e-05 -2.1521360854e-05  1.7615627015e-05  4.1165356839e-06 -3.1655279099e-03  6.5565671021e-05  3.6305517323e-03 -2.4847989003e-05 -2.5304025373e-05  6.5322467742e-05  7.1655864777e-05  2.5466526737e-06  3.6179939137e-07  7.8279755302e-06  1.7048055598e-05 -4.3479898159e-05  2.4647638821e-05 -2.8269830292e-05  6.2141043799e-06 -4.1804000341e-05  2.8248687355e-05  5.3991785925e-06  2.0760388656e-05  1.6677005959e-06 -3.6394857988e-05 -1.0967435311e-05  8.3966491955e-06  5.3158298141e-06  3.4955966872e-06  4.3566868401e-06 -1.1999326920e-05 -5.7188564876e-06 -8.3057683738e-06  8.5515709081e-06 -8.7062224181e-06 -3.3395048000e-06  4.9750968338e-06 -1.3725073339e-05 -1.0768349802e-05 -3.8277091858e-06 -5.8028328941e-05  9.3506053479e-06 -8.3670532860e-05  3.2956001427e-05  4.4736507104e-05 -2.9406400830e-05

JOB 19
COORDS  2.1950586240e+00 -7.2351753901e-01  9.8428038563e-02  1.0198791702e+00 -2.2555321354e-01  6.6088606491e-01  3.0271806033e+00 -1.5859381878e+00  8.1652564090e-01  1.4707095151e+00 -1.4918037644e+00  2.6806359901e+00  6.5483517992e-01 -5.9908827742e-01  1.9674576489e+00  2.6463385364e+00 -1.9800805524e+00  2.1080774142e+00  4.0411091094e+00 -2.5164645357e+00  4.0768486444e+00  5.8807351426e+00 -2.9581396263e+00  5.6389652893e+00 -5.4787358542e-01 -1.4265835617e-01  2.5327172124e+00  3.4791415719e+00 -2.8706728913e+00  2.8440748678e+00  5.1256740929e+00 -3.2963103681e+00  4.4381461780e+00  3.5784443030e+00 -1.6455857228e+00  4.8067589961e+00  2.4762124331e+00 -4.1965065922e-01 -9.0673414775e-01  3.8493901873e-01  4.5162761880e-01  9.3748526352e-02  3.9579028737e+00 -1.9457957249e+00  3.8422106842e-01  1.2054899662e+00 -1.7956884722e+00  3.6875932083e+00  6.5242655301e+00 -2.0800989954e+00  5.4989525906e+00  6.4967636564e+00 -3.8154203366e+00  5.9227968558e+00  5.1799886402e+00 -2.7410716442e+00  6.4456920644e+00 -8.6518119588e-01  7.4545261359e-01  2.1608593591e+00 -5.4211576924e-01 -1.2669401214e-01  3.5466083532e+00  4.0518767712e+00 -3.4668969400e+00  2.2584301045e+00  5.6287332339e+00 -3.7831735867e+00  3.7079753336e+00
ENERGY -5.510764056906e+02
GRADIENT -3.1285206886e-06 -6.6206517893e-05  1.0390832652e-04 -7.5231736667e-05  7.0762466336e-05 -2.1661408497e-05  1.4852113776e-03  2.3958898926e-03  1.0951581813e-03  6.6514116410e-05 -1.9136671897e-05 -7.8535304113e-05 -1.7030394993e-05  3.3621660867e-06 -3.8340509289e-05 -8.4748975664e-04 -2.8640405525e-03 -2.4255614740e-03  2.2073449420e-03  7.0071974646e-04 -1.2515110930e-03  2.0488269500e-05 -2.4290198156e-06 -9.1095091195e-06  6.7826664768e-06 -9.2657887081e-07 -4.0226507953e-06 -3.1661850006e-03 -4.9309127860e-04  2.6772570223e-03  1.4119170120e-04  1.5041972187e-04  2.4572361455e-05  1.3337062717e-04  1.3311131941e-04 -1.1130956103e-04 -7.1495915429e-06  7.4144993804e-06  1.4277633641e-05 -9.6181398911e-06  7.6937429376e-06 -2.9413335175e-07  2.3501295912e-06 -1.8012063037e-05  1.1958361385e-05  6.0953721816e-06 -1.4556160902e-05  1.6062022654e-06  8.8169953486e-06 -4.2209605773e-06  2.1640828732e-05  4.8153661070e-06  5.4867698909e-07 -5.0899368123e-06 -1.3714919055e-05 -1.0654546955e-05 -5.1961829172e-06 -6.9111933702e-06 -5.5407457914e-06 -4.8301084216e-07 -4.4018231854e-07 -5.6213105942e-06 -2.1969153731e-06  5.7711770668e-05 -3.0245107336e-06  2.1738273656e-05  1.6799769458e-05 -1.9464184387e-05  1.8982552856e-05

JOB 20
COORDS  2.1062645808e+00 -8.0545446429e-01  3.8561413746e-02  9.6422022750e-01 -2.7804494193e-01  6.4093974862e-01  2.9881490635e+00 -1.6170748514e+00  7.5474666566e-01  1.5554660171e+00 -1.4094854348e+00  2.7076865711e+00  6.8722269619e-01 -5.7191902317e-01  1.9886686083e+00  2.6993198329e+00 -1.9274391992e+00  2.0940764015e+00  4.0443371632e+00 -2.5385665762e+00  4.0999892742e+00  5.8255223173e+00 -3.0200399259e+00  5.7129963208e+00 -4.8391133701e-01 -9.1753158639e-02  2.5980406522e+00  3.5904356337e+00 -2.7748222252e+00  2.8015943691e+00  5.1787122918e+00 -3.2647132358e+00  4.4282209500e+00  3.4663933752e+00 -1.8146567900e+00  4.9057368020e+00  2.3211325412e+00 -5.6745610840e-01 -1.0001760637e+00  2.8734323271e-01  3.5670149371e-01  7.3476760919e-02  3.8894431764e+00 -2.0029306534e+00  2.8369920347e-01  1.3559104176e+00 -1.6462908987e+00  3.7460276949e+00  6.3602422400e+00 -2.0619954375e+00  5.7406719657e+00  6.5284561727e+00 -3.8326436773e+00  5.9139758245e+00  5.0646970642e+00 -3.0071307218e+00  6.4939215684e+00 -8.3275785962e-01  7.7154333102e-01  2.1973738686e+00 -4.2165863193e-01 -2.3064978602e-02  3.6077457172e+00  4.2073586525e+00 -3.3127422400e+00  2.2057909103e+00  5.7854623589e+00 -3.5541870039e+00  3.6717978093e+00
ENERGY -5.510780625208e+02
GRADIENT  1.3444038738e-05  2.9424108345e-05 -1.1175278332e-04  1.0224825993e-04 -8.9413386442e-05  3.3889327793e-05  1.0528340022e-03  1.9805472534e-03  7.5641259304e-04  1.4393745378e-04  9.9993300136e-05 -3.8796666979e-04 -2.2429022190e-04  9.0339376121e-05  1.4418265696e-04 -5.5013353396e-04 -2.2537509345e-03 -1.3314251573e-03  1.9256448081e-03  1.0605125667e-03 -9.1424000204e-04  1.2624083304e-05 -3.4497213649e-05  8.0299846429e-06 -4.3430077827e-05  5.8359097723e-05  7.3509467184e-07 -2.5659704487e-03 -1.0836072467e-03  1.7233226693e-03  8.9752453224e-05  1.1262742459e-04  1.5056390868e-05 -2.7278356309e-05  6.8356028621e-05 -8.3708545012e-05 -1.9368853239e-06  7.2099586796e-06 -1.7357100512e-05  3.9754954219e-06 -1.3061121127e-05  2.0244527762e-05 -1.9212739509e-05  9.2516245176e-06  2.3724824617e-05  2.2073384920e-05  1.0012721901e-06 -2.0188446601e-05  9.8660369142e-06 -6.1678070870e-06 -1.3911471573e-06 -8.8371761020e-07 -3.9372051425e-06  9.8806998769e-07 -1.8940503189e-06  7.5500525730e-06 -1.1918999961e-05 -1.0085310807e-05  2.1084257676e-06  1.3646802542e-05 -1.6255624359e-05 -1.0175908130e-05 -5.3380494901e-06  8.6219315900e-05 -9.1760395572e-06  9.7754547736e-05  3.5901154263e-07 -1.6527980014e-05  7.5728946781e-07

JOB 21
COORDS  2.0198893845e+00 -9.0212740796e-01 -3.4706073545e-02  9.0146728082e-01 -3.5312886632e-01  5.9244005214e-01  2.9524124759e+00 -1.6523712589e+00  6.8228140541e-01  1.6272956247e+00 -1.3338614006e+00  2.6972230432e+00  7.0471713964e-01 -5.6409099777e-01  1.9691295836e+00  2.7472966020e+00 -1.8736260841e+00  2.0560007881e+00  4.0560692395e+00 -2.5536525922e+00  4.0850001187e+00  5.7706056035e+00 -3.0997147677e+00  5.7437861935e+00 -4.4314963175e-01 -6.8022247824e-02  2.6085510546e+00  3.7011353293e+00 -2.6590494844e+00  2.7445810561e+00  5.2248032539e+00 -3.2367823689e+00  4.3965884159e+00  3.3854165569e+00 -1.9728184659e+00  4.9346689671e+00  2.1741567569e+00 -7.3282205290e-01 -1.0973991927e+00  1.8201321791e-01  2.3061881329e-01  2.2760760037e-02  3.8307529914e+00 -2.0590997756e+00  1.8574796397e-01  1.4868209015e+00 -1.5050740101e+00  3.7570997235e+00  6.1799574041e+00 -2.0994974494e+00  5.9343435932e+00  6.5575665329e+00 -3.8458297098e+00  5.8802542054e+00  4.9769856378e+00 -3.2852057528e+00  6.4682084981e+00 -8.3204747654e-01  7.6137989935e-01  2.1746737681e+00 -3.3321004078e-01  6.1620301521e-02  3.6080908306e+00  4.3421444530e+00 -3.1606838217e+00  2.1435656113e+00  5.9072909854e+00 -3.3394824693e+00  3.6558552462e+00
ENERGY -5.510792757093e+02
GRADIENT -2.8010540146e-05  3.4592381441e-05 -4.4833575068e-06  8.8023162725e-06  9.3436717933e-06 -3.7969162629e-05  8.1548690683e-04  1.2829245278e-03  3.7801118692e-04 -5.2626885715e-05  2.9951113213e-05 -6.0571393655e-06  6.6341009633e-05 -2.3802493125e-05  1.7230620841e-05 -4.0794652831e-04 -1.2651386017e-03 -8.0156115003e-04  1.2806072822e-03  1.2586356713e-03 -4.4176765296e-04  2.6521313779e-06  7.7764663102e-06  6.7255262113e-06 -2.9655939233e-05 -2.4367040299e-05  8.9116695416e-06 -1.6237595735e-03 -1.2897607174e-03  9.6680827705e-04 -6.4274248545e-06 -8.0321902781e-05  2.9100321369e-06 -8.2746943386e-06 -1.7875017711e-05 -8.2126650712e-06 -1.9373116983e-06 -8.4194695284e-06 -1.4668745181e-06 -8.3650966475e-07  5.6800197702e-06  1.1612046248e-06  5.0314674894e-07  1.1617147101e-05 -6.5377467812e-07  9.1660555310e-06 -3.7935032723e-06  2.5041853092e-06 -3.3457464442e-06 -7.0395616287e-07 -1.3058426163e-06 -2.2554396250e-06 -3.0208199303e-06 -7.0832790182e-07  9.9320962413e-07  1.0666167143e-07  2.5315436295e-06  3.7244335684e-06  1.0663264777e-05 -7.0084714229e-06  1.2377205442e-05  2.7933743484e-05  4.4163234338e-06 -4.6078510890e-05  1.4902748777e-05 -7.6375999751e-05  8.4843092915e-06  3.1484208497e-05  2.1728733734e-06

JOB 22
COORDS  1.9466366083e+00 -9.7583072543e-01 -6.6621473971e-02  8.4663131949e-01 -4.0760696641e-01  5.7608293177e-01  2.9260265518e+00 -1.6638289570e+00  6.4885649584e-01  1.6952259491e+00 -1.2347154329e+00  2.7033543683e+00  7.2094938482e-01 -5.3510680929e-01  1.9708844351e+00  2.7950742841e+00 -1.7956388671e+00  2.0441092866e+00  4.0734950117e+00 -2.5436173113e+00  4.0821531782e+00  5.7208431849e+00 -3.1855357464e+00  5.7729847727e+00 -4.0779119409e-01 -2.4698256954e-02  2.6320125456e+00  3.8081285685e+00 -2.5096069944e+00  2.7205211824e+00  5.2579106149e+00 -3.2052811606e+00  4.3880891083e+00  3.3313786633e+00 -2.0878206509e+00  4.9490819970e+00  2.0465565979e+00 -8.7504532504e-01 -1.1443989845e+00  8.7799751356e-02  1.2324376223e-01  5.8285618570e-03  3.7849484304e+00 -2.0903855030e+00  1.3504897083e-01  1.6051268973e+00 -1.3445794892e+00  3.7763951785e+00  6.0563708939e+00 -2.1907927959e+00  6.0928316655e+00  6.5440339265e+00 -3.8970074917e+00  5.8765262328e+00  4.9028167398e+00 -3.4934491262e+00  6.4249079181e+00 -8.3535956892e-01  7.6937103298e-01  2.1695153190e+00 -2.5934328699e-01  1.6226100904e-01  3.6172976161e+00  4.4626315841e+00 -2.9885168309e+00  2.1160465658e+00  5.9869076865e+00 -3.1765103257e+00  3.6857870266e+00
ENERGY -5.510800022947e+02
GRADIENT -5.0968513647e-05 -6.5535146521e-06  4.4107805861e-04 -2.5551828839e-04  1.9564549222e-04 -2.1314514635e-04  6.2707106460e-04  5.0874968333e-04 -2.1806474680e-05 -6.3090354789e-05  6.0588872777e-06  5.9606966472e-05  2.1325364215e-04 -9.6031518603e-05 -7.1427824703e-05 -2.4985503656e-04 -4.7142086666e-04 -3.0938156688e-04  6.4269166071e-04  8.4377238819e-04 -1.4263779957e-04 -7.7320719395e-06 -1.4577933384e-05 -5.9177380187e-06 -2.4697829415e-05 -4.1851704274e-05 -1.6845044755e-05 -8.4392241496e-04 -8.8908187820e-04  2.2150656126e-04  6.4413171879e-06 -4.2275229428e-05  4.3081401721e-05  2.6785833060e-06 -5.6159584961e-05 -3.3678716982e-05 -1.1204067231e-05 -8.5896191139e-06  4.6702148320e-05 -4.1442563970e-05  3.3503895094e-05 -9.6130571375e-06  4.5054836389e-05 -2.6339765998e-06 -3.3217877856e-06  8.9942345576e-06 -5.0256828674e-06  1.2966722834e-05 -2.1172229838e-06  6.7672726420e-07 -3.0590907300e-06 -2.1826412844e-06 -3.4638850453e-06  4.6433166510e-06 -5.4838925083e-07  2.2315328772e-06  5.1175514029e-06 -6.1566918470e-07  1.0511483257e-05 -1.4643450374e-05  2.2290917086e-05  2.8898716069e-05 -5.2685505293e-06 -2.3530106452e-05  1.8521481122e-05 -3.8022041006e-05 -5.3403248707e-06  2.8819031546e-05  1.2816851908e-05

JOB 23
COORDS  1.8863193999e+00 -1.0604217168e+00 -8.1086754812e-02  7.9755097296e-01 -4.8160983511e-01  5.7120936507e-01  2.9111138200e+00 -1.6776080963e+00  6.3482300226e-01  1.7571579571e+00 -1.1441999293e+00  2.7093098268e+00  7.3179684655e-01 -5.2332736631e-01  1.9752099120e+00  2.8441066660e+00 -1.7193400794e+00  2.0405009768e+00  4.0991218896e+00 -2.5247120503e+00  4.0755169652e+00  5.6855410093e+00 -3.2694551645e+00  5.7821209290e+00 -3.8523444237e-01 -4.5085192470e-03  2.6489856333e+00  3.9154128869e+00 -2.3471764106e+00  2.7116492760e+00  5.2909200941e+00 -3.1749778238e+00  4.3791062705e+00  3.2965300294e+00 -2.1832743337e+00  4.9409508219e+00  1.9385745438e+00 -1.0287194212e+00 -1.1664620618e+00  4.0661960680e-05 -1.0363751625e-02  1.4807959991e-03  3.7568834700e+00 -2.1197281243e+00  1.1235399279e-01  1.7098180314e+00 -1.1928442075e+00  3.7894508747e+00  5.9658678101e+00 -2.2980731825e+00  6.2091641803e+00  6.5301567307e+00 -3.9584649231e+00  5.8619252921e+00  4.8499575086e+00 -3.6657390607e+00  6.3597581383e+00 -8.5168859528e-01  7.5107604527e-01  2.1605165847e+00 -2.0884773067e-01  2.3781418642e-01  3.6173529786e+00  4.5793539171e+00 -2.8076201553e+00  2.1030069248e+00  6.0514961154e+00 -3.0503065590e+00  3.7220614221e+00
ENERGY -5.510802570283e+02
GRADIENT -7.2014894989e-06 -3.1189883936e-06  1.7039317685e-06  1.2151261980e-05 -1.0663224565e-05  4.5586041295e-06  5.8558850677e-05  3.7512781454e-05 -4.0418166425e-06 -4.8204375487e-07  1.8384306978e-06  2.9765305886e-05 -7.3963760653e-06  5.3789810910e-08  8.7372492135e-06 -4.3080059326e-05 -1.2378768937e-05 -2.9226948824e-05  5.4809513894e-05  6.6058801433e-05  5.2730231580e-06  1.4389743407e-06  4.0992300238e-07  3.8278166275e-06  6.6034152842e-06  1.3545791388e-05 -8.9888022444e-06 -6.5214989806e-05 -6.3581402519e-05 -7.2915395995e-06 -1.7669026135e-05  7.8884155849e-06  1.2272067231e-05 -2.4933567330e-06 -1.2683180258e-05 -3.0174817904e-06  5.2328704434e-06  8.6452864215e-07  9.4377510449e-07  1.4645299889e-06 -1.0104834828e-06  1.3891515003e-06 -2.3681572250e-06 -9.6458504370e-06 -4.5869260952e-06 -2.4666882952e-06  5.6224936347e-06  2.4352118221e-06 -2.0312079220e-06  8.4926570214e-07 -9.3788189179e-08 -1.7666284554e-06  8.7201193149e-07  2.3174523825e-06 -1.0594854419e-06 -1.2553568012e-06  1.1973774684e-06  4.1949200477e-06  2.7667956632e-06  3.7575516958e-06 -3.4487872868e-06 -8.1505211805e-06  7.9999315852e-07  3.7636344761e-06  1.3850380571e-05 -1.7500206739e-06 -5.3960064452e-06 -1.7361065377e-05 -2.8200396523e-06

