JOB 0
COORDS  1.6856933176e+00 -1.1322605902e+00 -3.2312838812e-02  2.7175959343e+00 -1.5090857486e+00  2.1222816044e+00  5.9710496965e-01 -5.3255555702e-01  5.8681181553e-01  1.6335507455e+00 -9.0466707655e-01  2.7491899126e+00  2.7611685114e+00 -1.6291677206e+00  7.2321205042e-01  5.5607000269e-01 -4.0279092124e-01  1.9909862871e+00  3.8943334016e+00 -2.2597356265e+00  9.4376865830e-03  6.9601210761e+00 -3.7434426388e+00  1.3320972251e+00  6.0061704702e+00 -3.3277710837e+00  2.2675501155e-01 -5.6023390070e-01  1.4688382393e-01  2.6167867580e+00  3.9711124492e+00 -2.3820413008e+00 -1.2041411469e+00  4.8637867874e+00 -2.6986672042e+00  8.5527908239e-01  1.7211876691e+00 -1.2295494483e+00 -1.1130727063e+00  3.5421096978e+00 -1.8888011659e+00  2.7161906783e+00 -2.3365212994e-01 -1.6211906260e-01 -9.9505014302e-03  1.6124516436e+00 -8.1743335408e-01  3.8335925605e+00  7.2921203599e+00 -2.8753015179e+00  1.9095736439e+00  6.4822335037e+00 -4.4519794945e+00  2.0154199450e+00  7.8418672054e+00 -4.2255415340e+00  8.9729077781e-01  5.6595202226e+00 -4.1840269581e+00 -3.5901393370e-01  6.4653825977e+00 -2.6152267389e+00 -4.6459092598e-01 -4.3463035831e-01  4.2596326986e-01  3.5816884649e+00 -1.0913268019e+00  8.1735721610e-01  2.0754483709e+00
ENERGY -5.549093874597e+02
GRADIENT  2.1649439325e-05  1.9120758533e-06 -7.7445287419e-05  3.6311388881e-05 -8.9952275811e-06  6.7826263280e-05 -3.2799110163e-04 -8.8534293906e-04  1.3117899722e-04  4.6700996305e-05 -4.5715198037e-05 -5.2507511813e-05 -1.8160769769e-05  3.3435541042e-05  6.5255274947e-05  2.8923702165e-04  9.7929287839e-04  5.2938333259e-05 -1.3034407904e-04 -2.1881137213e-05 -1.0833950931e-05  2.9168920907e-06 -7.1253760750e-08 -2.3234105072e-06  4.9287168385e-06 -3.2902707158e-06 -1.1336588711e-05  4.0692401446e-04  1.1870318232e-03 -4.5995121456e-04  1.2127362580e-04 -3.6810415735e-05 -9.5153418877e-06 -3.0602973953e-05  4.8173411156e-05 -3.4884875528e-05 -3.3310280362e-06 -1.4747464539e-06 -6.3304695715e-06  1.4705883795e-05 -8.2523131705e-06  4.3724261071e-06  1.7616210471e-05 -8.6434155086e-07  6.9498745466e-07 -4.2460743660e-06 -3.6875923773e-06 -1.1466565288e-05  2.3441530318e-06 -1.5684377741e-06 -1.7661894687e-06  2.2837653802e-06 -1.3165630980e-06 -2.5750118281e-06  3.0326785763e-06 -1.5851527588e-06 -1.9114998398e-06  6.9519364967e-08 -1.1495229994e-06 -1.8278054169e-06  4.5243630279e-06  6.8100153027e-07 -6.6808737458e-07 -3.6429391011e-04 -1.2015241626e-03  3.5751752118e-04 -3.3837976757e-05 -7.0190832637e-05 -1.7203012127e-05

JOB 1
COORDS  1.6897736903e+00 -1.1330414068e+00 -2.5256316435e-02  2.7191045544e+00 -1.5261522096e+00  2.1289534045e+00  6.0250109865e-01 -5.3291082529e-01  5.9777165859e-01  1.6312338551e+00 -9.3256702369e-01  2.7588645118e+00  2.7628182101e+00 -1.6355499392e+00  7.2851098547e-01  5.5498303079e-01 -4.2596891089e-01  2.0024323274e+00  3.8979779018e+00 -2.2594380861e+00  1.0914439670e-02  6.9656913255e+00 -3.7459543404e+00  1.3253109163e+00  6.0115882372e+00 -3.3251445137e+00  2.2210507504e-01 -5.5761137887e-01  1.2924599468e-01  2.6402625208e+00  3.9742954224e+00 -2.3732568197e+00 -1.2033855086e+00  4.8678218891e+00 -2.7015206536e+00  8.5403610383e-01  1.7299171581e+00 -1.2159715761e+00 -1.1070502222e+00  3.5429736428e+00 -1.9109601194e+00  2.7204736306e+00 -2.2036814679e-01 -1.4453649531e-01  1.0849451443e-03  1.6021761746e+00 -8.6229611758e-01  3.8440826267e+00  7.2961762476e+00 -2.8807990795e+00  1.9080935570e+00  6.4886378948e+00 -4.4593208411e+00  2.0041575661e+00  7.8482987539e+00 -4.2240853712e+00  8.8790703553e-01  5.6662522907e+00 -4.1783107670e+00 -3.6889185321e-01  6.4697551767e+00 -2.6076106859e+00 -4.6472600370e-01 -3.5625039677e-01  5.9659367354e-01  3.5167665011e+00 -1.1401887042e+00  7.0472217740e-01  2.0428887028e+00
ENERGY -5.549093643579e+02
GRADIENT  8.6944840110e-05 -3.6527963854e-05 -1.8359799942e-04  2.6432537620e-04 -1.1867928008e-04  2.4319142111e-04  3.2082544256e-04  9.4687916409e-04 -4.7073763472e-05  4.5059545716e-05 -3.5371573563e-05 -9.1039367759e-05 -2.9494901099e-04  1.8171696979e-04  1.0147740029e-04 -6.9201210426e-04 -1.0511387024e-03 -1.2523000051e-04 -3.6934743518e-05 -7.0691661960e-05  4.7764613193e-05 -3.6903825739e-07  2.4806044669e-06  9.2260843431e-07  1.5985123909e-05 -7.6671812078e-06 -1.0547659326e-05  2.2997753725e-04 -8.7254965110e-04  7.0310878034e-04 -3.2402133107e-05  4.4755950710e-05  1.0494522623e-05 -3.6792755321e-05  5.5670602442e-05  1.9658490534e-05 -3.9737545824e-05  1.4011766232e-05 -3.3885009620e-05  3.2920125572e-05 -1.3821974592e-05  4.1231252207e-05  1.7822346945e-05  3.5751580224e-06 -3.3114020317e-05  2.6878656231e-05 -1.8757782291e-05 -9.6082236379e-06  2.2162883646e-06 -2.1638462488e-06 -1.5024365785e-06  2.7484587711e-06 -1.0731947717e-06 -2.2498845037e-06  1.9482133652e-06 -1.3512322174e-06 -2.6564670540e-06 -1.1944269423e-06  8.4162602291e-07  9.2078804800e-08  1.8334923572e-06 -5.8829427441e-07  1.6084889680e-07  1.6757851025e-04  1.0453408553e-03 -6.5958176019e-04 -2.5527472574e-05 -9.9015557212e-05  1.1142611733e-05

JOB 2
COORDS  1.6857250682e+00 -1.1263318657e+00 -1.4916203146e-02  2.7107334188e+00 -1.5337989760e+00  2.1376794486e+00  5.9955014840e-01 -5.2577970483e-01  6.1219433009e-01  1.6196679139e+00 -9.4946867249e-01  2.7710730114e+00  2.7568791984e+00 -1.6340744614e+00  7.3640997880e-01  5.4526992875e-01 -4.3795621988e-01  2.0166292097e+00  3.8943044133e+00 -2.2530418867e+00  1.5625056905e-02  6.9605408457e+00 -3.7466857212e+00  1.3244433783e+00  6.0079475101e+00 -3.3193514490e+00  2.2252007681e-01 -5.6209700063e-01  1.2794969625e-01  2.6695767305e+00  3.9710234787e+00 -2.3587490830e+00 -1.1991490181e+00  4.8629341616e+00 -2.6996926011e+00  8.5675266571e-01  1.7295365581e+00 -1.1975973283e+00 -1.0973666218e+00  3.5332759980e+00 -1.9242514528e+00  2.7272418679e+00 -2.1689803157e-01 -1.2264271770e-01  1.6245146514e-02  1.5823000113e+00 -8.9426752610e-01  3.8565558366e+00  7.2901442224e+00 -2.8850568271e+00  1.9128926050e+00  6.4827128852e+00 -4.4642697943e+00  1.9982525805e+00  7.8437584523e+00 -4.2219880417e+00  8.8523538490e-01  5.6632829780e+00 -4.1688297778e+00 -3.7411215256e-01  6.4666319793e+00 -2.5973509282e+00 -4.5922514000e-01 -3.1220237006e-01  7.7024343418e-01  3.4146418437e+00 -1.2062348992e+00  5.8425192179e-01  2.0314254008e+00
ENERGY -5.549082702537e+02
GRADIENT  5.3219041014e-06  5.4401093688e-06  1.3575916091e-04 -1.6496601117e-04  7.6161762919e-05 -1.0081754748e-04  1.0983176201e-03  2.3871381834e-03 -1.3772169696e-04  2.8383283817e-05 -1.1895553898e-05  1.4666717316e-04  1.2640199489e-04 -6.8514115820e-05 -1.2670794015e-04 -1.7694700211e-03 -2.8786830049e-03 -4.9649593021e-04  4.1410082123e-05 -2.4828319190e-05  1.5416315849e-05  2.2325690536e-06 -8.6989019663e-07 -2.0715665991e-06  5.2274364099e-06 -2.1416378499e-06  1.1376424990e-06  7.4818116913e-04 -1.9959429262e-03  2.7238927026e-03 -3.2627821658e-05  1.4395636041e-05 -1.8158161551e-05  4.3721108183e-05 -1.6586136703e-05  7.5140126352e-06  8.6027826681e-06 -4.0410951393e-06  1.4618157508e-05 -1.6989806636e-05  8.0103362344e-06 -1.9811921849e-05 -5.6354692080e-06  5.2139088945e-06 -2.5399541698e-06 -9.8996032015e-06  2.0813446366e-06  1.6995441842e-05  2.9634501174e-06 -1.1134334179e-06 -1.0801402452e-06  2.6477745670e-06 -1.8710248131e-06 -1.2703379700e-06  3.0924334412e-06 -1.4811752970e-06 -9.0395461590e-07  2.4757414337e-06 -1.5263744295e-07 -9.4492556837e-07  1.7343686575e-06 -1.5043353518e-06 -5.4801341064e-07 -3.2705229382e-05  2.5337131231e-03 -2.1982235733e-03 -3.3994942200e-05 -5.0730591790e-05  2.7629718162e-05

JOB 3
COORDS  1.6842626347e+00 -1.1158132452e+00 -4.3321815953e-03  2.7067480334e+00 -1.5403455887e+00  2.1477866128e+00  5.9916165839e-01 -5.1583655896e-01  6.2760218101e-01  1.6127612015e+00 -9.6242641272e-01  2.7833095152e+00  2.7526099783e+00 -1.6293820426e+00  7.4585117912e-01  5.4074805837e-01 -4.4517110906e-01  2.0316709495e+00  3.8913243795e+00 -2.2449062189e+00  2.0983561416e-02  6.9544757947e+00 -3.7492739630e+00  1.3232154230e+00  6.0036398558e+00 -3.3143377986e+00  2.2286240142e-01 -5.5920225956e-01  1.3572522200e-01  2.7028570743e+00  3.9682289902e+00 -2.3421456148e+00 -1.1941728916e+00  4.8580799310e+00 -2.6974347140e+00  8.5971272310e-01  1.7309905407e+00 -1.1775742655e+00 -1.0872381423e+00  3.5278952469e+00 -1.9376378846e+00  2.7347070949e+00 -2.1293404075e-01 -1.0078378111e-01  3.3798815454e-02  1.5673169413e+00 -9.1897692753e-01  3.8685987991e+00  7.2842474126e+00 -2.8916030164e+00  1.9172827950e+00  6.4752826897e+00 -4.4706029265e+00  1.9919995711e+00  7.8376849291e+00 -4.2226293989e+00  8.8194529569e-01  5.6584869199e+00 -4.1596356820e+00 -3.7934549613e-01  6.4633611045e+00 -2.5882718331e+00 -4.5379174636e-01 -2.8981846871e-01  9.2803924770e-01  3.2798675633e+00 -1.2700905608e+00  4.5293189194e-01  2.0491692559e+00
ENERGY -5.549063484052e+02
GRADIENT  9.0859759817e-06 -2.6034729143e-06  5.2320447386e-05 -6.4183795899e-06 -2.5677945141e-06  2.9565800961e-06  1.6754160622e-03  3.3952902830e-03 -1.4610724751e-04  3.0693061040e-05 -8.5812692942e-06  1.9503036771e-05  1.0213439364e-05 -1.2042814851e-05  5.0527846990e-06 -2.8543597197e-03 -4.3686263707e-03 -8.3934929288e-04 -2.2030173342e-06  3.8231696477e-05  3.9577049647e-06  1.4508739868e-06 -9.5233418577e-07 -1.5604192531e-06  9.1655303587e-06 -4.5154175287e-06 -7.4237075634e-06  1.9615313565e-03 -1.9271721332e-03  4.5652638479e-03  2.3915223874e-05 -2.8391649191e-05 -6.9293796175e-06 -1.9681290444e-05  4.3719801597e-07 -1.0799966369e-05 -3.8656678251e-06  1.0163947710e-06  5.1414840929e-06  3.3147586875e-06 -2.0423557147e-06  5.6109303048e-07 -4.7997612551e-06  5.5182842358e-06 -7.9847149795e-06  5.3963997637e-06 -3.9214836283e-06  5.7638865665e-06  2.3877563268e-06 -1.2849362922e-06 -1.9765234162e-06  2.7409108328e-06 -1.2879846192e-06 -1.8685329089e-06  2.7901325024e-06 -1.2007345069e-06 -1.7272041390e-06  1.6853997610e-06 -1.2086019938e-06 -6.8443493992e-07  7.3372424252e-07  3.1243400898e-07 -5.0422838957e-07 -7.5183173984e-04  2.9288442289e-03 -3.6938534773e-03 -4.0196467885e-05 -3.5140321961e-05  4.1081373348e-05

JOB 4
COORDS  1.6947965326e+00 -1.1074935985e+00  4.2062798034e-03  2.7158710819e+00 -1.5497015174e+00  2.1545259836e+00  6.1063561278e-01 -5.0982239885e-01  6.4180566211e-01  1.6202798330e+00 -9.7507451033e-01  2.7928568102e+00  2.7609922954e+00 -1.6276342715e+00  7.5247898875e-01  5.5063041767e-01 -4.5213375544e-01  2.0454888722e+00  3.9001815060e+00 -2.2408244121e+00  2.2675059822e-02  6.9592623329e+00 -3.7615300939e+00  1.3140200096e+00  6.0101235705e+00 -3.3161324177e+00  2.1650544045e-01 -5.4245703549e-01  1.4432979877e-01  2.7362691248e+00  3.9753850243e+00 -2.3273191019e+00 -1.1930358384e+00  4.8651265631e+00 -2.7015451598e+00  8.5754806108e-01  1.7427947333e+00 -1.1618028488e+00 -1.0790295592e+00  3.5359407587e+00 -1.9536444464e+00  2.7383488910e+00 -2.0002444504e-01 -8.7456273149e-02  5.1257084365e-02  1.5691473857e+00 -9.3862252311e-01  3.8777194134e+00  7.2905885988e+00 -2.9091961408e+00  1.9148199788e+00  6.4781894960e+00 -4.4870145997e+00  1.9768942083e+00  7.8416251598e+00 -4.2333173032e+00  8.6945156960e-01  5.6630774563e+00 -4.1558335029e+00 -3.9234966636e-01  6.4714063571e+00 -2.5855754276e+00 -4.5417039896e-01 -2.8769482320e-01  1.0543032400e+00  3.1154694624e+00 -1.3190719089e+00  3.0457063757e-01  2.0978865870e+00
ENERGY -5.549039387538e+02
GRADIENT -5.2427895554e-06  3.7446340891e-06  4.3977600656e-05  9.7398753856e-06  9.4026088998e-07  2.6311988688e-05  2.0734205051e-03  3.7367907288e-03 -2.7368612356e-05  4.5395353031e-06 -9.1701415067e-06 -1.3826813759e-04  3.6242439153e-05 -1.7709705238e-05 -1.2768684715e-04 -3.5522944919e-03 -5.0755617264e-03 -1.0657763553e-03  8.7473625288e-05 -7.6574816197e-05  3.1700957673e-05  4.0392878488e-06 -1.7362807962e-06 -1.9694765183e-06 -6.7595016843e-06  4.2618733828e-06  1.3202075074e-05  2.9445925899e-03 -1.0008921333e-03  5.8391871111e-03 -1.1552511682e-04  7.3668848037e-05  5.2918285393e-07  8.6740846053e-05 -3.5005484731e-05  3.2336853691e-05  1.4475646580e-05 -6.1843629741e-06  7.1272050357e-07  1.9843229991e-06 -7.9849174998e-07 -1.8330379234e-05  4.8057007896e-06 -3.9152550928e-06  2.0135751871e-05 -8.6035589460e-06  1.8639984286e-06 -2.0941519221e-05  3.2216601675e-06 -1.2671072094e-06 -4.9501033251e-07  2.8378522504e-06 -1.8987525331e-06 -8.6569674534e-07  2.7817983642e-06 -1.2725134634e-06 -1.1262810012e-06  4.3798499078e-06 -6.6751449812e-09 -2.3367309952e-06  3.9461532100e-06 -3.8986462749e-06 -2.2793668298e-06 -1.5680915973e-03  2.3606654367e-03 -4.5853771263e-03  2.5108941129e-05  2.3860852625e-05 -3.5010372936e-05

JOB 5
COORDS  1.8261392377e+00 -1.0635820835e+00 -1.0217955424e-01  2.7672321072e+00 -1.5828863817e+00  2.0685132365e+00  7.1805772885e-01 -4.8913495430e-01  5.1368267098e-01  1.6672513034e+00 -9.8552348062e-01  2.6833985798e+00  2.8603180563e+00 -1.6173278138e+00  6.6919750408e-01  6.3693430207e-01 -4.1922302070e-01  1.9143005228e+00  4.0143051407e+00 -2.2337501147e+00 -3.7268703128e-02  6.9898252046e+00 -3.8606444380e+00  1.3179054546e+00  6.0921651565e+00 -3.3610567933e+00  2.0066474921e-01 -5.4715501068e-01  1.3310324521e-01  2.5044932660e+00  4.1335495948e+00 -2.2836229408e+00 -1.2509814766e+00  4.9356994493e+00 -2.7428524465e+00  8.1798266627e-01  1.8983512179e+00 -1.1148853545e+00 -1.1841684988e+00  3.5599277648e+00 -2.0163496666e+00  2.6687046098e+00 -1.0360661760e-01 -9.3280887346e-02 -7.6413312261e-02  1.6067944028e+00 -9.5198524779e-01  3.7694889107e+00  7.3150262361e+00 -3.0348447691e+00  1.9578353854e+00  6.4697791590e+00 -4.5965832164e+00  1.9384885737e+00  7.8788872324e+00 -4.3365316048e+00  8.9147984284e-01  5.7516766300e+00 -4.1735969270e+00 -4.4741455495e-01  6.5927449869e+00 -2.6194691615e+00 -4.2837172372e-01 -4.5001499423e-01  1.1402860304e+00  2.6323987972e+00 -6.6712487652e-01 -2.4926331183e-01  3.4415314279e+00
ENERGY -5.549015780790e+02
GRADIENT -7.0022166983e-06  4.9858384074e-06  1.6973967794e-05 -4.0952960967e-05  2.0449543659e-05 -5.3521905825e-05 -1.6845695192e-03 -3.7515667756e-03  8.2894987425e-05 -1.0709047166e-06  8.5886461607e-06  4.0676443337e-05  3.3670988432e-05 -3.2160223272e-05 -4.8548236087e-05  3.0572478671e-03  5.2484096498e-03  1.1104044578e-03  7.8321837081e-05  3.5044531206e-05  8.7953188446e-06  1.9400728484e-06 -2.3543304476e-06 -1.1760502399e-06 -8.3349334097e-07 -1.3687311162e-06  3.6267176532e-06 -3.4746350345e-03 -7.2362294639e-04 -6.0894498046e-03 -5.9464812674e-05  2.5044950288e-06 -6.5552358927e-06  2.3666407718e-05 -3.4960787683e-05  1.6864155156e-05  4.7216918580e-06 -7.5418801090e-06  4.1721624534e-07 -7.0275870449e-06  1.2062042971e-07 -7.3380230008e-06  5.7720258425e-06 -2.5129824653e-06  3.4061342837e-06  7.3538132538e-07  1.5622309839e-06  5.1322438805e-06  3.1875268757e-06 -1.6182020745e-06 -9.7741811041e-07  3.4414042659e-06 -2.1970549740e-06 -7.2769574405e-07  2.6358976298e-06 -1.0986013404e-06 -1.6151953818e-06  5.1661127573e-06 -1.4965300452e-06 -1.7615304382e-06  1.4459985362e-06 -1.9661145780e-06 -1.4034337846e-06  2.0666828179e-03 -7.8767648852e-04  4.8833441698e-03  5.2174514184e-05 -6.1810501543e-06  1.6943347738e-05

JOB 6
COORDS  1.8359343145e+00 -1.0600476363e+00 -9.1711216070e-02  2.7715935734e+00 -1.6032491286e+00  2.0735611617e+00  7.2664509679e-01 -4.9336457610e-01  5.2555981591e-01  1.6717860804e+00 -1.0120489752e+00  2.6935293824e+00  2.8702446707e+00 -1.6230673681e+00  6.7452147450e-01  6.4270388186e-01 -4.3604087961e-01  1.9290371074e+00  4.0245013020e+00 -2.2303441357e+00 -3.5507644406e-02  6.9975677626e+00 -3.8731501288e+00  1.3070905002e+00  6.1021955160e+00 -3.3600095308e+00  1.9404613138e-01 -5.3601374459e-01  9.0143984299e-02  2.5277750537e+00  4.1480362915e+00 -2.2666525678e+00 -1.2497037470e+00  4.9447192977e+00 -2.7496454758e+00  8.1618744917e-01  1.9097983007e+00 -1.0994434034e+00 -1.1741017319e+00  3.5627092143e+00 -2.0421520937e+00  2.6719062153e+00 -9.2535165826e-02 -9.4962093258e-02 -6.7007603844e-02  1.6107687231e+00 -9.8969394572e-01  3.7799523751e+00  7.3211553440e+00 -3.0551704841e+00  1.9578280351e+00  6.4761676430e+00 -4.6165853503e+00  1.9175506591e+00  7.8877116875e+00 -4.3437594059e+00  8.7701288450e-01  5.7636747766e+00 -4.1648193200e+00 -4.6468093899e-01  6.6045053848e+00 -2.6110760068e+00 -4.2490509049e-01 -5.7544976091e-01  1.1050900818e+00  2.4514742286e+00 -5.5119471086e-01 -1.2406851633e-01  3.5228907300e+00
ENERGY -5.549042229465e+02
GRADIENT -1.3293869457e-05 -7.7113361473e-10  1.4151099173e-04 -1.3148449507e-04  6.7041203812e-05 -1.0166795117e-04 -1.7950172202e-03 -3.9671932023e-03  3.4936736552e-05 -1.8934764606e-05  8.8381916175e-06  9.0822027718e-05  1.3888262040e-04 -7.9738609924e-05 -8.8649802954e-05  3.4090078442e-03  6.0240291097e-03  1.2257563184e-03  3.9022044501e-05  1.4473450866e-05 -9.5985241911e-06  3.6794548247e-06 -2.6332024772e-06 -2.7121656695e-06 -7.8726860162e-07 -1.0561831225e-06  3.4308123603e-06 -4.4535163867e-03 -2.5483572163e-03 -6.2493649385e-03 -7.5060592685e-07 -1.4681199041e-05 -8.3451497427e-06  2.8390756644e-05 -2.2431167741e-05 -8.2614202244e-06  1.2379331883e-05 -5.6460359459e-06  1.8457153905e-05 -1.1688891364e-05  6.1950131339e-06 -2.1057684219e-05 -4.4941512028e-06  1.1489941750e-06  3.5439300490e-06 -4.8443035848e-06  1.9174667485e-06  8.9589916643e-06  3.1395915564e-06 -1.3103990144e-06 -1.1462198927e-06  3.2009761958e-06 -2.3226876632e-06 -1.3496764714e-06  3.2318297530e-06 -1.2453565920e-06 -1.4023240235e-06  4.1139723871e-06 -1.6644563171e-06 -2.1662429476e-06  3.0106999813e-06 -1.6745934042e-06 -1.6632989876e-06  2.7895902931e-03  4.7953436138e-04  4.9522011931e-03  6.0861900614e-05  4.9231655484e-06 -5.7958805692e-08

JOB 7
COORDS  1.8445393993e+00 -1.0573397423e+00 -8.0744414336e-02  2.7774061330e+00 -1.6200457145e+00  2.0796698487e+00  7.3620164182e-01 -4.9373409511e-01  5.3874952088e-01  1.6780833290e+00 -1.0354672641e+00  2.7045699302e+00  2.8784795485e+00 -1.6291005416e+00  6.8031458150e-01  6.4841197657e-01 -4.5257844933e-01  1.9442554812e+00  4.0321253667e+00 -2.2288083900e+00 -3.3387486172e-02  7.0047153193e+00 -3.8838730699e+00  1.2964287638e+00  6.1100453117e+00 -3.3601880434e+00  1.8762174797e-01 -5.1908054097e-01  5.9652805559e-02  2.5528640179e+00  4.1575804379e+00 -2.2548632874e+00 -1.2480608376e+00  4.9525456245e+00 -2.7558862136e+00  8.1459274782e-01  1.9204735153e+00 -1.0835482281e+00 -1.1634186855e+00  3.5681849368e+00 -2.0628312355e+00  2.6756395538e+00 -7.7170601591e-02 -8.5092921041e-02 -5.5650153065e-02  1.6163128788e+00 -1.0235184104e+00  3.7911075586e+00  7.3277008561e+00 -3.0720610096e+00  1.9551731118e+00  6.4827870758e+00 -4.6329724591e+00  1.8995007597e+00  7.8952692664e+00 -4.3504412287e+00  8.6275120980e-01  5.7724197599e+00 -4.1589191340e+00 -4.7897354408e-01  6.6131992443e+00 -2.6057246039e+00 -4.2395613854e-01 -7.0276303185e-01  1.0265326925e+00  2.2970025780e+00 -4.6248012889e-01  1.1432996087e-02  3.5667953868e+00
ENERGY -5.549067096725e+02
GRADIENT  5.2439322817e-06 -8.4170633710e-06  8.8075773584e-05 -7.2622253534e-05  3.4690862414e-05 -5.1192936922e-05 -1.5197630003e-03 -3.3145487229e-03 -3.4830704201e-06 -2.2006816410e-05  7.2649333695e-06  6.4914659041e-05  6.2058366868e-05 -4.1315192610e-05 -7.6970217770e-05  3.0371287733e-03  5.3860423937e-03  9.8720723848e-04  6.4405354980e-05  9.1668144617e-06 -2.1345807020e-06  3.1184471610e-06 -2.5158843882e-06 -1.6119099953e-06 -2.1253035695e-07 -1.4506898645e-06  4.5977341026e-06 -4.2112165822e-03 -3.5874291577e-03 -4.7553679615e-03 -3.7361010829e-05 -2.3982189984e-07  1.7366577249e-06  2.7502171471e-05 -2.2291806114e-05  1.9689307608e-06  6.3609355260e-06 -2.1303092843e-06  8.5171191284e-06 -7.3160684941e-06  3.9761130937e-06 -1.4418180556e-05 -1.5578842844e-06  1.5976667728e-06 -2.6237313991e-06 -1.5366582987e-07 -9.8558158273e-07  4.8171958849e-06  2.5456796342e-06 -1.4511568175e-06 -8.3589298265e-07  3.0335937625e-06 -2.0858152052e-06 -1.2734802833e-06  3.0320504248e-06 -1.0355354134e-06 -8.6981058372e-07  4.2711728015e-06 -1.3151703138e-06 -1.9193329690e-06  2.6435830329e-06 -1.7099704470e-06 -1.2561182194e-06  2.6526686793e-03  1.4933557302e-03  3.7217377903e-03  5.6897815424e-05  1.4927482811e-05 -8.0158410140e-07

JOB 8
COORDS  1.8534660808e+00 -1.0545259971e+00 -7.1474524487e-02  2.7839519255e+00 -1.6332003563e+00  2.0849498921e+00  7.4782265978e-01 -4.8946702874e-01  5.5059080878e-01  1.6851969390e+00 -1.0550139777e+00  2.7141050171e+00  2.8860758844e+00 -1.6347393882e+00  6.8484224637e-01  6.5459685976e-01 -4.6630586164e-01  1.9570452077e+00  4.0385120198e+00 -2.2293074568e+00 -3.2105295592e-02  7.0118466885e+00 -3.8927964493e+00  1.2866009150e+00  6.1167623406e+00 -3.3618247455e+00  1.8150689078e-01 -4.9805242285e-01  4.4005623764e-02  2.5753964116e+00  4.1647151038e+00 -2.2481996896e+00 -1.2471796045e+00  4.9597735155e+00 -2.7617602688e+00  8.1267288308e-01  1.9319902219e+00 -1.0675655322e+00 -1.1542250712e+00  3.5743269355e+00 -2.0799146354e+00  2.6785673102e+00 -5.7215913724e-02 -6.4938855156e-02 -4.4798256825e-02  1.6211777035e+00 -1.0540607605e+00  3.8004837866e+00  7.3348685003e+00 -3.0853125807e+00  1.9506515748e+00  6.4900753301e+00 -4.6458412024e+00  1.8849027242e+00  7.9023876919e+00 -4.3564653638e+00  8.4974367930e-01  5.7792833496e+00 -4.1563105136e+00 -4.9026372588e-01  6.6200674008e+00 -2.6035979685e+00 -4.2533061230e-01 -8.2486517937e-01  9.1701740097e-01  2.1734218782e+00 -3.9530752237e-01  1.5038779590e-01  3.5797091630e+00
ENERGY -5.549085475951e+02
GRADIENT  1.3283150518e-05 -7.8373556740e-06  2.7045939807e-05 -2.3767202950e-05  1.0246965577e-05 -1.8315895813e-05 -9.8200412876e-04 -2.1051601039e-03 -1.2887300913e-05 -2.4867233887e-05  6.8261116686e-06  2.4930269548e-05  1.0419760033e-05 -1.4745877908e-06 -5.9195354957e-05  2.0583789985e-03  3.6294692951e-03  5.6911139545e-04  6.5344689157e-05 -4.5160037861e-05  3.2741637591e-06  2.4017461790e-06 -1.3059499462e-06 -9.1338473765e-07  5.4429836977e-06 -3.3854714612e-06  3.2423841658e-06 -2.8832517075e-03 -3.1199758339e-03 -2.5159801650e-03 -5.8360664772e-05  3.0999947223e-05  8.1011197614e-06  2.8531534712e-05 -6.5315168790e-06  1.1556883985e-05  4.8851449802e-06 -9.4922470188e-07  1.6553683276e-07 -3.1441303119e-06  1.4296225040e-06 -8.9873357370e-06  2.9126159999e-06 -2.5010742295e-06 -1.3516887432e-06  2.4086800935e-06 -4.6021133850e-06 -6.9767501483e-07  2.7729474412e-06 -1.7733335235e-06 -6.8240305344e-07  3.5853269154e-06 -2.3148605909e-06 -1.9825203180e-06  3.4665697302e-06 -6.5001757638e-07 -1.2616981688e-06  2.9473605729e-06 -4.1528962223e-09 -1.3163767978e-06  3.0437345873e-06 -2.0563518855e-06 -8.7820903536e-07  1.7867545708e-03  1.5717101776e-03  1.9537430154e-03  4.1114378078e-05  1.3273015974e-05 -5.3246441903e-06

JOB 9
COORDS  1.8631759972e+00 -1.0513174541e+00 -6.3484311628e-02  2.7925272917e+00 -1.6427188058e+00  2.0896942709e+00  7.6133460709e-01 -4.8241817414e-01  5.6196566948e-01  1.6938684249e+00 -1.0711347623e+00  2.7225247841e+00  2.8942107901e+00 -1.6387876875e+00  6.8862664510e-01  6.6172012723e-01 -4.7795086191e-01  1.9684958730e+00  4.0450032541e+00 -2.2302934935e+00 -3.1478956404e-02  7.0188926485e+00 -3.9010521344e+00  1.2774911594e+00  6.1228445423e+00 -3.3649667128e+00  1.7558675484e-01 -4.7430253575e-01  3.9692720087e-02  2.5964868615e+00  4.1706383408e+00 -2.2449504687e+00 -1.2469132221e+00  4.9672772666e+00 -2.7666715659e+00  8.1045121282e-01  1.9442000499e+00 -1.0521818647e+00 -1.1461524707e+00  3.5825206751e+00 -2.0935453988e+00  2.6807547004e+00 -3.4507870300e-02 -3.9456622476e-02 -3.2980210385e-02  1.6262805891e+00 -1.0818568937e+00  3.8084590555e+00  7.3429898697e+00 -3.0964960857e+00  1.9445805969e+00  6.4973314051e+00 -4.6562667725e+00  1.8732553586e+00  7.9087668942e+00 -4.3633866391e+00  8.3783094722e-01  5.7842168456e+00 -4.1566049689e+00 -4.9900277182e-01  6.6262220892e+00 -2.6048509326e+00 -4.2885865652e-01 -9.3914387358e-01  7.8364337059e-01  2.0886885541e+00 -3.4393632627e-01  2.8380980146e-01  3.5715924504e+00
ENERGY -5.549094539961e+02
GRADIENT  2.0375279698e-05 -8.6054087110e-06 -1.0337791377e-04  5.9498145803e-05 -3.8773532205e-05  4.7350076096e-05 -1.8459754868e-04 -6.1895489855e-04  7.8297002826e-05 -5.8753960615e-06 -4.0022445727e-06 -1.0737422241e-04 -7.6518584564e-05  3.4024130922e-05 -8.7336659141e-06  5.8534464449e-04  1.0666987441e-03  1.2810752874e-04  8.3868710769e-05 -1.1033890078e-05  2.9921736613e-06  8.6279725997e-07 -1.6019186893e-06 -4.4967432572e-07  8.1429457566e-06 -3.6282352788e-06  8.5443748113e-07 -9.1940707891e-04 -1.0606400970e-03 -4.4696408348e-04 -7.2654332910e-05  2.1463966374e-05  1.4153670328e-05  7.3032950677e-06 -7.6155365831e-06  1.6484432294e-05  6.2890547528e-06 -1.4896903154e-06 -1.3506555012e-05  7.8882516762e-06 -5.0945190472e-06 -1.2917857555e-06  1.6553101308e-05 -8.1046629400e-06  9.4946332621e-06  1.9848828045e-06 -2.5620419467e-06 -1.6380366977e-05  1.5776664822e-06 -1.9142778787e-06 -4.0674184848e-07  4.2256154713e-06 -3.2687130460e-06 -2.8435041218e-06  3.8296220488e-06  7.3963706006e-07 -1.9498049385e-06  1.5586034530e-06 -6.0163394718e-07 -2.2720196991e-07  1.9370287294e-06 -2.4961874240e-06 -1.7354384913e-06  4.8799679917e-04  5.8922779670e-04  3.8497456871e-04  2.2123759269e-05  3.1008598080e-05  4.5132922175e-06

JOB 10
COORDS  1.8729107056e+00 -1.0472304243e+00 -5.7509522290e-02  2.8024863023e+00 -1.6481061452e+00  2.0931423300e+00  7.7553578098e-01 -4.7269140875e-01  5.7105614716e-01  1.7040177329e+00 -1.0817137514e+00  2.7291713690e+00  2.9023645504e+00 -1.6408503030e+00  6.9123625502e-01  6.7028226401e-01 -4.8557561984e-01  1.9774541728e+00  4.0509842825e+00 -2.2316298877e+00 -3.1752694374e-02  7.0244697242e+00 -3.9090285358e+00  1.2699812646e+00  6.1276900044e+00 -3.3693033924e+00  1.7040446627e-01 -4.4696320401e-01  4.8521958955e-02  2.6136244015e+00  4.1764095239e+00 -2.2436140640e+00 -1.2473962707e+00  4.9737166786e+00 -2.7713038543e+00  8.0802185647e-01  1.9560962505e+00 -1.0384264960e+00 -1.1400023122e+00  3.5920214608e+00 -2.1031526602e+00  2.6816283663e+00 -1.1620171284e-02 -1.1586616171e-02 -2.2012969434e-02  1.6325714453e+00 -1.1025281613e+00  3.8145044899e+00  7.3494033785e+00 -3.1065207671e+00  1.9391374664e+00  6.5030711816e+00 -4.6657093063e+00  1.8640372540e+00  7.9138191587e+00 -4.3704631432e+00  8.2829464322e-01  5.7875121948e+00 -4.1590244773e+00 -5.0568635671e-01  6.6313681238e+00 -2.6084456161e+00 -4.3287925341e-01 -1.0420761292e+00  6.3925749494e-01  2.0469026850e+00 -3.0872246506e-01  3.9942502214e-01  3.5525500902e+00
ENERGY -5.549092797646e+02
GRADIENT  1.5815136364e-05 -4.4318145676e-06 -1.1809863253e-04  1.1120386435e-04 -5.7583237545e-05  7.4593148283e-05  5.9582364805e-04  1.0768604364e-03  8.0207953907e-05  1.4142908097e-05 -3.0025139072e-06 -7.8952392249e-05 -1.0195117427e-04  5.5484657655e-05  1.0179259184e-04 -1.1870609968e-03 -2.0682855294e-03 -2.6577439411e-04 -5.1942181072e-05  3.9319907633e-06 -1.2253526914e-05  1.0230447398e-06 -2.0931511859e-06 -8.5096925553e-07  7.1454096209e-06  2.9000751046e-06 -7.0294772534e-06  1.5256207315e-03  2.2754052741e-03  7.6504295211e-04  4.7791578388e-05 -1.1211052476e-05  8.3091243680e-06 -3.7675412909e-05  2.6068561513e-05 -9.1688022604e-06 -6.2999690341e-06  4.6349064631e-06 -1.3652786476e-05  1.5496999338e-05 -1.0306203809e-05  1.6360607233e-05  1.0060110034e-05 -5.6573661002e-06 -3.0201323448e-06  9.8926986964e-06 -6.9868148521e-06 -8.7131781179e-06 -2.9130441836e-06 -2.2686999659e-06  1.5123878231e-06  4.9743806208e-06 -5.1692648730e-06 -5.7517671062e-06  5.0689055089e-06  4.8645324923e-06 -2.0668806863e-06 -4.1876285283e-06 -2.2402760082e-06  2.8166610971e-06  4.3573927303e-06 -4.9297402387e-06 -5.4086560982e-06 -8.6437484915e-04 -1.3018123901e-03 -4.9393605270e-04 -5.5957777243e-05  2.5746158602e-06 -4.2877621316e-05

JOB 11
COORDS  1.9015298466e+00 -1.0422863183e+00 -6.6591173296e-02  2.8372696410e+00 -1.6290999701e+00  2.0841471042e+00  8.0964376281e-01 -4.5632002177e-01  5.5804957447e-01  1.7478349167e+00 -1.0477501608e+00  2.7207288950e+00  2.9319133443e+00 -1.6368981499e+00  6.8172553143e-01  7.1258005368e-01 -4.5123206958e-01  1.9675721681e+00  4.0704587634e+00 -2.2434995130e+00 -4.0262405586e-02  7.0414983967e+00 -3.9275481379e+00  1.2604941423e+00  6.1400376194e+00 -3.3944215513e+00  1.6140017565e-01 -3.7015784039e-01  1.2589529884e-01  2.5945648324e+00  4.1900361069e+00 -2.2708810096e+00 -1.2566948367e+00  4.9952556536e+00 -2.7816880692e+00  8.0006088593e-01  1.9778523732e+00 -1.0478457513e+00 -1.1496678888e+00  3.6258726066e+00 -2.0843742587e+00  2.6737888736e+00  2.1805135168e-02  2.2544421896e-03 -3.5890567466e-02  1.6862904621e+00 -1.0510407633e+00  3.8069797888e+00  7.3809795818e+00 -3.1188750657e+00  1.9148674936e+00  6.5174631450e+00 -4.6697465934e+00  1.8703535530e+00  7.9218417148e+00 -4.4050975344e+00  8.1780606403e-01  5.7904635843e+00 -4.1898911918e+00 -5.0320426787e-01  6.6448784995e+00 -2.6442927382e+00 -4.5431882252e-01 -1.1124554107e+00  5.5467246740e-01  2.0637887918e+00 -4.1592205691e-01  1.8573840174e-01  3.5999178029e+00
ENERGY -5.549081248321e+02
GRADIENT  2.6194088725e-05 -2.7839199081e-05  2.6151202680e-04  7.2029844760e-05 -4.0561616800e-05  3.9576506288e-05 -6.1067013386e-05  5.4577973667e-04 -8.7037837003e-05 -9.1531976076e-06 -5.7082285017e-06 -1.4320037119e-05 -3.4140508268e-05  1.7249106237e-05 -1.4550424241e-05 -4.4487620046e-05 -9.8142664150e-04  5.9062681719e-05 -4.9473743979e-05  3.4551074944e-05  4.2733722220e-05  2.3213156482e-05 -3.9581906901e-06 -3.3566418127e-05 -4.5526129753e-05  1.5375764510e-05  6.4560113592e-05  4.6284305116e-04  9.3477423909e-04 -3.5666609759e-04  6.2615429179e-05 -3.8564439907e-05  4.3612771205e-05  4.6270081591e-05 -3.9649544047e-05 -1.0102054943e-04 -2.3846323974e-05  1.2854183451e-05  8.3125310762e-06  2.2325048732e-06 -2.0537062844e-06  1.8558997398e-06 -3.2427969176e-05  2.0224461175e-05 -3.3905852019e-05  1.5914650996e-05 -9.7863367056e-06  1.5119209315e-06  1.0770339521e-05  5.3998050295e-06 -1.9575602327e-05 -7.1843020263e-06  1.2866216782e-05 -5.0396304890e-06  4.4440357679e-08 -2.3279579398e-05  7.2008117494e-06  1.4243360848e-05 -1.4410455442e-05 -1.0484837818e-05  8.2969870042e-06  2.0449684390e-05  1.1050599433e-05 -4.2769011115e-04 -4.7069746641e-04  2.0075749541e-04  5.0703864167e-05  1.6369615541e-06 -9.2010518502e-05

JOB 12
COORDS  1.8715293314e+00 -9.9955133846e-01 -4.9210026641e-02  2.8170262976e+00 -1.5673020714e+00  2.1030346167e+00  7.8667296713e-01 -4.0126611889e-01  5.7885336387e-01  1.7382704181e+00 -9.6435661229e-01  2.7392369664e+00  2.9008381341e+00 -1.5925380939e+00  7.0030059135e-01  7.0486836255e-01 -3.6881160352e-01  1.9865750306e+00  4.0291002999e+00 -2.2213153971e+00 -2.2638461940e-02  6.9932372320e+00 -3.9136861559e+00  1.2811550645e+00  6.0888463171e+00 -3.3893418702e+00  1.8036458284e-01 -3.5651508053e-01  2.6679566022e-01  2.6244085473e+00  4.1370790255e+00 -2.2663745806e+00 -1.2391941754e+00  4.9539224795e+00 -2.7560509835e+00  8.1806758330e-01  1.9363815338e+00 -1.0256783363e+00 -1.1326725704e+00  3.6056184733e+00 -2.0228408533e+00  2.6923886197e+00 -5.6769261877e-03  4.9350364382e-02 -1.5347678197e-02  1.6896712946e+00 -9.4230569028e-01  3.8258148228e+00  7.3411768299e+00 -3.0986628697e+00  1.9230309167e+00  6.4687089620e+00 -4.6450777111e+00  1.9034946332e+00  7.8682104620e+00 -4.4017631901e+00  8.3939075464e-01  5.7264512757e+00 -4.1913489262e+00 -4.6925454172e-01  6.5953989736e+00 -2.6530891204e+00 -4.5036116066e-01 -1.1585144476e+00  4.8513639234e-01  2.0471945526e+00 -6.0260831520e-01 -7.5309411997e-02  3.5442930980e+00
ENERGY -5.549092796922e+02
GRADIENT -1.7018836765e-05  1.0297961525e-05 -2.1690857314e-05  1.6805294306e-05 -1.3074914310e-05  1.1700047721e-05 -5.8544326741e-04 -1.0855874648e-03 -1.6062571766e-05  3.9183990898e-06 -1.8752516352e-05 -5.7131800745e-05  1.1968731003e-05 -1.0198061009e-05  8.0709764822e-06  1.0991126900e-03  2.1657621942e-03 -5.9144930423e-07 -7.9365991992e-06  2.0000962156e-05  6.0973493287e-06  1.9841649778e-06 -2.3803427242e-06 -1.8006188921e-06  1.0400977959e-06 -8.1578134563e-07 -2.0726037108e-06 -1.2389732791e-03 -2.5556293358e-03  4.3281980685e-04  4.7719341668e-06 -1.5152234204e-05 -8.5948433059e-06  8.8898746067e-06 -8.0609071157e-08 -6.6394061418e-07  5.3460246624e-06 -3.8745563371e-06 -2.2285413338e-06  6.2435111319e-06 -2.8565418733e-06 -1.4106606859e-06  7.1029896242e-06 -4.7611945105e-07  9.9545980919e-06  8.6547100051e-07 -2.2406255319e-06 -7.7702804813e-06  4.0582850980e-07 -1.4166399946e-06 -2.6557880441e-07  3.5704240530e-06 -3.3201591333e-06 -2.5937411023e-06  3.8755741722e-06  7.8435580998e-07 -1.5655569479e-06  1.5045110926e-07 -2.1406871156e-06  2.1614060046e-07  2.9605224151e-06 -3.5955305115e-06 -2.8648174464e-06  6.8964806136e-04  1.4680897473e-03 -3.5598643815e-04  3.8870187989e-05  2.7176142121e-05 -2.4527366530e-06

JOB 13
COORDS  1.8794243347e+00 -9.9386993543e-01 -5.6418301107e-02  2.8191221507e+00 -1.5668733111e+00  2.0973151129e+00  7.9757977077e-01 -3.8867226721e-01  5.6979529829e-01  1.7366680226e+00 -9.6631799625e-01  2.7312351064e+00  2.9048023842e+00 -1.5915750712e+00  6.9540460871e-01  7.0623729053e-01 -3.7064373071e-01  1.9768205363e+00  4.0340042096e+00 -2.2219372383e+00 -2.5896361308e-02  6.9926945980e+00 -3.9199705561e+00  1.2823988580e+00  6.0914543077e+00 -3.3933452582e+00  1.8016807297e-01 -3.5022549437e-01  2.9021504983e-01  2.6089606059e+00  4.1434762304e+00 -2.2660286152e+00 -1.2421859411e+00  4.9561972051e+00 -2.7583811191e+00  8.1606937920e-01  1.9503935375e+00 -1.0130943802e+00 -1.1396178545e+00  3.6050082158e+00 -2.0252110794e+00  2.6880727791e+00  1.5371602289e-02  7.9028727250e-02 -2.4319958900e-02  1.6825459792e+00 -9.5265910708e-01  3.8179031768e+00  7.3399316394e+00 -3.1060992776e+00  1.9261010958e+00  6.4660912663e+00 -4.6517251585e+00  1.9025429295e+00  7.8682243211e+00 -4.4082448199e+00  8.4198201799e-01  5.7287526612e+00 -4.1942036615e+00 -4.7066722734e-01  6.6004023739e+00 -2.6574543438e+00 -4.4901456924e-01 -1.2145339980e+00  3.1417391951e-01  2.0800884171e+00 -5.1195069583e-01  7.7123102663e-03  3.5688433230e+00
ENERGY -5.549094541569e+02
GRADIENT  2.1003218699e-05 -1.0218568707e-05 -8.4384481245e-06  2.7991841260e-05 -1.3533964017e-05 -1.2440954429e-05  2.5702287545e-04  5.7397895333e-04 -5.2135295225e-07 -4.7626724194e-05  2.8314253389e-05  7.5423015126e-05 -5.6783874224e-05  2.8041860407e-05  1.3010077604e-05 -4.2808408132e-04 -1.1357238176e-03  2.2982723263e-06  6.4167690025e-05 -2.3643049879e-05 -3.6363638478e-06 -4.3927172372e-07 -2.8600436637e-06 -2.7911643146e-07  1.3554831708e-05 -5.5189766063e-06 -2.1757140872e-06  4.5599798950e-04  1.2744406912e-03 -4.2487228626e-04 -4.4115766896e-05  2.2275398394e-05  1.4770753829e-05 -1.1009842400e-05  5.9180624539e-06  7.7424345287e-06 -6.6169341739e-06  1.4870117903e-06 -4.6270071885e-06  1.4051185996e-09  6.0393045790e-07  6.6025593648e-06  2.2480971913e-06  1.2745265308e-06 -1.4468097509e-05  1.5945921693e-05 -7.6250133465e-06  8.6117326451e-06 -2.7349903327e-06 -2.2944055268e-06  1.8520767078e-06  6.0235985297e-06 -7.0507029707e-06 -5.6146206543e-06  6.2916213920e-06  5.0348906374e-06 -2.0764234892e-06 -4.7132893490e-06 -1.2712964729e-06  3.9297659439e-06  3.5582221721e-06 -6.7795387786e-06 -5.2540585043e-06 -2.2351257945e-04 -7.3697424091e-04  3.3707046313e-04  1.6813929040e-05 -2.0346257654e-05 -4.9622896794e-06

JOB 14
COORDS  1.8652752159e+00 -9.7846883682e-01 -5.8814123516e-02  2.7941850180e+00 -1.5608620561e+00  2.0976844573e+00  7.8468048343e-01 -3.6861107189e-01  5.6484128080e-01  1.7055809852e+00 -9.6424482365e-01  2.7271970731e+00  2.8849882563e+00 -1.5818267842e+00  6.9695278481e-01  6.7951655083e-01 -3.6666972786e-01  1.9707415256e+00  4.0178893465e+00 -2.2112988968e+00 -2.1139075953e-02  6.9709206208e+00 -3.9110154366e+00  1.2969675189e+00  6.0741838543e+00 -3.3832835661e+00  1.9165486519e-01 -3.7939131227e-01  3.1170497014e-01  2.5941147886e+00  4.1315634719e+00 -2.2540638227e+00 -1.2368652462e+00  4.9364767415e+00 -2.7483334185e+00  8.2369116316e-01  1.9455879118e+00 -9.8818468529e-01 -1.1414754615e+00  3.5765728685e+00 -2.0220768964e+00  2.6908235628e+00  1.3418674571e-02  1.1698630770e-01 -2.8578727770e-02  1.6429601052e+00 -9.6083270093e-01  3.8136521604e+00  7.3173954303e+00 -3.0975906195e+00  1.9416249899e+00  6.4411181495e+00 -4.6418338667e+00  1.9154757508e+00  7.8470568442e+00 -4.4007873295e+00  8.5946761889e-01  5.7135694036e+00 -4.1834357351e+00 -4.6117973462e-01  6.5855944562e+00 -2.6469084548e+00 -4.3491685474e-01 -1.2831487918e+00  1.4704093659e-01  2.1623113361e+00 -4.3927058442e-01  1.2665036562e-01  3.5903681901e+00
ENERGY -5.549085477426e+02
GRADIENT -6.3213967310e-06  2.0438241331e-06 -1.0661209839e-04  8.4355589184e-05 -5.7589668846e-05  6.7073957980e-05  1.4007557725e-03  1.8980696997e-03  1.1432552464e-04  4.1989772050e-05 -2.3408998349e-05 -1.1378927108e-04 -6.8588815072e-05  1.7554859564e-05  6.9938803141e-05 -2.2022216781e-03 -3.5002847713e-03  4.7574126502e-04 -9.6622675164e-06  9.3391129891e-05  3.7492843826e-06  2.4797426876e-06 -2.9635816106e-06 -1.2521681356e-06 -3.5784974767e-07 -1.9587148684e-06 -5.0092715824e-06  1.2484475958e-03  3.9145813993e-03 -2.3869298758e-03  1.4240953305e-05 -4.5956183646e-05 -6.1752680565e-06 -2.4179885901e-05 -6.5992044097e-06 -2.0066461670e-06  1.5121316730e-06 -9.9871716436e-07 -1.2524016818e-05  1.5417530603e-05 -8.2949470276e-06  1.1114286821e-05  8.2687007153e-06 -3.8467636661e-06  6.0303597771e-06  4.3689085877e-06 -4.1850272479e-07 -1.3355982214e-05  2.2364288113e-06 -1.5136522026e-06 -1.9160911813e-06  2.9559331324e-06 -1.3590733117e-06 -1.0861492595e-06  2.7459433472e-06 -1.5046514428e-06 -1.6752465052e-06  3.6004407677e-06 -3.1666673076e-06 -1.4011134549e-06  1.5486613600e-06 -1.2930235296e-06 -1.6022234700e-06 -4.5433760430e-04 -2.3582687456e-03  1.8743869044e-03  1.2630610143e-07  6.4561598525e-05  4.9379693790e-06

JOB 15
COORDS  1.8753180111e+00 -9.7405197103e-01 -7.3124117366e-02  2.7925833686e+00 -1.5658204076e+00  2.0865094138e+00  7.9479808837e-01 -3.6041487689e-01  5.4795027905e-01  1.6988576962e+00 -9.7112400823e-01  2.7116691995e+00  2.8886240357e+00 -1.5829791041e+00  6.8687542907e-01  6.7830255000e-01 -3.7167650429e-01  1.9519304421e+00  4.0260902194e+00 -2.2116529691e+00 -2.7855316352e-02  6.9700944697e+00 -3.9177118911e+00  1.3009959264e+00  6.0803113429e+00 -3.3855772256e+00  1.9228206693e-01 -3.8971215294e-01  3.1968217582e-01  2.5660317938e+00  4.1457151942e+00 -2.2495428890e+00 -1.2428070837e+00  4.9389932428e+00 -2.7518983516e+00  8.1992201530e-01  1.9649763909e+00 -9.7542308980e-01 -1.1550658805e+00  3.5719697589e+00 -2.0293348764e+00  2.6817417319e+00  3.2353368478e-02  1.4022680903e-01 -4.3583361685e-02  1.6286871591e+00 -9.7440954651e-01  3.7977562866e+00  7.3132810792e+00 -3.1068063481e+00  1.9505415694e+00  6.4362873667e+00 -4.6504865456e+00  1.9136890693e+00  7.8484676830e+00 -4.4063806722e+00  8.6681677086e-01  5.7226510176e+00 -4.1830338939e+00 -4.6540226545e-01  6.5955513554e+00 -2.6471130452e+00 -4.2861383808e-01 -1.3002999475e+00 -2.3913312835e-02  2.2713862360e+00 -3.4418451558e-01  2.5124313232e-01  3.5793511113e+00
ENERGY -5.549067097871e+02
GRADIENT  1.0945745200e-05 -4.8678451582e-06  4.2877012100e-05  5.2719971488e-06  2.7986571504e-06 -6.3701173643e-06  1.9875891130e-03  3.0485419424e-03  1.7169797718e-04 -2.8374836517e-05  1.5700062333e-05  3.4813048241e-05  1.4294433569e-05 -6.9682165333e-06  4.0928329162e-05 -2.9655182420e-03 -5.4681750619e-03  6.6750224069e-04 -4.1574221206e-05  1.0672360452e-05 -2.8402577456e-05  3.1297167888e-06 -1.7297811658e-06 -1.7252884101e-06  3.8447359898e-06 -8.6270897494e-07 -4.8192824450e-06  9.3594295562e-04  5.6628303979e-03 -4.4891683904e-03  7.4704503097e-05 -3.4208850863e-05  6.1415282644e-06 -2.8782572657e-05  1.6986865835e-05 -2.9081387368e-05 -2.9280440253e-06 -4.6623021696e-08  6.0632528253e-06  4.4461314403e-06 -2.9067297617e-06 -3.9591570013e-07 -1.4447660902e-06  1.5842591386e-06 -8.6350915298e-06  8.3675365621e-06 -2.9060552606e-06  2.3806822158e-06  1.9178980059e-06 -1.3493527684e-06 -1.4592454495e-06  2.6371307745e-06 -1.5067525350e-06 -1.8972029359e-06  2.5954174695e-06 -8.1733501193e-07 -1.5601271556e-06  9.8919547308e-07 -2.5320183364e-06 -8.6531876035e-07  3.3309407101e-06 -1.3052791965e-06 -2.3724080314e-06  5.0583604128e-05 -3.2041811598e-03  3.5796958134e-03  2.2138891979e-05 -5.3121485785e-05 -5.8773028314e-06

JOB 16
COORDS  1.8580087585e+00 -9.5798715216e-01 -8.0777218018e-02  2.7583762348e+00 -1.5618295557e+00  2.0838146011e+00  7.7393803158e-01 -3.4528621976e-01  5.3732944794e-01  1.6582967766e+00 -9.7031713501e-01  2.7029220625e+00  2.8634438572e+00 -1.5715028637e+00  6.8510371273e-01  6.4441660555e-01 -3.6799233698e-01  1.9383170463e+00  4.0083525609e+00 -2.1966891241e+00 -2.4454184646e-02  6.9410443193e+00 -3.9091296509e+00  1.3197993156e+00  6.0608048257e+00 -3.3712155788e+00  2.0638191931e-01 -4.4147842199e-01  3.2602787061e-01  2.5410350334e+00  4.1366520273e+00 -2.2282808429e+00 -1.2382956117e+00  4.9138731153e+00 -2.7404445642e+00  8.2769836128e-01  1.9585398787e+00 -9.5086744076e-01 -1.1617181752e+00  3.5342613785e+00 -2.0275072208e+00  2.6818841705e+00  1.7337727682e-02  1.6526409910e-01 -5.2430968287e-02  1.5787808255e+00 -9.7953806011e-01  3.7883303371e+00  7.2789737775e+00 -3.1016639224e+00  1.9763182944e+00  6.4020576425e+00 -4.6450155275e+00  1.9241368754e+00  7.8228911934e+00 -4.3956787447e+00  8.9036613692e-01  5.7082562072e+00 -4.1650203755e+00 -4.5837363599e-01  6.5809349522e+00 -2.6293029794e+00 -4.0621024606e-01 -1.3212313533e+00 -1.7260945687e-01  2.4196340031e+00 -2.9399761232e-01  4.0915392012e-01  3.5448405316e+00
ENERGY -5.549042231271e+02
GRADIENT  2.2557890071e-06 -1.3936901848e-07 -2.9802834856e-05 -8.5446650401e-05  5.8303258074e-05 -6.2070084606e-05  2.5026573419e-03  3.5964143267e-03  3.4834798458e-04  7.3749274564e-06 -4.5513076124e-06  9.7336486050e-05  6.0864900565e-05 -4.3375278560e-05  5.1513273814e-05 -3.4301101535e-03 -6.0894051674e-03  8.2133375797e-04 -6.6405878036e-05  9.0776203673e-05 -4.5092119742e-05  3.4686403405e-06 -2.6422075155e-06 -2.5071070449e-06  1.8270011134e-06 -2.8621691146e-06 -1.0514390114e-05  8.6645645350e-05  5.2289476021e-03 -6.0134567154e-03  1.1752519753e-04 -8.6222002328e-05 -8.7314060991e-06 -4.7578499629e-05  1.4707589792e-05 -3.7130697229e-05  7.0152107325e-06 -9.9527760718e-06  4.8833438133e-06 -2.5373473448e-06 -3.4297698115e-06 -4.4930509854e-06  2.7045334879e-06 -5.1328173149e-06 -1.5708461517e-06 -6.5114066283e-06  5.7555934910e-06  5.4646261658e-06  2.3110361544e-06 -1.3200422624e-06 -2.4617209592e-06  2.4893220943e-06 -1.2633678581e-06 -1.9710758310e-06  2.8433563046e-06 -1.4665163641e-06 -1.8088605939e-06  2.4867583618e-06 -3.0593755907e-06 -1.6411464932e-06  1.8576590453e-06  1.0269002683e-06 -1.2058169982e-06  9.4360262658e-04 -2.7861767074e-03  4.8799037393e-03 -3.9557325297e-05  1.3999306267e-05 -1.1617471591e-06

JOB 17
COORDS  1.8715825983e+00 -9.5425322633e-01 -9.3412917007e-02  2.7559891280e+00 -1.5763195068e+00  2.0737774152e+00  7.8192891649e-01 -3.4627296023e-01  5.2315061591e-01  1.6513453329e+00 -9.8733914511e-01  2.6884123202e+00  2.8697483979e+00 -1.5735322363e+00  6.7558126257e-01  6.4465609519e-01 -3.7820567533e-01  1.9207676478e+00  4.0213908419e+00 -2.1940065883e+00 -3.1236503377e-02  6.9424751980e+00 -3.9185652419e+00  1.3215045568e+00  6.0716949391e+00 -3.3708050274e+00  2.0557163290e-01 -4.6569084154e-01  3.0697560945e-01  2.5150918770e+00  4.1580475054e+00 -2.2141198706e+00 -1.2439703259e+00  4.9193846790e+00 -2.7449398064e+00  8.2294111826e-01  1.9804794407e+00 -9.3927859675e-01 -1.1734308995e+00  3.5282855573e+00 -2.0465556930e+00  2.6728769323e+00  2.5901145068e-02  1.6792829362e-01 -6.3439638505e-02  1.5636597991e+00 -1.0031280088e+00  3.7730504095e+00  7.2752397564e+00 -3.1169705894e+00  1.9877554022e+00  6.3984224769e+00 -4.6596064561e+00  1.9148637893e+00  7.8276606233e+00 -4.4015516516e+00  8.9499546199e-01  5.7240371279e+00 -4.1584996977e+00 -4.6888636153e-01  6.5966201342e+00 -2.6234463288e+00 -3.9615310488e-01 -1.2712014145e+00 -3.1353616068e-01  2.5945973345e+00 -2.2865897981e-01  5.6802721739e-01  3.4712830871e+00
ENERGY -5.549015780235e+02
GRADIENT -2.7308902592e-05  8.0741638830e-06  1.8795174224e-04 -6.5230127754e-05  4.2766410893e-05 -7.1269686473e-05  2.2015740277e-03  3.4686430156e-03  2.1697259233e-04 -1.7892257346e-05  6.5042362436e-06  2.2804348616e-05  1.4794211909e-04 -7.4645472565e-05 -1.0732209206e-05 -2.8215489830e-03 -5.4717693745e-03  7.9105496490e-04 -6.7323968146e-05 -1.4250126136e-05 -2.9734272775e-05  4.7669688973e-06 -1.5847834588e-06 -3.0793367345e-06  4.1640870118e-07  1.0775706729e-06 -3.5725450187e-06 -1.0893812483e-03  3.6336098894e-03 -5.9534215634e-03  1.0664453969e-04 -3.9935014894e-05 -2.8785684139e-06  4.2680819663e-07  1.7393713240e-05 -4.2488334333e-05  6.5061389573e-06 -5.4859772741e-06  2.6387996575e-05 -1.6914656210e-06  2.8145531836e-06 -1.5717766146e-05 -1.0108652934e-05  6.9351622787e-06  4.8089605371e-07  1.9914934765e-06 -1.8233830987e-06  6.9289850817e-06  2.8970603457e-06 -1.3943930824e-06 -1.7596835364e-06  2.5313732117e-06 -1.3350977838e-06 -1.9091004876e-06  2.6094836728e-06 -1.6011382208e-06 -1.4384190099e-06  1.6845017632e-06 -2.2134325953e-06 -1.8748232352e-06  4.6571469165e-06 -1.1122716071e-06 -2.0002172542e-06  1.6547510564e-03 -1.5642933006e-03  4.8535014276e-03  2.7508889484e-05 -4.1337184793e-05  1.2690508421e-05

JOB 18
COORDS  1.8450525581e+00 -8.2989659958e-01  1.6790325826e-02  2.7077927716e+00 -1.5602978265e+00  2.1576125672e+00  7.4833697749e-01 -2.5552319527e-01  6.5435107292e-01  1.6248566532e+00 -9.6434899214e-01  2.7979622093e+00  2.8324331748e+00 -1.4933800716e+00  7.5981745134e-01  6.3363534915e-01 -2.9959036232e-01  2.0551430927e+00  3.9736140806e+00 -2.1019681239e+00  2.9245686586e-02  6.8518790108e+00 -3.9503458028e+00  1.3087910687e+00  5.9983602198e+00 -3.3311153818e+00  2.1707238481e-01 -4.6808890237e-01  2.8034997874e-01  2.7463527778e+00  4.1169005593e+00 -2.0644343031e+00 -1.1828366291e+00  4.8549325608e+00 -2.7145340421e+00  8.5897727290e-01  1.9431698375e+00 -7.9235562959e-01 -1.0637635701e+00  3.4703049457e+00 -2.0689322494e+00  2.7375935226e+00 -2.4633411604e-02  2.3574823708e-01  6.6538917067e-02  1.5402190360e+00 -9.8994213503e-01  3.8810538371e+00  7.1957176616e+00 -3.1893351790e+00  2.0157559036e+00  6.2901149895e+00 -4.7090653918e+00  1.8619431524e+00  7.7302696553e+00 -4.4287201227e+00  8.6339683750e-01  5.6399293757e+00 -4.0776797063e+00 -4.9740234478e-01  6.5412986424e+00 -2.5653946435e+00 -3.4429715619e-01 -1.1138077331e+00 -4.3394118994e-01  3.0774129100e+00 -9.9983329455e-01  8.8282378243e-01  2.1213630854e+00
ENERGY -5.549039386858e+02
GRADIENT -3.7839143523e-06 -8.3804553759e-06  1.7211025768e-04 -1.3541947670e-04  8.6451626718e-05 -9.3139541513e-05 -2.2301932888e-03 -3.6444102728e-03 -3.4962017709e-04 -2.0486384210e-05 -4.7462333451e-06  1.3200236233e-04  1.4619688226e-04 -5.8807866323e-05 -1.6107978077e-04  2.6494669253e-03  5.6556559502e-03 -8.6914593228e-04  6.2553882408e-05 -8.0430256260e-05  3.7491993807e-06  6.1705626179e-06 -2.6327945705e-06 -2.7911380639e-06 -1.1208511226e-05  7.0412731340e-06  1.6018439986e-05  2.3016295303e-03 -2.2366815112e-03  5.8212916905e-03 -7.8134257553e-05  6.0890607734e-05  5.4544777313e-07  8.9101253016e-05 -4.2376858169e-05  2.1507276775e-05  1.1068898875e-05 -8.5161362609e-06  1.8478065088e-05 -1.6170029175e-05  1.2748209431e-05 -2.3178177438e-05 -1.0927070323e-05  1.1210081074e-05 -4.8071136446e-06 -1.9203730679e-06 -8.7550819951e-08  1.3023172248e-05  3.1153782758e-06 -1.2001764188e-06 -6.5497428505e-07  2.4112174868e-06 -2.1180906577e-06 -6.6739589135e-07  2.7352680404e-06 -1.9732498613e-06 -8.4352243709e-07  4.0295831527e-06 -1.2566695765e-06 -2.6711636319e-06  4.2308957004e-06 -4.3777440452e-06 -3.3929599488e-06 -2.7208361140e-03  2.8852069057e-04 -4.6597380373e-03  1.0678566418e-06 -5.3317009214e-05 -4.6763702541e-05

JOB 19
COORDS  1.8467484381e+00 -8.1624814048e-01  8.8993706963e-03  2.6954590422e+00 -1.5570174318e+00  2.1506478570e+00  7.4775820602e-01 -2.4232446783e-01  6.4104320801e-01  1.6103225423e+00 -9.6400903825e-01  2.7874886588e+00  2.8298381332e+00 -1.4848874369e+00  7.5344746733e-01  6.2212782378e-01 -2.9418287189e-01  2.0415162293e+00  3.9727363030e+00 -2.0918431687e+00  2.7901836302e-02  6.8385992558e+00 -3.9533687264e+00  1.3175847734e+00  5.9933171419e+00 -3.3268334562e+00  2.2351562809e-01 -4.6949566651e-01  3.0077548067e-01  2.7140748646e+00  4.1260878234e+00 -2.0504455567e+00 -1.1831929504e+00  4.8477906399e+00 -2.7106357486e+00  8.6110391355e-01  1.9503480177e+00 -7.7367712615e-01 -1.0709761997e+00  3.4528550801e+00 -2.0700137919e+00  2.7335558121e+00 -1.9704450647e-02  2.5398886773e-01  5.0258066982e-02  1.5228786942e+00 -9.9806302285e-01  3.8705330733e+00  7.1798439444e+00 -3.1965149785e+00  2.0302826060e+00  6.2714774603e+00 -4.7132144305e+00  1.8637280029e+00  7.7186372441e+00 -4.4319114622e+00  8.7557483013e-01  5.6379369820e+00 -4.0693240438e+00 -4.9675538886e-01  6.5420056175e+00 -2.5601163464e+00 -3.3092147196e-01 -1.0126990532e+00 -3.7266084231e-01  3.2476506961e+00 -1.0990148282e+00  7.6559262453e-01  2.0652663863e+00
ENERGY -5.549063483542e+02
GRADIENT -1.3565827270e-05  2.7233855703e-06  6.8234514268e-05 -2.6992123814e-05  2.1526614004e-05 -1.2737858141e-05 -1.9069717875e-03 -3.2534623637e-03 -3.0590425167e-04  3.3796290859e-05 -1.3459964656e-05 -5.4464674557e-05  8.0265514919e-05 -4.7855758663e-05  1.7134376142e-05  2.1212181739e-03  4.7908029645e-03 -5.2486182183e-04 -7.0409143050e-05  3.4429074276e-05 -1.1986720768e-05  2.2377428123e-06 -1.3065937504e-06 -2.5384168381e-06  7.2118090249e-06 -3.9194070871e-06 -1.1320710739e-05  2.5317145160e-03 -8.1954020982e-04  4.6288685642e-03  1.0467023971e-04 -5.6160061124e-05 -1.4414110519e-05 -2.4142090831e-05  1.9647559382e-05 -3.7160353946e-05  5.9362960809e-06 -5.6646609819e-06  1.2491283329e-05  5.4367449763e-06 -3.7666383865e-06 -1.0276317814e-05 -2.1677341078e-06 -4.0991098076e-07  9.5808917953e-06 -3.7121644751e-06  6.2922797085e-06 -6.1214846500e-06  2.2403611236e-06 -1.3885786808e-06 -2.2958094976e-06  2.2808821642e-06 -1.0886619530e-06 -2.1993890911e-06  2.4832260440e-06 -1.5757618458e-06 -1.5711488532e-06  3.9566380447e-07 -1.6869747929e-06 -7.8581196495e-07  2.1588827588e-06 -1.9905889512e-09 -6.6206236959e-07 -2.7980534037e-03 -7.4034571870e-04 -3.8018716334e-03  1.8920997858e-06  4.5388779987e-05  4.6007777376e-05

JOB 20
COORDS  1.8351818936e+00 -8.0551165774e-01  5.9851823737e-03  2.6744184355e+00 -1.5509996151e+00  2.1485034519e+00  7.3646096500e-01 -2.2900310362e-01  6.3384468628e-01  1.5862879050e+00 -9.6208486072e-01  2.7828443421e+00  2.8159535553e+00 -1.4772445705e+00  7.5201197946e-01  6.0047873232e-01 -2.8945473890e-01  2.0341309769e+00  3.9598343750e+00 -2.0835903994e+00  3.0611778178e-02  6.8225742734e+00 -3.9465759088e+00  1.3266863373e+00  5.9796363077e+00 -3.3195417993e+00  2.3098309345e-01 -4.8115117094e-01  3.2285831205e-01  2.6894729444e+00  4.1166107661e+00 -2.0423602084e+00 -1.1803412314e+00  4.8334516948e+00 -2.7030773177e+00  8.6621007472e-01  1.9435111831e+00 -7.5863859845e-01 -1.0732622232e+00  3.4277528230e+00 -2.0670617304e+00  2.7339762961e+00 -2.4073166623e-02  2.7579092309e-01  4.1393600800e-02  1.4948971268e+00 -1.0062975514e+00  3.8656123464e+00  7.1627201471e+00 -3.1898845335e+00  2.0401158153e+00  6.2539844562e+00 -4.7061306714e+00  1.8717529298e+00  7.7033130455e+00 -4.4255755519e+00  8.8652146493e-01  5.6257990639e+00 -4.0620128603e+00 -4.9012188528e-01  6.5301299808e+00 -2.5533061189e+00 -3.2238458222e-01 -9.0935421420e-01 -2.6200290943e-01  3.4000689177e+00 -1.1958983685e+00  6.5032500435e-01  2.0472213501e+00
ENERGY -5.549082701250e+02
GRADIENT -1.4363701380e-05  8.5005123892e-06 -1.9698705357e-05 -1.1048005046e-04  6.3085207697e-05 -8.0774144135e-05 -1.2473859440e-03 -2.2719657604e-03 -1.3683393433e-04  3.7872882162e-06  5.9421148936e-06 -4.7623320752e-07  8.3871161478e-05 -5.7583174409e-05 -1.1059513843e-04  1.4159142851e-03  2.9563246526e-03 -3.1811697263e-04  1.0939856179e-04  1.8941909337e-05  6.1574101814e-06  2.5483154947e-06 -2.6510550944e-06 -2.0097785165e-06 -3.1055037676e-06 -1.7288021093e-06  7.7444013475e-06  1.9472565699e-03  6.4018790872e-04  2.9829319600e-03 -8.4498376348e-05  1.1855270291e-05 -4.1721251690e-06  4.7904055651e-05 -4.8174639824e-05  1.5496508956e-05  2.2803328766e-05 -1.4733391759e-05  1.5718099026e-07 -1.0593588949e-05  9.2357220175e-06 -2.2771744879e-05  1.3410744476e-05 -9.3852332380e-06  2.1148264737e-05 -1.4077997784e-05  9.6051103435e-06 -5.1307920110e-06  3.0380321850e-06 -1.1707991684e-06 -1.4944058194e-06  2.9387386019e-06 -1.9521809836e-06 -5.9201635006e-07  2.5545800610e-06 -1.5943031561e-06 -1.0139711688e-06  4.9611551735e-06 -1.4857740759e-06 -1.8369339330e-06  9.1224371387e-07 -2.1684813241e-06 -1.3351957676e-06 -2.1170344331e-03 -1.2950558360e-03 -2.3260454437e-03 -6.8079454488e-06 -4.4600301177e-05 -1.8569557276e-05

JOB 21
COORDS  1.8428490122e+00 -8.0380636369e-01 -4.5930341057e-03  2.6709255816e+00 -1.5612347608e+00  2.1385473465e+00  7.4401640075e-01 -2.2510944571e-01  6.1844823913e-01  1.5769237000e+00 -9.7918553298e-01  2.7688117323e+00  2.8196659013e+00 -1.4808831493e+00  7.4344274113e-01  5.9516929839e-01 -3.0155923943e-01  2.0179681809e+00  3.9662284101e+00 -2.0836570916e+00  2.5707820835e-02  6.8239534833e+00 -3.9501709733e+00  1.3286442816e+00  5.9857664317e+00 -3.3192697917e+00  2.3144033413e-01 -4.7971155020e-01  3.2206259918e-01  2.6584149906e+00  4.1305889130e+00 -2.0378752905e+00 -1.1843083762e+00  4.8366141253e+00 -2.7058500994e+00  8.6361217549e-01  1.9595483842e+00 -7.4768566115e-01 -1.0825429770e+00  3.4195777951e+00 -2.0819630319e+00  2.7259781880e+00 -6.8070312971e-03  2.9360324845e-01  2.5849269847e-02  1.4767302422e+00 -1.0384987974e+00  3.8504395559e+00  7.1604393943e+00 -3.1960488794e+00  2.0465426594e+00  6.2531176431e+00 -4.7119818502e+00  1.8682175882e+00  7.7069662560e+00 -4.4271937381e+00  8.9085155098e-01  5.6358823094e+00 -4.0592633307e+00 -4.9416449064e-01  6.5387685836e+00 -2.5509099472e+00 -3.1649771564e-01 -7.8892906035e-01 -1.3442535691e-01  3.5089831065e+00 -1.2634399119e+00  5.3292991270e-01  2.0510072570e+00
ENERGY -5.549093655500e+02
GRADIENT  4.4341342113e-05 -2.1093592020e-05 -9.7386492709e-05  1.7731216421e-04 -1.2830620966e-04  1.4734896276e-04 -5.8072439408e-04 -7.8553612783e-04 -8.5198949234e-05  1.4207703938e-05  6.9947889780e-06 -1.2053951530e-04 -1.7654106130e-04  1.1253615626e-04  1.0739480955e-04  5.8692931762e-04  1.0290437692e-03 -8.5284332707e-05 -3.6861650161e-05 -7.2239073885e-05 -6.9516448204e-06  1.3738534045e-06  2.3044150992e-07 -3.0726080352e-07  1.3831992377e-05 -5.8334457337e-06 -7.7921101428e-06  7.5378550707e-04  5.1412204839e-04  8.4713059170e-04  1.6832750344e-05  1.9743268301e-05  2.4926151868e-05 -3.6225809621e-05  5.3313930211e-05 -5.3492714793e-06 -1.3178988392e-05  1.6640033686e-05 -1.5933362793e-05  2.5006954480e-05 -1.2467542318e-05  2.3736082121e-05  2.9859652700e-06 -1.0574388916e-05 -1.4147082471e-05  1.8126458636e-05 -1.2997421042e-05 -1.5394732454e-05  2.5921072054e-06 -1.6770114509e-06 -2.1852524006e-06  2.5726362742e-06 -5.9217150909e-07 -2.1825251120e-06  2.0470165679e-06 -1.3328505247e-06 -2.3778080994e-06 -1.4969373562e-06 -9.1669253869e-07 -3.7088949254e-07  2.3832514365e-06 -1.6142614106e-06 -1.0183327699e-06 -7.9211165209e-04 -7.2664023972e-04 -7.0247341610e-04  3.2871406027e-05 -1.3158836657e-07 -6.4707026760e-06

JOB 22
COORDS  1.8391854404e+00 -8.0084456003e-01 -1.1355106525e-02  2.6554884513e+00 -1.5670917024e+00  2.1318953217e+00  7.3950880756e-01 -2.2115345604e-01  6.0722973436e-01  1.5542378026e+00 -9.9439968394e-01  2.7586657793e+00  2.8130709959e+00 -1.4817492268e+00  7.3851878619e-01  5.7557629771e-01 -3.1448288480e-01  2.0053331963e+00  3.9645991429e+00 -2.0788758398e+00  2.5322564103e-02  6.8177929898e+00 -3.9479086834e+00  1.3353881133e+00  5.9847025478e+00 -3.3128303638e+00  2.3664803378e-01 -4.9649126603e-01  3.1495416454e-01  2.6336201324e+00  4.1358613416e+00 -2.0278185727e+00 -1.1836740834e+00  4.8316303151e+00 -2.7037971413e+00  8.6541699715e-01  1.9654807336e+00 -7.3390919943e-01 -1.0876065976e+00  3.4005783617e+00 -2.0903155882e+00  2.7216215266e+00 -8.9612420711e-04  3.1259498764e-01  1.5247250986e-02  1.4440441696e+00 -1.0685014823e+00  3.8386575887e+00  7.1495408564e+00 -3.1967480333e+00  2.0585980100e+00  6.2449287560e+00 -4.7128375189e+00  1.8683828449e+00  7.7037149343e+00 -4.4219300833e+00  9.0019028147e-01  5.6398320653e+00 -4.0499452011e+00 -4.9429535082e-01  6.5399253275e+00 -2.5414379435e+00 -3.0478150931e-01 -6.8844628041e-01  1.9795437341e-02  3.5827366958e+00 -1.3342941140e+00  4.3115498837e-01  2.0774884912e+00
ENERGY -5.549093876342e+02
GRADIENT -1.0113030551e-06 -2.2907417707e-05  1.1544041011e-04 -1.1250478361e-04  7.4867346575e-05 -6.6869324795e-05  4.4371759742e-04  8.2790053232e-04  6.9731821125e-05  1.1641528130e-05 -1.6975961395e-05  1.4868891718e-04  8.8631002309e-05 -4.8892780055e-05 -1.0723450384e-04 -5.2319109831e-04 -8.6589649077e-04 -7.1603520557e-05  4.9756714637e-05  1.1096380689e-05  1.8721686747e-05  2.7127565601e-06 -2.2994604194e-06 -1.9406875982e-06  9.1920413331e-07 -4.5908376863e-07  3.0455343816e-06 -7.3595536077e-04 -9.0934102401e-04 -5.3440596636e-04 -3.7320745848e-05  1.2478980961e-05 -1.4934361939e-05  3.0127833098e-05 -3.8701848815e-05  9.5732207204e-06  2.6203296839e-06 -2.0323462494e-06  1.0757738557e-05 -1.0193184817e-05  9.0042769497e-06 -1.3244928947e-05 -6.3837122887e-06  1.6786117660e-06 -9.9104482409e-06 -1.2592054481e-06  2.7737839215e-06  1.6010681675e-05  3.2931567307e-06 -1.4287987995e-06 -1.3945488496e-06  3.0677268461e-06 -1.9976952362e-06 -8.0272690748e-07  3.2395091568e-06 -2.0546652929e-06 -1.0432309051e-06  3.5322669062e-06 -2.2740698652e-06 -6.1058916541e-07  1.7746949806e-06 -2.8318885550e-06 -2.1528418730e-06  8.1129733665e-04  9.1372977482e-04  4.2254192784e-04  4.1185978773e-05  3.6307092029e-05 -1.1488102849e-05

JOB 23
COORDS  1.6853842253e+00 -1.1249731244e+00 -3.3632743836e-02  2.7188684939e+00 -1.4950114925e+00  2.1210095793e+00  5.9506634701e-01 -5.2754274267e-01  5.8370444585e-01  1.6380116282e+00 -8.8225680103e-01  2.7461673118e+00  2.7621579030e+00 -1.6192014814e+00  7.2270523644e-01  5.6028111388e-01 -3.8147711634e-01  1.9873323305e+00  3.8935333177e+00 -2.2545336472e+00  1.0505073634e-02  6.9552542193e+00 -3.7452338448e+00  1.3350611454e+00  6.0021306483e+00 -3.3288590134e+00  2.2924119623e-01 -5.5696206811e-01  1.6496115585e-01  2.6076843103e+00  3.9691545737e+00 -2.3792519929e+00 -1.2029274689e+00  4.8617486781e+00 -2.6955445202e+00  8.5695667403e-01  1.7170054774e+00 -1.2329538927e+00 -1.1135113464e+00  3.5434540508e+00 -1.8731515234e+00  2.7158347909e+00 -2.4316570051e-01 -1.7203801979e-01 -1.1229649242e-02  1.6223278539e+00 -7.8280135473e-01  3.8296414498e+00  7.2897715707e+00 -2.8769808505e+00  1.9109202142e+00  6.4755888292e+00 -4.4512269677e+00  2.0197810090e+00  7.8355728831e+00 -4.2305318636e+00  9.0090979814e-01  5.6530439270e+00 -4.1852243904e+00 -3.5494001164e-01  6.4631900163e+00 -2.6188658627e+00 -4.6350756308e-01 -5.3476631564e-01  2.4914194508e-01  3.6147950216e+00 -1.0593076299e+00  8.9841779781e-01  2.1268225145e+00
ENERGY -5.549082269615e+02
GRADIENT -7.4850374056e-06  1.2964835469e-05  9.0338510723e-05 -1.1792986978e-05 -1.2735547640e-05 -8.9310982985e-06 -1.1715980990e-03 -2.6528400144e-03  2.3673830413e-04  4.5213143584e-06  1.8513032915e-05 -6.6302376546e-05  4.4241663613e-05 -3.4107421893e-05 -7.1538301484e-05  1.3172332755e-03  2.8555224547e-03 -2.2985692901e-04  8.0703139889e-05 -1.3538445769e-05  1.1094570485e-05  2.8071326806e-06 -2.3262909586e-06 -1.6774084027e-06  3.8016231487e-06 -2.7881873135e-06  3.7490651492e-06  1.1849444723e-03  3.2553989495e-03 -3.4196607589e-04 -5.7796503901e-05  1.5359932313e-05  2.7359585061e-06  3.9242022844e-05 -2.1447910467e-05  5.4997796550e-06  9.7806521785e-06 -2.6658665428e-06  6.4019589253e-06  4.5284005693e-07 -3.9342491859e-07 -1.6612827861e-05 -5.6025673227e-06 -7.4232021781e-06  1.6632891418e-05 -1.5175164695e-06  6.4307069729e-07 -1.0860573448e-05  2.9057066252e-06 -1.2658962027e-06 -9.3282240519e-07  2.8498039078e-06 -2.0511535047e-06 -1.1801166531e-06  3.4798065864e-06 -1.3676877170e-06 -6.1878866987e-07  3.9880302412e-06 -8.6804666906e-07 -2.1269736725e-06  2.8322788941e-06 -1.2775820821e-06 -2.5155291214e-07 -1.4874250431e-03 -3.5507276500e-03  3.2860873341e-04  9.7689211790e-05  1.0504274712e-04  1.5913505098e-05

