JOB 0
COORDS  2.2284456021e+00 -6.1709565214e-01  1.5832672463e+00  2.1589541949e+00 -1.1802660301e+00  2.8499669309e+00 -1.8308121881e-01 -4.6390087388e-01  1.6029428568e+00  1.0375426169e+00 -2.5638837321e-01  9.3113831459e-01  8.8678157659e-01 -1.3440394588e+00  3.4075407170e+00  1.8250642675e-02  9.5730012166e-01 -8.6026038425e-01 -2.4529787635e-01 -1.0029245243e+00  2.8230572908e+00  7.6935355426e-01 -1.9441429252e+00  4.7657637016e+00  1.8298828898e+00 -2.2853142593e+00  5.3093505670e+00 -3.4864027588e-01 -2.0632007545e+00  5.2570572429e+00  1.1558091678e+00  2.8484566544e-01 -3.0610307595e-01  3.1785823817e+00 -4.5153618760e-01  1.0845464305e+00  3.0438694595e+00 -1.4779565994e+00  3.3985219057e+00 -1.1332805895e+00 -1.9466007195e-01  1.1511110815e+00  3.7436590881e-01  1.4313871660e+00 -1.7747773392e+00 -3.5907698514e-01  1.7196370006e+00 -1.7002397213e-01 -7.8039634052e-01  2.4850559915e-01 -1.1056430030e+00
ENERGY -5.674136032253e+02
GRADIENT  1.2521361731e-04  1.7479051464e-03  7.1774737467e-04 -2.1019131230e-06  6.3559848238e-05 -1.8056716442e-05 -3.2033792970e-05  3.8288472123e-05 -2.2977872149e-05  7.8387515133e-05 -1.8070937453e-03 -7.9745527483e-04 -5.1232373583e-06 -3.1620693367e-05  4.3252326983e-05  6.0186014408e-04  1.6555524844e-03  8.4060334286e-04  3.6363087879e-05  3.8122815960e-06  1.4405818384e-06  2.3186597937e-05  4.7040680093e-05  5.8867313743e-06  8.5641068447e-06 -2.9894921180e-05  1.0612069345e-05  9.4035321049e-06 -1.4615818870e-05  1.3221678384e-05 -8.3527574509e-04 -1.5735528749e-03 -7.3997868656e-04  4.8248472829e-06 -6.2831735776e-07 -2.6730908695e-07  1.9118463749e-06 -3.9762307250e-06 -6.0408240903e-06  5.7934972357e-06 -2.1123846899e-05  6.7883931409e-06  2.8425544566e-05 -1.3470731296e-05  2.1759005689e-05 -1.1241719431e-05 -7.7084475998e-06 -3.3460104941e-05  1.5254597969e-05 -7.4003990748e-05  3.6106343077e-05

JOB 1
COORDS  2.2108582934e+00 -6.3069444797e-01  1.5649315384e+00  2.1618834119e+00 -1.1470767948e+00  2.8540258560e+00 -2.0439700284e-01 -5.9037241472e-01  1.5731095879e+00  1.0079969346e+00 -3.5917679850e-01  8.9502796933e-01  8.9652537619e-01 -1.3463879674e+00  3.4129575686e+00  4.0445834210e-02  9.9907684132e-01 -8.1937513204e-01 -2.4911715843e-01 -1.0803615189e+00  2.8136682092e+00  8.0078881652e-01 -1.8967579877e+00  4.7945332876e+00  1.8731853537e+00 -2.1716639416e+00  5.3518967894e+00 -3.1263730592e-01 -2.0433777894e+00  5.2884068473e+00  1.0919703711e+00  1.3246498367e-01 -3.6833123251e-01  3.1544840210e+00 -4.3800915875e-01  1.0636394569e+00  3.0567387054e+00 -1.3769927711e+00  3.4188809325e+00 -1.1619615807e+00 -3.8001360326e-01  1.1041652392e+00  4.2099181070e-01  1.4811855157e+00 -1.7202197726e+00 -1.9045569719e-01  1.7549556759e+00 -6.1287925447e-02 -8.6413785463e-01  4.3360417298e-01 -1.0682206110e+00
ENERGY -5.674120051006e+02
GRADIENT -2.6186345787e-05  2.9713972380e-03  1.1584509254e-03  1.0145829168e-04 -4.2361425196e-05  8.7001674061e-05 -1.1344104366e-04  7.6173615223e-06 -4.0638068430e-05  8.1264069553e-04 -3.1541811712e-03 -1.0610991521e-03  5.6005642645e-05  4.4257625205e-06 -1.1033983616e-04  1.5628697077e-03  2.4900657801e-03  1.0640039047e-03 -1.9568392792e-05 -1.8581667761e-05 -5.6962171662e-06  2.0905744567e-05  2.0182748607e-04  8.3550197161e-05  1.6699112601e-05 -4.2133399733e-05 -5.3078602038e-05 -8.6849732843e-06 -5.7592338694e-05 -4.0713251867e-05 -2.3645601683e-03 -2.3388249255e-03 -1.0341828191e-03  7.9369256067e-06  2.5876041643e-06  1.5336790990e-05  2.0552341581e-05  1.0387295602e-05  8.9759809864e-06 -4.5600216287e-06  9.3743551120e-07 -3.3629806331e-06 -8.5490432045e-06  1.5223194907e-06  1.9411116736e-06 -1.0906098432e-05 -5.7223913210e-06 -2.4617659069e-06 -9.5699519998e-07  4.7387017997e-06 -5.0208349163e-06

JOB 2
COORDS  2.1771379867e+00 -6.1687049791e-01  1.5485845888e+00  2.1500314769e+00 -1.0937198514e+00  2.8556276219e+00 -2.3522397084e-01 -7.2025984073e-01  1.5464101159e+00  9.6538751259e-01 -4.3947971517e-01  8.6756024867e-01  8.9571614285e-01 -1.3460569725e+00  3.4146460136e+00  8.7828570336e-02  1.0462351535e+00 -7.8390612285e-01 -2.6152939656e-01 -1.1689885274e+00  2.8023492560e+00  8.2366825508e-01 -1.8540569070e+00  4.8152593674e+00  1.9063395575e+00 -2.0429046998e+00  5.3878279977e+00 -2.8252898145e-01 -2.0499655297e+00  5.3076637307e+00  1.0104420022e+00  5.8266515281e-03 -4.1956148231e-01  3.1110509932e+00 -3.8744966197e-01  1.0445387972e+00  3.0526796638e+00 -1.2533452733e+00  3.4322335975e+00 -1.1982285888e+00 -5.8473393325e-01  1.0598454113e+00  4.4479140340e-01  1.4390410339e+00 -1.7366193171e+00  8.7036233614e-02  1.8406414022e+00 -3.0210773139e-02 -9.2766236254e-01  6.5737357319e-01 -9.1395710159e-01
ENERGY -5.674099374973e+02
GRADIENT  3.2791596777e-05  3.1005676757e-03  9.3516231502e-04 -6.7533620211e-05  1.6073550343e-05 -4.1961829458e-05 -1.4602964334e-04  3.9250170914e-05 -1.4821532428e-04  1.2198677149e-03 -3.5628587206e-03 -9.0427879713e-04 -2.9562548033e-05  1.8697935111e-05 -4.8703654273e-06  2.0899800635e-03  2.1595730306e-03  8.2703067426e-04  4.6670359944e-05  6.2795456442e-06  1.0802958625e-05  3.4451798095e-05 -2.6127591425e-06 -3.3241878490e-05 -2.3463290660e-05  6.1463500147e-06  6.4917175087e-05  3.1158971579e-05  1.4648262396e-05  2.3136922818e-06 -3.1682229408e-03 -1.7506114578e-03 -6.4829819407e-04  2.4207068249e-05  6.1617964146e-06 -1.5147946184e-07  7.3623052275e-07  1.6001363126e-05 -1.0733764204e-05 -1.6353543097e-05  5.1906340022e-07 -3.4215750923e-06  4.1349833181e-06 -5.5683741013e-06 -4.9310902175e-07 -3.1159407132e-06 -1.0084422225e-06 -6.9328940383e-06  2.2357611348e-06 -3.6367087921e-06  8.3035972948e-07

JOB 3
COORDS  2.1236199142e+00 -5.8461326501e-01  1.5376146967e+00  2.1133756719e+00 -1.0463750996e+00  2.8526655060e+00 -2.7246501389e-01 -8.6867682802e-01  1.5068183204e+00  9.1157856210e-01 -4.9602162144e-01  8.4461145088e-01  8.7349287318e-01 -1.3784656188e+00  3.3983584853e+00  1.6400428212e-01  1.1058919437e+00 -7.4735356025e-01 -2.8621492151e-01 -1.3017078494e+00  2.7676939358e+00  8.1886201027e-01 -1.8688192572e+00  4.8076672967e+00  1.9043446502e+00 -1.9707455579e+00  5.3961231223e+00 -2.7705257101e-01 -2.1368963724e+00  5.2881978806e+00  9.1813095871e-01 -8.4597008107e-02 -4.5989308308e-01  3.0467916754e+00 -3.0242812161e-01  1.0404100154e+00  3.0176753567e+00 -1.1406820665e+00  3.4409690503e+00 -1.2308679245e+00 -8.2630677923e-01  9.9344819724e-01  3.0187756057e-01  1.2979463640e+00 -1.8119758470e+00  5.4858831305e-01  1.9501771517e+00 -1.6412217747e-01 -9.0240700392e-01  9.7069294594e-01 -5.3839004565e-01
ENERGY -5.674085135754e+02
GRADIENT -6.6624686044e-05  1.4326967154e-03  3.5532130601e-04 -1.1284991051e-04 -2.0629561554e-05 -2.6416344060e-05  4.1688378401e-05 -1.0629601857e-05  1.2206492722e-04  7.5111941706e-04 -1.7322379955e-03 -5.1782203734e-04  7.1585575901e-06 -9.0186343512e-05 -3.1672343583e-05  1.1067266533e-03  7.8385163354e-04  2.5092070876e-04 -3.4118335160e-05 -2.5019752017e-05 -2.9071901263e-05 -5.0025093305e-05  3.9751544915e-04  1.3852219796e-04  8.6621474502e-06 -1.2796345303e-04 -4.2667475274e-05  2.2108760859e-05 -1.3366767520e-04 -4.5080487291e-05 -1.6789024022e-03 -4.4288973343e-04 -1.5188888252e-04  1.2479127464e-05  5.4300595613e-06 -3.0916365773e-06  2.1557802279e-06  8.3357396644e-06 -1.3948987666e-05  4.2346111891e-07 -2.8689957433e-06  1.5946502927e-05 -3.1423056481e-07 -3.5369671968e-06 -2.3490620093e-06 -1.2718137906e-06 -4.5219062400e-06 -3.3977019368e-06  1.6001996821e-06 -6.3042167049e-06 -1.8566962737e-06

JOB 4
COORDS  2.0672211027e+00 -5.3919363797e-01  1.5257126857e+00  2.0849193057e+00 -9.5867714076e-01  2.8557929897e+00 -3.0544983870e-01 -9.7848581811e-01  1.5077402896e+00  8.5163912253e-01 -5.4882521501e-01  8.3539328279e-01  8.6842997753e-01 -1.3531218347e+00  3.4119212336e+00  2.4669935930e-01  1.1219927308e+00 -7.2719101695e-01 -2.9383311236e-01 -1.3738748761e+00  2.7813691872e+00  8.4520370048e-01 -1.8008107309e+00  4.8378848274e+00  1.9308353037e+00 -1.7892884521e+00  5.4342681214e+00 -2.2784712175e-01 -2.1428600332e+00  5.3222930828e+00  8.0399852374e-01 -1.8165660024e-01 -4.8431313052e-01  2.9727103033e+00 -2.1956009351e-01  1.0183835149e+00  2.9929835822e+00 -9.8047578822e-01  3.4454106075e+00 -1.2598875890e+00 -1.0125027868e+00  9.8544488196e-01  2.5847612464e-01  1.2603609538e+00 -1.8090257752e+00  8.5663192869e-01  1.8961410890e+00 -2.4670423831e-01 -7.8351526213e-01  1.1882232911e+00 -3.5901680183e-01
ENERGY -5.674079066269e+02
GRADIENT  4.7063613935e-05  7.3296545554e-04  6.9506901956e-05 -2.1313308852e-04  5.9625526048e-06 -1.2186492244e-04  1.9352204116e-05  1.4153494491e-05 -1.6938245125e-06  4.8509513002e-04 -9.9603224930e-04 -1.9586422096e-04  5.4461634340e-06  1.0703630398e-05  1.6616994730e-04  5.8516910274e-04  2.7933289900e-04  5.0339753516e-05  3.8818851212e-05  3.2967316684e-05 -1.8837561852e-05 -2.1900791381e-06 -1.6977316584e-04 -4.4032643938e-06  1.8709267618e-06  7.0183094473e-05  8.9236855852e-06 -8.1664117289e-06  2.0210968057e-05  3.2955784946e-05 -8.9879839679e-04 -4.3443077847e-05  3.2585078536e-05  7.3328881252e-06  6.7404605729e-06 -2.0026376191e-05 -1.3368421728e-05 -6.6793458499e-06 -1.7736379645e-05 -5.7145165693e-06  4.2285890738e-06  4.8028925137e-06  2.0633867980e-05  1.1772855674e-05 -1.4236402514e-07 -1.6026650619e-05 -7.3365796022e-06  9.7298498287e-06 -1.5075284469e-05  1.7349058770e-06 -2.8636747510e-05

JOB 5
COORDS  1.9802776655e+00 -4.9043330595e-01  1.5153929828e+00  2.0353145501e+00 -8.9383942720e-01  2.8491796478e+00 -3.5945814604e-01 -1.0806134812e+00  1.5215445861e+00  7.6069563645e-01 -5.8160392537e-01  8.3717242349e-01  8.5074890923e-01 -1.3615423161e+00  3.4183412936e+00  3.3224603904e-01  1.1438015808e+00 -7.1686051880e-01 -3.1209558743e-01 -1.4652414339e+00  2.7983977167e+00  8.6738964201e-01 -1.7925111400e+00  4.8502989177e+00  1.9552134139e+00 -1.7096094245e+00  5.4368740323e+00 -1.7817470025e-01 -2.1955765242e+00  5.3472288609e+00  6.5868102139e-01 -2.3787130579e-01 -4.8660252485e-01  2.8626612362e+00 -1.2407872416e-01  9.9857364691e-01  2.9482455034e+00 -8.5557136273e-01  3.4303607396e+00 -1.3116610496e+00 -1.1774993234e+00  1.0033164751e+00  2.7553892371e-01  1.2673946051e+00 -1.7991163538e+00  1.1094211892e+00  1.8014799334e+00 -3.0915177578e-01 -6.3364108543e-01  1.3964368243e+00 -2.6362595879e-01
ENERGY -5.674077056918e+02
GRADIENT  1.0733408672e-04 -1.8715712119e-05 -5.4716679372e-05 -8.3648397464e-05 -2.4740464920e-05 -1.1768223002e-04  7.8494753047e-05  1.3525713567e-05  2.2053915423e-05 -1.0544111781e-04  1.1350039532e-04  4.1642895409e-05 -1.3758327558e-04 -1.8833668634e-04 -1.5138855185e-05 -4.5762242015e-05 -1.3982271175e-05  5.1208843557e-06  2.2754143284e-05 -4.3109051122e-05 -4.6443747373e-07 -3.1694552108e-05  5.6731426085e-04  5.3274600683e-06 -3.0852758985e-05 -2.7212361955e-04  1.6518915951e-04  1.5253070568e-04 -1.7603741736e-04 -6.3002076707e-05  1.1441843409e-04 -1.6914696012e-05 -3.2723637473e-05  9.8046625183e-06  4.3996360825e-06 -1.5567087470e-05 -1.6338747385e-05 -3.6825426584e-06 -3.0245738767e-05  7.0952147706e-06 -4.4406029591e-07  4.3837245050e-06 -1.1308934313e-05  3.4030398481e-06 -6.5882313858e-08  1.0290691789e-05  5.5708508126e-06 -1.0963307654e-05  9.5622631769e-06 -8.2398658521e-07  1.7959275632e-05

JOB 6
COORDS  1.8886507315e+00 -4.2489672420e-01  1.5072387515e+00  1.9865264521e+00 -8.3487623982e-01  2.8358112503e+00 -4.0950064218e-01 -1.1606490577e+00  1.5394854750e+00  6.6542396406e-01 -5.8224390675e-01  8.4527147218e-01  8.4313537514e-01 -1.3847584224e+00  3.4165283703e+00  4.2891989289e-01  1.1599994771e+00 -7.4033103749e-01 -3.1839677843e-01 -1.5571691627e+00  2.8104157286e+00  9.0849749781e-01 -1.8275425040e+00  4.8428824491e+00  1.9939256960e+00 -1.6671702705e+00  5.4181310540e+00 -9.8512156539e-02 -2.3106375166e+00  5.3481463903e+00  5.0653746383e-01 -2.5104577576e-01 -4.7456457362e-01  2.7442393507e+00 -4.5339038677e-03  9.8646251579e-01  2.9044520055e+00 -7.4699612235e-01  3.4035941731e+00 -1.3604852480e+00 -1.3092826107e+00  1.0319645992e+00  3.1949702208e-01  1.2599069358e+00 -1.8208719262e+00  1.3391823971e+00  1.6768518759e+00 -4.1444138262e-01 -4.4034484019e-01  1.5982588466e+00 -2.3632944276e-01
ENERGY -5.674079721394e+02
GRADIENT  4.2144714333e-04 -7.2774987034e-04 -3.0992072612e-04 -2.1688319240e-04 -1.9401647150e-05 -1.5201337617e-04  1.0494265753e-04  5.3691638280e-06 -8.8247502402e-07 -7.7500905586e-04  1.2144282251e-03  4.6994753438e-04 -7.1423591434e-05 -2.0044054083e-05  1.2578029371e-04 -7.8074093033e-04 -1.2323024998e-05  9.4691769187e-05  4.2704414132e-05  1.8857961177e-05  2.9121244005e-05  3.5613247876e-05 -2.1176425655e-04 -2.3600054783e-05 -1.8868544527e-05  5.3372631519e-05  2.7743079168e-05 -5.7115928126e-06  5.4477864316e-05  4.2644031629e-05  1.2989613609e-03 -4.1332372981e-04 -2.7184589296e-04  1.0427613308e-05  7.9356661804e-07 -2.5661303739e-05 -1.6581910379e-05 -8.1394756157e-06 -1.4692314718e-05  2.9638214174e-06 -1.0784414139e-05  1.9136896291e-05 -9.1471101879e-06 -1.0779964174e-06  2.8273434075e-06  5.0868353530e-06 -3.8882733927e-06 -1.1816892942e-05  1.0173207184e-05 -3.3165273406e-06  1.2430376383e-05

JOB 7
COORDS  1.7997978703e+00 -3.4028365028e-01  1.5179892151e+00  1.9388605587e+00 -7.7657058132e-01  2.8343224002e+00 -4.4538943691e-01 -1.2239503164e+00  1.5559544422e+00  5.7998024100e-01 -5.5574744814e-01  8.6399801961e-01  8.4277775203e-01 -1.4165852492e+00  3.4129443233e+00  5.2089893073e-01  1.1620504771e+00 -7.8205932158e-01 -3.1234545423e-01 -1.6479486515e+00  2.8127912676e+00  9.5501623077e-01 -1.8921538885e+00  4.8237860334e+00  2.0335604130e+00 -1.6725056076e+00  5.3931578631e+00 -8.9495366759e-03 -2.4608183620e+00  5.3245929760e+00  3.6360254917e-01 -2.2616874694e-01 -4.4444275513e-01  2.6255822089e+00  1.4706940102e-01  1.0085943225e+00  2.8568084857e+00 -6.4359030096e-01  3.3932567745e+00 -1.3911890025e+00 -1.4175750218e+00  1.0542686424e+00  2.5846305397e-01  1.2456154419e+00 -1.8371663074e+00  1.5534715860e+00  1.4993496697e+00 -6.3906344044e-01 -1.5478054180e-01  1.7801404105e+00 -1.8052173783e-01
ENERGY -5.674087282471e+02
GRADIENT  4.8890330507e-04 -1.7225858187e-03 -4.7455975102e-04 -4.6016160414e-06 -7.6650659399e-07 -4.6003030316e-06  1.0858613010e-04  2.9019900000e-05  6.4858859597e-05 -1.6667016524e-03  2.7661871263e-03  8.7105885371e-04  3.5797713559e-05 -1.5410036322e-05  7.7542607099e-05 -1.6319749437e-03  2.6276290139e-04  3.3948456223e-04 -2.2773325869e-05 -3.5823176928e-06 -1.3887006794e-05 -1.7388932567e-05 -1.3963986336e-05  1.8690907609e-05  9.1791354185e-06  7.5953457828e-06 -7.9944689984e-06 -1.0151416534e-05 -7.9600958818e-06  1.9419361145e-05  2.7101532706e-03 -1.3056052959e-03 -8.7034048773e-04 -1.7263771248e-05 -9.1875556258e-06 -2.6510513693e-06 -8.0491882197e-06 -7.7073910675e-06  1.2013663823e-05  1.3600793294e-05  5.3634492210e-06 -3.8800453344e-07 -2.8380655778e-06 -5.7227957578e-09  1.7442503276e-06  4.6648861124e-06 -4.1628413742e-06 -9.7598368351e-07  4.6680555165e-06  1.5422230809e-06  5.7150334616e-06

JOB 8
COORDS  1.7158243279e+00 -2.5510928361e-01  1.5483012198e+00  1.8902611917e+00 -7.2335929921e-01  2.8500001473e+00 -4.6537859007e-01 -1.2897115867e+00  1.5709405232e+00  5.0746088828e-01 -5.2868610896e-01  8.9386626706e-01  8.4672165000e-01 -1.4549275413e+00  3.4145694946e+00  6.1030282395e-01  1.1366441232e+00 -8.1255027277e-01 -2.9538312471e-01 -1.7428755386e+00  2.8106283360e+00  1.0012934421e+00 -1.9673512261e+00  4.8061250844e+00  2.0643143599e+00 -1.6890704141e+00  5.3798818123e+00  8.4502655848e-02 -2.6219744865e+00  5.2911187577e+00  2.4326851431e-01 -1.8871722374e-01 -3.9789875396e-01  2.5043724549e+00  3.0812097602e-01  1.0595969997e+00  2.8006137989e+00 -5.4402720419e-01  3.4084121604e+00 -1.4002455176e+00 -1.5278404271e+00  1.0679131539e+00  1.1854944894e-01  1.2956628859e+00 -1.7726854179e+00  1.6938287896e+00  1.2311757098e+00 -9.4534249420e-01  2.5933404756e-01  1.8783325102e+00 -8.7320809129e-02
ENERGY -5.674102364104e+02
GRADIENT  1.2446520969e-03 -2.8553053045e-03 -1.0616434262e-03 -2.5859357773e-04 -3.4901102259e-05 -1.4867581893e-04  1.7360338354e-04  5.8731884343e-05  7.2641991498e-05 -3.2245110494e-03  5.0262573029e-03  1.9340998064e-03  2.3348791595e-05 -7.2505045741e-05  3.0020504521e-04 -2.7193458780e-03  1.0247572860e-03  7.8746678491e-04  7.1280158801e-06  3.0258398538e-05 -3.0050804956e-05  2.3834071820e-05 -1.1165722995e-04 -2.5342045867e-05 -1.1353601733e-05  1.5713071632e-05  7.8773090908e-05 -6.5146115405e-06  3.2822870003e-05  6.6373707354e-05  4.7226838283e-03 -3.1413856483e-03 -1.8795050278e-03 -7.0190040328e-06 -3.7414995770e-06 -3.0235842868e-05 -3.9752526461e-05 -1.4734648041e-05 -2.4867137739e-06  1.1386247115e-05  1.3813761087e-05  3.8077331604e-06  6.9956684102e-06  2.6274964847e-05 -3.1256816528e-06  2.5347586602e-06  4.7015098580e-06  4.4462832238e-06  1.1605546687e-05  3.9716931088e-06 -8.6421551746e-06

JOB 9
COORDS  1.6239794576e+00 -1.7620012919e-01  1.6039946807e+00  1.8208173469e+00 -6.7260437736e-01  2.8927763818e+00 -5.0730101862e-01 -1.3141676923e+00  1.5991761061e+00  4.2970889579e-01 -4.8978470428e-01  9.4121056906e-01  8.1494338579e-01 -1.4673313073e+00  3.4373030179e+00  6.9584451884e-01  1.0965416878e+00 -8.2403947275e-01 -3.1473859371e-01 -1.7904067195e+00  2.8245910522e+00  9.9551367561e-01 -2.0107611606e+00  4.8120036006e+00  2.0460424337e+00 -1.7006861191e+00  5.3930089897e+00  1.1090399489e-01 -2.7206884394e+00  5.2793252810e+00  1.2989258548e-01 -1.2546446938e-01 -3.3156282390e-01  2.3852757999e+00  4.3971940590e-01  1.1374056671e+00  2.7214911850e+00 -4.6337156988e-01  3.4565108836e+00 -1.4316796527e+00 -1.5797051866e+00  1.0903974666e+00  1.5349901269e-01  1.3267200988e+00 -1.7412753233e+00  1.7602433448e+00  9.7716382813e-01 -1.0560558055e+00  5.6150812188e-01  1.9065713212e+00 -9.9115423611e-02
ENERGY -5.674121647293e+02
GRADIENT  1.2586102241e-03 -2.7188695435e-03 -9.9339128287e-04  2.3187272471e-05  4.4089211236e-05 -4.4113512110e-05  4.0347311934e-05  8.0531111657e-05 -1.6670704525e-04 -3.2470290522e-03  4.9408560267e-03  2.2160222239e-03 -5.8905889212e-05 -2.8621837028e-05  3.7214909327e-05 -2.2829575427e-03  1.4619676031e-03  9.6415272594e-04  5.9908712856e-05  2.4722890623e-05  9.2198028536e-05  4.3472627248e-05 -1.0712906779e-04  5.3906891735e-05 -3.2326467569e-05  2.2408887021e-05 -1.4197939171e-06 -2.8654909486e-05  3.8126089402e-05  2.1941354064e-05  4.1683329122e-03 -3.7368359028e-03 -2.1607438277e-03 -1.4195574540e-05 -2.0601948758e-05 -4.2832300791e-06 -1.9375687615e-05 -1.0350171316e-05  2.2673564996e-05  1.5812489200e-06  3.4048857201e-06  2.5311394612e-06 -1.3794805130e-06  7.7762200924e-07  3.7255988695e-06 -2.7228183589e-06 -2.3922655454e-05  3.0869964190e-06  1.2097535389e-05  6.4318170549e-06 -3.3576176802e-06

JOB 10
COORDS  1.5588174009e+00 -8.9579712281e-02  1.6325072561e+00  1.7976441940e+00 -6.1988166321e-01  2.9015004573e+00 -5.2352371744e-01 -1.3175881760e+00  1.6272142690e+00  3.6945736350e-01 -4.3620465989e-01  9.7769107892e-01  8.3661271298e-01 -1.4726036353e+00  3.4365057757e+00  7.2754844955e-01  1.0621432989e+00 -8.4709179873e-01 -2.9110610981e-01 -1.8222781559e+00  2.8320921732e+00  1.0641072176e+00 -2.0520391151e+00  4.7877470212e+00  2.1110857537e+00 -1.7173993545e+00  5.3619270008e+00  2.1855332898e-01 -2.8141351497e+00  5.2456339837e+00  1.0567791692e-02 -3.1259353240e-02 -2.6441655981e-01  2.2864312355e+00  5.7469228637e-01  1.1800301389e+00  2.6971624471e+00 -3.8769440104e-01  3.4581054897e+00 -1.4463689870e+00 -1.6023727109e+00  1.1259614630e+00  1.9699994977e-01  1.3066670581e+00 -1.7671477076e+00  1.7578331076e+00  7.7592291629e-01 -1.0877680813e+00  7.2814666298e-01  1.9298668622e+00 -1.7806722969e-01
ENERGY -5.674136094790e+02
GRADIENT  7.6816646758e-04 -1.5447482380e-03 -7.1485186171e-04  1.2555493060e-04  1.7206503426e-05  9.6689177590e-05  1.0661458783e-04 -4.1731430409e-05  1.2581743237e-04 -1.8999220029e-03  3.0120468248e-03  1.4773639070e-03 -8.7267268423e-05  3.4782337325e-05 -2.2507641060e-04 -1.1157391318e-03  1.1105570726e-03  7.1975324842e-04 -1.0452855004e-04 -6.8584562819e-05  1.8110166632e-05 -5.9459549236e-05  5.0193605623e-05 -2.7115175388e-05 -2.1458768570e-05 -9.8625861665e-06 -2.6320439104e-05 -1.7214095758e-05 -7.0123597249e-06 -4.0603859007e-05  2.1975212520e-03 -2.5321582209e-03 -1.4528703066e-03  6.0558100805e-06 -6.2964474367e-06  1.9414437075e-06  1.6374969842e-05  1.3211451088e-05  9.2798191421e-06  4.1829845491e-06 -2.8605320942e-06  1.2595511708e-05  4.2201546683e-06 -1.1685666172e-05 -7.5481051093e-06  4.5399626941e-06 -4.2602309031e-05  1.6907229139e-05  1.7769403386e-05 -1.2059032067e-05 -8.6467665542e-07

JOB 11
COORDS  1.4871330154e+00 -2.4537069640e-02  1.6891887116e+00  1.7248040753e+00 -5.9752296656e-01  2.9401091001e+00 -5.6505966685e-01 -1.3006900198e+00  1.6145073692e+00  3.1710659728e-01 -3.7976293211e-01  1.0048525966e+00  7.7915285395e-01 -1.4913662250e+00  3.4327136563e+00  8.0321295519e-01  1.0195205364e+00 -8.6818366680e-01 -3.3480846753e-01 -1.8422888307e+00  2.8030951839e+00  1.0067021231e+00 -2.1168925134e+00  4.7629605769e+00  2.0468351355e+00 -1.7913910628e+00  5.3546496581e+00  1.6725984253e-01 -2.9039274853e+00  5.1888994729e+00 -5.7306106652e-02  8.4783262536e-02 -2.1072287995e-01  2.2023652777e+00  6.7619706055e-01  1.2741086494e+00  2.6108074654e+00 -3.6243123705e-01  3.5167722109e+00 -1.4772595886e+00 -1.5850998868e+00  1.0938540666e+00  3.1542130083e-01  1.2543720566e+00 -1.8138893246e+00  1.7874306069e+00  5.7840683903e-01 -1.0629498017e+00  9.1506596024e-01  1.9349968787e+00 -2.7607158269e-01
ENERGY -5.674141392165e+02
GRADIENT -5.6923979202e-05 -5.0022378925e-05  1.9835501361e-05  7.3461968990e-05  2.4468841884e-05  3.8170543864e-05  2.7166028570e-05 -1.6593428566e-05  5.9753421370e-05  2.4091991241e-05  6.8213765390e-05 -9.0712499375e-05 -4.0463457544e-05  2.0087435808e-05 -8.6647626168e-05  2.9560199599e-05 -7.7002128545e-06  5.1925990314e-05 -1.2114214031e-05 -1.1117847401e-05  3.9250238023e-06 -3.4250279969e-05 -2.9869167770e-05  4.3489598766e-05 -3.1196257370e-05 -1.2537136868e-05 -2.3284281305e-05 -1.1979270680e-05  5.9865946415e-06 -3.4752673183e-05 -2.5424328169e-05  4.7788360276e-06 -3.8979582622e-05 -3.4185859586e-06 -3.4871723814e-06  3.5053268039e-06 -9.4543378090e-06 -1.0580649717e-05  7.7861351028e-06  3.9183409589e-06  8.3259529500e-06 -9.4292068616e-06 -5.5421942365e-06 -1.6892919818e-05  1.9377707494e-05  1.4572180404e-05  1.8725549782e-06  3.2110690081e-06  1.1549015307e-05  1.0467957242e-05  6.1586672851e-06

JOB 12
COORDS  1.4533694378e+00  7.6260041435e-02  1.7274823248e+00  1.7312998976e+00 -5.1306954005e-01  2.9620146466e+00 -5.4881865850e-01 -1.2765675444e+00  1.6524065815e+00  2.9191804725e-01 -3.1514743056e-01  1.0482594989e+00  8.2727883505e-01 -1.4525557806e+00  3.4487508098e+00  8.0246115872e-01  9.4191842797e-01 -9.1728717011e-01 -2.8207787923e-01 -1.8313983257e+00  2.8279339109e+00  1.0986823040e+00 -2.0971030823e+00  4.7619952152e+00  2.1422366944e+00 -1.7556523639e+00  5.3384128779e+00  2.8941967563e-01 -2.9144305216e+00  5.1892023738e+00 -1.3009955189e-01  1.8540520015e-01 -1.3796978445e-01  2.1321205288e+00  8.1582952972e-01  1.3179145935e+00  2.6137993792e+00 -2.5318786309e-01  3.5333683288e+00 -1.4585343376e+00 -1.5828051901e+00  1.1398620273e+00  3.0821418526e-01  1.1285038463e+00 -1.8705227097e+00  1.7244002074e+00  3.7349344411e-01 -1.0831590237e+00  1.0357224650e+00  1.8989279838e+00 -4.3663288050e-01
ENERGY -5.674136093557e+02
GRADIENT -9.3768987596e-04  1.3756415328e-03  8.6431143680e-04 -1.2568074070e-04 -6.2112975624e-05 -8.2631396364e-05 -1.0608309157e-04 -6.5319059677e-06 -1.0778001970e-04  1.8075907605e-03 -2.7720678238e-03 -1.7446022104e-03  1.4548599630e-04 -1.0270730308e-04  1.5239727791e-04  5.0624978294e-04 -1.3934095998e-03 -7.5966261324e-04  5.0426776761e-05  5.3622206780e-05 -7.3267591531e-05 -1.6244386208e-04  2.0873341770e-04  1.4877877744e-04  5.3026465782e-05 -1.0121636932e-04 -3.1264061322e-05  4.2793208662e-05 -1.0363280201e-04 -3.0206708017e-05 -1.3280588157e-03  2.8504726397e-03  1.6828473630e-03  8.5290928193e-06  1.4008622241e-06 -6.0173740136e-06 -2.7057203022e-05 -1.8231825470e-05  1.5915429588e-09 -1.4598410636e-05  1.0990055700e-05 -3.0000336478e-05  3.9305608501e-06  2.7445577197e-05  9.6474543241e-06 -1.3045550761e-06  8.5872411792e-07  1.9029747824e-06  1.9436123376e-05  7.7934773102e-06 -4.4395914751e-07

JOB 13
COORDS  1.4114971806e+00  1.5439275031e-01  1.7956595685e+00  1.7001676580e+00 -4.8455187931e-01  3.0016960158e+00 -5.5112551568e-01 -1.2460017941e+00  1.6387421836e+00  2.6844629029e-01 -2.3897679888e-01  1.0867206971e+00  8.1771462753e-01 -1.4712091851e+00  3.4349137097e+00  8.2200313615e-01  9.0022669943e-01 -9.3787094889e-01 -2.7695436105e-01 -1.8488703109e+00  2.7906618210e+00  1.0998286284e+00 -2.1723902318e+00  4.7180668566e+00  2.1298203340e+00 -1.8302160543e+00  5.3175313418e+00  3.1083617263e-01 -3.0309517144e+00  5.0992300281e+00 -1.6460285010e-01  3.3250642587e-01 -6.5832889114e-02  2.0667198715e+00  9.3520266383e-01  1.4246248131e+00  2.5694266759e+00 -2.2637285051e-01  3.5937449585e+00 -1.4508213818e+00 -1.5499971104e+00  1.1077275953e+00  3.1426891737e-01  1.0761761575e+00 -1.8863898968e+00  1.6556989038e+00  2.0532287208e-01 -1.0854377710e+00  1.1964492735e+00  1.8536399366e+00 -5.4824386645e-01
ENERGY -5.674121646350e+02
GRADIENT -1.7641059567e-03  1.9691271321e-03  1.7292387927e-03  4.1483161531e-05  4.4355995603e-05 -4.0144569138e-05 -1.6913718373e-05  1.1391597273e-04 -1.6238535958e-04  2.8654045070e-03 -4.5543086558e-03 -3.2934175768e-03 -1.5809937400e-05 -7.6293313011e-05 -1.2254634639e-06  2.7371603403e-04 -2.5049330815e-03 -1.3364997986e-03  8.6414207004e-05 -1.0073665995e-05  7.0897202536e-05 -6.6991564349e-05  5.7433476651e-05  1.5875281813e-04  1.1162958840e-05 -3.8814718801e-05 -4.6873432639e-05  3.1984528990e-05 -5.9474112384e-05 -3.6813578357e-05 -1.4645336752e-03  5.0083761447e-03  2.9416201037e-03 -2.0275035110e-05 -3.3954532239e-06  3.4728817008e-06 -7.5480497235e-06 -2.5799379991e-05  1.4166890663e-05  3.7130765198e-06 -1.2291005950e-06 -3.0109909655e-06  4.7112089362e-06 -5.4359650789e-06  9.1244920895e-07  8.8557805023e-06  4.3385332947e-06  5.6768090282e-06 -1.1880671372e-05 -1.7686490927e-06  3.7120445371e-06

JOB 14
COORDS  1.3786018184e+00  2.7028593709e-01  1.8532285862e+00  1.6806800694e+00 -3.9829593835e-01  3.0389021438e+00 -5.2209497658e-01 -1.2012582171e+00  1.6226380786e+00  2.6139973232e-01 -1.4559141495e-01  1.1168644394e+00  8.3393860168e-01 -1.4355570807e+00  3.4263207960e+00  8.1121146555e-01  8.2381671569e-01 -9.9382191791e-01 -2.3711681051e-01 -1.8337473054e+00  2.7583404519e+00  1.1322777991e+00 -2.1713162353e+00  4.6883107576e+00  2.1416075929e+00 -1.8097372801e+00  5.3105356430e+00  3.7484681958e-01 -3.0735854786e+00  5.0295738616e+00 -1.7908234993e-01  4.6783762267e-01 -1.6159911974e-02  1.9999330403e+00  1.0936678069e+00  1.5157735881e+00  2.5303272850e+00 -1.2494854827e-01  3.6521581987e+00 -1.4042754862e+00 -1.5210116836e+00  1.0719673800e+00  2.5859932763e-01  1.0835670350e+00 -1.8972052640e+00  1.4758675938e+00 -2.3016008563e-02 -1.1947513297e+00  1.4004896639e+00  1.6901740762e+00 -6.7334183313e-01
ENERGY -5.674102354286e+02
GRADIENT -1.6846242118e-03  2.2805298522e-03  1.6551169283e-03 -4.3680504927e-04 -1.6396960623e-04 -3.2506397437e-04  1.0660256135e-04  6.2777635180e-05  2.6443990317e-05  2.8061012327e-03 -4.4306802431e-03 -3.2916282977e-03  5.2955450609e-05 -2.4141230588e-04  2.8855610049e-04 -3.4324993692e-04 -2.6121072557e-03 -1.3639958991e-03  6.2984257429e-05  4.6388966640e-05 -1.6931028873e-05 -8.4132497213e-05  3.4207195499e-05  6.7374192428e-05  3.7586071210e-05 -7.4321390616e-05  5.4654941098e-05  5.8404838118e-05 -4.8316748303e-05  2.7775122394e-05 -5.8015754046e-04  5.0526161172e-03  2.9993750060e-03  2.9884955995e-06  4.4547846056e-05 -3.0715684075e-05 -4.8835974012e-05 -1.7903260799e-05 -3.2623530107e-05  5.4884460493e-06 -1.4817832182e-05  8.4965145200e-06  3.6685928427e-05  1.8655629474e-05 -2.5582529983e-05 -4.4797130627e-06  1.5481339372e-05 -1.5551126651e-05  1.9280913631e-05 -1.9150145315e-05 -8.0152654612e-06

JOB 15
COORDS  1.3470319494e+00  3.6372281523e-01  1.9270210700e+00  1.6610807186e+00 -3.4416721678e-01  3.0857472519e+00 -4.7075286406e-01 -1.1850714706e+00  1.5787768302e+00  2.6656819878e-01 -6.8420935068e-02  1.1473303552e+00  8.5910461406e-01 -1.4416893796e+00  3.3988141596e+00  7.9577908199e-01  7.3449816284e-01 -1.0296548739e+00 -1.7604275195e-01 -1.8595923206e+00  2.6902526232e+00  1.1699730030e+00 -2.2264353963e+00  4.6303854504e+00  2.1437194325e+00 -1.8433968903e+00  5.2943123939e+00  4.5772933125e-01 -3.1862355300e+00  4.9041063812e+00 -1.6326890601e-01  5.9299621717e-01  3.1488979016e-02  1.9235749212e+00  1.2386609713e+00  1.6424423849e+00  2.4812014345e+00 -5.9045082817e-02  3.7329150963e+00 -1.3257757507e+00 -1.5198089649e+00  9.9513598082e-01  2.6910346991e-01  1.2304381640e+00 -1.8455935675e+00  1.1492483044e+00 -2.4907636418e-01 -1.3583904162e+00  1.6497681579e+00  1.3494087849e+00 -7.2469007882e-01
ENERGY -5.674087278396e+02
GRADIENT -1.2553508014e-03  8.9622137383e-04  1.0673693026e-03  6.0304888512e-05  7.1352003754e-06  3.2543547231e-05 -1.1707478598e-04  4.7442188874e-06 -1.0401810061e-04  1.6146612637e-03 -2.2063927814e-03 -1.9562955694e-03  1.8508861153e-04 -3.4518547100e-05  9.0313068645e-05 -5.2008205575e-04 -1.4694643366e-03 -6.5822080124e-04  2.3979914597e-05  4.1957855730e-05 -7.0709134625e-05 -2.0769641472e-04  1.9949233353e-04  2.0313572399e-04  8.4047047909e-05 -5.5757795274e-05 -7.3437034954e-05  6.4973155968e-05 -1.0092934074e-04 -4.9825272041e-05  8.2530261972e-05  2.7010381280e-03  1.5333949028e-03 -8.8200415079e-06 -1.5470187975e-05  1.5377600394e-05 -2.8161883426e-06 -1.5473698783e-05  1.5405840714e-05 -4.0883059817e-06  1.7747811757e-05 -2.5243579982e-05 -2.6504410043e-06 -8.1332791980e-07  5.4687385722e-06  3.5528947459e-06  9.7311509473e-07  2.4774920444e-06 -2.7004736079e-06  5.0475488600e-06  5.0488588562e-06

JOB 16
COORDS  1.3209612296e+00  4.5724373726e-01  2.0197607045e+00  1.6348246227e+00 -2.8991168853e-01  3.1536858263e+00 -4.1652424975e-01 -1.1488276245e+00  1.5456996534e+00  2.8058824068e-01  1.7834661927e-02  1.1926881850e+00  8.7396927007e-01 -1.4359789036e+00  3.3877759666e+00  7.6759971881e-01  6.4152966456e-01 -1.0388151500e+00 -1.2148938172e-01 -1.8651857321e+00  2.6323054715e+00  1.1872554846e+00 -2.2676556493e+00  4.5898772368e+00  2.1237732855e+00 -1.8759390109e+00  5.2999690843e+00  5.1152193016e-01 -3.2696376565e+00  4.7950387734e+00 -1.1889982761e-01  7.2642337692e-01  9.0226424784e-02  1.8594148664e+00  1.3709188087e+00  1.7848325648e+00  2.4235791182e+00 -2.8213495097e-03  3.8379147830e+00 -1.2417452107e+00 -1.4916958758e+00  9.2485745456e-01  3.2855149985e-01  1.2665820591e+00 -1.8173195028e+00  8.4225569775e-01 -3.9388553381e-01 -1.3910391924e+00  1.7673784870e+00  1.0153000482e+00 -7.8860681802e-01
ENERGY -5.674079721111e+02
GRADIENT -5.3098655433e-04  3.8199217019e-04  5.7044623707e-04  6.8254428434e-05  9.2168405103e-05  2.8138828063e-05  1.3271252527e-04  1.1699212360e-04  8.5218917883e-05  6.6893289026e-04 -1.0325039827e-03 -8.9189231277e-04 -2.3741773246e-04 -2.5004693599e-05 -2.5962332413e-04 -3.5054280799e-04 -6.2763347143e-04 -2.7614782385e-04  2.0365402830e-05 -1.2123328943e-04  1.4270999122e-04  1.8648069876e-06  5.9914667785e-05  4.1150262915e-06 -2.1982531182e-05 -7.3216040653e-05  3.9869690782e-05  3.0149859303e-05  6.3925594659e-05 -2.1341744957e-05  1.9353861624e-04  1.1949176662e-03  5.9288804599e-04 -2.1013999352e-05  7.9191428289e-06  6.2059725965e-06  5.6052244064e-06  1.1529871659e-05  4.3430315958e-06  1.0699355121e-05 -1.9854577004e-05  4.2242563984e-05  1.6139872664e-06  2.1874903085e-06  3.8210664522e-06 -3.3001391640e-06  1.4961622907e-06  1.0077522961e-05 -6.9862475307e-06  9.2876868195e-07 -2.3224840915e-07

JOB 17
COORDS  1.3318208200e+00  5.1684353516e-01  2.1013851296e+00  1.6346125921e+00 -2.6917937506e-01  3.2127572886e+00 -3.3412678701e-01 -1.1220073466e+00  1.4989678685e+00  3.3180345656e-01  8.3598498734e-02  1.2250154968e+00  9.0867299407e-01 -1.4501901054e+00  3.3676150003e+00  7.0940466359e-01  5.5429519595e-01 -1.0576825749e+00 -4.5851059758e-02 -1.8786965629e+00  2.5596436696e+00  1.2122329353e+00 -2.3263770292e+00  4.5409054033e+00  2.0973954420e+00 -1.9264734353e+00  5.3095771024e+00  5.7818975475e-01 -3.3677943542e+00  4.6677612801e+00 -3.4842479500e-02  8.3789425796e-01  1.3990046028e-01  1.8456752513e+00  1.4558059698e+00  1.9164341380e+00  2.3926302384e+00  1.0703943643e-02  3.9337164843e+00 -1.1291425841e+00 -1.4640097850e+00  8.3891414608e-01  3.0779871782e-01  1.2124667098e+00 -1.8292337854e+00  5.7929042703e-01 -4.9209375754e-01 -1.3582335258e+00  1.7764403044e+00  7.6187125607e-01 -9.1232212458e-01
ENERGY -5.674077060528e+02
GRADIENT -8.2871909645e-05 -3.2650342202e-05  6.0376273680e-05  6.9509993333e-05  5.6710958614e-05  1.0850969231e-04 -2.0504357701e-04 -1.2133250335e-05 -2.2329039704e-04  1.5536654800e-04 -1.4904739846e-04 -6.1906720726e-05 -3.5901340800e-06  1.3865770311e-04  8.9892260623e-05 -2.4944307830e-05 -4.1882649080e-05  4.9585926742e-06  8.8266193214e-06  7.5020461408e-05  1.5108308835e-06  2.6759208534e-04 -1.8586803327e-04 -1.8099270793e-04 -9.7417467684e-05  1.0620305137e-04  4.3822591989e-05 -1.2581899422e-04  6.4862276928e-05  6.9337030673e-05 -9.1051687818e-06  5.5524682392e-05  8.0628550125e-05  6.3583764687e-06  1.2361308739e-06  1.7277524188e-05  5.4810779620e-06 -7.9709438940e-07  1.0976115096e-05 -1.8030477565e-05  1.9914748923e-05 -3.1543552631e-05 -8.9241466708e-06 -7.1712750978e-06 -1.2571212659e-06  7.4980994918e-06 -6.9534786088e-06  2.5522109045e-05  8.4051889940e-06  1.4386813528e-05 -6.5076346573e-06

JOB 18
COORDS  1.3464323019e+00  5.8129290688e-01  2.1769685865e+00  1.6161342181e+00 -2.2755847687e-01  3.2807971633e+00 -2.3565735622e-01 -1.0876962032e+00  1.4465452083e+00  4.0296933856e-01  1.4743539571e-01  1.2410253130e+00  9.2167723309e-01 -1.4339667345e+00  3.3651676466e+00  6.4360766326e-01  5.0103208095e-01 -1.0863075898e+00  2.3893013605e-02 -1.8676622910e+00  2.4965307079e+00  1.1895378726e+00 -2.3332438152e+00  4.5285959154e+00  2.0240056354e+00 -1.9339168919e+00  5.3523673918e+00  5.7956025438e-01 -3.3946907436e+00  4.5939977952e+00  8.4294165402e-02  9.3536387231e-01  1.6570354885e-01  1.8423280639e+00  1.5375233978e+00  2.0385557486e+00  2.3311948948e+00  5.1736386432e-02  4.0446183572e+00 -9.8740007455e-01 -1.4379498604e+00  7.4152863384e-01  2.8869557628e-01  1.2068183010e+00 -1.8383383868e+00  3.0646013284e-01 -5.0990561723e-01 -1.3424121971e+00  1.7390958443e+00  5.2113421870e-01 -1.0451480969e+00
ENERGY -5.674079060756e+02
GRADIENT  5.0442844144e-04 -3.1284425075e-04 -4.1703068964e-04  8.4859771562e-05  4.0265547954e-05  9.6653857854e-05  2.2128806910e-04 -6.6910396301e-05  2.7850036253e-04 -6.6836612488e-04  7.0766548467e-04  6.6372259436e-04 -2.3088195815e-04 -2.7024386439e-05 -3.8886323941e-04  5.2528127897e-04  3.5240093405e-04  9.9726608665e-05 -7.7804342412e-05 -1.7427465629e-04  5.1313544564e-06 -5.3368505917e-05  3.1506588254e-04 -9.5145475371e-05  1.6471627185e-05 -2.8231416892e-04  1.5349114217e-04  9.5396241142e-05  1.2341729944e-04 -1.3163549018e-05 -4.4114359812e-04 -6.3898614290e-04 -3.8217452977e-04  9.9275226988e-07 -2.3506581244e-06 -2.2810209179e-06  4.9442535616e-06  3.6247233761e-05 -1.7154686411e-05  1.2339968225e-05 -2.5823725202e-05  4.6484193710e-05  1.2621535212e-05  1.2270100406e-05  4.3136440593e-06 -1.3841452421e-05  1.2519629158e-05 -2.7888676821e-05 -1.0679745008e-05 -1.3563367763e-05  1.1102047750e-05

JOB 19
COORDS  1.3486682494e+00  6.2061001714e-01  2.2388914609e+00  1.5659025570e+00 -1.9330245248e-01  3.3492788161e+00 -1.3760612873e-01 -1.0786015503e+00  1.3867284478e+00  4.7819783940e-01  1.7746258676e-01  1.2373196982e+00  9.0057681881e-01 -1.4188746276e+00  3.3762538307e+00  5.8017629050e-01  4.5681286018e-01 -1.1229688560e+00  7.5719370711e-02 -1.8634158785e+00  2.4432244386e+00  1.1132057149e+00 -2.3240930378e+00  4.5445658529e+00  1.8632772658e+00 -1.9029600427e+00  5.4361869013e+00  5.4448413795e-01 -3.4105270110e+00  4.5497195447e+00  2.2673738467e-01  9.8923077297e-01  1.6549926007e-01  1.8307112211e+00  1.5885163064e+00  2.1395577941e+00  2.2250671933e+00  9.4215350427e-02  4.1589669663e+00 -8.3152497246e-01 -1.4481945524e+00  6.3455211655e-01  3.3799031358e-01  1.2365627263e+00 -1.8459139630e+00  8.4423840226e-03 -4.4682348541e-01 -1.3590603437e+00  1.6523968499e+00  2.3375026582e-01 -1.1615079490e+00
ENERGY -5.674085141151e+02
GRADIENT  1.1196745575e-03 -5.8908423451e-04 -7.2262136480e-04 -3.4945552908e-06 -1.8433991772e-05  1.2096951143e-05  2.0166334833e-05 -2.3936502287e-05  4.7637366431e-05 -1.1033861438e-03  1.1567586407e-03  1.1117828438e-03  3.3344866571e-06  2.0498006225e-05 -1.1853522397e-05  1.2523573732e-03  5.4296360039e-04  1.1316190046e-04 -9.9114454495e-06 -1.2523219823e-05 -1.9583442047e-05  1.4242855407e-05 -5.8514169077e-06 -1.2454997140e-05  5.2363389758e-06 -1.4438904361e-06 -3.9828825683e-06  3.3432347805e-07  5.6799302587e-06 -4.6918945465e-08 -1.2697531644e-03 -1.0855308041e-03 -5.2367731823e-04  3.0145724698e-06  8.3151732971e-07  2.6355570761e-06  6.3805193268e-06  3.9704250399e-06 -3.4003449660e-06  5.8171769374e-07 -2.7537072185e-06  3.7187819433e-06 -4.8588287545e-06  4.0243500634e-07 -9.4710504221e-07 -2.0298321456e-06  7.4593544108e-07  2.6229064442e-06 -2.6751310440e-06  2.4050628583e-06  2.6518401420e-07

JOB 20
COORDS  1.3416793293e+00  6.5923599577e-01  2.2912628226e+00  1.5273856894e+00 -1.6018072429e-01  3.4005692598e+00 -3.7816152609e-03 -1.0945265183e+00  1.3209579857e+00  5.4782864242e-01  1.9742778937e-01  1.2328703885e+00  9.1762375314e-01 -1.4159129986e+00  3.3723923996e+00  4.8613272151e-01  4.3672819057e-01 -1.1426882611e+00  1.8146112226e-01 -1.8839133008e+00  2.3801790687e+00  1.0961545631e+00 -2.3263716793e+00  4.5403240177e+00  1.7646851877e+00 -1.8834254420e+00  5.4850648800e+00  5.8114087433e-01 -3.4387235830e+00  4.4960000992e+00  3.5712048018e-01  1.0212224596e+00  1.6430363755e-01  1.7895010701e+00  1.6464860857e+00  2.2306381412e+00  2.1276377011e+00  1.4229749979e-01  4.2496562728e+00 -6.1545809803e-01 -1.4976097040e+00  5.1728538208e-01  5.6849460239e-01  1.2747100591e+00 -1.8358059574e+00 -3.9306889728e-01 -1.6115610334e-01 -1.4052340374e+00  1.3867812068e+00 -1.8352904543e-01 -1.1994119873e+00
ENERGY -5.674099371806e+02
GRADIENT  2.6422865494e-03 -1.2671609872e-03 -1.4159553623e-03  2.6520505568e-05  1.7418897479e-05  1.0664764922e-05 -5.1897683302e-06  1.1619088378e-05 -1.4919508277e-05 -2.4260407278e-03  2.1889631331e-03  2.1253707893e-03 -1.0915686434e-06 -3.4389081993e-06 -4.4162949714e-05  3.0789405567e-03  6.9714745230e-04 -1.0254988578e-05  1.9659562652e-05 -1.0030016482e-05  1.9846128441e-05 -2.3956629094e-05  2.4574837105e-05  1.8510198221e-05  2.6369145694e-05 -1.8178372846e-05 -7.5743033569e-06  2.5008319123e-05  7.2844974935e-07 -9.6105751681e-06 -3.2911808954e-03 -1.6485656308e-03 -6.6895152043e-04  6.5083907503e-06 -4.7241085327e-07 -6.2337295236e-07  1.2569467789e-05 -2.6128589926e-06 -8.7394665789e-07  3.1576883942e-07 -3.7750217153e-07 -2.0836732094e-06  8.3193662149e-06  1.0690111283e-06 -1.6483244096e-06 -1.1056375404e-05  9.5805307402e-06  6.3472387309e-06 -1.1319996818e-05 -8.1592513600e-06 -3.5902701728e-06

JOB 21
COORDS  1.3595650727e+00  6.7329519147e-01  2.3192761724e+00  1.4961391105e+00 -1.4930159661e-01  3.4309034212e+00  1.2235644882e-01 -1.1062969441e+00  1.2526849503e+00  6.4454752924e-01  2.0085058029e-01  1.2081450536e+00  9.1903146451e-01 -1.4200353880e+00  3.3587445438e+00  4.1535073625e-01  4.4362162589e-01 -1.1601238019e+00  2.6012429933e-01 -1.8968347977e+00  2.3190026514e+00  1.0445430201e+00 -2.3332464505e+00  4.5298307235e+00  1.6424353733e+00 -1.8821178774e+00  5.5173614783e+00  5.5692490400e-01 -3.4560677984e+00  4.4487967964e+00  5.1901233535e-01  1.0351785239e+00  1.4354931561e-01  1.7870396827e+00  1.6709958763e+00  2.2925141093e+00  2.0354047113e+00  1.6178848573e-01  4.3169557178e+00 -4.2340858852e-01 -1.5246423035e+00  4.1114721875e-01  5.8889829165e-01  1.2551291448e+00 -1.8673021279e+00 -5.8240441671e-01  2.4727689779e-02 -1.3303223972e+00  1.1734405041e+00 -3.3539066277e-01 -1.2934767075e+00
ENERGY -5.674120052898e+02
GRADIENT  2.6844108726e-03 -1.0899611000e-03 -1.3583661912e-03 -7.6472283567e-06 -7.7224390782e-05  2.1292218419e-05 -6.4994357344e-05 -7.7686305611e-05 -5.6162839162e-05 -2.3890105287e-03  1.6903558822e-03  1.9217602539e-03  1.8420570017e-05  8.9877715107e-05 -8.8164050486e-06  3.1472819218e-03  4.0363797807e-05 -3.2912122942e-04 -3.3618129841e-05  9.2491740606e-06 -5.5265420392e-05  1.6577652503e-04 -1.0136255494e-05 -3.9665057618e-05 -4.7285535780e-05 -6.4038600986e-05  5.3213988800e-05 -1.8476935331e-05  7.2161287300e-05  3.5123002900e-05 -3.3937534203e-03 -6.1375255648e-04 -1.5622842786e-04  2.4451946881e-05  2.5192145968e-06  1.2788926345e-05  7.4593210420e-06  1.0503206094e-05 -1.0459278537e-05  5.7777534718e-06 -7.3571027105e-06 -1.0999582093e-06  2.4910562043e-08 -5.8417993199e-06 -3.9999117445e-06 -1.2699072308e-05  2.4499584749e-06  2.7978983108e-05 -1.0396771244e-05  1.0294958360e-05 -2.2486334429e-05

JOB 22
COORDS  1.3946530110e+00  6.6889084601e-01  2.3247250339e+00  1.4813342039e+00 -1.4976491224e-01  3.4422553262e+00  2.4601056664e-01 -1.1295120184e+00  1.1901680007e+00  7.5619064152e-01  1.8331622632e-01  1.1713655058e+00  9.2693724718e-01 -1.4297090769e+00  3.3400296171e+00  3.5051908707e-01  4.6617552005e-01 -1.1685670538e+00  3.3399760961e-01 -1.9149703709e+00  2.2664340283e+00  9.9891377543e-01 -2.3395423180e+00  4.5172215204e+00  1.5465398277e+00 -1.8836624709e+00  5.5315534710e+00  5.2051217113e-01 -3.4648136919e+00  4.4156896630e+00  6.8980666219e-01  1.0216710535e+00  1.0808060276e-01  1.8052476261e+00  1.6740167096e+00  2.3214910216e+00  1.9617834638e+00  1.7191962702e-01  4.3578530458e+00 -2.4725377275e-01 -1.5600743074e+00  3.2360767431e-01  4.9816181961e-01  1.2716570570e+00 -1.8878284116e+00 -6.9595020078e-01  1.4278367058e-01 -1.1951155940e+00  1.0070225557e+00 -3.7559129224e-01 -1.4144743357e+00
ENERGY -5.674136032570e+02
GRADIENT  1.6136296911e-03 -6.8561250487e-04 -6.5593597371e-04  5.5312608076e-05  5.3006048271e-05  1.8027556157e-04 -6.6323423837e-05 -2.0744175770e-05 -1.7330488301e-04 -1.4607642437e-03  7.3752398897e-04  8.2320883887e-04 -1.8200602851e-05  1.2187819249e-04 -9.6022092118e-05  1.7748943785e-03 -3.5769257774e-04 -2.9338053612e-04  1.2025377681e-05 -1.7303238486e-05 -4.2577596102e-06  8.3010337455e-05  2.8189813425e-05 -2.4882450107e-05 -5.4440026772e-06 -1.2893903565e-05  1.0972769111e-05 -1.8876983948e-05  3.7954660622e-05  1.9844996864e-06 -1.9458143506e-03  1.1444027364e-04  2.7076137591e-04  1.8878649424e-05 -1.2785349168e-05  1.1770647045e-05  3.3554044922e-05  1.0724088503e-05  7.1729221548e-06 -1.5469109396e-05  3.9515154321e-06 -4.3712762744e-05  6.3264070855e-06  3.9186779749e-06  2.1230486785e-05 -1.1133613585e-05 -1.5568195239e-05  2.3207120479e-05 -8.4981197118e-07 -8.9010541712e-06  1.8449004172e-05

JOB 23
COORDS  1.4326417441e+00  6.6051993792e-01  2.3248797176e+00  1.4730347453e+00 -1.3843983651e-01  3.4585014569e+00  3.6559930862e-01 -1.1709493451e+00  1.1642346076e+00  8.6897639511e-01  1.4477896421e-01  1.1452581987e+00  9.4118166012e-01 -1.4278253020e+00  3.3507291792e+00  2.8725394468e-01  4.7372177457e-01 -1.1518468862e+00  4.0716038865e-01 -1.9366072860e+00  2.2578035166e+00  9.6624601760e-01 -2.3176367344e+00  4.5447471807e+00  1.4603729631e+00 -1.8395012797e+00  5.5762168618e+00  5.0604027558e-01 -3.4501411218e+00  4.4391103490e+00  8.5421623039e-01  9.6612607963e-01  6.7713504795e-02  1.8252323447e+00  1.6728383118e+00  2.3272446202e+00  1.8952763715e+00  2.0767266668e-01  4.3936517217e+00 -8.1247555827e-02 -1.6228013826e+00  2.8387064623e-01  3.8006393328e-01  1.2893052582e+00 -1.8686627266e+00 -7.7032497506e-01  2.1970922618e-01 -1.0199507255e+00  8.3802997069e-01 -4.0030289504e-01 -1.5167489460e+00
ENERGY -5.674141956993e+02
GRADIENT -2.4279625369e-05 -1.0015717528e-04  1.8993292130e-05  3.4810112289e-05  3.5346185616e-05  5.4682459755e-05  5.9188043200e-06 -1.7044857030e-05  4.6782030716e-05  1.5831145993e-05  3.7132489469e-05 -1.1811739259e-05 -4.8127972251e-06  5.1883389025e-06 -3.1535971191e-05 -2.5299368192e-05  3.6300931095e-05 -2.5602357938e-05 -9.9639017505e-06 -1.7755121245e-05  1.9065960939e-05 -4.8498439105e-05  5.6184573863e-05  2.0649308876e-05  6.7234195941e-06 -1.8824492798e-05  2.4016244557e-05  4.6798732954e-05  4.5404203994e-06  9.3767549349e-07  2.1469490169e-05  2.9080086563e-06 -4.0244738549e-05 -6.0481202875e-07 -5.1792819276e-06  9.3939537824e-07  4.3582840759e-06  1.7911329674e-06  7.3773865184e-06  4.1058305687e-06 -4.8335901885e-06  3.6975654507e-05 -2.2273098895e-05 -1.0699845549e-05 -4.8286592729e-06  7.2129759245e-07 -1.0156730581e-05 -2.5436628121e-05  1.0334039341e-05 -2.3486758835e-06  9.7972404296e-06

