JOB 0
COORDS  2.0330796028e+00 -6.1862104717e-01 -5.0947521111e-02  7.8227659107e-01 -3.8938593648e-01  5.3150999322e-01  3.0353342737e+00 -1.2555260170e+00  6.7673937173e-01  5.5548848479e-01 -8.0419385884e-01  1.8433897411e+00  3.7757023959e+00 -3.0691598814e+00  3.9442006872e+00  5.2935714878e+00 -2.1737865552e+00  2.3391389687e+00  4.8837881276e+00 -3.6088176340e+00  4.6013471006e+00  6.3298366450e+00 -2.7519131845e+00  3.0709610940e+00  2.8445331350e+00 -1.7043273967e+00  2.0016838753e+00  3.9589285192e+00 -2.3335427526e+00  2.7587832037e+00  1.5749604321e+00 -1.4400104068e+00  2.5441278931e+00  6.1511658519e+00 -3.4673188793e+00  4.1909987063e+00  1.2910619882e+00 -1.7850015363e+00  3.8291683603e+00  2.2270343506e+00 -3.0565885832e-01 -1.0727766503e+00 -7.5859692576e-03  1.0605644252e-01 -2.5768755566e-02  3.9850887335e+00 -1.4441023791e+00  1.8899735946e-01 -3.9418244973e-01 -6.3802565555e-01  2.3425772804e+00  2.7903631006e+00 -3.2499407519e+00  4.3502534396e+00  5.5474799207e+00 -1.5831598128e+00  1.4660335801e+00  4.7376107973e+00 -4.1861441582e+00  5.5131838111e+00  7.3602100248e+00 -2.6249255743e+00  2.7418751572e+00
ENERGY -5.786790228897e+02
GRADIENT -1.6100278546e-05 -2.6093891557e-05  9.4977273380e-05 -8.0010369380e-05  4.7986114278e-05 -5.6892682897e-05  1.0798491264e-03  3.2167004057e-03  1.2353249000e-03  6.4826827797e-05 -7.8772384227e-06 -2.5789691718e-05  3.1276235351e-04  3.1298469469e-03  2.0232707408e-03  5.5373254186e-06  6.3580667108e-05 -9.5760858957e-05  9.4014554554e-06  1.4656229565e-05 -1.6952406721e-05 -5.7325756279e-05 -1.1479335011e-05  2.9378042115e-05 -1.3147225012e-03 -3.1595110981e-03 -8.5469900737e-04 -3.9544048705e-05 -3.2531188400e-03 -2.3934036829e-03 -3.9338320660e-07 -2.1966761154e-05  7.4749670698e-05  1.6142958343e-05 -1.2438744146e-05  1.0750229144e-05  2.0821309088e-06  1.4854681743e-06  6.0551334038e-06 -9.1390178690e-06 -2.2481965485e-06  1.1299777771e-05 -1.2057451855e-05  5.3711731969e-06 -1.6986205579e-06  6.7939952778e-06 -2.8436221512e-06  1.9515197664e-06  2.9061539292e-06  2.1151516110e-06 -4.1579874841e-06 -1.2864469321e-06 -5.4383797388e-06  1.0084702512e-05 -5.1321870408e-06  6.7952802891e-06 -1.0282665063e-05 -3.2241640054e-06  1.6158427178e-07 -1.6096033289e-06 -9.1264059066e-06 -2.4249534348e-06 -7.8760289469e-07

JOB 1
COORDS  1.9878004405e+00 -7.4826283450e-01 -9.9695480980e-02  7.8035600136e-01 -4.0703464032e-01  5.1885863059e-01  2.9973290197e+00 -1.3662114882e+00  6.3670815299e-01  5.9569371280e-01 -6.8910290440e-01  1.8735902588e+00  3.7343795302e+00 -3.1650688257e+00  3.8546059093e+00  5.2893321504e+00 -2.0429501244e+00  2.4299355182e+00  4.8315212571e+00 -3.7216928767e+00  4.5150012525e+00  6.3143915771e+00 -2.6490004661e+00  3.1570550327e+00  2.8437707074e+00 -1.6759493487e+00  2.0028867370e+00  3.9496417539e+00 -2.3033126486e+00  2.7662531774e+00  1.6188315126e+00 -1.3100086045e+00  2.5812931738e+00  6.1094321385e+00 -3.4819141260e+00  4.1876467404e+00  1.4033179192e+00 -1.5366273847e+00  3.9047114516e+00  2.1402929320e+00 -5.3930244735e-01 -1.1546015542e+00 -1.3006816111e-02  7.4328413091e-02 -4.5841645700e-02  3.9189229391e+00 -1.6500534160e+00  1.3795056474e-01 -3.2109231611e-01 -4.2989046171e-01  2.3942176212e+00  2.7326668000e+00 -3.4196948437e+00  4.1787842428e+00  5.5420481304e+00 -1.3543635433e+00  1.6295858868e+00  4.6710905866e+00 -4.3974656855e+00  5.3538075682e+00  7.3538630600e+00 -2.4477525585e+00  2.9017864669e+00
ENERGY -5.786808425272e+02
GRADIENT -9.2761397514e-06  1.3535002171e-05 -1.8820635601e-06  2.6884288072e-05 -2.1759077658e-05  1.4960965215e-05  7.2006583162e-04  1.8039211411e-03  4.6983648254e-04 -1.7487476000e-05  2.1104984825e-07  6.8275693652e-06  1.1442843502e-04  1.6431264629e-03  1.2458977241e-03 -1.8293305566e-05 -4.5127568286e-05  9.3627656100e-05 -1.1749090221e-04 -1.2307129987e-04  1.5997947300e-04  2.0067802952e-04  9.2989389349e-05 -1.0690550377e-04 -1.0639609877e-03 -1.9003741383e-03 -5.6834155753e-05  2.5934771490e-04 -1.5576570323e-03 -1.7754797224e-03 -4.1405982029e-06  5.9284188724e-05  1.5120889209e-05 -1.1213758833e-04  6.0356601226e-05 -7.5344558998e-05  1.0314430507e-05 -2.6881029973e-05  1.1495875420e-05  3.8376513228e-06  3.0918979115e-06  3.4027689619e-06  2.4401938764e-06 -1.3241395295e-06  2.8787742166e-06  1.9113897516e-05  1.4611253776e-06  4.9931211728e-06 -7.6436035406e-07  3.9977357486e-07  2.3904922455e-06 -6.9459610422e-06  5.1389499464e-06  8.7706772149e-06 -5.6504779130e-06 -1.9801647085e-06  5.2517247758e-06 -2.7154734570e-05 -1.3114958342e-05  1.1836782025e-05  1.3754287324e-05  1.5427522794e-05 -2.0625301398e-05

JOB 2
COORDS  1.9320978830e+00 -8.7317814516e-01 -1.1290833216e-01  7.6754594384e-01 -4.3787667929e-01  5.2847327397e-01  2.9583045813e+00 -1.4590908149e+00  6.2916633297e-01  6.3533336173e-01 -5.9372955065e-01  1.9106625896e+00  3.7199457195e+00 -3.2394056580e+00  3.7693650039e+00  5.2935906811e+00 -1.9282734944e+00  2.5329766996e+00  4.8070385709e+00 -3.8240482130e+00  4.4217635566e+00  6.3083674684e+00 -2.5722674304e+00  3.2439686878e+00  2.8566617819e+00 -1.6305671186e+00  2.0218106304e+00  3.9551636260e+00 -2.2612358433e+00  2.7914767854e+00  1.6718330078e+00 -1.1861838059e+00  2.6228750981e+00  6.0877801683e+00 -3.5095282011e+00  4.1766108440e+00  1.5217464935e+00 -1.3122783240e+00  3.9679827536e+00  2.0373955122e+00 -7.6375441709e-01 -1.1884314535e+00 -3.6622202295e-02  1.9174882056e-02 -4.1220983263e-02  3.8526764029e+00 -1.8152763187e+00  1.2574933065e-01 -2.5038210313e-01 -2.6131373047e-01  2.4433749471e+00  2.7101778094e+00 -3.5494351903e+00  4.0165151479e+00  5.5450626348e+00 -1.1633294662e+00  1.8037306449e+00  4.6386312081e+00 -4.5881359163e+00  5.1792175870e+00  7.3506745728e+00 -2.3180886357e+00  3.0564201038e+00
ENERGY -5.786812478107e+02
GRADIENT  8.7567635829e-06  4.8113728901e-06 -6.2331877425e-05  2.5966123114e-05 -1.7397836586e-05  1.4301596664e-05 -3.2183118603e-04 -5.3514289244e-04 -7.5239748746e-05  1.0421484770e-05  4.0465511591e-07 -1.0336586067e-05  3.1246184361e-05 -4.5957936737e-04 -4.3260439890e-04  1.9265970839e-05  3.9845639824e-05 -4.9443918544e-05 -4.5255518577e-05 -4.6636881600e-05  4.7932458628e-05  2.0189187894e-05  2.8396433694e-05 -1.8708183962e-05  4.6964716181e-04  5.9019144115e-04 -7.5687239584e-05 -1.7932554406e-04  3.8391382755e-04  6.7668840633e-04  5.3610209210e-07 -5.1088192861e-06  9.2561240870e-06 -2.4968975593e-05  1.1852820914e-05 -2.7951675746e-05  8.9239295400e-06 -7.8628636036e-06  3.3939689257e-06  1.7617711990e-06 -1.4862421622e-06 -7.2270115425e-06  8.2605863014e-06 -2.5169855393e-06 -3.7672323810e-06 -1.0078359906e-05 -1.0581397908e-06 -1.7581107564e-06  5.9497289435e-06 -1.2875342512e-06  2.8683437706e-07  2.9494987997e-07 -6.5090776812e-06  9.8646084236e-06  1.5612973501e-05  1.5980502973e-06  2.8385782350e-06 -1.4269241153e-05 -1.5800908116e-07  7.0679371332e-06  2.3512354588e-07  1.0176471371e-05 -8.6733690880e-06

JOB 3
COORDS  1.8615499263e+00 -1.0027288876e+00 -8.4797412729e-02  7.5544062308e-01 -4.5362738398e-01  5.7245981032e-01  2.8970100094e+00 -1.5793898817e+00  6.5380075530e-01  6.8619249440e-01 -4.8616974273e-01  1.9680918887e+00  3.7006229695e+00 -3.3493277121e+00  3.6860575208e+00  5.2788599174e+00 -1.8607529169e+00  2.6750845847e+00  4.7756089232e+00 -3.9581362301e+00  4.3369133478e+00  6.2823838141e+00 -2.5377161517e+00  3.3732910851e+00  2.8578115724e+00 -1.6186866875e+00  2.0576127512e+00  3.9463851616e+00 -2.2650960995e+00  2.8325539489e+00  1.7291042258e+00 -1.0715619616e+00  2.6773304648e+00  6.0523964095e+00 -3.5718458944e+00  4.1942850913e+00  1.6474210832e+00 -1.0952827387e+00  4.0333623232e+00  1.9143832649e+00 -9.8881974532e-01 -1.1696194863e+00 -5.3657367735e-02 -3.3111239902e-03  4.2593985907e-03  3.7506649682e+00 -2.0192549542e+00  1.4520882527e-01 -1.5581702492e-01 -6.6990490260e-02  2.5104029666e+00  2.6902838446e+00 -3.7152863742e+00  3.8417695040e+00  5.5308413787e+00 -1.0237374473e+00  2.0296882979e+00  4.6022481356e+00 -4.8028621949e+00  5.0020102276e+00  7.3222176351e+00 -2.2315101984e+00  3.2674057043e+00
ENERGY -5.786802773285e+02
GRADIENT -8.9984242314e-06 -1.8636783263e-06  2.5565885226e-04 -1.7086866059e-04  9.4259032290e-05 -1.2107230771e-04 -8.7911903795e-04 -2.1516375797e-03 -1.6848763469e-04  1.5023787039e-04 -7.6983175611e-05 -1.1046879072e-04  5.3014133088e-04 -1.4091820534e-03 -1.8335419217e-03  2.3973702788e-05  8.7430320576e-05 -6.8712428541e-05 -1.0020152152e-04 -2.1685385558e-04  1.6919895428e-04 -3.0865806860e-05  4.6179989002e-05 -3.7921386499e-05  1.7230022571e-03  2.3739142191e-03 -8.2439172790e-04 -1.1235306921e-03  1.2030938230e-03  2.5098017704e-03 -6.9104369600e-05  2.8386672895e-05  1.7775269647e-04 -5.8891693712e-05  4.9610879291e-05 -5.1634964914e-05 -2.0852354826e-05  6.7789300731e-06  7.0612139379e-05  5.2124297436e-06 -8.8192483510e-07  2.8279362509e-05 -1.9289546613e-05  1.4535344595e-05 -1.5368671505e-05  3.3141686795e-05 -1.3549188335e-05 -2.3282259489e-05  1.8307345916e-05 -1.1070776107e-05 -1.9081259666e-05  2.8931756419e-05 -6.1842519213e-06  4.8323153566e-06  1.3185292699e-07  5.7265662913e-06 -4.1250419837e-06 -1.9504742407e-05 -2.0892404724e-05  3.3240274256e-06 -2.3605895824e-06  1.4275603141e-05 -1.3525722219e-05

JOB 4
COORDS  1.7781102441e+00 -1.1367732318e+00 -9.2591189795e-02  7.5382073291e-01 -4.5417305013e-01  5.7204558114e-01  2.8175223376e+00 -1.7184155966e+00  6.3802099350e-01  7.6811353380e-01 -3.5604128190e-01  1.9662806058e+00  3.7268306139e+00 -3.4512629718e+00  3.5455678272e+00  5.2531408357e+00 -1.7644582978e+00  2.8009545359e+00  4.7982715792e+00 -4.0464175114e+00  4.2161218395e+00  6.2555346696e+00 -2.4369853042e+00  3.5062442927e+00  2.8601934351e+00 -1.6284521410e+00  2.0380169723e+00  3.9495287429e+00 -2.2749052948e+00  2.8191425346e+00  1.8138572618e+00 -9.4818648191e-01  2.6668235920e+00  6.0483311342e+00 -3.5607319286e+00  4.2064217393e+00  1.8188303455e+00 -8.5092610944e-01  4.0214038438e+00  1.7656990750e+00 -1.2203748209e+00 -1.1755195717e+00 -5.7111962194e-02  5.7010354918e-04  9.9795532475e-03  3.6116834820e+00 -2.2560761823e+00  1.2694577868e-01 -1.0603082507e-02  1.6719464263e-01  2.5128075522e+00  2.7371984284e+00 -3.8970209963e+00  3.5890594825e+00  5.4834896523e+00 -8.5521158587e-01  2.2526208840e+00  4.6446993072e+00 -4.9620221897e+00  4.7854601299e+00  7.2745009777e+00 -2.0523639239e+00  3.5072810351e+00
ENERGY -5.786789021172e+02
GRADIENT -9.7048101721e-06  1.1490110624e-05  3.2652081883e-05 -1.2190170229e-05  9.0317479006e-07 -3.0280273911e-05 -1.0650762090e-03 -1.6502580676e-03  1.3909486077e-04  8.0749151789e-06 -4.6195029773e-06  1.7081638044e-05  5.2362292602e-04 -1.0590209445e-03 -1.5933914635e-03  1.0472499086e-05 -3.9683846701e-05  2.8282360328e-05  1.0153437590e-05 -2.9782252230e-06  3.1422016394e-06  3.2347590701e-05  2.3756761086e-05 -3.6519904117e-06  1.8697435626e-03  1.9193384692e-03 -1.0016516312e-03 -1.3207444006e-03  7.8686502218e-04  2.4457319496e-03 -1.1061415732e-05  1.5611033196e-06 -2.1841827776e-05 -1.5943675632e-05 -1.0428779556e-05 -6.1781080847e-06  1.0020002933e-05 -1.2380721358e-05 -2.2638744449e-05  3.5030717903e-06 -1.7386518334e-07  2.1005551102e-06 -8.8768138998e-08  2.4217163452e-06 -1.4870376402e-09  6.6276932387e-06  5.4972605823e-07  2.4960334181e-06 -2.8529354426e-06 -3.6048287943e-07 -7.9590858704e-06 -2.7697397119e-06  1.4838291142e-06  9.6302080321e-07 -4.3398165431e-06 -4.7050171301e-06  4.8335986287e-06 -5.2427803634e-07 -4.4255635550e-06 -8.6657357560e-07  5.0529264628e-06 -2.0207926997e-06  5.0880836510e-06

JOB 5
COORDS  1.6745781717e+00 -1.2694567073e+00 -7.7890112974e-02  7.5789013050e-01 -4.4039213803e-01  5.7715586989e-01  2.7090191764e+00 -1.8722792545e+00  6.4315370348e-01  8.7503415411e-01 -2.1443190271e-01  1.9514769903e+00  3.7819619354e+00 -3.5587795988e+00  3.3929307009e+00  5.1935184367e+00 -1.6784633363e+00  2.9454815272e+00  4.8523976390e+00 -4.1259452684e+00  4.0903977029e+00  6.1990874966e+00 -2.3321953621e+00  3.6635892421e+00  2.8497302723e+00 -1.6618598946e+00  2.0230913287e+00  3.9490275329e+00 -2.3021883274e+00  2.7991964089e+00  1.9151024905e+00 -8.2842574153e-01  2.6422265136e+00  6.0480309215e+00 -3.5366503428e+00  4.2320191156e+00  2.0236805461e+00 -6.0524740557e-01  3.9771233390e+00  1.5849533259e+00 -1.4465605174e+00 -1.1458332606e+00 -4.8543819257e-02  3.1218273230e-02  2.2540632988e-02  3.4237245266e+00 -2.5175172222e+00  1.3934290352e-01  1.8042753374e-01  4.2320707791e-01  2.4898697136e+00  2.8360672714e+00 -4.0873006310e+00  3.3139981887e+00  5.3778086450e+00 -7.0107984153e-01  2.5083776792e+00  4.7423424334e+00 -5.1033954025e+00  4.5579150571e+00  7.1743434988e+00 -1.8634252872e+00  3.7870569574e+00
ENERGY -5.786782838630e+02
GRADIENT -1.1630174532e-05 -1.7995217818e-05 -7.5915169566e-05  1.0506693415e-04 -4.1967034919e-05  5.8692608159e-05 -1.1005881162e-04 -3.4494414039e-06  2.5958073492e-05 -1.0719182736e-04  8.5251364878e-05  8.3659572302e-05 -7.5221165061e-05 -1.5820804271e-04 -3.2502282616e-05  1.7796384345e-05  4.6218140386e-06 -1.1712369388e-05  1.5907060500e-04  3.9241354156e-04 -1.5314088234e-04 -2.2121339434e-04 -2.6459833391e-04  4.1940161076e-05  1.5785368156e-04  1.8735192195e-05 -3.7781491949e-05 -8.2311675616e-05  1.0704619450e-04  1.2116400948e-04  3.1819661045e-06 -4.0896012285e-05 -1.1228929086e-04  1.7952843888e-04 -8.1258405232e-05  1.3671825804e-04 -1.7417176867e-05 -3.5013827875e-06 -6.0468557679e-05 -1.4132599224e-06 -1.9391373018e-06 -1.1560288161e-05  5.0512078044e-06 -4.3522353557e-06  1.0715960497e-05 -9.4207876532e-06  2.8543161077e-06  5.1181691933e-06 -1.6341767733e-05  1.2505609516e-05  5.0665215371e-06 -2.6653600807e-05  1.0564047618e-05 -2.7889047704e-05 -1.4257257775e-05  9.1847841400e-06 -1.9870563405e-05  5.1906997237e-05  3.9167007317e-05 -8.0683541818e-06 -1.4126373969e-05 -4.9097183024e-05  1.5107527751e-05

JOB 6
COORDS  1.5619372486e+00 -1.3780698474e+00 -3.0199729215e-02  7.5601408690e-01 -4.1894900756e-01  5.9214166511e-01  2.5897154121e+00 -1.9961890019e+00  6.8690936519e-01  9.7940743277e-01 -7.7094109055e-02  1.9288935840e+00  3.8461615620e+00 -3.6359226885e+00  3.2410492924e+00  5.1114042318e+00 -1.6081081852e+00  3.1023078462e+00  4.9160218438e+00 -4.1906290497e+00  3.9497930562e+00  6.1225471078e+00 -2.2553026314e+00  3.8168628096e+00  2.8319070829e+00 -1.6770348653e+00  2.0319217370e+00  3.9417830733e+00 -2.3130920301e+00  2.7927435663e+00  2.0122276741e+00 -7.0711901583e-01  2.6155789485e+00  6.0429322535e+00 -3.5256349308e+00  4.2394344888e+00  2.2237091822e+00 -3.6760026974e-01  3.9131882956e+00  1.3941698777e+00 -1.6408932087e+00 -1.0707112725e+00 -4.5038407931e-02  6.5560225373e-02  4.0888432561e-02  3.2228713639e+00 -2.7372161400e+00  2.0629150412e-01  3.7162741254e-01  6.6215541236e-01  2.4417541785e+00  2.9542106987e+00 -4.2241151004e+00  3.0437935384e+00  5.2356895996e+00 -5.7527184102e-01  2.7895738966e+00  4.8611068287e+00 -5.2187389543e+00  4.3050427158e+00  7.0423299242e+00 -1.7259928291e+00  4.0615960488e+00
ENERGY -5.786788195107e+02
GRADIENT -2.1599050868e-05 -3.0069067137e-05 -1.2493755153e-04  1.1343709497e-04 -7.1390327402e-05  6.9793631746e-05  9.9399567718e-04  1.4515700104e-03 -4.7437703547e-04 -9.5291559656e-05  1.2866130603e-04  1.0073014286e-04 -8.2160440960e-04  5.3260874292e-04  1.5305825653e-03  1.7254351325e-05  1.1474277387e-04 -2.7221066993e-05 -8.3282178316e-06  1.6342268540e-06 -1.4187167909e-05 -3.8841938971e-06  1.2306701094e-05 -2.4027864145e-05 -1.8514081654e-03 -1.8199189672e-03  1.5850508398e-03  1.7277121340e-03 -2.4926369939e-04 -2.3973390473e-03  2.0634565171e-05 -7.8296410186e-05 -1.5481563193e-04 -6.4262655777e-06  3.3214647938e-06  6.0751886902e-06 -5.2618570190e-06 -3.1546460124e-05 -1.0327818085e-04 -4.9088947356e-06 -4.4881232172e-06 -1.4837642452e-05  1.2055834488e-05 -5.7163765522e-06  1.2049390658e-05 -1.0534398156e-05  1.2590308831e-05  1.7209211636e-05 -1.3942538122e-05  1.7836396562e-05  3.9995714016e-06 -6.0356706114e-06 -1.7224264340e-05  8.7833081746e-06  1.2639531671e-05  1.3824669335e-05  2.7692894014e-08 -1.1161284159e-05 -7.1333226323e-07 -5.3283696155e-06 -1.9508369715e-06  1.0811149450e-05 -8.5963384755e-06

JOB 7
COORDS  1.4683903598e+00 -1.4931674377e+00  2.1691663744e-02  7.5452189772e-01 -4.2887723593e-01  5.8255383513e-01  2.4945463154e+00 -2.1021331054e+00  7.4732386813e-01  1.0708214419e+00  2.5647505240e-02  1.8658944059e+00  3.9160742629e+00 -3.6736665079e+00  3.0987517397e+00  5.0426347702e+00 -1.5677757642e+00  3.2474626001e+00  4.9834882970e+00 -4.2349541958e+00  3.8050291947e+00  6.0579196944e+00 -2.2245007093e+00  3.9460049162e+00  2.8291152456e+00 -1.6721272249e+00  2.0421719537e+00  3.9407257248e+00 -2.3059130773e+00  2.7952344130e+00  2.1011932289e+00 -5.9654321122e-01  2.5623307563e+00  6.0462079967e+00 -3.5360937544e+00  4.2274046922e+00  2.3959240053e+00 -1.4356067704e-01  3.8087021012e+00  1.2320085074e+00 -1.8428717192e+00 -9.7915475605e-01 -4.5255598047e-02  5.0296046015e-02  2.4877626790e-02  3.0597207819e+00 -2.9209723293e+00  3.1019983729e-01  5.3491705700e-01  8.4698423292e-01  2.3317846573e+00  3.0755833652e+00 -4.2919594865e+00  2.7956957601e+00  5.1137094009e+00 -5.0155111892e-01  3.0546898908e+00  4.9796215584e+00 -5.2966687767e+00  4.0479225331e+00  6.9255084181e+00 -1.6677524075e+00  4.2970948900e+00
ENERGY -5.786801419932e+02
GRADIENT -3.0548173003e-05 -4.5021322043e-05 -1.1578201995e-04  6.1034978944e-05 -3.2430146814e-05  5.0080342113e-05  1.5007405648e-03  1.5715920445e-03 -8.6231057626e-04 -4.0465099570e-06 -1.4048567202e-05 -2.4068412418e-05 -7.9868584481e-04  7.0418914644e-04  2.1249775467e-03  1.3312093502e-05 -9.4105073343e-05  1.8650169365e-05 -1.8963276377e-05 -3.4801485593e-04  7.4710911867e-05 -3.2550747775e-05  2.0138705391e-05 -2.4483537078e-05 -2.8438954275e-03 -1.9955996515e-03  2.2800722158e-03  2.1732279005e-03  1.4831560017e-04 -3.6082168611e-03 -9.6426610992e-06  4.0203305802e-05  4.6680705972e-05 -7.0233924707e-05  4.1877419507e-05 -5.1972009882e-05  1.1451377966e-06  3.1942550114e-05  5.6455135225e-05 -2.3650228608e-07 -1.0027133141e-05 -1.3991311397e-05  7.5735017784e-06 -1.1461184248e-05 -7.2903041431e-06 -8.2294029461e-06 -2.2296155663e-06 -1.3243271215e-05  9.9458195318e-06 -1.6412881676e-06  4.6481039523e-06  3.1538085098e-05  2.6725788145e-05  1.1748487432e-05 -1.8545395098e-05 -1.8992624920e-05 -1.2308332271e-05  1.3399467941e-06 -3.1630565958e-05  1.0158340911e-05  1.3613066910e-06 -5.3173654080e-06 -5.6165523035e-07

JOB 8
COORDS  1.3810576124e+00 -1.5766463847e+00  9.1564353577e-02  7.4543628848e-01 -4.3203041646e-01  5.8439077254e-01  2.4109798213e+00 -2.1696285523e+00  8.2295220452e-01  1.1456883878e+00  1.1494861641e-01  1.8062809606e+00  3.9800238428e+00 -3.6785877482e+00  2.9741454049e+00  4.9836342229e+00 -1.5461194495e+00  3.3864791231e+00  5.0446984546e+00 -4.2547162580e+00  3.6704331888e+00  6.0026840457e+00 -2.2200627770e+00  4.0621917433e+00  2.8367305683e+00 -1.6444090607e+00  2.0564580658e+00  3.9378209346e+00 -2.2853240332e+00  2.8141611322e+00  2.1785674736e+00 -4.9402725917e-01  2.5098824522e+00  6.0502981380e+00 -3.5523391337e+00  4.2111834697e+00  2.5392508179e+00  5.1513470621e-02  3.7014234556e+00  1.0809861224e+00 -2.0011549312e+00 -8.6215016528e-01 -5.7219549170e-02  3.6695943110e-02  2.2095960263e-02  2.9169398895e+00 -3.0470967142e+00  4.2997762775e-01  6.7039238575e-01  9.9786478786e-01  2.2226127592e+00  3.1872144810e+00 -4.3071924603e+00  2.5784905784e+00  5.0129634507e+00 -4.6486804539e-01  3.3022720708e+00  5.0873595296e+00 -5.3347144228e+00  3.8045382296e+00  6.8243843233e+00 -1.6591355697e+00  4.5050450306e+00
ENERGY -5.786811981100e+02
GRADIENT -5.2035979403e-05 -8.5610610783e-05 -1.7376720597e-04  9.3402411967e-05 -4.5079621633e-05  7.0621217263e-05  5.4823274943e-04  5.7880077774e-04 -3.6614834907e-04  9.6566759163e-06 -4.1640789719e-05 -3.4567033195e-05 -4.6615542038e-04  2.1113589725e-05  7.2220957787e-04  1.1020061872e-05 -1.5640567995e-04 -2.1471743795e-05 -7.4471611642e-05 -1.1013137811e-04 -3.0117727515e-05  2.0796652619e-04  2.2127041568e-04  1.1311436760e-04 -1.1039870605e-03 -6.6874095156e-04  8.9554139618e-04  9.3315655989e-04  1.3859954778e-04 -1.2529880484e-03 -4.5012139452e-06  5.7725911079e-05  1.0842708288e-04 -1.0549509008e-04  6.6051493361e-05 -7.8834812153e-05  2.3377865040e-06  3.5383579407e-05  6.1294748963e-05 -1.0331568509e-06 -8.5963956577e-06 -1.8366612056e-05  1.2028481325e-05 -2.2820410480e-05 -7.1085247698e-06 -1.7769977169e-05  1.8098640529e-06 -1.9644436706e-06  1.2733778451e-05 -8.9509673515e-06  7.8872706011e-06  1.0928611676e-05 -1.3292160720e-06 -5.4760636981e-06  1.9502555805e-05 -2.4808209733e-05  1.2332475049e-05 -1.6870522139e-05 -1.2162966670e-05 -6.7492679112e-06  1.1491753886e-05  3.5428370212e-05  5.8778946909e-06

JOB 9
COORDS  1.2984025516e+00 -1.6596769972e+00  1.5362947599e-01  7.3749333641e-01 -4.4805316576e-01  5.7109531155e-01  2.3323980052e+00 -2.2389566502e+00  8.8795868320e-01  1.2190033317e+00  1.7426007106e-01  1.7245132978e+00  4.0537696956e+00 -3.6854093954e+00  2.8583005584e+00  4.9224600864e+00 -1.5566095633e+00  3.5086068352e+00  5.1127439810e+00 -4.2717275946e+00  3.5524617705e+00  5.9432550979e+00 -2.2413368672e+00  4.1708807567e+00  2.8511526525e+00 -1.6349776607e+00  2.0503116908e+00  3.9341205798e+00 -2.2856360519e+00  2.8265759263e+00  2.2535655920e+00 -4.2502210740e-01  2.4339264653e+00  6.0556410371e+00 -3.5770441800e+00  4.2052430240e+00  2.6704312773e+00  2.0086788967e-01  3.5669855625e+00  9.3576436405e-01 -2.1490394394e+00 -7.4568867945e-01 -6.8026634702e-02  1.1556474249e-02  5.4674250134e-03  2.7773506911e+00 -3.1654094887e+00  5.3819769511e-01  8.0316120168e-01  1.1085538046e+00  2.0890775151e+00  3.3162423648e+00 -4.3211879960e+00  2.3780123746e+00  4.9126944847e+00 -4.7326094078e-01  3.5190082748e+00  5.2048964248e+00 -5.3563509569e+00  3.5878081429e+00  6.7143964079e+00 -1.6825250767e+00  4.6991423017e+00
ENERGY -5.786809456067e+02
GRADIENT  8.9118124330e-06  1.4791805706e-05  3.6455131257e-05 -1.0936769202e-06  8.1810508205e-06 -4.7903302341e-06 -1.2339129232e-03 -8.8594012636e-04  9.5509514161e-04 -6.9894498377e-06  3.7694595029e-06 -3.9260098508e-06  1.0870493541e-03  4.0382831560e-05 -1.4433596661e-03 -7.3894502407e-07  8.8241345442e-06 -2.4124714235e-05 -4.7171050505e-05 -1.5611333263e-04 -2.4665881340e-05  6.0500298564e-05  1.0883718621e-04  4.5182207433e-05  2.4021672001e-03  1.3229770291e-03 -2.2000940469e-03 -2.1992364566e-03 -5.0731167975e-04  2.7066370439e-03 -2.9816585993e-05 -1.5468753646e-05  1.3838875613e-05 -6.3088976042e-05  5.2851702172e-05 -5.5337120787e-05  2.4167084482e-05 -1.0637084534e-05 -7.6670017043e-06 -1.3285818243e-07  2.0523580812e-06  5.5544793252e-06 -2.3966257496e-06  1.0492861674e-06  2.2134737428e-06  9.2277510577e-07 -6.6036760267e-06  8.3530722561e-06 -1.0331775995e-06  7.2356596796e-07 -1.4216413887e-06  5.6304202333e-06 -4.3984587266e-06  1.1942464646e-06  1.6393483259e-06  1.7806230255e-05  6.2803313296e-06 -1.6197589341e-05 -1.4116513341e-05 -8.5626793205e-06 -4.4294859965e-06  2.5839295702e-05  1.8381636749e-06

JOB 10
COORDS  1.1981759992e+00 -1.7171650031e+00  2.3778601304e-01  7.2261974260e-01 -4.4423788425e-01  5.6905522308e-01  2.2357957437e+00 -2.2881247025e+00  9.7114137053e-01  1.2959059792e+00  2.4076895733e-01  1.6401601398e+00  4.1488838902e+00 -3.6691925545e+00  2.7466365489e+00  4.8483785079e+00 -1.5712076729e+00  3.6352778863e+00  5.2021418733e+00 -4.2588609627e+00  3.4444886859e+00  5.8724355305e+00 -2.2586275669e+00  4.2906095930e+00  2.8574130439e+00 -1.6224754202e+00  2.0494102484e+00  3.9327862388e+00 -2.2811182932e+00  2.8365968824e+00  2.3309865366e+00 -3.5500145968e-01  2.3526152071e+00  6.0668940178e+00 -3.5819605042e+00  4.2137885129e+00  2.8155484015e+00  3.5218292539e-01  3.4091074249e+00  7.6430997886e-01 -2.2641053690e+00 -5.9427621695e-01 -8.5323091869e-02  1.1030895652e-02  3.4832388095e-03  2.6021722916e+00 -3.2639360653e+00  6.7283332049e-01  9.5126344507e-01  1.2242562760e+00  1.9445889103e+00  3.4883697467e+00 -4.3099942091e+00  2.1729648545e+00  4.7869256380e+00 -4.9737485933e-01  3.7452859899e+00  5.3574592123e+00 -5.3349113983e+00  3.3807803948e+00  6.5786801819e+00 -1.7066231305e+00  4.9091555024e+00
ENERGY -5.786791670763e+02
GRADIENT  7.2327416094e-05  9.6202843574e-05  1.1506994738e-04 -1.9012561834e-05 -5.5255364171e-07 -1.0996055379e-05 -2.5062844450e-03 -1.4758370936e-03  2.2900187191e-03 -3.0857610408e-05  1.7412659171e-04  6.5711535360e-05  2.3811872166e-03  5.8863996643e-04 -2.7831302018e-03 -3.4641956053e-05  5.9565717152e-05  2.7298121794e-05  4.2362353896e-05  1.9561718039e-04  7.9431124460e-05 -1.2336649015e-04 -1.9799413563e-04 -1.2600858591e-04  4.8803922268e-03  2.2709065547e-03 -4.7454810067e-03 -4.7069532615e-03 -1.4910913239e-03  5.2044299954e-03 -3.1185552422e-05 -1.1691465467e-04 -1.2292861937e-04  1.2007394785e-04 -6.9851727288e-05  8.6611155558e-05 -5.2742681466e-05 -2.5608270741e-05 -9.4511414784e-05  6.5570781595e-06  4.3804623749e-07  1.5801911207e-05 -1.4423625184e-06  2.4584317707e-05  1.4748700601e-05  7.1051991731e-06  1.8664614313e-05 -9.1798816070e-06 -2.0981122330e-05  2.2482495596e-05 -8.2367492473e-07  6.5793226614e-06  5.8305204429e-06  2.0632811348e-05 -1.4881601729e-05 -2.3788563844e-06 -5.5550683542e-06  3.0381678104e-05  2.3057888330e-05  1.0777883219e-05  1.1525832593e-06 -3.4687235601e-05 -3.3548238183e-06

JOB 11
COORDS  1.0654692028e+00 -1.7817628884e+00  3.7217184572e-01  7.1150876130e-01 -4.4505771172e-01  5.7998442679e-01  2.1080349266e+00 -2.3490926611e+00  1.0995260079e+00  1.4163706679e+00  3.0241392379e-01  1.5213026622e+00  4.2946671953e+00 -3.6362418828e+00  2.5860664985e+00  4.7402252438e+00 -1.6331884815e+00  3.7900561950e+00  5.3326859921e+00 -4.2360094806e+00  3.2964245909e+00  5.7599775386e+00 -2.3268894472e+00  4.4463549515e+00  2.8516189579e+00 -1.6319899538e+00  2.0642294587e+00  3.9595632300e+00 -2.2865989159e+00  2.8164806685e+00  2.4533823403e+00 -2.9276221157e-01  2.2325017068e+00  6.0729727057e+00 -3.6092701650e+00  4.2224438060e+00  3.0841647217e+00  5.1374446827e-01  3.1294886312e+00  5.3033741637e-01 -2.3839854971e+00 -3.5630951643e-01 -9.9870146432e-02  1.0103655838e-02  1.9353431668e-02  2.3489479735e+00 -3.3870161319e+00  9.0721041763e-01  1.1823852676e+00  1.3435125096e+00  1.7212355437e+00  3.7664922395e+00 -4.2438759190e+00  1.8614978129e+00  4.5743086166e+00 -5.9892361870e-01  4.0497682972e+00  5.5813380622e+00 -5.2795627386e+00  3.1086819736e+00  6.3575610959e+00 -1.8120609863e+00  5.1974227046e+00
ENERGY -5.786776161878e+02
GRADIENT -1.7677799895e-05 -2.5907682377e-05 -2.4499296060e-05  9.4370460454e-06 -6.4847682472e-06  3.9497325761e-06 -1.0379700022e-05  4.9085705299e-05 -2.6964925904e-06 -3.6465772219e-06  5.1756809692e-06  3.4094894918e-07 -5.4725770915e-06 -6.8104246362e-06  4.3430803974e-06  4.3007281216e-07  1.1940854530e-05  1.0683283131e-05 -6.2253050864e-06 -1.6835689871e-05 -1.3085134452e-05  6.4453569663e-06  2.4887152436e-05  1.4444907492e-05  2.5745583278e-07 -2.9134587297e-05  1.8186147061e-05  2.3103882257e-05  7.7200935168e-06 -5.0285219070e-06 -5.5930273439e-06 -4.7913354695e-06 -1.1641714898e-05 -1.3646786642e-05  1.5245627710e-05 -5.3115833097e-06 -1.7687578324e-05  5.3078390822e-06 -1.4202207139e-05 -4.7244518015e-06 -2.8071093079e-06 -6.2529523377e-06 -3.1218391200e-06 -6.4714839662e-06 -4.6082054873e-06 -2.7732038004e-06  6.0180552406e-06  1.6119323099e-06 -6.8082382517e-06  8.4617392925e-07 -6.1424197677e-06  1.8779455559e-06 -4.3615190809e-07 -2.2670281890e-07  2.5792959566e-06 -3.7338705561e-06 -8.4195250344e-08 -2.3641924388e-06  2.8324028575e-06 -1.0007934592e-06 -4.8897032202e-06  1.1944817908e-05  4.9093428253e-07

JOB 12
COORDS  9.4283979921e-01 -1.8375294974e+00  5.2506046332e-01  7.0947570560e-01 -4.6058649545e-01  6.0124298562e-01  1.9913085453e+00 -2.4099951869e+00  1.2416228808e+00  1.5389647807e+00  3.2840493899e-01  1.3978474991e+00  4.4322443886e+00 -3.5725492818e+00  2.4284706451e+00  4.6034482561e+00 -1.7142894553e+00  3.9115121592e+00  5.4574947847e+00 -4.1804963526e+00  3.1518223083e+00  5.6202259940e+00 -2.4102580132e+00  4.5690661976e+00  2.8419492855e+00 -1.6520001524e+00  2.0746795244e+00  3.9780329678e+00 -2.2901730038e+00  2.7901645640e+00  2.5768341855e+00 -2.7194653156e-01  2.1023428712e+00  6.0594945728e+00 -3.6250365863e+00  4.2134293604e+00  3.3705679243e+00  5.6264169839e-01  2.8265747992e+00  3.0572165576e-01 -2.4671684966e+00 -8.9208092441e-02 -1.0585575744e-01 -4.0788698572e-03  4.7385059213e-02  2.1295831780e+00 -3.4838163850e+00  1.1847742213e+00  1.4072007237e+00  1.4031089948e+00  1.4775200707e+00  4.0295260757e+00 -4.0948569611e+00  1.5676471531e+00  4.3061531779e+00 -7.4527541338e-01  4.2878774046e+00  5.8133255230e+00 -5.1676345110e+00  2.8602075165e+00  6.1035309047e+00 -1.9616397076e+00  5.4358218644e+00
ENERGY -5.786791669350e+02
GRADIENT  1.9047380676e-04  2.0820538798e-04  2.0663370163e-04 -1.0427952769e-04  4.7829734865e-05 -8.3105961811e-05  2.2548554472e-03  4.4505662129e-04 -2.9244378413e-03  8.1559659339e-06  1.4556509825e-04  4.2182384065e-05 -2.3578777005e-03 -1.4695905416e-03  2.4878999850e-03 -1.8016269376e-05  1.2964656158e-04  2.9917431090e-05  4.7014347546e-05 -5.9781989700e-05 -3.6132864359e-06 -6.2260456023e-05 -5.0891886964e-05 -1.2004862567e-04 -4.4360643761e-03 -1.7577791012e-03  5.4390432251e-03  4.6050761719e-03  2.5374789064e-03 -4.9583759342e-03 -8.1962476635e-05 -1.1245025967e-04 -7.6741874206e-05  1.8585527354e-05 -1.5148310025e-05  1.7750948538e-05 -8.5645020409e-05 -5.7704461393e-05 -6.6124412942e-05  2.5255871888e-05  1.5876922915e-05  1.9934477580e-05 -2.5280626218e-06  4.0983186487e-05  5.2024677507e-06  3.5854625920e-06 -5.6399448208e-06  1.9764034384e-05 -2.1507549095e-05  2.1339188650e-05 -1.7660097501e-05  2.7372258189e-05  2.2880125020e-07  1.7936565611e-05 -4.9826896134e-06  1.0806189925e-05 -4.1145603531e-06  8.5518317113e-07 -5.4212444717e-06  7.0932280388e-06 -2.5007997056e-06 -4.7427858945e-06 -7.6884791172e-06

JOB 13
COORDS  8.6307144656e-01 -1.8446800440e+00  6.4074798546e-01  7.1948217279e-01 -4.5343221821e-01  6.1432909891e-01  1.9133301974e+00 -2.4237137514e+00  1.3519145121e+00  1.6321956185e+00  3.4808905866e-01  1.3028885491e+00  4.5242970032e+00 -3.4966388517e+00  2.3399030527e+00  4.4930419310e+00 -1.7695895578e+00  3.9905064476e+00  5.5449926353e+00 -4.1060339625e+00  3.0707150902e+00  5.5137076329e+00 -2.4603307995e+00  4.6466532033e+00  2.8469939615e+00 -1.6481734459e+00  2.0671665392e+00  3.9700323567e+00 -2.2879070150e+00  2.7941370375e+00  2.6666287331e+00 -2.5816984758e-01  2.0064650001e+00  6.0461205502e+00 -3.6115746409e+00  4.2116998512e+00  3.5491674532e+00  5.6184418102e-01  2.6372053753e+00  1.5484971053e-01 -2.4776635053e+00  1.1394419084e-01 -9.5709164180e-02  7.2207154169e-03  6.3612610591e-02  1.9974572963e+00 -3.5055128960e+00  1.3871145830e+00  1.5632160577e+00  1.4315934656e+00  1.2975970913e+00  4.1938458003e+00 -3.9490275752e+00  1.4098757134e+00  4.1099814748e+00 -8.5067324750e-01  4.4179424382e+00  5.9840596295e+00 -5.0381414066e+00  2.7177894014e+00  5.9218563442e+00 -2.0660318038e+00  5.5761103861e+00
ENERGY -5.786809451810e+02
GRADIENT -2.8015230366e-05  8.1068562135e-06 -2.0045879982e-06  5.3986971444e-05 -4.8687468346e-05  1.5265769148e-05  1.0279246054e-03  1.7347896600e-04 -1.5222178428e-03  2.4493033319e-05  1.4126768701e-04  4.3046335039e-05 -1.1536722267e-03 -8.6549735955e-04  1.1408419717e-03 -4.4667669455e-05  7.6208909748e-05  6.7929626648e-05  1.0213670071e-04 -1.2996725197e-04 -2.8896200802e-05 -7.3819749501e-05  1.7718961847e-05 -1.2210055131e-04 -2.1370590019e-03 -7.2876492504e-04  2.7807051609e-03  2.3347482611e-03  1.4793587261e-03 -2.2508853248e-03 -3.4638449574e-05 -5.5001064509e-05 -7.4107585664e-05 -1.7610542753e-05 -3.9824147527e-05 -2.0961392584e-05 -5.7087914072e-05 -8.9524115965e-05 -2.2716086226e-05  7.6414091992e-07 -2.5467914743e-06 -5.4422173855e-06  1.1498629293e-05  9.0249858510e-06  8.7742521156e-06 -1.8186925744e-05  2.0195802826e-05  1.4493714005e-05 -1.3893894225e-05  2.1328864464e-05 -1.2097335243e-05  3.6515455579e-05  1.3094051580e-05  1.4900279736e-05 -1.6429074237e-05  3.7485149437e-05 -1.7639665504e-05  9.4632982605e-06 -1.3001055647e-05 -7.5569803860e-06 -3.4315551084e-06 -9.3859769299e-06 -1.0082363776e-05

JOB 14
COORDS  7.8773249061e-01 -1.8448215830e+00  7.4902343119e-01  7.2269053061e-01 -4.5275495632e-01  6.2671909043e-01  1.8411606571e+00 -2.4334161640e+00  1.4498552104e+00  1.7121677995e+00  3.4348292742e-01  1.2092390741e+00  4.6166712304e+00 -3.4283652343e+00  2.2698539828e+00  4.3883052136e+00 -1.8415220691e+00  4.0463009708e+00  5.6375273778e+00 -4.0294870278e+00  3.0092910499e+00  5.4181910891e+00 -2.5165038853e+00  4.7043152185e+00  2.8532265977e+00 -1.6600515751e+00  2.0467480965e+00  3.9596466283e+00 -2.3046433488e+00  2.7934936324e+00  2.7464468919e+00 -2.7041372804e-01  1.9065047348e+00  6.0441189753e+00 -3.5953224299e+00  4.2105897014e+00  3.7019026835e+00  5.2770272875e-01  2.4520242446e+00  1.6728824875e-02 -2.4691652878e+00  3.0680124563e-01 -9.3630959098e-02  1.4474499104e-02  8.3149650803e-02  1.8797233779e+00 -3.5135134014e+00  1.5606276043e+00  1.6980037738e+00  1.4261135520e+00  1.1287265928e+00  4.3513477459e+00 -3.8213728634e+00  1.2924107016e+00  3.9252549071e+00 -9.7651460203e-01  4.5093321687e+00  6.1577132213e+00 -4.9002162159e+00  2.6125171040e+00  5.7561165838e+00 -2.1723472256e+00  5.6806830480e+00
ENERGY -5.786811983683e+02
GRADIENT -5.0072706891e-05 -6.2187450781e-05 -2.8345055897e-05 -3.1411806497e-05  2.8025470028e-05 -2.1061176256e-05 -4.5503629028e-04  1.1666423504e-04  7.3633069502e-04 -1.9517521196e-06 -1.6860560615e-04  6.1711609423e-06  5.6671340381e-04  4.6951746635e-04 -4.5420507930e-04 -2.2996939488e-05  1.9900279918e-05  4.5763100805e-05  6.4580412768e-06 -6.5597988705e-05 -8.5883993828e-05  1.0662056546e-05  7.9027174516e-05  1.0489311382e-04  9.2181756569e-04  1.7404325045e-04 -1.2929379050e-03 -9.9122300130e-04 -7.8500076484e-04  9.8389396830e-04  9.1096109721e-05  1.1248049920e-04  4.9629306054e-05 -6.4524328344e-05  3.6133577292e-05 -3.3166287184e-05  4.6404125135e-05  5.2655896675e-05  9.5370752216e-06 -1.0399310168e-05  1.8471282158e-06 -2.8025896247e-06 -9.3667663499e-06 -1.8590911342e-05 -6.4579893179e-06  1.4302195843e-08  8.7122996552e-06 -8.7448205765e-06  3.5780125385e-06 -2.1205918797e-05  3.6377810505e-06  4.5940323098e-06 -1.6369553628e-05  2.0133017587e-06  1.6896312075e-05 -1.4507322498e-05  1.5491966726e-05 -5.5323716238e-06 -4.0969869641e-06 -1.7768353310e-05 -1.0258796251e-05  2.0769726761e-05  9.2615331184e-06

JOB 15
COORDS  1.9086550032e+00  3.2002915189e-01  9.1460050673e-01  7.6452598362e-01 -4.1171367098e-01  5.7933270298e-01  2.9423607535e+00 -2.9111151800e-01  1.6275984938e+00  6.5868884263e-01 -1.7537513696e+00  9.5523248954e-01  4.4058725723e+00 -1.7952262043e+00  3.9974813974e+00  4.6266283095e+00 -3.4214429112e+00  2.2549584070e+00  5.4625201829e+00 -2.4332403450e+00  4.6529492772e+00  5.6724319668e+00 -3.9840748039e+00  2.9896405065e+00  2.8601932605e+00 -1.6357938474e+00  2.0257654400e+00  3.9756201483e+00 -2.2870431070e+00  2.7579415583e+00  1.7062490077e+00 -2.3369914943e+00  1.6596977462e+00  6.0980659774e+00 -3.5098748491e+00  4.1701192446e+00  1.5877345426e+00 -3.6419162848e+00  2.0182298166e+00  1.9989011293e+00  1.3604467663e+00  6.1587500484e-01 -4.4029193308e-02  5.6416724159e-02  2.4937857716e-02  3.8379973399e+00  2.7076886402e-01  1.8788321486e+00 -2.1624359838e-01 -2.3497113113e+00  7.1404665186e-01  3.9222539761e+00 -9.3328164019e-01  4.4488845975e+00  4.3301337914e+00 -3.8567211991e+00  1.3053822375e+00  5.8098054958e+00 -2.0633295138e+00  5.6166802911e+00  6.1951438950e+00 -4.8605981732e+00  2.6096205478e+00
ENERGY -5.786801426563e+02
GRADIENT -1.3846202609e-06 -2.6523783705e-06  3.0655938688e-06 -3.5979525863e-06  4.7983770136e-06 -5.0561005019e-06  9.5319031296e-04 -6.5282122427e-04 -2.0344942914e-03  1.3339753500e-06  4.4002840112e-06 -7.6032866443e-07 -1.5428820677e-03 -1.3821934236e-03  1.0987076407e-03 -1.0071904665e-05 -2.3343760444e-06 -2.3057587239e-05 -5.5106352417e-06  5.3629138254e-06 -3.2563449681e-06 -3.0212270764e-06  1.3161685141e-05  4.7401927471e-06 -2.1500071948e-03  3.0822161040e-04  3.5510410277e-03  2.7528164663e-03  1.7413681491e-03 -2.5937848346e-03  3.7039256212e-06  1.6027587267e-06  1.7351203844e-06 -3.8428956614e-07 -7.9924574074e-07  1.4815934991e-07  6.8200486432e-07  3.4055919629e-06 -3.4687056470e-06 -5.6299932396e-07  3.1938740132e-06  1.1588550144e-06 -2.9077232175e-07  3.1438789362e-06 -1.8274439940e-06 -9.5016669688e-07  3.4181442660e-06  2.4729771474e-06  1.0448243274e-06  2.5933050161e-06 -4.1548480628e-06 -2.8049967365e-06  3.5957006898e-06  2.3347445626e-06  2.6160263277e-06  2.6411979138e-06 -3.2270693341e-06 -4.9339837142e-06  3.0302966542e-06  8.6770049229e-07 -1.0115044339e-06  5.6704952729e-06 -1.2091217685e-06

JOB 16
COORDS  1.9742405338e+00  2.7713889037e-01  7.7936789561e-01  7.7280045978e-01 -4.0992743931e-01  5.7633017385e-01  3.0119871697e+00 -3.2742086556e-01  1.4936387174e+00  6.1105517077e-01 -1.7014691794e+00  1.0856819915e+00  4.3066239708e+00 -1.8986279881e+00  4.0694449502e+00  4.7373451716e+00 -3.3074379496e+00  2.1827761771e+00  5.3612531838e+00 -2.5424898362e+00  4.7234255622e+00  5.7717422387e+00 -3.8871053147e+00  2.9216066379e+00  2.8730201670e+00 -1.6205105119e+00  2.0210461919e+00  3.9849325681e+00 -2.2776248148e+00  2.7606703283e+00  1.6623505052e+00 -2.2795137650e+00  1.7898261224e+00  6.0922736325e+00 -3.5208855672e+00  4.1714145058e+00  1.4969032580e+00 -3.5352913316e+00  2.2793597269e+00  2.1049031777e+00  1.2785882491e+00  3.7952224125e-01 -3.8126811259e-02  5.4408238148e-02  2.2131446873e-02  3.9495499153e+00  1.9987600031e-01  1.6485651269e+00 -3.0857666092e-01 -2.2617721483e+00  9.4712227521e-01  3.7448727503e+00 -1.1165209612e+00  4.5725699685e+00  4.5254418406e+00 -3.6501179198e+00  1.1740022255e+00  5.6272073732e+00 -2.2599787410e+00  5.7411422823e+00  6.3722258923e+00 -4.6850415074e+00  2.4870541216e+00
ENERGY -5.786788187368e+02
GRADIENT -2.4030862289e-05 -2.0001211194e-04  8.6099440413e-05 -1.3573880190e-04  7.5945140312e-05 -9.5825729962e-05  8.6681686879e-04 -5.9082865856e-04 -1.4658481467e-03  1.4307792174e-04  1.0285904944e-04  1.8236768366e-05 -1.0141523875e-03 -1.4092826398e-03  4.7477850650e-04  1.4430337369e-05  7.6304532794e-05  6.4223485321e-05  1.4268455939e-05  2.4899108807e-04  5.2309707496e-04  9.3268979731e-05 -2.4061198132e-04 -2.6527389005e-04 -1.6334106845e-03  4.7091479767e-04  2.4264463840e-03  1.9446400310e-03  1.5671097525e-03 -1.7286361169e-03 -8.1435184422e-05 -1.5323527313e-04  6.0213476006e-05 -2.0534354427e-04  1.2650183103e-04 -1.5730572849e-04 -2.4421727460e-05 -7.8060769537e-05  2.4242048171e-05  5.8718118934e-06 -2.1352099259e-05  1.4862700981e-05 -1.3573620342e-05  9.9570984576e-06 -9.1388693714e-06  2.7867837399e-05  2.3052194509e-05  7.2194010130e-06  2.3584443668e-05  9.7140601020e-06  6.7751653220e-07  4.0808647198e-05 -2.9164564885e-05  2.7426622404e-06  2.2630256852e-05  3.1538816955e-09  1.6011534631e-05 -2.0630127700e-05  3.8723226738e-05  4.9040578375e-05 -5.7658734539e-06 -2.3177882771e-05 -5.4173858871e-05

JOB 17
COORDS  2.0309719596e+00  2.0607017584e-01  6.4259372308e-01  7.7223221893e-01 -4.0138774493e-01  5.8446913307e-01  3.0710317286e+00 -4.0799489549e-01  1.3458360888e+00  5.5296758081e-01 -1.6221419116e+00  1.2288039437e+00  4.1890569813e+00 -2.0328184116e+00  4.1140403417e+00  4.8584979861e+00 -3.1845250130e+00  2.1259647345e+00  5.2520329455e+00 -2.6604593072e+00  4.7698576212e+00  5.8909492165e+00 -3.7595357951e+00  2.8727321095e+00  2.8776187151e+00 -1.6332765313e+00  2.0012244068e+00  3.9807349615e+00 -2.2938731628e+00  2.7546827858e+00  1.6074649071e+00 -2.2092564270e+00  1.9210496303e+00  6.0990092778e+00 -3.5113112472e+00  4.1734531443e+00  1.3888289260e+00 -3.3950738413e+00  2.5452088535e+00  2.2029701905e+00  1.1548573213e+00  1.4249141671e-01 -4.0074955217e-02  7.1290878901e-02  3.9412542032e-02  4.0506980400e+00  5.9873652288e-02  1.3942425972e+00 -4.1155224025e-01 -2.1201239116e+00  1.2032723971e+00  3.5359160197e+00 -1.3526504968e+00  4.6535123215e+00  4.7414580728e+00 -3.4269406474e+00  1.0734382592e+00  5.4309877796e+00 -2.4687328073e+00  5.8269061786e+00  6.5847514190e+00 -4.4537607995e+00  2.4006823226e+00
ENERGY -5.786782840715e+02
GRADIENT -2.9765387483e-05 -1.2192768778e-04  5.9553411060e-05  6.7493753446e-05 -3.5581386388e-05  4.6805905083e-05  1.4242676414e-04  1.2110374937e-04  5.5310836692e-05 -2.3398338575e-04 -1.1844426307e-04 -8.7751437182e-06  7.9496250006e-05 -6.8719076363e-06 -1.8158270812e-05 -9.5128121971e-06  1.8127800213e-05  7.2975254354e-05  2.1087755680e-05 -6.0295532031e-05 -1.3334172454e-04 -5.6719693506e-05  9.2627588761e-05  1.6063480458e-04 -4.3246283763e-05 -2.7897732744e-05 -7.5604397550e-05 -8.1454230501e-05  1.2193626255e-05 -1.0006114290e-04  4.2630462656e-05  1.7185615429e-04 -8.4115963656e-05  8.9896722807e-05 -5.6333382408e-05  3.6690065990e-05 -3.1245570033e-06  8.1117606258e-05 -5.1860454854e-05  1.4283753912e-05 -8.4860032760e-06  9.9829941391e-06 -1.1633195518e-05 -2.0832362775e-05  1.0347973307e-05  2.1269281002e-05  3.3515220823e-07  3.6570339608e-07 -3.2241403859e-05 -3.9224571562e-06 -6.6529881270e-06 -9.4910499196e-06  2.2554387691e-06 -2.7092579025e-05 -1.8495992133e-05  1.5573934109e-05  3.3545229791e-07  2.4078477206e-05 -2.3303672239e-05 -1.4082726303e-05  3.9558292165e-06  7.8391245237e-06  3.1980233876e-05

JOB 18
COORDS  2.0792452688e+00  1.1010124397e-01  5.1135308566e-01  7.7503267124e-01 -3.8919390873e-01  5.9264318202e-01  3.1135936675e+00 -5.2493796943e-01  1.2036373810e+00  5.0572002824e-01 -1.5206804929e+00  1.3678155454e+00  4.0719184029e+00 -2.1876907497e+00  4.1362851701e+00  4.9708331455e+00 -3.0494411059e+00  2.0924504258e+00  5.1511080911e+00 -2.7801791951e+00  4.7966312839e+00  6.0097576499e+00 -3.6033978402e+00  2.8463480746e+00  2.8721847235e+00 -1.6669770997e+00  1.9830726409e+00  3.9673459049e+00 -2.3245715038e+00  2.7464792722e+00  1.5550423527e+00 -2.1293440535e+00  2.0485920773e+00  6.1132064246e+00 -3.4793408970e+00  4.1767168012e+00  1.2844449050e+00 -3.2263892056e+00  2.8020630295e+00  2.2899586501e+00  9.9333132321e-01 -8.4788718351e-02 -3.3830296194e-02  9.9535367895e-02  5.6731642684e-02  4.1271971954e+00 -1.3674037399e-01  1.1498612501e+00 -4.9471307785e-01 -1.9341776544e+00  1.4515323205e+00  3.3266377506e+00 -1.6295759224e+00  4.6957597600e+00  4.9412098012e+00 -3.1864984516e+00  1.0150483239e+00  5.2494669344e+00 -2.6837958965e+00  5.8769601473e+00  6.7966235762e+00 -4.1742742577e+00  2.3552413591e+00
ENERGY -5.786789019381e+02
GRADIENT  1.6754466956e-06  2.5385813470e-05 -1.5871097992e-05  1.1053433597e-05  2.4530734560e-07  3.4169775967e-06 -4.1893002304e-04  1.1528277046e-03  1.5478108276e-03  2.9773431573e-05  1.9352513966e-05 -7.1865230890e-06  1.2747961782e-03  1.5179659969e-03 -3.2319731049e-04  1.3365962297e-05  3.1866738906e-05  1.4101289590e-04 -1.9394925763e-05  3.8592036005e-05  1.6493685227e-04  6.9493508158e-05 -7.3243426009e-05 -7.1888559362e-05  1.1427031016e-03 -9.3386478838e-04 -2.4665009119e-03 -2.0435846901e-03 -1.7868382847e-03  1.0432465578e-03 -1.0663110355e-05 -6.9474732585e-06  1.7688183974e-05 -5.0157611939e-05  4.6305745605e-05 -4.5320919089e-05  3.4602736349e-06 -1.6289063066e-05  2.0159930959e-05  3.8787412938e-06  1.2214206419e-06 -3.2928115409e-06  7.4007757429e-06  3.9918344426e-06 -1.9138484068e-06  4.4715755798e-06  4.9087197455e-06 -2.4496523902e-06  9.9669757004e-06  7.5315317893e-07  2.9633817469e-06  1.2500494997e-05 -4.2650805384e-06 -9.6849665417e-06 -2.8413756889e-07  3.3590585276e-06  1.6202035365e-05 -1.2986723558e-06 -6.6216550849e-07  1.8074584105e-05  8.1529585509e-06 -9.3428137366e-06 -6.1301026155e-06

JOB 19
COORDS  2.1140950139e+00  1.1838663176e-02  3.8986350814e-01  7.8566625022e-01 -3.8104746695e-01  5.8442891033e-01  3.1401092083e+00 -6.3162768866e-01  1.0852640475e+00  4.8686439867e-01 -1.4143486773e+00  1.4770091926e+00  3.9877105621e+00 -2.3336453971e+00  4.1457108284e+00  5.0565663284e+00 -2.9089322879e+00  2.0822262446e+00  5.0767624268e+00 -2.9078823319e+00  4.8045626893e+00  6.0968339211e+00 -3.4577319965e+00  2.8369169127e+00  2.8707694820e+00 -1.6785678223e+00  1.9825764951e+00  3.9637397912e+00 -2.3334693134e+00  2.7442920144e+00  1.5289121428e+00 -2.0326302574e+00  2.1591113605e+00  6.1232062718e+00 -3.4651790198e+00  4.1768546888e+00  1.2224835807e+00 -3.0354970274e+00  3.0230015867e+00  2.3497691027e+00  8.2126889777e-01 -2.9507769962e-01 -1.8107574381e-02  1.1454496549e-01  4.7222490747e-02  4.1716312038e+00 -3.1926808424e-01  9.4677780744e-01 -5.3237650469e-01 -1.7462356697e+00  1.6496881040e+00  3.1744368938e+00 -1.8941945591e+00  4.7153279370e+00  5.0918402829e+00 -2.9416049723e+00  9.9670774764e-01  5.1125610868e+00 -2.9150585965e+00  5.8929554905e+00  6.9501621078e+00 -3.9150852258e+00  2.3380615802e+00
ENERGY -5.786802774077e+02
GRADIENT  2.1909669049e-05  5.8438313805e-05 -5.0224739217e-05 -4.6197108376e-05  3.8257187608e-05 -4.1364957099e-05 -4.7093658133e-04  1.5056601889e-03  1.7165848940e-03  9.1427437297e-05  1.7408669199e-05  1.4690145744e-06  1.0631734321e-03  2.0774545903e-03  7.4480272480e-05 -6.0687499931e-06 -1.5263394492e-05 -2.3383508665e-04  2.3436532794e-05 -1.2933383888e-06 -1.0352259730e-04 -1.1690398570e-04  7.7274262193e-05  8.7195295230e-05  1.1720953067e-03 -1.2880891337e-03 -2.5317486752e-03 -1.7932227924e-03 -2.4182537614e-03  1.0386959461e-03  4.4766447015e-05 -2.1588663986e-05  1.3153145681e-05  5.5437664312e-05 -3.3651088964e-05  3.8031496704e-05  3.5194827647e-05  1.8545928602e-05 -9.3102973753e-06 -1.7809978708e-05  8.8934857156e-06 -1.3789040710e-05  2.4952148190e-06  1.0226153338e-05 -9.5004376239e-06 -2.5095700408e-05 -1.6505197476e-05  1.1129513811e-06  4.5508910215e-06  1.3376406400e-05 -7.2657478734e-06 -1.0701636917e-05  7.3165602533e-06  1.6052669704e-05  4.8828207109e-06 -6.9538443233e-06 -2.9887505154e-05 -2.2378108858e-07  7.2529946645e-06 -1.2905607137e-05 -1.5923157055e-05  5.9424384029e-06 -7.3635667558e-07

JOB 20
COORDS  2.1280502634e+00 -8.5314937252e-02  2.8110516194e-01  7.9108545662e-01 -3.8899888584e-01  5.5937768173e-01  3.1485607418e+00 -7.1410676636e-01  9.9540467574e-01  4.8174200765e-01 -1.3200632109e+00  1.5541739150e+00  3.9363973797e+00 -2.4561951384e+00  4.1506227605e+00  5.1179284974e+00 -2.7670387618e+00  2.0944902549e+00  5.0279545694e+00 -3.0379822807e+00  4.7982830835e+00  6.1544378062e+00 -3.3363525831e+00  2.8372283334e+00  2.8711011701e+00 -1.6561131383e+00  2.0027795416e+00  3.9686059918e+00 -2.3080832057e+00  2.7558979561e+00  1.5194619306e+00 -1.9261504733e+00  2.2530166661e+00  6.1286993990e+00 -3.4768285234e+00  4.1700061859e+00  1.1901457276e+00 -2.8382082157e+00  3.2056446629e+00  2.3748617341e+00  6.4470844138e-01 -4.8437830396e-01 -9.6494790938e-03  9.6108629314e-02  8.3559694185e-03  4.1852102243e+00 -4.6087488634e-01  7.9182414538e-01 -5.4350423444e-01 -1.5862116294e+00  1.7925683335e+00  3.0818282729e+00 -2.1189598598e+00  4.7275401515e+00  5.1991198281e+00 -2.7028389976e+00  1.0130760654e+00  5.0175093880e+00 -3.1540966952e+00  5.8810071607e+00  7.0485975548e+00 -3.7014239371e+00  2.3338922052e+00
ENERGY -5.786812473046e+02
GRADIENT  4.9205322940e-06  5.3802588003e-06 -3.4989986215e-06  8.0850825536e-05 -5.3849110934e-05  5.2061199585e-05  8.4493209186e-06  4.9922783993e-04  4.1934104527e-04 -1.6056936974e-04 -3.0179720886e-05  3.0903005896e-05  2.8444888411e-04  5.8071818362e-04  3.9903745188e-05  9.9555792558e-06  4.6711594275e-06  1.4746652547e-04  1.1395771284e-04 -1.8787938565e-05 -2.8703279145e-04 -6.4814097797e-05  1.1273147845e-05  1.3595704501e-04  1.5000484094e-04 -4.4670506983e-04 -6.1746736979e-04 -5.9577156284e-04 -5.9959526424e-04  4.6153131702e-05  7.6524572204e-05  1.0579590335e-04 -6.9983764258e-05  1.0145526000e-04 -5.7760385342e-05  9.4341459372e-05  2.1840338448e-05  1.6044922462e-05 -1.2817436212e-05  1.7094879815e-05  2.2483805661e-06 -1.8929808875e-08  3.4879608286e-06 -6.2908828857e-06  1.1312409470e-05  6.1963226020e-06  5.8915015047e-06 -5.1341457349e-08 -1.4029567989e-05 -7.3954018313e-06  6.2125372418e-06 -3.2186270416e-05  9.5485174414e-06 -2.3270310406e-05 -2.1235577663e-05  2.1924869842e-06  1.3623012264e-05  3.3455830791e-05 -1.7004867418e-05 -2.5426295524e-05  9.1268790678e-06 -7.8932753661e-06  4.5070398007e-05

JOB 21
COORDS  2.1261064693e+00 -1.8733120334e-01  1.8816871061e-01  7.8795330030e-01 -4.0859072233e-01  5.3070016720e-01  3.1433689703e+00 -7.8801355239e-01  9.2823508023e-01  4.8196381218e-01 -1.2326895582e+00  1.6152280236e+00  3.9007314002e+00 -2.5693085054e+00  4.1512529733e+00  5.1676983615e+00 -2.6298822166e+00  2.1266236816e+00  4.9895178192e+00 -3.1756190170e+00  4.7809982312e+00  6.1965669683e+00 -3.2352887721e+00  2.8488662850e+00  2.8734452232e+00 -1.6173223580e+00  2.0351836052e+00  3.9775128027e+00 -2.2683415526e+00  2.7811945217e+00  1.5175507444e+00 -1.8148732816e+00  2.3376109172e+00  6.1291355096e+00 -3.5110459760e+00  4.1593190383e+00  1.1678216445e+00 -2.6331056453e+00  3.3659278464e+00  2.3768752103e+00  4.5678222613e-01 -6.4966678753e-01 -1.2479946323e-02  5.4940463207e-02 -3.8938791031e-02  4.1778335393e+00 -5.8603271882e-01  6.6797244874e-01 -5.4302908112e-01 -1.4401425688e+00  1.9069015541e+00  3.0197149689e+00 -2.3228846357e+00  4.7312814699e+00  5.2903905996e+00 -2.4714600586e+00  1.0596495311e+00  4.9398123982e+00 -3.4034726582e+00  5.8447699982e+00  7.1193553990e+00 -3.5198156507e+00  2.3452115870e+00
ENERGY -5.786808423895e+02
GRADIENT -2.8144730038e-05 -7.1151120863e-05  7.8038521717e-05 -1.4243916468e-04  9.2450301579e-05 -1.0329455894e-04 -9.4599457529e-05 -1.5769820500e-03 -1.2208978220e-03  2.0088291354e-04  3.5833607815e-05 -4.5340167822e-05 -7.9685274083e-04 -1.8491199740e-03 -4.3348320963e-04 -8.3063703938e-06 -2.7698659429e-05  3.3610491675e-05 -8.9723049724e-05  9.3722822844e-09  1.5103288643e-04  1.5877521408e-04 -3.6084493886e-05 -1.6678542456e-04 -2.3509553873e-04  1.4453150984e-03  1.6032054400e-03  1.1772916197e-03  2.0412595317e-03  1.0645268271e-04 -5.8961605577e-05 -1.0498041318e-04  4.1764542663e-05 -9.7743412587e-05  5.5057863675e-05 -6.2692292444e-05  1.4782128271e-05 -1.8854616488e-05  4.8637718754e-05 -1.8913541440e-05 -1.0309898400e-05  4.9848259188e-06 -1.0357821554e-05  1.1161098982e-05 -1.4707785285e-05  1.5688472199e-05 -1.9560265307e-05  5.2232477464e-06  1.7873507562e-05  9.0326658775e-06 -1.2736372143e-05 -7.0561283962e-06 -7.0221797876e-06  1.1411185630e-05  3.0774409200e-06 -1.0929297976e-06 -2.0725309397e-06 -2.5591091549e-05  1.1699601573e-05  1.7013408335e-05  7.4955079343e-06  6.0353472356e-06 -3.0562170202e-05

JOB 22
COORDS  2.1067060520e+00 -3.0648617894e-01  1.0546083794e-01  7.7427831885e-01 -4.2332675659e-01  5.1448098740e-01  3.1219347036e+00 -8.8840031845e-01  8.6069344683e-01  4.7924773186e-01 -1.1274981401e+00  1.6813675655e+00  3.8629529250e+00 -2.6992663543e+00  4.1295333002e+00  5.2187032613e+00 -2.4912574433e+00  2.1800501271e+00  4.9526451680e+00 -3.3168933689e+00  4.7476210057e+00  6.2430715352e+00 -3.1198193609e+00  2.8866033045e+00  2.8697190445e+00 -1.5975377053e+00  2.0551866334e+00  3.9794421874e+00 -2.2465754072e+00  2.8023484252e+00  1.5146977765e+00 -1.6955427621e+00  2.4160696203e+00  6.1352743914e+00 -3.5347336584e+00  4.1572088921e+00  1.1470661213e+00 -2.3955629955e+00  3.5232113266e+00  2.3560032100e+00  2.4112334188e-01 -7.9879138502e-01 -2.6382547968e-02  2.6298694581e-02 -6.5764355401e-02  4.1471273559e+00 -7.5709568236e-01  5.3323924312e-01 -5.3985030959e-01 -1.2557218442e+00  2.0330382899e+00  2.9533078646e+00 -2.5590900446e+00  4.6964099386e+00  5.3957182225e+00 -2.2266791352e+00  1.1435724207e+00  4.8623834047e+00 -3.6571206777e+00  5.7782606039e+00  7.1994149631e+00 -3.3067368113e+00  2.4002276061e+00
ENERGY -5.786790228862e+02
GRADIENT -2.4712541441e-05 -5.7690522649e-05  8.8878962196e-05 -8.3676757384e-05  4.9190560584e-05 -6.0116034523e-05 -3.8967400173e-04 -3.0442292485e-03 -1.9034067715e-03  6.9727292909e-05  4.5962788995e-07 -2.1873148544e-05 -1.2050697751e-03 -3.3261333881e-03 -1.2138331758e-03 -3.2054827283e-07  3.7611080607e-05 -1.0901930492e-04  5.9067225621e-06  6.0656955443e-07 -1.9522857652e-05 -5.6192263149e-05  4.9918283227e-06  3.7779718636e-05  8.8165357049e-05  2.8077102969e-03  2.1348384366e-03  1.5702977838e-03  3.5780703012e-03  1.0258958419e-03 -6.9369251666e-06 -4.5493334846e-05  6.2531244585e-05  1.6101095717e-05 -6.8050427261e-06  1.2382214824e-05 -3.2295087557e-07 -5.3868014915e-06  4.7130140969e-07 -9.7981637527e-06 -4.7958038385e-06  1.1345186488e-05 -1.2998579946e-05  2.7134913336e-06 -2.7661732824e-06  7.5885642454e-06 -2.6768007254e-06  2.3189966205e-06  3.0659240390e-06  1.3395999780e-06 -5.2775057029e-06  8.1075742152e-07 -4.7193829243e-06  1.0446215310e-05 -5.6855801217e-06  6.2814815234e-06 -1.0395117908e-05 -2.6527477728e-06  2.3362578335e-06 -4.7302397477e-07 -7.7510929426e-06  5.2806396013e-06  3.3090502759e-06

JOB 23
COORDS  2.0695430467e+00 -4.5805081686e-01  1.8455640553e-02  7.6473355859e-01 -4.0057253188e-01  5.1788662770e-01  3.0757507915e+00 -1.0680672026e+00  7.6227627227e-01  4.9265331988e-01 -9.6097871674e-01  1.7642962003e+00  3.8070559638e+00 -2.8892652659e+00  4.0527818756e+00  5.2675875795e+00 -2.3347514405e+00  2.2586479031e+00  4.9079259332e+00 -3.4678394466e+00  4.6893429015e+00  6.2985893570e+00 -2.9376303927e+00  2.9765865143e+00  2.8487182001e+00 -1.6498662620e+00  2.0302656935e+00  3.9614143176e+00 -2.2913169998e+00  2.7867663004e+00  1.5193715101e+00 -1.5637614857e+00  2.4839688239e+00  6.1462661703e+00 -3.5055791649e+00  4.1817806811e+00  1.1601962621e+00 -2.0833598528e+00  3.6897839905e+00  2.3052799276e+00 -2.8052926919e-02 -9.5069251601e-01 -2.9710891378e-02  7.2456512955e-02 -5.2128712968e-02  4.0717075417e+00 -1.0904269682e+00  3.3813309612e-01 -5.0246109169e-01 -9.4361409629e-01  2.1979414956e+00  2.8521702069e+00 -2.9156860257e+00  4.5549803737e+00  5.5115451510e+00 -1.9085502473e+00  1.2932353129e+00  4.7773052901e+00 -3.9274279724e+00  5.6680981342e+00  7.3032082743e+00 -2.9643052845e+00  2.5569476821e+00
ENERGY -5.786776161851e+02
GRADIENT -3.9303988900e-06 -8.9320110954e-07  7.2243509293e-06  3.1938165723e-06 -2.5976492983e-06 -1.7635733574e-06  3.2794706164e-05 -1.1829092748e-06 -1.8876985428e-05 -6.7362155099e-06  9.9080058982e-06 -1.1160924480e-05  1.2574243685e-05  4.1448336109e-06 -1.9087443445e-05 -3.2811647039e-06 -4.1948039216e-06  6.4145298000e-06  2.0432103075e-05  1.1986492602e-05 -3.3818399634e-05 -4.6106530507e-05 -8.0364474274e-06  4.0301403370e-05 -3.5885240881e-05  1.3487302899e-05 -1.6339869176e-06 -2.1879277939e-05  1.9606720411e-05 -2.1013149277e-05 -6.4059095162e-06 -1.2118772043e-07 -6.9299752635e-07  1.5294604254e-05 -1.2934248134e-05  1.6860079362e-05 -4.2929483709e-06 -5.5022225051e-06  9.6845723678e-06  5.1532732737e-06 -1.1618959390e-06 -2.4733858033e-06  1.4754471431e-06  3.9910897467e-06 -5.3503017662e-06  2.4117662403e-06  1.9127708301e-06 -6.0100284106e-06 -3.8939843938e-07  1.9672852204e-06 -4.7974623585e-06 -1.3731522553e-05  6.5060915072e-06 -5.9999614651e-06 -7.0289039480e-06  1.0904194690e-06  2.0786911758e-06 -3.2505616426e-07  2.0927638911e-06 -2.6017495501e-06 -5.8910067481e-06 -5.0940064196e-06  1.2322092821e-05

