JOB 0
COORDS  1.2399231749e+00 -1.0503793873e+00  1.2184061290e+00  1.7745089830e+00 -1.3541849407e+00  2.4633223111e+00 -1.6360975950e-01  5.7089523501e-01  2.3224227647e+00  2.2245432128e-01 -7.0967271291e-02  1.1095005393e+00  1.2856129997e+00 -6.6109254448e-01  3.5713264173e+00 -1.1510719436e+00  1.4796777052e+00 -1.9636547713e-01  1.6531944043e-01 -3.2925182328e-01 -1.3206525977e+00  3.5112129578e-01  2.7567001672e-01  3.5093316807e+00 -3.6102380086e-01  2.5551388705e-01 -9.3275632618e-02  1.8328583515e+00 -9.6222973351e-01  4.9121150147e+00  2.7176136935e+00 -1.8323849603e+00  4.9671205296e+00  1.3901532390e+00 -3.4780638818e-01  5.8804039360e+00  1.6142522636e+00 -1.5691618058e+00  3.4436637784e-01  2.5529169674e+00 -2.0978532383e+00  2.5816813887e+00 -9.1965457042e-01  1.3497505116e+00  2.3210398029e+00 -1.4947170637e+00  1.5957683491e+00 -1.2244069062e+00 -5.7097725745e-01  2.3716283939e+00  7.8182716104e-02 -2.0381360213e+00  1.4315765531e+00  4.4340552058e-01  1.2020047483e+00 -2.1866588493e-02 -1.5233597584e+00 -4.5617965757e-01 -1.6566563332e-02 -2.1602181024e+00  1.2943743505e-01 -1.4223105210e+00 -1.2748067768e+00
ENERGY -5.868664503372e+02
GRADIENT  6.8603354074e-04  6.7820142955e-04 -1.8038527009e-04 -2.4455310626e-05  1.2050227249e-05  5.5091781001e-06  3.3062318658e-05 -2.8501057233e-05  2.0687854552e-05 -6.4940565999e-04 -8.2355355459e-04  8.2176853234e-05 -2.7497028920e-05  1.2947687884e-05 -1.3620222625e-05  7.7697529969e-04  4.7816055761e-04 -1.4184410930e-04  5.6428089715e-05 -5.7431757266e-05  5.6966165851e-05 -4.9170517022e-06  1.5920617180e-05  9.1378098901e-06 -8.6251890113e-04 -2.9852077482e-04  1.2918356405e-04  1.4141835601e-05  9.6734100446e-06 -1.2068952397e-05 -4.4172080207e-06 -2.9834332260e-06  1.5882361659e-05  4.3819645116e-06 -1.5251196373e-05 -1.2604616240e-05  1.5348765211e-06  4.4046025097e-07 -6.2405144846e-06 -3.5883869456e-08  1.2065992409e-06 -1.1202798354e-05  6.8308474093e-06  3.0249624999e-06  7.3707343938e-07 -6.6518388424e-06  7.0190059926e-07  9.5478096900e-06 -1.3359401929e-06  9.2951485193e-06 -5.5724789778e-06 -1.8682534109e-06  5.2609142931e-06  9.6452980617e-06  1.1795055608e-06 -4.9967181925e-06 -8.0305610061e-06  5.6796838128e-07 -5.0987848606e-06 -3.8663914275e-06 -2.3616171871e-06 -1.7173290277e-06 -4.2130181035e-06

JOB 1
COORDS  1.2504466692e+00 -1.0337131164e+00  1.0718148235e+00  1.8232829837e+00 -1.3623192167e+00  2.2950234719e+00 -2.4063212803e-01  4.3087439226e-01  2.2693370722e+00  1.6552631689e-01 -1.2760195287e-01  1.0239082286e+00  1.3044807263e+00 -7.5938658484e-01  3.4397153930e+00 -1.0589631939e+00  1.5596167915e+00 -2.5634441447e-01  4.8418023301e-02 -3.3403887484e-01 -1.4041834623e+00  3.0870276380e-01  1.1497111702e-01  3.4349954093e+00 -4.6353909144e-01  2.2480769840e-01 -1.5748332391e-01  1.8884082785e+00 -1.0896345574e+00  4.7594736286e+00  2.8309079121e+00 -1.8981386052e+00  4.7609905356e+00  1.4169583666e+00 -5.5620663090e-01  5.7611930211e+00  1.6502837033e+00 -1.4787050938e+00  1.6902390698e-01  2.6553273698e+00 -2.0518925383e+00  2.3671223935e+00 -1.0484501984e+00  1.1549912560e+00  2.3135925363e+00 -1.4582824970e+00  1.6939851243e+00 -1.2623807642e+00 -3.2602276935e-01  2.3549021196e+00 -6.0024155519e-02 -1.8931219226e+00  1.6736595681e+00  4.4033108688e-01  1.0564732732e+00  3.1027494338e-02 -1.6564280303e+00 -6.2839387743e-01 -6.5365123105e-02 -2.2168020888e+00  7.5836789795e-02 -1.4255079566e+00 -1.3476903197e+00
ENERGY -5.868653516927e+02
GRADIENT  1.5981149487e-03  1.9232222403e-03 -3.1310506267e-04 -1.8818620878e-05  1.1470350877e-05  1.1867785237e-05 -3.6191768275e-05  4.3648192852e-05 -4.1047848813e-05 -1.4836795375e-03 -2.5865258031e-03  7.2552380160e-05  6.2711775143e-05 -4.1822301079e-05  1.4903539114e-05  2.0266169520e-03  8.2352527571e-04 -8.6952023274e-04 -3.7613939101e-05  4.1669104329e-05 -5.7181433301e-08  1.4673473742e-05  1.1516534850e-06 -2.7027342114e-05 -2.1004751408e-03 -2.2460832936e-04  1.1449429179e-03  5.7499043003e-07 -2.2117220670e-05  4.5773328566e-05  3.5891111912e-06  1.4426153266e-05 -2.5099961243e-05  5.3019035736e-06  7.8920959865e-06  8.0148887940e-06  4.6992112067e-06 -1.2668009941e-07  3.4349255019e-06 -4.1193734190e-06 -3.5219361443e-06  6.1507905447e-06 -4.4993467595e-06  8.1945054185e-06 -1.1139680568e-05  3.7308664123e-06  8.7429214041e-06 -5.9131989198e-06  4.7177373478e-06 -3.5128286057e-06 -5.7082515905e-06  1.9521832198e-06  3.0509370502e-06 -2.8212568871e-06  1.6093475780e-06 -3.5992324906e-06 -5.3798207006e-06 -2.5506379989e-07 -2.6963547705e-06 -4.8014449785e-06 -5.8293175701e-06 -3.3081075196e-06 -3.5028832549e-06

JOB 2
COORDS  1.2832522353e+00 -9.2532385530e-01  1.0691492902e+00  1.8514643736e+00 -1.2687521134e+00  2.2931128836e+00 -3.9018140593e-01  2.9489465729e-01  2.2945864723e+00  1.2251258778e-01 -1.2400661321e-01  1.0359810420e+00  1.2432090836e+00 -7.8484227400e-01  3.4481875908e+00 -9.4370954923e-01  1.6258741388e+00 -3.1589369185e-01 -3.4958856106e-02 -3.6487076948e-01 -1.3860246900e+00  1.5482665958e-01 -2.6374694982e-02  3.4596468023e+00 -5.1962857255e-01  2.3259832686e-01 -1.4732517872e-01  1.8214445063e+00 -1.1286857879e+00  4.7685949996e+00  2.8253732499e+00 -1.8587593749e+00  4.7598817722e+00  1.2863048616e+00 -6.7829298777e-01  5.7786628102e+00  1.7489788280e+00 -1.2741346532e+00  1.5521142417e-01  2.7447937641e+00 -1.8778122128e+00  2.3570673585e+00 -1.2940393074e+00  8.9657515058e-01  2.3462539916e+00 -1.6980310053e+00  1.6794924162e+00 -1.1053698154e+00 -9.7410383567e-02  2.2733820588e+00 -5.9300916613e-01 -1.3892167280e+00  2.0173556533e+00  5.9722343121e-01  9.5397695360e-01  1.5546362993e-02 -1.6903148320e+00 -7.4538836621e-01 -1.3736239509e-01 -2.1843436205e+00  1.9806666477e-02 -1.4517244964e+00 -1.2865510083e+00
ENERGY -5.868641114251e+02
GRADIENT  1.1293586304e-03  1.5440963551e-03 -1.4166969999e-04 -4.7611824881e-05  4.7390567824e-05 -2.1382060626e-05 -1.2643296498e-05  4.5603069478e-06 -1.0648363790e-05 -9.8566867799e-04 -2.2885173419e-03 -1.8918569691e-04  2.4752869145e-05 -6.6347889403e-06  5.3327864531e-05  1.4621741699e-03  3.3897890123e-04 -7.1804573071e-04 -6.2814716898e-05 -5.6518875901e-05  2.8338371669e-05  1.4267064182e-05 -1.6890152462e-05 -1.8556872294e-05 -1.5004363750e-03  3.9799635966e-04  1.0112203120e-03 -1.0191889806e-05 -1.2454699631e-05 -2.0567654365e-06  2.7492424319e-06 -7.9619271568e-06  1.0453585663e-05  2.3090912637e-05  1.3578821067e-05  8.7563373724e-06 -3.3345897594e-06 -2.6783520405e-06 -1.4102914529e-05 -4.9561793367e-06  1.3137684790e-06  1.1790121995e-06 -7.3959340151e-06  1.0702806402e-05 -7.9048476217e-06  6.1036154731e-06  2.5211009183e-05 -8.9146942283e-06  2.9893464754e-06 -9.3522581432e-06  8.4964103932e-06  5.2812230041e-06  1.3183576661e-05  1.4952934462e-05 -2.9158595906e-06  5.5987598062e-07 -2.2475423863e-06 -3.8648936646e-06 -4.5469680080e-06 -1.2097728786e-06  6.5217274505e-06 -5.2168657724e-06  2.7340617132e-06

JOB 3
COORDS  1.3132712135e+00 -8.6389954506e-01  1.0398483734e+00  1.8839823373e+00 -1.1936491122e+00  2.2686793316e+00 -4.6879254903e-01  1.9751654823e-01  2.2577954096e+00  9.7672627812e-02 -1.5618244809e-01  1.0065540912e+00  1.2194239586e+00 -7.7830696981e-01  3.4188177911e+00 -7.6303750926e-01  1.6583886999e+00 -3.7017652563e-01 -1.1501702312e-01 -4.3817572779e-01 -1.4028039666e+00  7.7624026903e-02 -1.0266287276e-01  3.4288856798e+00 -5.5801157956e-01  2.1676000634e-01 -1.7564604912e-01  1.7999197768e+00 -1.1073654477e+00  4.7458364304e+00  2.8478873076e+00 -1.7714193725e+00  4.7413862846e+00  1.2210684767e+00 -7.0838088072e-01  5.7525845760e+00  1.8142077304e+00 -1.1583306751e+00  1.2461443649e-01  2.8182896230e+00 -1.7368361050e+00  2.3401840827e+00 -1.4180311671e+00  7.2862940470e-01  2.2901449204e+00 -1.5080502445e+00  1.8143810253e+00 -1.1553238596e+00  1.7126589763e-01  2.1627845685e+00 -6.6423778206e-01 -1.1318002644e+00  2.1244458272e+00  5.4383193788e-01  8.7677616246e-01 -9.7044214250e-02 -1.7443610602e+00 -8.3607842413e-01 -2.1867257902e-01 -2.1946882530e+00 -8.7449811898e-02 -1.5213892938e+00 -1.2614797451e+00
ENERGY -5.868625644447e+02
GRADIENT  1.6893722250e-03  3.0470247664e-03  6.4387061465e-05  4.6380599047e-05 -2.8376440417e-05  2.0345681761e-05  3.5552100937e-05 -4.5075852319e-06 -1.2163053880e-05 -1.4504061975e-03 -4.5886428425e-03 -6.7748432435e-04 -6.5717133077e-06 -4.8172476742e-06 -5.3395690899e-05  2.7166054888e-03  1.8515391698e-04 -1.4888256326e-03 -2.4060127264e-06  6.9089146152e-05  1.1070716208e-05 -7.5590003015e-06 -2.8304896810e-05  1.8520118631e-05 -3.0318236940e-03  1.3319680827e-03  2.0994204510e-03  1.1477414158e-04  8.6701599162e-05  4.9945527708e-05 -3.7058454044e-05 -2.4182725619e-05 -1.5759654154e-07 -1.1114773384e-05 -4.3463391731e-05 -1.9095987860e-05 -8.8795733655e-08  5.8640401751e-07  1.3669812050e-05  4.0340247975e-06 -5.8126458516e-06  8.0163366577e-06  6.4391972887e-07 -8.0324161011e-06  2.0530526581e-06 -6.0098555529e-06  6.6115185850e-06  2.4857369578e-06 -2.8175486876e-06  5.1940288729e-06 -1.0249214128e-06  3.9799113256e-07 -9.1593788155e-06  2.3136916692e-06  8.1030882782e-06 -7.4592319057e-06  7.2550445713e-06  8.3531183593e-06  1.9605769728e-05 -1.9393469807e-06 -2.0767541909e-05 -1.3703007498e-06  6.9777638321e-06

JOB 4
COORDS  1.3271904790e+00 -7.7210150163e-01  1.0402420387e+00  1.8997489702e+00 -1.1066502120e+00  2.2680174899e+00 -5.6382219702e-01  7.9194613656e-02  2.2563107982e+00  5.5436026884e-02 -1.7697345788e-01  1.0112674337e+00  1.1754392426e+00 -7.9784589918e-01  3.4160016222e+00 -6.1282145776e-01  1.6814838416e+00 -3.8129173505e-01 -2.2429596308e-01 -4.8678255616e-01 -1.3848184046e+00 -1.7816791620e-02 -2.2052783124e-01  3.4302177930e+00 -6.1004004524e-01  2.2654949508e-01 -1.6755011199e-01  1.7563127767e+00 -1.1344564949e+00  4.7451140191e+00  2.8521180777e+00 -1.7147627777e+00  4.7371722577e+00  1.1290164177e+00 -8.2094861868e-01  5.7522263179e+00  1.8653542115e+00 -9.8349861658e-01  1.2230585950e-01  2.8753633046e+00 -1.5711663494e+00  2.3420482621e+00 -1.5526760055e+00  5.3403496128e-01  2.2765695194e+00 -1.3070197440e+00  1.9245226190e+00 -1.1907884449e+00  3.8854620667e-01  2.0573616673e+00 -6.4870600319e-01 -9.4576723283e-01  2.1984292910e+00  5.2081148952e-01  7.7174285721e-01 -2.0141810146e-01 -1.7640850163e+00 -9.5492055028e-01 -2.6197333902e-01 -2.1670461791e+00 -2.3839939268e-01 -1.5646719771e+00 -1.2056321137e+00
ENERGY -5.868602017117e+02
GRADIENT  1.8592310728e-03  4.1876737067e-03  3.8670193250e-04  8.4382709820e-06 -2.6118937858e-05  9.4546525885e-06  1.1707635464e-04 -4.5265363590e-05  8.5410206158e-05 -1.6259944638e-03 -6.5562878536e-03 -1.5022597406e-03  4.4203251592e-05 -6.5704812743e-05  2.7225168619e-05  3.3501826020e-03 -2.4149380377e-04 -1.9863561738e-03 -5.6126749593e-05 -2.6434144263e-05 -2.9937753697e-06 -6.0253356205e-05  1.7715624592e-05 -2.6687049250e-05 -3.6469678878e-03  2.6988690298e-03  3.1010387658e-03  3.8812331508e-05  1.3114908503e-04 -1.7726070451e-05 -6.7243936497e-08 -4.0075229597e-05 -2.8935794080e-05 -2.4184411394e-05 -3.5792003723e-05  2.4866227987e-05 -5.2919650906e-06  8.1471482261e-06 -1.0954263328e-05  1.4072996883e-05  1.5492903362e-05  2.0028447074e-06  1.3857602483e-05 -2.7022874967e-05  8.8203481058e-06  4.8712210842e-06 -1.3821571279e-05  6.2240662282e-06 -4.3952241146e-06  3.5547190041e-06  1.5738922231e-05 -1.9959730956e-05  4.9744055216e-05 -2.2315087701e-05  1.0755889816e-05  1.4593944713e-05  1.6020153303e-05  7.3487090411e-06 -4.5633805923e-06  3.1578185739e-06  1.3009464032e-05 -2.5890620170e-05 -4.1734728599e-05

JOB 5
COORDS  1.3705939681e+00 -6.2484169744e-01  1.0473783240e+00  1.9596477002e+00 -9.6906320249e-01  2.2645544869e+00 -6.1427932452e-01 -4.0738908308e-02  2.2709035631e+00  4.5419404788e-02 -1.6407259887e-01  1.0317944264e+00  1.1884219283e+00 -8.0214560518e-01  3.4125446570e+00 -4.7597195160e-01  1.6957087544e+00 -3.9976371130e-01 -3.5102088974e-01 -5.3396254341e-01 -1.3362687379e+00 -5.5338896446e-02 -3.5092530450e-01  3.4399236982e+00 -6.4447448164e-01  2.5853545597e-01 -1.3927614254e-01  1.7855443290e+00 -1.1547169147e+00  4.7351725296e+00  2.9355121606e+00 -1.6162155790e+00  4.7153103630e+00  1.1157515061e+00 -9.6456738878e-01  5.7447635887e+00  1.9359626690e+00 -7.2650814578e-01  1.2619399809e-01  2.9760775095e+00 -1.3367078755e+00  2.3332446143e+00 -1.6416871647e+00  3.1807738307e-01  2.2911330049e+00 -1.1470536380e+00  1.9942818427e+00 -1.2106264810e+00  5.5893308309e-01  1.9490338013e+00 -6.8669044996e-01 -7.3753625796e-01  2.2707738301e+00  4.9177860088e-01  6.5153977248e-01 -3.4702930234e-01 -1.7577117302e+00 -1.0861911920e+00 -2.8611724602e-01 -2.1077476099e+00 -4.4308741641e-01 -1.5982799449e+00 -1.1063424480e+00
ENERGY -5.868575747366e+02
GRADIENT  1.5088977137e-03  3.9827077977e-03  2.7533814522e-04 -1.9549060415e-04  1.0234845848e-04  6.2440965717e-06 -2.1021110181e-04  7.7982233393e-05 -5.7763950378e-05 -7.9620928368e-04 -6.6012596455e-03 -1.4760221780e-03 -8.0164147010e-06  9.1670474280e-05  7.5282416039e-05  2.9875314067e-03 -6.6730250002e-04 -1.8566830779e-03  7.3808482479e-05 -1.1451692301e-04  1.0970474499e-04  5.9183993760e-05  7.1620791391e-06 -4.5067512892e-05 -3.4155368934e-03  3.2397112491e-03  2.9887927293e-03 -8.3870251319e-05 -2.9722741052e-04 -1.0884682721e-04  5.9220825910e-05  9.8493950284e-05  1.7156216519e-04  1.1946345360e-04  8.2351707988e-05 -3.6089648060e-05  3.2789248462e-05  4.1563109820e-06 -3.5732926999e-05 -2.0624084034e-05  1.1594293730e-05 -2.7929511449e-05 -1.0589811762e-05  3.4994326622e-07  2.4701338491e-05 -2.0782282505e-05  2.6540539758e-06  1.7080612943e-05 -1.6528098163e-05 -8.1886132457e-08 -2.2237601133e-05  1.8604885017e-05  4.6149730179e-06 -4.9012702964e-07  7.4858896297e-06  8.0389959045e-06  1.7100270628e-05 -5.9977997498e-06  5.7155453063e-06  9.0843435454e-06 -1.4749136452e-06 -4.1770551567e-06 -6.8324784663e-06

JOB 6
COORDS  1.6890235132e+00 -5.5081111045e-01  1.3669596387e+00  1.8939915403e+00 -1.0055473795e+00  2.6629429730e+00 -6.6272488619e-01 -9.4244040816e-01  1.6733102160e+00  3.8249044267e-01 -4.8166068902e-01  8.4587653316e-01  7.6294775555e-01 -1.4066070241e+00  3.3797058374e+00  3.6619301347e-01  1.3823044963e+00 -6.9462675556e-01 -1.0212835372e+00 -5.4712295843e-01 -1.1479346330e+00 -4.7234231068e-01 -1.3928573070e+00  2.9168200203e+00  1.9478967798e-01 -6.4481233470e-02 -4.9134992518e-01  9.3622470570e-01 -1.9018183063e+00  4.7745647829e+00  2.0917037782e+00 -1.8860200497e+00  5.2240322324e+00 -5.5686449316e-02 -2.2865908883e+00  5.3858730908e+00  2.5291968994e+00 -2.5821575898e-01  7.4364176989e-01  2.8808687509e+00 -1.0799008809e+00  3.1025318997e+00 -1.6903921448e+00 -9.5143344848e-01  1.3211891990e+00  4.1491046628e-01  1.5923244652e+00 -1.7670101374e+00  1.2984468967e+00  1.7214336464e+00 -2.3780979425e-01 -4.6530982881e-01  1.9597680350e+00 -2.5910292422e-01 -9.3107231563e-01 -3.5760048605e-01 -2.2214724145e+00 -1.9402400543e+00 -5.0602143159e-02 -7.9490077517e-01 -1.1225915528e+00 -1.6248684697e+00 -9.9989329793e-01
ENERGY -5.868600615448e+02
GRADIENT  3.9766659335e-04 -4.5073500410e-03 -1.5027595614e-03  8.6149100204e-05  3.0038066685e-05  5.6827998041e-05 -1.6544905577e-04 -6.5406704960e-05 -6.8448780157e-05 -2.2710755299e-03  6.9364892245e-03  2.7095737609e-03 -5.9142002528e-05  1.7918066468e-04 -4.6347828680e-05 -4.2313684550e-03  6.4030069679e-04  7.6639577057e-04  3.3815426891e-05 -1.5766283688e-05 -6.3639230757e-05 -2.1416809169e-05  2.6585776231e-05  4.8449684278e-06  6.1637049048e-03 -3.1128285461e-03 -1.6997589088e-03  7.7468248048e-05 -4.3538700493e-04 -2.5205971421e-04 -4.6060352999e-05  1.5790684758e-04  8.2893430193e-05 -3.7597707589e-05  1.8823271798e-04  4.5543650896e-05  1.6340528082e-05 -1.3601171837e-05  2.0818917177e-05  1.2382368814e-05 -9.7487320924e-06 -9.5270478792e-06 -1.8958552514e-05  1.3839452588e-05  1.0331759843e-05 -3.5266687739e-05 -7.1190562876e-06 -1.9887615666e-06  2.4791920236e-05  9.3074670007e-07 -5.1404142750e-05  3.0542361016e-05  4.7595517024e-06  1.4042286176e-05 -3.7110850634e-06  2.5986618470e-06 -1.9940922659e-06  9.5610481965e-07  7.3629788684e-06 -6.7477215861e-06 -1.1378718910e-05  1.9347878108e-06 -8.1442954421e-06

JOB 7
COORDS  1.6184211147e+00 -4.2482689930e-01  1.4515834390e+00  1.8057482645e+00 -8.8197750670e-01  2.7474631393e+00 -7.0055650664e-01 -1.0295427042e+00  1.6497032649e+00  3.3407180023e-01 -4.6705570545e-01  8.6628990636e-01  6.8747920415e-01 -1.3940576286e+00  3.4128113675e+00  5.1633348791e-01  1.3296280534e+00 -7.6762641049e-01 -1.0991103711e+00 -4.4770120484e-01 -1.1101987143e+00 -5.2253598740e-01 -1.4789582944e+00  2.8937362453e+00  1.5215830043e-01 -6.0244658283e-02 -4.6293903118e-01  8.4410078978e-01 -1.8896097642e+00  4.8055939177e+00  1.9774625338e+00 -1.7916167674e+00  5.3007332794e+00 -1.3649010502e-01 -2.3618544576e+00  5.3736017090e+00  2.4635956946e+00 -5.2513154767e-02  8.8078369926e-01  2.7762216232e+00 -8.7221561453e-01  3.2278689856e+00 -1.7101518680e+00 -1.1174453699e+00  1.2602061219e+00  6.1295235498e-01  1.4489927948e+00 -1.8503884932e+00  1.4733236071e+00  1.5874329223e+00 -3.1264787888e-01 -2.4366825990e-01  2.0376602488e+00 -4.0123373325e-01 -1.0102825612e+00 -2.4595479139e-01 -2.1810454984e+00 -1.9750657695e+00  1.0440309778e-01 -7.3212585706e-01 -1.2730450777e+00 -1.5185604670e+00 -9.8195806062e-01
ENERGY -5.868625936373e+02
GRADIENT  4.6706148128e-04 -3.2175590587e-03 -9.6097887728e-04  1.7875385278e-04 -8.4317348387e-06  7.8826976795e-05 -3.6949230406e-05  1.5328932770e-05 -4.8386115616e-05 -2.2803633173e-03  5.2603521137e-03  1.9349134199e-03 -2.3246799660e-05 -2.7663034095e-05 -1.7889725556e-04 -2.8988319631e-03  9.4091365819e-04  7.7005932548e-04 -1.9404553508e-05 -3.2865948496e-05  4.9803802098e-05  3.0553541713e-06 -6.1832024450e-05  4.8328626523e-05  4.5884388289e-03 -2.9568330983e-03 -1.7154595667e-03 -7.4175664423e-05  3.4029272448e-04  1.7070060802e-04  7.7605719374e-06 -1.2489392353e-04 -7.4694039626e-05  1.8370753024e-05 -9.9407792563e-05 -6.9068683086e-05 -3.8097503389e-06 -1.7147078197e-05  2.6017485034e-05  1.2204924130e-05  7.3971795873e-08  1.4132896910e-05  3.2308571114e-06  4.2639252527e-06  1.0761355760e-05 -4.8110255339e-06 -3.7146110882e-06 -2.4424226600e-06  4.8089732968e-06 -1.2900714091e-05 -1.5087912326e-05  7.7052933189e-06 -4.2088910680e-06  4.2373736303e-06  8.7440137980e-06 -1.4924917858e-05 -8.4571891553e-06  7.2775667966e-06  6.4327383858e-06 -3.1776072741e-06  3.1676431140e-06  5.6936593529e-06 -2.5619183792e-06

JOB 8
COORDS  1.5662032566e+00 -3.1925474369e-01  1.5118639331e+00  1.7555295154e+00 -7.9624953621e-01  2.7999339281e+00 -6.9370814662e-01 -1.1362619886e+00  1.6282845348e+00  3.1012837722e-01 -4.6909348141e-01  8.7856438384e-01  6.7367357419e-01 -1.4249944961e+00  3.4226075768e+00  6.1872469707e-01  1.2578444102e+00 -8.3583995051e-01 -1.1725011302e+00 -3.8034190467e-01 -1.0627987164e+00 -5.1043501648e-01 -1.5979168024e+00  2.8642637006e+00  1.0392432489e-01 -5.3863842017e-02 -4.3411976601e-01  8.3549910231e-01 -1.9392470219e+00  4.8042059129e+00  1.9448186154e+00 -1.7627015042e+00  5.3326373025e+00 -1.1792275520e-01 -2.5010217167e+00  5.3373221965e+00  2.3960767840e+00  1.4796141881e-01  9.9312714026e-01  2.7065055909e+00 -7.0502217313e-01  3.3099078515e+00 -1.6842882839e+00 -1.2950926342e+00  1.2147037315e+00  6.5725307430e-01  1.3092867965e+00 -1.9270113543e+00  1.6292671635e+00  1.4175759849e+00 -4.6191963520e-01 -2.0467365128e-02  2.0750183882e+00 -4.6752347146e-01 -1.1055725854e+00 -1.4226360071e-01 -2.1269255718e+00 -2.0194589308e+00  1.8184853274e-01 -6.3815754233e-01 -1.3776682602e+00 -1.4495460388e+00 -9.7240750587e-01
ENERGY -5.868641297354e+02
GRADIENT  5.0657688059e-04 -1.6634049732e-03 -5.9750499716e-04  2.1452325557e-05 -1.2138913870e-06  9.2750478355e-07 -2.3235609012e-06 -4.4081864975e-06 -1.0813058884e-05 -1.5166948635e-03  2.8970445643e-03  1.1339722458e-03 -4.7022669472e-05  8.8885484359e-06 -3.0403406995e-05 -1.4610501996e-03  6.9918900305e-04  4.5383546709e-04  1.7024215421e-05 -3.3135002484e-05 -1.1778953931e-05  8.3385060038e-06 -2.1986279701e-06  2.2069423687e-05  2.4150745608e-03 -1.8924073677e-03 -9.4332301035e-04  1.8972781214e-05 -2.6506770126e-05 -1.1450112274e-05 -1.7432731804e-05  4.6152973007e-06  2.0256869897e-05  8.8195211819e-06  3.2096862338e-06 -6.1346669874e-06 -8.7751257612e-07 -7.0554955820e-07 -1.5684710857e-05  1.1419956700e-06 -2.0502905186e-06  2.0744798367e-06  5.1504527139e-06 -1.0191017799e-05  8.2950819831e-06 -2.9823320440e-06  1.2473579312e-05 -1.4415056258e-06  1.9751427459e-05  1.3880711348e-06  2.3380142497e-05  3.1540553968e-06 -1.1985751488e-05  5.1494928758e-06  6.0645970588e-06 -1.1820301036e-05 -2.8781200137e-06  5.9238029073e-06 -2.5126247402e-06  4.1088046418e-06 -3.1896914445e-06  8.8118695856e-07 -7.9670255333e-06

JOB 9
COORDS  1.4877456171e+00 -2.1498821061e-01  1.5848161050e+00  1.6831871565e+00 -7.0754885572e-01  2.8669584180e+00 -6.8085387107e-01 -1.2628394177e+00  1.6069946539e+00  2.7766096052e-01 -4.8401015552e-01  9.0071211878e-01  6.5533040492e-01 -1.4606333923e+00  3.4382174146e+00  7.3247726234e-01  1.1652909348e+00 -8.4225699953e-01 -1.2266461981e+00 -3.3885348064e-01 -1.0205045092e+00 -4.9040075098e-01 -1.7320636217e+00  2.8364884857e+00  6.6357266478e-02 -6.1055717288e-02 -4.0044247076e-01  8.2604833977e-01 -1.9944239479e+00  4.8093080629e+00  1.9036118194e+00 -1.7404239145e+00  5.3716835800e+00 -8.9613373230e-02 -2.6473784857e+00  5.3043770546e+00  2.2724135485e+00  3.7035021210e-01  1.1202792556e+00  2.5990823001e+00 -5.2372727596e-01  3.4148463653e+00 -1.6391876818e+00 -1.5062212182e+00  1.1603435585e+00  4.3146942534e-01  1.3815169381e+00 -1.8680645344e+00  1.8190661097e+00  1.0457325041e+00 -8.4389399799e-01  4.7472732200e-01  2.0282803484e+00 -2.1165605713e-01 -1.1836261718e+00 -4.5042593721e-02 -2.0704825634e+00 -2.0579236586e+00  2.0108197881e-01 -5.4182513994e-01 -1.4409880825e+00 -1.4100541519e+00 -9.8832503891e-01
ENERGY -5.868654077979e+02
GRADIENT  9.5554735619e-04 -2.0010852003e-03 -7.8112405379e-04 -2.9329243863e-05  1.1792353885e-05 -6.6168793955e-05  1.4975948692e-05  7.0035838458e-05 -1.0073722959e-04 -2.3091397506e-03  3.6593237910e-03  1.6081791471e-03 -6.8760477125e-05 -4.0188985159e-05  5.5494535902e-06 -1.6880312029e-03  1.1362738649e-03  7.6322844851e-04  6.0502465948e-06 -5.6833208992e-05  9.9967233823e-05  7.9526179719e-05 -8.9382525455e-06  6.5478775846e-05  3.0591012783e-03 -2.7292655334e-03 -1.6231616264e-03  3.5711010372e-06  1.2133877023e-05  6.2172204103e-05 -4.3389981382e-06 -2.4455304548e-05  9.7875856727e-06  3.5795641280e-05 -1.1191897534e-05 -1.1265411248e-05  3.8724923755e-06 -1.7596926138e-05 -1.4900444382e-05 -5.5328489522e-06 -9.6046031293e-06 -2.3043675091e-06  1.3812773728e-05 -2.6115429892e-05 -4.9646056162e-07  7.8337709602e-06 -6.7078507480e-06 -8.6660186576e-06 -6.3679311602e-06  1.8171442525e-05  1.2805100410e-05 -1.6160790350e-05  1.0315738482e-05 -3.7657166852e-06 -4.0482698587e-06 -5.6697131492e-06 -6.5267394639e-06 -2.6380676318e-06 -5.5497546508e-06  3.8573560788e-06  1.4528984828e-06 -6.5043243034e-06 -5.5671926364e-06

JOB 10
COORDS  1.4497123432e+00 -1.3269904395e-01  1.6289939071e+00  1.6705752758e+00 -6.5297696959e-01  2.8965350360e+00 -6.3497338378e-01 -1.3452412250e+00  1.5957219244e+00  2.7104529021e-01 -4.7587906516e-01  9.2164473633e-01  7.0070217849e-01 -1.5023060440e+00  3.4318691851e+00  8.1236805067e-01  1.0958622986e+00 -8.7025810414e-01 -1.2654307128e+00 -2.9728134082e-01 -9.7763710816e-01 -4.1835514396e-01 -1.8384557636e+00  2.8091872442e+00  2.2453509287e-02 -1.6052563128e-02 -3.5139839403e-01  9.0298768043e-01 -2.0704522045e+00  4.7826887982e+00  1.9541666542e+00 -1.7554234789e+00  5.3647190974e+00  3.7180277651e-02 -2.8096510202e+00  5.2463389110e+00  2.1875693777e+00  5.3216100794e-01  1.1964736474e+00  2.5622191635e+00 -4.1318558210e-01  3.4625857297e+00 -1.5691064116e+00 -1.6431960282e+00  1.1304732685e+00  4.5165702517e-01  1.3564901892e+00 -1.8654182578e+00  1.8677516690e+00  8.1891940481e-01 -9.6558473685e-01  7.4199614584e-01  1.9879555317e+00 -2.3194110491e-01 -1.2550629553e+00  8.4811658174e-02 -1.9988336539e+00 -2.1054718525e+00  1.6759933603e-01 -4.4155104625e-01 -1.4421227808e+00 -1.3757284561e+00 -1.0321283266e+00
ENERGY -5.868664657828e+02
GRADIENT  4.1882281788e-04 -7.5323053824e-04 -3.1245673520e-04  3.0032052565e-05  2.8567597840e-05 -1.3618564466e-05 -2.7651051142e-06  4.0581205440e-05 -7.0442157543e-05 -9.9086445205e-04  1.3899331416e-03  7.3064182426e-04 -3.1112597797e-05 -1.8551677133e-05 -2.0774351269e-05 -5.4557716080e-04  5.5204658799e-04  3.6348333953e-04 -1.3211955029e-05 -4.8333577565e-05  7.7832254100e-05  4.2480070542e-05 -3.9705471148e-06  3.6920785334e-05  1.1155991861e-03 -1.1564536827e-03 -8.0606054371e-04  5.3972643541e-06  2.1373587003e-05  2.3315282721e-05  6.0964570935e-06 -1.0604935614e-05  1.1345940605e-07  2.1443885897e-05 -5.2207878831e-06 -1.2275312456e-05  1.1339084884e-06 -9.4370050298e-06 -1.0245780003e-06  4.8566661866e-06 -3.6006878391e-06 -2.2020029542e-06  3.9383572126e-06 -8.9286134062e-06 -1.2779265504e-05 -1.1605924408e-06  1.0838719677e-06 -1.2969805145e-05 -9.2377280435e-06  1.1035816643e-05 -6.0508649594e-06 -8.8266949717e-06  8.3588078020e-07 -4.8289038334e-06 -2.8763006917e-06  2.1937545678e-08 -3.2843280321e-06 -5.2378688411e-06 -2.7866803520e-06  2.0854800226e-06  1.0205303583e-06 -5.2841971024e-06  6.5521146686e-07

JOB 11
COORDS  1.4245146278e+00 -3.7887919594e-02  1.6404220665e+00  1.6840166309e+00 -5.9239171711e-01  2.8858782791e+00 -6.1660687251e-01 -1.3273310654e+00  1.5983794037e+00  2.4227387322e-01 -3.9483420529e-01  9.4473323156e-01  7.5385267403e-01 -1.4932248375e+00  3.4078768661e+00  8.4023612548e-01  1.0712782380e+00 -9.2116963593e-01 -1.2888317770e+00 -2.8233423902e-01 -9.6827724764e-01 -3.6119877323e-01 -1.8529352740e+00  2.7893941405e+00 -6.4548465408e-02  1.2196234954e-01 -2.8716420684e-01  1.0011996931e+00 -2.1010827843e+00  4.7321479496e+00  2.0471715916e+00 -1.7629524505e+00  5.3112889212e+00  1.7462947894e-01 -2.8929803266e+00  5.1809292418e+00  2.1330536425e+00  6.6322400064e-01  1.2160097827e+00  2.5772321108e+00 -3.4196320516e-01  3.4448514421e+00 -1.5407942144e+00 -1.6518152632e+00  1.1303081229e+00  4.2915735577e-01  1.3712475705e+00 -1.8848709472e+00  1.8299701140e+00  6.3068916150e-01 -1.0984054968e+00  9.6770785848e-01  1.9756918071e+00 -3.1244436799e-01 -1.3527583695e+00  2.3361167436e-01 -1.9261220671e+00 -2.1806953949e+00 -2.2442878121e-02 -3.8448270940e-01 -1.3053404854e+00 -1.3619145392e+00 -1.1637969147e+00
ENERGY -5.868666294487e+02
GRADIENT  3.2920586202e-05 -2.0987758765e-05 -6.2948781955e-05  5.4377063929e-05  2.6007219284e-05  2.2555414009e-05 -5.6334632974e-05 -6.8999368665e-05  5.5332121226e-05  2.2695405236e-05  1.1171491118e-04  6.5472014839e-05 -8.1499166239e-06  8.2730778350e-06 -1.7790157744e-06  3.6111259474e-05  2.1423038911e-05  6.7395693355e-05 -2.3936965349e-05 -2.9994972733e-05 -2.6837177229e-05 -4.4275369322e-05  5.2680556331e-07 -3.9283360832e-05 -7.4264282617e-06 -9.6670434875e-05  3.4874639091e-05 -2.1967703871e-05  3.0149385801e-05 -1.7094356338e-04  2.3303054401e-05  1.8241536102e-05  2.9322812242e-05 -2.8956469595e-06  1.4510992579e-05  2.2651226277e-06  1.6611455662e-05  2.3251048495e-05 -1.8062288126e-05  1.6303303240e-05  1.2565290289e-05 -5.2525215423e-06 -3.1663779974e-06 -3.1909500700e-06 -7.4192108345e-07  2.1742598968e-06 -2.4585849654e-06  5.5397079504e-06  1.0866089903e-06 -2.9149274287e-07  6.1474554447e-07  6.8694835686e-07 -1.2588019574e-06  2.7742006152e-06 -9.7130443461e-06  2.3319962905e-06  6.4747323652e-06  1.8574358862e-06 -1.8770216798e-06 -1.4624802352e-06  3.2237696387e-06  1.7042150764e-06 -7.1391208874e-06

JOB 12
COORDS  1.3622862279e+00  1.4866063626e-03  1.7077558921e+00  1.6354287471e+00 -6.0038050649e-01  2.9281264425e+00 -6.3849558589e-01 -1.3410033163e+00  1.5985107084e+00  1.8961369720e-01 -3.5060707862e-01  9.9486380392e-01  7.2938894303e-01 -1.5488299576e+00  3.4057215599e+00  8.6696773977e-01  1.0112375669e+00 -9.1845690000e-01 -1.2938193391e+00 -2.5324908357e-01 -9.5177950378e-01 -3.7067990525e-01 -1.9140615094e+00  2.7657967410e+00 -1.4516867661e-01  2.4317007680e-01 -2.0066276479e-01  9.9294844248e-01 -2.2126112293e+00  4.7012457961e+00  2.0245362994e+00 -1.8676188033e+00  5.3010643643e+00  1.9221677708e-01 -3.0528325537e+00  5.1060455368e+00  2.0546537416e+00  7.3704333488e-01  1.3164537158e+00  2.5211774601e+00 -3.5173403512e-01  3.4995851929e+00 -1.5463040159e+00 -1.6794719371e+00  1.1094642113e+00  4.4490148809e-01  1.3677573889e+00 -1.8582070728e+00  1.7594868174e+00  4.1109057565e-01 -1.1454256832e+00  1.1761965055e+00  1.8902741936e+00 -3.4292348149e-01 -1.4423174598e+00  3.7502246930e-01 -1.8305043182e+00 -2.2050122687e+00 -1.9536396203e-01 -3.4876576491e-01 -1.1617751411e+00 -1.2924164167e+00 -1.2862110121e+00
ENERGY -5.868664657371e+02
GRADIENT -4.6848034802e-04  6.2099669661e-04  4.7672730782e-04  3.0179809400e-05  2.8087842690e-05 -8.8017493223e-06 -2.4772035039e-05  4.0199671015e-05 -8.2871076844e-05  8.2693539214e-04 -1.4135134738e-03 -8.9674285138e-04 -1.9375205361e-05 -1.8220115413e-05 -1.5993938497e-05  2.7257728358e-04 -7.1147340155e-04 -3.7544018529e-04 -1.4592459641e-06 -7.1904698406e-05  6.0006578794e-05  3.8618285213e-05  1.1251077822e-05  3.0057360530e-05 -6.2017192161e-04  1.5240456795e-03  7.7044803502e-04 -2.8326324713e-06  4.5518789295e-05  2.9263604553e-05  6.2497813896e-06 -1.9750650377e-05  9.7028864995e-06  1.8903937030e-05  8.7224563128e-06 -4.7016345081e-06 -7.0631769470e-06  2.1486468128e-06  9.0092267256e-06  1.7522693647e-08  2.6162300459e-06  8.4959476118e-07 -1.3830118682e-05  1.4021778957e-05 -8.3580404677e-06 -3.0257587611e-06  4.1592185230e-06 -6.8699653713e-06 -1.8272949970e-06 -4.7934940613e-06 -1.1199997823e-05  1.8495919935e-06 -7.8990336116e-06 -1.3044140172e-05 -5.8112047967e-06  1.5872978377e-06  9.3059536986e-07 -6.3801493286e-06  3.0677830004e-06  6.3286528176e-06 -4.2979592259e-06 -2.8278660642e-06  8.3359377623e-06

JOB 13
COORDS  1.3026102814e+00  7.0530589138e-02  1.7512046523e+00  1.5892052525e+00 -5.6360888048e-01  2.9513749821e+00 -5.9723511015e-01 -1.3938906363e+00  1.5315125503e+00  1.7802881673e-01 -3.3079956546e-01  9.9029825527e-01  7.3900291435e-01 -1.5922112531e+00  3.3626014398e+00  8.8864829608e-01  9.2367776557e-01 -9.8088038637e-01 -1.3226240995e+00 -1.9011431452e-01 -9.3400969249e-01 -3.1847199565e-01 -2.0001938452e+00  2.6816454217e+00 -1.7615212225e-01  3.1415726631e-01 -1.8238006458e-01  1.0201101295e+00 -2.2976277213e+00  4.6343696557e+00  2.0123248945e+00 -1.9119139662e+00  5.2736209593e+00  2.7023451696e-01 -3.2075720102e+00  4.9801209480e+00  1.9470203040e+00  8.7317464201e-01  1.4126480664e+00  2.4386041889e+00 -2.7708343262e-01  3.5590435788e+00 -1.4696959823e+00 -1.7701188142e+00  1.0076782748e+00  4.5304592958e-01  1.3480982199e+00 -1.8862719962e+00  1.6594803391e+00  1.9515882657e-01 -1.2705758532e+00  1.3682522223e+00  1.7433050293e+00 -4.3940236537e-01 -1.5314082337e+00  4.9385288476e-01 -1.7581590383e+00 -2.2110880674e+00 -2.1804813957e-01 -2.9815436645e-01 -1.1555277356e+00 -1.1955080316e+00 -1.3498620197e+00
ENERGY -5.868654078690e+02
GRADIENT -1.2906351760e-03  1.5144604676e-03  1.2452677406e-03  1.9556057105e-06  3.0953491182e-05 -3.5089181276e-05 -3.1702986719e-05  5.7722640342e-05 -1.3772016760e-04  2.1893081811e-03 -3.3215076018e-03 -2.3838680005e-03 -8.7897843819e-05 -5.0936047741e-05 -7.7437728433e-05  2.8480472000e-04 -1.9189741210e-03 -9.9751468570e-04  9.7747757982e-06 -7.2589039070e-05  8.5656967231e-05  7.1424908910e-05  7.1666151309e-07  9.2782583878e-05 -1.1076163053e-03  3.7435022244e-03  2.1454425656e-03 -8.2116330904e-06  6.1469655156e-05  6.3401090110e-05 -4.0557774312e-06 -6.0469254342e-05  2.9801039736e-05  4.0579393029e-05  2.9357629741e-05 -1.2862706193e-05 -1.4360631569e-05  1.8704732482e-05  8.2922300760e-06 -7.4197830118e-06  3.0855659076e-06 -7.5229238847e-07 -2.2171733390e-05  1.4851680275e-05  2.1084475332e-05 -8.4419625787e-06  5.5940462837e-06  6.1575941172e-06  2.3341896174e-06 -1.1665208459e-05 -1.5723748694e-05  1.5816663287e-05 -1.4258917486e-05 -4.7040209554e-06 -1.6982310697e-05  2.4815015676e-06 -1.1720819220e-06 -9.7788150518e-06  6.4870777346e-06  3.4951368257e-06 -2.7942389551e-06 -3.4300529077e-06  1.0741187217e-05

JOB 14
COORDS  1.2351705939e+00  1.9063736894e-01  1.8099269372e+00  1.5314067784e+00 -4.5393363988e-01  3.0012767806e+00 -5.0066568938e-01 -1.4371179624e+00  1.4552374115e+00  1.9707680744e-01 -2.9553309876e-01  9.8095682598e-01  7.6684756249e-01 -1.5741982849e+00  3.3387390761e+00  9.0039508884e-01  8.2109904254e-01 -1.0871613481e+00 -1.3432722579e+00 -1.1600508654e-01 -9.0858375895e-01 -2.1845117665e-01 -2.0537240993e+00  2.6017078488e+00 -1.6437415039e-01  3.6101775237e-01 -1.9208269950e-01  1.0611710526e+00 -2.2953584992e+00  4.6007070346e+00  1.9981650017e+00 -1.8524262322e+00  5.2840108047e+00  3.7391067900e-01 -3.2702059079e+00  4.8943133734e+00  1.7930621138e+00  1.0792996247e+00  1.5358483991e+00  2.3139111167e+00 -1.0288993732e-01  3.6624901680e+00 -1.3123878054e+00 -1.8716602550e+00  8.8088795771e-01  4.9324205575e-01  1.5652651951e+00 -1.7765559772e+00  1.3234095199e+00 -8.2984055444e-03 -1.6747213617e+00  1.7084122145e+00  1.2939766793e+00 -5.3041485084e-01 -1.5880019358e+00  6.0502426750e-01 -1.6920456060e+00 -2.1991907714e+00 -1.7765514369e-01 -2.3253892145e-01 -1.1924354130e+00 -1.0991101119e+00 -1.3824345098e+00
ENERGY -5.868641292795e+02
GRADIENT -1.1863555681e-03  1.0310216942e-03  9.3479625114e-04 -4.5830578779e-05 -8.9487067561e-06 -2.8481845598e-05 -4.2884972788e-06 -1.3432078644e-05 -1.6775129347e-05  1.7877509026e-03 -2.1964952766e-03 -1.8130303945e-03  1.7045580301e-05 -7.9688435333e-06  6.4243682410e-05 -8.6801778361e-05 -1.4422720945e-03 -7.7975571381e-04 -1.4892788434e-05  7.0433201357e-05  7.7041636013e-05  1.1964339313e-07  8.2219718878e-06 -2.5808451631e-05 -4.7332982239e-04  2.5689264985e-03  1.6390093256e-03  1.1192216670e-05 -2.2062544421e-05 -2.7099549916e-05  2.6014440807e-06 -2.0116127201e-06  1.2323358329e-05 -1.8343313889e-05  9.4668877917e-06  2.5248330751e-05 -8.3540265846e-06  8.2346309504e-06 -4.2653303630e-06 -4.9499872594e-06 -5.9003494100e-06  1.5700278405e-06 -1.6690314181e-05  9.0216366832e-06 -1.0273592216e-05  1.6469024149e-05 -3.1843147314e-06 -1.2676502667e-05  3.9103409567e-06 -7.5370067131e-06  4.6000280081e-06  1.0087979548e-05 -5.8900354402e-06 -2.9118174247e-06 -9.2809519301e-06  3.8892157509e-06  3.6540693251e-06  1.1505563623e-06 -2.1996286836e-05  8.8272443920e-06 -8.3849365731e-07  1.8641654489e-06 -1.2026006787e-05

JOB 15
COORDS  1.1615355615e+00  3.1187258695e-01  1.8570354485e+00  1.4781750807e+00 -3.2601868410e-01  3.0471103723e+00 -4.1331774935e-01 -1.4507047512e+00  1.4149695607e+00  2.0750527212e-01 -2.5512623315e-01  9.8400743085e-01  8.0068460569e-01 -1.5146915904e+00  3.3360591862e+00  9.2576654890e-01  6.7785234208e-01 -1.1483864867e+00 -1.3746441354e+00 -3.5346959810e-02 -8.6265800057e-01 -1.1820111288e-01 -2.0625406485e+00  2.5638057526e+00 -1.5742800904e-01  4.1533305645e-01 -1.9169417245e-01  1.1145503325e+00 -2.2325500947e+00  4.5994212191e+00  1.9972526053e+00 -1.7312916742e+00  5.3127692303e+00  4.9391240130e-01 -3.2591960629e+00  4.8602119005e+00  1.6334418250e+00  1.2569514240e+00  1.6062528536e+00  2.1993150750e+00  8.0646855264e-02  3.7451685867e+00 -1.1740349815e+00 -1.9336954154e+00  8.0936167972e-01  6.0160483156e-01  1.4410916160e+00 -1.8613642645e+00  1.2031601745e+00 -2.3055995294e-01 -1.7060798615e+00  1.8133692971e+00  1.0498997412e+00 -6.3544853181e-01 -1.6352113611e+00  6.9625522898e-01 -1.6321174273e+00 -2.2011991833e+00 -8.4411510402e-02 -1.4994559972e-01 -1.2653857910e+00 -1.0174089825e+00 -1.3512069390e+00
ENERGY -5.868625947156e+02
GRADIENT -2.5516344555e-03  1.5333450958e-03  1.7020183768e-03  4.8835088113e-05  1.9651123540e-05  4.0418026687e-05 -1.5516582028e-05  5.1675825296e-05 -4.2901261824e-05  3.5351993663e-03 -3.7468108902e-03 -3.2507764099e-03  1.4105733544e-05  9.9264633775e-06 -3.6154662877e-05 -6.0298075429e-04 -2.7827697055e-03 -1.4519412697e-03  3.6185564631e-05  1.0920877876e-05 -4.5196411923e-05  1.2684450307e-05 -1.9263000947e-06  2.4779987575e-05 -4.6323785501e-04  4.9091380873e-03  3.0473706582e-03 -8.0729609784e-06 -3.0479172579e-05  6.3322748209e-05 -9.4260206793e-06 -3.5904004651e-06 -3.6035802588e-05  3.7012265379e-06 -3.0430316295e-06 -1.5564557249e-05 -1.7477007981e-05 -7.6528787679e-06  1.8857592891e-05 -9.9607273841e-07 -7.5051155591e-06  1.5689275292e-05  9.9336340768e-07 -1.2537812678e-06  3.5117423492e-06  4.9472159478e-06  1.3982388896e-06 -4.8654275597e-08  7.5047506473e-06  2.4806709342e-06 -6.1717749461e-06  1.1046948546e-05  1.2943279264e-05 -4.2387934493e-06  9.0134690870e-06 -1.3248732689e-05 -1.1304100382e-05 -2.2648694324e-05  2.1431411747e-05 -1.6737927725e-05 -6.1929186784e-06 -1.1894955942e-05  1.1750257068e-05

JOB 16
COORDS  1.0790347822e+00  3.7294109445e-01  1.9282831413e+00  1.3973853317e+00 -2.8944957413e-01  3.1065728223e+00 -3.0842856545e-01 -1.4963142681e+00  1.3318389867e+00  2.2769371863e-01 -2.3796552575e-01  9.8740701206e-01  8.1351458673e-01 -1.5436117803e+00  3.3064379427e+00  9.4745878945e-01  5.4297531144e-01 -1.1849209515e+00 -1.3977404995e+00  8.6953597333e-02 -8.0156844241e-01 -1.6721093599e-02 -2.1348083564e+00  2.4688450722e+00 -1.2724867960e-01  4.6950048202e-01 -1.8343201553e-01  1.1276702814e+00 -2.2902098821e+00  4.5575252600e+00  1.9300550799e+00 -1.7497340747e+00  5.3330378154e+00  5.8416852350e-01 -3.3744346842e+00  4.7437644008e+00  1.4707770063e+00  1.3662696924e+00  1.7285272112e+00  2.0436581791e+00  1.4436402594e-01  3.8594421373e+00 -1.0004257188e+00 -2.0078521212e+00  6.6876969623e-01  6.8105320676e-01  1.2811092801e+00 -1.9470531024e+00  1.1164325516e+00 -4.2820254584e-01 -1.6777702785e+00  1.8816319606e+00  8.5871297545e-01 -7.1554202668e-01 -1.6666330394e+00  8.5101192078e-01 -1.5367986211e+00 -2.1849823636e+00  5.0927502345e-02 -4.4857958574e-02 -1.3598067108e+00 -8.8349077300e-01 -1.3235363583e+00
ENERGY -5.868600629203e+02
GRADIENT -3.7715729659e-03  1.8011030280e-03  2.2312342976e-03 -1.2381572889e-05 -1.9588485589e-05 -1.5683523886e-05  6.2744536567e-06  1.2852125151e-05  1.8473706867e-05  4.9941942582e-03 -4.2097487586e-03 -4.1358360209e-03  2.4470874174e-05 -1.9569918960e-05 -6.8353050592e-06 -1.3926021516e-03 -3.6949112890e-03 -1.6994696316e-03 -9.1937158736e-06 -3.1616210575e-05  9.6957110071e-05  4.2160203342e-06  6.1360720481e-06  6.5164035792e-06  1.7376516539e-04  6.1509722996e-03  3.4916521747e-03 -4.9079474166e-05 -1.9940392250e-05  7.1980129638e-05  8.4817012793e-06  6.1819025583e-06 -4.8636833960e-05  2.0587143987e-05 -3.8500297574e-05 -2.3862022058e-05 -3.8398946996e-06 -7.5309650978e-07  5.0208833378e-06 -3.6942264765e-06 -6.7438412529e-06  3.8439072952e-07  7.8699675204e-06 -2.0719475479e-06 -1.0284828734e-05  5.9167399307e-06  1.4563065837e-05  1.0021054288e-06 -7.2690796017e-06  7.7337977004e-06 -1.4223594515e-05  6.2596359545e-06 -3.3913126050e-06  1.9701021984e-06 -1.9492656320e-05  1.9710189481e-05  1.7419665725e-05 -3.6779460956e-06 -2.5385046412e-05 -5.4771390071e-06  9.4120742647e-06  8.3151188308e-06 -2.3164194071e-05

JOB 17
COORDS  6.2800166731e-01  3.9964936673e-01  1.7193824135e+00  1.1774672394e+00  4.0709300854e-02  2.9507185697e+00  5.1009791486e-01 -1.9396605050e+00  1.1835285121e+00  2.6367574905e-01 -6.0377781224e-01  8.0880445104e-01  1.3598291691e+00 -1.3194251663e+00  3.1900558652e+00  7.9178992351e-01 -2.5673335957e-01 -1.5110437829e+00 -1.1836284631e+00  7.7857673366e-01 -5.6835837106e-01  1.0492580083e+00 -2.2932506549e+00  2.3495473405e+00 -2.6196740694e-01 -3.5774291933e-01 -4.9085634062e-01  1.9501467558e+00 -1.7447954510e+00  4.4941660088e+00  2.2049739193e+00 -8.4155464935e-01  5.3034827984e+00  2.1474429653e+00 -2.9407139388e+00  4.6810421252e+00  4.7740471420e-01  1.4480813297e+00  1.4814458549e+00  1.4690775332e+00  7.7437488306e-01  3.6921730341e+00  2.4245165023e-01 -2.7407018712e+00  4.9694993020e-01  3.2962644884e-01 -2.2569536107e-01 -2.5022304152e+00  1.4436824507e+00 -1.1323509155e+00 -1.4634153922e+00  1.4118934865e+00  6.4684143745e-01 -1.3822971990e+00 -6.8552723954e-01  1.7603286904e+00 -4.9242711259e-01 -1.9320224700e+00  7.0161154799e-01  2.2414986789e-01 -1.7010645548e+00  7.4317727420e-01 -1.5317411177e+00
ENERGY -5.868575757084e+02
GRADIENT  3.9495623915e-03 -1.5800428535e-04 -1.5881702625e-03  7.5699786540e-05  1.3652841855e-04  1.2604708031e-04  1.1337503194e-05  1.1627545581e-05 -9.5495872080e-06 -6.1019923985e-03  1.4262304976e-03  2.7100120224e-03 -2.3732856831e-05  5.1576721203e-05 -1.4773567806e-04  2.4877726450e-04  3.5310213109e-03  6.5862328094e-04  3.9266482693e-05 -3.5944322288e-05  1.1258749856e-04  1.1523634114e-05 -4.0770237501e-05  4.4060872047e-05  1.8132931837e-03 -4.8971811499e-03 -1.8872854420e-03 -6.0349963087e-05 -8.5068645924e-06  8.7994284689e-05  2.4233983808e-05  1.9930335584e-05 -6.1184846856e-05  2.7693944711e-05  1.6969698492e-05 -3.6196905893e-05  2.6686216969e-05 -9.6518589243e-06  3.6882295233e-06  8.6405199564e-06  1.7072372078e-05  1.7594786707e-05  9.8448237712e-06  4.9748653530e-06  1.7735041289e-05  4.5637655730e-06 -2.0578105991e-05 -1.1888341188e-05 -7.5104621185e-06  1.5830659251e-05  1.6588186362e-05 -8.2093687588e-06  4.1013935137e-06 -2.4443742133e-05  1.5330046438e-05  4.1706634057e-07  1.0069071266e-05  1.2188181540e-05 -1.7535606266e-05 -3.3598018606e-06  1.1782820262e-06 -7.9416645375e-06 -7.4721475233e-06

JOB 18
COORDS  5.1636425955e-01  4.0980424161e-01  1.7924330600e+00  1.0781161944e+00  4.4714165308e-02  3.0164227101e+00  6.4560780415e-01 -1.9027308932e+00  1.1464884664e+00  2.7134852450e-01 -5.7784401166e-01  8.2440008042e-01  1.3955526013e+00 -1.2983822259e+00  3.1987700610e+00  7.2064090637e-01 -3.8987918237e-01 -1.5422147900e+00 -1.0936930857e+00  8.7939564153e-01 -5.6386331408e-01  1.1964761133e+00 -2.2554097950e+00  2.3034692850e+00 -2.6832187019e-01 -3.2309912463e-01 -4.5621558339e-01  2.0014161012e+00 -1.7251083997e+00  4.4905943868e+00  2.1540355159e+00 -8.4140536852e-01  5.3469128628e+00  2.3139448782e+00 -2.9039569445e+00  4.6269706130e+00  2.6717789006e-01  1.4489268170e+00  1.6052480841e+00  1.2817964164e+00  7.6825378158e-01  3.7962060361e+00  4.6698155717e-01 -2.6980838660e+00  4.2493578805e-01  1.9977202232e-01 -3.8591694841e-01 -2.5040237908e+00  1.3010011653e+00 -1.3117934550e+00 -1.4718000536e+00  1.4177859147e+00  4.6377960239e-01 -1.5135856528e+00 -5.1004247827e-01  1.8156035617e+00 -5.4852785458e-01 -1.8228489844e+00  9.0427500402e-01  2.4957152568e-01 -1.6404611727e+00  8.4365297374e-01 -1.5105199823e+00
ENERGY -5.868602012501e+02
GRADIENT  4.1566456009e-03  6.7214166092e-04 -1.6594353902e-03  1.2739239790e-05 -4.9544394812e-05 -6.6504498186e-05 -2.2942702663e-05 -4.4127512324e-05 -7.4905179439e-05 -6.2086563619e-03  6.8929899645e-04  2.8867790553e-03  7.7400832863e-05  6.4545916627e-06 -3.2091240693e-05  7.9656356093e-04  3.8005944790e-03  5.2554795931e-04  3.6134023087e-05 -2.3405514777e-05  8.3300847829e-05  2.9710485098e-05  2.4642006915e-05  5.8958324581e-05  1.2114826174e-03 -5.0509745597e-03 -1.7600953015e-03 -2.8055640602e-04 -8.0027099929e-05  1.9207383406e-04  1.2067538799e-04  2.6244763373e-05 -6.4930981625e-05  1.0552634540e-04  4.9808667137e-05 -3.6622509187e-05  8.2053380616e-06  1.5711014763e-05 -1.1123557511e-05  4.4988248067e-06  1.6454002688e-06 -1.0991149644e-05  2.1469965415e-07 -6.9559403606e-06  1.5491405839e-05 -3.6540358823e-06 -1.2846968977e-05 -7.4138975555e-06 -2.8182909044e-05  1.7730101124e-05  1.8009367358e-05  4.2949113758e-07 -7.7013031925e-06 -1.3374659903e-05  1.6136467570e-05 -3.2020379691e-06 -2.1370501007e-05  5.2197158798e-05 -1.6721143550e-05  1.0636715388e-05 -3.1307639139e-05 -1.5802118807e-05 -2.3437316413e-06

JOB 19
COORDS  4.1704494404e-01  3.9824105211e-01  1.8448714579e+00  9.7248718935e-01  1.5353356266e-02  3.0652399816e+00  7.6010015357e-01 -1.8589168579e+00  1.0870741979e+00  2.8792559729e-01 -5.4984473800e-01  8.1328772855e-01  1.3976877511e+00 -1.3036847330e+00  3.1930937962e+00  6.2515143003e-01 -4.7925497629e-01 -1.5971912902e+00 -1.0138016306e+00  9.7944686175e-01 -5.6411910236e-01  1.3012732363e+00 -2.2238010315e+00  2.2421246635e+00 -2.6137785085e-01 -2.6589361982e-01 -4.4541429235e-01  1.9985989057e+00 -1.7464750165e+00  4.4772571262e+00  2.0562988682e+00 -8.9902376369e-01  5.3815371944e+00  2.3991134451e+00 -2.9037446334e+00  4.5673347093e+00  9.0703917067e-02  1.4228214837e+00  1.7069375252e+00  1.0910398239e+00  7.1244352601e-01  3.8856699115e+00  6.6680469269e-01 -2.6359608040e+00  3.3097905700e-01  2.8330422047e-02 -4.9926038577e-01 -2.5132871717e+00  1.1478831071e+00 -1.4322777814e+00 -1.5128506789e+00  1.3763926632e+00  3.2213501705e-01 -1.6822019612e+00 -3.7401948838e-01  1.8778002111e+00 -5.4585366919e-01 -1.7490367835e+00  1.0520912484e+00  2.4100641493e-01 -1.5531624938e+00  9.7133347236e-01 -1.5150180133e+00
ENERGY -5.868625643425e+02
GRADIENT  3.1743289794e-03  8.2037606042e-04 -1.1779097367e-03  1.0960880147e-05  2.9392072242e-06  2.2619307862e-05 -2.4998846306e-06  5.6071105663e-06 -1.8468389348e-05 -4.4149849654e-03  1.9246074470e-05  2.0020783163e-03 -1.5820173993e-05  4.5069836393e-05 -4.0487965206e-05  9.4099729519e-04  2.9658778649e-03  2.0179281769e-04  4.9332415959e-05 -2.2363988253e-05 -7.3660842413e-05 -6.3413733683e-06 -1.3636169910e-06  3.9347501642e-05  2.6089206095e-04 -3.8030756454e-03 -9.4144279670e-04  8.6320693433e-05 -1.7422059104e-05  6.6080894746e-05 -3.0569792492e-05  1.0042140226e-05 -3.8608993793e-05 -1.8692540990e-05  6.5366047328e-06 -4.0038611696e-06 -5.4462504275e-08 -3.9424205361e-06  7.9761616853e-06  1.6376450185e-06 -1.2491597483e-06  1.0063499020e-05 -5.1368515540e-06 -6.3844389269e-06  6.8148871701e-06  1.6482434362e-06 -2.7650591477e-06 -7.0594135170e-06 -1.2240622495e-05  1.2471236751e-06  1.2447703408e-05  7.0343517460e-06 -6.6910370226e-06 -4.8726651729e-06 -3.4394331507e-06  5.5165630992e-06  1.1841384805e-05 -1.8550959314e-06 -2.7767624973e-05 -5.3447505326e-06  2.3572610227e-05  9.6983996178e-06 -1.4622489241e-05

JOB 20
COORDS  3.6700044232e-01  3.9034988001e-01  1.8973445592e+00  9.1201572051e-01  1.2665830328e-02  3.1217223713e+00  9.1389423536e-01 -1.8065250540e+00  1.0816949021e+00  3.4725638277e-01 -5.2751176465e-01  8.2599908926e-01  1.4340524982e+00 -1.2735862247e+00  3.2288757184e+00  5.3902603703e-01 -6.0121521441e-01 -1.6203133405e+00 -9.1684757220e-01  1.0354972737e+00 -5.5580413887e-01  1.4391087633e+00 -2.1638728634e+00  2.2453560247e+00 -2.1055084451e-01 -2.3252101410e-01 -4.1550770603e-01  2.0237050311e+00 -1.7098826915e+00  4.5164459322e+00  1.9968930031e+00 -8.8624404918e-01  5.4448379504e+00  2.4984841225e+00 -2.8405984977e+00  4.5910364731e+00 -2.8475157248e-02  1.3925346519e+00  1.7829664433e+00  9.4879222553e-01  6.9210488319e-01  3.9643931555e+00  9.1477447367e-01 -2.5709167855e+00  3.0882277585e-01 -1.4067883202e-01 -6.1552105951e-01 -2.4764235324e+00  9.7646938386e-01 -1.5938435366e+00 -1.5261564694e+00  1.3489661760e+00  1.1580515289e-01 -1.8256650263e+00 -2.4328561201e-01  1.9081073685e+00 -5.4256448488e-01 -1.6562228472e+00  1.1477121988e+00  2.4093383830e-01 -1.4502633964e+00  1.0339143571e+00 -1.5093583541e+00
ENERGY -5.868641110858e+02
GRADIENT  1.7077331342e-03  6.5439761191e-04 -5.3856006659e-04 -2.3807419194e-05  3.5116866303e-05 -2.2912549887e-05 -1.7831914580e-05 -3.9889782900e-06 -2.4073835873e-05 -2.3109380617e-03 -3.1467849626e-04  8.4054986304e-04 -6.2855337010e-06 -6.2418913983e-05  5.2683748407e-05  7.2927744854e-04  1.5786294700e-03  7.3230982419e-06 -5.8154161521e-05 -2.9365641858e-05 -4.2135957159e-05 -1.3659269519e-05  2.8813250798e-05  9.9736253849e-06 -5.1757898420e-05 -1.9057332461e-03 -2.4362426806e-04  7.8427703429e-05  7.7191697312e-05 -8.7248639216e-05 -3.2368515071e-05 -2.4466405079e-05  6.1038279466e-05 -1.4671831626e-05 -1.3296221771e-05  2.3563863936e-05 -4.2481439850e-06  3.0165408053e-06 -1.2731115792e-05  6.3010242522e-06  1.5433821749e-06 -2.4828759221e-06  1.0658199431e-05  8.7170672118e-06 -1.5853247683e-05  2.2883264994e-06  5.9768453490e-06  1.2472817133e-06  2.9058841638e-06 -9.1835918308e-06  5.3592483539e-06  4.3292842699e-06 -7.9145070287e-07  4.7833184791e-06 -1.1399807305e-06  4.3928399591e-07 -1.9271051037e-05  2.1774265841e-05  9.2234915214e-06  1.7802060341e-05 -1.8911453594e-05 -1.5171647095e-05  1.1411522878e-05

JOB 21
COORDS  2.7195305631e-01  3.5480772269e-01  1.9475932968e+00  8.2764000364e-01 -2.1472748511e-02  3.1649710603e+00  1.0608919329e+00 -1.7358532329e+00  1.0479943336e+00  3.5356644278e-01 -5.1787588011e-01  8.3758906042e-01  1.4676174333e+00 -1.2578739912e+00  3.2339746880e+00  4.4191467551e-01 -7.5926006391e-01 -1.5953842671e+00 -8.4958430178e-01  1.0808652055e+00 -5.5820932242e-01  1.5901297565e+00 -2.0917087207e+00  2.2113725794e+00 -1.9711012971e-01 -2.1387192232e-01 -3.9529313404e-01  2.0669387126e+00 -1.6917760432e+00  4.5162702031e+00  1.9645521708e+00 -9.0327525637e-01  5.4700802436e+00  2.6213199051e+00 -2.7874502300e+00  4.5651822237e+00 -2.1492276200e-01  1.3190109054e+00  1.8688994592e+00  7.8352780892e-01  6.2288554174e-01  4.0343810154e+00  1.1907859260e+00 -2.4470033392e+00  2.3791175079e-01 -7.8884891649e-02 -3.7999160537e-01 -2.4754672355e+00  3.6959083252e-01 -1.8493129992e+00 -1.6218438209e+00  1.5016374289e+00 -4.7569900210e-01 -1.6647167255e+00 -1.4699728478e-01  1.9267606779e+00 -4.9554890763e-01 -1.6248046774e+00  1.2132892837e+00  2.0121506683e-01 -1.3382566707e+00  1.1107737762e+00 -1.5333644158e+00
ENERGY -5.868653515699e+02
GRADIENT  2.1141481597e-03  1.1051631016e-03 -7.3069810938e-04  6.0471914034e-06 -1.5714084342e-05  6.8121999115e-06  1.5753810719e-05  1.4470961976e-05  4.8338868795e-05 -2.6635612529e-03 -7.4731392936e-04  1.0603188773e-03 -2.2762650552e-06  2.2281311068e-05 -5.9309562271e-05  1.3331668155e-03  1.9201795068e-03 -1.5679020023e-04  5.4456729189e-06 -4.2251134990e-05 -2.5737481968e-05  2.1353914408e-05 -3.2330678104e-05 -6.8341785650e-06 -8.2379212673e-04 -2.2301158477e-03 -1.1789711565e-04  4.8925960382e-06 -1.3767413919e-05  2.2403544762e-05  6.6192846734e-06 -7.6321439476e-07 -1.9018316643e-05 -6.8242636343e-06  1.1282111830e-05 -6.8760437862e-06  3.5102324519e-06  8.5805294467e-06 -1.6033309495e-06 -8.4947070118e-06 -9.7845140649e-08  4.8396746169e-06  7.1272812936e-06 -6.9729959324e-07  1.1141647181e-05  5.2498661998e-06  5.6322248219e-06 -4.7597801762e-06  5.5013224474e-06  7.1193282208e-06 -3.0786514232e-06 -3.2190974784e-06  6.9159180678e-06  8.3664622159e-07 -4.6775016369e-06  9.1166783023e-06 -4.1718561112e-06 -1.0897579701e-07 -1.1209446861e-06  1.2601703536e-06 -2.1496949231e-06  5.3998625704e-06 -3.4291825128e-06

JOB 22
COORDS  1.2811288967e+00 -1.0127423399e+00  1.2106628354e+00  1.7649979578e+00 -1.3631893742e+00  2.4640559304e+00  2.1565079313e-02  7.3766103790e-01  2.2907714236e+00  3.8989603665e-01  8.0421960331e-02  1.0805666120e+00  1.3357009839e+00 -6.1708808491e-01  3.5622458511e+00 -1.2535439051e+00  1.3883423742e+00 -1.7888344288e-01  1.9444516788e-01 -3.0180921736e-01 -1.3259000068e+00  4.8793839514e-01  3.9793281709e-01  3.4857536808e+00 -1.0434204134e-01  4.8784586325e-01 -1.3738137138e-01  1.8336336752e+00 -9.6340763388e-01  4.9113159892e+00  2.6190111747e+00 -1.9231416099e+00  4.9827270071e+00  1.4513000700e+00 -2.9521350760e-01  5.8696700674e+00  1.5934721284e+00 -1.5868771013e+00  3.4693729433e-01  2.4478818894e+00 -2.1930179746e+00  2.5982983243e+00 -6.7563311133e-01  1.5695456232e+00  2.2797047820e+00 -1.5305066166e+00  1.5639200430e+00 -1.2185572408e+00 -1.0103188310e+00  2.3590300918e+00  2.6513308134e-01 -2.1245844927e+00  9.7287153589e-01  3.4655307479e-01  1.2759103225e+00 -3.8698093815e-01 -1.4720875713e+00 -2.1528701570e-01  2.0214020052e-01 -2.2017230526e+00 -2.3242854572e-01 -1.3145882557e+00 -1.2773910497e+00
ENERGY -5.868664504374e+02
GRADIENT -8.1060643542e-04 -5.7612801484e-04  9.7402210504e-05  6.7632195698e-06  1.4476741797e-05  1.6907913606e-05 -2.7841956175e-05  1.6482306912e-05  6.8839289850e-06  9.4911961251e-04  5.3054471022e-04 -1.8166242352e-04  3.3715596041e-05 -6.7468420668e-05  1.4560464774e-05 -5.5848913821e-04 -7.3123851337e-04  4.3715802961e-05  6.1155366397e-05 -3.6384300295e-05  6.3597066400e-05 -1.0318505859e-05  8.7505509470e-06 -3.1153522156e-05  3.3855106559e-04  8.5050616024e-04 -4.5785228401e-05  2.8292428060e-05  1.3068039985e-05  1.0707500555e-06 -3.3743173236e-06 -1.1196265160e-05 -1.1291899551e-06 -4.2730864916e-06 -1.0518972691e-05  2.5225210355e-06  2.1744229010e-06  3.2831819965e-07 -8.0762841746e-06 -2.2060106879e-06  2.1587945251e-07 -3.0853925964e-06 -3.2370142319e-07 -9.7641237793e-06 -2.6792288900e-06  4.7512997603e-07  2.3983657242e-06 -8.2723998213e-06 -2.4505444360e-06 -1.0545795675e-07 -3.0831754191e-06 -7.9814529370e-07 -1.0672877246e-06 -6.0199597648e-06  2.3161848137e-06  2.5416123626e-06 -5.6882573387e-06 -1.3944681697e-06  1.4069361239e-06 -9.6465504884e-06 -4.8923037910e-07 -3.8968654106e-06 -1.1652538460e-06

JOB 23
COORDS  1.2652293186e+00 -1.0374923927e+00  1.1756952638e+00  1.7796790105e+00 -1.3720199149e+00  2.4204654460e+00 -6.6218087636e-02  6.4376250574e-01  2.2845306170e+00  3.0777039626e-01  2.0003631448e-03  1.0669187985e+00  1.3240746054e+00 -6.5838756099e-01  3.5305409202e+00 -1.2142032677e+00  1.4510862084e+00 -1.9775735023e-01  1.6688512171e-01 -3.1445959042e-01 -1.3560221904e+00  4.3053172899e-01  3.1790139997e-01  3.4708861144e+00 -2.3191565149e-01  3.7524776640e-01 -1.3658773288e-01  1.8529283523e+00 -9.9069973128e-01  4.8703837196e+00  2.6895502730e+00 -1.9076235526e+00  4.9247255725e+00  1.4445473746e+00 -3.5424017506e-01  5.8398246380e+00  1.6049186502e+00 -1.5785341972e+00  3.0072626721e-01  2.5124853045e+00 -2.1605584426e+00  2.5395294402e+00 -7.9527371266e-01  1.4480975596e+00  2.2857276524e+00 -1.5140086822e+00  1.6035858174e+00 -1.2343998318e+00 -8.0135369709e-01  2.3959720758e+00  1.7680743918e-01 -2.1140019529e+00  1.2118729362e+00  3.8308295686e-01  1.2425761138e+00 -2.0813576005e-01 -1.5470223789e+00 -3.6787072681e-01  1.1455754932e-01 -2.2031881427e+00 -7.2945864094e-02 -1.3847762398e+00 -1.3121709381e+00
ENERGY -5.868666294196e+02
GRADIENT  2.6140302433e-05  3.6864760533e-05 -1.3988655322e-05 -1.2789931205e-05  1.1706267262e-05 -1.1235016325e-05 -1.4119922592e-05  2.1850654327e-05 -1.8097684208e-05 -5.2995683835e-05 -3.4944124700e-05 -7.8022038422e-06  3.2866834890e-05 -9.0789905486e-06  1.5018687304e-05  4.5266291579e-05  3.4138702786e-05 -1.0498081903e-06 -2.6328515841e-05 -4.8775782425e-06  5.5302883523e-06  7.7288115407e-06 -2.2161852946e-05 -1.1761795605e-05  1.7618813580e-05  1.2194095309e-05  1.6509807191e-06  1.3031218615e-05 -1.3101913744e-05  1.6388738443e-05 -2.6069326205e-06 -2.8269652482e-06 -1.2916588246e-05  6.7075649920e-06 -2.4228047341e-06  3.7971759308e-06 -7.9342486496e-06 -4.6985775387e-06 -1.2156210426e-05 -3.8860065987e-06 -1.0289513692e-06 -9.0081095158e-07 -7.4788844765e-06 -1.1884843081e-05 -2.0989006797e-06  2.2539740057e-07 -8.9602818903e-06 -2.4257952035e-06 -2.3213054431e-06 -1.3995786183e-05  6.3426843934e-06 -1.1536595380e-05 -3.0713251122e-06 -5.2067589352e-06  6.0417121415e-06  2.9006681935e-06 -3.3914931699e-06 -3.0729856056e-06 -6.6277721527e-06 -9.0860265781e-06 -6.1553870879e-07 -2.7470914423e-06 -1.7920021329e-06

