JOB 0
COORDS  1.3908274423e+00  9.3859013218e-03  1.6771252064e+00  1.5439326838e+00 -4.5331562464e-01  2.9737261168e+00 -4.2421359374e-01 -1.5272920780e+00  1.4002431786e+00  4.0118150348e-01 -5.4713718800e-01  8.3587693998e-01  6.5904975722e-01 -1.4500951604e+00  3.4218244531e+00 -9.8621206160e-01 -3.5546457422e-01 -1.2090040825e+00 -3.0198145389e-01 -1.9643451991e+00  2.6696569908e+00  2.1642009478e-01 -2.9418399375e-02 -4.6022883001e-01  7.8664630190e-01 -1.9117959280e+00  4.7013496895e+00  2.0283032670e+00  8.0560735411e-01  1.2996561667e+00  2.2977126330e+00 -5.2719025787e-02  3.6437250065e+00 -1.2245235527e+00 -1.9830051443e+00  8.2359044490e-01 -1.0798152389e+00 -1.4196813103e+00 -1.4817890685e+00 -9.9704072168e-01  2.3380695126e-01 -2.1300624378e+00 -1.8666785404e+00 -7.6589496452e-02 -6.2128691919e-01  1.0615843610e+00 -5.8388596414e-03 -1.0179942788e+00  8.6985750128e-02 -2.5807372893e+00  4.8118399262e+00
ENERGY -4.182509519143e+02
GRADIENT -2.3273054484e-03  2.2786288099e-03  1.3001388774e-03  3.7357145082e-05  3.9290455655e-05 -3.1554806681e-05  3.8043852873e-05  5.4866250541e-05 -4.5952398027e-05  2.6631436779e-03 -2.0378532426e-03 -1.2100870324e-03 -8.4737387097e-05 -4.9192337720e-05 -5.3830570122e-05 -1.5645527577e-03  2.7306219093e-03  1.3387138067e-03  4.1076519220e-05 -9.0506522179e-06  8.1529072893e-05  1.1623581590e-03 -3.0014051051e-03 -1.4445633068e-03  1.0708835122e-05  4.0788568947e-06 -1.3234846025e-06  4.2670684812e-08 -4.5967434202e-06 -7.1329642609e-06 -1.7104305903e-07 -2.0786850891e-06  4.1637008573e-06  3.3909829679e-06 -7.9814196686e-06  6.0620404357e-06  1.4015891907e-06 -2.4651981296e-06 -3.0939498509e-06 -4.6672929561e-06  2.8552713969e-06  1.7818285259e-06  1.4611730166e-06 -6.9310545153e-06  3.9737548502e-06  2.9091414210e-05 -1.1443190094e-05  4.9383242135e-05  2.1086774640e-06 -2.6041157439e-06  1.3105311368e-06

JOB 1
COORDS  1.3635422136e+00  2.6249179489e-02  1.6781011940e+00  1.4957767142e+00 -4.0325182912e-01  2.9897703136e+00 -3.3428217455e-01 -1.6293578168e+00  1.3629028090e+00  4.5102179052e-01 -6.1154549559e-01  8.1114243970e-01  6.5976892993e-01 -1.4477966113e+00  3.4206702334e+00 -1.0039180118e+00 -2.7907177286e-01 -1.1686373920e+00 -2.3913908688e-01 -2.0369360172e+00  2.6431679142e+00  2.8691448292e-01 -1.2507206876e-01 -5.1071467594e-01  7.6405918600e-01 -1.8792881510e+00  4.7108295197e+00  1.9565163905e+00  8.5744710998e-01  1.3050804479e+00  2.1912346005e+00  5.8476651467e-02  3.6831293992e+00 -1.0835117149e+00 -2.1396167444e+00  7.6233325934e-01 -1.2687806678e+00 -1.3149737664e+00 -1.4375464105e+00 -1.0041302171e+00  3.1698072724e-01 -2.0863687321e+00 -1.7874806617e+00  1.1180924740e-01 -5.1254649621e-01  1.0772481748e+00 -3.1901625420e-01 -1.1156121420e+00  1.0316164854e-01 -2.5888153561e+00  4.8073763764e+00
ENERGY -4.182485564343e+02
GRADIENT -2.9166029327e-03  2.4961541255e-03  1.3274025348e-03  2.5534435469e-05  3.6678490720e-05 -3.9465440855e-05  1.2134668572e-05  2.9605582217e-05 -8.6254315470e-05  3.7576833931e-03 -1.9904216645e-03 -1.1744509543e-03 -6.8854845612e-05 -5.7439613393e-05 -3.2195894085e-05 -1.1209277526e-03  3.4737134040e-03  1.4080856832e-03  4.0242381806e-05  8.4861411263e-06  7.7813423559e-05  3.2675828793e-04 -4.0257107619e-03 -1.4181751957e-03  1.5424891412e-05  2.9921309959e-07 -6.3914570715e-07 -2.4720597703e-06  3.6982878939e-07 -5.9079350970e-06 -4.8658450200e-06 -5.4863302331e-07  7.0307554604e-06 -2.1558165358e-06 -4.0535580639e-06  5.6804085152e-06  8.7250259175e-07 -6.1734208778e-06  5.2028346665e-07  2.3324588262e-08 -1.2612910822e-06  5.7510831272e-07  1.4836711489e-06 -3.8783603494e-06  7.6202673824e-08 -4.4317793402e-05  1.3044295631e-05 -5.7271734983e-05 -3.8725872812e-07 -1.1570353620e-06  3.8420581031e-06

JOB 2
COORDS  1.2994296260e+00  7.7540274059e-02  1.6436317208e+00  1.4214324417e+00 -3.2276002272e-01  2.9678749432e+00 -2.2814129125e-01 -1.7280046595e+00  1.2939641960e+00  4.6964950885e-01 -6.3941508385e-01  7.6245610249e-01  6.7126497745e-01 -1.4358756347e+00  3.3798929915e+00 -1.0073126293e+00 -1.6006867636e-01 -1.1546322305e+00 -1.3752676276e-01 -2.1211470330e+00  2.5769787038e+00  3.4655272553e-01 -1.9831529329e-01 -5.9682115086e-01  7.6548243929e-01 -1.8450702062e+00  4.6757417931e+00  1.8363681920e+00  9.4467173061e-01  1.2689367221e+00  2.0536369968e+00  2.0010761050e-01  3.6781164102e+00 -8.9781701787e-01 -2.3148481833e+00  6.6811456452e-01 -1.4982204748e+00 -1.1406829184e+00 -1.2608679106e+00 -9.6569163061e-01  3.0515479606e-01 -2.1446701625e+00 -1.6363434824e+00  4.6556668074e-01 -5.1474203571e-01  9.8175192501e-01 -7.0623753924e-01 -1.2064824482e+00  1.7443565199e-01 -2.6158903586e+00  4.7555264074e+00
ENERGY -4.182466865568e+02
GRADIENT -1.1382591834e-03  9.0838647388e-04  3.3073951205e-04 -3.8700775394e-05 -1.8663703345e-05  5.6123563617e-06 -7.9443250957e-05 -1.0844664233e-04 -6.2920542720e-05  1.7015475262e-03 -6.0083561406e-04 -2.8450099260e-04  4.5665523837e-05  2.4892064543e-05  6.8588782010e-05 -1.2242908075e-04  1.3865988709e-03  4.6203759443e-04  1.1596529891e-05  3.9196140744e-05 -6.9766761364e-05 -4.4724027787e-04 -1.6704535133e-03 -4.8894914251e-04 -6.0237820934e-06 -1.8824540156e-07  2.9336925697e-05  6.5165478601e-06  6.2733899494e-06  1.0968242680e-05  9.8879587239e-06 -1.6786538532e-05 -3.0377501663e-06 -1.1858884854e-05  3.2845398751e-06 -2.3216175674e-05 -1.4518594889e-06 -6.6166828439e-06  1.1976265143e-05 -4.7784572530e-07 -3.7233963749e-06  6.0305819161e-06  2.8005584837e-06  8.4681202047e-07  3.6050578980e-06  5.6646104442e-05  3.5127956903e-05  5.4478729003e-05  5.3360106215e-06 -3.4383326565e-07  1.4114737165e-06

JOB 3
COORDS  1.2173327622e+00  9.1586325006e-02  1.6453925467e+00  1.3227784498e+00 -2.8101222258e-01  2.9800781299e+00 -1.2943600098e-01 -1.8473601826e+00  1.2688711730e+00  4.7165518493e-01 -6.9599421243e-01  7.5296854098e-01  6.6599257533e-01 -1.4560760300e+00  3.3783203356e+00 -9.8339501430e-01 -5.1867389490e-02 -1.1046267821e+00 -3.9091638516e-02 -2.2279489431e+00  2.5546359460e+00  3.8535958215e-01 -3.1077094627e-01 -6.3220686759e-01  7.5142816494e-01 -1.8434986616e+00  4.6807059444e+00  1.7053852003e+00  9.8720895699e-01  1.2711621178e+00  1.8894085235e+00  2.9640315571e-01  3.7032340029e+00 -7.0822701722e-01 -2.5039449381e+00  6.1988467422e-01 -1.6748556880e+00 -9.0163556969e-01 -9.8991416273e-01 -9.4587848700e-01  2.2346071010e-01 -2.1633640756e+00 -1.3971392274e+00  7.9555624026e-01 -5.4980776440e-01  8.0884720325e-01 -1.0333760942e+00 -1.2106618776e+00  2.3933598835e-01 -2.6700461846e+00  4.7478787308e+00
ENERGY -4.182468069004e+02
GRADIENT  1.1378631187e-03 -7.6115185660e-04 -2.7800885425e-04  4.6566761999e-06 -2.5083624307e-06  1.4126306821e-05  2.8517341235e-05  3.1464936055e-05  6.1323550113e-05 -1.7401374023e-03  5.9052985682e-04  2.5259593937e-04 -1.2691706176e-05  2.4839516583e-06 -3.9723505412e-05 -1.3447033459e-04 -1.2255955270e-03 -3.4305783260e-04 -1.7258858658e-05 -2.7449963021e-05  1.9840998503e-05  7.2589767472e-04  1.3859692131e-03  3.5656268678e-04 -8.9928438651e-06 -2.8652532202e-06 -1.5399047384e-05  2.1875747998e-06 -2.7421360370e-06  1.5083836990e-06 -9.1192619303e-07  4.6767880837e-06  3.6567062911e-06  2.8074448367e-06 -1.4511292379e-06  1.3000411253e-05  3.9987040648e-06  5.4092600347e-06  7.0315952296e-06  3.2755051356e-06 -6.6624278775e-06 -2.0644415958e-07  6.7054741122e-06  5.4298514818e-06 -4.4996292915e-06  5.0516132099e-06  7.5140898194e-06 -8.7132465773e-06 -6.4233619535e-06 -1.3278313809e-06  3.7126694023e-06

JOB 4
COORDS  1.1355150394e+00  8.7956853424e-02  1.6360902395e+00  1.2281087057e+00 -2.4922965617e-01  2.9804273180e+00 -4.5911327727e-02 -1.9580417803e+00  1.2648500469e+00  4.7456011794e-01 -7.7150080107e-01  7.4232309785e-01  6.6044060900e-01 -1.4686927898e+00  3.3848934019e+00 -9.3200288397e-01  4.8104152547e-02 -1.0660187743e+00  4.6703013561e-02 -2.3112241199e+00  2.5587106353e+00  3.9762167689e-01 -4.3197067238e-01 -6.5176996448e-01  7.4305116603e-01 -1.8238977656e+00  4.6970486605e+00  1.5728256421e+00  1.0072745656e+00  1.2562094861e+00  1.7301480327e+00  3.8277352061e-01  3.7056451609e+00 -5.5359200967e-01 -2.6682564234e+00  6.1164046170e-01 -1.7470798764e+00 -6.6396522416e-01 -8.5954894811e-01 -9.1537254423e-01  2.6416249664e-01 -2.1389067794e+00 -1.1572893553e+00  9.7906815623e-01 -5.3713270523e-01  6.3472642746e-01 -1.2529539363e+00 -1.2051481549e+00  3.0231886773e-01 -2.6902756741e+00  4.7676190914e+00
ENERGY -4.182479090743e+02
GRADIENT  1.8262077311e-03 -9.6962171753e-04 -3.6397703896e-04 -2.8429742263e-07 -1.2158872438e-05 -1.4119523499e-05  7.3473575750e-06 -1.2850158880e-05  1.6864896092e-05 -2.9124670228e-03  8.3400454558e-04  3.4640350815e-04 -1.6289096165e-06 -2.4921892048e-06 -6.5380012518e-05 -4.4140014251e-04 -1.7794543380e-03 -3.6991489105e-04 -3.0345201825e-06 -1.7471391485e-05  2.0326649694e-05  1.5819800100e-03  1.9682844798e-03  4.1182564469e-04 -9.7960274347e-06  2.7718776856e-06 -2.7015410950e-05  1.2634421299e-05  5.4913886843e-06  2.8258167158e-08 -4.6974519638e-06  1.4920979054e-05 -6.5128313834e-06  3.5710799221e-06 -3.3420216569e-06  6.0521638305e-06 -9.6019942128e-06 -5.8986344977e-06 -2.2012340233e-05 -1.9164248763e-06  2.3788093670e-05 -1.3304581897e-06 -2.8107578527e-05  4.4531317580e-07  1.5324170401e-06  5.4076101563e-06 -1.5640938265e-05  3.7045977178e-05 -4.6735704778e-06  1.2363436646e-06 -1.0090866988e-06

JOB 5
COORDS  1.0361795363e+00  8.4756644933e-02  1.6016206181e+00  1.1383671658e+00 -2.1712606982e-01  2.9522738897e+00  2.8005401533e-02 -2.0572206575e+00  1.2597798592e+00  4.5510538063e-01 -8.4299557716e-01  7.1758606810e-01  6.7240736476e-01 -1.4734152341e+00  3.3766512373e+00 -8.6982870347e-01  1.4985766638e-01 -1.0641967756e+00  1.4207283241e-01 -2.3782481441e+00  2.5613239495e+00  3.7179443668e-01 -5.4495414767e-01 -6.7912005967e-01  7.7217034227e-01 -1.7941272836e+00  4.6974656414e+00  1.4088178992e+00  1.0279647990e+00  1.2108871483e+00  1.5803851049e+00  4.6779832599e-01  3.6684567656e+00 -4.1614702593e-01 -2.8182245766e+00  6.1725312463e-01 -1.7836983480e+00 -4.0711640346e-01 -8.0329028383e-01 -8.5841421799e-01  3.3055947785e-01 -2.1434410219e+00 -9.1096888669e-01  1.1200767290e+00 -5.6062276113e-01  4.3637585394e-01 -1.4131896526e+00 -1.2064733305e+00  4.0724122044e-01 -2.6937707718e+00  4.7819411611e+00
ENERGY -4.182492193332e+02
GRADIENT  1.9150439849e-03 -8.9699826923e-04 -2.7671592441e-04  8.8448921301e-07  1.7362290705e-05 -4.1455265376e-05 -1.7205988745e-05  5.1108400012e-06 -1.0257450452e-04 -3.2501343057e-03  5.5588014879e-04  4.2900508818e-04 -1.0194210134e-05 -2.2293270128e-05  7.0228199342e-05 -1.0106275914e-03 -1.6468436149e-03 -3.1798490945e-04  2.4565425177e-05  4.2742742070e-05  5.6923645634e-06  2.3333976752e-03  2.0204257387e-03  1.7689882549e-04  6.7116907186e-06  1.3394755370e-05  2.6843770557e-05  4.5053980754e-06 -8.8237416070e-07 -1.0296307010e-05  6.2101363161e-06 -9.8827864170e-06 -7.4506784635e-07 -1.0939461989e-05 -5.6247320941e-06 -6.5957160528e-06  1.9838935058e-05  3.8605764716e-06 -4.7029045179e-06  1.0307796628e-05  9.4863463261e-07  4.6639102905e-06  6.0648439133e-06 -3.6698472601e-07  5.4027743754e-06 -3.0861553753e-05 -6.6041694369e-05  2.8536849661e-05  2.5714441276e-06  6.8087219966e-06 -6.2034354468e-07

JOB 6
COORDS  9.1603639148e-01  7.9895450383e-02  1.5583094386e+00  1.0538638273e+00 -1.9216531461e-01  2.9113192307e+00  8.3394659754e-02 -2.1423983950e+00  1.2596236938e+00  4.0523079235e-01 -9.0687091355e-01  6.9179295451e-01  7.0001952957e-01 -1.4761834225e+00  3.3608459956e+00 -8.0855312901e-01  2.3392281985e-01 -1.0929833270e+00  2.3862487500e-01 -2.4320949043e+00  2.5644009285e+00  2.9844259857e-01 -6.5548724240e-01 -7.0432097128e-01  8.3977088894e-01 -1.7658629769e+00  4.6864951249e+00  1.2106063458e+00  1.0462931566e+00  1.1575659772e+00  1.4433881277e+00  5.3963862820e-01  3.6114587194e+00 -3.0632697074e-01 -2.9470044140e+00  6.3512888773e-01 -1.7978673426e+00 -1.4054071153e-01 -7.8639056124e-01 -7.9698295966e-01  3.6335356081e-01 -2.1792478841e+00 -6.6397623633e-01  1.2180889668e+00 -6.3907660636e-01  2.0690232255e-01 -1.5394427810e+00 -1.1991523149e+00  5.5162379932e-01 -2.6910425151e+00  4.7887628135e+00
ENERGY -4.182503971750e+02
GRADIENT  1.6109205412e-03 -6.4311448543e-04 -2.3879980618e-04 -2.4877003743e-05 -2.0058213845e-06  3.1652558567e-05  3.1067145489e-05 -1.9804720465e-05  8.5921501110e-05 -2.8195997043e-03  4.2135110345e-04  2.0013576073e-04 -2.5071196897e-07  4.7444050708e-06 -1.9572418657e-05 -8.7761571017e-04 -1.2668979771e-03 -1.4914169826e-04 -1.0025649010e-05 -3.2559987066e-06 -1.5886233938e-05  2.1386297277e-03  1.4604265211e-03  1.4142483711e-04 -2.3463350360e-06 -3.1178050669e-06  8.9663110714e-06 -1.0467946373e-05  3.5920618917e-06  3.8827386865e-06  1.0483989888e-05 -3.3913982425e-07 -1.5243397845e-06 -1.2109874068e-05  1.4165251222e-05  1.0485265989e-07 -1.5836029707e-05  5.6863080193e-06 -1.0374615481e-06 -7.6269801315e-07  8.5697113356e-06 -2.7882192974e-06 -1.4152901299e-05  1.4138172516e-05  1.2911861901e-05  2.8069745661e-06 -2.2389780462e-06  7.3523294841e-06 -4.5095651475e-06 -2.1134941359e-06  3.6010097546e-06

JOB 7
COORDS  7.8850290353e-01  6.9743930485e-02  1.5736623504e+00  9.6297966198e-01 -1.9080165194e-01  2.9251579289e+00  1.3261955627e-01 -2.2123980080e+00  1.2872728692e+00  3.5190688021e-01 -9.5660529638e-01  7.1080212479e-01  7.1701042406e-01 -1.4961999235e+00  3.3818816386e+00 -7.1520016247e-01  3.0807207478e-01 -1.1031331959e+00  3.2156650104e-01 -2.4846870970e+00  2.5903006713e+00  2.2158954023e-01 -7.4264179470e-01 -6.8226544543e-01  8.9219738039e-01 -1.7717901880e+00  4.7076792496e+00  9.9956124465e-01  1.0603135583e+00  1.1804885279e+00  1.2962924583e+00  5.7342051528e-01  3.6196645190e+00 -2.0100856609e-01 -3.0467215753e+00  6.6918345443e-01 -1.7363141354e+00  1.6091095680e-01 -7.1843585757e-01 -7.4699534446e-01  3.3419555885e-01 -2.1958993275e+00 -3.6043585346e-01  1.2845866715e+00 -7.6382657567e-01 -7.8993955029e-03 -1.6177562938e+00 -1.1448954478e+00  6.7635672913e-01 -2.7158896401e+00  4.8136462718e+00
ENERGY -4.182512475823e+02
GRADIENT  1.1465388196e-03 -3.4128915172e-04 -1.5957752443e-04  2.4418175866e-05  3.5067312725e-06 -1.5085356547e-05 -3.4354422935e-06  2.6019931083e-05 -3.2248926011e-05 -2.1736698454e-03  1.7738543016e-04  2.7297672088e-04 -1.3318769985e-05 -1.5295006028e-05  3.9605544762e-06 -8.2822607180e-04 -7.7827881289e-04 -2.4012314864e-05  8.3716875425e-06 -1.8756765674e-05  2.9706173756e-05  1.8230620266e-03  9.4315453437e-04 -3.2806939615e-05 -1.8800420073e-06 -1.1072079830e-06 -1.9060438563e-05  2.0473359638e-05 -2.1257303660e-06  4.6904502030e-06 -1.3292111124e-05  1.1419098452e-06  8.3117238196e-06  9.0431232454e-06 -7.2554863201e-06  9.2241008737e-06  2.5465736222e-06  9.7535914943e-07  4.4424232048e-07 -4.6917569721e-07  4.1362967194e-06  2.6086408235e-06  3.5565217064e-06 -1.7411213539e-06 -6.5086098056e-06  4.1570920494e-06  1.0389319096e-05 -4.6333505311e-06 -4.5097541988e-06 -1.4056428981e-06  1.5391854178e-06

JOB 8
COORDS  1.0580523215e+00 -1.3130638132e+00  1.1551140409e+00  1.5347679996e+00 -1.5437652204e+00  2.4393058564e+00 -1.0214243617e+00 -6.3961354639e-01  2.1268855395e+00 -2.5813542991e-01 -8.4258574015e-01  9.6897126857e-01  6.6977949294e-01 -1.3095700437e+00  3.5182895148e+00 -1.8480554206e-03  1.7301971192e-03 -1.3322412565e+00 -5.7538257660e-01 -8.7291530295e-01  3.3712408047e+00 -8.1759205956e-01 -6.6097690872e-01 -3.1146826926e-01  1.1211305374e+00 -1.5352253620e+00  4.7884104504e+00  1.7024411505e+00 -1.5013303845e+00  3.0165162315e-01  2.5427398830e+00 -1.9030833938e+00  2.6191687424e+00 -2.0471404918e+00 -2.7740979724e-01  2.0471690462e+00  4.3415888806e-01  9.5303032474e-01 -9.9028248580e-01 -6.2685071263e-01  1.9348510851e-01 -2.2081876535e+00  8.1236229323e-01 -6.5315089949e-01 -1.6552451716e+00 -1.7337692545e+00 -2.3010890892e-01 -2.4145745894e-01  3.7707227345e-01 -1.3150248161e+00  5.3772389225e+00
ENERGY -4.182520028383e+02
GRADIENT -4.6747358445e-04 -1.2928575681e-03  2.1062489199e-05  6.1265128789e-06  1.1301066349e-05  1.7319489251e-05 -7.8714939830e-07 -2.3176098921e-06  3.8634335497e-05  4.7347122979e-04  2.5030074710e-03  8.7024397258e-05  4.4690131665e-07 -1.0415404798e-05 -1.8359717039e-05 -4.8096494620e-04  1.0858328705e-03  3.7905307779e-04 -4.3957125688e-06  1.8651598175e-06 -2.1817600322e-05  4.6991536395e-04 -2.3073093149e-03 -5.1365955853e-04  6.3785752028e-06  2.2062747786e-07  1.2712177222e-05  4.7054833779e-06  8.0781237505e-06  7.0145392027e-07  4.9506747634e-07 -5.5142868354e-06 -2.2650201727e-06  1.6984761698e-06  1.7793669259e-06 -7.5471482001e-06  4.2025798356e-06  4.8938201687e-06 -1.4369473816e-06  4.4282177919e-06 -3.3439032998e-06 -3.1437405870e-06  9.3357507925e-06  1.2350815456e-06  1.9503691149e-06  2.0640605597e-06 -1.0807799045e-05  6.6265048393e-06 -1.1444393363e-06 -3.0819840044e-06 -2.4076057413e-06

JOB 9
COORDS  1.0699429340e+00 -1.1940613781e+00  1.1606437236e+00  1.5472695840e+00 -1.4715005976e+00  2.4373590037e+00 -1.0488299041e+00 -6.8246208231e-01  2.1486329944e+00 -2.6828020809e-01 -7.8683011682e-01  9.8646862249e-01  6.6757628038e-01 -1.3343101533e+00  3.5185754609e+00  2.1129460807e-02 -9.1969486196e-02 -1.3645499783e+00 -5.9702895867e-01 -9.4908289716e-01  3.3820630352e+00 -8.3550611920e-01 -5.5629068008e-01 -2.7739050874e-01  1.1194795263e+00 -1.6020177178e+00  4.7812738795e+00  1.7345244588e+00 -1.2954181045e+00  3.0855560497e-01  2.5719819394e+00 -1.7856420204e+00  2.6069355937e+00 -2.0916831562e+00 -3.7115200522e-01  2.0776659189e+00  6.4692713237e-01  7.7107563910e-01 -1.0878713026e+00 -6.0992061528e-01  1.8870823302e-01 -2.2112604944e+00  6.7880005047e-01 -8.9798192530e-01 -1.7052208379e+00 -1.6935352868e+00 -2.0954165634e-02 -2.0927162261e-01  3.6134225958e-01 -1.4457657729e+00  5.3723887083e+00
ENERGY -4.182527035438e+02
GRADIENT -2.1120746535e-04 -8.5093376136e-04 -2.9161747613e-05 -2.7146633311e-05  9.7769006179e-06 -4.7022022139e-05  4.0764117515e-05 -1.6092030418e-05 -1.9941992976e-05  2.2503959915e-04  1.6712516794e-03  2.4502267093e-05 -7.4204210472e-05  2.0844997001e-05  2.4490873720e-05 -2.3626065266e-04  7.0988471776e-04  2.7177982728e-04  4.6957248778e-05 -1.5524020124e-05  3.2380777513e-05  1.7174962555e-04 -1.5420415017e-03 -2.4522864533e-04  1.2922913205e-05 -1.4962350420e-05  2.0711308793e-05 -3.5125227325e-06  5.7325755872e-06 -3.3578466267e-06 -3.5324584554e-06 -3.1899482623e-07  8.5530267020e-07  1.0203155660e-05 -1.6600066658e-06  6.1147472444e-06  3.3933466482e-06  2.3111158206e-05 -1.2128399371e-05  3.8389798567e-06 -1.3030762803e-05 -1.7168159875e-05  1.7318762712e-05  1.3310957607e-05 -5.1277592609e-06  1.9197450540e-05  3.2054693019e-06 -2.7698513805e-05  3.6389401937e-06  2.3972774486e-06 -6.9191522308e-07

JOB 10
COORDS  1.0786732379e+00 -1.0838254481e+00  1.1659189515e+00  1.5560467307e+00 -1.4096857018e+00  2.4326255313e+00 -1.0682929019e+00 -7.1222658990e-01  2.1581454960e+00 -2.7451540014e-01 -7.2796756832e-01  9.9871490542e-01  6.6533386109e-01 -1.3574698493e+00  3.5105133647e+00  1.6623772657e-02 -1.6804799346e-01 -1.3914102302e+00 -6.1309709018e-01 -1.0134933373e+00  3.3810090364e+00 -8.4421361032e-01 -4.3394474601e-01 -2.4859905181e-01  1.1161093197e+00 -1.6696626360e+00  4.7636759290e+00  1.7563379179e+00 -1.1097815164e+00  3.1897276114e-01  2.5914810958e+00 -1.6901741133e+00  2.5960566882e+00 -2.1229562363e+00 -4.4354757815e-01  2.0907923555e+00  7.5824211258e-01  6.2646912309e-01 -1.2087770179e+00 -6.0717908683e-01  1.2686073994e-01 -2.2385484748e+00  5.5337341724e-01 -1.0774748795e+00 -1.6815978898e+00 -1.6308253728e+00  2.0014058351e-01 -1.8024686742e-01  3.4751784383e-01 -1.5702025911e+00  5.3535044291e+00
ENERGY -4.182528374229e+02
GRADIENT  1.3343774082e-04  4.6956894832e-04  6.7708126159e-05 -1.6749710799e-05 -7.7508284571e-06 -5.1178554518e-05 -8.5234174257e-05  4.1376179387e-05 -1.1670359895e-04 -1.6003920885e-04 -9.5908040385e-04 -5.9190941734e-05  2.4893175427e-05 -1.4128164411e-05  8.4177500720e-05  1.5351623048e-05 -4.3036874488e-04 -9.3256661035e-05  5.4217510721e-05 -1.8653986855e-05 -2.2044895051e-05  2.7651302259e-05  9.0656088205e-04  1.5294186917e-04  1.7444926627e-05 -2.2395178310e-05  3.3896732649e-06 -1.3808272409e-06 -5.2018669718e-06 -6.4934911369e-06 -2.4822243851e-06  1.7117562743e-05  8.0004878427e-06 -7.0656183051e-06  4.1553931265e-06 -7.6073450390e-06 -4.7209773347e-06  3.4746186487e-07 -4.7236354847e-06 -6.7686739742e-07 -1.2986442457e-06 -6.2874525961e-06 -1.1281070247e-06 -2.7911629426e-06 -3.4962239807e-06  5.1335797102e-06  2.7297884785e-06 -1.3749906760e-06  6.5473566310e-06  8.4725687613e-06 -4.9038376245e-07

JOB 11
COORDS  1.0956563112e+00 -9.8379522029e-01  1.1768598924e+00  1.5673404209e+00 -1.3552561379e+00  2.4335404201e+00 -1.0779213991e+00 -7.4065224264e-01  2.1513130854e+00 -2.6793878838e-01 -6.7393474950e-01  1.0047018976e+00  6.6118319779e-01 -1.3803535266e+00  3.4991381335e+00 -1.9887688767e-03 -2.4196318811e-01 -1.4185134220e+00 -6.2726328547e-01 -1.0746928320e+00  3.3671257285e+00 -8.3128908123e-01 -3.1304401549e-01 -2.2832792139e-01  1.1048163280e+00 -1.7347853643e+00  4.7432187558e+00  1.7856602505e+00 -9.4111978875e-01  3.4055333475e-01  2.6095578986e+00 -1.6077042697e+00  2.5997640494e+00 -2.1410049344e+00 -5.1136526202e-01  2.0773403110e+00  8.1981689429e-01  4.9005791307e-01 -1.3488778034e+00 -6.3141344606e-01  2.9817631671e-02 -2.2695887593e+00  4.3333112823e-01 -1.2246632978e+00 -1.6290802053e+00 -1.5293490578e+00  4.1652300619e-01 -1.6100219750e-01  3.2494878346e-01 -1.6888432067e+00  5.3248630045e+00
ENERGY -4.182520837997e+02
GRADIENT  3.4332052189e-04  2.0522097688e-03  4.5035021967e-04  3.2922947913e-05 -1.5735582209e-05  9.1651445289e-06 -1.9099438017e-05 -2.5650945638e-05 -9.3735836454e-06 -7.6417743401e-04 -4.1127200521e-03 -8.6918897762e-04  5.3193021054e-05  1.7329694899e-06  7.0074391519e-06 -3.9090473606e-04 -1.8974791201e-03 -3.6422331805e-04 -2.1702959762e-05  6.2480712974e-06 -2.1446616806e-05  7.4438091342e-04  3.9532209213e-03  8.4738241636e-04 -8.8178169814e-07 -9.5825447222e-06 -1.2534095575e-05 -2.6367861870e-06 -7.6357920049e-06 -3.4196101152e-06  2.8996106755e-06  4.4454250736e-06  2.2604773152e-06  2.6886051040e-06 -1.1453239810e-06 -1.3898836232e-05  1.0807081064e-05 -3.4154992459e-06 -8.1126831569e-06  3.4308462272e-06  2.5250421815e-05 -1.9443766031e-06 -5.5306306390e-06 -6.4217015718e-06 -6.1918566800e-06  1.9724240427e-05  2.8132352321e-05 -6.8045766557e-05  2.5277226478e-06  7.7133147170e-06 -2.9533363626e-06

JOB 12
COORDS  1.1170050576e+00 -8.9687065889e-01  1.2313957310e+00  1.5780536728e+00 -1.3118244330e+00  2.4776073384e+00 -1.0846695753e+00 -7.8505471211e-01  2.1649859713e+00 -2.5432055058e-01 -6.3466722313e-01  1.0429358672e+00  6.5040901119e-01 -1.4166796226e+00  3.5209816393e+00 -3.9020914010e-02 -3.2489482857e-01 -1.4062553913e+00 -6.4586704267e-01 -1.1529815423e+00  3.3765195463e+00 -8.0769881508e-01 -2.0870821315e-01 -1.7937130703e-01  1.0818484057e+00 -1.8121332878e+00  4.7556563521e+00  1.8194542505e+00 -7.8565186719e-01  4.1126849025e-01  2.6250573500e+00 -1.5343130291e+00  2.6563076384e+00 -2.1536986524e+00 -5.9582907628e-01  2.0736540164e+00  8.4984517545e-01  3.2684400972e-01 -1.4516064159e+00 -6.8460620168e-01 -7.5310920151e-02 -2.2528465886e+00  2.9210000476e-01 -1.3607406341e+00 -1.5330511377e+00 -1.3704590121e+00  6.2957630756e-01 -1.1053203638e-01  2.8943535515e-01 -1.8216407199e+00  5.3221544755e+00
ENERGY -4.182504226859e+02
GRADIENT  4.6079577544e-04  3.3325318784e-03  8.9588125141e-04  6.1861422720e-06 -1.0112331614e-05  3.1557708336e-05 -1.5281380648e-07 -1.5982926416e-05  2.6647857289e-05 -1.3571035344e-03 -6.6892891002e-03 -1.6642519991e-03  5.5072109187e-05  2.2553470662e-06 -1.7358472985e-05 -1.2177868428e-03 -2.9665217316e-03 -4.8037950299e-04 -4.6295407522e-05  1.1437982034e-05 -2.0843849873e-05  2.0890721782e-03  6.3325331058e-03  1.2277406646e-03 -1.0557972751e-05 -3.2528443684e-06 -1.3108783962e-05  1.2183412138e-07 -1.5502558084e-06 -4.5681360417e-07  2.7946424482e-06  4.3955528711e-06 -6.8497216619e-06  4.1471117346e-06  5.1823530641e-06 -1.0054562327e-05  3.3209849159e-06  5.0230409893e-06 -8.4418189791e-06 -1.8914664096e-06  3.0711690990e-06 -7.4048595225e-06  1.6986883890e-06  2.6612326557e-06 -3.7811956145e-06  1.2896868821e-05  1.8159074764e-05 -1.1953723846e-05  9.7897322121e-07  8.8772960986e-06 -1.5938260759e-06

JOB 13
COORDS  1.1401027711e+00 -7.7040805585e-01  1.2426780704e+00  1.5928832655e+00 -1.2236554960e+00  2.4768782860e+00 -1.0872096038e+00 -8.2089986561e-01  2.1151143358e+00 -2.3772813695e-01 -5.6840605520e-01  1.0308262336e+00  6.4209804299e-01 -1.4290896540e+00  3.4869057997e+00 -1.0739839835e-01 -3.9685745005e-01 -1.4327458385e+00 -6.6230484665e-01 -1.2282439739e+00  3.3214087569e+00 -7.9578864951e-01 -8.9449772868e-02 -1.8519254508e-01  1.0635012253e+00 -1.8633705492e+00  4.7093555130e+00  1.8530085068e+00 -5.8294814079e-01  4.4483741534e-01  2.6444976831e+00 -1.4027998761e+00  2.6761534217e+00 -2.1606163875e+00 -6.8330306098e-01  1.9962110897e+00  8.6528312595e-01  1.0651643492e-01 -1.5634743807e+00 -7.4905231896e-01 -1.0893136062e-01 -2.2710099382e+00  5.8724898982e-02 -1.4766954965e+00 -1.4930685292e+00 -1.0995922715e+00  8.7616839739e-01 -1.2533067756e-01  2.5933860378e-01 -1.9447950988e+00  5.2536248686e+00
ENERGY -4.182483409653e+02
GRADIENT  3.7695695189e-04  3.1480806892e-03  1.1034220486e-03 -5.9163443513e-05  5.1999379545e-05 -8.2679424972e-05  3.4474626948e-05  3.7504675977e-05 -8.8043295690e-05 -1.3218511880e-03 -6.2616229053e-03 -1.8389336684e-03 -1.0884834543e-04 -2.9211442172e-05  6.4312751158e-05 -1.6271824354e-03 -2.5391896475e-03 -3.3203040839e-04  8.9863096134e-05 -8.9702491201e-06  5.3031115916e-05  2.6430634374e-03  5.6170502419e-03  1.1368732844e-03  2.4094346651e-05 -5.7231287646e-06  2.7599982758e-05 -2.8315434142e-06  1.1901944748e-05 -1.5265115868e-05 -1.0094709185e-05  1.8448741895e-06  4.3959402429e-06  5.0556778381e-06 -3.7325125283e-06  1.2385046971e-05 -1.2789051453e-05  1.6538792825e-06 -4.6143718004e-07 -4.8913819929e-06 -2.2870847090e-06  3.3448860307e-06  4.8907106938e-07  3.6291191797e-06  1.3681585121e-05 -2.1080769600e-05  7.2307976580e-06 -9.7804007156e-05  2.5244538911e-06  1.1206289035e-07  3.4433182314e-07

JOB 14
COORDS  1.1729307320e+00 -6.1108162432e-01  1.2604670008e+00  1.6176986135e+00 -1.1020035035e+00  2.4817345116e+00 -1.0723794448e+00 -8.5122042710e-01  2.0478276864e+00 -2.0760638197e-01 -4.7641181939e-01  1.0169491066e+00  6.4731950653e-01 -1.4338834420e+00  3.4409465391e+00 -1.8863232258e-01 -4.8735906804e-01 -1.4434951485e+00 -6.6166738946e-01 -1.3124866345e+00  3.2415902806e+00 -7.6872706161e-01  3.0067710138e-02 -2.0206687775e-01  1.0586707071e+00 -1.9119286509e+00  4.6480933744e+00  1.8949049686e+00 -3.3387886230e-01  4.9667614460e-01  2.6714771163e+00 -1.2242026756e+00  2.7104544473e+00 -2.1465572606e+00 -7.6946464439e-01  1.8944307308e+00  8.7375074114e-01 -2.3895359446e-01 -1.6013743709e+00 -7.5698204160e-01 -8.9845565514e-02 -2.2901383374e+00 -2.8612771314e-01 -1.5769543658e+00 -1.4543347890e+00 -7.7505641541e-01  1.0467242030e+00 -2.0130277263e-01  2.4561985410e-01 -2.0807715476e+00  5.1584828658e+00
ENERGY -4.182470088775e+02
GRADIENT  1.4066518156e-05  9.2734946600e-04  4.5895674000e-04  3.8383198414e-05  1.5194290455e-05 -4.1358508030e-05 -2.0619768362e-05  1.1375136737e-05 -7.3135767157e-05 -3.7726745310e-04 -1.7917960422e-03 -6.4342009343e-04 -2.2944453958e-05 -1.2065895534e-05  4.2773198536e-05 -6.3068219678e-04 -6.7515441711e-04  6.0932230833e-06  4.6581728102e-05  3.2360445906e-06  4.1554050081e-06  9.7924550928e-04  1.5250791436e-03  2.7658613760e-04  2.4502197771e-05 -6.1489487266e-06  9.0227893123e-06 -8.7864127992e-06  4.4983214856e-06 -1.6052194573e-07 -1.2506114383e-06 -4.0083483638e-06  1.1939519086e-05  2.7944638791e-06  5.9833432359e-06 -3.7867900983e-06  7.2021929522e-06 -6.2010878412e-06  7.6773401029e-06  1.4605987720e-06  9.8770503524e-06  9.1895561057e-06 -5.0907452549e-06 -1.9737841049e-06 -6.8148088239e-08 -2.9282890195e-05 -2.2744143959e-06 -5.4636335436e-05  2.6678983615e-06  2.6299804066e-06 -1.6810851484e-06

JOB 15
COORDS  1.2091410652e+00 -4.5307568521e-01  1.3073280266e+00  1.6398003629e+00 -9.8775329491e-01  2.5148055658e+00 -1.0450016366e+00 -8.7000721074e-01  1.9895271874e+00 -1.6787665124e-01 -3.7656081329e-01  1.0233316374e+00  6.5641822350e-01 -1.4453352133e+00  3.4078577734e+00 -2.7431456159e-01 -5.6523718457e-01 -1.4095412048e+00 -6.4939636750e-01 -1.3937167963e+00  3.1630863964e+00 -7.0751040572e-01  1.5099729138e-01 -2.0132195529e-01  1.0529879124e+00 -1.9749818473e+00  4.5976022684e+00  1.9372724826e+00 -8.7884853601e-02  5.8631337842e-01  2.6896995168e+00 -1.0590312566e+00  2.7798540899e+00 -2.1159141181e+00 -8.3374460010e-01  1.8007437159e+00  8.1771863340e-01 -5.9610886803e-01 -1.5560626642e+00 -7.2644122076e-01 -8.8850204744e-02 -2.2850567195e+00 -6.3610787047e-01 -1.5966187312e+00 -1.3608747646e+00 -4.6349319592e-01  1.1356878315e+00 -2.8578135621e-01  2.3447804824e-01 -2.2278686510e+00  5.0626894249e+00
ENERGY -4.182471000878e+02
GRADIENT  2.6969200251e-05 -9.3051576946e-04 -3.8694192126e-04  2.8423472005e-06 -6.0533825399e-06 -1.1782212528e-05 -1.7772436491e-05  2.1349926737e-06 -3.4224571296e-05  2.2948220641e-04  1.6506737169e-03  6.0958201618e-04  1.9725492302e-05 -3.3779634513e-06  4.7470300785e-05  6.8536150560e-04  5.4499526240e-04 -5.7202886405e-05  1.1940068379e-05  8.8950578304e-06 -1.8569906919e-05 -9.5446017827e-04 -1.2704370562e-03 -1.3020861151e-04  1.4291895505e-05 -1.7290566835e-05  1.1062079399e-05 -2.4658880717e-06 -5.2242024505e-06  4.0798815480e-06 -2.8167537291e-06 -5.7046715629e-06  8.6891951280e-06 -1.8109026542e-06  1.6714400098e-06 -2.7045898621e-06  4.9119804123e-06 -6.8917663613e-06  3.3853277477e-06  7.9011586305e-06  3.5694240896e-06  1.5423628082e-06 -8.6562420204e-07 -4.7410580621e-06 -8.5848099495e-06 -7.8335117673e-06  2.2095609341e-06  2.3220911178e-06  8.5883703552e-07 -2.2933000652e-06 -2.5271275979e-06

JOB 16
COORDS  1.2451795959e+00 -3.2883792748e-01  1.3592474131e+00  1.6516458049e+00 -8.9459815060e-01  2.5616307822e+00 -1.0110036336e+00 -8.9322066583e-01  1.9193243757e+00 -1.2025356292e-01 -3.0753668524e-01  1.0184355912e+00  6.5834151201e-01 -1.4536551881e+00  3.3820352429e+00 -3.8088149587e-01 -6.2167330836e-01 -1.3780119184e+00 -6.3651093930e-01 -1.4613404151e+00  3.0782299540e+00 -6.2487071221e-01  2.3944323665e-01 -2.0913130074e-01  1.0307985471e+00 -2.0218642254e+00  4.5622629235e+00  1.9815953268e+00  1.0540839650e-01  6.8567704955e-01  2.6911945106e+00 -9.2100288696e-01  2.8717310971e+00 -2.0746767303e+00 -8.9646743660e-01  1.6895164997e+00  6.8212479547e-01 -8.6480017257e-01 -1.5396612147e+00 -7.6839454795e-01 -1.2600306044e-01 -2.2735900254e+00 -9.2475711202e-01 -1.5620186466e+00 -1.2489152574e+00 -1.9699008591e-01  1.1485180084e+00 -3.7295580027e-01  2.0801641477e-01 -2.3426147038e+00  4.9748482495e+00
ENERGY -4.182478650634e+02
GRADIENT  1.4045738519e-04 -1.2910133323e-03 -6.1241082528e-04  7.5480343720e-07  1.4728408212e-05 -1.6545684606e-05 -3.2423810601e-05  1.5752483019e-05 -4.3440340036e-05  2.3534671201e-04  2.2087834733e-03  9.0460585874e-04  8.5375298770e-06 -2.6429597898e-05  3.2877973425e-05  1.0820805595e-03  5.7808150944e-04 -1.8147635509e-04  2.4108199071e-05  2.9075159804e-06 -9.4208629637e-06 -1.4582160882e-03 -1.5144346830e-03 -8.7145532727e-05  1.5181759832e-05 -3.7236408205e-06  1.1716859984e-05 -3.2901904044e-06  4.4251217868e-06  1.8864555819e-06 -2.5123431411e-06 -2.2554693486e-06  3.7077379536e-06 -1.5163824799e-06 -4.5642516966e-06 -4.6267383877e-06  2.1997330507e-06 -4.3450880352e-06  2.9151891691e-06  7.3467235924e-06  1.3080585215e-06 -3.9594960902e-06 -2.2444311981e-06  3.3073353165e-07 -5.9180022865e-06 -1.0481789072e-05  2.6593157584e-06  9.0111484460e-06  3.6357194914e-06 -4.6648361935e-06 -2.5545946555e-06

JOB 17
COORDS  1.2936552624e+00 -2.4982229207e-01  1.4324413289e+00  1.6644026695e+00 -8.3339730652e-01  2.6390556745e+00 -9.5523668591e-01 -9.4870389530e-01  1.8529967167e+00 -5.0180537259e-02 -2.8701270346e-01  1.0182506280e+00  6.6407340910e-01 -1.4769887452e+00  3.3832500004e+00 -4.8080222634e-01 -6.4983358412e-01 -1.3481264303e+00 -6.1046396364e-01 -1.5423664310e+00  3.0067410994e+00 -5.1343178817e-01  2.8215255668e-01 -2.0859803850e-01  1.0030588718e+00 -2.0689733030e+00  4.5630376757e+00  2.0411138643e+00  2.4298933110e-01  8.1329982553e-01  2.6860981127e+00 -8.1410421691e-01  3.0039773243e+00 -2.0061858063e+00 -9.9416369746e-01  1.5731971244e+00  5.1979914217e-01 -1.0663215006e+00 -1.5483629854e+00 -8.3497063441e-01 -1.3106305621e-01 -2.2443087887e+00 -1.1598680718e+00 -1.4840782089e+00 -1.1510694935e+00  4.7260326902e-02  1.1008293444e+00 -4.3279209796e-01  1.7790958786e-01 -2.4473646242e+00  4.9176374159e+00
ENERGY -4.182487094643e+02
GRADIENT  4.1972088265e-04 -1.1307579195e-03 -8.3782892624e-04 -2.5884627505e-04  7.6842691577e-06 -9.9464170025e-05  4.2298879771e-05  2.3857740992e-05 -1.0290001424e-05  6.6709308388e-05  2.1649845946e-03  8.8199916982e-04  1.1754646342e-05 -8.8826163193e-05  1.4980363475e-04  1.0834199136e-03  4.8800284607e-04 -1.7072671534e-04  1.8291377974e-05 -6.7206321073e-07 -1.8642211443e-05 -1.2685727418e-03 -1.3628954694e-03  4.9208691588e-06 -1.8072846804e-06 -2.0888269843e-05  3.2156983217e-05 -5.0153627458e-06  9.4921613986e-06 -4.6765889529e-05 -2.9675236631e-05  1.5824481222e-05 -7.9456648783e-06 -1.8372287792e-07 -8.9407229757e-06  5.3199525792e-06  2.3124413529e-05 -1.1519090612e-05  7.6014326560e-06  1.1731697269e-05 -8.8401162973e-06 -2.9469626563e-05 -1.2876859907e-05  1.1037444263e-05 -4.5635210729e-06 -9.2999758210e-05 -5.9364416808e-05  8.4148765598e-05  9.1294499787e-07 -1.8019811533e-06  3.0709085751e-06

JOB 18
COORDS  1.3361785344e+00 -1.8164889013e-01  1.4772140794e+00  1.6730029864e+00 -7.6448437972e-01  2.6946082208e+00 -8.8936864357e-01 -1.0090405828e+00  1.7641243395e+00  2.2261301617e-02 -2.8540485736e-01  9.8612065686e-01  6.7360507223e-01 -1.4758530097e+00  3.3732183656e+00 -5.8149817993e-01 -6.4602994981e-01 -1.3531297142e+00 -5.7267535998e-01 -1.6029929698e+00  2.9246680909e+00 -3.9787761334e-01  3.0052715907e-01 -2.4108002874e-01  9.8031556400e-01 -2.0709037248e+00  4.5617616341e+00  2.0889669541e+00  3.6120065181e-01  9.0841271307e-01  2.6718340462e+00 -6.9535862852e-01  3.1128393098e+00 -1.9223889032e+00 -1.1069572247e+00  1.4350699839e+00  3.2775655958e-01 -1.2195208986e+00 -1.5941271384e+00 -8.9933401487e-01 -9.2951718085e-02 -2.2420684279e+00 -1.3730715325e+00 -1.3567543808e+00 -1.1023694665e+00  2.6337064676e-01  1.0213167642e+00 -5.1789395151e-01  1.5914472273e-01 -2.4995663318e+00  4.8640652033e+00
ENERGY -4.182495058377e+02
GRADIENT  3.6460599839e-04 -1.0455973567e-03 -6.6476100493e-04 -1.1751807987e-04 -2.0919609091e-06 -6.9884716668e-05 -3.3744237502e-05 -1.2036239906e-05 -1.3454217528e-05 -3.3826663361e-05  1.8484600957e-03  8.0664111698e-04  5.2320729689e-05 -5.1672468279e-05  8.6351704420e-05  1.0771326086e-03  2.6634368590e-04 -2.1831412860e-04  1.3235958993e-05  3.4985814100e-05 -2.5493168726e-05 -1.2540903135e-03 -9.3689405988e-04  1.4222085235e-04  1.8556940328e-05 -2.3660474879e-05  3.5656182421e-05 -8.7943254984e-06 -4.2364393228e-06 -1.0143201185e-05 -7.4082402484e-06 -7.6120659353e-06 -1.1388483266e-05  1.4140180874e-05 -7.0885779677e-06 -3.1729284349e-06  6.0818922848e-07 -2.1449195047e-05 -1.6845359907e-05  1.2563514815e-06 -1.4286495665e-05 -2.3453526010e-05  4.3940439267e-06 -3.5506955424e-06 -3.0541966754e-05 -4.8539490157e-05 -1.3989229750e-05  1.6526670740e-06  7.0093032822e-08 -3.1454186723e-07  1.5590614796e-06

JOB 19
COORDS  1.3591819009e+00 -1.1919481204e-01  1.5201120827e+00  1.6661116255e+00 -6.8617350224e-01  2.7520069864e+00 -8.2515234785e-01 -1.0779795662e+00  1.6877404494e+00  8.1351332729e-02 -2.9745581576e-01  9.5754183913e-01  6.7654730693e-01 -1.4556172971e+00  3.3792866076e+00 -6.8929631330e-01 -6.2691590723e-01 -1.3504182800e+00 -5.3334767148e-01 -1.6527930553e+00  2.8648012015e+00 -2.9259112335e-01  2.9358877017e-01 -2.7522035915e-01  9.5604669185e-01 -2.0363253364e+00  4.5830086675e+00  2.1085317179e+00  4.6898565630e-01  9.9323781234e-01  2.6375407095e+00 -5.6112220897e-01  3.2189345463e+00 -1.8328321308e+00 -1.2434547223e+00  1.3118827272e+00  8.0747425353e-02 -1.3780115691e+00 -1.5856043459e+00 -9.0516677310e-01 -4.4173436374e-02 -2.2504169042e+00 -1.6058049635e+00 -1.1533756363e+00 -1.0738400739e+00  4.4846708800e-01  9.0641808091e-01 -6.0213544263e-01  1.4690707068e-01 -2.5132923630e+00  4.8417695317e+00
ENERGY -4.182502532156e+02
GRADIENT  4.0250211792e-04 -1.0682991015e-03 -6.7185447562e-04  2.9057014882e-05 -1.4689846228e-05 -1.4588509590e-05 -3.7011098829e-05  9.4261255641e-06 -4.3166957067e-05 -7.9945852536e-05  1.5381896954e-03  9.5098205952e-04  4.3120515982e-06 -8.2626377189e-06  2.0604449600e-05  1.1927957419e-03 -1.0789296682e-04 -4.0436525135e-04  1.1338941192e-05  3.9487540819e-06  3.1106665470e-06 -1.5391812464e-03 -4.2090298020e-04  1.4637551716e-04  6.3455025020e-06 -5.8909036453e-06 -8.8924898840e-06  1.3077090593e-05 -4.9513034439e-06  3.8605529750e-06 -1.0579825365e-05  6.4425614610e-06  1.8799118300e-05 -3.9275911206e-06 -7.9327949360e-06  1.8953729527e-06 -5.5859801619e-06  1.7074550267e-05  8.6396752736e-06  8.9255547370e-06  4.6014903805e-06  8.5503705452e-06  1.5902724620e-06  2.6353828400e-05  2.0272211672e-05  1.2784862538e-05 -8.0840689880e-06 -1.0307650232e-05  7.3975787302e-06 -4.1976369129e-06  2.3283780034e-07

JOB 20
COORDS  1.3838365114e+00 -7.0257300968e-02  1.5548387836e+00  1.6660465684e+00 -6.2919941182e-01  2.7942275427e+00 -7.3602570105e-01 -1.1774843424e+00  1.6006220452e+00  1.4803731338e-01 -3.2354672900e-01  9.2607932426e-01  6.9654293193e-01 -1.4631116287e+00  3.3706661766e+00 -7.8219490731e-01 -5.9050526990e-01 -1.3403109834e+00 -4.6673489189e-01 -1.7359447329e+00  2.7928679600e+00 -1.8082365977e-01  2.6546934687e-01 -3.1283519166e-01  9.5366202979e-01 -2.0315130536e+00  4.5865130099e+00  2.1184170300e+00  5.7133416088e-01  1.0711847801e+00  2.6056220335e+00 -4.4908988171e-01  3.3062070257e+00 -1.7043197871e+00 -1.4239066405e+00  1.1715605975e+00 -2.2566676964e-01 -1.5262389681e+00 -1.5024066406e+00 -8.2185721559e-01 -3.2728544388e-02 -2.2796109590e+00 -1.8112870861e+00 -8.4504358740e-01 -1.0727374225e+00  6.1670812524e-01  7.6856754650e-01 -6.8701472433e-01  1.6621837986e-01 -2.5630055099e+00  4.8020162949e+00
ENERGY -4.182512383779e+02
GRADIENT  7.7474116949e-04 -1.5670583006e-03 -9.7705736794e-04  3.2333191609e-05 -2.9370904247e-05  4.7724648911e-05  6.0408391074e-05 -4.1715641424e-05  8.2904417417e-05 -3.7891368510e-04  2.2121261939e-03  1.1497877449e-03  3.3033467030e-06  4.9076616559e-05 -6.8274559493e-05  1.6866199008e-03 -4.3164855476e-04 -6.5303971254e-04 -5.5679804225e-05 -2.9679286982e-05  4.5398937230e-06 -2.1247630153e-03 -1.9102978268e-04  4.4004026730e-04 -1.9158344550e-05 -5.0701264732e-06 -3.1812917414e-05  7.3502820583e-06 -6.0412513432e-06  1.0082431074e-05  5.4162440772e-06  1.2471439370e-05  6.3461005938e-06  2.0829930002e-06 -1.3337406691e-06  1.2191588599e-05 -5.8809916134e-07  2.9732013176e-06  9.5427390045e-06  5.4967029256e-06 -1.2091919719e-06  1.8911441709e-06 -1.1273183327e-06  6.6555884051e-06 -3.3718747021e-06  2.3200454731e-05 -1.8648277328e-06  1.9969215158e-05 -6.2591560621e-06  1.7452293780e-06  5.1866744128e-06

JOB 21
COORDS  1.4008569075e+00 -4.9097502444e-02  1.6163384487e+00  1.6529326152e+00 -5.9954572448e-01  2.8637525050e+00 -6.4847457292e-01 -1.2843497643e+00  1.5465661807e+00  2.1618549474e-01 -3.7490319280e-01  9.2171069824e-01  7.0245897733e-01 -1.4881447754e+00  3.3920886110e+00 -8.5622701832e-01 -5.4998452010e-01 -1.2930378981e+00 -4.1017064377e-01 -1.8247733736e+00  2.7561551890e+00 -6.9059582914e-02  2.1054293860e-01 -3.2439329049e-01  9.3153491687e-01 -2.0425491405e+00  4.6207744583e+00  2.1165499983e+00  6.4202828688e-01  1.1745170565e+00  2.5536273081e+00 -3.6796643905e-01  3.4227595723e+00 -1.5729599102e+00 -1.5952024948e+00  1.0672960912e+00 -4.9463214023e-01 -1.5810006648e+00 -1.4289945398e+00 -8.2185691396e-01 -3.2385156141e-02 -2.2547643049e+00 -1.9054496300e+00 -5.9220930980e-01 -9.8495645688e-01  7.6564346256e-01  6.0343385778e-01 -7.4441548488e-01  1.6679070066e-01 -2.6196658513e+00  4.7968979362e+00
ENERGY -4.182524247073e+02
GRADIENT  8.5751575302e-04 -1.2477060356e-03 -7.8505433948e-04  3.1154686793e-05  1.7212683049e-05 -2.7291728525e-05  1.3158012626e-05  5.6843670925e-05 -2.7200675508e-05 -5.7793991911e-04  1.4598136473e-03  1.0208998269e-03 -8.5281412377e-05 -9.2440510701e-06 -5.0386776499e-05  1.3823336241e-03 -7.2814329174e-04 -6.5652486260e-04  2.7261412760e-05 -2.5252497105e-05  7.2605507620e-05 -1.7378641323e-03  4.4968320730e-04  4.3327223820e-04 -9.1815441843e-06  1.4903604259e-05 -2.1393398813e-05  1.3768009318e-05  1.0526463737e-05 -3.1031161141e-06 -1.1224834372e-06  2.0981512159e-06  6.4316061784e-06 -8.8521632377e-06 -1.6092469538e-05 -2.6539622222e-06  8.7073787425e-06  2.9992999642e-05  1.2160643996e-05  7.1913506910e-06  1.4880604833e-05  1.9127174505e-05  2.3740501293e-05  3.1173166554e-05  4.4473000150e-05  5.3827580899e-05 -4.5702222628e-05 -1.3196854066e-05 -8.5611356569e-07 -8.0566087517e-07  3.8092632757e-06

JOB 22
COORDS  1.4113025704e+00 -3.7683964195e-02  1.6573474224e+00  1.6294484596e+00 -5.6569587519e-01  2.9193975092e+00 -5.6651170208e-01 -1.3788983269e+00  1.4978512786e+00  2.8616827456e-01 -4.3875945236e-01  9.0310576098e-01  6.9699052572e-01 -1.4944517820e+00  3.4124244016e+00 -9.0945228129e-01 -5.0560046599e-01 -1.2567105744e+00 -3.6587023137e-01 -1.8890215364e+00  2.7288948740e+00  4.1354928545e-02  1.3228146508e-01 -3.5544250754e-01  8.9243665835e-01 -2.0232165637e+00  4.6583263399e+00  2.1056260970e+00  6.9300549482e-01  1.2467579933e+00  2.4853886745e+00 -2.7950633301e-01  3.5217817444e+00 -1.4498741550e+00 -1.7411179090e+00  9.7981567166e-01 -7.0341655487e-01 -1.5747312667e+00 -1.4251098990e+00 -8.8223757073e-01  1.2451693563e-02 -2.2182980775e+00 -1.9263773262e+00 -4.1154197421e-01 -8.6206646006e-01  8.9550799108e-01  4.1513747263e-01 -8.2107836230e-01  1.4763817633e-01 -2.6335457830e+00  4.8056618482e+00
ENERGY -4.182530342298e+02
GRADIENT  9.9686162565e-05 -1.2476650756e-04 -1.3300315062e-04 -1.5830840965e-05 -3.1028923005e-05  1.3713482399e-05 -2.3173829974e-05 -2.0863760485e-05  1.7242097117e-05 -6.0759326819e-05  1.7894074464e-04  1.2524447236e-04  4.4278407986e-05  3.2649480208e-05  2.7827141038e-05  1.4738181584e-04 -1.1682702938e-04 -6.6209403155e-05 -2.6582382455e-05  7.9239112247e-07 -3.6649465657e-05 -1.6781770931e-04  1.0138116543e-04  8.2208448291e-05 -7.9818315721e-06 -9.2072355537e-07 -7.6668816139e-06  1.0859773077e-05 -5.5212300585e-06  2.1654550210e-06 -1.5092279322e-06  4.6597336369e-06 -1.5335597969e-06 -1.7205679953e-07 -5.0138959182e-07 -1.4440629286e-06  6.3191343126e-07  2.2004309545e-06 -2.9728909261e-06 -1.7307229558e-06  8.2552297111e-08 -2.2526137005e-06 -3.3572979620e-06  2.9265032489e-06 -3.8931086123e-06  1.6218446660e-06 -5.1446240628e-06  2.9020169945e-06 -1.7208073317e-06  4.5587769135e-06  2.0069293842e-06

JOB 23
COORDS  1.4076395755e+00 -1.6978596419e-02  1.6774876239e+00  1.5918970595e+00 -5.1447077429e-01  2.9566063941e+00 -4.9440925617e-01 -1.4550227191e+00  1.4505145491e+00  3.4780879593e-01 -4.9532183778e-01  8.7398572747e-01  6.7967820911e-01 -1.4771700148e+00  3.4238323464e+00 -9.5332051483e-01 -4.3924410441e-01 -1.2285592735e+00 -3.3363137680e-01 -1.9292800684e+00  2.7024563761e+00  1.3718375552e-01  5.2835645814e-02 -4.0161578317e-01  8.4051681155e-01 -1.9737118066e+00  4.6874149827e+00  2.0761379309e+00  7.4796909364e-01  1.2879156605e+00  2.3985454582e+00 -1.7182522714e-01  3.5964407502e+00 -1.3375857431e+00 -1.8636908917e+00  9.0119538968e-01 -8.9521734590e-01 -1.5176367092e+00 -1.4493987900e+00 -9.4997676178e-01  1.0755425156e-01 -2.1747768253e+00 -1.9106902762e+00 -2.4355748199e-01 -7.3449954399e-01  9.9594373776e-01  2.1349514829e-01 -9.1417858862e-01  1.1634899868e-01 -2.6129655074e+00  4.8138150158e+00
ENERGY -4.182525809957e+02
GRADIENT -1.0623910283e-03  1.2318527249e-03  7.0179880324e-04  1.3549164212e-05  9.4385130048e-06 -1.8503625237e-05  2.8080304330e-05  1.7880654415e-05 -3.3553579722e-05  1.0332141292e-03 -1.2729609526e-03 -6.5961183020e-04 -3.9393157648e-05 -1.5326359207e-05 -1.8812096533e-05 -1.0179322297e-03  1.1499811131e-03  6.6816250959e-04  9.5316947178e-06 -1.8778446827e-05  4.2123183055e-05  1.0458139480e-03 -1.0852373909e-03 -6.0591341072e-04 -2.4794976390e-06  8.8441896115e-06 -1.7449839631e-05  5.5618021114e-06 -9.1887987713e-07 -3.9244144465e-06 -5.2034985376e-07  3.8066615045e-07  8.7630082918e-07 -4.4827528475e-06 -7.0285682590e-07  5.7529863526e-06 -5.9594879445e-06 -1.2500059439e-06  2.2159580387e-06  1.4125337289e-05 -1.3650617886e-05 -1.1235872560e-05  3.1028512330e-06  1.3979093291e-05  5.2009129269e-06 -2.7610481257e-05 -1.3536821576e-05 -5.9036161320e-05  7.2349037338e-07 -1.4753998173e-06 -2.3988415984e-07

