JOB 0
COORDS -8.6565006787e-01 -1.2770972400e+00  2.3822872252e+00 -3.2245515538e+00 -1.6165608406e+00  1.9735215146e+00 -2.1342579012e+00 -3.0555159891e+00  3.4039012969e+00 -2.0564103076e+00 -8.9503593344e-01  1.7481269377e+00 -9.0295342680e-01 -2.3848373503e+00  3.2299157470e+00 -1.0660523876e+00  3.0597453357e-02 -3.1698169563e-01 -1.5939001056e+00  1.5279087544e+00  1.5906416294e+00 -3.3839083548e+00  5.8604345052e-01  2.2093276807e-01 -3.2478306163e+00 -2.6804971129e+00  2.7923827523e+00 -2.0289432802e+00  2.9419106355e-01  8.2451425035e-01  1.6514999796e-01 -2.8749593838e+00  3.9009034463e+00  7.1537295463e-02 -7.4906975005e-01  2.2303249213e+00 -4.1734066720e+00 -1.3665103092e+00  1.5132007771e+00 -2.1801088551e+00 -3.9192265597e+00  4.0639545642e+00 -1.0789917442e+00  8.8965602901e-01 -9.8827670917e-01 -6.3727516085e-02 -1.1333787042e-01  7.9725245892e-02 -1.3907700689e+00 -8.6920182452e-01 -8.3829875028e-01 -1.6044595204e+00  2.3807771816e+00  9.1150464136e-01 -2.2905537255e+00  1.6839488486e+00  2.4135850337e+00 -5.8920442054e-01  1.3785828633e+00  1.9791338389e+00 -3.2778849911e+00  1.4553450725e+00 -4.2699934551e-01 -3.7115692815e+00 -2.7051057802e-01 -3.6552561543e-01 -4.0950350133e+00  8.0496115491e-01  1.0155767918e+00  9.0318239639e-01 -2.2432445397e+00  3.9213171528e+00
ENERGY -4.972302167397e+02
GRADIENT  9.8938602670e-06  4.4090271749e-05 -7.6769536187e-06  6.0705718491e-05 -1.1581581858e-04  6.0476124689e-05 -2.7775379635e-04  8.2753602949e-04  9.4334192089e-04  2.1011474582e-05  3.3673853852e-05  1.8418521505e-05  2.2573613235e-04 -9.8313339506e-04 -1.0597906122e-03 -4.4727840564e-06 -5.7162064007e-06 -6.9291733665e-06  1.3008319835e-05  3.5448493781e-06 -1.1304323312e-05  9.1152125227e-07  5.9927448911e-06  1.3898031940e-05 -6.4060659780e-05  4.4300543839e-06 -5.1273730543e-06  1.0348866114e-05  2.4555939950e-06 -7.9518177599e-06  6.6565262233e-04 -4.9435654128e-04 -1.4466430702e-03  6.3623224607e-06  5.0882027936e-07 -2.1498727189e-06  3.9871464864e-06 -8.8833074899e-06  1.4801556127e-05 -1.5339716740e-05  3.0044079186e-07 -1.3424732427e-05  2.1286485225e-06  8.0896388700e-07 -9.1992022051e-07  1.7441638359e-06 -2.4188349566e-06  2.0818610270e-06  8.1106834792e-07  9.5945664797e-07  1.5972520528e-07  6.9332220489e-06  4.1156203081e-07  6.9186640237e-07  1.1594380112e-06  2.6673561191e-06 -1.4149032870e-06 -2.0119299379e-07  1.5324930435e-06  1.3655694480e-06  1.4343577576e-06  4.4887718915e-06  5.1324122949e-06  5.2685842977e-06  6.9091958276e-06 -6.9178252430e-06  1.4263265025e-07 -5.9954357343e-06  3.1430838722e-06 -6.2671146414e-04  6.8943072487e-04  1.5105736661e-03

JOB 1
COORDS -8.5633563190e-01 -1.2817837532e+00  2.3686570756e+00 -3.2175788637e+00 -1.6164216617e+00  1.9735048296e+00 -2.1200746294e+00 -3.0633048924e+00  3.3893736102e+00 -2.0496242846e+00 -8.9387626851e-01  1.7445777741e+00 -8.9035274345e-01 -2.3944320490e+00  3.2101336608e+00 -1.0723350786e+00  3.0321635721e-02 -3.2682654158e-01 -1.5786680473e+00  1.5276770648e+00  1.5864132618e+00 -3.3838144418e+00  5.9479785318e-01  2.3028824700e-01 -3.2381351570e+00 -2.6846241537e+00  2.7852822976e+00 -2.0252866618e+00  2.9684210274e-01  8.2260382613e-01  1.9250799905e-01 -2.8908622639e+00  3.8598246158e+00  8.3365793149e-02 -7.6029806048e-01  2.2110853262e+00 -4.1692702595e+00 -1.3606272897e+00  1.5219498986e+00 -2.1629770990e+00 -3.9305461161e+00  4.0448797389e+00 -1.0866692241e+00  8.9035783413e-01 -9.9684874685e-01 -6.7704228322e-02 -1.1891632735e-01  6.2053327060e-02 -1.4051929521e+00 -8.6731499101e-01 -8.4672818005e-01 -1.5901459705e+00  2.3812015339e+00  9.0811990885e-01 -2.2684225643e+00  1.6865945325e+00  2.4146207442e+00 -5.7170568547e-01  1.3731285777e+00  1.9669532162e+00 -3.2798429196e+00  1.4650965928e+00 -4.1664587050e-01 -3.7191127420e+00 -2.5919737702e-01 -3.5559528623e-01 -4.0880328215e+00  8.1449740071e-01  1.0308939895e+00  8.3319780679e-01 -2.1950810399e+00  4.0816401411e+00
ENERGY -4.972291282910e+02
GRADIENT  2.8883297331e-05  8.1762669204e-05 -2.8371709764e-05  7.1425269733e-05 -1.7171171630e-04  1.0421598039e-04 -4.2009995920e-04  1.3577541982e-03  1.6246999626e-03  4.3211097344e-05  3.5637027826e-05  3.1464667819e-05  2.4126856621e-04 -1.8171617637e-03 -1.8114723388e-03 -3.9464537753e-06 -4.3266221098e-06 -6.5533971423e-06  1.2778061762e-05  5.4510124831e-06 -1.1142685673e-05  1.9617388487e-06  1.6854214703e-06  1.5571726176e-05 -9.7573276424e-05  1.1128989803e-05 -2.0306967581e-05  1.3295785253e-05  1.8654426689e-06 -9.9451024086e-06  1.5127835253e-03  8.2120464131e-05 -2.4951485733e-03  9.9581246761e-06  8.2745579499e-07 -3.3527556207e-06  3.3297295032e-06 -1.3286817261e-05  2.0226711405e-05 -2.9025569141e-05  4.2152564738e-06 -1.7233471097e-05  2.9194369107e-06  9.5228319135e-07 -6.2916924184e-07  8.5404013766e-07 -3.2203655411e-06  1.7192426779e-06 -1.9560608616e-07  1.3093206523e-06 -4.8138586986e-07  7.5244953343e-06  7.8519740799e-07  4.2914898434e-07  7.4668637278e-07  3.2853507506e-06 -1.8698728008e-06 -3.2778522519e-07 -1.4488323563e-07  2.5426357878e-06  1.8094732770e-06  4.5164286454e-06  4.9643916909e-06  4.4018982466e-06  6.2735547274e-06 -6.6826885952e-06  9.8424733213e-08 -4.7485603400e-06  3.2251427841e-06 -1.3659490547e-03  4.3053186719e-04  2.6093434519e-03

JOB 2
COORDS -8.4770381839e-01 -1.2821350633e+00  2.3576267197e+00 -3.2103527400e+00 -1.6140658927e+00  1.9758647527e+00 -2.1038523221e+00 -3.0680748833e+00  3.3774141465e+00 -2.0428992281e+00 -8.9004779991e-01  1.7420812016e+00 -8.7770187825e-01 -2.3978867334e+00  3.1949908587e+00 -1.0782069642e+00  3.0587885837e-02 -3.3620648966e-01 -1.5654135975e+00  1.5300841958e+00  1.5801138541e+00 -3.3841253121e+00  6.0279877129e-01  2.3789657928e-01 -3.2272358623e+00 -2.6859880386e+00  2.7810068703e+00 -2.0222117995e+00  3.0077548596e-01  8.2000908609e-01  2.2527910515e-01 -2.8966794114e+00  3.8190475274e+00  9.4655800319e-02 -7.6717430283e-01  2.1962288619e+00 -4.1646310864e+00 -1.3544807189e+00  1.5314488480e+00 -2.1426084889e+00 -3.9406536667e+00  4.0260122399e+00 -1.0939183298e+00  8.9081666234e-01 -1.0059572430e+00 -7.1572750322e-02 -1.2281915589e-01  4.5864426769e-02 -1.4181950691e+00 -8.6564516240e-01 -8.5391120748e-01 -1.5778583377e+00  2.3832803634e+00  9.0142984155e-01 -2.2489964396e+00  1.6925525522e+00  2.4127567182e+00 -5.5648399902e-01  1.3714306022e+00  1.9537469639e+00 -3.2827316915e+00  1.4733449700e+00 -4.0912510114e-01 -3.7259971019e+00 -2.4970801101e-01 -3.4638959084e-01 -4.0820105597e+00  8.2369724340e-01  1.0437610658e+00  7.4785578626e-01 -2.1965964864e+00  4.2437800797e+00
ENERGY -4.972277081554e+02
GRADIENT  6.4636128926e-06  3.0781882274e-05 -1.1688008452e-05 -3.9013207585e-05 -2.8872501764e-05 -2.7897251822e-05 -3.6090757076e-04  1.2725106638e-03  1.9274560599e-03  4.0394251494e-05  1.2148254470e-05  2.9384683968e-05  1.5630464552e-04 -2.0884565545e-03 -2.0515103103e-03 -1.3887939386e-07 -6.5542126660e-06 -4.6287055770e-06  1.3003916948e-05  8.1716319318e-06 -6.1713317562e-06  3.6653776617e-07 -5.7995687336e-06  1.9608179536e-05  4.2891579031e-06  6.2208110720e-05 -3.4708624754e-05 -8.0022524337e-06 -5.4962128618e-06 -3.5532323443e-06  1.9099463028e-03  1.1171154240e-03 -2.5106325068e-03  1.3590892454e-06 -9.3936476402e-06  4.0170309664e-06 -5.5743743392e-06  2.6388696456e-05 -1.3383422398e-05 -1.8754343872e-06 -4.4354344002e-06 -2.2983275596e-06  3.7884062867e-06  7.7218082319e-07  6.5604661737e-07 -1.1591806132e-06 -5.0301672531e-06 -3.3366545624e-06  4.5621878036e-07  1.3235290887e-06 -1.6807676707e-06  8.3644339213e-06 -7.2075965846e-07  2.4992250877e-08  1.0036238062e-06  3.8243770887e-06 -1.9010319996e-06 -3.2511326028e-06  4.2394180592e-06  2.4710112793e-06  1.7463915399e-06  4.5479261294e-06  4.0777435832e-06  2.8544296927e-06  5.2323662143e-07 -3.5203997324e-06 -4.4488287993e-07 -7.9896235486e-06  5.8354270887e-06 -1.6997564324e-03 -3.7208667247e-04  2.6930561427e-03

JOB 3
COORDS -8.3963103804e-01 -1.2778932545e+00  2.3499315601e+00 -3.2029077647e+00 -1.6104756649e+00  1.9814017433e+00 -2.0865494725e+00 -3.0690094522e+00  3.3690262042e+00 -2.0366515158e+00 -8.8452269461e-01  1.7409617489e+00 -8.6505331497e-01 -2.3945885002e+00  3.1856769784e+00 -1.0828991766e+00  3.0747062278e-02 -3.4414760548e-01 -1.5556011954e+00  1.5342091252e+00  1.5724008718e+00 -3.3847441052e+00  6.0856437167e-01  2.4267374582e-01 -3.2160221784e+00 -2.6849716113e+00  2.7813167193e+00 -2.0200179798e+00  3.0488758814e-01  8.1692105783e-01  2.6105022678e-01 -2.8916095147e+00  3.7802878257e+00  1.0503097688e-01 -7.6826676758e-01  2.1865043402e+00 -4.1595615549e+00 -1.3498943366e+00  1.5422517107e+00 -2.1205582178e+00 -3.9480702464e+00  4.0091057544e+00 -1.0999808567e+00  8.9030441372e-01 -1.0147288651e+00 -7.4728989496e-02 -1.2501317136e-01  3.2965086507e-02 -1.4280617595e+00 -8.6512860627e-01 -8.5904597066e-01 -1.5692019862e+00  2.3862087443e+00  8.9223884141e-01 -2.2343010091e+00  1.7003085672e+00  2.4083291842e+00 -5.4511094810e-01  1.3730230387e+00  1.9407782538e+00 -3.2859491776e+00  1.4783302142e+00 -4.0580703435e-01 -3.7315608689e+00 -2.4382028716e-01 -3.3890872672e-01 -4.0775615305e+00  8.3145045905e-01  1.0524105856e+00  6.5549253946e-01 -2.2514746761e+00  4.3954727996e+00
ENERGY -4.972264333847e+02
GRADIENT  5.5526612842e-06  5.9889098430e-05 -2.5758777405e-05  1.5565551112e-05 -1.1510887366e-04  7.1385123014e-05 -2.6458427900e-04  9.8811810208e-04  1.3823942792e-03  5.3287388552e-05  2.7355137489e-05  1.9590141607e-05  6.8116767319e-05 -1.7014842872e-03 -1.6464403343e-03 -2.8658903086e-06 -1.3674390423e-06  4.7332700943e-07  7.9743923475e-06  4.8834118918e-06 -4.6268299715e-06  4.2611016149e-06  3.4114494902e-06  7.5073045403e-06 -6.3327226281e-05  2.7531232242e-05 -3.8051288254e-05  4.2676035826e-06 -3.2882917692e-06 -1.2133107246e-05  1.4828208262e-03  1.5714637797e-03 -1.4824562767e-03  6.7804141406e-06 -2.3126718621e-06 -9.8705225078e-07  4.1429656725e-06 -3.7760512451e-06  1.1928255292e-05 -1.9734921688e-05  4.4597873621e-06 -7.6892211623e-06  4.5841720994e-06  3.1305236297e-07  1.4690874592e-06  1.9347323178e-06 -5.0720053365e-06  3.7081191578e-06 -4.5198455320e-07  1.1968594518e-06 -1.0283361795e-06  7.0414009281e-06 -7.7938509913e-07  2.7892953156e-07  1.5120083983e-06  1.7166507716e-06 -1.1715856872e-06  1.4304851189e-06 -3.5629653483e-06  3.3607686073e-06  3.0185377636e-06  3.1766775972e-06  2.3932269460e-06  3.0141727708e-06  5.3159792377e-06 -3.6543826094e-06  2.3180120130e-06  7.7839088671e-07 -3.2501883652e-07 -1.2941431733e-03 -8.6688753922e-04  1.7337648223e-03

JOB 4
COORDS -8.3091840332e-01 -1.2695345175e+00  2.3465014136e+00 -3.1943279217e+00 -1.6050334287e+00  1.9898049153e+00 -2.0677130256e+00 -3.0653119973e+00  3.3669440356e+00 -2.0297444012e+00 -8.7791458624e-01  1.7414436704e+00 -8.5106383833e-01 -2.3843872588e+00  3.1838949854e+00 -1.0843879103e+00  3.1021636348e-02 -3.4980881511e-01 -1.5495899722e+00  1.5399500659e+00  1.5640838498e+00 -3.3844444111e+00  6.1028219663e-01  2.4433949447e-01 -3.2027682366e+00 -2.6801913809e+00  2.7879443014e+00 -2.0174534875e+00  3.0862382647e-01  8.1381586836e-01  2.9871607725e-01 -2.8759607242e+00  3.7451954688e+00  1.1523657337e-01 -7.6334725243e-01  2.1822806557e+00 -4.1530576732e+00 -1.3464136696e+00  1.5536744619e+00 -2.0974098356e+00 -3.9506370777e+00  3.9987655618e+00 -1.1034178772e+00  8.8895779584e-01 -1.0224071493e+00 -7.5073282636e-02 -1.2430434406e-01  2.4449427345e-02 -1.4317354226e+00 -8.6593371203e-01 -8.6135806668e-01 -1.5652190879e+00  2.3899099299e+00  8.8141456821e-01 -2.2252298411e+00  1.7089466303e+00  2.4019137704e+00 -5.3789048140e-01  1.3789985583e+00  1.9292874716e+00 -3.2887284364e+00  1.4782091808e+00 -4.0706388793e-01 -3.7334786169e+00 -2.4384369266e-01 -3.3340065562e-01 -4.0740502242e+00  8.3538860487e-01  1.0562456689e+00  5.6737910256e-01 -2.3591536335e+00  4.5230229302e+00
ENERGY -4.972257692632e+02
GRADIENT -1.2339964217e-06  3.9107165202e-05 -1.5464035392e-05  2.0206464267e-05 -7.7285000862e-05  5.8129366724e-05 -4.0913768581e-05  2.3653505810e-04  3.2538845239e-04  3.6016717551e-05  1.8352509625e-05  5.9094372642e-06 -7.9127311102e-06 -4.3865445635e-04 -4.3732821718e-04  8.2014341749e-07  1.7159915695e-06  3.9996641830e-06  4.1982877560e-06  4.9129486284e-06  3.0766830426e-07  6.4902919408e-06  1.2496171611e-07  2.7049320983e-06 -4.5873779644e-05  1.7434524509e-05 -2.5344133574e-05  4.4675069821e-06 -1.0820408599e-06 -1.1077549238e-05  3.2851043669e-04  5.0683599558e-04 -2.0473726470e-04  5.2109825283e-06 -7.1252489753e-07  3.7659230852e-07  4.3215403034e-06 -3.4189922827e-06  8.1134818478e-06 -1.2525758905e-05  3.1163500685e-06 -3.9234490912e-06  5.5889120555e-06 -5.3981355450e-07  1.8199217001e-06  2.8638968932e-06 -3.5938934204e-06  2.7520904692e-06  1.4312814395e-06  2.3807964731e-07 -2.8466340957e-07  4.9233208674e-06 -3.4310901931e-07  8.2273211454e-07  2.5758088213e-06  1.9081924086e-07  2.1709020219e-07  1.9917630707e-06 -2.4424441450e-06  2.4339850673e-06  4.1185878508e-06  3.5041360664e-07 -3.8552035270e-08  2.6180662584e-06  1.2502298049e-06 -2.7360667692e-08  3.4529877007e-06  3.1856413873e-06 -7.7661330664e-07 -2.8190497240e-04 -3.1574032100e-04  3.1308501297e-04

JOB 5
COORDS -8.2790648130e-01 -1.2545116852e+00  2.3412577087e+00 -3.1909239959e+00 -1.5993672766e+00  1.9959863006e+00 -2.0505978698e+00 -3.0558191810e+00  3.3668612194e+00 -2.0298885385e+00 -8.6975679890e-01  1.7387627803e+00 -8.3947125305e-01 -2.3652085085e+00  3.1832404200e+00 -1.0946471653e+00  3.4722186985e-02 -3.5857097550e-01 -1.5579976052e+00  1.5485739577e+00  1.5518165109e+00 -3.3948389661e+00  6.0851221069e-01  2.4165812815e-01 -3.1910347527e+00 -2.6732001007e+00  2.7961485398e+00 -2.0249086918e+00  3.1337158664e-01  8.0709579672e-01  3.3258570188e-01 -2.8442196665e+00  3.7109710469e+00  1.1731296337e-01 -7.4723297668e-01  2.1761678570e+00 -4.1522346601e+00 -1.3471311172e+00  1.5616879744e+00 -2.0753379264e+00 -3.9453644798e+00  3.9933809688e+00 -1.1185609015e+00  8.9038179527e-01 -1.0339018580e+00 -8.3724014227e-02 -1.1620062803e-01  1.3152355662e-02 -1.4408290172e+00 -8.6498792986e-01 -8.6606386312e-01 -1.5786191354e+00  2.3961689773e+00  8.6634188213e-01 -2.2312478907e+00  1.7182817465e+00  2.3914226353e+00 -5.4462483553e-01  1.3916344584e+00  1.9141070874e+00 -3.3046267709e+00  1.4746756067e+00 -4.1286646720e-01 -3.7430549373e+00 -2.4870498776e-01 -3.3202318143e-01 -4.0822611515e+00  8.3386412001e-01  1.0553692671e+00  4.8727873897e-01 -2.5024908073e+00  4.6076527632e+00
ENERGY -4.972260250542e+02
GRADIENT  5.0550066163e-06 -6.6977618323e-05  4.1082567631e-05 -4.5229479092e-05  1.1590656577e-04 -8.2795714027e-05  2.1701713028e-04 -7.4538407164e-04 -1.0010986296e-03 -2.7028211170e-05 -1.9936443968e-05 -2.0930670668e-05 -1.0791052158e-04  1.4107326600e-03  1.4574702634e-03  7.7405308335e-06 -2.3458711025e-06 -1.7307015784e-06  1.8816936824e-06 -4.9248224482e-06  4.1749244715e-06  7.2942513052e-07 -2.5014982851e-06 -1.0436369868e-06  7.2147237269e-05  3.7606291571e-06  1.8869312732e-05 -5.6014067175e-06  2.2365379660e-09  1.4061517709e-05 -9.1609034414e-04 -2.0124217379e-03  2.4173055934e-04 -5.0039610298e-06 -2.5368919162e-06  3.6150845872e-06 -1.2242919509e-06  1.8847874023e-05 -1.8580032351e-05  2.2043321185e-05 -7.0565643449e-06  1.1328730427e-05  3.8190917205e-06 -1.7350214622e-06  1.6156671297e-06  3.0407180850e-06  1.3475997439e-08 -7.7792604706e-07  5.2181332472e-06 -1.7499121305e-06  2.5348446925e-06  3.8157694463e-06 -1.1364633724e-06  9.1561425582e-07  3.7258613214e-06  3.1883778329e-08  1.0670665086e-06  2.7049508740e-06  3.2526952020e-06  3.2531313079e-07  4.4645383512e-06 -1.7836387714e-06 -1.1206785910e-06  3.4084847512e-06 -3.6086821333e-06  3.4586988708e-06  3.6468696379e-06 -7.3394276428e-07  1.5996408347e-06  8.1868841091e-04  1.3102579772e-03 -6.4060201899e-04

JOB 6
COORDS -8.1827977269e-01 -1.2422631533e+00  2.3427775262e+00 -3.1813528721e+00 -1.5936146940e+00  2.0045401452e+00 -2.0336890189e+00 -3.0434467264e+00  3.3768585265e+00 -2.0219640335e+00 -8.6423142371e-01  1.7402889585e+00 -8.2487146070e-01 -2.3477479059e+00  3.1913867294e+00 -1.0907561480e+00  3.5830881593e-02 -3.6059002918e-01 -1.5568401099e+00  1.5544521351e+00  1.5453877300e+00 -3.3922010770e+00  6.0492339578e-01  2.3966815275e-01 -3.1765866806e+00 -2.6634299058e+00  2.8103853538e+00 -2.0210257762e+00  3.1557679949e-01  8.0474769020e-01  3.6162202487e-01 -2.8098206743e+00  3.6969811205e+00  1.2589934175e-01 -7.3319787970e-01  2.1781511384e+00 -4.1438399814e+00 -1.3471957297e+00  1.5697029369e+00 -2.0585595176e+00 -3.9328557250e+00  4.0041258972e+00 -1.1172830872e+00  8.8947532036e-01 -1.0383623015e+00 -7.9275752365e-02 -1.1145511157e-01  1.1035811707e-02 -1.4350136106e+00 -8.6619506726e-01 -8.6528219989e-01 -1.5804502784e+00  2.3997716725e+00  8.5720173590e-01 -2.2299502958e+00  1.7247815482e+00  2.3849734176e+00 -5.4287974737e-01  1.4013031360e+00  1.9075884946e+00 -3.3051347332e+00  1.4690955040e+00 -4.1790403644e-01 -3.7385767505e+00 -2.5531806510e-01 -3.3061439584e-01 -4.0794349176e+00  8.3114247803e-01  1.0532939143e+00  4.1807335721e-01 -2.6719662293e+00  4.6576450563e+00
ENERGY -4.972272067826e+02
GRADIENT  1.4285086952e-05 -3.9544351172e-05  2.5586105888e-05 -1.4820315493e-05  6.7876728585e-05 -5.6726845248e-05  4.4494414262e-04 -1.4016082168e-03 -2.2225392917e-03 -1.7761679853e-05 -8.2386476299e-06 -6.8981906786e-06 -3.0117127150e-04  2.9440168022e-03  3.3541261713e-03  1.0293668219e-05 -1.7315457519e-06 -5.1969363848e-06  5.3545265079e-06 -5.4088130636e-07  2.5406445680e-06  2.3103865068e-06 -1.0231493542e-05  6.8917168702e-06  4.1002377512e-05  2.4520263725e-06  1.5114003899e-05 -4.5446902637e-06 -1.4630656147e-06  9.0601587386e-06 -1.5866596850e-03 -4.7059334342e-03 -5.5611163442e-04 -3.5255128424e-06 -6.4663830507e-06  7.8246742924e-06 -4.4447210778e-06  1.8794795499e-05 -1.7453366868e-05  9.8553640038e-06 -3.9409912748e-06  6.8634132741e-06  5.1191897215e-06 -1.6129904088e-06  1.3712127406e-06  1.4297799373e-06  2.2907238466e-08 -3.5200400848e-06  5.9476664675e-06 -1.2826716613e-06  2.1180521933e-06  4.3228295774e-06 -5.3304512396e-07  1.3186779417e-06  2.8062518282e-06  1.0124818770e-06  5.1866166960e-07 -9.3249010833e-07  6.1316978611e-06  1.4002393453e-06  4.4720588856e-06 -2.2923808741e-06 -1.1222949438e-06  3.8420615189e-06 -6.6555487173e-06  3.0588991956e-06  2.2036949723e-06 -4.2082292005e-06  4.3384424074e-06  1.4478993966e-03  3.1490161306e-03 -5.3587357173e-04

JOB 7
COORDS -8.0641578311e-01 -1.2305057399e+00  2.3453862154e+00 -3.1698704032e+00 -1.5892453006e+00  2.0133764274e+00 -2.0162577592e+00 -3.0279401046e+00  3.3933274832e+00 -2.0117729841e+00 -8.6039195353e-01  1.7426010492e+00 -8.0832113252e-01 -2.3302832710e+00  3.2019611623e+00 -1.0827681207e+00  3.7305359218e-02 -3.6039060354e-01 -1.5564613938e+00  1.5593409580e+00  1.5410952208e+00 -3.3868749581e+00  5.9833497809e-01  2.3666808429e-01 -3.1602728417e+00 -2.6527793508e+00  2.8277354854e+00 -2.0149381081e+00  3.1638364095e-01  8.0346601292e-01  3.8563987133e-01 -2.7696884092e+00  3.6997182832e+00  1.3568387211e-01 -7.1801832104e-01  2.1801438126e+00 -4.1333585620e+00 -1.3491941031e+00  1.5775807790e+00 -2.0428150890e+00 -3.9128096589e+00  4.0276092908e+00 -1.1125561131e+00  8.8893734315e-01 -1.0405451672e+00 -7.0914898643e-02 -1.0459998867e-01  1.2233577387e-02 -1.4229275996e+00 -8.6756059793e-01 -8.6278085959e-01 -1.5836432424e+00  2.4026366632e+00  8.5055523573e-01 -2.2307082677e+00  1.7287527412e+00  2.3799441353e+00 -5.4211711864e-01  1.4115353977e+00  1.9043717493e+00 -3.3027742598e+00  1.4602876175e+00 -4.2418905051e-01 -3.7297168987e+00 -2.6552488399e-01 -3.3027843195e-01 -4.0753001349e+00  8.2512596838e-01  1.0490961701e+00  3.6162272868e-01 -2.8422417034e+00  4.6689712274e+00
ENERGY -4.972290267627e+02
GRADIENT  5.9888154103e-06 -9.7859883708e-06  1.7102451302e-05  4.7932704630e-06  3.5961961453e-05 -3.3087797537e-05  5.5707299894e-04 -1.7788397065e-03 -2.8625538149e-03 -1.3832937446e-05  1.6750653543e-06  2.8667872302e-06 -4.9605523163e-04  3.8389699788e-03  4.5727865919e-03  8.6760710393e-06 -6.5141977549e-07 -5.7457699498e-06  4.9326357097e-06  3.2670188960e-07  2.1126476945e-07  2.7402743618e-06 -7.8157773923e-06  6.5978669167e-06  2.4552841207e-05 -1.3641969648e-06  7.1856979866e-06 -4.4617912887e-07 -1.4136836095e-06  5.8809454707e-06 -1.4719887688e-03 -6.3088529985e-03 -2.0441658545e-03 -1.6421159196e-06 -3.1755823053e-06  4.0457087136e-06 -3.3785185008e-06  1.1466911335e-05 -1.0452660681e-05  4.1297548982e-06 -8.6138913249e-07  5.9715605546e-06  5.4969992950e-06 -8.8311990559e-07  1.2385487907e-06  2.0616690737e-06 -5.0365092396e-07 -1.3825182970e-06  5.4065394319e-06 -7.6018666179e-07  1.6409738713e-06  4.1941017507e-06 -1.8463276503e-07  6.3996869190e-07  1.2669917040e-06  1.3534670829e-06 -9.3330844499e-08 -9.3383810151e-07  4.7945369740e-06  1.9545996340e-06  4.1806178860e-06 -1.6680729976e-06 -1.4803764612e-06  4.0795854366e-06 -4.8810187405e-06  6.5788981920e-07  1.6686760478e-06 -3.9874490447e-06  2.9131669295e-06  1.4104548237e-03  4.2320957811e-03  3.5682343735e-04

JOB 8
COORDS -7.9503511204e-01 -1.2188443405e+00  2.3489698761e+00 -3.1588695542e+00 -1.5859432626e+00  2.0205150252e+00 -2.0012545276e+00 -3.0102655346e+00  3.4127632971e+00 -2.0016461027e+00 -8.5716623341e-01  1.7451726854e+00 -7.9337192990e-01 -2.3131861495e+00  3.2135015072e+00 -1.0728864916e+00  3.8881248324e-02 -3.5880765521e-01 -1.5566814891e+00  1.5638239498e+00  1.5379159042e+00 -3.3803068661e+00  5.9124083122e-01  2.3257032282e-01 -3.1452278527e+00 -2.6421131375e+00  2.8443608085e+00 -2.0082167453e+00  3.1681260241e-01  8.0267299356e-01  4.0186042699e-01 -2.7259128028e+00  3.7183267607e+00  1.4453496069e-01 -7.0222711314e-01  2.1825849696e+00 -4.1229657109e+00 -1.3520948345e+00  1.5831508115e+00 -2.0302530726e+00 -3.8878054106e+00  4.0578221648e+00 -1.1056480355e+00  8.8845904122e-01 -1.0413821453e+00 -6.0983526961e-02 -9.7179403098e-02  1.5778862200e-02 -1.4080287746e+00 -8.6896343557e-01 -8.5919798205e-01 -1.5869207213e+00  2.4051486135e+00  8.4509662681e-01 -2.2330141406e+00  1.7320053117e+00  2.3753202343e+00 -5.4229661548e-01  1.4216920295e+00  1.9032837456e+00 -3.2983666546e+00  1.4509155118e+00 -4.3151209288e-01 -3.7188954037e+00 -2.7621729158e-01 -3.3141848558e-01 -4.0708783213e+00  8.1860456037e-01  1.0429705865e+00  3.1688069162e-01 -3.0014239448e+00  4.6469988194e+00
ENERGY -4.972310634464e+02
GRADIENT  8.7187115101e-05 -9.2486477149e-06  4.9219487733e-05 -1.7269363477e-05  3.9698755805e-05 -4.4924703096e-05  5.5937553959e-04 -1.8188463739e-03 -2.8436199356e-03 -3.5226452724e-05 -5.3095564710e-05  4.3753000472e-06 -7.5377968141e-04  4.0029657317e-03  4.7239853503e-03  7.1737226168e-06 -6.7576174968e-06 -6.3295006457e-06  8.4325462457e-08 -7.2671559850e-06  7.9417744201e-07 -2.8488678625e-06  2.3058684433e-06  1.2092192616e-07  1.0577712918e-05 -2.1048007202e-05  2.8196503332e-05  5.5765549535e-06 -2.3628723095e-06  4.6011902032e-05 -7.1303675506e-04 -6.2954300229e-03 -3.2524317439e-03  3.3509976117e-06  2.2298298140e-05 -9.6749093057e-06  7.0186801914e-07 -8.8558467121e-06  7.3099565013e-06 -2.4189051523e-06 -8.4907013733e-07 -2.8250677465e-06  3.6319103374e-06  3.9337567211e-07  1.5250213625e-06  6.1649340991e-06 -4.3958612788e-06  1.1551388264e-05  4.1510824330e-06 -5.1972616622e-07  2.1890149237e-06  6.2503023429e-06 -2.1271201942e-06 -2.3224179439e-06 -2.5356164571e-06  1.8292893498e-06 -3.6211767342e-06  7.3590511927e-06 -3.0409351673e-06  2.0229806893e-07  5.5207950578e-06 -1.2469695713e-06 -3.0247421106e-06  4.0332253907e-06  4.9788548637e-06 -4.6296675779e-06  3.2898218067e-06  9.4457477418e-07 -3.5665876285e-06  8.6554101858e-04  4.1679853286e-03  1.3223929733e-03

JOB 9
COORDS -7.8660186691e-01 -1.2085282783e+00  2.3537727025e+00 -3.1498426836e+00 -1.5827394981e+00  2.0262302849e+00 -1.9910746861e+00 -2.9912760868e+00  3.4341300038e+00 -1.9932202343e+00 -8.5350733430e-01  1.7478861252e+00 -7.8220229462e-01 -2.2978689731e+00  3.2260735621e+00 -1.0622567068e+00  4.1051858294e-02 -3.5639720106e-01 -1.5583971285e+00  1.5686933942e+00  1.5351031062e+00 -3.3735560757e+00  5.8441083364e-01  2.2675175711e-01 -3.1338476791e+00 -2.6311408323e+00  2.8595690856e+00 -2.0019840351e+00  3.1761957617e-01  8.0172491476e-01  4.0947560153e-01 -2.6816442046e+00  3.7497973878e+00  1.5108142524e-01 -6.8905673371e-01  2.1860214979e+00 -4.1140560265e+00 -1.3543190871e+00  1.5866444221e+00 -2.0234326531e+00 -3.8596360700e+00  4.0921138769e+00 -1.0975178871e+00  8.8850667774e-01 -1.0414739152e+00 -5.0640063983e-02 -8.8815914074e-02  2.1040860702e-02 -1.3916194403e+00 -8.6984476399e-01 -8.5508388487e-01 -1.5910941234e+00  2.4081210166e+00  8.4009145378e-01 -2.2376716444e+00  1.7354492433e+00  2.3703996925e+00 -5.4436515779e-01  1.4323790871e+00  1.9036061837e+00 -3.2930123888e+00  1.4416313289e+00 -4.4066118749e-01 -3.7072565578e+00 -2.8676307480e-01 -3.3441094977e-01 -4.0671749449e+00  8.1252509982e-01  1.0342926764e+00  2.8831736290e-01 -3.1438798907e+00  4.5969003945e+00
ENERGY -4.972328893509e+02
GRADIENT -1.8187599674e-04 -1.4462173126e-04  6.4149271651e-05  9.2066105028e-05 -9.9362261542e-06  2.8230902541e-05  4.3578866521e-04 -1.4240378130e-03 -2.3249740606e-03 -2.7971800483e-05  1.0831137782e-04 -1.1253576662e-04 -5.6115246586e-04  3.1930235012e-03  4.0209918855e-03  1.8343805405e-06  5.3138007757e-06 -8.0154992806e-06 -3.9127652598e-06 -8.5443515455e-07 -1.0532599925e-05  1.2519418064e-05  2.7489948863e-05 -1.8044948599e-05 -3.2656382963e-05 -6.2592031691e-05  4.8095354984e-05 -2.1131258397e-05  3.5191823065e-05  2.7998685881e-06  5.4938579045e-05 -4.8072928122e-03 -3.4100701851e-03 -2.3413247874e-05 -6.7560235946e-06  1.0869540273e-05  2.2795541201e-05 -2.2326374842e-05  1.7280245137e-05  3.6486690541e-06  1.2300224818e-05 -3.0208695917e-06  4.5399775223e-06  2.9291658424e-07  1.5247990929e-07  2.4883514292e-06 -3.2620249534e-06  5.5342650794e-06  3.5366879935e-06 -4.0936199100e-07  1.4119534152e-06  5.8161323177e-06  4.2996966927e-07 -5.4357270079e-07 -1.8896029544e-06  1.5411218644e-06 -2.4315067704e-06  2.0405727748e-06  1.7771675496e-06 -5.9382642527e-07  2.4274976592e-06  1.1949126709e-06 -4.1136127285e-06  6.3799691196e-06  1.0906232626e-05 -8.5954792214e-06  5.3403202123e-06  6.1414631692e-06 -7.9948630064e-06  2.4138233566e-04  3.0888628987e-03  1.7272528624e-03

JOB 10
COORDS -7.8072325549e-01 -1.1985198002e+00  2.3594353356e+00 -3.1435944050e+00 -1.5799107348e+00  2.0294745210e+00 -1.9862798133e+00 -2.9727866900e+00  3.4543105339e+00 -1.9870890414e+00 -8.4993913083e-01  1.7507842583e+00 -7.7627357543e-01 -2.2838708179e+00  3.2378333250e+00 -1.0527345266e+00  4.2461808076e-02 -3.5344435106e-01 -1.5607261900e+00  1.5730211677e+00  1.5326589223e+00 -3.3677930525e+00  5.7816165016e-01  2.2099315246e-01 -3.1269859468e+00 -2.6213151478e+00  2.8711276343e+00 -1.9970125283e+00  3.1826648976e-01  8.0102966085e-01  4.0812152754e-01 -2.6373833270e+00  3.7903886081e+00  1.5572297958e-01 -6.7706391069e-01  2.1909832943e+00 -4.1073393152e+00 -1.3555994732e+00  1.5869538214e+00 -2.0217597183e+00 -3.8317983647e+00  4.1248989321e+00 -1.0895464759e+00  8.8786387056e-01 -1.0409666461e+00 -4.1675287009e-02 -8.2037214914e-02  2.7210858143e-02 -1.3768492583e+00 -8.7115079928e-01 -8.5060576155e-01 -1.5948554553e+00  2.4105534422e+00  8.3543137824e-01 -2.2431378099e+00  1.7389491459e+00  2.3655514575e+00 -5.4732038908e-01  1.4417366827e+00  1.9046764071e+00 -3.2881071720e+00  1.4330275459e+00 -4.4953035806e-01 -3.6968866306e+00 -2.9639402741e-01 -3.3762344046e-01 -4.0645194183e+00  8.0709191256e-01  1.0255973510e+00  2.7877607934e-01 -3.2639479612e+00  4.5231603522e+00
ENERGY -4.972341462069e+02
GRADIENT -7.9730991793e-06 -1.6618766853e-05  1.0906143500e-05  1.2895525201e-05  3.5958764148e-06 -5.4678133613e-06  2.6959215768e-04 -8.7586696387e-04 -1.2175479776e-03 -5.6939993900e-06 -3.9097929837e-06 -1.1239703909e-05 -4.6189211231e-04  1.7908762740e-03  2.2536521345e-03  5.7560365559e-06  1.1168615404e-06 -4.8786196270e-06 -1.1277390490e-06 -2.3152286131e-06 -3.2198821033e-06  3.1073567044e-06  2.9163382423e-06 -3.5021894489e-06 -2.6334467614e-06 -7.3220912398e-06  1.5908583409e-05  2.0648299955e-07  9.5863523640e-06  1.3957612706e-05  3.4366677699e-04 -2.4004804807e-03 -2.2934855108e-03 -1.7756853535e-06  4.6976800400e-06  4.3655880316e-06  4.4090737823e-06 -8.7958752605e-06  1.9900561538e-06 -1.1305347784e-06  3.1886848971e-06 -1.3883201123e-06  4.1877967827e-06  1.1137603740e-06  2.3204961356e-06  1.9239427362e-06 -3.8143405438e-06  4.3475939303e-06  2.4358015836e-06  5.6734088546e-07  5.2646894333e-07  5.6420073999e-06  1.6198220946e-07  2.7857681519e-07 -1.9538464531e-07  1.9080123148e-06 -1.8236446511e-06  3.0707977093e-06 -1.3081130061e-06  2.1182700768e-06  4.7129964882e-06  1.0659595301e-06 -1.5039791546e-06  4.2164836057e-06  4.5363600170e-06 -3.8992465680e-06  2.8228782785e-06  4.4483060180e-07 -2.4271858843e-06 -1.5115254341e-04  1.5028795523e-03  1.2517151262e-03

JOB 11
COORDS -7.7956286029e-01 -1.1897867075e+00  2.3684840189e+00 -3.1407997525e+00 -1.5772172080e+00  2.0316891902e+00 -1.9882804569e+00 -2.9547144911e+00  3.4753463145e+00 -1.9843976683e+00 -8.4617859798e-01  1.7545309796e+00 -7.7655767998e-01 -2.2709804419e+00  3.2524000649e+00 -1.0427993818e+00  4.2088770042e-02 -3.4861225066e-01 -1.5637011543e+00  1.5769074913e+00  1.5304828724e+00 -3.3618551468e+00  5.7302964399e-01  2.1336908245e-01 -3.1258474330e+00 -2.6122905580e+00  2.8809964890e+00 -1.9930837860e+00  3.1866047262e-01  8.0059885256e-01  3.9789387495e-01 -2.5934408076e+00  3.8412738345e+00  1.5648223216e-01 -6.6739865154e-01  2.2007009155e+00 -4.1034330999e+00 -1.3563211965e+00  1.5851436550e+00 -2.0274296170e+00 -3.8040869739e+00  4.1581289457e+00 -1.0786659511e+00  8.8538853931e-01 -1.0387613909e+00 -3.3155632561e-02 -7.8495094579e-02  3.7007474902e-02 -1.3622066608e+00 -8.7378351836e-01 -8.4467186702e-01 -1.5967701394e+00  2.4121534512e+00  8.3046773502e-01 -2.2505296242e+00  1.7434703759e+00  2.3596034022e+00 -5.5180330145e-01  1.4494291541e+00  1.9078966397e+00 -3.2809556677e+00  1.4250110064e+00 -4.6067306352e-01 -3.6866802668e+00 -3.0475385452e-01 -3.4267377345e-01 -4.0625799846e+00  8.0419405993e-01  1.0138342332e+00  2.9226737816e-01 -3.3564640238e+00  4.4354636210e+00
ENERGY -4.972345939732e+02
GRADIENT  1.2610447447e-05  1.6888425935e-06  1.0390063878e-05 -1.8324732616e-05 -5.3141612361e-06  3.0300502108e-06  7.5761438674e-07 -7.9963037904e-06 -8.3395491470e-07  8.7487998538e-06  8.5287018566e-06  2.0006980148e-05  5.1900935256e-06 -2.3470587044e-05 -1.0354273433e-05 -6.4081852021e-06  3.9503265059e-06  5.9779621993e-06 -8.9311437050e-07  1.8924389522e-06 -3.0443500538e-07  2.0976985756e-07  1.0704286757e-05 -9.2600991746e-06  3.8109261958e-06 -4.4421556165e-06 -5.2038124255e-07  9.6739994489e-06 -1.2346804911e-05 -7.9219152871e-06 -1.1767143332e-05  2.4055347896e-05 -6.2511899617e-06  5.5951962092e-06  1.0043511157e-06 -9.4658712854e-06  7.8920953269e-06 -1.1373935278e-05  1.4492899738e-05 -1.2855899601e-06  2.3589346177e-06  8.7399522517e-07  7.1071426031e-06  1.9945694844e-06  3.0743556312e-06  5.9516783138e-06 -3.7191810238e-06  8.5084680500e-06 -4.7914750981e-07  2.8265442934e-06 -1.9981136377e-06  5.2683667927e-06 -2.0648163457e-06 -2.2745757856e-06 -4.1050901157e-07  1.0020546035e-06 -1.7928990483e-06  4.4373400824e-06 -1.0246957479e-05  6.3380884209e-06  5.2096604527e-06  2.2223972490e-06 -1.5213160646e-06  2.5495368472e-06  7.3838909743e-06 -9.7347466618e-07  5.0355013743e-06  9.6426856168e-06 -8.3175603207e-06 -1.8029034667e-05  6.2099071162e-06 -5.9045796695e-06

JOB 12
COORDS -7.8537586963e-01 -1.1847812646e+00  2.3762625133e+00 -3.1445129981e+00 -1.5771996340e+00  2.0327930270e+00 -1.9973345854e+00 -2.9401356648e+00  3.4943084462e+00 -1.9887920017e+00 -8.4491255259e-01  1.7569382375e+00 -7.8370111968e-01 -2.2619317904e+00  3.2647073408e+00 -1.0414449374e+00  4.0291785493e-02 -3.4523459325e-01 -1.5730761704e+00  1.5783038994e+00  1.5282492798e+00 -3.3638948013e+00  5.6664448847e-01  2.0688138831e-01 -3.1320234684e+00 -2.6064360612e+00  2.8893534691e+00 -1.9966548629e+00  3.1720428865e-01  7.9972341917e-01  3.8060094210e-01 -2.5560996072e+00  3.8899640876e+00  1.5055098879e-01 -6.6179177780e-01  2.2096878968e+00 -4.1060595376e+00 -1.3593824114e+00  1.5823171989e+00 -2.0394050195e+00 -3.7796822567e+00  4.1887438249e+00 -1.0769512113e+00  8.8173229137e-01 -1.0376704184e+00 -3.2903363301e-02 -7.6533530692e-02  4.4403014524e-02 -1.3566273149e+00 -8.7763609096e-01 -8.4020603119e-01 -1.6058105939e+00  2.4118270283e+00  8.2616942076e-01 -2.2632150658e+00  1.7449860500e+00  2.3545865396e+00 -5.6221243001e-01  1.4542808447e+00  1.9095823118e+00 -3.2825319325e+00  1.4165573880e+00 -4.6970986677e-01 -3.6848779852e+00 -3.1369758613e-01 -3.4736918214e-01 -4.0679060294e+00  7.9892463178e-01  1.0041367154e+00  3.3280030961e-01 -3.4234953136e+00  4.3276943542e+00
ENERGY -4.972341461922e+02
GRADIENT -8.3167360218e-06 -1.6410377708e-05  1.1098162475e-05  1.0727037032e-05  1.0219633263e-05  2.3055272391e-06 -3.6726687559e-04  1.0043665347e-03  1.0859265556e-03 -9.4702374538e-06  7.8718791014e-06  2.2604777085e-06  7.5763537743e-04 -1.8097891436e-03 -2.1570111038e-03 -2.4719597289e-06  2.9348213455e-06  2.5960098469e-06  3.4204436495e-06  6.1665378790e-06  2.0639502072e-06  2.6835419556e-06  4.3370045874e-06 -1.6827597769e-06  6.6890334893e-07 -1.7594430518e-05  3.8776047148e-06  7.0615057769e-06 -1.0731404411e-05 -1.1009001866e-05 -1.0352799526e-03  1.6727861746e-03  2.6965630212e-03  1.0464984641e-06 -3.4796245657e-06 -5.5556503677e-06  2.3087533227e-06 -2.8527186630e-06  9.2531490738e-06 -6.1173608154e-07  1.6252140300e-06 -3.1312554250e-06  5.2571526766e-06  1.2357122279e-06  1.5260817413e-06  3.2316035902e-06 -1.1880382810e-06  1.7159650525e-06 -2.0074590204e-07  1.9658150758e-06 -1.5627982909e-06  4.9135550859e-06 -7.3952494948e-07 -1.6836681135e-07  2.3825818701e-06  3.6696695897e-07  1.3698400620e-07  2.1799964065e-06 -4.7097242622e-06  3.8447383173e-06  4.2224280797e-06  2.6157610475e-06  3.0020336837e-07  1.6746556008e-06  2.7136630254e-06  1.3355985344e-06  3.8621537453e-06  6.4543782585e-06 -2.4309483453e-06  6.4819409010e-04 -8.5811730416e-04 -1.6405589028e-03

JOB 13
COORDS -7.9514981116e-01 -1.1833075490e+00  2.3846688868e+00 -3.1519517238e+00 -1.5765143604e+00  2.0338616205e+00 -2.0128818163e+00 -2.9268655619e+00  3.5130409363e+00 -1.9962345429e+00 -8.4461932503e-01  1.7587680469e+00 -7.9647198635e-01 -2.2557172574e+00  3.2777126329e+00 -1.0397317534e+00  3.7547092564e-02 -3.4083280371e-01 -1.5829993663e+00  1.5782723710e+00  1.5269575164e+00 -3.3657331675e+00  5.6128483035e-01  1.9841617559e-01 -3.1444625146e+00 -2.5997874708e+00  2.8979861082e+00 -2.0011461257e+00  3.1512041079e-01  7.9865523307e-01  3.5747556324e-01 -2.5280702763e+00  3.9379369567e+00  1.4159720283e-01 -6.6107407091e-01  2.2202984301e+00 -4.1119183525e+00 -1.3606438318e+00  1.5789084259e+00 -2.0585160881e+00 -3.7560148842e+00  4.2190632963e+00 -1.0727145250e+00  8.7773320553e-01 -1.0349130782e+00 -3.3031794559e-02 -7.7069433532e-02  5.4203367272e-02 -1.3511427604e+00 -8.8160587627e-01 -8.3593111183e-01 -1.6130399508e+00  2.4103854867e+00  8.2308340866e-01 -2.2776487124e+00  1.7456832248e+00  2.3493541274e+00 -5.7401568595e-01  1.4561318106e+00  1.9139039205e+00 -3.2820080473e+00  1.4091061684e+00 -4.8051172933e-01 -3.6831846082e+00 -3.2115207607e-01 -3.5457131815e-01 -4.0738509731e+00  7.9549843826e-01  9.9145819538e-01  3.9599367972e-01 -3.4617849685e+00  4.2074139515e+00
ENERGY -4.972328893374e+02
GRADIENT -1.8605169145e-04 -1.4297404693e-04  6.8418693799e-05  9.2098117128e-05 -4.6796744558e-06  3.5278665240e-05 -7.0900425039e-04  1.9567921614e-03  1.8145278854e-03 -3.3095449310e-05  1.2449941376e-04 -9.5276036457e-05  1.5920227198e-03 -3.1604189900e-03 -3.7622425443e-03 -7.0520820248e-06  8.8132331654e-06  1.2473314821e-06  2.6437664648e-07  9.0702342123e-06 -2.8348819487e-06  1.2698818105e-05  2.6706363379e-05 -1.9597775682e-05 -3.0987129491e-05 -6.8690620644e-05  4.1570138827e-05 -9.5158922608e-06  4.5702041328e-07 -4.0256903859e-05 -2.2762744759e-03  2.0764146086e-03  5.0247485528e-03 -2.0037493833e-05 -1.8186533605e-05 -2.4207065466e-06  2.0882701113e-05 -1.5708730970e-05  2.5805919986e-05  5.7350974241e-06  6.8250113189e-06 -1.0029971793e-05  5.2490152969e-06  1.9379186398e-06  1.6041602745e-06  1.8602231315e-06  1.7067535590e-06 -1.1991479656e-06 -1.9235605046e-06  2.3957556947e-06 -1.5627566909e-06  4.3243993281e-06  1.0068120459e-06  1.2397859830e-06  3.7129908615e-06 -4.4403446295e-07  1.0366735056e-06  2.8634364426e-06 -5.2948280887e-06  3.0414756413e-06  1.1982334320e-06  4.5276964423e-06  1.6590753835e-07  3.9494476090e-06  1.0503743992e-05 -2.5453235307e-06  6.1856153289e-06  1.2554826412e-05 -7.2579615368e-06  1.5682497157e-03 -8.2836264602e-04 -3.0719136005e-03

JOB 14
COORDS -8.0704144495e-01 -1.1833862059e+00  2.3923937015e+00 -3.1628235119e+00 -1.5742817414e+00  2.0347981421e+00 -2.0338670446e+00 -2.9139764877e+00  3.5307257247e+00 -2.0057306188e+00 -8.4511878345e-01  1.7599294211e+00 -8.1463352620e-01 -2.2504165232e+00  3.2903864009e+00 -1.0385632723e+00  3.4183426589e-02 -3.3615302162e-01 -1.5939820751e+00  1.5772635639e+00  1.5259644258e+00 -3.3682850018e+00  5.5572154492e-01  1.8905492863e-01 -3.1625027089e+00 -2.5911120054e+00  2.9068407687e+00 -2.0067397753e+00  3.1242929703e-01  7.9730046057e-01  3.2905083127e-01 -2.5109463044e+00  3.9816774945e+00  1.3111374607e-01 -6.6259234852e-01  2.2311223434e+00 -4.1205639247e+00 -1.3592006074e+00  1.5744426430e+00 -2.0829102535e+00 -3.7323219313e+00  4.2483075012e+00 -1.0681010646e+00  8.7340169599e-01 -1.0315522327e+00 -3.4041030350e-02 -7.8809891393e-02  6.4894584208e-02 -1.3462907153e+00 -8.8583574150e-01 -8.3196071268e-01 -1.6204129740e+00  2.4081780725e+00  8.2052393827e-01 -2.2936236665e+00  1.7455022304e+00  2.3439436313e+00 -5.8723310921e-01  1.4564018231e+00  1.9191877793e+00 -3.2816004593e+00  1.4013851002e+00 -4.9219324810e-01 -3.6822572097e+00 -3.2875974688e-01 -3.6271130927e-01 -4.0807819324e+00  7.9216563388e-01  9.7750343805e-01  4.7482472232e-01 -3.4677529526e+00  4.0756501644e+00
ENERGY -4.972310634502e+02
GRADIENT  9.5408945253e-05 -2.4121960362e-05  2.7891171114e-05 -2.0853122794e-05  4.7383897609e-05 -3.6512451269e-05 -8.6265244834e-04  2.3789836085e-03  2.3023975268e-03 -4.4654835353e-05 -2.7697937412e-05  3.9072080911e-05  1.8449337116e-03 -3.6767043638e-03 -4.6872874083e-03 -1.5331085953e-06 -2.5170146847e-06  6.7288248822e-06  2.6318946656e-06  6.1149197951e-06  9.7961574144e-06 -2.1397484968e-06 -5.3666724586e-07 -3.0684465688e-06  1.4119853860e-05 -2.7780882370e-05  1.8556694686e-05  1.9344677168e-05 -4.2555066061e-05 -2.3534762010e-06 -3.3131730692e-03  1.3800189306e-03  6.1510055691e-03  6.0936969831e-06  1.5535407686e-05 -1.8522767163e-05  6.8861269645e-07 -8.7758948002e-06  7.4507431159e-06 -3.2924753182e-06  1.7028501782e-06  4.2331829383e-07  4.3813689148e-06  3.2278458464e-06  4.3930657541e-06  5.9709803484e-06  1.0429311390e-06  5.2271570108e-06 -2.9193404418e-06  3.2538127133e-06 -1.9149011339e-06  3.9227815674e-06 -4.7150613637e-07  5.6783052215e-07  4.4115753931e-06 -1.0820726037e-06  1.3769711300e-06  8.1749627533e-06 -1.0393799828e-05  4.4121670110e-06  3.7863913209e-06  3.8781417786e-06  3.3661184882e-06  2.1096707336e-06  4.5015219730e-06  8.4929940524e-07  3.5977009956e-06  6.5923136441e-06 -2.8398797822e-06  2.2886428127e-03 -3.3533805501e-05 -3.8251192391e-03

JOB 15
COORDS -8.2158749937e-01 -1.1857212100e+00  2.4002452965e+00 -3.1759754124e+00 -1.5712310149e+00  2.0354432618e+00 -2.0582984958e+00 -2.9038208826e+00  3.5453860231e+00 -2.0166211185e+00 -8.4609119381e-01  1.7601165010e+00 -8.3636069772e-01 -2.2475039965e+00  3.3033688854e+00 -1.0385238116e+00  3.0202131679e-02 -3.3236090749e-01 -1.6038956664e+00  1.5758163812e+00  1.5245337852e+00 -3.3711424836e+00  5.5186157442e-01  1.7972905185e-01 -3.1842631127e+00 -2.5819573545e+00  2.9144996585e+00 -2.0127309215e+00  3.0984627826e-01  7.9545133092e-01  2.9700719009e-01 -2.5080100758e+00  4.0203034784e+00  1.1816591732e-01 -6.6630854163e-01  2.2434848283e+00 -4.1310549381e+00 -1.3560065003e+00  1.5692316519e+00 -2.1104354533e+00 -3.7131640146e+00  4.2721995993e+00 -1.0640346093e+00  8.6854312615e-01 -1.0289707327e+00 -3.6170602643e-02 -8.2189644348e-02  7.4291487120e-02 -1.3435833823e+00 -8.9033591562e-01 -8.2887342527e-01 -1.6263201398e+00  2.4057179445e+00  8.1775577634e-01 -2.3079681150e+00  1.7453319095e+00  2.3384337610e+00 -5.9932434857e-01  1.4554032344e+00  1.9234947720e+00 -3.2808762858e+00  1.3956059952e+00 -5.0343610031e-01 -3.6826661312e+00 -3.3409213121e-01 -3.7112630309e-01 -4.0875211814e+00  7.9081470321e-01  9.6390090622e-01  5.6383827871e-01 -3.4392662805e+00  3.9375095722e+00
ENERGY -4.972290267545e+02
GRADIENT  8.3045474208e-06 -1.6951388083e-05  8.5754017681e-06  3.6019888314e-06  4.0681898574e-05 -2.7093283284e-05 -8.6066309622e-04  2.4073725485e-03  2.2656324016e-03 -1.1151523388e-05 -5.9519138014e-06 -6.3583369358e-06  1.9921094406e-03 -3.5081212001e-03 -4.4292841862e-03  4.6415137061e-06  1.1844949620e-06  1.2752911719e-06  5.8554252548e-06  7.2934843937e-06  4.1617150622e-06  2.3663971043e-06 -7.4782011678e-06  7.2361825420e-06  2.4536851521e-05 -6.4962973032e-07  8.0607245878e-06  1.1531711007e-06 -5.9807634919e-06  4.0511515810e-07 -3.6254366080e-03  4.8546711915e-05  5.7446154883e-03 -1.1516922346e-06 -5.1098539265e-06  1.9891749585e-06 -3.2731998332e-06  1.1548870930e-05 -1.0146677755e-05  5.4565082932e-06 -4.6450957495e-06  1.1483083689e-06  4.0042444700e-06  2.1063184094e-07  1.5592351084e-06  7.0572534188e-07 -8.8196579122e-07 -5.2731918607e-06  1.6280026815e-06  1.0154075351e-06 -7.3450865791e-07  5.2011411077e-06 -9.2875615235e-08  2.5619374104e-06  5.4341996320e-06 -2.9622660266e-07  2.0083582695e-06  1.0532071825e-06  1.7641348886e-06  1.2818266215e-06  2.8334048219e-06  1.8638184805e-06  3.2308122814e-06  1.4855695144e-06 -2.9798571112e-06  4.0315017654e-06  2.8718785015e-06 -7.3488223899e-07  5.5334704078e-06  2.4959302535e-03  1.0273698333e-03 -3.5696101363e-03

JOB 16
COORDS -8.3628287166e-01 -1.1891115359e+00  2.4078825218e+00 -3.1903829548e+00 -1.5669628108e+00  2.0371966792e+00 -2.0834321014e+00 -2.8965596533e+00  3.5568144683e+00 -2.0276468124e+00 -8.4746833991e-01  1.7608219204e+00 -8.5933084781e-01 -2.2459900740e+00  3.3160416109e+00 -1.0387812933e+00  2.4928803498e-02 -3.2853811167e-01 -1.6116292390e+00  1.5735875776e+00  1.5234058762e+00 -3.3733492892e+00  5.4922210305e-01  1.7142808509e-01 -3.2074000382e+00 -2.5724438157e+00  2.9218618547e+00 -2.0180910347e+00  3.0687827263e-01  7.9408596959e-01  2.6384208526e-01 -2.5211008512e+00  4.0506844719e+00  1.0467446504e-01 -6.7053834335e-01  2.2548973347e+00 -4.1425969975e+00 -1.3508841092e+00  1.5651951109e+00 -2.1374273433e+00 -3.6999640330e+00  4.2894516215e+00 -1.0597617484e+00  8.6246627445e-01 -1.0262581714e+00 -3.8502881478e-02 -8.7815864796e-02  8.3154974324e-02 -1.3423363661e+00 -8.9578820617e-01 -8.2565778068e-01 -1.6298061409e+00  2.4025748871e+00  8.1542465111e-01 -2.3194307609e+00  1.7448671492e+00  2.3336888107e+00 -6.0910585733e-01  1.4527479565e+00  1.9274307482e+00 -3.2787628958e+00  1.3911819909e+00 -5.1335806852e-01 -3.6835545083e+00 -3.3767817324e-01 -3.7869263459e-01 -4.0930715179e+00  7.9123362618e-01  9.5158436976e-01  6.5585337997e-01 -3.3739404858e+00  3.7975888497e+00
ENERGY -4.972272067913e+02
GRADIENT  1.0811661592e-05 -2.9546928462e-05  3.7779742798e-05 -1.4115917976e-05  6.5609627416e-05 -6.0282014678e-05 -6.6223984060e-04  1.8671438455e-03  1.7825370839e-03 -2.0670618886e-05 -4.5920516085e-07  3.3429291649e-06  1.5519678728e-03 -2.5269405435e-03 -3.3489477882e-03  5.5830312636e-06 -1.2408986578e-06  1.8270593651e-06  7.2769444374e-06  7.0752957139e-06  5.7471977932e-06  1.5609534933e-06 -8.1827439048e-06  9.2007849362e-06  4.3089622864e-05 -2.8895520181e-06  8.5658385894e-06 -1.6820246212e-06 -1.0096314963e-05 -1.3514991060e-06 -2.8427125492e-03 -9.9769304015e-04  3.9870384640e-03 -2.3815539389e-06 -9.7326555550e-06  3.7852966933e-06 -4.6568257805e-06  1.9635506854e-05 -1.6413205751e-05  1.0212136156e-05 -4.8475002201e-06  5.8774864644e-06  4.2103254649e-06 -2.0724945573e-07  1.6633471254e-06  1.1968121702e-06 -9.3371591736e-08 -6.2243272077e-06  2.9900050635e-06  4.9469515877e-07 -1.3133924266e-07  4.6901234085e-06 -3.1182850778e-07  2.8892732464e-06  5.7354298987e-06 -7.3797325866e-07  2.7875474233e-06  2.3256079587e-07  3.6437865041e-06  9.7055792501e-07  3.1704182386e-06  1.7017287439e-06  3.7068758663e-06  2.3100547373e-06 -4.4589005230e-06  4.0097863947e-06  2.7687483710e-06 -3.4080042639e-06  6.9841039991e-06  1.9663845670e-03  1.6182422313e-03 -2.4113439350e-03

JOB 17
COORDS -8.4872070079e-01 -1.1930655993e+00  2.4165300043e+00 -3.2033177658e+00 -1.5627815505e+00  2.0408047614e+00 -2.1052438460e+00 -2.8944865601e+00  3.5645106440e+00 -2.0367895251e+00 -8.4939077116e-01  1.7637077343e+00 -8.7976424506e-01 -2.2462528156e+00  3.3289702570e+00 -1.0393181486e+00  1.7222356512e-02 -3.2434968630e-01 -1.6148187899e+00  1.5704277295e+00  1.5229104924e+00 -3.3741917919e+00  5.4752216956e-01  1.6693762665e-01 -3.2276352851e+00 -2.5651493594e+00  2.9285230819e+00 -2.0214554785e+00  3.0315485626e-01  7.9457275422e-01  2.3287075248e-01 -2.5498260922e+00  4.0716378756e+00  9.2577859826e-02 -6.7421119686e-01  2.2656232021e+00 -4.1527785270e+00 -1.3455318331e+00  1.5636436168e+00 -2.1593973965e+00 -3.6971891876e+00  4.2974264353e+00 -1.0561209207e+00  8.5352977669e-01 -1.0236529007e+00 -4.0528936166e-02 -9.6653935629e-02  9.0692804350e-02 -1.3431582362e+00 -9.0369493078e-01 -8.2093490771e-01 -1.6293161230e+00  2.3982792028e+00  8.1351061261e-01 -2.3246622841e+00  1.7443785495e+00  2.3308286090e+00 -6.1371408410e-01  1.4484962204e+00  1.9301484267e+00 -3.2752538490e+00  1.3879115447e+00 -5.1916445786e-01 -3.6847674666e+00 -3.3970965199e-01 -3.8244394918e-01 -4.0958864432e+00  7.9295156227e-01  9.4418037918e-01  7.4700495432e-01 -3.2692966495e+00  3.6681847052e+00
ENERGY -4.972260250457e+02
GRADIENT  1.4358576992e-07 -5.2959423467e-05  5.8343487278e-05 -3.6921638948e-05  9.3328180420e-05 -1.1066819499e-04 -3.1299457730e-04  8.1928340489e-04  9.1439012993e-04 -3.6569157458e-05  8.2811698724e-06  1.2817684832e-05  7.2947687347e-04 -1.0615341950e-03 -1.5712382392e-03  1.6134750236e-06 -4.5533111134e-06  4.7227730443e-06  5.8097387375e-06  2.9673057997e-06  4.8798473635e-06 -5.4359980880e-07  3.5313837433e-07  2.8223662323e-06  7.2657912194e-05  1.4809039960e-06  1.6851193181e-05 -5.2695147029e-07 -1.4708149842e-05 -3.6637309171e-06 -1.2800668820e-03 -9.3730497165e-04  1.5589368497e-03 -4.0546114318e-06 -5.5656555343e-06  4.9311504558e-07 -2.0669075001e-06  2.1439442108e-05 -1.5190502946e-05  2.1871110074e-05 -6.5139422016e-06  1.1910803162e-05  3.5222214157e-06 -3.3158724639e-07  2.2438612722e-06  3.1811098848e-06  1.2033833045e-06 -2.4357698106e-06  3.8687800066e-06  2.0400717222e-07  1.0727578680e-06  3.5763510024e-06 -1.0841689092e-06  2.7937726706e-06  5.3423904906e-06 -1.4267180693e-06  2.7058639235e-06  2.2380943526e-06  1.6286899981e-06  9.6934489765e-07  3.1896921579e-06  1.5984714788e-06  3.3865878019e-06  3.7270029371e-06 -4.8316480050e-07  1.7950830399e-06  3.4875460575e-06 -3.2894546963e-06  3.7347568337e-06  8.8290860635e-04  1.1206115822e-03 -8.7305252499e-04

JOB 18
COORDS -8.5369740409e-01 -1.2022946420e+00  2.4288703219e+00 -3.2098566207e+00 -1.5592053353e+00  2.0459502934e+00 -2.1232871941e+00 -2.9012322016e+00  3.5679633016e+00 -2.0379243611e+00 -8.5378562319e-01  1.7710009046e+00 -8.9509701634e-01 -2.2543835144e+00  3.3431597731e+00 -1.0299861175e+00  5.8770133032e-03 -3.1541097659e-01 -1.6036399999e+00  1.5640050130e+00  1.5283418382e+00 -3.3633981158e+00  5.4812194936e-01  1.6817641943e-01 -3.2427523956e+00 -2.5621470949e+00  2.9325668461e+00 -2.0137529951e+00  2.9767285242e-01  8.0039421982e-01  2.0461699230e-01 -2.5981327978e+00  4.0855627450e+00  8.8446770782e-02 -6.8426809991e-01  2.2791491885e+00 -4.1558926543e+00 -1.3380681620e+00  1.5639015007e+00 -2.1791849703e+00 -3.7091920703e+00  4.2945700013e+00 -1.0407297124e+00  8.4140631046e-01 -1.0157603157e+00 -3.2839279967e-02 -1.1210562356e-01  1.0243292418e-01 -1.3367529508e+00 -9.1416348591e-01 -8.1182615226e-01 -1.6122207584e+00  2.3910977576e+00  8.1795494268e-01 -2.3151246836e+00  1.7421027286e+00  2.3339055616e+00 -6.0434040677e-01  1.4382429450e+00  1.9388245164e+00 -3.2579862532e+00  1.3874273054e+00 -5.1829314676e-01 -3.6766024137e+00 -3.3804271798e-01 -3.8140199966e-01 -4.0863296706e+00  7.9787253795e-01  9.4285998202e-01  8.3035062286e-01 -3.1355356161e+00  3.5718111857e+00
ENERGY -4.972257692722e+02
GRADIENT  3.9634300095e-06  2.3551675551e-05 -3.4893559251e-05  1.6556516593e-05 -6.7041342798e-05  6.9902863518e-05  1.2729294998e-04 -2.5989926777e-04 -2.8237184963e-04  3.9449205083e-05  7.7321013408e-06 -6.2898087325e-06 -2.5949360261e-04  3.0426544309e-04  4.7289055172e-04  5.2272490648e-06  1.8348168587e-06 -3.2620299416e-06  2.4462839238e-06 -3.2197943062e-06 -1.8190510362e-06  6.7712740056e-06 -6.7923829282e-07  1.3866668962e-06 -4.5192432340e-05  1.6006018985e-05 -2.7203093592e-05  2.7082923399e-07  1.1104793821e-05  4.1805927522e-06  3.6595851481e-04  3.9624421720e-04 -3.4029723270e-04  4.8002352783e-06  9.1465517349e-07  2.2086397595e-06  5.6336892868e-06 -7.3077527701e-06  3.3791949703e-06 -1.1794512885e-05  1.1490379198e-06 -6.2547550344e-06  4.6320873222e-06  4.9246790241e-07  1.7226285101e-06  2.0205885495e-06 -2.3368279285e-06  2.6293548978e-06  2.4444912382e-06  4.7088159841e-07  5.7927074721e-07  5.5229876051e-06 -3.3520532208e-07  1.9244925253e-06  1.2168519380e-06  7.1369347617e-07  3.0831234379e-07  2.6431578271e-06 -2.7332895083e-06  3.9045194420e-06  3.8803002490e-06  1.2719902553e-06  9.1352068637e-07  3.7102974754e-06  2.3269354362e-06 -1.8217794623e-06  2.6558939102e-06  1.0612422972e-06 -2.9831796189e-07 -2.3963382247e-04 -4.4059104122e-04  1.6007174626e-04

JOB 19
COORDS -8.6272057575e-01 -1.2097321295e+00  2.4334324839e+00 -3.2217559435e+00 -1.5548369474e+00  2.0495640114e+00 -2.1407703344e+00 -2.9089325101e+00  3.5651408726e+00 -2.0460863183e+00 -8.5667705690e-01  1.7750702281e+00 -9.0993730376e-01 -2.2620781872e+00  3.3480163321e+00 -1.0343194210e+00 -4.8196382806e-03 -3.1317183290e-01 -1.6005545381e+00  1.5590249864e+00  1.5282323461e+00 -3.3646457670e+00  5.4919798316e-01  1.6994151048e-01 -3.2581845940e+00 -2.5604972533e+00  2.9338137036e+00 -2.0160730499e+00  2.9322166421e-01  8.0262155227e-01  1.7733326648e-01 -2.6444470673e+00  4.0830931130e+00  7.9204974941e-02 -6.9202710475e-01  2.2799024931e+00 -4.1663469322e+00 -1.3298714008e+00  1.5667801600e+00 -2.1963614895e+00 -3.7242712440e+00  4.2832903396e+00 -1.0418908961e+00  8.2936630072e-01 -1.0151583293e+00 -3.7328351959e-02 -1.2614357281e-01  1.0403623524e-01 -1.3452319009e+00 -9.2455314075e-01 -8.0756265784e-01 -1.6063023211e+00  2.3851141205e+00  8.1664720344e-01 -2.3108256549e+00  1.7410792685e+00  2.3339753654e+00 -6.0150406039e-01  1.4301930357e+00  1.9383332126e+00 -3.2550272012e+00  1.3869964865e+00 -5.1770494007e-01 -3.6820424802e+00 -3.3628922120e-01 -3.7825514280e-01 -4.0863202989e+00  8.0352885798e-01  9.4426775688e-01  8.9814857902e-01 -2.9678868602e+00  3.5177420177e+00
ENERGY -4.972264333804e+02
GRADIENT  1.2329613272e-05  3.9630751914e-05 -5.0523165391e-05  7.3131736864e-06 -8.9777308056e-05  1.0219097839e-04  4.5285664382e-04 -1.1307213970e-03 -1.2139236217e-03  6.1584782394e-05  1.7431661164e-06 -1.1593610850e-05 -9.0096404405e-04  1.1594530244e-03  1.8585868323e-03  7.0423060019e-06  7.5076872152e-06 -1.3514848203e-06 -2.8468058662e-06 -1.5244617517e-06  3.5781367712e-07  7.0226027329e-06 -5.1865038399e-06 -2.9462594892e-06 -6.2326223532e-05  2.5716508892e-05 -4.0182890466e-05 -7.5094727877e-07  1.1646375801e-05  6.3045353294e-06  1.2893377072e-03  2.1426183493e-03 -7.8269561302e-04  5.2932212106e-06  2.0206163541e-06  4.5545549792e-06  6.6635263943e-06 -1.0929574359e-05  3.0625933608e-06 -1.9216443241e-05  3.1694774355e-06 -9.3161053456e-06  6.3335097145e-06  1.3081174485e-06  2.9601417969e-06  1.3543754010e-06 -3.5899073025e-06  3.2018990580e-06  1.5004979904e-06  1.9906891979e-06 -9.2130896742e-07  4.7456725919e-06 -1.5763037558e-07  1.0072536794e-06 -3.4142422168e-07  1.1322193040e-06 -1.2072822183e-06  1.5107890762e-06 -4.1032431289e-06  4.7738986322e-06  4.3359735605e-06 -7.7048615299e-07 -2.3280900897e-06  2.2519203435e-06  1.1534181960e-06  1.3284740813e-07  3.0530852991e-06  5.4105219660e-06 -3.5452439406e-06 -8.5504545997e-04 -2.1633192501e-03  1.4543694287e-04

JOB 20
COORDS -8.6873549258e-01 -1.2200202194e+00  2.4337023324e+00 -3.2312341915e+00 -1.5524271176e+00  2.0513837505e+00 -2.1536457029e+00 -2.9210515948e+00  3.5575354614e+00 -2.0528620700e+00 -8.6064702742e-01  1.7781003168e+00 -9.1937540310e-01 -2.2748462016e+00  3.3457088875e+00 -1.0418956322e+00 -1.5561211700e-02 -3.1355706318e-01 -1.5937975299e+00  1.5527592979e+00  1.5287006995e+00 -3.3670936921e+00  5.5247517103e-01  1.7624612526e-01 -3.2687718541e+00 -2.5633545815e+00  2.9312543390e+00 -2.0181633255e+00  2.8878954224e-01  8.0532388458e-01  1.5568599011e-01 -2.6912006332e+00  4.0707591983e+00  7.3112941148e-02 -7.0355304020e-01  2.2741431106e+00 -4.1755878020e+00 -1.3221506025e+00  1.5710655889e+00 -2.2091797228e+00 -3.7440733861e+00  4.2668495510e+00 -1.0476322390e+00  8.1782157950e-01 -1.0165154513e+00 -4.4005570846e-02 -1.4161774019e-01  1.0000860559e-01 -1.3592464023e+00 -9.3433568669e-01 -8.0561108481e-01 -1.5978574394e+00  2.3785837482e+00  8.1679924658e-01 -2.3003302123e+00  1.7386984853e+00  2.3368352443e+00 -5.9396550009e-01  1.4194367988e+00  1.9353763832e+00 -3.2544373699e+00  1.3897641246e+00 -5.1152113640e-01 -3.6908580293e+00 -3.3116345402e-01 -3.7112605438e-01 -4.0851466319e+00  8.1059106901e-01  9.5265448207e-01  9.4849216629e-01 -2.7889340846e+00  3.5180327423e+00
ENERGY -4.972277081502e+02
GRADIENT  1.4043557562e-05  2.2058606703e-05 -2.5820969622e-05 -5.2964505638e-05  9.7374780539e-06  1.8123728748e-05  6.1231883938e-04 -1.6013518265e-03 -1.5895377855e-03  4.9348676618e-05 -1.6479254517e-05 -8.8820504955e-07 -1.0524907817e-03  1.4717695985e-03  2.3069084187e-03  1.2084007635e-05  1.0850008843e-05 -2.4402004111e-06 -3.2531658445e-06  2.6401633750e-06  7.0447103814e-06  4.6954272839e-06 -1.9756882342e-05  2.6352871805e-06  9.9030361430e-06  4.8868584208e-05 -5.2112888770e-05 -9.4631480471e-06 -5.6459010225e-07  3.7326333905e-06  1.2338355619e-03  3.1101970491e-03 -7.0566535754e-05  4.8264597044e-07 -5.1774221247e-06  8.3329460755e-06 -2.5381048519e-06  1.7106417741e-05 -2.4370373631e-05 -3.8160526739e-06  4.7208261633e-07  4.0300372072e-06  7.4145037033e-06  1.9473615204e-06  3.3908995190e-06 -1.0998106262e-06 -2.1659709833e-06 -5.2194508130e-06  1.3120369035e-06  3.0330040762e-06 -2.9419882615e-06  3.8504240529e-06  4.5459927658e-07  3.8371822769e-07  2.9995870820e-07  1.9775846043e-06 -9.6904067201e-07 -3.4113505529e-06  1.4856863488e-06  4.8069144805e-06  4.1054977895e-06 -2.3720219078e-06 -4.2345105743e-06 -5.9365411893e-07 -7.2862313731e-06  6.5572640642e-06  1.7351543390e-06  4.1405260836e-06  7.5746701224e-07 -7.9264473081e-04 -3.0505285524e-03 -5.8855596760e-04

JOB 21
COORDS -8.7302377894e-01 -1.2325119822e+00  2.4290081196e+00 -3.2391834302e+00 -1.5526431542e+00  2.0516484978e+00 -2.1634068013e+00 -2.9353323463e+00  3.5461577643e+00 -2.0591968531e+00 -8.6562744026e-01  1.7791823515e+00 -9.2520536198e-01 -2.2915008676e+00  3.3362268189e+00 -1.0526160438e+00 -2.5458102208e-02 -3.1644273415e-01 -1.5855374315e+00  1.5454335673e+00  1.5294244920e+00 -3.3713001942e+00  5.5779761742e-01  1.8496371307e-01 -3.2769989583e+00 -2.5698596327e+00  2.9258931357e+00 -2.0211659764e+00  2.8463805872e-01  8.0764738966e-01  1.4024983352e-01 -2.7365178962e+00  4.0488945889e+00  6.9302776788e-02 -7.1878100268e-01  2.2619275570e+00 -4.1844255395e+00 -1.3159030595e+00  1.5767581946e+00 -2.2191503541e+00 -3.7646428506e+00  4.2481357250e+00 -1.0572649326e+00  8.0788676287e-01 -1.0194592682e+00 -5.3264617858e-02 -1.5752618725e-01  9.1630331365e-02 -1.3779236358e+00 -9.4251237623e-01 -8.0647327819e-01 -1.5884803541e+00  2.3718234274e+00  8.1818018158e-01 -2.2866250731e+00  1.7349455197e+00  2.3414618494e+00 -5.8429187995e-01  1.4061984995e+00  1.9305521199e+00 -3.2563323528e+00  1.3956140811e+00 -5.0176739885e-01 -3.7028201495e+00 -3.2283857375e-01 -3.6251708014e-01 -4.0842476025e+00  8.1876011195e-01  9.6508981877e-01  9.7530883520e-01 -2.6145931024e+00  3.5676380959e+00
ENERGY -4.972291282884e+02
GRADIENT  3.7934615163e-05  5.3249715426e-05 -6.3008361763e-05  5.3335042406e-05 -1.1901277005e-04  1.6724210581e-04  4.8422652523e-04 -1.3112029727e-03 -1.6445991327e-03  5.8786761406e-05 -9.9804184173e-06 -2.4078260736e-05 -8.2536465336e-04  1.3311093085e-03  2.0456828218e-03  9.6268157361e-06  1.4872597053e-05  6.3808069834e-07 -6.7629249593e-06  4.0603174174e-06  3.9347368718e-06  7.0900490904e-06 -1.3610666782e-05 -3.3644656520e-06 -9.2351442494e-05 -3.3102380777e-06 -3.8250644566e-05  9.3625469473e-06  1.3043773541e-05  4.0216089919e-06  6.1007947061e-04  2.7485581767e-03  7.7184276296e-04  8.2208481389e-06  5.8338832667e-06  2.9366040792e-06  5.9663189626e-06 -2.1061060563e-05  1.0360341614e-05 -3.0682193122e-05  9.5669066732e-06 -1.0662067617e-05  7.1786957959e-06  1.7450526910e-06  1.6201332051e-06  4.3190281588e-07 -2.4853093342e-06 -3.6010914321e-07  9.4069072592e-07  2.7626531213e-06 -2.5525584585e-06  2.6986406024e-06  1.5438249054e-06  1.1451230836e-07  4.0974122989e-08  7.1029942547e-07 -1.2648184649e-06  4.5099671442e-07 -2.1560178429e-06  3.0167640641e-06  4.3800208239e-06 -3.1051500008e-06 -4.4059108936e-06 -1.1431502613e-07 -4.1048220391e-06  4.0093521951e-06  3.5124306747e-06  8.8742132219e-06 -3.4912921182e-06 -3.0670791226e-04 -2.6967442251e-03 -1.2219387606e-03

JOB 22
COORDS -8.7598076181e-01 -1.2465867304e+00  2.4196496350e+00 -3.2455732160e+00 -1.5545005019e+00  2.0495661175e+00 -2.1697173482e+00 -2.9507824943e+00  3.5322136857e+00 -2.0645615808e+00 -8.7098265329e-01  1.7775927408e+00 -9.2793880461e-01 -2.3110330235e+00  3.3203207214e+00 -1.0651127069e+00 -3.3309718320e-02 -3.2211738488e-01 -1.5766117237e+00  1.5379042835e+00  1.5297054373e+00 -3.3766232438e+00  5.6447630742e-01  1.9451811493e-01 -3.2825209415e+00 -2.5780562299e+00  2.9179002452e+00 -2.0245835867e+00  2.8127756252e-01  8.0868929154e-01  1.3244466327e-01 -2.7783411993e+00  4.0192473893e+00  6.7525504083e-02 -7.3722041867e-01  2.2448130309e+00 -4.1924970710e+00 -1.3101675692e+00  1.5822515069e+00 -2.2257920494e+00 -3.7842856574e+00  4.2292765288e+00 -1.0693621887e+00  8.0090840523e-01 -1.0241040770e+00 -6.3952850235e-02 -1.7218431607e-01  7.9169038531e-02 -1.3991300601e+00 -9.4789756185e-01 -8.1086294957e-01 -1.5789405681e+00  2.3656172236e+00  8.2000690059e-01 -2.2712815595e+00  1.7303411136e+00  2.3465613799e+00 -5.7361236311e-01  1.3919888799e+00  1.9239769052e+00 -3.2603584637e+00  1.4035243247e+00 -4.9048061437e-01 -3.7165399734e+00 -3.1254840948e-01 -3.5354162438e-01 -4.0834477409e+00  8.2735302566e-01  9.7954983959e-01  9.7581175443e-01 -2.4576179789e+00  3.6586356903e+00
ENERGY -4.972302167371e+02
GRADIENT  1.8199291312e-05  2.0035028237e-05 -3.7000003832e-05  4.4945901271e-05 -6.8445546985e-05  1.1918570674e-04  2.6014728863e-04 -7.6062302793e-04 -1.0029571784e-03  3.3694592270e-05 -4.1911085723e-06 -2.7427524385e-05 -3.8510371140e-04  8.2008745920e-04  1.1492287196e-03  9.2223580280e-06  1.4645826782e-05  2.5325378411e-06 -7.7491739495e-06  4.0024719848e-06  5.1569505915e-06  6.7510701197e-06 -1.1267519979e-05 -7.4733015479e-06 -5.9047577332e-05 -1.0793851712e-05 -2.3798551954e-05  7.5448918532e-06  1.0734788410e-05  2.1772618866e-06  2.0052115676e-05  1.4112572297e-03  8.8765484206e-04  5.2288795368e-06  3.8795339215e-06  1.7446052025e-06  6.1129738441e-06 -1.5007811051e-05  7.5028851852e-06 -1.8259708610e-05  8.7210124437e-06 -3.1949469425e-06  6.6316096708e-06  1.3233078243e-06  1.6627057662e-06  7.0499530944e-07 -9.7731983041e-07 -1.6490774218e-06  1.2760162613e-06  2.2186337982e-06 -1.9504634934e-06  1.8539576778e-06  1.6296532198e-06 -6.9450475105e-09  1.0367140230e-06  2.9148282550e-07 -6.8402641334e-07  1.6501240289e-06 -2.0921766441e-06  2.5042869740e-06  4.1448597726e-06 -3.3424917904e-06 -4.5341596767e-06 -4.1787028162e-07 -4.3153822283e-06  5.1756223956e-06  4.4210360412e-06  9.4932327435e-06 -3.7951562318e-06  8.6080569485e-05 -1.4150812913e-03 -1.0677425239e-03

JOB 23
COORDS -8.7734173626e-01 -1.2596984400e+00  2.4071121142e+00 -3.2498247827e+00 -1.5578180819e+00  2.0465815751e+00 -2.1715135389e+00 -2.9655302551e+00  3.5171409520e+00 -2.0684844598e+00 -8.7585200775e-01  1.7740853821e+00 -9.2760504738e-01 -2.3301695403e+00  3.3005953788e+00 -1.0790548751e+00 -3.9038122846e-02 -3.3022564125e-01 -1.5681198298e+00  1.5311919643e+00  1.5285499211e+00 -3.3832119155e+00  5.7150754043e-01  2.0423192607e-01 -3.2850871113e+00 -2.5870424332e+00  2.9088909750e+00 -2.0285772008e+00  2.7893695973e-01  8.0827104063e-01  1.3383035029e-01 -2.8137440244e+00  3.9841477298e+00  6.7687448120e-02 -7.5561677552e-01  2.2248975233e+00 -4.1989890409e+00 -1.3059723757e+00  1.5879944744e+00 -2.2271293008e+00 -3.8017471173e+00  4.2110321145e+00 -1.0837800288e+00  7.9651287057e-01 -1.0306290940e+00 -7.5830413212e-02 -1.8466299236e-01  6.3436812700e-02 -1.4218675998e+00 -9.5088467076e-01 -8.1797481328e-01 -1.5707596346e+00  2.3605014103e+00  8.2072709990e-01 -2.2556460884e+00  1.7259988882e+00  2.3508804326e+00 -5.6301190533e-01  1.3787418228e+00  1.9148765425e+00 -3.2669845958e+00  1.4121443640e+00 -4.7881896090e-01 -3.7315269328e+00 -3.0180540728e-01 -3.4443511793e-01 -4.0832666883e+00  8.3546319236e-01  9.9495950029e-01  9.4981357418e-01 -2.3261629242e+00  3.7821659702e+00
ENERGY -4.972306229449e+02
GRADIENT -7.6956856898e-07 -1.3627135447e-05 -1.1358919077e-05  3.5327140185e-05 -8.3201394874e-06  6.3598689249e-05 -1.3866383674e-05  5.0469564007e-06 -1.9316202473e-05  7.7524483443e-06  3.0191949565e-06 -3.7727156626e-05 -6.6715731109e-07  1.4822711843e-05  2.4772828183e-05  7.8962120249e-06  1.4399889734e-05  3.6636068242e-06 -8.5206758040e-06  3.0579148117e-06  5.9563620149e-06  7.2302034959e-06 -6.4396306930e-06 -1.2137315898e-05 -1.6195706913e-05 -1.4390333838e-05 -7.0298987175e-06  4.3820873759e-06  1.0878979572e-05 -1.4658414194e-07 -1.9211418442e-06 -1.8463241583e-06 -1.4549756889e-05  1.9832294150e-07  2.5037892818e-06  1.8887666084e-07  6.5728305939e-06 -8.7651395887e-06  3.8873968062e-06 -4.0763366225e-06  4.8849446153e-06  3.6206591053e-06  5.2309211677e-06  8.6627150605e-07  1.2590164247e-06  1.1054493653e-06  8.8317787804e-07 -2.7489360113e-06  1.3943150121e-06  1.1386254263e-06 -1.2111148833e-06  1.5295949981e-06  1.6932649051e-06 -3.9642128595e-09  2.0466192398e-06 -9.4170139790e-08  2.8953465369e-07  3.1946580546e-06 -2.5713524359e-06  2.2264431587e-06  3.8272862769e-06 -2.7726695703e-06 -4.5611165289e-06 -8.9557541273e-07 -3.5155887891e-06  5.9414910996e-06  5.1122312245e-06  1.0786113588e-05 -3.8796546206e-06  4.3299816958e-06  2.5608585496e-07  2.1358548624e-06

