JOB 0
COORDS  1.2167142284e+00  4.3235200261e-02  1.6684851589e+00 -6.7020805223e-01 -1.4619490745e+00  1.6077245584e+00  6.0929659918e-01 -1.3624810020e+00  3.5152876736e+00  1.3580302689e-01 -5.0040066695e-01  9.7512742803e-01  1.4780050296e+00 -3.8405183762e-01  2.9801552839e+00 -1.1621210588e-01 -3.5125986078e-02 -4.1362838154e-01  3.0091641109e+00 -4.6847523862e-01  4.9270244867e+00 -4.3241818678e-01 -1.8808792698e+00  2.8537638658e+00  2.5213791824e+00  1.7066242418e-01  3.7122702188e+00  5.6140337129e-01  7.8676668967e-01 -1.0064830174e+00 -1.2010584157e+00 -6.2328382152e-01 -9.8621417831e-01  1.8375959621e+00  7.9168228890e-01  1.1822535448e+00 -1.5192201443e+00 -1.9002014112e+00  1.0917943404e+00  7.6228510953e-01 -1.7404303123e+00  4.5231033334e+00  2.2533696960e+00 -4.1642040406e-01  5.7173087588e+00  3.8886421030e+00  7.5699632409e-02  5.2776601303e+00  3.2839726486e+00 -1.5237097720e+00  4.7788860212e+00  3.2429522235e+00  5.8962245979e-01  3.1394658137e+00 -1.2667228096e+00 -2.4516344952e-01 -1.8838014963e+00
ENERGY -5.316215418502e+02
GRADIENT -3.0054557694e-05 -2.9742391800e-05  1.7316015135e-06  5.3451111009e-05  2.5248860056e-06  4.2628658567e-05  7.5452283789e-05  3.6881424224e-05  7.2973503573e-05  1.3911577565e-05  4.8713986648e-05 -7.2315952136e-05 -9.9120031955e-05 -9.7297189418e-05 -9.0112920264e-05 -1.9719019677e-05  1.9966135034e-05 -1.5906940811e-05  9.3961173959e-05 -5.3521588780e-05 -3.2544982972e-06 -3.9593552276e-05 -1.3754949365e-05 -4.3634139596e-05 -5.6986209243e-05  1.4868730003e-04  1.2112977596e-04  1.6291999315e-05 -2.2778350985e-06  1.7908016260e-05 -1.2144976805e-05 -1.5800563725e-05 -1.7152147451e-05  4.1956766134e-06 -1.0933904419e-05  1.0674654983e-06  4.6304588871e-06  9.4746053488e-06 -2.4117560454e-06  3.7600990942e-06 -1.3383379052e-05 -6.3365229854e-07 -1.1281959499e-05  5.3066281052e-06  5.9945735470e-06  5.0084988912e-06  3.6997490057e-06 -1.9973698411e-06 -9.8006851012e-06  1.2172663171e-05 -5.5690976419e-06  2.5894873695e-05 -4.5215669884e-05 -2.5009949763e-07  3.4404703394e-06  3.1986543678e-06  2.1576604830e-06

JOB 1
COORDS  1.1905228033e+00  6.4333339082e-02  1.7094854966e+00 -6.9756344978e-01 -1.4387314442e+00  1.6439992925e+00  5.2574554645e-01 -1.2763885662e+00  3.5829909759e+00  1.2574137712e-01 -4.9846807551e-01  1.0040396114e+00  1.4052662219e+00 -3.1027785914e-01  3.0438589130e+00 -8.1580609247e-02 -8.4155356983e-02 -4.0790943870e-01  3.0732317449e+00 -5.1290559043e-01  4.8582903529e+00 -4.9359569945e-01 -1.8201797892e+00  2.9090492201e+00  2.4331795320e+00  2.5925331103e-01  3.7946751006e+00  6.1722230007e-01  7.1457719413e-01 -1.0077760508e+00 -1.1497222829e+00 -6.9052516284e-01 -9.9248995294e-01  1.8322562380e+00  7.8813899380e-01  1.2128086587e+00 -1.5325211194e+00 -1.8930630622e+00  1.1190915602e+00  6.5261014409e-01 -1.6211256748e+00  4.6066837237e+00  2.4062086027e+00 -6.1038016846e-01  5.7199975389e+00  3.9606499955e+00  2.8026706199e-02  5.1939784291e+00  3.3724192236e+00 -1.5204077234e+00  4.5338834944e+00  3.0985479801e+00  7.5770468571e-01  3.2155205609e+00 -1.1864413193e+00 -3.4516836146e-01 -1.9048208407e+00
ENERGY -5.316209324232e+02
GRADIENT  1.1231101856e-03 -1.3512441801e-03 -6.0102616794e-04 -1.9314205240e-05 -5.4106970483e-05  6.0901164867e-05  8.2847869963e-05  6.3770703724e-05  9.1370060801e-05  1.1433620577e-04  1.0639708646e-04 -4.3916256179e-05 -1.2376554252e-03  1.6184052629e-03  2.2091752461e-04 -8.0987415792e-05 -3.9502613337e-05 -8.9876008222e-05  1.2617862703e-03 -6.8246517824e-04 -1.1484434642e-03 -3.0956421860e-05  3.1856980041e-06 -9.8518279184e-05 -1.2213045941e-03  2.8869732256e-04  1.5623755030e-03  7.3332114136e-05  1.4841020662e-05  1.2339168555e-04 -6.9364963269e-05 -3.3237251695e-05 -2.5430713188e-05  8.7903217518e-06  1.1437645737e-05 -1.8170702560e-06  1.2560490251e-05  8.8088027744e-06 -1.8403926477e-05  2.4206414762e-06 -2.2399376805e-05  5.1317728798e-06 -1.0437680938e-05  2.4922447233e-05 -2.4754786229e-05 -9.5392597594e-06  2.8122657553e-06 -1.1199314421e-05 -1.4314291456e-05  2.9576896210e-05 -7.6994021015e-06  7.1595075303e-06  5.2730388317e-06 -7.4577216446e-06  7.4378694278e-06  2.4289804106e-06  4.1641821435e-06

JOB 2
COORDS  1.1786847063e+00  6.8585747244e-02  1.7493548930e+00 -7.2476178230e-01 -1.4133741978e+00  1.6566123797e+00  4.2617247470e-01 -1.2078830739e+00  3.6329652347e+00  1.2808481630e-01 -4.9868878465e-01  1.0221682894e+00  1.3369236262e+00 -2.6824420289e-01  3.0992104938e+00 -2.6270235442e-02 -1.1963471159e-01 -4.0618894139e-01  3.1357332214e+00 -5.7003044338e-01  4.7613969330e+00 -5.7092495359e-01 -1.7640121910e+00  2.9394354736e+00  2.3470277013e+00  3.0225092140e-01  3.8847722263e+00  6.9958730838e-01  6.5822426226e-01 -1.0012660466e+00 -1.0781636775e+00 -7.3331198614e-01 -1.0119211948e+00  1.8496227582e+00  7.6677833027e-01  1.2545410863e+00 -1.5463777831e+00 -1.8730081271e+00  1.1154690843e+00  5.1032226474e-01 -1.5162355596e+00  4.6731072378e+00  2.5292862245e+00 -9.2507192471e-01  5.5984058249e+00  3.9575890982e+00  1.3933870714e-02  5.1824759891e+00  3.5497877386e+00 -1.4431617564e+00  4.2360903653e+00  2.9465852529e+00  8.9859196055e-01  3.3242172527e+00 -1.0808754027e+00 -4.1148981853e-01 -1.9335558080e+00
ENERGY -5.316195040980e+02
GRADIENT  1.8806737784e-03 -1.7275104909e-03 -7.3740291131e-04  9.6975491077e-05  9.6832453928e-05 -1.1844316940e-05 -1.7433508449e-04 -1.2002295604e-04 -1.1204360196e-04 -5.1658186258e-05 -1.2683912931e-04  1.2714672936e-04 -1.7219436286e-03  2.8223906316e-03  4.7442011764e-05  5.0855485753e-06  3.7752481935e-05 -5.4599503595e-06  1.4743667467e-03 -2.8825979573e-04 -1.8400427605e-03  2.2839373248e-05 -4.8496393428e-05  1.5867443685e-04 -1.5080905157e-03 -6.0772036003e-04  2.2715590198e-03  1.5705483784e-05  1.4358784037e-05  3.1205494600e-05 -1.0877568303e-05 -2.6677212664e-05  2.6023113935e-05  9.0638957388e-06  3.0930770896e-05 -2.4172380227e-05  2.1824337216e-06 -3.5433896254e-05  4.2853587482e-05 -2.2239957376e-05 -1.9346034448e-05 -3.4343536031e-06  1.2503506749e-05 -2.8816364066e-05  1.0138833981e-05 -2.5121137585e-06 -3.8269588299e-06  2.1480158717e-05  2.7512482828e-05 -1.0501932652e-05 -7.5199989517e-07 -5.8441155826e-05  1.8056192399e-05 -2.6483374669e-05  5.6121887559e-06  6.7009766036e-06  5.1089039077e-06

JOB 3
COORDS  1.1754747398e+00  6.1416377872e-02  1.8001879266e+00 -7.5708293978e-01 -1.3802569782e+00  1.6971982130e+00  3.2714017950e-01 -1.1209829976e+00  3.7026594966e+00  1.3231851806e-01 -5.0614454991e-01  1.0585144306e+00  1.2813822931e+00 -2.3092887926e-01  3.1629417670e+00  2.8058403901e-02 -1.7244536437e-01 -3.8541789217e-01  3.2050639546e+00 -6.0147466460e-01  4.6442242491e+00 -6.5640175551e-01 -1.6857071186e+00  2.9983263172e+00  2.2811801540e+00  3.3167034738e-01  3.9815039033e+00  7.8705384757e-01  5.7137457412e-01 -9.8252259193e-01 -1.0170054110e+00 -7.8620229594e-01 -1.0026666299e+00  1.8796240990e+00  7.2462992727e-01  1.3035395744e+00 -1.5710412573e+00 -1.8416876327e+00  1.1458500408e+00  3.6617812243e-01 -1.3740220614e+00  4.7610226831e+00  2.6592132594e+00 -1.2379789310e+00  5.3441190041e+00  3.9307517279e+00 -2.3787887302e-02  5.2226169380e+00  3.7435050076e+00 -1.2485986296e+00  3.9358377433e+00  2.8064229558e+00  1.0272662324e+00  3.4594313850e+00 -9.8576007036e-01 -4.9598114470e-01 -1.9342354088e+00
ENERGY -5.316180319158e+02
GRADIENT  1.4725978046e-03 -1.8321598664e-03 -4.9190687115e-04  3.7633651196e-05  1.5875613411e-05 -8.5383545559e-06 -5.3919789015e-05 -3.1992491363e-05 -2.0650505001e-05 -2.4417176867e-06 -2.7873857926e-06 -2.7602729471e-06 -1.5763932433e-03  2.8961628327e-03 -6.1255566033e-05 -1.0984690128e-05 -3.3936189504e-06 -1.9986000522e-05  1.3227848564e-03  1.2333470491e-04 -1.7205962711e-03 -5.9328855237e-06 -9.2587010789e-06  3.8521718426e-05 -1.1600023668e-03 -1.1792935933e-03  2.2705560617e-03  6.7562580134e-06  9.9717535393e-06  2.8278168995e-05 -1.0640327344e-05 -7.2785719523e-06 -1.0776415884e-05 -9.0260443122e-08  5.9629097942e-06 -3.5429325197e-06  4.3757443342e-06 -4.0689753340e-06  5.1855472025e-06  4.1024883536e-06 -8.5362751312e-06 -5.4254682721e-06 -1.6995037650e-05  7.5711202407e-06 -1.0843522300e-05 -7.1002697538e-07  2.3179913291e-06 -3.9977423646e-06 -1.6035144993e-06  2.8763056022e-06  2.8285279751e-07 -1.7420600774e-05  3.0407749336e-06 -2.1112773892e-06 -8.1312477641e-07  2.8485902015e-06 -2.0004270772e-06

JOB 4
COORDS  1.1743120639e+00  4.1318066075e-02  1.8474252714e+00 -7.8051257954e-01 -1.3674598644e+00  1.7222828962e+00  2.3652535996e-01 -1.0642318759e+00  3.7537221561e+00  1.4455521230e-01 -5.2889423427e-01  1.0869129524e+00  1.2233705924e+00 -2.1022889322e-01  3.2198143983e+00  9.2209161043e-02 -2.3626251775e-01 -3.6855282538e-01  3.2565089921e+00 -6.1852736697e-01  4.5050601228e+00 -7.3245278261e-01 -1.6366451768e+00  3.0347963123e+00  2.2161309548e+00  3.3184771692e-01  4.0740988873e+00  8.8134133540e-01  4.7906113875e-01 -9.6120765459e-01 -9.4139097079e-01 -8.5312089221e-01 -1.0016874831e+00  1.9089579571e+00  6.7542457326e-01  1.3570597583e+00 -1.5839627224e+00 -1.8303853804e+00  1.1565903707e+00  2.4106385180e-01 -1.2768058434e+00  4.8221207081e+00  2.7991220013e+00 -1.4301345511e+00  5.0763897539e+00  3.9580830584e+00 -9.9809587416e-02  5.1641529180e+00  3.8122419090e+00 -1.0610772613e+00  3.6643086054e+00  2.6582071193e+00  1.1261313500e+00  3.6178389483e+00 -8.7602602232e-01 -5.9109523876e-01 -1.9398442352e+00
ENERGY -5.316165573779e+02
GRADIENT  1.5384892110e-03 -2.1957437344e-03 -4.4094274048e-04  6.0485083846e-05  4.4483210267e-05  8.1133025684e-05 -5.9215477463e-05 -1.1961610214e-05 -1.5613442156e-04 -3.0835984507e-05 -1.3128538211e-05 -3.9373038835e-05 -1.7723590079e-03  3.6578308298e-03 -2.6142961700e-05  4.7440217712e-05 -1.1497414656e-05  1.6354521967e-05  1.2645433852e-03  6.4753817757e-04 -1.8840311471e-03 -4.3996793469e-05 -4.1102167546e-05  4.9267294971e-05 -1.0059688462e-03 -2.0746350872e-03  2.3741024115e-03 -2.8665588191e-05  1.9680562833e-05 -3.6827645279e-05  1.0174037456e-05  1.4776250637e-05  5.1591601268e-06 -4.7023664928e-06 -4.1639689852e-06  6.8430938531e-06  2.2835720920e-06 -1.7006060776e-06  1.2520193749e-05 -1.0806563229e-05 -1.7596566893e-06 -1.3325763731e-05  3.0112265409e-06 -8.7222441243e-06  4.4634834027e-07  4.4176287382e-06 -7.8792136459e-06  4.6592777013e-06  8.5738444257e-06 -5.2440171618e-06 -2.9510316743e-08 -2.0139273473e-06  3.8561821077e-06  4.9727887408e-05 -4.1248317526e-07  4.6072433717e-06 -1.0133945667e-07

JOB 5
COORDS  1.1750000786e+00  1.6939119815e-02  1.9099093326e+00 -8.1862603966e-01 -1.3310289490e+00  1.7453435038e+00  1.3742417121e-01 -1.0185116551e+00  3.8037577412e+00  1.5506122257e-01 -5.3678142695e-01  1.1242550947e+00  1.1643819516e+00 -2.0656920034e-01  3.2873434744e+00  1.6158419695e-01 -2.7414165830e-01 -3.3780881116e-01  3.2997933211e+00 -6.1379938214e-01  4.3671099126e+00 -8.2635172753e-01 -1.5755342611e+00  3.0629242766e+00  2.1578097332e+00  3.0026472432e-01  4.1763159655e+00  9.9404178566e-01  4.0177631431e-01 -9.1705480320e-01 -8.6994365129e-01 -8.7073253249e-01 -9.9316673858e-01  1.9469393134e+00  6.1762881384e-01  1.4349473101e+00 -1.6166535259e+00 -1.7793458036e+00  1.1600905696e+00  1.0743651497e-01 -1.2087563165e+00  4.8758647603e+00  2.9476024845e+00 -1.5415403539e+00  4.8264539375e+00  4.0155434572e+00 -1.4871598817e-01  5.0509146069e+00  3.8139247130e+00 -8.7049218559e-01  3.4278210445e+00  2.5069561563e+00  1.1845166602e+00  3.8121343591e+00 -7.6439841492e-01 -6.3228435498e-01 -1.9339775567e+00
ENERGY -5.316149357701e+02
GRADIENT  1.5982333552e-03 -2.3604685887e-03 -3.5454470845e-04 -5.8829383739e-05 -2.9871437659e-05 -1.0507108967e-04  3.2094065678e-05  1.0964858887e-05  1.1529875421e-04 -4.1380696547e-05 -2.7467994616e-05  5.2576667942e-05 -1.9636099088e-03  4.0945651708e-03 -3.1398819282e-04  1.4635706614e-05  2.3151832671e-05  4.7534774105e-05  1.2099954822e-03  9.8078562159e-04 -1.9116352560e-03  5.7320079473e-05  4.0199716035e-05 -1.1919854862e-05 -8.0448961235e-04 -2.7268865944e-03  2.6078706307e-03 -1.6245642624e-05 -1.6950495918e-05 -4.2888665138e-05  2.5233650636e-05  2.5140513530e-05  1.7912038086e-05  1.5526236924e-06  4.2389174677e-06 -2.4448259372e-06 -8.3447204635e-06  5.9065124440e-06 -1.2606788276e-05  1.0878494861e-05  9.0785627223e-06  1.4724906974e-05  3.9924889279e-06 -2.8562883556e-06 -8.7098741004e-08 -9.1450489842e-06  2.5398874747e-06  2.5932545355e-06 -5.3771438797e-06  1.0866863167e-05  4.7213093411e-06 -2.8144727795e-05  1.0240050375e-05 -5.9780101478e-05 -1.6781695285e-06  2.5065834285e-06 -6.1732672649e-07

JOB 6
COORDS  7.4658018394e-01 -3.3864523362e-03  2.3939225098e+00  2.6676124784e-02 -1.8458830485e+00  1.0091753641e+00  1.2474214225e+00 -2.2901303204e+00  2.8955927835e+00  8.2655817535e-02 -4.6373475993e-01  1.2539246744e+00  1.3687513685e+00 -9.3017871560e-01  3.2370645049e+00 -5.6336838541e-01  5.3157213977e-01  3.5855582517e-01  3.3076930976e+00  1.5974102583e-01  4.2452957961e+00  5.8997037250e-01 -2.7456293611e+00  1.8220459583e+00  2.0069625694e+00 -5.0829480244e-01  4.4292744409e+00 -5.3635598452e-01  1.7378092139e+00  5.2731709101e-01 -1.2041100207e+00 -3.7455312105e-02 -6.9819551995e-01  7.6577240712e-01  1.0594746752e+00  2.6154451567e+00 -4.9016814593e-01 -2.2297945325e+00  1.3435165313e-01  1.7005040981e+00 -3.0473839144e+00  3.5378912840e+00  4.0522290602e+00 -4.7400541874e-01  3.7401477870e+00  3.6950076872e+00  4.5604444755e-01  5.2239889511e+00  3.1722004330e+00  1.0671296756e+00  3.6512458447e+00  2.1291481046e+00 -1.3082300141e+00  5.0460596566e+00 -1.5836438457e+00  7.0170350837e-01 -1.2106932790e+00
ENERGY -5.316168058148e+02
GRADIENT -2.8598857895e-03 -4.2904820311e-04  1.6364846516e-03  1.4090985508e-05 -1.1276385907e-05  4.1367056274e-06  2.9016918948e-05 -3.5389202542e-05  1.1100410258e-05 -2.5561362227e-06  1.0358284117e-04  1.5377353870e-05  4.9178235757e-03 -5.3080162165e-04 -2.2896961923e-03 -5.6307099345e-05 -1.6945805808e-05 -9.3292295356e-05  1.2115722766e-03 -2.7159293067e-03  2.4435354183e-04 -2.7569969157e-05  3.0840227785e-05  1.4337001150e-05 -3.2691851559e-03  3.6461705668e-03  4.6899153716e-04  6.5063330479e-05 -2.4992998523e-05  1.0209251165e-04 -3.5079764093e-05 -3.7781569818e-05 -4.8644016619e-05  4.6624450776e-06 -1.6923578413e-06  5.4413402088e-07 -4.7466964549e-06  8.8699418221e-06  1.2458575549e-05  7.3888566672e-06  1.0161294775e-05  1.2024843991e-05  2.9427658548e-05 -8.4747253765e-06 -5.9432661204e-07  1.0271269893e-05  2.0609391735e-05  8.0921541433e-06 -1.9824970125e-06 -8.2809930996e-06 -1.7423850091e-05 -2.8808041397e-05  1.4826168135e-05 -1.7898053633e-05  4.4165503342e-06 -4.6165198189e-06  7.5443073140e-06

JOB 7
COORDS  8.2241302078e-01 -4.4945918375e-02  2.3841920295e+00 -4.8532304366e-02 -1.8701039137e+00  1.0606360652e+00  1.1829705744e+00 -2.3476253485e+00  2.9327892169e+00  1.0335930144e-01 -4.9049620392e-01  1.2720411707e+00  1.4000181461e+00 -9.8930243941e-01  3.2419029237e+00 -4.9374985929e-01  5.2488642759e-01  3.6526295314e-01  3.2472741866e+00  2.7204977399e-01  4.2579612295e+00  4.7713396079e-01 -2.7833521933e+00  1.8846641501e+00  2.0769205308e+00 -6.0499318364e-01  4.4146477187e+00 -3.8252263250e-01  1.7306235194e+00  5.0223559349e-01 -1.1952889682e+00 -2.3863850660e-02 -6.6307295765e-01  9.1404640020e-01  1.0213623528e+00  2.5653036727e+00 -6.0708049057e-01 -2.2407760295e+00  2.0624602665e-01  1.6023830193e+00 -3.1180602442e+00  3.5825011961e+00  4.0253579284e+00 -1.6024396624e-01  3.6115911936e+00  3.6720449191e+00  4.6943000093e-01  5.2455520460e+00  2.9421632911e+00  1.2315370742e+00  3.8340189502e+00  2.3290860556e+00 -1.4278675568e+00  4.9552820834e+00 -1.5355163035e+00  7.2734117621e-01 -1.1855145505e+00
ENERGY -5.316186597362e+02
GRADIENT -2.5265413508e-03 -1.4449062630e-04  1.5190320208e-03 -2.5574475522e-05 -1.8553722420e-05 -5.3274300802e-06 -1.2430528857e-05 -5.7423472032e-06 -3.1523874045e-05  3.8303734370e-05 -1.2650488962e-05  4.8600560855e-06  4.5938520005e-03 -8.0704330263e-04 -2.3404540022e-03 -3.9552714584e-06 -7.0434390801e-06  5.4106954037e-06  1.5707890707e-03 -2.1132443729e-03 -2.1608875894e-04  1.0009824130e-05  1.3221272721e-05  1.5206554684e-05 -3.6236786086e-03  3.1385055113e-03  1.1158676101e-03  2.3642184429e-06 -4.5562825970e-06  1.2713201600e-06 -3.0983043599e-07 -4.0418449501e-06  9.0317143335e-07  1.0254234175e-05  2.2837459960e-06  6.7219894762e-06 -3.6896954879e-06 -1.7978015505e-06  3.2085216173e-06  2.2596902896e-06  1.1465259170e-05  9.2168570172e-06  6.4994453845e-06  1.6076358627e-06 -1.3711206896e-06  4.8897297879e-07  6.1064623211e-06  6.6830905580e-07  1.6292533580e-05  9.1568780854e-06 -1.4312202625e-05 -6.0716823560e-05 -4.6575904718e-05 -3.5207886736e-05  4.2888010049e-07 -3.4759183369e-06 -1.7685428374e-06

JOB 8
COORDS  9.0099347161e-01 -8.3372894704e-02  2.3541814705e+00 -1.1978854334e-01 -1.8752996646e+00  1.0901447263e+00  1.1243644174e+00 -2.3947942336e+00  2.9435523384e+00  1.2353218486e-01 -5.0625075044e-01  1.2713461656e+00  1.4341682080e+00 -1.0449548203e+00  3.2221673786e+00 -4.2614978359e-01  5.2766743265e-01  3.5574132850e-01  3.1793829472e+00  3.4454590113e-01  4.2709922132e+00  3.7283879924e-01 -2.8039222717e+00  1.9200555872e+00  2.1567483206e+00 -7.0207550922e-01  4.3708534483e+00 -2.3438057912e-01  1.7263733814e+00  4.6476855483e-01 -1.1848075224e+00  6.4231292589e-03 -6.4602712400e-01  1.0716272779e+00  9.7859699820e-01  2.4958747666e+00 -7.2127081751e-01 -2.2272403592e+00  2.5752134117e-01  1.5112416157e+00 -3.1777611890e+00  3.5986483867e+00  3.8953799126e+00  1.6753369692e-01  3.4552708419e+00  3.7225241397e+00  3.9126447250e-01  5.2177944580e+00  2.7125040662e+00  1.3206320762e+00  4.1160378367e+00  2.5210037313e+00 -1.5298697256e+00  4.8314893583e+00 -1.4869013152e+00  7.6839891366e-01 -1.1761907428e+00
ENERGY -5.316203577557e+02
GRADIENT -2.3947604438e-03  6.5933786503e-05  1.5104956313e-03 -8.8547646609e-06 -1.6583216196e-05 -1.9030017234e-05  1.8294029129e-05  2.1400275611e-05  5.5858761934e-05  2.4104216135e-06 -2.5557070520e-05  3.2417266713e-05  4.5816619366e-03 -9.3948637087e-04 -2.6869424337e-03  6.5475984255e-06  9.2982085506e-07 -7.7865045532e-07  1.8059962088e-03 -1.8223067701e-03 -5.9068181197e-04 -1.4309328490e-05  7.2752254644e-06 -1.9830441736e-05 -4.0438887175e-03  2.6964839604e-03  1.6956880712e-03  4.8485505768e-07 -7.5892725914e-06 -5.1857640987e-06  7.9555553791e-06 -6.6425349921e-06  5.8416422633e-06 -5.9619832559e-06  5.4399159364e-06 -1.5064700375e-06 -2.5707394986e-06 -4.6746818030e-06 -1.6330738938e-06 -7.7568415413e-06 -4.4017328417e-06 -1.5349614603e-06 -4.0420479223e-06 -4.7517013305e-06  4.2327494326e-06 -3.8492634878e-06  2.0400519392e-06  5.1600822765e-06 -7.3578382193e-06 -5.2323992629e-06  1.3745553646e-06  6.3322974676e-05  3.8645457652e-05  2.0374750158e-05  1.8156706224e-06 -4.6020421109e-06 -2.9727593197e-06

JOB 9
COORDS  9.7093139309e-01 -1.1664545421e-01  2.3332237012e+00 -1.7709121034e-01 -1.8840122517e+00  1.1436867282e+00  1.0778554107e+00 -2.4218216578e+00  2.9849305719e+00  1.4221843017e-01 -5.2734624867e-01  1.2822386655e+00  1.4644658932e+00 -1.0811595655e+00  3.2210467987e+00 -3.6912893509e-01  5.0939046342e-01  3.4815641230e-01  3.0995121035e+00  4.1987233146e-01  4.2999718772e+00  2.8846977117e-01 -2.8165809264e+00  1.9875744607e+00  2.2378857811e+00 -7.6017911207e-01  4.3347056584e+00 -1.1174104178e-01  1.6988018098e+00  4.1994581298e-01 -1.1741188772e+00  3.6579571796e-03 -6.2509736401e-01  1.2095283752e+00  9.3670690237e-01  2.4309764623e+00 -8.1679535712e-01 -2.2258664940e+00  3.3593548754e-01  1.4375643867e+00 -3.2060209500e+00  3.6538796062e+00  3.7343723493e+00  4.5942721682e-01  3.4026096499e+00  3.7385211551e+00  4.1147602817e-01  5.1856096165e+00  2.4991130123e+00  1.3337013775e+00  4.3388444682e+00  2.6948833082e+00 -1.5719712330e+00  4.7338507671e+00 -1.4452077028e+00  7.6687421185e-01 -1.1699761569e+00
ENERGY -5.316217926791e+02
GRADIENT -1.5049648502e-03  1.7299848280e-04  1.0678172641e-03  5.5051187614e-05  5.3039595332e-05  6.1614801981e-05 -1.1228962217e-04  7.7407590551e-06 -1.1786402723e-04 -1.8940510339e-05 -6.4810156776e-05 -3.8511910115e-05  3.0560382623e-03 -6.8194881256e-04 -1.9971342951e-03 -6.8878468958e-06  1.8742910006e-05  4.3745752403e-05  1.3583143365e-03 -9.5130600300e-04 -6.3569860119e-04  1.8034728860e-05 -8.5329018380e-05  4.8346668308e-05 -2.9239010952e-03  1.4998614479e-03  1.5784332692e-03 -6.6406623237e-06  6.3943225308e-06 -3.4350722907e-05  2.2021131518e-05 -4.0055661070e-06  5.2162145670e-06  2.3411959252e-06  1.4089394716e-05 -2.3699288599e-06  5.5623346728e-06 -2.0155563433e-05  1.3965409130e-05 -6.1977618852e-06 -5.9922251836e-06 -8.1228214360e-06 -4.8940480320e-06  6.0057590650e-06  3.6488296050e-06  4.4335181074e-06  4.5587467982e-06 -9.1608560528e-06 -5.7197307962e-06  2.2216573563e-06 -1.6492676960e-07  7.3086727417e-05  2.3899880045e-05  7.4411064374e-06  3.4429880453e-07 -2.9030073382e-06 -1.1761535926e-06

JOB 10
COORDS  1.0361123361e+00 -1.4824665580e-01  2.2932861574e+00 -2.2715849314e-01 -1.8893910871e+00  1.1831144470e+00  1.0483112048e+00 -2.4388232946e+00  3.0079616303e+00  1.5724112489e-01 -5.4686971549e-01  1.2777580921e+00  1.5002071111e+00 -1.1099705596e+00  3.2001377718e+00 -3.2744291108e-01  4.8756461097e-01  3.2738062165e-01  3.0373770662e+00  4.6536177812e-01  4.3265265029e+00  2.2012751414e-01 -2.8214341198e+00  2.0391818550e+00  2.3344838833e+00 -8.0828403192e-01  4.2682130973e+00 -1.3543057624e-02  1.6651908945e+00  3.6130224850e-01 -1.1779050646e+00 -4.4402183716e-03 -6.1384016052e-01  1.3313820212e+00  8.9335889744e-01  2.3494327155e+00 -9.0515931171e-01 -2.2215388104e+00  4.0310993031e-01  1.3887028495e+00 -3.2206188585e+00  3.6894902972e+00  3.6388486510e+00  6.6655037551e-01  3.4271503179e+00  3.6980995202e+00  4.6134603379e-01  5.1959627740e+00  2.3257719841e+00  1.2873120654e+00  4.4554468527e+00  2.8571846564e+00 -1.6000700871e+00  4.6203191915e+00 -1.4256566447e+00  7.5664976078e-01 -1.1725921857e+00
ENERGY -5.316223257236e+02
GRADIENT  1.3175911799e-04 -4.5640812180e-05 -7.3917466560e-05 -5.2976707960e-05  8.6522004942e-06 -8.8847747356e-05  1.6988629584e-05 -1.3120879698e-05  5.9943542828e-05  1.4966511663e-05  6.4685609087e-06  2.0787855109e-05 -2.1752293859e-04  5.5881582003e-05  1.1141861572e-04 -2.9288941354e-05 -1.0516041031e-05 -4.2041957362e-05 -9.8087570063e-05  9.1693349057e-05  5.9918491088e-05  1.0226847248e-05  3.8816327552e-05  1.0658556540e-05  1.7745784266e-04 -1.0114638280e-04 -6.5014759831e-05  3.2855656835e-05 -1.8201951950e-05  3.9120123535e-05 -2.2133767525e-05 -1.2336637541e-05 -1.2270508292e-05 -2.5764918307e-06  3.8581328973e-07 -3.6107013489e-08 -4.7211383790e-06  6.0988674222e-06 -7.7577695159e-06  5.5048054922e-06  9.7202341475e-06  8.6148221535e-06 -6.8364991065e-06  1.1297818668e-05 -8.3491676569e-06  1.8752999657e-05 -5.4797367049e-06 -1.4516914850e-05  3.3832268299e-06  3.8372334139e-06  8.4166096997e-06  8.1117404984e-06 -1.3436510603e-05 -2.9219144088e-05  1.8006632983e-06 -2.0029994868e-06 -6.3242949392e-07

JOB 11
COORDS  1.0924833765e+00 -1.6099313270e-01  2.2213643143e+00 -2.5234960968e-01 -1.8884671653e+00  1.1873363111e+00  1.0777742932e+00 -2.4418457473e+00  2.9722059235e+00  1.7247229948e-01 -5.5577660050e-01  1.2417390511e+00  1.5819530564e+00 -1.1242988100e+00  3.1150961810e+00 -3.2933264448e-01  4.7702976054e-01  2.9858648709e-01  3.0463033826e+00  4.9299306739e-01  4.3033152969e+00  1.9478427509e-01 -2.8149016731e+00  2.0498734053e+00  2.5024581518e+00 -8.3628599910e-01  4.1026045304e+00  4.4391070999e-03  1.6497511766e+00  3.0793996574e-01 -1.2215109586e+00 -9.8805706897e-03 -6.0615042495e-01  1.4027237064e+00  8.7710662292e-01  2.2606451441e+00 -9.6568049672e-01 -2.2163719050e+00  4.3774632712e-01  1.4235286176e+00 -3.2208042186e+00  3.6542740653e+00  3.5520587969e+00  8.4265268105e-01  3.3960091987e+00  3.7866022779e+00  4.5395853236e-01  5.1050591032e+00  2.2788353231e+00  1.2326955484e+00  4.5763224473e+00  2.5733888570e+00 -1.4948109768e+00  4.8645008483e+00 -1.4761186353e+00  7.4981976320e-01 -1.1636780139e+00
ENERGY -5.316216538660e+02
GRADIENT -1.3364564143e-03  3.9763354387e-04  1.1753289728e-03 -2.4594356518e-05  6.7486301250e-06  5.1854837582e-07  2.1916367453e-05 -8.8322441731e-07  1.2655806507e-05  3.7205317433e-05 -2.1666243985e-05 -3.4513340214e-05  2.7927648628e-03 -8.3601766532e-04 -2.3691591187e-03 -1.4376410336e-05 -2.4762676621e-07  2.2004756531e-05  1.2594538227e-03 -3.7381169225e-04 -1.1833032719e-03  3.4876206371e-07  2.9273675883e-06  5.7956520496e-08 -2.6253058560e-03  8.8048891661e-04  2.4345809881e-03 -5.1861890941e-06  1.1525973017e-06 -1.0141121088e-05 -8.6558842468e-07  7.3984880249e-06  3.1884388299e-06 -1.0238619928e-05  1.4239212499e-06  8.5919824730e-06  9.6346855788e-06 -1.2625260005e-06 -1.1370599953e-05 -1.5470063455e-05  1.0872118900e-05  9.4434887688e-06  6.8943679812e-06  1.6686147608e-05 -1.9686003729e-06 -4.6341726867e-06  1.1534647323e-05  7.3670771231e-06  3.5350141366e-11  1.9413882395e-05  2.9384025526e-06 -1.0752925173e-04 -8.2363929723e-05 -8.1385448624e-05 -2.4676768218e-06 -4.0748814575e-07 -3.8642995204e-06

JOB 12
COORDS  1.1386437243e+00 -1.5848224075e-01  2.1587280723e+00 -3.0059626430e-01 -1.8630199694e+00  1.2193088044e+00  1.0692797905e+00 -2.4141625881e+00  2.9739219652e+00  1.7109375635e-01 -5.4523713565e-01  1.2223144980e+00  1.6194699171e+00 -1.1118614148e+00  3.0657170717e+00 -3.2419763787e-01  4.7854320676e-01  2.6586401766e-01  2.9850935849e+00  5.3047874896e-01  4.3117002652e+00  1.4435860717e-01 -2.7818956336e+00  2.0907329342e+00  2.6103619989e+00 -8.4120682660e-01  3.9995567819e+00  4.6698108091e-02  1.6395728909e+00  2.3522156309e-01 -1.2560257611e+00 -2.9083885426e-03 -6.0082141147e-01  1.4888761562e+00  8.6747590844e-01  2.1543886833e+00 -1.0517773565e+00 -2.1846883423e+00  5.0470307705e-01  1.4126401976e+00 -3.1869075054e+00  3.6642400187e+00  3.4617875985e+00  1.0014999058e+00  3.4459506432e+00  3.7147110159e+00  5.1812122774e-01  5.1241007914e+00  2.1290935359e+00  1.1517724734e+00  4.6156491621e+00  2.6211750906e+00 -1.4766328525e+00  4.7870401095e+00 -1.5027633059e+00  7.4965184475e-01 -1.1714504493e+00
ENERGY -5.316223258852e+02
GRADIENT -1.0144644174e-04 -3.4214747093e-05  1.1750254427e-04 -5.5049581840e-05  4.5419752410e-05 -6.8494895234e-05  1.0824455352e-05 -3.7579226162e-05  2.8154431322e-05 -3.0337734813e-05  6.3504332175e-06 -1.5564582804e-05  2.2281651002e-04 -4.4444222895e-05 -1.6531126537e-04  1.1295195827e-06 -1.0545838697e-05 -1.0844827148e-05  1.1851354625e-04  2.7768835094e-05 -1.1759516373e-04  4.3627749485e-05  2.0681841321e-05  1.9362034796e-05 -1.9973180190e-04  1.4815410172e-05  2.1070594492e-04 -7.7540403503e-06  1.1558643477e-07  2.6809179154e-06  2.1245701926e-07  5.9921166956e-06 -8.3373338810e-06 -5.0407349257e-06 -9.9736062334e-06 -6.4812415384e-06 -6.8244786432e-06  8.9423686882e-06 -3.9717403726e-06  1.7486726505e-05  1.2848780263e-05  5.9667115643e-06  5.3936326907e-06  9.1935464393e-06  9.9665320836e-06 -1.3534693824e-05  8.2600638503e-06  1.4469228360e-05 -5.6958807101e-06  1.1991779372e-05 -6.3288736432e-06 -7.5569693645e-06 -2.3173384343e-05 -2.4613672682e-05 -4.0350729683e-06 -4.3321830026e-07 -7.5525786856e-07

JOB 13
COORDS  1.1943353225e+00 -1.6198361446e-01  2.0982283136e+00 -3.4243732658e-01 -1.8303920268e+00  1.2550061006e+00  1.0490355793e+00 -2.3825051614e+00  2.9913666131e+00  1.8348952120e-01 -5.3335792693e-01  1.2035934805e+00  1.6526158075e+00 -1.1030959101e+00  3.0289607971e+00 -2.9217786258e-01  4.7949742931e-01  2.2549148505e-01  2.9371942238e+00  5.1709643414e-01  4.3764063777e+00  8.8435642190e-02 -2.7403273092e+00  2.1411284814e+00  2.7006185656e+00 -8.4801147131e-01  3.9110591096e+00  1.2567322971e-01  1.6221101610e+00  1.4851231323e-01 -1.2637038972e+00  9.7875572484e-03 -6.0308029346e-01  1.5946233000e+00  8.4458552650e-01  2.0471695913e+00 -1.1274938696e+00 -2.1406055487e+00  5.7236242587e-01  1.3773108012e+00 -3.1477677118e+00  3.6974176809e+00  3.3453528678e+00  1.1316232600e+00  3.5684697928e+00  3.6828953601e+00  4.8944756032e-01  5.1738476311e+00  2.0265076954e+00  1.0030341381e+00  4.7563569348e+00  2.7539787263e+00 -1.5345355004e+00  4.6546989110e+00 -1.4933881680e+00  7.5307270947e-01 -1.1927019383e+00
ENERGY -5.316217927710e+02
GRADIENT  1.2247018370e-03 -6.8508173610e-04 -1.1671662351e-03 -1.4945368205e-05  9.7110861379e-05 -8.1437534591e-05 -4.9200076205e-05 -4.0903306164e-05 -3.8579126233e-05 -2.5100681661e-05 -3.6932352553e-05 -1.5688935378e-05 -2.4700060841e-03  9.4950216118e-04  2.5757818084e-03 -2.8848825134e-05  8.6658502593e-06 -2.8121433005e-05 -1.0760749427e-03 -1.9959987890e-04  1.3756408270e-03  6.2726934979e-05 -2.6513771153e-05  8.5572529107e-05  2.3785754164e-03  3.4980867621e-06 -2.7404196318e-03  2.1486921892e-05 -1.7119981526e-05  2.9377445590e-05 -1.6881528959e-05 -1.1563835219e-05 -7.5639972667e-06 -4.1814670420e-06  5.4260705032e-06 -1.5609081743e-05  1.2124822582e-06 -9.9036298865e-06  9.5345598741e-06  1.4230284249e-05 -6.7572260610e-06  6.4865734531e-06  6.3057194031e-07 -2.0671735177e-05  3.6808116051e-06 -3.6921518397e-06 -5.0798625864e-06 -7.9243047204e-06  6.9258517936e-07 -1.3794105249e-05 -9.2437838242e-06 -2.9865557643e-05  1.2141316218e-05  2.7467089599e-05 -1.5979611684e-06 -3.1413973537e-06  1.2712481942e-06

JOB 14
COORDS  1.2401959868e+00 -1.6271082007e-01  2.0261896283e+00 -3.8375768929e-01 -1.8036875435e+00  1.3051806687e+00  1.0386303191e+00 -2.3321557162e+00  3.0226813341e+00  1.8668530048e-01 -5.2861353762e-01  1.1823497862e+00  1.6867786967e+00 -1.0773265724e+00  2.9886753035e+00 -2.7953356975e-01  4.5803632799e-01  1.7306387703e-01  2.8903237416e+00  4.9893108422e-01  4.4529554874e+00  4.2108831142e-02 -2.6922872294e+00  2.2122985333e+00  2.7838637858e+00 -8.1913605517e-01  3.8185412002e+00  1.7577518948e-01  1.5802123180e+00  3.5277542371e-02 -1.2894499193e+00 -1.1899354486e-02 -6.0799836395e-01  1.6861820285e+00  8.1994078521e-01  1.9145558877e+00 -1.2016896869e+00 -2.1107315173e+00  6.6051617548e-01  1.3594340062e+00 -3.0792616322e+00  3.7512481372e+00  3.1103818595e+00  1.2655703732e+00  3.7055659060e+00  3.7272883520e+00  4.8033624365e-01  5.1549104183e+00  1.9769349020e+00  7.9010980770e-01  4.9917982281e+00  2.9108409129e+00 -1.5656607814e+00  4.4943324032e+00 -1.5100696580e+00  7.1282634324e-01 -1.2236619943e+00
ENERGY -5.316203577654e+02
GRADIENT  1.7388297035e-03 -1.1699933062e-03 -1.9172351590e-03  5.5110009021e-05  1.0072028690e-05  3.6879060400e-05 -5.0373698960e-05 -3.3962098460e-05 -3.0462260143e-05 -2.5708647958e-05  3.0490805154e-05 -1.2675270232e-05 -3.3008547057e-03  1.3250159065e-03  3.9965955639e-03  4.2829171125e-06 -8.3509528896e-06 -1.4084787083e-05 -1.3249533671e-03 -8.4652428442e-04  2.0244727873e-03  1.3925908429e-05 -1.8410557424e-05  3.0782189916e-05  2.9552592324e-03  7.4396063850e-04 -4.0834173587e-03 -3.6576215751e-06  3.6782836819e-06  1.0050728886e-05 -1.2048031268e-05 -9.1009231561e-07 -6.3173026032e-06 -3.9497453648e-06  1.7652971282e-06  2.5232957702e-06  7.1801426611e-06 -5.3040515668e-06  8.4920382764e-06  7.0494913033e-06  3.4190038257e-06  8.1464559980e-07 -7.5349827845e-06  1.7464404565e-05  6.0501506052e-06 -8.2086709436e-07  7.4561883851e-06 -2.8961486672e-06  3.3188057931e-07  4.0522300218e-06 -1.1407935394e-06 -4.6679805501e-05 -6.6513379853e-05 -5.3229551113e-05 -5.3041137717e-06 -2.7380482720e-06  1.5994625362e-06

JOB 15
COORDS  1.2848500535e+00 -1.6056036117e-01  1.9509558939e+00 -4.3209167399e-01 -1.7526255296e+00  1.3524459857e+00  1.0105767836e+00 -2.2666202457e+00  3.0566062524e+00  1.9121942131e-01 -5.1026774892e-01  1.1546672674e+00  1.7101631289e+00 -1.0474284688e+00  2.9478197752e+00 -2.5475018409e-01  4.4741224245e-01  1.0882635603e-01  2.8312034310e+00  4.4389836429e-01  4.5462080479e+00 -2.1646016936e-02 -2.6200130602e+00  2.2843959256e+00  2.8464111048e+00 -7.8320560892e-01  3.7354253586e+00  2.4798593147e-01  1.5386430728e+00 -9.4664304193e-02 -1.3053853808e+00 -1.1973973735e-02 -6.2322178080e-01  1.7866049532e+00  7.8631520643e-01  1.7781165731e+00 -1.2806972841e+00 -2.0490985949e+00  7.4308302777e-01  1.3173532214e+00 -2.9944653519e+00  3.8100867457e+00  2.7844025091e+00  1.3212548805e+00  3.8969729682e+00  3.7653220599e+00  5.0251122592e-01  5.1107397707e+00  1.9842563781e+00  4.8613718247e-01  5.2468991454e+00  3.0556095528e+00 -1.5855581858e+00  4.3231642499e+00 -1.5092395116e+00  6.9133085070e-01 -1.2688330828e+00
ENERGY -5.316186597582e+02
GRADIENT  1.6724501245e-03 -1.4274389290e-03 -1.9814013373e-03  2.8595037882e-05 -1.5063500815e-05  1.2915685874e-05 -5.0724212197e-06 -3.0750604980e-06 -1.0173828834e-05 -5.3605259186e-06  3.3777388927e-05 -8.5102623575e-06 -3.0530440854e-03  1.4606631912e-03  4.0213151290e-03 -3.6052092494e-06 -3.9604283584e-06  7.6885290973e-07 -1.0943054889e-03 -1.3517406968e-03  2.0091366215e-03 -1.3539323791e-06 -3.3770553308e-07  4.3292171649e-06  2.5246613560e-03  1.3207938087e-03 -4.0111019797e-03 -1.3198770268e-06  1.9966560086e-07 -2.1279474103e-07 -4.0043160904e-06  1.6428206785e-06 -6.3036357579e-06 -7.2126497882e-07 -2.3590143662e-06  2.1977780591e-06  7.1132153818e-06 -9.1134915483e-07  1.3024518508e-06  1.0175827312e-05  3.8311202736e-06 -6.4599672252e-07 -2.7944858292e-06  1.5351023252e-05  1.1357570291e-05 -2.8305967739e-06  6.1963030099e-06 -8.9443577157e-07  8.9382685538e-07  6.9779327297e-06  3.5791435309e-06 -2.7245454595e-05 -4.0772561586e-05 -4.8618171279e-05 -3.2253454469e-06 -3.2579677938e-06  5.8503507629e-07

JOB 16
COORDS  1.3169172219e+00 -1.5107343995e-01  1.8707272049e+00 -4.8268771574e-01 -1.6915497936e+00  1.4041639145e+00  9.8526785108e-01 -2.1831358799e+00  3.0921777103e+00  1.8514975583e-01 -4.8792580602e-01  1.1237593247e+00  1.7284744417e+00 -1.0033711127e+00  2.9008511412e+00 -2.4996400567e-01  4.3217722074e-01  4.0336395114e-02  2.7750976989e+00  3.6573176163e-01  4.6311609222e+00 -8.3407566381e-02 -2.5312726862e+00  2.3649237954e+00  2.9002061856e+00 -7.2344180849e-01  3.6461372863e+00  2.9372763680e-01  1.4871024872e+00 -2.3489717230e-01 -1.3416537595e+00 -1.7533464962e-02 -6.3570338874e-01  1.8649582495e+00  7.5762486465e-01  1.6404631889e+00 -1.3600770144e+00 -1.9804990097e+00  8.3274613835e-01  1.2847996970e+00 -2.8857524091e+00  3.8718433526e+00  2.5274544995e+00  1.2976351444e+00  4.1165553824e+00  3.7385606476e+00  5.0497485178e-01  5.1291535586e+00  2.0013010846e+00  1.7599085027e-01  5.3903449646e+00  3.2045599664e+00 -1.5688606618e+00  4.1235472976e+00 -1.5348369302e+00  6.5901010598e-01 -1.3124791996e+00
ENERGY -5.316168057197e+02
GRADIENT  1.7232651718e-03 -1.8648785292e-03 -2.1607931956e-03  7.2497181889e-05  1.4120886755e-05  6.5455486811e-05 -4.3364983789e-05 -2.6329763880e-05  4.1484001201e-06 -1.0782187090e-05  1.4230114123e-04 -9.3708282709e-05 -2.9178266580e-03  1.7904590900e-03  4.2486513219e-03 -6.5508330352e-05 -1.2145915294e-05 -6.1942071455e-05 -8.0657623556e-04 -2.0958388675e-03  1.9782309824e-03  2.7065230860e-05 -1.4657375489e-05 -1.5860759846e-05  2.0739412170e-03  2.0681770773e-03 -3.9963842894e-03  5.7281393736e-05 -1.4568560787e-05  6.2801244942e-05 -4.5126535192e-05 -1.6066380648e-05 -3.7223784371e-05 -1.0928178951e-05 -8.3574171455e-06  7.2890060746e-06  2.3192279539e-05  6.3176096201e-06 -8.1158064799e-07  1.4526249823e-05  1.4707542521e-05  9.1218889585e-06 -2.3082061111e-05 -1.0775440477e-05 -1.0168097777e-05  1.5639395567e-05  1.6643050100e-05  2.0180575702e-06 -6.2738614465e-06 -1.2145732422e-06  2.6770849061e-05 -1.2614355928e-05  9.9611879957e-06 -1.2649759667e-05  2.5811403268e-06 -4.8972024941e-06  5.2407959765e-06

JOB 17
COORDS  1.4015721696e+00 -2.1542754923e-01  1.7883352826e+00 -5.1322858420e-01 -1.6624717820e+00  1.5465203911e+00  9.7923474644e-01 -2.0771835529e+00  3.2345255719e+00  2.3297616983e-01 -5.6409553282e-01  1.0977318439e+00  1.8044562366e+00 -9.9618875730e-01  2.8725357161e+00 -1.7559404161e-01  2.5897801728e-01 -6.9424529832e-02  2.7155752031e+00  1.6099375713e-01  4.8018310724e+00 -1.5222682885e-01 -2.4052014254e+00  2.6019246262e+00  2.9689793409e+00 -7.2516268680e-01  3.6500405223e+00  4.3922716016e-01  1.2258027323e+00 -4.8490125784e-01 -1.3278563741e+00 -1.7063097519e-01 -6.5012092194e-01  1.9767278510e+00  6.4733657249e-01  1.4609965241e+00 -1.4273545885e+00 -1.9510375988e+00  1.0351879856e+00  1.2715040138e+00 -2.7015116894e+00  4.0779119780e+00  2.2890147465e+00  1.1351597235e+00  4.5163297566e+00  3.6556379344e+00  3.2506506481e-01  5.3361896360e+00  2.0180451339e+00 -3.2782771272e-01  5.4875682047e+00  3.6703845257e+00 -2.9018692407e-01  3.0539980713e+00 -1.4961747029e+00  4.3734158609e-01 -1.3952108958e+00
ENERGY -5.316149357209e+02
GRADIENT -1.4894683042e-03  1.7032939912e-03  1.7708136508e-03 -9.9601133680e-05  7.4824402129e-06 -8.5567342031e-05  8.6476536345e-05 -5.6547643706e-05  1.2271810962e-04  1.2736055545e-05 -5.6112551293e-05  4.7935392422e-05  2.4795648048e-03 -1.7065534465e-03 -3.4051498571e-03  1.6236548356e-05 -1.4208267476e-05  5.1928821414e-06  4.2646964743e-04  2.0348847827e-03 -1.3488116612e-03  4.9635667135e-05  6.2839147165e-05 -1.5071486498e-05 -1.4251109263e-03 -1.9878789604e-03  2.9893069110e-03 -9.7262654283e-06  3.8759616732e-06  4.0059563482e-06  1.8905814941e-05 -5.6001371992e-06  5.5615691526e-06  6.2762760214e-06  8.2673983349e-06 -6.7877051331e-06 -3.6645295590e-06 -1.9092294128e-07 -1.5471798074e-05  1.6947259504e-05 -4.4064101320e-06  1.1842335548e-05  1.1107296533e-05 -1.2341062693e-05 -7.0850010724e-06 -1.9897259209e-07 -1.3016201642e-05 -1.0241212766e-05  6.2103235855e-07 -1.1604869844e-06 -1.5281761398e-06 -2.8079102896e-05  2.1383725911e-05 -5.1965753978e-05  3.4565623903e-06 -1.2854444813e-06 -2.1732859902e-07

JOB 18
COORDS  1.3945807360e+00 -1.8186558811e-01  1.7306577837e+00 -5.3923749087e-01 -1.6157174489e+00  1.5675951826e+00  9.5638441261e-01 -1.9644216969e+00  3.2689397990e+00  2.1958227132e-01 -5.5188124393e-01  1.0625340115e+00  1.7941204361e+00 -9.0903799920e-01  2.8534739191e+00 -1.8297783879e-01  2.1726135392e-01 -1.4291092706e-01  2.7551232145e+00  4.7094609833e-02  4.8819097820e+00 -1.8025690591e-01 -2.3082574002e+00  2.6579988299e+00  2.9725386700e+00 -6.2107868804e-01  3.5866864888e+00  4.4252924581e-01  1.1537160135e+00 -6.0922568417e-01 -1.3431741909e+00 -2.2548803481e-01 -6.9754412423e-01  1.9769652027e+00  6.5700009065e-01  1.3573063177e+00 -1.4589860643e+00 -1.9189498560e+00  1.0757051741e+00  1.2412915314e+00 -2.5568909067e+00  4.1375550626e+00  2.2329723409e+00  1.0115189727e+00  4.7881084068e+00  3.7236278601e+00  2.0989654360e-01  5.3627118338e+00  2.1627582526e+00 -5.9936276682e-01  5.5342332075e+00  3.5943985027e+00 -5.1746218541e-02  3.0177902305e+00 -1.5057065142e+00  3.4646812600e-01 -1.4718288355e+00
ENERGY -5.316165573876e+02
GRADIENT -1.4160770726e-03  1.6892196828e-03  1.5909809588e-03  6.7056282528e-05 -7.7611360629e-06  4.2984604485e-05 -9.5132500102e-05  4.2769298113e-05 -1.2570630949e-04 -2.6502251406e-05 -2.0730280097e-05 -1.2134362990e-06  2.3483377393e-03 -1.6863392662e-03 -2.8643390775e-03  1.4656974794e-05  2.9941548036e-05  3.8601549405e-05  1.8658968348e-04  2.0640572648e-03 -1.1193791074e-03 -2.3518588839e-05 -5.3915767125e-05  3.4724577242e-05 -1.0680646739e-03 -2.0369599361e-03  2.3746052515e-03 -7.1446111160e-06 -6.5822570856e-06 -4.3739403334e-05  1.8737395401e-05  4.4740331251e-07  4.5657783980e-06  1.8520583926e-06 -3.9263878637e-06  5.1292952550e-06  1.7070712042e-06 -7.1287726815e-06  1.0131490927e-05 -1.2690879622e-05 -2.4399096760e-06 -1.2778896911e-05 -1.1189478523e-06  7.7411553868e-06  7.4814835877e-06 -3.2972537665e-06  1.0782691053e-06  9.2876452362e-06 -6.1714545677e-06  4.8793304051e-06  1.0120510251e-05  2.3059112150e-05 -3.2777486253e-05  2.5755044484e-05  4.5437802930e-06 -4.8145481318e-07 -2.1011999499e-06

JOB 19
COORDS  1.3910659529e+00 -1.5271105756e-01  1.6921166321e+00 -5.4752872607e-01 -1.5851884181e+00  1.5795807559e+00  9.3226972676e-01 -1.8561950308e+00  3.3119310222e+00  2.2061056807e-01 -5.4819942087e-01  1.0336185154e+00  1.7803459111e+00 -8.2400028190e-01  2.8548862661e+00 -1.6944027402e-01  1.6855359033e-01 -2.0788521062e-01  2.8224025983e+00 -6.8496141703e-02  4.9467885492e+00 -1.9818760817e-01 -2.2245205376e+00  2.7043313773e+00  2.9648266614e+00 -5.0751714509e-01  3.5500177189e+00  4.6027478903e-01  1.0848140248e+00 -7.0768817215e-01 -1.3236028970e+00 -2.9838267986e-01 -7.5533938094e-01  1.9794662837e+00  6.6497002015e-01  1.2828382919e+00 -1.4642836182e+00 -1.9083528114e+00  1.0952511785e+00  1.1968186073e+00 -2.4113006877e+00  4.2105570088e+00  2.1809193955e+00  8.1880271599e-01  5.0547836052e+00  3.8147887215e+00  1.5759776373e-01  5.3454489105e+00  2.4004282171e+00 -8.7312954026e-01  5.5529365028e+00  3.5031637153e+00  1.7619028121e-01  3.0255576492e+00 -1.4778460596e+00  2.4020066357e-01 -1.5548151347e+00
ENERGY -5.316180317302e+02
GRADIENT -1.3082644707e-03  1.5477903225e-03  1.2750608388e-03  7.2150510607e-05 -5.5771843886e-05  1.7346385383e-04  3.4175292146e-05  9.0346530905e-05 -7.5688310687e-05  5.8180984726e-05  5.8166219545e-05 -8.3812641999e-05  1.7594710162e-03 -1.5391582158e-03 -2.2332544678e-03 -1.6625406040e-05  3.2930660722e-05  1.1664400822e-05 -1.5140879076e-04  2.0968011659e-03 -6.2326742218e-04 -1.1180926488e-04 -3.0236508366e-05 -6.1439007205e-05 -3.6295003949e-04 -2.1993942065e-03  1.6258274210e-03 -1.3416802783e-06 -1.7249369884e-06 -1.7339138929e-05  9.4658176760e-06 -1.4620402416e-06 -1.2367328720e-05  4.1076408434e-06 -7.0126246759e-06  1.0259048697e-05  7.8080131323e-06  5.4279428776e-06 -3.6678253654e-06 -2.7448387318e-05  1.4742405784e-06 -6.8679252273e-06  5.5814513930e-06 -5.2080929721e-06 -9.4431562812e-06 -5.3405376699e-07 -5.7120457172e-06 -1.4953515403e-06 -6.1152921718e-06 -2.7858679260e-06 -1.7782319447e-05  1.4850904956e-05  1.9188188208e-05  3.9070799239e-05  1.1954183648e-06  1.0740999126e-06 -2.6477416733e-06

JOB 20
COORDS  1.3813499880e+00 -1.2889230336e-01  1.6537281640e+00 -5.7038485438e-01 -1.5470577968e+00  1.5826006843e+00  8.7955738448e-01 -1.7409379200e+00  3.3536813941e+00  2.1575619461e-01 -5.4136214182e-01  1.0016705653e+00  1.7511730181e+00 -7.4716108799e-01  2.8544967336e+00 -1.5155312303e-01  1.2357220652e-01 -2.7533436504e-01  2.8812189127e+00 -2.0033787128e-01  4.9789834185e+00 -2.4316225556e-01 -2.1298447026e+00  2.7424419745e+00  2.9308543394e+00 -4.0028825800e-01  3.5264492390e+00  4.9135511640e-01  1.0127546539e+00 -8.0643399738e-01 -1.3016920746e+00 -3.5871143496e-01 -8.1805075018e-01  1.9839929379e+00  6.6120035371e-01  1.2121460815e+00 -1.4832312134e+00 -1.8848992264e+00  1.1011537193e+00  1.1094730856e+00 -2.2456195072e+00  4.2898892561e+00  2.0806810848e+00  4.8716689741e-01  5.2889433481e+00  3.8425558240e+00  2.0302373031e-01  5.3058775678e+00  2.7381288698e+00 -1.1534717824e+00  5.4942045235e+00  3.3936718239e+00  3.7616247002e-01  3.0657098855e+00 -1.4403004381e+00  1.4545491374e-01 -1.6424299016e+00
ENERGY -5.316195049735e+02
GRADIENT -1.3236433226e-03  1.7988458536e-03  1.3520331257e-03 -6.0617854704e-05 -1.1723258930e-05 -1.8319528242e-05  5.0393294565e-05  2.9490244126e-05  4.9006681128e-05  3.2157729389e-07 -4.0878680963e-07  7.9766261731e-08  1.7131787790e-03 -1.6516130146e-03 -2.1947575734e-03  2.4572816374e-05 -3.6263614838e-06  2.4674942668e-05 -4.9271111337e-04  2.3737782652e-03 -3.3118928121e-04 -4.7024219866e-06  2.8463092857e-05 -3.7507107055e-05  7.1808253070e-05 -2.6037510086e-03  1.1552394561e-03 -2.3194185549e-05  9.8026517162e-07 -3.1907782897e-05  2.4284921506e-05  1.3674979500e-05 -3.7253927057e-06 -1.9282442610e-06 -7.9178342265e-06  1.5490783280e-06 -1.0323501588e-05  1.3094531902e-05 -1.0214606529e-05 -4.3457487211e-06  5.1448595904e-06  3.3284284939e-06  6.5999209799e-06  5.2735499714e-06 -6.1158425742e-06  3.4559942244e-06 -3.0836621975e-06 -9.2698021675e-07 -5.2607738304e-06  8.3275474248e-06 -7.7746092447e-06  1.1364897626e-05  1.7503359796e-05  5.9893339792e-05  6.5391943392e-08  2.2208663303e-06 -5.6910411752e-06

JOB 21
COORDS  1.3601779549e+00 -9.0663964203e-02  1.6290350982e+00 -6.0080405976e-01 -1.4984761466e+00  1.5907226782e+00  8.1483592053e-01 -1.6158940193e+00  3.3970452585e+00  2.0198369113e-01 -5.2170168165e-01  9.8012381143e-01  1.7031861894e+00 -6.5249183070e-01  2.8674238186e+00 -1.3892519765e-01  8.7497824127e-02 -3.3172143413e-01  2.9275233713e+00 -3.1111777946e-01  4.9886822063e+00 -2.9734372020e-01 -2.0290595986e+00  2.7797797458e+00  2.8728043845e+00 -2.7823799099e-01  3.5281832991e+00  5.1827323912e-01  9.4856631457e-01 -8.9100741478e-01 -1.2822762636e+00 -4.1273388719e-01 -8.7283161360e-01  1.9793128806e+00  6.7007766831e-01  1.1596296935e+00 -1.5075386308e+00 -1.8516849663e+00  1.1088939225e+00  1.0168647557e+00 -2.0739599918e+00  4.3625533599e+00  2.0673426176e+00  1.8691142310e-01  5.4597652874e+00  3.8443540416e+00  1.8597152537e-01  5.3129431126e+00  2.9712782551e+00 -1.3426234446e+00  5.3506764649e+00  3.2795191215e+00  5.6396821812e-01  3.1384988115e+00 -1.4030080332e+00  5.4922481773e-02 -1.7211783926e+00
ENERGY -5.316209325525e+02
GRADIENT -9.0552471300e-04  1.4011050141e-03  8.4315662629e-04  8.1970685023e-05 -9.4825756979e-06  1.2186126633e-04 -2.2098543284e-05  2.2597456199e-05 -6.8020774848e-05  1.9365744597e-05  1.7957554129e-05 -2.0902817191e-05  1.0095359589e-03 -1.2748023012e-03 -1.3030692164e-03 -2.1291499931e-05  4.8224332631e-05  2.4752426949e-05 -5.9259761422e-04  1.7377341667e-03  9.8573038969e-05 -6.8554901355e-05 -4.3514069406e-05 -2.9713268311e-06  4.4022052797e-04 -1.8834405172e-03  3.2827544568e-04  2.1099826422e-05 -1.3167283539e-05 -1.3666975995e-05  8.4491228758e-06 -2.0084275402e-05 -1.0038119658e-05  6.8519887527e-06  7.9791510930e-06 -7.4209623778e-06  8.7649059612e-07  5.7355391271e-06  1.1514408073e-05 -3.0556832290e-05 -4.1866002406e-06 -1.8694324010e-06  1.5475694037e-05 -2.4829652601e-06 -1.4934531705e-05 -4.8779248587e-06 -6.2469172558e-06 -4.0476975393e-06  4.5828435833e-06  3.6315203214e-06 -2.2721761133e-05  2.7660565655e-05  1.4821876065e-05  3.6388546710e-05  3.5654950618e-06  3.5962896981e-06 -7.3636871240e-07

JOB 22
COORDS  1.3221115598e+00 -4.8252152770e-02  1.6200527473e+00 -6.3177655144e-01 -1.4667171127e+00  1.5923806056e+00  7.4339083945e-01 -1.5070579794e+00  3.4344971892e+00  1.7979356382e-01 -5.0687716371e-01  9.6454807382e-01  1.6344148757e+00 -5.5233721459e-01  2.8926698055e+00 -1.3078619080e-01  4.6152674773e-02 -3.7945158024e-01  2.9665332519e+00 -3.9721568700e-01  4.9767566735e+00 -3.4994668160e-01 -1.9528746738e+00  2.8045046363e+00  2.7879980657e+00 -1.4749265795e-01  3.5530587033e+00  5.3613263478e-01  8.8655042149e-01 -9.5836633394e-01 -1.2588906302e+00 -4.8126676966e-01 -9.2700738959e-01  1.9536551940e+00  6.9036941547e-01  1.1325188127e+00 -1.5257964915e+00 -1.8424991786e+00  1.1039470913e+00  9.2475007926e-01 -1.9299544145e+00  4.4195082042e+00  2.1325176391e+00 -2.1339829832e-02  5.5883896896e+00  3.8869189492e+00  9.1403086886e-02  5.3033560076e+00  3.0779860775e+00 -1.4695868713e+00  5.1670040601e+00  3.1539735134e+00  7.3925363841e-01  3.2308685037e+00 -1.3604475812e+00 -4.9243153121e-02 -1.7964863388e+00
ENERGY -5.316215417540e+02
GRADIENT -3.2693665197e-05 -1.1576583898e-05  9.3285859743e-05  6.0778793363e-06  3.8537136652e-05 -5.8163195825e-05 -2.9879714281e-05 -4.2961616589e-05  1.5076680234e-05 -5.7905682642e-05 -3.4490342324e-05 -3.9288662698e-05  6.1680425698e-05 -1.7087796707e-05 -5.0658413405e-05  1.1904550794e-05  3.3046735135e-05  5.5392580941e-05 -5.2514342266e-05  4.3252343372e-05 -1.1927020263e-05  3.9006807072e-05  1.4062489231e-05  4.4282928086e-05  1.3563207773e-05  1.4858408364e-06  5.7677779101e-05 -2.1840495366e-05 -8.9818018310e-06 -6.1524167757e-05  3.5785983845e-05  1.8112583498e-05 -4.5729497340e-06 -1.5730170581e-05  2.1914624874e-06  2.2373511192e-06  2.6455979369e-06  2.3029939663e-06 -6.2946222185e-06  6.4843052042e-06  2.0173179441e-05  1.3817158410e-05  4.0802430707e-06 -7.1903160139e-06 -4.9038117739e-06 -1.6746296716e-06  4.0167600987e-06  1.4180937955e-06  9.0575574139e-06 -1.0949139151e-05 -5.3739710581e-06  4.3021835995e-05 -3.5384859677e-05 -2.3854224241e-05 -2.5360647105e-07  1.2687488079e-06 -4.3399282015e-06

JOB 23
COORDS  1.2436258370e+00  2.2446471233e-03  1.6364534401e+00 -6.6409331674e-01 -1.4777243753e+00  1.5982434316e+00  6.7329099510e-01 -1.4395771855e+00  3.4678384041e+00  1.3667755539e-01 -5.1270241821e-01  9.6332155795e-01  1.5464595198e+00 -4.6835006180e-01  2.9252673468e+00 -1.5621323561e-01 -4.8087001920e-03 -4.0232203867e-01  2.9612504303e+00 -4.0348813311e-01  4.9693563871e+00 -3.9746824202e-01 -1.9253350327e+00  2.8280996862e+00  2.6147357791e+00  5.4643541992e-02  3.6358123763e+00  5.1207614782e-01  8.2507980298e-01 -9.9470014006e-01 -1.2674041673e+00 -5.6307994161e-01 -9.5430541906e-01  1.8542482944e+00  7.6104188225e-01  1.1536702344e+00 -1.5337815237e+00 -1.8929639580e+00  1.0980197003e+00  8.4893220754e-01 -1.8400376377e+00  4.4631956920e+00  2.1228900786e+00 -2.4305993919e-01  5.6556736138e+00  3.8055093646e+00  1.8604191650e-01  5.3332873330e+00  3.2393324781e+00 -1.4678665116e+00  5.0062881897e+00  3.3660924257e+00  4.3671211946e-01  3.0783168713e+00 -1.3573905098e+00 -1.5909530289e-01 -1.8384014118e+00
ENERGY -5.316209584975e+02
GRADIENT -1.3205442393e-03  1.2207380248e-03  8.3153788907e-04  9.2363228964e-05  2.2890868642e-05  1.0664585820e-04 -3.4731228245e-05  2.4777658842e-05 -9.1851492201e-05  7.1656160445e-05  1.0018192474e-04 -1.8061363976e-04  1.3056897732e-03 -1.2855525893e-03 -7.1948641512e-04 -1.5450640667e-04  6.2521364819e-05 -4.6675935846e-05 -1.1853886748e-03  1.2844031373e-03  7.9118017096e-04 -4.7043396637e-05 -4.1913879851e-05  1.1969153163e-05  1.3007285964e-03 -1.1886049705e-03 -5.1706037000e-04  9.9325051633e-05 -2.6849021349e-05  7.9855021307e-05 -4.6571056616e-05 -4.9138838757e-05 -5.7043899345e-05 -1.2682401597e-05 -4.6855447457e-06  1.5535567903e-05  2.4341343825e-05  8.2327594917e-06  5.2242452347e-06 -1.4571317481e-05  5.5152466793e-06 -2.0223844845e-05 -8.5635415511e-07 -2.1242762952e-05 -1.6592140261e-05 -2.8795424365e-05  3.5495911921e-05  2.0375792719e-05  2.2157594938e-05  5.3327170739e-06 -1.2909359137e-05 -5.3169686644e-05 -1.2752045842e-04 -1.8470729671e-04  4.1166999075e-06 -6.8897572193e-07  1.9744156472e-06

