JOB 0
COORDS  1.9536757049e+00 -8.3300780050e-01 -8.2687139521e-02  2.7666111180e+00 -1.7749646943e+00  2.0275387915e+00  8.7102425719e-01 -3.0778558364e-01  5.5586014696e-01  1.7023244988e+00 -1.2412060428e+00  2.6892669516e+00  4.8955360422e+00 -3.1967657449e+00  5.2128677513e-01  4.3939207817e+00 -1.8530361139e+00 -1.4372723868e+00  5.9235817629e+00 -3.7690646166e+00 -1.6216975776e-01  5.4358192080e+00 -2.4458392291e+00 -2.0809708145e+00  2.9654575727e+00 -1.5955944827e+00  6.0905634223e-01  4.0498566169e+00 -2.1805328212e+00 -6.9380063088e-02  6.6618714313e-01 -4.6633895108e-01  1.9991010682e+00  6.2066170080e+00 -3.4006040373e+00 -1.4576322179e+00 -3.1527121036e-01  1.8034775502e-02  2.5935155274e+00  2.0312139893e+00 -6.9769525189e-01 -1.1578653856e+00  3.5090670922e+00 -2.3201911671e+00  2.6038207256e+00  1.0707291217e-01  2.4078795478e-01  1.1234888094e-02  1.5858220123e+00 -1.3656321294e+00  3.7626346609e+00  4.7108504116e+00 -3.5506548956e+00  1.5271368598e+00  3.8421232694e+00 -1.0955307639e+00 -1.9785172101e+00  6.5523650669e+00 -4.5429751204e+00  2.6374762716e-01  5.7150797012e+00 -2.1955661047e+00 -3.0983414476e+00  6.9731117364e+00 -3.8351741065e+00 -1.9520846020e+00
ENERGY -5.546270571394e+02
GRADIENT -1.4086802776e-03 -2.0327745773e-03 -2.5312499231e-04 -5.2970740612e-05  5.0841416382e-05  5.1679081054e-05  2.0099578525e-04 -1.5826356724e-04  5.8884516215e-05  9.1595886467e-05 -4.6906855486e-06 -2.9411733667e-04 -1.4752224228e-03 -1.7577495937e-03 -9.3582239429e-04 -1.5078193262e-04  2.4278618665e-04 -2.0645850761e-04  1.5397386806e-04 -1.8845636036e-04  8.5151295251e-05 -5.8712715464e-05 -1.9581935665e-05  1.4730749168e-04  1.3603479347e-03  2.1100238321e-03 -1.0900625772e-04  1.7966327148e-03  1.5034343016e-03  1.0958043870e-03 -2.4276171139e-04  1.4090738180e-04  1.6966818224e-04 -1.0909761608e-04  5.4809933660e-05  7.7381855630e-05 -1.1999261572e-04  5.9294157834e-05  6.8313371531e-05  1.5079474196e-05  1.2422613212e-05  4.9981249007e-05 -2.8927445090e-05  2.0686655089e-05 -2.5580979980e-05  5.2012982565e-06 -1.0637023635e-05  5.7291890367e-05 -3.8895184187e-05  1.4109705689e-05 -4.5294266367e-05  6.2391638820e-05 -1.8036579961e-05 -2.4386293986e-05  1.5976804209e-05 -5.0491311708e-06 -3.1890460033e-05  2.2904721361e-06 -1.0386649214e-05  2.3540822271e-05 -2.8483050008e-05  4.9617302207e-06  9.9112711065e-06  2.0863206472e-06 -5.7869780322e-06  3.5137583814e-05

JOB 1
COORDS  1.9276362647e+00 -8.9474248892e-01 -9.3665614900e-02  2.8470108846e+00 -1.6472851853e+00  2.0521817230e+00  8.1207361659e-01 -4.2945287467e-01  5.3694214330e-01  1.7581420252e+00 -1.1546950968e+00  2.7074516959e+00  4.8250368967e+00 -3.2423700547e+00  4.9347670871e-01  4.4814686977e+00 -1.7436712991e+00 -1.3872180265e+00  5.8228594404e+00 -3.8519967968e+00 -2.0418424193e-01  5.4925143692e+00 -2.3737675919e+00 -2.0459617448e+00  3.0095887966e+00 -1.5196775014e+00  6.2527300315e-01  4.0914685825e+00 -2.1200898802e+00 -4.6747586140e-02  6.5201490993e-01 -5.0954502543e-01  1.9923000325e+00  6.1708682441e+00 -3.4209436856e+00 -1.4644039583e+00 -3.5535679145e-01 -6.9258553466e-02  2.5788919326e+00  1.9773700284e+00 -8.3835238766e-01 -1.1785084163e+00  3.6488405023e+00 -2.0970202661e+00  2.6338202301e+00 -1.4572931318e-02 -6.5619006354e-04 -2.3423892903e-02  1.6719117652e+00 -1.2176825694e+00  3.7890628187e+00  4.5655462181e+00 -3.6476666290e+00  1.4637047515e+00  3.9984682331e+00 -9.0973780403e-01 -1.8818960146e+00  6.3644688931e+00 -4.7118581234e+00  1.7401766037e-01  5.8197535048e+00 -2.0840051895e+00 -3.0382376403e+00  6.9113505150e+00 -3.8862798145e+00 -1.9706549469e+00
ENERGY -5.546244249069e+02
GRADIENT -3.0627833120e-03 -5.6049640355e-03 -2.8105193239e-04 -2.7206116628e-05  2.8221051666e-05 -1.7037058543e-04 -9.8810452094e-05  5.5501532132e-05  7.7147887555e-06 -3.0756835162e-05 -2.4374399303e-05  4.1230442235e-04 -4.1165484847e-03 -4.0295823154e-03 -3.0006198710e-03  7.2251940770e-07 -5.0493140270e-05  7.6475262604e-05  9.6932596386e-05 -1.3875767240e-04  6.8306643208e-05  5.4402690343e-05  4.9714016510e-05 -1.5999716252e-04  2.3623214830e-03  6.4253410530e-03 -1.3351373689e-03  4.7403867313e-03  3.3571595340e-03  4.4806594714e-03  1.5774501011e-04 -9.0009662481e-05 -1.7260432147e-04 -1.6809643228e-04  8.1184592108e-05  8.8977333610e-05  1.1213432861e-04 -3.7551562203e-05 -2.0109337737e-05 -1.6636831812e-06 -1.2952601780e-05 -7.7444021330e-06 -3.5045762880e-05  8.6829425749e-06  1.1459503835e-05  1.0626457454e-06 -2.4472398025e-06 -3.6927163432e-05  3.5469087780e-06 -8.2676282888e-06  4.9758048376e-05 -3.7162210218e-06  5.7479049449e-06 -1.0209376695e-05  7.8976922401e-06 -1.0405244919e-05  6.1469894807e-06 -2.7602190803e-06 -1.4962195778e-05  1.3030242301e-05 -3.5806235281e-06  4.5462744026e-06 -1.3885979631e-05  1.0004592324e-06  1.3525444616e-05  1.3907269303e-05

JOB 2
COORDS  1.9232576478e+00 -9.4789440795e-01 -9.5478532968e-02  2.9213289047e+00 -1.5186742506e+00  2.0709774338e+00  7.7532602051e-01 -5.5305331278e-01  5.2807268169e-01  1.8029923901e+00 -1.0801057412e+00  2.7171103880e+00  4.7587572023e+00 -3.2638794381e+00  4.6784224768e-01  4.5736806317e+00 -1.6479166628e+00 -1.3364860127e+00  5.7176423573e+00 -3.9178979233e+00 -2.4642304424e-01  5.5438053156e+00 -2.3234486431e+00 -2.0135267931e+00  3.0638058431e+00 -1.4274940954e+00  6.4056683230e-01  4.1461722655e+00 -2.0512968173e+00 -1.7646349000e-02  6.4044534913e-01 -5.6325806259e-01  1.9874531204e+00  6.1269721705e+00 -3.4472639230e+00 -1.4736333556e+00 -3.9424331567e-01 -1.7753757643e-01  2.5668053712e+00  1.9612980233e+00 -9.5343596537e-01 -1.1830636672e+00  3.7638330934e+00 -1.8859180032e+00  2.6550933624e+00 -9.6713483916e-02 -2.4424463420e-01 -4.2360677059e-02  1.7312683745e+00 -1.0997005305e+00  3.8014289761e+00  4.4337910142e+00 -3.6953962618e+00  1.4072871489e+00  4.1551575216e+00 -7.5748436816e-01 -1.7916710027e+00  6.1672610932e+00 -4.8476865349e+00  8.3888106723e-02  5.9095471739e+00 -2.0155357501e+00 -2.9866833543e+00  6.8347211345e+00 -3.9470247620e+00 -1.9941140724e+00
ENERGY -5.546191022331e+02
GRADIENT -4.7681276249e-03 -9.8482755298e-03  8.8815439166e-04  4.7550775567e-04 -2.1684682329e-04  1.4670663843e-04  3.8013581024e-05 -2.8806198978e-06  2.9773058571e-06 -1.9521054391e-05  2.9922971341e-05 -2.2818421290e-04 -7.2753385244e-03 -6.0289676962e-03 -6.0795738865e-03 -1.1920300641e-04  9.3857174114e-05  2.7317415456e-05  9.1590641255e-07 -2.2216490293e-05  3.2508739428e-05 -2.4885122789e-05 -8.4984023124e-06  7.0303127081e-05  2.8784643753e-03  1.1909694958e-02 -4.9076107029e-03  8.8130024904e-03  4.2028906175e-03  1.0052216973e-02 -4.1164076674e-05  6.1537202786e-06  9.1322559497e-05  4.3681153526e-05 -5.4328512837e-05 -7.8034383222e-05 -3.5959801521e-05  1.7993036044e-05 -7.8994292814e-06 -8.9937189979e-06 -2.3769605928e-05 -1.7594085752e-05  2.1383078926e-05 -2.7056344865e-05  1.5960143723e-05 -1.9506539361e-06 -9.4728539800e-06  7.2219149352e-06  1.3852655758e-05 -7.2463121851e-06 -2.4285028347e-05 -1.2566049925e-05  1.8458244694e-05 -2.1282886348e-05 -1.1383767786e-05 -8.6376306437e-06  2.4343036123e-05  2.8643102458e-06 -8.9581888511e-06 -1.5392198851e-05 -1.6397286863e-06 -1.9327158652e-05 -2.0347148531e-06  2.4714866206e-05  7.6714882579e-06  1.4998280620e-05

JOB 3
COORDS  1.9235163836e+00 -1.0105214158e+00 -9.1928242141e-02  2.9802088419e+00 -1.3915858217e+00  2.0814951601e+00  7.4936987279e-01 -6.8705060783e-01  5.2717406505e-01  1.8366681772e+00 -1.0113199651e+00  2.7230609569e+00  4.6864693010e+00 -3.2775504878e+00  4.3751092273e-01  4.6699359118e+00 -1.5679729038e+00 -1.2834476868e+00  5.6048084274e+00 -3.9736612673e+00 -2.9283603176e-01  5.5969291988e+00 -2.2853270284e+00 -1.9802873706e+00  3.1119327185e+00 -1.3392103270e+00  6.4864093559e-01  4.1987640031e+00 -1.9914327749e+00  1.2315816785e-02  6.2941301412e-01 -6.2753099612e-01  1.9851468083e+00  6.0785368696e+00 -3.4745393619e+00 -1.4846538741e+00 -4.2949645769e-01 -3.0077666074e-01  2.5592462206e+00  1.9545935994e+00 -1.0723260826e+00 -1.1787356925e+00  3.8526785144e+00 -1.6780684221e+00  2.6682391933e+00 -1.5280115523e-01 -4.9749476554e-01 -4.8507274293e-02  1.7760379288e+00 -9.9055709691e-01  3.8081066765e+00  4.2994196122e+00 -3.7244265840e+00  1.3464555275e+00  4.3188990727e+00 -6.3074055517e-01 -1.7016049609e+00  5.9590784374e+00 -4.9589642610e+00 -1.1038425841e-02  6.0018129675e+00 -1.9646270070e+00 -2.9335965717e+00  6.7521752165e+00 -4.0059180239e+00 -2.0194187080e+00
ENERGY -5.546109643146e+02
GRADIENT -6.2758785005e-03 -1.3696572733e-02  3.9900237539e-03 -2.9403253397e-04  9.6490901134e-05 -5.5320762838e-06 -6.6098785755e-06 -4.5633556198e-06 -1.2961793421e-05  1.2675172576e-05  7.2030338672e-06 -2.5619523311e-05 -9.9383750189e-03 -7.1326075555e-03 -1.0104248806e-02  1.2863703922e-04 -1.6364064755e-04 -2.2893800471e-05 -2.1995630920e-06  4.2801574416e-05  1.5217171978e-07  1.0753072546e-05  3.3895655796e-06  3.8739346199e-05  4.2465399978e-03  1.6749173908e-02 -1.1261224448e-02  1.2113164688e-02  4.1071255630e-03  1.7426355294e-02 -3.3095873593e-06  1.6954034346e-05  8.2059612489e-06  1.3285507433e-05 -3.1859532223e-05 -3.3864518808e-05 -5.4300675377e-06 -7.0324167830e-06 -3.3190562966e-06  4.6509944865e-06 -9.6765539360e-07  1.0893459121e-06  6.0989674425e-06  3.1838750974e-06  5.0458356575e-07 -8.1003821406e-07  6.4240950449e-06 -7.5308952132e-07 -1.1067548655e-06  3.7649512684e-06 -2.5382107361e-06 -2.0804142711e-06  2.0351090474e-06  5.3644561367e-06  6.7473552025e-06  8.2716896839e-06 -1.9494237433e-06  2.3933591364e-06  2.4572492401e-06 -7.1693753442e-06 -3.6815692981e-07 -3.5639807638e-07  7.8075075335e-07  5.8658071159e-06  2.7426564023e-06 -4.4065543825e-07

JOB 4
COORDS  1.9245064315e+00 -1.0915194276e+00 -9.0574760836e-02  3.0286533611e+00 -1.2642952525e+00  2.0786355881e+00  7.3420940683e-01 -8.2659505369e-01  5.2995550933e-01  1.8667483230e+00 -9.3238328286e-01  2.7183800794e+00  4.6043105871e+00 -3.2920943196e+00  3.9465777768e-01  4.7758509106e+00 -1.5003248900e+00 -1.2234153873e+00  5.4897777727e+00 -4.0216572137e+00 -3.4703796496e-01  5.6675206909e+00 -2.2494146112e+00 -1.9369310259e+00  3.1462202554e+00 -1.2657421388e+00  6.4474448362e-01  4.2440830865e+00 -1.9488064457e+00  3.7411776713e-02  6.2535857107e-01 -6.8443618769e-01  1.9811338157e+00  6.0399546116e+00 -3.4947663536e+00 -1.4926702759e+00 -4.5028761035e-01 -4.0765253385e-01  2.5537545805e+00  1.9485241880e+00 -1.2175884659e+00 -1.1726030709e+00  3.9240581415e+00 -1.4673975814e+00  2.6662341787e+00 -1.8647184106e-01 -7.5342278122e-01 -4.2974559422e-02  1.8181419338e+00 -8.6015951253e-01  3.8019120247e+00  4.1487121881e+00 -3.7523175827e+00  1.2648709441e+00  4.4982869694e+00 -5.2181874619e-01 -1.6007349769e+00  5.7474600789e+00 -5.0498548876e+00 -1.1879298678e-01  6.1225931673e+00 -1.9135361160e+00 -2.8619725176e+00  6.6883853422e+00 -4.0480707556e+00 -2.0369673868e+00
ENERGY -5.546002396658e+02
GRADIENT -6.6361724860e-03 -1.6633275590e-02  6.8072005644e-03 -2.5163481427e-04  9.8670961745e-05 -5.3132941189e-05  3.2830094886e-04 -5.1980251076e-05  2.8766194691e-04  1.9309291687e-05 -3.4653525991e-06 -5.1640124428e-05 -1.1862155131e-02 -6.8684419952e-03 -1.4254014386e-02  1.6773728490e-04 -3.0034307253e-04  1.1476964536e-04  5.7638525331e-05 -1.8685586193e-04  8.7944534826e-05  1.0959924358e-04  7.6054143379e-05 -1.6743934589e-04  3.5869503019e-03  2.1023752232e-02 -1.7891450217e-02  1.4845858827e-02  2.6780134648e-03  2.4983195063e-02 -1.3122156055e-04  4.0822014417e-05 -3.9403524960e-05 -1.9593696786e-04  1.0287743463e-04  7.8069645690e-05 -1.4248686874e-04  2.4096434492e-05  1.3924219286e-04  8.4891746051e-06 -3.5260524624e-06 -5.8227288630e-05 -9.2318693553e-06  3.9994345855e-06  2.8361321266e-05  6.7330391536e-05  9.9168847763e-06  1.5492971199e-05 -1.2220300299e-05  1.5488022382e-05 -1.6954862678e-05  1.9397590718e-05  1.4685522663e-07 -1.6948226729e-05  1.9519448418e-05 -1.9387273634e-05 -9.2484258991e-06  7.5034113503e-06 -1.6350113802e-05  1.3003482373e-05  4.9208128696e-06  2.4075007021e-05 -1.1654129271e-05 -3.8275719415e-07  1.6077127472e-05  2.1051218761e-05

JOB 5
COORDS  1.4254084448e+00 -1.9391344448e+00  2.4980307237e-01  3.1612486917e+00 -1.0387245073e+00  1.6973303802e+00  4.8667628154e-01 -1.1497599974e+00  8.6136796759e-01  2.2310003946e+00 -2.9786730909e-01  2.3765799666e+00  4.2276728209e+00 -3.8014153550e+00 -3.3605493866e-01  4.8172670279e+00 -1.4846476721e+00 -6.7316379682e-01  5.3938574192e+00 -4.1743943650e+00 -9.4891554493e-01  5.9709453269e+00 -1.8848205907e+00 -1.2911625530e+00  2.7923945794e+00 -1.9906875296e+00  6.8378464380e-01  3.8322800904e+00 -2.4312624348e+00 -2.2143212065e-01  8.1578305740e-01 -2.9870239273e-01  2.0005110339e+00  6.2498329832e+00 -3.2174552479e+00 -1.4425563938e+00 -3.4614848722e-02  3.9741976411e-01  2.5985554250e+00  1.1374852500e+00 -2.5397531974e+00 -6.1308408830e-01  4.2093950949e+00 -9.8192943744e-01  1.9917116565e+00 -5.3441469340e-01 -1.1102091179e+00  4.9123341099e-01  2.5158078376e+00  3.2936018285e-01  3.2178326516e+00  3.5944508754e+00 -4.5738223347e+00  8.8814125456e-02  4.6230785796e+00 -4.2366619188e-01 -5.6310137328e-01  5.7294102800e+00 -5.2028168439e+00 -1.0168246600e+00  6.7022570399e+00 -1.1919855914e+00 -1.6928199454e+00  7.1173690855e+00 -3.5005248472e+00 -1.8797679134e+00
ENERGY -5.545885036178e+02
GRADIENT  2.6853348924e-03  1.8797459067e-02 -6.4593065158e-03  1.9142386407e-04 -2.7937828848e-05  3.5863581784e-06  3.2080704123e-05 -1.3397055722e-05  2.3665166382e-05  2.0292349885e-05 -1.7800536279e-05 -7.1319752307e-06  1.3988048027e-02  2.7505462916e-03  1.4980971447e-02 -8.8567614286e-05  1.4929489231e-04  5.5816662930e-05  3.5997692610e-05 -8.8231627245e-05 -5.4236350480e-06  2.0534503638e-05  2.7009523522e-06 -1.1878101514e-06  3.3518331756e-03 -2.6869882003e-02  1.7657948384e-02 -2.0154263877e-02  5.2398712816e-03 -2.6276896238e-02 -5.0709078939e-05  7.1338421272e-05 -1.8168598706e-05 -3.4160141969e-05  1.9852842656e-05  1.0621567674e-05  6.4092964655e-06 -1.0110879017e-05  1.6602014108e-05 -5.7911020764e-06 -1.5330554736e-05  8.5258813910e-07  7.2180431955e-06 -3.2266759488e-06 -2.7908114358e-07  4.6033017116e-06  9.1213865145e-06  6.7208074292e-06 -6.1484992048e-06  8.9378963728e-06 -6.8071406336e-07  6.1809635769e-06  8.2618823508e-06  9.2395501039e-06 -3.1069832565e-06  2.2845470979e-06  1.6862331747e-05  7.6021248629e-06 -1.2405381562e-05  8.8215957328e-06  2.0037650082e-06  5.9230515826e-07 -1.8030290640e-06 -6.5635037631e-06 -4.8722316452e-06  6.9866408775e-07

JOB 6
COORDS  1.4747192797e+00 -2.0080514410e+00  3.0777997437e-01  3.1619706690e+00 -8.9462141851e-01  1.6732934517e+00  4.8648715897e-01 -1.2779782933e+00  9.0868052955e-01  2.1871565455e+00 -2.0629272123e-01  2.3399543352e+00  4.1649905669e+00 -3.7480640209e+00 -4.0244745362e-01  4.9500184127e+00 -1.4665967779e+00 -5.8408724191e-01  5.2935501250e+00 -4.1724289963e+00 -1.0441086398e+00  6.0626712806e+00 -1.9215827973e+00 -1.2334496521e+00  2.8553672509e+00 -1.9091053117e+00  6.9870535024e-01  3.8866530907e+00 -2.3551354496e+00 -1.8814848018e-01  7.6835153645e-01 -3.4671743716e-01  1.9993885965e+00  6.2308027200e+00 -3.2614538442e+00 -1.4767265116e+00 -1.2517853918e-01  2.9928005822e-01  2.5867338595e+00  1.2222328248e+00 -2.6715813800e+00 -5.1925996372e-01  4.2055517247e+00 -7.4523823340e-01  1.9493648174e+00 -5.4368149815e-01 -1.3448794479e+00  5.6901939251e-01  2.4322355807e+00  4.8085054020e-01  3.1459799561e+00  3.4676762590e+00 -4.4927314682e+00 -3.2159705572e-02  4.8456981735e+00 -4.0083318331e-01 -4.1539257828e-01  5.5373530075e+00 -5.2187978094e+00 -1.1884051110e+00  6.8481428942e+00 -1.2663881104e+00 -1.5937320548e+00  7.0696936299e+00 -3.5862035248e+00 -1.9389666957e+00
ENERGY -5.546004801527e+02
GRADIENT  8.0741624459e-04  1.7198460399e-02 -7.2710798616e-03 -2.6556824786e-04  4.8622577990e-05  2.3659914657e-05  5.0856411574e-05  7.3328129276e-06  1.0140467045e-05  4.9594465263e-06 -6.3091590667e-06  9.8536018047e-06  1.2744863786e-02  3.5510717412e-04  1.4283113304e-02  1.2585622454e-04 -1.4112022623e-04 -6.9207694300e-05 -2.5646844325e-06 -3.4228541252e-05 -1.6593338916e-05 -1.2168064234e-05  2.2394590113e-05 -1.9131679630e-05  5.6443346566e-03 -2.5608186394e-02  1.8603341304e-02 -1.9044722828e-02  8.1421380909e-03 -2.5562563383e-02 -3.0260662485e-05 -1.3552697127e-06  1.9786497206e-05 -3.2272152735e-05  1.0654281709e-06  2.7687181863e-05 -4.1049784309e-06  1.5048170581e-05  3.5320264959e-06  1.2558030350e-05  1.2647557366e-05 -1.0778832402e-05 -4.1839310729e-06  1.7878749862e-06 -8.3017786921e-06  4.1987476015e-06 -1.0143666750e-06  4.4684514781e-06 -3.8521461502e-06 -1.5319632687e-06  1.7806266467e-06 -6.6754654326e-07 -3.9743240587e-06 -1.1276923531e-05 -5.0604121818e-06  5.0047279173e-06 -2.4835483857e-05 -3.8978167936e-06 -1.9266789285e-06  6.8331512596e-07 -1.2847129014e-06  2.0173350052e-06 -3.5641041851e-07 -2.9694988529e-06  7.2070584007e-07  3.4854548917e-06

JOB 7
COORDS  1.5255220021e+00 -2.0640373992e+00  3.6446949456e-01  3.1552087765e+00 -7.5915600126e-01  1.6394913553e+00  4.9828217034e-01 -1.3914122305e+00  9.6224509551e-01  2.1446285163e+00 -1.1858940709e-01  2.2968390782e+00  4.0990745811e+00 -3.6879051370e+00 -4.5969167302e-01  5.0676104111e+00 -1.4649859366e+00 -5.0366035494e-01  5.1931458114e+00 -4.1600769204e+00 -1.1223492796e+00  6.1417573547e+00 -1.9706552327e+00 -1.1760574590e+00  2.9047397243e+00 -1.8238870657e+00  7.0267914672e-01  3.9366004143e+00 -2.2893855725e+00 -1.5392012646e-01  7.3331896069e-01 -3.8658736275e-01  2.0000529412e+00  6.2057939843e+00 -3.3048753412e+00 -1.4975678461e+00 -1.9445961441e-01  2.1276434427e-01  2.5807220543e+00  1.3067379943e+00 -2.7841851285e+00 -4.2348148794e-01  4.1882340528e+00 -5.2510335841e-01  1.8933272433e+00 -5.3291588951e-01 -1.5596375935e+00  6.6324302985e-01  2.3506068270e+00  6.2127710296e-01  3.0661275649e+00  3.3412090256e+00 -4.3959112016e+00 -1.4091884554e-01  5.0482466129e+00 -4.0373350190e-01 -2.8441870427e-01  5.3484636637e+00 -5.2113283014e+00 -1.3371161302e+00  6.9783025659e+00 -1.3601303237e+00 -1.4976150275e+00  7.0173972842e+00 -3.6677112505e+00 -1.9789624861e+00
ENERGY -5.546110702080e+02
GRADIENT -5.1385563989e-04  1.3558667277e-02 -7.5395828690e-03 -3.0303386712e-04  4.7554283398e-05  5.3394738439e-05  3.1395214322e-05  1.4290576483e-05  1.2820668469e-05  9.6762575635e-06 -9.9787526412e-06  8.3853655096e-06  9.8328882861e-03 -1.4983542274e-03  1.2287242370e-02  1.2514196402e-04 -1.3520594742e-04 -9.3622429853e-05  6.9368997240e-06 -7.5795061975e-05 -2.6107502271e-05 -1.6112813019e-05  5.1181676836e-06 -6.4390051836e-06  6.1446910286e-03 -2.1172807038e-02  1.7960054059e-02 -1.5234684729e-02  9.2620955643e-03 -2.2665422795e-02 -1.7377562341e-05 -1.0763115331e-05 -3.1187545495e-06 -3.6053152947e-05  7.8797354011e-06  4.4028260521e-05 -8.5152297484e-06  1.7976727687e-05  1.6391375187e-06  2.0777320977e-06  1.2369714543e-07 -1.9931668862e-06 -3.9627957590e-06 -6.0042351609e-06 -1.0994898621e-06  3.7007857077e-06 -8.3319013711e-06  5.3775427283e-06 -6.1850316108e-06 -5.3663615318e-06  5.5135203660e-06  1.8909177900e-06 -7.3930398455e-06 -1.4864269531e-05 -5.1938636360e-06  2.4778540988e-06 -1.6064951504e-05 -1.3820881366e-06 -5.3055179846e-06 -4.3356397083e-06 -3.0903401090e-06  3.2127775980e-06 -6.8776597306e-07 -4.1770121728e-06 -6.1812317278e-06  6.5072508198e-06

JOB 8
COORDS  1.5689184373e+00 -2.1120587514e+00  4.1277584035e-01  3.1437804107e+00 -6.4113661305e-01  1.5824700623e+00  5.1748016155e-01 -1.4920038992e+00  1.0219155333e+00  2.1106737153e+00 -4.2391041236e-02  2.2418555082e+00  4.0470553179e+00 -3.6277467398e+00 -5.2626607141e-01  5.1672329821e+00 -1.4741882823e+00 -4.2673598470e-01  5.1193827551e+00 -4.1334031980e+00 -1.1967190373e+00  6.2154185074e+00 -2.0154250198e+00 -1.1093485067e+00  2.9365762615e+00 -1.7467002818e+00  6.8278811355e-01  3.9806349470e+00 -2.2412668517e+00 -1.2956825289e-01  7.1374196762e-01 -4.2408908897e-01  2.0057790491e+00  6.1974083121e+00 -3.3326313046e+00 -1.5044920266e+00 -2.3627253507e-01  1.3090533500e-01  2.5923645356e+00  1.3736657189e+00 -2.8790211400e+00 -3.3503617769e-01  4.1632483575e+00 -3.2997693335e-01  1.8026538756e+00 -5.0906287110e-01 -1.7515943859e+00  7.7712872546e-01  2.2855302588e+00  7.4329734975e-01  2.9722985242e+00  3.2384015288e+00 -4.3018726175e+00 -2.6673324380e-01  5.2179084586e+00 -4.2594312409e-01 -1.5752938877e-01  5.2011857351e+00 -5.1766657738e+00 -1.4803610156e+00  7.0964621595e+00 -1.4461763296e+00 -1.3842154656e+00  6.9894646339e+00 -3.7217618073e+00 -1.9971879664e+00
ENERGY -5.546192627393e+02
GRADIENT -9.3095914954e-04  8.4546945183e-03 -6.8540909336e-03  2.4144785911e-04 -4.8006338729e-05 -8.3209383979e-05  6.4486754358e-05  3.3037007161e-05  2.1084076904e-05  1.6525423473e-05  4.4227235972e-05  2.6165193477e-05  5.8165855671e-03 -2.3209711000e-03  9.1871255931e-03 -8.6259336923e-05  2.8709397456e-04  1.4252988870e-04  2.3417600901e-05 -4.0134537675e-05 -1.3926648812e-05 -1.0405490045e-04 -6.7736752644e-05  3.9025016316e-05  4.3997239989e-03 -1.4265813831e-02  1.5302334213e-02 -9.4559988670e-03  7.9322157037e-03 -1.7754005194e-02 -2.0575196258e-05 -7.2948825684e-06 -6.6374369735e-06  2.8852489155e-05 -2.0316018648e-05 -2.1000009812e-05 -1.4084100530e-06  6.9971123099e-06  2.0570667467e-05  5.8152541598e-06 -1.9874831967e-06 -1.0316186084e-05 -1.2962822858e-05  7.6996076820e-06  3.0938820115e-07  8.5929702648e-06  2.0874895998e-06 -3.0638489205e-06 -5.1832374481e-06  5.6600200502e-06  6.4910637740e-07  5.4966834986e-06 -5.0959457546e-06  2.9053560320e-06  7.5283640727e-07  8.7688086788e-06  8.6967198804e-06 -2.4391407603e-06 -6.0251892796e-06  2.9143654915e-06 -9.9511923163e-06 -8.0561600829e-06  3.1569791959e-06 -7.4554543779e-06 -1.2701756432e-05 -8.9549699704e-06

JOB 9
COORDS  1.5901082772e+00 -2.1579326822e+00  4.7075935177e-01  3.1187256208e+00 -5.4691045683e-01  1.5091717452e+00  5.2981553672e-01 -1.5757783704e+00  1.0989389072e+00  2.0778763461e+00  2.6615078926e-02  2.1764927029e+00  4.0011205211e+00 -3.5795284120e+00 -6.0496583578e-01  5.2371752217e+00 -1.5047287856e+00 -3.4614575137e-01  5.0636201731e+00 -4.1035404011e+00 -1.2751489955e+00  6.2729410421e+00 -2.0641605863e+00 -1.0304272289e+00  2.9434205945e+00 -1.6923895287e+00  6.5113478274e-01  4.0033535052e+00 -2.2207565280e+00 -1.0982050498e-01  6.9816726190e-01 -4.4545113895e-01  2.0171926297e+00  6.1964688430e+00 -3.3543280643e+00 -1.5026114321e+00 -2.6064986205e-01  8.2004458857e-02  2.6130328240e+00  1.4030259723e+00 -2.9727371908e+00 -2.2517849802e-01  4.1229831208e+00 -1.6767671229e-01  1.6836939917e+00 -4.8693691709e-01 -1.9171004935e+00  9.2327052683e-01  2.2343900961e+00  8.5654052394e-01  2.8606035896e+00  3.1507355640e+00 -4.2250123676e+00 -4.2100653240e-01  5.3436480524e+00 -4.7705274270e-01 -2.1635158224e-02  5.0872887628e+00 -5.1268405313e+00 -1.6327827880e+00  7.1908977005e+00 -1.5293646103e+00 -1.2474368215e+00  6.9785132418e+00 -3.7582497892e+00 -1.9989745261e+00
ENERGY -5.546245328179e+02
GRADIENT -1.0012570467e-03  4.5322322379e-03 -4.2478889305e-03 -1.8194964631e-04  2.1924392714e-05  3.4854148958e-05  3.5711458778e-05  1.1627320059e-05 -3.0655919168e-07  7.6752728188e-06 -3.1174075247e-05 -3.1441326826e-05  2.8345292345e-03 -2.0209223531e-03  5.2810935405e-03  4.7349552080e-05 -3.0182814704e-05 -3.0865118118e-05 -1.3859182517e-05  1.5845243146e-04  6.6895759319e-05 -6.7149583457e-05 -5.5697707966e-05  1.0241189803e-05  3.2652032807e-03 -7.9457286167e-03  9.4026159003e-03 -4.9931242066e-03  5.3845342067e-03 -1.0448735423e-02 -4.1052515523e-05  1.1929304315e-05  2.2472205536e-05  1.1633322315e-04 -4.2216089159e-05 -7.7764875181e-05 -1.7893150448e-05  1.8797022745e-05  2.2282860025e-06 -3.2606864126e-06  1.8139620047e-06  1.8185850020e-05  1.2456226682e-05 -1.5640858850e-05 -1.7715325088e-06  3.6904713107e-06 -1.7289652050e-07  1.3628485306e-05 -7.2612228343e-06 -9.4311496451e-06  5.7310972458e-06 -7.6608485832e-06 -3.7469996192e-06 -6.8326331381e-06 -6.4474215227e-06  1.5891435957e-05  1.1056527715e-06  4.7794454166e-06  1.8350545602e-05 -4.5986750162e-06 -6.8041116717e-06 -3.1132854196e-06 -6.1438717721e-06  1.4311735070e-05 -1.2760927738e-06  7.0809268581e-06

JOB 10
COORDS  1.6133854769e+00 -2.2120040304e+00  5.3914164633e-01  3.0947090549e+00 -4.6793005402e-01  1.4159967038e+00  5.5291699149e-01 -1.6541272957e+00  1.1869815402e+00  2.0523419207e+00  9.4953118416e-02  2.0884258230e+00  3.9678835541e+00 -3.5327152185e+00 -7.0263924148e-01  5.2959857732e+00 -1.5510099975e+00 -2.5789549047e-01  5.0279483357e+00 -4.0661370224e+00 -1.3682325157e+00  6.3286019057e+00 -2.1191655615e+00 -9.3800841320e-01  2.9453364692e+00 -1.6606396866e+00  6.1672413284e-01  4.0200944641e+00 -2.2171388624e+00 -9.9818863889e-02  6.9552193783e-01 -4.5755639620e-01  2.0223784585e+00  6.2084699900e+00 -3.3704416998e+00 -1.4981142954e+00 -2.6490891138e-01  5.3853115599e-02  2.6282892827e+00  1.4342000010e+00 -3.0842157132e+00 -8.3523847735e-02  4.0782261292e+00 -1.9317839223e-02  1.5248669392e+00 -4.4647137103e-01 -2.0715168134e+00  1.0963279056e+00  2.1916227253e+00  9.7651330555e-01  2.7086510650e+00  3.0786666150e+00 -4.1433936365e+00 -6.1515943583e-01  5.4515512803e+00 -5.5650491739e-01  1.3930795137e-01  5.0050688865e+00 -5.0560396438e+00 -1.8101016767e+00  7.2812282832e+00 -1.6211959601e+00 -1.0802347969e+00  6.9864986074e+00 -3.7801852077e+00 -1.9957469751e+00
ENERGY -5.546270820597e+02
GRADIENT -4.3832666401e-04  1.4343113389e-03 -1.7872265962e-03  4.7171612170e-05  3.8133607765e-05  1.1516873181e-05 -4.5743714199e-05 -2.2592010404e-05 -1.4384454836e-05 -9.6770944642e-06 -2.7919002934e-05 -2.2681457654e-05  8.3825326755e-04 -9.1533462853e-04  1.9945216799e-03  3.1450845147e-05  3.6115707664e-05  4.5112907818e-06  2.8687365943e-06  3.1762502075e-05  1.2208629801e-05 -6.8611152762e-05 -2.0864061285e-05  1.6684559984e-05  1.1467878479e-03 -2.6914003565e-03  3.9239525001e-03 -1.5487849370e-03  2.2215351429e-03 -4.0950029395e-03  1.7444141852e-05  2.0039856196e-05  3.8070957195e-06  5.6697833794e-05 -3.9110074391e-05 -4.0144638666e-05 -3.3613218780e-06 -1.4967902744e-05  2.8763536038e-06  1.2568481727e-05 -1.5058109121e-05  1.0324729077e-07 -3.0549927633e-05 -2.6626460797e-06  2.2847070833e-05 -6.4463659580e-06  2.0435053424e-06 -2.6385839952e-06 -6.0798431253e-07 -4.9417456809e-07 -4.8973075353e-06 -2.0276021677e-05  7.1942525206e-06  5.0579441419e-06  8.8028668537e-06 -2.5485798326e-05 -1.9372300199e-05  5.2611270225e-06  2.5129748145e-06  1.7224132781e-07 -1.0315278277e-06 -1.0576701212e-05 -3.4022770717e-07 -7.7559669786e-07 -4.0260339253e-06 -7.4516380017e-06

JOB 11
COORDS  1.6362456058e+00 -2.2711753219e+00  6.3618154779e-01  3.0590476899e+00 -3.9531800007e-01  1.3099623385e+00  5.8085035616e-01 -1.7255406315e+00  1.3017280322e+00  2.0173681260e+00  1.6836751053e-01  1.9820316968e+00  3.9282441697e+00 -3.4704759387e+00 -8.1674694801e-01  5.3356273113e+00 -1.6119609483e+00 -1.4841901404e-01  4.9898076282e+00 -4.0061449562e+00 -1.4777022346e+00  6.3703019635e+00 -2.1831772668e+00 -8.2212033298e-01  2.9375897466e+00 -1.6455116909e+00  5.9687955083e-01  4.0207936921e+00 -2.2183264837e+00 -9.3399121363e-02  6.9224137381e-01 -4.5738147145e-01  2.0291022185e+00  6.2131941277e+00 -3.3762554711e+00 -1.4895068822e+00 -2.6639540662e-01  5.0021741825e-02  2.6406828885e+00  1.4792841192e+00 -3.2132005484e+00  1.1944253567e-01  4.0117313931e+00  1.2576648128e-01  1.3186036190e+00 -3.8946029644e-01 -2.2149102123e+00  1.3172403374e+00  2.1325191685e+00  1.1103724219e+00  2.5117261366e+00  2.9986676311e+00 -4.0224155350e+00 -8.5193791173e-01  5.5340790529e+00 -6.7394245432e-01  3.5242102329e-01  4.9287731468e+00 -4.9424101492e+00 -2.0211786607e+00  7.3569352130e+00 -1.7358009819e+00 -8.6790009672e-01  6.9916840658e+00 -3.7875808108e+00 -1.9849963527e+00
ENERGY -5.546277180407e+02
GRADIENT -4.2280267796e-05  1.5324948465e-05  1.7012664045e-05  8.2257355806e-05  6.5124063843e-06 -1.9704920973e-05 -7.9439032402e-06 -2.3165554280e-05 -2.1271984109e-06 -1.9934436256e-05 -1.0023164015e-04 -4.1211855810e-05 -1.2829972456e-04 -1.0715495117e-04 -1.4945408276e-05 -5.0471033821e-05  6.5926645092e-05  5.1110051390e-05  5.2838834530e-06  1.0045470393e-04  6.0256748546e-05 -3.5818129791e-05 -4.3110512305e-05 -1.2175527748e-05  8.8871105540e-06  9.7527768578e-06  7.5523317631e-06  1.0192746271e-04 -1.6873056117e-05 -4.3442197714e-05 -2.1099013814e-05  3.5184852292e-05  2.1804914897e-05  5.8946719872e-05 -1.2142456206e-05 -3.4044185784e-05 -2.1607387290e-05 -1.2596783110e-06  5.1537291289e-06 -2.4480947254e-05  3.7661680138e-05  2.5461787803e-05  5.9935188066e-05 -6.0810006531e-07 -3.0833242141e-05 -5.1861856151e-06  7.1071272890e-06  4.2342324817e-06  7.2092128770e-07 -1.0005757550e-05 -7.5954374294e-06  2.4470959223e-05 -4.0929545309e-06 -1.3416298314e-05 -1.4426613671e-05  4.4484480046e-05  3.3092816261e-05 -1.0494396817e-06  9.4384346672e-06  6.5118814386e-06 -6.1253259562e-06 -9.0361091491e-07  3.2920451146e-06  7.5642297194e-06  2.7089457797e-06  2.1532273002e-06

JOB 12
COORDS  1.6745712183e+00 -2.3272199606e+00  7.3073743420e-01  3.0245639977e+00 -3.3581301481e-01  1.1963286476e+00  6.2555525558e-01 -1.7909351080e+00  1.4144621170e+00  1.9817123808e+00  2.2796273634e-01  1.8672567986e+00  3.8962807412e+00 -3.3978546188e+00 -9.2686858117e-01  5.3653221581e+00 -1.6815821256e+00 -4.0785073709e-02  4.9590869137e+00 -3.9364569015e+00 -1.5838619248e+00  6.4017223877e+00 -2.2568885801e+00 -7.0902663012e-01  2.9317842463e+00 -1.6350908146e+00  5.7425592701e-01  4.0234192779e+00 -2.2233806427e+00 -8.9429013255e-02  6.9775876372e-01 -4.6178822467e-01  2.0294087231e+00  6.2143592061e+00 -3.3815462780e+00 -1.4796639519e+00 -2.5905461565e-01  4.2792416698e-02  2.6466611333e+00  1.5631739775e+00 -3.3270932133e+00  3.2035060046e-01  3.9412762435e+00  2.3862675358e-01  1.0959919205e+00 -3.0456516588e-01 -2.3387866638e+00  1.5407290303e+00  2.0622913374e+00  1.2200788469e+00  2.3036495491e+00  2.9325340848e+00 -3.8681630536e+00 -1.0727795344e+00  5.5868807150e+00 -8.1135573507e-01  5.6305948892e-01  4.8724274541e+00 -4.8062473719e+00 -2.2254484653e+00  7.4143556219e+00 -1.8719402532e+00 -6.6333966815e-01  6.9936111432e+00 -3.7936223664e+00 -1.9734411485e+00
ENERGY -5.546270820558e+02
GRADIENT  7.7882991755e-04 -8.5632593303e-04  2.0259905441e-03  4.4193879207e-05  4.1673239681e-05  6.9686634410e-06 -3.8942628877e-05 -3.4974324653e-05  5.7844257284e-06 -6.2998759821e-06 -3.5951827550e-05 -1.1713870823e-05 -3.8932397478e-04  1.3962957514e-03 -1.8487788414e-03  3.5654080040e-05  3.1330490454e-05  1.5199450251e-05  5.7367004355e-06  2.6698888324e-05  2.0926406811e-05 -7.2940043102e-05 -1.5452698288e-05  7.2129554592e-06 -1.4303234332e-03  2.1633345783e-03 -4.1505042607e-03  1.0372374882e-03 -2.6484528136e-03  4.0010204041e-03  1.8507536143e-05  1.8125007121e-05  8.9436209376e-06  5.6121129441e-05 -3.7287333462e-05 -4.4153096291e-05 -7.7820154317e-06 -6.3427151485e-06 -1.2500947080e-05  7.3335352692e-06 -4.3673342058e-06 -1.7741707856e-05 -3.7548542627e-05  8.9587715653e-06  3.3462697495e-06 -3.6127290844e-06 -2.6496027892e-06  5.6230703839e-06  1.4657596892e-06 -4.9480743971e-06  1.6372666865e-06 -1.7872923241e-05  2.3056015144e-06  1.3025575292e-05  9.6881132173e-06 -2.6993123340e-05 -1.8017200779e-05  5.0965668913e-06  3.0432364940e-06 -4.0861253245e-07 -3.7367798236e-06 -5.8328388475e-06 -8.3363862490e-06  1.6251388029e-06 -9.0137713621e-06  5.7052708084e-07

JOB 13
COORDS  2.9740276630e+00 -2.7412991586e-01  1.0682881604e+00  1.7687705188e+00 -2.4037805851e+00  9.1250832080e-01  1.9069509792e+00  2.9859629274e-01  1.6935951526e+00  7.0480367066e-01 -1.8621130923e+00  1.5699014312e+00  5.3878324216e+00 -1.6925376241e+00 -5.3216579170e-03  3.8906079320e+00 -3.3589698674e+00 -9.4169003517e-01  6.4174406803e+00 -2.2621548597e+00 -6.8947863595e-01  4.9454845882e+00 -3.8925334431e+00 -1.6173685446e+00  2.9759599898e+00 -1.6571931038e+00  6.5859297163e-01  4.0332842961e+00 -2.1896036346e+00 -1.0319144650e-01  6.9396349569e-01 -4.6225646165e-01  2.0082108979e+00  6.2058157070e+00 -3.3520070834e+00 -1.5041928352e+00 -2.7976916464e-01  4.4392891368e-02  2.5978349770e+00  3.8355892617e+00  3.4576363266e-01  8.3014418033e-01  1.7286718141e+00 -3.4533987778e+00  6.3059171355e-01  1.9089941581e+00  1.3514815448e+00  1.9630438153e+00 -1.7758500657e-01 -2.4534337234e+00  1.8002051778e+00  5.6160526819e+00 -8.6113092275e-01  6.5064273280e-01  2.9172016680e+00 -3.8098504153e+00 -1.0896478027e+00  7.4417242277e+00 -1.9157011961e+00 -6.0906523770e-01  4.8490082497e+00 -4.7469437227e+00 -2.2780059598e+00  6.9799688384e+00 -3.7667587543e+00 -2.0039625062e+00
ENERGY -5.546245315921e+02
GRADIENT -3.1647577929e-03  1.5161149425e-03 -5.2047643516e-03 -8.6711691661e-05  1.4385465907e-04  8.4347015012e-05 -1.4424551012e-05  1.3199990188e-04  4.9062729996e-05 -1.3180395967e-04 -7.2748769633e-05  4.1897156331e-05  1.1605064313e-03 -4.6393855398e-03  4.2423040635e-03  3.2947297714e-04  5.5019257508e-05 -3.6974101526e-05  4.5636698998e-04  1.8264288273e-04  4.2048097115e-05 -5.8048137692e-05 -1.9608660712e-04 -1.4421882860e-04  5.4326750072e-03 -4.7677170928e-03  1.0434027071e-02 -3.8394636946e-03  7.5317261798e-03 -9.6136652562e-03  1.2256500641e-04 -6.0200062173e-05 -7.3595523376e-05 -3.1541642814e-04  1.7525218266e-04  2.0404713041e-04  6.4216439594e-05 -3.4149712102e-05 -4.7999154496e-05 -4.6180928878e-06  1.5725985385e-05  1.4269194199e-05 -1.3814687737e-05  3.4450442749e-06  2.0723872585e-05  1.8242645884e-05  1.9679932034e-05  5.2054135271e-06 -1.0371505145e-05 -2.5428838306e-05  2.7480317682e-06  3.2386011825e-06 -3.0462393172e-05 -3.4100225642e-05  2.7508141560e-05  2.1387125496e-05 -1.8116899774e-06  3.3835592572e-05  2.3309416732e-05  2.3221694794e-06 -1.9885490711e-05 -1.5155942448e-05 -1.2589528320e-05 -8.7013732443e-06  1.8760392701e-05  3.0543425370e-05

JOB 14
COORDS  2.9420481369e+00 -2.4255693529e-01  1.0065580124e+00  1.8417511075e+00 -2.4335687734e+00  1.0061855882e+00  1.8492185834e+00  3.2111742027e-01  1.5973814764e+00  7.5989457360e-01 -1.9014048074e+00  1.6441597548e+00  5.4252101987e+00 -1.7520741960e+00  7.0048307804e-02  3.8622105056e+00 -3.2711803979e+00 -1.0035757666e+00  6.4403124616e+00 -2.3360879987e+00 -6.2534513527e-01  4.9039590160e+00 -3.8212353832e+00 -1.6889801153e+00  3.0140528650e+00 -1.6510169362e+00  7.0994521789e-01  4.0505088169e+00 -2.1563724462e+00 -1.0556425500e-01  6.8286559565e-01 -4.7642725549e-01  1.9853272206e+00  6.1868711228e+00 -3.3572643987e+00 -1.5148187305e+00 -3.1034002686e-01  1.9399951618e-02  2.5530748791e+00  3.7727303791e+00  3.9457059577e-01  7.0726646042e-01  1.8551142449e+00 -3.4994608786e+00  7.8632679012e-01  1.7942928472e+00  1.3915132821e+00  1.7772405153e+00 -8.9682769501e-02 -2.5177526901e+00  1.9265764343e+00  5.6725305631e+00 -9.8103278405e-01  7.9118649239e-01  2.8664698183e+00 -3.6547003597e+00 -1.1914360199e+00  7.4816922838e+00 -2.0665618063e+00 -4.8960602767e-01  4.7797947927e+00 -4.6277827674e+00 -2.4030662174e+00  6.9501930329e+00 -3.7858009399e+00 -2.0200069306e+00
ENERGY -5.546192625845e+02
GRADIENT -6.0161056339e-03  1.5521323078e-03 -8.9962588418e-03  1.8080490056e-04 -1.7646628121e-04 -1.4681148556e-04 -5.8509338571e-06  7.1189167924e-05  1.0652590388e-05 -2.4554455274e-05 -4.8661386845e-06  1.3012187241e-06  1.5130455391e-03 -8.1728935973e-03  7.3674471281e-03 -1.3500796141e-04  6.9694442777e-05  1.0743370397e-04  6.2920111443e-05  1.4619148227e-05 -5.9060376560e-06 -7.0469925078e-06 -1.6773021879e-04 -1.4430823847e-04  9.9289115084e-03 -6.7441619235e-03  1.7706916209e-02 -5.2955763373e-03  1.3554149767e-02 -1.5985461047e-02  1.9102274809e-05 -2.1906095648e-05 -1.0122309202e-05 -1.5970849514e-04  7.8223531755e-05  1.0723273239e-04  8.2598595856e-07  4.2127239021e-06  1.3250058936e-05 -1.4318915428e-05 -1.3888976690e-05 -5.1646240807e-06  5.1348660395e-06 -2.5569669693e-08 -1.7001418344e-05 -8.7088886528e-06  7.4089306055e-06 -4.8479978820e-06 -2.0906413622e-06 -9.5835460264e-07 -3.4072956818e-06  5.0537511569e-06 -6.2933818595e-06  1.0020537004e-05 -3.4323449830e-06 -1.9594444932e-05  1.7048005767e-06 -1.5401512972e-06  1.2825009383e-05  2.2825805721e-05 -1.4104791083e-05 -1.1484337914e-05 -5.5673714768e-06 -1.7869745151e-05  2.7249379885e-06 -6.0753900138e-06

JOB 15
COORDS  2.8979595064e+00 -1.9593257859e-01  9.5770420122e-01  1.9343670892e+00 -2.4399742864e+00  1.0992111106e+00  1.7697520575e+00  3.3868101657e-01  1.5111652819e+00  8.2357399808e-01 -1.9363716487e+00  1.7125844947e+00  5.4775045176e+00 -1.8118145750e+00  1.3659628967e-01  3.8407613213e+00 -3.1545954657e+00 -1.0463690353e+00  6.4683898894e+00 -2.4253942694e+00 -5.7101810991e-01  4.8574224021e+00 -3.7391248297e+00 -1.7437465904e+00  3.0658832491e+00 -1.6135243912e+00  7.6656360612e-01  4.0845580389e+00 -2.0972978300e+00 -9.5674021535e-02  6.5755828242e-01 -5.0008416090e-01  1.9600056461e+00  6.1632375964e+00 -3.3738731586e+00 -1.5222727548e+00 -3.6578022366e-01 -3.1350593939e-02  2.4987442659e+00  3.6901865037e+00  4.6740610000e-01  6.1172222483e-01  2.0115901428e+00 -3.5140032552e+00  9.3534376358e-01  1.6472588429e+00  1.4140612707e+00  1.6092702315e+00  1.4614286501e-02 -2.5853727422e+00  2.0381852242e+00  5.7557469590e+00 -1.1016644598e+00  9.0829363766e-01  2.8234786269e+00 -3.4590687982e+00 -1.2634642117e+00  7.5226756560e+00 -2.2463394578e+00 -3.9269516602e-01  4.6943755176e+00 -4.4967730998e+00 -2.5022536090e+00  6.9066132802e+00 -3.8302078544e+00 -2.0333906848e+00
ENERGY -5.546110701997e+02
GRADIENT -1.0139683311e-02  3.8242006903e-04 -1.1747756415e-02 -1.6277241462e-04  2.3856114693e-04  1.1413302712e-04 -5.6217422869e-06 -3.2550709483e-05 -3.0537188915e-06  1.0562358567e-05 -8.9627138029e-06  8.1956662914e-06  1.2447557106e-03 -1.3248745888e-02  8.5338630145e-03  1.9140470605e-04 -4.4785054192e-05 -6.4671069170e-05  8.3811501804e-05  2.2247868883e-05  5.3946973688e-06 -9.0403548017e-06  1.2543973014e-05 -6.4976632010e-06  1.5921128559e-02 -7.7895210361e-03  2.2237238214e-02 -7.0938264943e-03  2.0396323611e-02 -1.9111255810e-02  4.8940733401e-06  1.7845908143e-05  6.0640355025e-06 -3.7975935824e-05  1.6310701608e-05  5.0250252195e-05 -1.9178997316e-05  3.3773803462e-06 -3.3045388751e-06  8.0832491370e-07 -1.2630804890e-06 -2.1558584105e-06  4.5133704240e-06  5.4387015026e-06  2.4631828856e-06  6.9855741536e-06 -3.1277401461e-06  7.0846562442e-06  1.1874838732e-06  4.5545019693e-06  8.6944054579e-06  1.2010654614e-05  5.6939307916e-06 -1.0864439060e-05  6.8079001614e-07  1.0145868409e-05 -1.3832105099e-05  5.8295231747e-06  4.5391069860e-06 -9.0962049556e-07 -4.3638269939e-06  2.1301827786e-06 -1.1540442644e-06  1.9620911822e-06  2.9333572857e-06  9.5146826985e-06

JOB 16
COORDS  2.8464838561e+00 -1.4086842026e-01  9.0069267153e-01  2.0480739019e+00 -2.4290637838e+00  1.1797840663e+00  1.6796107349e+00  3.4488396586e-01  1.4233223603e+00  9.0437482268e-01 -1.9716855032e+00  1.7724500982e+00  5.5377918381e+00 -1.8796554792e+00  1.9140576041e-01  3.8243374876e+00 -3.0177913894e+00 -1.0825861579e+00  6.4919483626e+00 -2.5428801889e+00 -5.2635322686e-01  4.8025187273e+00 -3.6569888703e+00 -1.7905900105e+00  3.1259872257e+00 -1.5488937711e+00  8.1045054606e-01  4.1357141299e+00 -2.0246782935e+00 -8.5700024646e-02  6.3429877836e-01 -5.4000078636e-01  1.9338528139e+00  6.1272013094e+00 -3.4140045029e+00 -1.5281414653e+00 -4.2071531042e-01 -1.1485194636e-01  2.4504534885e+00  3.5875891113e+00  5.5523819994e-01  5.0799066325e-01  2.1982555886e+00 -3.5023597790e+00  1.0654463477e+00  1.4785630468e+00  1.4126670639e+00  1.4459619917e+00  1.4560447504e-01 -2.6582267359e+00  2.1396496751e+00  5.8551062591e+00 -1.2355566497e+00  1.0052473468e+00  2.7879517363e+00 -3.2276521183e+00 -1.3214478396e+00  7.5524853553e+00 -2.4714687688e+00 -3.1349099014e-01  4.5928832214e+00 -4.3638384292e+00 -2.5858672369e+00  6.8405703925e+00 -3.9106723341e+00 -2.0451444309e+00
ENERGY -5.546004801571e+02
GRADIENT -1.3007575536e-02 -1.7112585232e-03 -1.3311520437e-02 -1.4171063556e-04  2.1674718749e-04  7.7094709530e-05  8.1374998649e-06 -4.8375844153e-05 -8.4746452072e-06  3.6114916552e-06 -7.3510380265e-06  1.0045356032e-05  3.2268087730e-05 -1.7040232271e-02  8.7285907671e-03  1.9295251666e-04 -5.2342400585e-05 -4.0017332302e-05  3.1404956724e-05  1.6969017700e-05 -2.5738415090e-07 -1.9042898139e-05  1.1245028072e-05 -2.4079760760e-05  1.9523252701e-02 -6.6047277416e-03  2.4676275115e-02 -6.5903905827e-03  2.5180146850e-02 -2.0122710641e-02 -1.3542101279e-05  1.8590480731e-05  2.5763880696e-05 -2.0643031582e-05  1.7930014152e-05  3.2994628389e-05 -1.4112065355e-05 -1.5083012863e-06 -2.3501515555e-06 -4.0836154134e-06 -9.9895032393e-06 -1.7652036050e-05 -7.7050435812e-07  6.7464922680e-06 -6.5060726243e-06  1.1401275692e-06 -5.0505544681e-06  2.9801189214e-06 -3.3741634772e-07  2.9744277888e-06  3.0496489280e-06  6.1249647829e-06  5.8014301604e-06 -8.1114966360e-06  1.6430135106e-06  1.3150841412e-05 -2.2177176403e-05 -2.6627582135e-07  3.4727146080e-06  2.4050083497e-06 -2.0523424638e-06  7.3348821281e-07 -7.4606288951e-07 -3.0522524696e-06  1.0721420944e-06  3.4612180537e-06

JOB 17
COORDS  2.7843456914e+00 -8.9522190741e-02  8.3709382483e-01  2.1696792421e+00 -2.4057295864e+00  1.2573100631e+00  1.5786518703e+00  3.3465736104e-01  1.3317837089e+00  9.9094861910e-01 -2.0047574200e+00  1.8277730822e+00  5.5882624014e+00 -1.9496997335e+00  2.5246699172e-01  3.8197712986e+00 -2.8604034179e+00 -1.1156552065e+00  6.5013743280e+00 -2.6692216052e+00 -4.7086756317e-01  4.7542952189e+00 -3.5606969129e+00 -1.8292992023e+00  3.1812497725e+00 -1.4686574884e+00  8.4720866747e-01  4.1943288648e+00 -1.9461691122e+00 -6.9603185279e-02  6.0755805164e-01 -5.9348538839e-01  1.9025603659e+00  6.0847491536e+00 -3.4541489602e+00 -1.5208293028e+00 -4.8030734530e-01 -2.2220064441e-01  2.3966431939e+00  3.4671789278e+00  6.3823564357e-01  3.9854608561e-01  2.3989156334e+00 -3.4696474063e+00  1.1938561633e+00  1.2943736361e+00  1.3825382021e+00  1.2835879134e+00  2.8944035587e-01 -2.7272063919e+00  2.2378818017e+00  5.9370319764e+00 -1.3779845017e+00  1.1066322835e+00  2.7731851156e+00 -2.9660189395e+00 -1.3783478187e+00  7.5559390608e+00 -2.7135881065e+00 -2.2432121011e-01  4.5040461350e+00 -4.2113875521e+00 -2.6600476445e+00  6.7636881342e+00 -3.9954607720e+00 -2.0403718841e+00
ENERGY -5.545885036089e+02
GRADIENT -1.4015223535e-02 -4.0627970057e-03 -1.3760717109e-02  9.1226649321e-05 -1.6899947719e-04 -4.0681042359e-05  1.5605759884e-05 -3.1156131288e-05  1.6548653952e-05  2.6104246572e-05 -9.9189838669e-06 -5.7204031757e-06 -1.8761837284e-03 -1.8957348256e-02  8.0471993253e-03 -1.8112629920e-04  2.3760097041e-05  1.4831154444e-05  9.6611184183e-05 -1.0542347802e-05  2.0029321897e-05  4.7600358622e-06 -1.9208982436e-05 -8.9157814642e-06  2.0125575572e-02 -3.9076320943e-03  2.4994733510e-02 -4.1780612779e-03  2.7096172039e-02 -1.9298041400e-02 -7.5830399347e-05  3.4866497358e-05 -2.9191597285e-05 -3.5012822610e-05  2.3722895000e-05  1.3559881200e-05  5.3844026672e-06 -8.9475709456e-06  1.6985982537e-05  1.1130077402e-05  8.3336150733e-06  8.4602046630e-06  5.5414513262e-06 -5.7841345003e-06 -1.1318659279e-06 -8.8670861473e-06 -8.2511610646e-06  1.2094292738e-06 -9.8235214294e-06  3.8326360401e-06 -2.3482874900e-06 -7.4262219798e-06 -1.0986834410e-05  3.1368232708e-06 -8.1234866096e-06 -4.4064359723e-06  1.4511876666e-05  1.1499919799e-05 -7.2464587781e-06  1.0562508143e-05  3.5426930822e-07 -1.2215264678e-06 -2.5049907844e-06  1.9194743382e-06  6.8477334272e-06  4.5487290577e-06

JOB 18
COORDS  2.2982411803e+00 -5.9094296278e-01  6.6179849306e-02  2.2170079387e+00 -2.3854633402e+00  1.7174911138e+00  1.4708106990e+00  1.7170401914e-01  8.4439253035e-01  1.3339820212e+00 -1.6714296162e+00  2.4789074575e+00  5.0562875315e+00 -2.6850915599e+00  5.8586596456e-01  3.9771189575e+00 -2.6043432455e+00 -1.5790880550e+00  6.2267139968e+00 -3.0243321018e+00 -3.1718207909e-02  5.1593572249e+00 -2.9558431886e+00 -2.1656135541e+00  2.6685793748e+00 -1.9306651151e+00  4.2934265239e-01  3.8330858312e+00 -2.5226670510e+00 -1.4852347358e-01  8.9160683473e-01 -3.3015566818e-01  2.0896913181e+00  6.2744553403e+00 -3.1859779108e+00 -1.3971358301e+00  1.0647088866e-01  3.4519685235e-01  2.7887620968e+00  2.7287362532e+00 -1.6208993141e-01 -8.3822476075e-01  2.5420090948e+00 -3.3693944373e+00  2.0558898038e+00  1.2492966353e+00  1.2016506389e+00  5.7701813041e-01  9.4319866588e-01 -2.0667750064e+00  3.4130655947e+00  5.0611509327e+00 -2.5153198094e+00  1.6572385549e+00  3.1143479882e+00 -2.4261526964e+00 -2.2121597884e+00  7.1696195674e+00 -3.1147545707e+00  4.9592549115e-01  5.2812706203e+00 -3.0751544513e+00 -3.2363571381e+00  7.1492770934e+00 -3.4291826593e+00 -1.8425768829e+00
ENERGY -5.546002403277e+02
GRADIENT  1.0458781079e-02  6.9076101937e-03  1.4568483326e-02 -2.1289336888e-04  3.4240035720e-04 -1.5678111091e-05  8.5026266357e-07 -5.9941488546e-05  5.5625286113e-05 -5.6160970108e-05 -7.2044157421e-05  1.2895137594e-04  6.1423120813e-03  1.7729535965e-02 -6.2421770352e-03  2.9803194232e-04 -8.1095098954e-05  1.0556793162e-04 -9.8678627341e-05 -2.9827402586e-06 -2.6759854042e-05  7.5077463711e-06 -3.4836425752e-05 -6.0431587754e-05 -1.2267138860e-02 -9.8132322412e-04 -2.5034986247e-02 -4.3791255114e-03 -2.3737519641e-02  1.6639613099e-02  3.0693696804e-05  6.1961957088e-08 -7.7085493523e-05  4.2651235596e-05  2.7136797902e-05 -3.0258836167e-05  1.4624821696e-05 -2.6654282916e-05  1.0081529167e-05  1.9029441653e-05  2.1410645191e-06 -5.7889496004e-06 -1.3580421496e-05  9.3938635421e-06  8.3068134148e-06  2.2912236052e-06 -8.4782627924e-06 -1.6738264708e-05 -1.3844754780e-05 -5.8468798090e-06  1.2486936220e-05 -1.3645104650e-05  4.8168384519e-06  1.7537385727e-09  1.0510980443e-05 -1.0473369142e-05  1.5189885965e-06 -1.8922295116e-06  1.1753702416e-06 -1.2853366872e-05  8.1702888186e-06  5.5311270105e-07 -4.9387686490e-06 -6.8317191247e-06 -1.3342966896e-05 -9.9121092561e-06

JOB 19
COORDS  2.2250133919e+00 -6.0780850053e-01  3.3036202604e-02  2.3118723565e+00 -2.3159384097e+00  1.7828254388e+00  1.3514815712e+00  1.2767583657e-01  7.8303629874e-01  1.3918287457e+00 -1.6294315047e+00  2.5217962268e+00  5.0586448827e+00 -2.7783412999e+00  5.9345517238e-01  4.0172049513e+00 -2.4718555760e+00 -1.5753299829e+00  6.2079980488e+00 -3.1584484193e+00 -3.5729750576e-02  5.1791816612e+00 -2.8681279415e+00 -2.1688919908e+00  2.7199334573e+00 -1.8854284616e+00  4.7082086859e-01  3.8615138017e+00 -2.4628176827e+00 -1.4145944747e-01  8.4075082420e-01 -3.4822552811e-01  2.0699976944e+00  6.2677793756e+00 -3.2275036788e+00 -1.4088847343e+00  1.7166946389e-02  3.0076961739e-01  2.7468365937e+00  2.6013968568e+00 -1.9761821372e-01 -9.0291682363e-01  2.7031233297e+00 -3.2607754552e+00  2.1593395786e+00  1.0331358266e+00  1.1161845581e+00  4.6242877226e-01  1.0421971890e+00 -2.0034752241e+00  3.4805952740e+00  5.0640437317e+00 -2.6881564314e+00  1.6739693694e+00  3.1776793147e+00 -2.2035795431e+00 -2.2075580916e+00  7.1305615634e+00 -3.3655940204e+00  4.9501896862e-01  5.3054098600e+00 -2.9287124584e+00 -3.2440430478e+00  7.1290650667e+00 -3.5020695677e+00 -1.8615886250e+00
ENERGY -5.546109630408e+02
GRADIENT  8.8867487329e-03  7.0581269275e-03  1.0693926930e-02 -1.6630704395e-04  1.8832644172e-04  5.0454531834e-05 -8.2684559875e-05  2.1024420111e-04 -7.0760829049e-05 -4.6086706491e-05  1.6097278599e-06  4.2421876130e-05  5.8209962404e-03  1.4414207149e-02 -3.2814252952e-03  1.1506036400e-04 -4.0575324690e-05 -9.2439485069e-05 -2.2379579639e-04  5.6365746902e-05 -1.2599464508e-04 -7.2568298674e-05  8.4267928488e-06  4.3688961192e-04 -1.0299294089e-02 -3.0663322177e-03 -1.7575943973e-02 -4.5212421081e-03 -1.8555326271e-02  1.0250757835e-02  1.0244660550e-04 -1.0953808719e-04 -6.7906965509e-05  4.3057915674e-04 -1.2330864555e-04 -2.1986841870e-04  5.8904505330e-05 -2.7561878257e-05 -5.7625065792e-05 -1.2366568813e-05  1.1166837715e-05  1.0407860579e-05 -9.8011961500e-06 -1.6191318965e-05  8.7938131541e-06 -7.1917016323e-06  2.4749934802e-05 -2.2682879797e-05  6.8179125227e-06 -2.2845290650e-05  7.1993379188e-06 -2.0760544132e-05  5.3664052180e-06 -8.0101789202e-06 -2.7183448066e-05 -1.9823365707e-06  1.6769705028e-05  5.4131274902e-06 -4.7942073204e-06 -4.8638450767e-05  2.9536431338e-05 -8.5650954547e-06  3.5764215736e-05  3.0143614353e-05 -1.9027991703e-05 -3.1742450275e-06

JOB 20
COORDS  2.1698526217e+00 -6.2071433909e-01  5.1178242283e-03  2.4077186833e+00 -2.2305077731e+00  1.8393921105e+00  1.2408218074e+00  7.3682785400e-02  7.2427981318e-01  1.4436170761e+00 -1.5814362409e+00  2.5533352289e+00  5.0625267770e+00 -2.8579657534e+00  5.9491765885e-01  4.0703981461e+00 -2.3475016110e+00 -1.5636709277e+00  6.1838522685e+00 -3.2896595869e+00 -4.8210210201e-02  5.2043151080e+00 -2.7990291678e+00 -2.1687828904e+00  2.7843778971e+00 -1.8203242280e+00  5.1100135758e-01  3.9057470457e+00 -2.3910778976e+00 -1.2981901929e-01  7.8675850330e-01 -3.7294354983e-01  2.0442891327e+00  6.2561639034e+00 -3.2804918864e+00 -1.4228968702e+00 -8.2188771206e-02  2.3965951129e-01  2.6959415723e+00  2.4979714082e+00 -2.2900456944e-01 -9.5571024112e-01  2.8614159557e+00 -3.1295721141e+00  2.2537273879e+00  8.2493300928e-01  1.0066277050e+00  3.5298423695e-01  1.1269422026e+00 -1.9363098250e+00  3.5306163068e+00  5.0664550431e+00 -2.8387693815e+00  1.6784325118e+00  3.2596664060e+00 -1.9941892473e+00 -2.1906703496e+00  7.0761637130e+00 -3.6133857968e+00  4.7595150420e-01  5.3345336083e+00 -2.8143261191e+00 -3.2450836373e+00  7.0974529694e+00 -3.5974383018e+00 -1.8847874960e+00
ENERGY -5.546191029971e+02
GRADIENT  6.8758500353e-03  6.0820554229e-03  6.0817088317e-03  1.9854622153e-04 -2.0782003734e-04 -2.8628211059e-05  7.4179419816e-06 -1.5227507655e-05 -1.7221081575e-06  2.8229562311e-06  1.2815519074e-05 -1.8209052443e-05  4.5710330308e-03  1.0209148160e-02 -7.1440273951e-04 -1.9527473578e-04  9.6120374962e-05 -1.5137360864e-05  3.1745012235e-05 -1.5460222442e-05  1.5486248714e-05  1.4474588433e-05 -2.3626109705e-06 -2.7496225733e-05 -8.0783177145e-03 -3.4637528108e-03 -9.8957346553e-03 -3.3815636052e-03 -1.2759030269e-02  4.5334884447e-03 -9.7863936792e-06  5.5519681533e-06  2.7122571801e-05 -4.3711944402e-05  4.1958567196e-05  1.5882167861e-05 -1.5730693930e-05  7.6822466843e-06  4.5430300232e-06  1.4984962078e-05 -1.2199325627e-06  6.7512393859e-06  8.7794464006e-06  9.0033207326e-06  1.2649938091e-06  2.5389205685e-06  6.6815624687e-07  8.1121161532e-06  2.2481055213e-06  3.7317121771e-06 -2.2314895441e-06  2.6045420305e-06  4.4891637787e-06  1.4446876869e-06  1.4122811002e-06  4.6207002662e-06 -3.2426005832e-06  7.1087560482e-07  7.3145447189e-06  7.7189134322e-06 -2.7712299805e-06  6.4182472730e-06 -2.3497147239e-06 -8.6135022597e-06 -1.6259768192e-05  9.9395469020e-07

JOB 21
COORDS  2.1217210313e+00 -6.3638178307e-01 -1.2671540148e-02  2.5006279614e+00 -2.1286513238e+00  1.8967292746e+00  1.1381252420e+00  9.9927932560e-03  6.7536886680e-01  1.4946794498e+00 -1.5211170216e+00  2.5871320811e+00  5.0581812496e+00 -2.9308484179e+00  5.9143092748e-01  4.1374719924e+00 -2.2226112087e+00 -1.5416771462e+00  6.1489960463e+00 -3.4136537697e+00 -6.5116076533e-02  5.2399466539e+00 -2.7278003243e+00 -2.1601555008e+00  2.8507038680e+00 -1.7445201308e+00  5.5187366083e-01  3.9549612528e+00 -2.3143951655e+00 -1.1028489484e-01  7.3757542764e-01 -3.9734984395e-01  2.0257919623e+00  6.2450247858e+00 -3.3277391320e+00 -1.4356801567e+00 -1.7348192686e-01  1.7500433205e-01  2.6544461260e+00  2.3986032708e+00 -2.6941727717e-01 -9.9817496496e-01  3.0146031932e+00 -2.9719342017e+00  2.3530543235e+00  6.2804037131e-01  8.7173376713e-01  2.5299058590e-01  1.2118225533e+00 -1.8527216082e+00  3.5827470624e+00  5.0527725738e+00 -2.9880776351e+00  1.6729177466e+00  3.3661694157e+00 -1.7836060807e+00 -2.1628063548e+00  6.9971151046e+00 -3.8536850725e+00  4.4753788494e-01  5.3783826803e+00 -2.6967085720e+00 -3.2351084974e+00  7.0624915362e+00 -3.6877819657e+00 -1.9081820354e+00
ENERGY -5.546244252580e+02
GRADIENT  3.9888617428e-03  4.1300322691e-03  2.8155691249e-03  1.4876806410e-04 -1.6006396773e-04  4.3747300262e-05  5.6432517241e-05 -9.0522824873e-05  3.9451335588e-05  3.1106358782e-05  3.5539004813e-05 -1.2893391356e-04  3.0561931358e-03  5.7482342614e-03 -5.2884299491e-05  4.3708668563e-05 -2.2217246182e-05  6.7159413783e-05  2.0661108040e-04 -1.2780399745e-04  1.5309765535e-04 -1.5287328947e-05  1.1804717282e-05 -1.0578689691e-04 -4.6083596413e-03 -2.9624521152e-03 -4.3445508629e-03 -2.7295673452e-03 -6.7138904746e-03  1.3468347893e-03 -6.1792640867e-05  5.7394582239e-05  7.2924606197e-05 -1.2915208418e-04  9.5073485513e-05  8.0260613456e-05 -4.8216806425e-05  1.7086691498e-05  1.8533190462e-05  1.6995252788e-05  4.2160419698e-06 -6.1361256284e-06  6.6001395528e-06 -7.3440433625e-06  1.0028729241e-05  6.2098597349e-06 -8.2819522555e-06  1.2798390868e-05  1.6971928062e-07  7.8643312087e-06 -1.5111139579e-05  4.6874279745e-08  9.5854599429e-06 -3.4236323016e-05  6.9559615428e-06 -7.6383280348e-06  2.0296848719e-05  2.0294762758e-05 -3.4051830707e-06  1.5275367357e-05  1.8998900856e-06  4.5115076627e-06 -7.4271077705e-06 -1.2898264194e-05 -1.5424127879e-05  1.8327580407e-05

JOB 22
COORDS  2.0715288839e+00 -6.7458901336e-01 -3.4480834647e-02  2.5918700515e+00 -2.0168310642e+00  1.9491647938e+00  1.0431566081e+00 -7.4696302233e-02  6.2750355300e-01  1.5556281146e+00 -1.4448049303e+00  2.6232687847e+00  5.0318427133e+00 -3.0127086760e+00  5.7831852468e-01  4.2171996989e+00 -2.0999583414e+00 -1.5163833587e+00  6.0945075214e+00 -3.5369728920e+00 -9.0629075563e-02  5.2910894995e+00 -2.6471264863e+00 -2.1478870665e+00  2.9059320289e+00 -1.6787446891e+00  5.8133392869e-01  3.9984666403e+00 -2.2526373838e+00 -9.3178121172e-02  7.0182273195e-01 -4.2203987750e-01  2.0106067468e+00  6.2334080435e+00 -3.3669304992e+00 -1.4493066179e+00 -2.4194913317e-01  1.1422246915e-01  2.6211827636e+00  2.2861394579e+00 -3.5313378766e-01 -1.0499081552e+00  3.1724443360e+00 -2.7841380476e+00  2.4540611104e+00  4.4319077527e-01  6.9851911169e-01  1.5484266718e-01  1.3185159926e+00 -1.7333126752e+00  3.6439477159e+00  4.9976963502e+00 -3.1612694354e+00  1.6497209606e+00  3.5030490955e+00 -1.5641209186e+00 -2.1280324566e+00  6.8827708136e+00 -4.0927778405e+00  4.0477724532e-01  5.4537539796e+00 -2.5550924246e+00 -3.2159629899e+00  7.0294613292e+00 -3.7610906653e+00 -1.9307495823e+00
ENERGY -5.546270573288e+02
GRADIENT  1.4538455514e-03  1.7643828373e-03  8.2558709723e-04 -3.8866188470e-05  3.0168334836e-05  2.1242780710e-06 -5.9388787653e-05  4.6996014632e-05 -1.7717454657e-06 -5.0829470422e-05 -3.1376326171e-05  1.5826375382e-04  1.3749456593e-03  2.0547935531e-03  1.3977169998e-04  4.1859753836e-04 -3.0783282829e-04  2.9380625415e-04  1.5615226681e-05 -1.0648528036e-05  7.3310627933e-05  5.4553792226e-05  5.7524851064e-05 -4.4075816618e-04 -1.5400551469e-03 -1.5050428646e-03 -1.0833102940e-03 -1.6262081007e-03 -2.0932920932e-03  1.1486561146e-04  1.0388880744e-04 -5.4409504191e-05 -9.0587195453e-05 -1.8167882595e-04  7.4820215213e-05  9.7288799936e-05  7.3193905857e-05 -3.7734125109e-05 -3.0886893041e-05 -1.0530121041e-05  2.4600473311e-05 -1.2153452712e-05 -2.0319083065e-05  5.4805829705e-06  2.4846100438e-05  6.7784767548e-07  2.6770887525e-06 -2.7260452297e-05  3.5490341558e-06 -2.2512565127e-05  2.0059532887e-05 -1.1954779431e-05  1.6733673739e-05 -3.0486841864e-05  4.1924183330e-05 -2.5889845816e-05  2.8569546690e-05  1.1861068891e-06 -1.0475160961e-05 -1.0090577707e-06  9.7717629228e-06 -2.1760891000e-06 -3.8130285161e-05 -1.8265991104e-05  2.7785976595e-05 -1.7466224830e-05

JOB 23
COORDS  2.0034149615e+00 -7.4900133805e-01 -5.9125581222e-02  2.6762016667e+00 -1.8977862686e+00  1.9963877290e+00  9.4740302477e-01 -1.8392581705e-01  5.8897748298e-01  1.6268887881e+00 -1.3440629013e+00  2.6648389295e+00  4.9674994839e+00 -3.1098285203e+00  5.5467509211e-01  4.3018534718e+00 -1.9721751296e+00 -1.4804224742e+00  6.0137846499e+00 -3.6572222586e+00 -1.2089694161e-01  5.3608384837e+00 -2.5412797301e+00 -2.1171490584e+00  2.9324178458e+00 -1.6380806488e+00  5.9877480884e-01  4.0206677321e+00 -2.2152014395e+00 -7.9911119314e-02  6.7816490577e-01 -4.4000788674e-01  2.0073288710e+00  6.2231749563e+00 -3.3832290238e+00 -1.4530392261e+00 -2.8461076377e-01  7.1812615673e-02  2.6085980456e+00  2.1402180059e+00 -5.1370375868e-01 -1.1103397346e+00  3.3381708194e+00 -2.5586536747e+00  2.5479013907e+00  2.6095293759e-01  4.8240008158e-01  7.3196736326e-02  1.4542555024e+00 -1.5544187282e+00  3.7170808663e+00  4.8672322801e+00 -3.3713241077e+00  1.5994712493e+00  3.6679238897e+00 -1.3214923169e+00 -2.0675905476e+00  6.7262390663e+00 -4.3272960427e+00  3.4718067871e-01  5.5776554824e+00 -2.3642190745e+00 -3.1646804945e+00  7.0046724454e+00 -3.7982568404e+00 -1.9406500713e+00
ENERGY -5.546277176917e+02
GRADIENT  2.1954132392e-05  1.2509358793e-05 -8.8859339662e-05 -1.1200707534e-04  1.3288544430e-04 -1.3638627081e-04 -3.6426364561e-05  2.0746091217e-05  4.1223065145e-05 -3.9021199232e-05 -6.9116244597e-05  3.2808242532e-04 -2.0839388404e-05 -3.6502449046e-06  2.0649969446e-06 -3.5407090712e-05  3.3217660919e-05 -5.2773460344e-05 -8.7605125242e-05  8.2974188489e-05 -6.3076888996e-05 -4.5928181682e-05 -2.5715333633e-05  1.9674294863e-04 -2.3673108721e-05 -2.6668304118e-05  1.9099677230e-05  1.8943684479e-05  5.1219193255e-05 -4.0666616330e-06  1.2155922981e-04 -1.9608564177e-05 -1.3817517179e-04  1.8661384151e-04 -8.9385902058e-05 -1.0364631013e-04  6.5790215991e-05 -5.8061389550e-05 -8.7053999971e-06 -1.4028414214e-05 -4.6572442608e-06 -5.1204179166e-07 -3.2652404810e-05  3.8752857580e-06  3.9426395478e-06  6.9366157591e-06  1.3406789650e-06 -2.5255297795e-05 -5.0976136583e-06 -9.0648703876e-06  3.8977477719e-05 -1.2712191609e-05  6.8342819900e-06  4.1528107936e-06 -5.1208009116e-06 -3.9437283087e-06  1.0614220877e-05  2.2143117549e-06  6.3161495377e-06 -1.8027321995e-05  9.2237769038e-06 -1.2528960413e-05  1.6024395331e-05  8.6051926771e-06 -1.4418216830e-05 -3.6532453989e-06

