JOB 0
COORDS  5.9986075783e+00 -1.2793168677e+00 -1.5791374590e+00  6.1757598345e+00  1.0357295083e+00 -2.2228604882e+00  8.0845210965e+00 -2.4027306027e-01 -2.2418576673e+00  5.3767772632e+00 -4.2537231674e-02 -1.7952918593e+00  7.3736805111e+00 -1.3666273949e+00 -1.8063725664e+00  3.0265809611e+00 -7.0952605679e-01 -1.2284546975e+00  6.4678805936e-01 -1.0785191945e+00 -8.3729358915e-01  1.4453136123e+00  1.2198501049e+00 -1.3772179200e+00  7.4878038019e+00  9.3947147118e-01 -2.4385190655e+00  4.0059294647e+00  2.0332900194e-01 -1.6077937271e+00  1.7626118828e+00 -1.7148398735e-01 -1.0862749766e+00  3.2714998092e+00 -1.9015586814e+00 -1.0262613200e+00  8.0738276147e+00 -2.5324942542e+00 -1.6249733367e+00  5.4151447230e+00 -2.1294275048e+00 -1.2466133004e+00  5.7234511438e+00  2.0132700311e+00 -2.3990756883e+00  9.1540423664e+00 -3.0994144545e-01 -2.4268970421e+00  6.5128575694e-02 -7.3396272568e-01  2.5108321503e-02  1.0436197173e+00 -2.0699096922e+00 -6.2757481197e-01 -1.6299911041e-02 -1.1363436141e+00 -1.7103988984e+00  1.5445631347e+00  1.4635193914e+00 -2.4449838198e+00  2.0646659292e+00  1.9089895754e+00 -7.9061773295e-01  4.0872228103e-01  1.4079073232e+00 -1.0932474075e+00  3.7248553337e+00  1.1517852689e+00 -1.8093028523e+00  7.4474614165e+00 -3.2711527960e+00 -1.5592187816e+00
ENERGY -6.263028832249e+02
GRADIENT  8.0847605841e-05  2.4137166274e-04 -1.2271571962e-04 -5.6333660430e-05  9.8327066359e-05 -5.6285623261e-06 -8.5127962687e-05 -5.8458625293e-04 -1.2926059114e-03 -1.2322630512e-04 -3.5455815036e-05  3.6107232961e-05  4.4519890126e-04  4.4309694973e-04  1.6124779330e-03 -3.5797620819e-05  3.8401223311e-06  4.8859809790e-05  1.1630114207e-05  1.4255222260e-06 -1.0505562909e-05  4.1558555074e-06  2.7286084753e-06  1.0724362578e-05 -9.5115124520e-05 -4.4651334596e-05  2.4629738406e-05  2.7935807125e-05 -6.1999664995e-06 -1.3983980320e-05 -1.1810032086e-05 -2.2372203151e-05 -5.1199668504e-06 -2.4186565069e-05  2.8326381856e-05 -6.3324540205e-06 -1.2162708303e-04  7.8976945484e-05  1.6019475874e-03  2.2959683096e-05  1.9511001242e-05 -1.4693201260e-05 -3.8518194959e-05 -5.4267907148e-06  2.6259659302e-05  6.8411880907e-06 -3.2439329659e-05 -6.4337041997e-06  4.6286624519e-06 -8.8092816563e-06  7.0544149506e-06  3.4403836650e-06 -4.8648202048e-06 -8.7088327050e-06 -2.1819384253e-06  5.5719212520e-06  3.4430653737e-06 -1.4066373380e-06 -2.5113630945e-06 -3.4351617570e-06  5.9961861538e-06 -5.9175996986e-06 -6.3702164427e-06  4.1912205127e-06 -2.7617937474e-06  2.6062779556e-06 -9.4606654198e-06 -1.7197526716e-05 -4.1162511410e-05  7.2104311939e-05 -2.2017398902e-04 -1.8500354596e-03

JOB 1
COORDS  5.9943853015e+00 -1.2673264841e+00 -1.5437891181e+00  6.1642628609e+00  1.0354597392e+00 -2.2331698245e+00  8.0750605706e+00 -2.3489547893e-01 -2.2337679003e+00  5.3683244491e+00 -3.7301067593e-02 -1.7855034766e+00  7.3694948428e+00 -1.3528198599e+00 -1.7715177994e+00  3.0170884730e+00 -7.0391340444e-01 -1.2239964342e+00  6.3643334608e-01 -1.0728417338e+00 -8.3723186594e-01  1.4360471674e+00  1.2253154343e+00 -1.3764554236e+00  7.4760639202e+00  9.4121518878e-01 -2.4489503507e+00  3.9971180221e+00  2.0920594645e-01 -1.6014665852e+00  1.7527476372e+00 -1.6589163952e-01 -1.0843902440e+00  3.2619749671e+00 -1.8956703332e+00 -1.0212009220e+00  8.0723564180e+00 -2.5165084309e+00 -1.5616367766e+00  5.4174247720e+00 -2.1127478087e+00 -1.1899288974e+00  5.7078448091e+00  2.0074462160e+00 -2.4290154805e+00  9.1439088491e+00 -3.0646809696e-01 -2.4218497889e+00  5.1748938511e-02 -7.2647898283e-01  2.2368322374e-02  1.0329692206e+00 -2.0635721203e+00 -6.2384886613e-01 -2.3691248998e-02 -1.1330320933e+00 -1.7124447390e+00  1.5379072363e+00  1.4688188397e+00 -2.4440403448e+00  2.0538865249e+00  1.9146234477e+00 -7.8844484752e-01  3.9870124030e-01  1.4133654400e+00 -1.0952519670e+00  3.7157743654e+00  1.1566489876e+00 -1.8073200896e+00  7.4846519973e+00 -3.2735872219e+00 -1.7136677941e+00
ENERGY -6.263016993418e+02
GRADIENT -1.4591358596e-06 -5.9336867583e-05 -3.5255510020e-05 -1.3805288209e-05 -1.4550528436e-05  4.1438198786e-05 -3.7829462226e-04 -6.5195633215e-04 -2.2749140874e-03  2.6585888170e-05  4.0985704358e-05  7.1626604880e-05  7.8741585862e-04  9.9628966799e-04  2.5971703039e-03  2.1676997410e-05  4.8106439678e-05 -5.0859063937e-06 -1.8752998460e-05  1.3605767908e-05  6.7788795399e-06  2.3258514100e-06 -1.3399979351e-05  1.1087285913e-06  1.8649489602e-05 -2.8414073324e-05 -2.4574510027e-07  1.1136480899e-05 -4.9937885622e-05 -1.0723612809e-04 -1.1672665283e-05 -4.2909433505e-05  1.7113191934e-05  4.6456578578e-06  2.0608590871e-05  1.9227264429e-05 -1.2630732203e-03 -2.5383179387e-04  2.7659230102e-03 -4.7750553092e-07  3.9648783302e-07  9.7236255550e-06  8.3103913215e-06 -2.0216115859e-06  3.7450568083e-06  9.6848241786e-06 -6.9092947409e-06  2.2249479539e-06  4.2073666040e-07 -7.9543826378e-06  2.4016043233e-06  4.9032604155e-07  1.8217234103e-07 -7.9998487075e-06  4.9109306540e-07  5.1492460420e-06 -7.9719273683e-07  6.1012985645e-06 -3.5351225619e-06 -9.0545268872e-07  3.7713314274e-06 -1.9403065403e-06  9.6179166473e-07  3.3750897117e-06 -3.2118256785e-06  6.8109559471e-07  4.3724534646e-06 -9.6140692182e-06 -4.6132230080e-06  8.6244664799e-04 -4.0605547759e-05 -3.1218210476e-03

JOB 2
COORDS  6.0192484236e+00 -1.2870279873e+00 -1.5010753265e+00  6.1876193155e+00  9.9029174110e-01 -2.2690831042e+00  8.0969416268e+00 -2.8211559896e-01 -2.2392519786e+00  5.3922389684e+00 -6.5723090178e-02 -1.7815626954e+00  7.3926442092e+00 -1.3809277524e+00 -1.7351196612e+00  3.0355259680e+00 -7.2157266007e-01 -1.2335668913e+00  6.4924626645e-01 -1.0816116784e+00 -8.7208904069e-01  1.4676665039e+00  1.2204910652e+00 -1.3642244603e+00  7.4980892512e+00  8.8869070962e-01 -2.4885007169e+00  4.0236494805e+00  1.9135174202e-01 -1.5920078321e+00  1.7728021808e+00 -1.7860795863e-01 -1.0994631629e+00  3.2735781677e+00 -1.9159287686e+00 -1.0400144556e+00  8.0915360256e+00 -2.5443742937e+00 -1.4826566542e+00  5.4480154678e+00 -2.1214173790e+00 -1.1147596379e+00  5.7305618645e+00  1.9557137084e+00 -2.4946537224e+00  9.1645432754e+00 -3.6211903320e-01 -2.4312439030e+00  6.6767563865e-02 -7.4985485292e-01 -5.1495378059e-03  1.0378401520e+00 -2.0799064226e+00 -6.8037956973e-01 -1.0872745814e-02 -1.1168858182e+00 -1.7485982863e+00  1.5658586724e+00  1.4830699732e+00 -2.4277995852e+00  2.0954377834e+00  1.8924051682e+00 -7.6702229145e-01  4.3353171278e-01  1.4130197868e+00 -1.0741248240e+00  3.7442392725e+00  1.1346194602e+00 -1.8188705259e+00  7.5875146185e+00 -3.2979748149e+00 -1.8279896585e+00
ENERGY -6.263000773559e+02
GRADIENT -1.0105575390e-05 -7.4355984885e-05  1.8502593549e-05 -3.7188727242e-04  1.9387105266e-04  1.7877242190e-07  1.4065535294e-04 -1.1060152778e-03 -2.6582636633e-03  9.3022277882e-05 -8.1959080285e-07 -5.5790565472e-05  9.6823566565e-04  1.6280596851e-03  3.1285183986e-03 -9.7527484141e-06  4.0142745166e-05 -1.5362036234e-04 -2.0692611329e-05  1.7036584213e-05  1.6345091197e-05  1.2004216257e-06 -1.0527310761e-05  1.7622697779e-05 -1.1541282380e-04 -2.8303090643e-04  1.1733316077e-04  6.0185302135e-05 -1.8700731522e-05  5.4468908539e-05 -2.1201231001e-05 -4.7296813573e-05  2.0776392092e-05  1.6867787659e-05  3.2716752617e-05  5.7692201959e-05 -2.4087447378e-03 -6.8735491396e-04  2.7562867776e-03 -1.9406072635e-05  4.9480512148e-06 -4.8736563708e-06 -5.2322218747e-05  1.7066093968e-05  2.4753309438e-05  6.2105551998e-05 -5.9812550521e-05 -1.0567062647e-05 -3.3267927220e-06 -5.3477605586e-06 -3.9449613726e-07 -1.5903872584e-06  2.7111319606e-06 -9.2364362108e-06  1.7699102862e-06  3.0670424329e-06 -2.5314243347e-06  4.7257477202e-06 -3.2013833028e-06 -3.7656565749e-06  2.4306940653e-06 -1.3990293265e-06 -1.0139753858e-07  1.2400648122e-06 -3.0718566150e-06 -4.0718498160e-06  4.9561833977e-06 -1.5845908596e-05 -1.7002967318e-05  1.7412613914e-03  3.3750242428e-04 -3.3242419369e-03

JOB 3
COORDS  6.0288251937e+00 -1.2961283606e+00 -1.4747516336e+00  6.1986656949e+00  9.6151804865e-01 -2.2963775353e+00  8.1051337048e+00 -3.0986653515e-01 -2.2375498119e+00  5.4019094664e+00 -8.0887577881e-02 -1.7818302950e+00  7.4011213337e+00 -1.3968542920e+00 -1.7104559225e+00  3.0407904113e+00 -7.2720236779e-01 -1.2450275369e+00  6.5094381864e-01 -1.0771839380e+00 -8.9628117159e-01  1.4845855097e+00  1.2249554511e+00 -1.3635733715e+00  7.5086836129e+00  8.5674917314e-01 -2.5148891016e+00  4.0350212561e+00  1.8467140099e-01 -1.5909969612e+00  1.7801852847e+00 -1.7883234026e-01 -1.1134488188e+00  3.2726122980e+00 -1.9238876383e+00 -1.0606907186e+00  8.0939196293e+00 -2.5606016652e+00 -1.4179112609e+00  5.4625367461e+00 -2.1234293787e+00 -1.0677423408e+00  5.7416677021e+00  1.9217815615e+00 -2.5435373897e+00  9.1734241937e+00 -3.9351848606e-01 -2.4243061386e+00  6.8764106352e-02 -7.5000766866e-01 -2.7370849517e-02  1.0334184072e+00 -2.0794256282e+00 -7.1296627351e-01 -7.7269949281e-03 -1.1005943951e+00 -1.7742529089e+00  1.5892448508e+00  1.4991377184e+00 -2.4236498956e+00  2.1136686454e+00  1.8861424484e+00 -7.5589440823e-01  4.5012519534e-01  1.4203072315e+00 -1.0765295472e+00  3.7593030842e+00  1.1276959253e+00 -1.8235082014e+00  7.7253266129e+00 -3.2889472194e+00 -1.9419348072e+00
ENERGY -6.262984343473e+02
GRADIENT  8.0462466914e-05  9.0279423544e-05 -3.7229014015e-05  7.4403818601e-05 -1.0143607368e-04  3.3465225767e-06 -4.2399345661e-04 -8.2584726369e-04 -2.3003026781e-03 -1.2909053685e-04  1.2260408769e-05  2.8687040771e-05  1.1403395185e-03  1.3472223766e-03  2.8518369864e-03  2.8733879612e-05  3.5803880254e-05 -2.2707922027e-06 -3.6776751775e-05  1.9884497106e-05  2.0054736930e-05  1.3536075518e-05 -9.6019258291e-06 -1.8301387423e-06  1.1621047726e-05  3.2455320636e-05 -7.0300266857e-06 -7.1718847114e-05  4.0376886642e-06 -7.4419569150e-06  1.5414625623e-05 -3.2112782726e-05 -2.0680486529e-05  1.8515955819e-05 -2.2666491580e-05 -1.1370706258e-05 -2.8458178154e-03 -1.2401346999e-03  1.8919514209e-03  1.0438054406e-06  1.2297148874e-05 -8.0427319871e-06  4.8513241939e-06 -1.4781816759e-05  3.8948006989e-06  5.3717360825e-07 -6.7841743080e-06  1.6683580991e-06 -2.8695553581e-06  2.3794454073e-06 -4.4136122376e-06 -3.6907577527e-06  9.5059752703e-06 -3.5003145786e-06 -1.1730027951e-06  3.0251884390e-07 -3.2727113817e-06  1.4496378775e-05  2.0573222249e-06  3.0049693728e-06  3.1139150285e-06 -1.2819947900e-06  6.0315151431e-06 -1.7995778070e-06 -5.9774958407e-06 -1.3616756676e-05 -8.8154113284e-06  9.5841634959e-06  2.0072695034e-05  2.1570220415e-03  6.6850310680e-04 -2.4439836021e-03

JOB 4
COORDS  6.0178925292e+00 -1.3007227017e+00 -1.4621220572e+00  6.1890133371e+00  9.5064224419e-01 -2.3010818977e+00  8.0963444929e+00 -3.1728957081e-01 -2.2246865616e+00  5.3916735163e+00 -8.6904648461e-02 -1.7778297803e+00  7.3897999358e+00 -1.4016244470e+00 -1.6963502862e+00  3.0291004257e+00 -7.2621562732e-01 -1.2383280343e+00  6.3783715741e-01 -1.0687124546e+00 -8.8777041790e-01  1.4777295718e+00  1.2294971497e+00 -1.3608411090e+00  7.4996821428e+00  8.4622988052e-01 -2.5163432324e+00  4.0252524317e+00  1.8220417143e-01 -1.5890641739e+00  1.7697975561e+00 -1.7432781101e-01 -1.1072810757e+00  3.2585323056e+00 -1.9223728745e+00 -1.0499528600e+00  8.0741683359e+00 -2.5673568319e+00 -1.3762881296e+00  5.4557436957e+00 -2.1281445945e+00 -1.0505465067e+00  5.7320329818e+00  1.9092104274e+00 -2.5552338578e+00  9.1667589659e+00 -3.9862578495e-01 -2.4013273788e+00  5.7049021881e-02 -7.3797866052e-01 -1.9265868750e-02  1.0173081743e+00 -2.0717397398e+00 -7.0253351191e-01 -2.1339194819e-02 -1.0918693777e+00 -1.7653899350e+00  1.5789602165e+00  1.5000829661e+00 -2.4222343577e+00  2.1113689057e+00  1.8905131858e+00 -7.5778071786e-01  4.4505842082e-01  1.4291282363e+00 -1.0702361456e+00  3.7507351054e+00  1.1238124223e+00 -1.8286606602e+00  7.8869142918e+00 -3.2401142419e+00 -2.0494851058e+00
ENERGY -6.262971906778e+02
GRADIENT -1.0683574509e-04 -2.7254351350e-04  6.6823743137e-05 -1.0188703647e-04  2.6732299188e-05  4.6028024315e-05  9.7840380522e-05 -5.8744098943e-04 -1.5222684320e-03  1.6573744122e-04  3.0349873308e-05 -3.3217825927e-05  5.6939645851e-04  1.2080663063e-03  1.9387196677e-03  6.3181005936e-05  1.5310095335e-04 -9.7503976717e-06 -1.3064592819e-04  7.2532683249e-05  3.0072432672e-05  2.2800774234e-05 -4.5281687685e-05 -1.1441449771e-05 -3.6299323580e-05 -9.1470127981e-05  2.3094690136e-05  5.5559983384e-05 -9.1815078258e-05 -4.6858528829e-05 -8.1864150404e-06 -1.6617217631e-04  1.6061737989e-05  3.1669575777e-05  3.0704092382e-05 -2.0510999555e-05 -2.1780551106e-03 -9.3929571805e-04  5.7440361114e-04 -2.8271752767e-05 -1.1611236519e-05  7.5593319321e-06 -6.1299539932e-06  1.2651903047e-05 -2.7468006956e-06  4.6077719811e-05 -5.7558436370e-06 -2.7721646218e-06 -1.5777017765e-05 -7.6031951783e-07 -4.8985718962e-06 -1.2064490951e-05  2.8615955454e-05 -5.6255591817e-06 -9.9692848973e-06 -6.9964514094e-08 -1.6054670706e-06  1.8485832068e-05 -1.2344642715e-06  2.7707816446e-06  6.7995368178e-06 -3.5289381763e-06  8.9026811704e-06 -2.8850020798e-06 -1.7470558883e-05 -1.0083303992e-05 -1.5571184626e-06  3.8574925180e-06  1.6057393157e-05  1.6003818088e-03  6.5837468233e-04 -1.0924752956e-03

JOB 5
COORDS  6.0087223892e+00 -1.3144536172e+00 -1.4649848306e+00  6.1898624545e+00  9.3439802903e-01 -2.3053370417e+00  8.0930923986e+00 -3.3756926332e-01 -2.2166669794e+00  5.3870860492e+00 -9.7760926287e-02 -1.7800701993e+00  7.3797735821e+00 -1.4224020580e+00 -1.6977918914e+00  3.0218370692e+00 -7.2479019911e-01 -1.2382222466e+00  6.3101890227e-01 -1.0575876988e+00 -8.8532247685e-01  1.4774378683e+00  1.2370985022e+00 -1.3675982495e+00  7.5009705830e+00  8.2607340688e-01 -2.5165675029e+00  4.0220201921e+00  1.7831506974e-01 -1.5920845416e+00  1.7648817928e+00 -1.6682218140e-01 -1.1093127397e+00  3.2459550754e+00 -1.9209887062e+00 -1.0456295898e+00  8.0476986536e+00 -2.5924851033e+00 -1.3536948752e+00  5.4458770424e+00 -2.1424547259e+00 -1.0562768903e+00  5.7375771904e+00  1.8948768746e+00 -2.5605201666e+00  9.1656464771e+00 -4.1744329261e-01 -2.3824567735e+00  5.1612717767e-02 -7.2192410239e-01 -1.7777537270e-02  1.0083591457e+00 -2.0607215285e+00 -6.9620179798e-01 -2.8802712519e-02 -1.0829541158e+00 -1.7624002490e+00  1.5813451061e+00  1.5042040961e+00 -2.4296194037e+00  2.1118359891e+00  1.8982471553e+00 -7.6541055589e-01  4.4481017330e-01  1.4406805566e+00 -1.0796010175e+00  3.7516393048e+00  1.1204518573e+00 -1.8343021210e+00  8.0734313670e+00 -3.1824829190e+00 -2.1231436813e+00
ENERGY -6.262966716931e+02
GRADIENT  1.2884741173e-04  1.3994047066e-04 -8.2608925670e-05  1.5488492078e-04 -2.6120160634e-04  6.1848907620e-05  6.9147301714e-05 -1.2773066494e-05 -1.8298180834e-04 -2.8111725220e-04  3.5289691908e-05  4.6535940382e-05  4.7313974452e-05  7.0996006022e-05  2.3686687457e-04 -8.5275219945e-06 -1.7778054153e-06  8.0156398322e-07  7.7245393448e-05 -2.3140187784e-05  1.1758845636e-05 -2.2289834991e-05  1.8453036127e-05  3.9140017365e-06  2.9820041386e-05  4.3172106236e-05 -7.8565014161e-06 -8.0985662372e-05  2.4351397838e-06 -4.5697084133e-05 -4.0665109631e-05  4.4718983226e-05 -1.6361710526e-05 -3.6633406434e-05  7.0368570371e-06  2.6367662101e-06 -2.1906315917e-04 -1.1413620617e-04 -2.2284038475e-05 -1.3296740569e-05  2.6082192881e-05 -8.6964648551e-06  1.7811506968e-05 -3.4403037612e-05  7.3343778184e-06  7.5247252810e-06 -8.4972190866e-06 -2.8831417088e-06  4.4445635451e-06 -8.1460871505e-07 -2.7485383103e-06  9.1531742962e-06 -1.4244802573e-05 -2.7155992470e-06  5.5814981550e-06 -5.7548612705e-06 -3.8867221029e-06  1.2165742654e-05  4.0827168882e-06  1.8979781168e-06 -2.0148761086e-05  1.3155689950e-05  1.4655387840e-05  2.3663790672e-06  2.3642613886e-06 -1.5950151620e-05  6.2225076839e-06 -1.1563419113e-05  2.8442586457e-05  1.8025406389e-04  7.6410566851e-05 -5.8094629686e-05

JOB 6
COORDS  5.9975959295e+00 -1.3339748191e+00 -1.4780062415e+00  6.1909953695e+00  9.2362594856e-01 -2.2982546426e+00  8.0893678604e+00 -3.5538848386e-01 -2.2086781000e+00  5.3843662329e+00 -1.1023134742e-01 -1.7821265970e+00  7.3683306375e+00 -1.4451738673e+00 -1.7089908272e+00  3.0160307804e+00 -7.2539908075e-01 -1.2358158300e+00  6.2320959386e-01 -1.0427505653e+00 -8.7821861430e-01  1.4813087875e+00  1.2426590517e+00 -1.3827324471e+00  7.5023659327e+00  8.1116045817e-01 -2.5056540528e+00  4.0203103524e+00  1.7067699242e-01 -1.5962786451e+00  1.7616679422e+00 -1.6019139250e-01 -1.1113490763e+00  3.2342653544e+00 -1.9210295322e+00 -1.0345331132e+00  8.0170175480e+00 -2.6217323245e+00 -1.3559826291e+00  5.4312776469e+00 -2.1656055423e+00 -1.0820254631e+00  5.7433932637e+00  1.8883664841e+00 -2.5453212084e+00  9.1637828057e+00 -4.3276795161e-01 -2.3663328350e+00  4.5839259111e-02 -6.9549925730e-01 -1.3878037249e-02  9.9541967790e-01 -2.0459046572e+00 -6.7929388373e-01 -3.7018693454e-02 -1.0734754127e+00 -1.7548256571e+00  1.5922592018e+00  1.5004948299e+00 -2.4462985971e+00  2.1148935050e+00  1.9065148051e+00 -7.8250931782e-01  4.4786760455e-01  1.4526560437e+00 -1.1024283056e+00  3.7544248978e+00  1.1140003007e+00 -1.8387660359e+00  8.2662968621e+00 -3.1028710334e+00 -2.1603983454e+00
ENERGY -6.262970078408e+02
GRADIENT -2.3190689042e-04 -2.9684875188e-04  1.4601111009e-04 -1.3746389211e-04  1.4469662151e-04 -4.8604300868e-05  2.6100236983e-04  3.8074028435e-04  1.1252284233e-03  3.1463323235e-04 -1.1578193528e-05 -8.9278986715e-05 -6.4610691950e-04 -5.6048845390e-04 -1.7244087890e-03 -1.8719634483e-05  1.3663000725e-05  4.9281320973e-06 -1.4802500515e-05  1.1775825093e-05  2.3485108831e-05  1.1958767460e-06 -2.4277076890e-06  2.1295797749e-06 -1.5303287990e-05 -6.1186083795e-05  6.2930639922e-05  1.3028717409e-04 -6.6029557774e-05 -2.0167566426e-05 -8.3976524807e-06 -3.5931453112e-05 -1.3584967267e-05  7.1923153742e-07  2.8452831123e-05 -2.1486919530e-05  1.7847179424e-03  1.2497840138e-03  5.2704324902e-04 -1.3629421899e-05 -3.6768651119e-05  8.4053892524e-06  4.8431047864e-06  2.5630915150e-05 -1.1578550679e-05  1.2134699096e-05  8.7474353716e-06 -2.3551082023e-05 -4.8219831265e-07  5.1971475454e-07 -5.1384108897e-06  6.4255543054e-07  2.4978095404e-06 -2.6822245614e-06  9.1525875469e-07 -2.1991587858e-06 -3.0028535263e-06  1.6726864659e-05  3.8043592031e-06  3.7001503384e-06 -5.0817243679e-06  1.4192007431e-06  1.2684023838e-05 -2.2991845329e-06 -6.8470082397e-06 -2.0346288142e-05  2.6078721888e-05  5.3638723097e-06  1.5763234836e-05 -1.4230539203e-03 -8.0789511020e-04  7.7194381218e-06

JOB 7
COORDS  5.9854311292e+00 -1.3529149953e+00 -1.4977150314e+00  6.1927123849e+00  9.1514763871e-01 -2.2873523210e+00  8.0842219792e+00 -3.7465267512e-01 -2.2075842224e+00  5.3804573823e+00 -1.2146713512e-01 -1.7847372653e+00  7.3559061013e+00 -1.4698905554e+00 -1.7281690748e+00  3.0098122945e+00 -7.2554233954e-01 -1.2331858733e+00  6.1653848167e-01 -1.0302808215e+00 -8.7017081640e-01  1.4825911792e+00  1.2473924871e+00 -1.3968037451e+00  7.5034298749e+00  7.9711476707e-01 -2.4939807522e+00  4.0175323055e+00  1.6422156749e-01 -1.5996474494e+00  1.7578290805e+00 -1.5392635487e-01 -1.1125686229e+00  3.2228021211e+00 -1.9205304072e+00 -1.0234856385e+00  7.9830774476e+00 -2.6552382141e+00 -1.3801036915e+00  5.4136939683e+00 -2.1879348432e+00 -1.1172048431e+00  5.7510318173e+00  1.8855928451e+00 -2.5218551559e+00  9.1596588976e+00 -4.5104640783e-01 -2.3625979037e+00  4.0831350238e-02 -6.7266263974e-01 -8.9457266015e-03  9.8551670715e-01 -2.0327010877e+00 -6.6171451796e-01 -4.4282933679e-02 -1.0674796627e+00 -1.7460866059e+00  1.5991981940e+00  1.4959510675e+00 -2.4619218866e+00  2.1150714990e+00  1.9148492158e+00 -7.9924840344e-01  4.4844795826e-01  1.4624964711e+00 -1.1231034680e+00  3.7560988805e+00  1.1093127450e+00 -1.8399713529e+00  8.4431412908e+00 -3.0128529403e+00 -2.1554321357e+00
ENERGY -6.262980698605e+02
GRADIENT -8.5831780190e-05 -1.1553367665e-04  9.0079472008e-05 -5.9167164420e-05  1.0385369143e-04 -3.8304057214e-05  1.5593016799e-04  7.6449766694e-04  2.1095025910e-03  1.7560432035e-04 -1.9817723306e-05 -7.2513189718e-05 -9.3093822870e-04 -1.4539384378e-03 -3.3853100201e-03 -6.2060501700e-05 -8.9445404877e-05 -6.9751154317e-05  3.8988790612e-05 -1.6838513347e-05  2.8892616690e-05  3.8320570642e-06  1.9153815270e-05  1.6092915373e-05  1.4143934766e-05 -6.7077286939e-06 -1.7475085561e-06  5.7643745154e-05  7.9194679605e-06  5.7693662962e-05  2.4078618012e-05  4.2982356364e-05 -4.2660591024e-05 -5.6607034185e-06  4.6250148406e-06  1.3744411997e-05  3.0754013625e-03  2.2131701793e-03  2.0189102280e-03  5.6701470098e-06 -2.3575182108e-05 -4.4638955176e-06  7.5326948895e-06  1.5544623349e-05 -7.1907088127e-06 -6.4390029804e-06  1.1838300278e-05 -3.9191877938e-06  4.2488861469e-06 -4.4383210976e-07 -4.1118316180e-06  4.0437538504e-06 -7.7609427886e-06 -2.7641871198e-06  8.2456419693e-06 -8.5904492795e-07 -4.9698641579e-06  1.4328190117e-05  2.9818735899e-06  2.5309249504e-06 -3.3766138544e-06  2.7008731187e-06  8.8093419045e-06 -5.3489874001e-07 -1.7430828861e-06 -2.0606264138e-05  1.5603228747e-05  1.3224200470e-05  1.1406986281e-05 -2.4071039290e-03 -1.4859753194e-03 -7.4392101614e-04

JOB 8
COORDS  5.9847704094e+00 -1.3894948211e+00 -1.5552271678e+00  6.2175916045e+00  9.0667497518e-01 -2.2575119083e+00  8.0971269552e+00 -4.0237668149e-01 -2.2072390508e+00  5.3938711831e+00 -1.4325930545e-01 -1.8012367449e+00  7.3570813240e+00 -1.5102977650e+00 -1.7756916989e+00  3.0205340926e+00 -7.3486083430e-01 -1.2433723665e+00  6.2976645144e-01 -1.0226932488e+00 -8.5224561228e-01  1.4978838388e+00  1.2370664658e+00 -1.4523771992e+00  7.5284180044e+00  7.8338406857e-01 -2.4566452140e+00  4.0303015476e+00  1.4482067923e-01 -1.6272897931e+00  1.7708308112e+00 -1.5658986147e-01 -1.1301208789e+00  3.2289968893e+00 -1.9273340200e+00 -1.0158358663e+00  7.9589246292e+00 -2.7147398285e+00 -1.4692021597e+00  5.4017785269e+00 -2.2328080950e+00 -1.2120229896e+00  5.7857068281e+00  1.8886440480e+00 -2.4595574390e+00  9.1739057924e+00 -4.7878439506e-01 -2.3571856242e+00  6.1166050692e-02 -6.3752959974e-01  1.7916028183e-03  9.9860123820e-01 -2.0189586521e+00 -6.1586753815e-01 -3.7573540830e-02 -1.0860534949e+00 -1.7216522495e+00  1.6434745500e+00  1.4615490326e+00 -2.5189373692e+00  2.1102205757e+00  1.9221314110e+00 -8.5292678479e-01  4.5552901857e-01  1.4529990510e+00 -1.2131775798e+00  3.7776058138e+00  1.0980135354e+00 -1.8434314826e+00  8.6052897333e+00 -2.9319881593e+00 -2.1590648088e+00
ENERGY -6.262995293739e+02
GRADIENT  2.7962642222e-05  6.2456572405e-05 -6.4470577031e-05 -1.9764590104e-04  4.4364067127e-04 -6.5994136529e-05 -2.4693425893e-04  7.4857040754e-04  2.5153919670e-03  2.7895944729e-04 -7.7011028344e-05 -2.1102504629e-06 -8.2512702079e-04 -1.7647609026e-03 -4.0607879095e-03 -6.2639498771e-05 -1.5223371347e-04  3.7548469271e-05  7.6430566212e-05 -3.2926788267e-05  3.6000667006e-05 -7.1897692838e-06  3.3156289892e-05  1.3519193553e-05  2.4969990342e-05  2.9126710575e-05 -5.1564057553e-05  1.1922852685e-04  6.2434016286e-05 -1.0786676199e-04  1.5913840294e-05  6.6805800616e-05 -6.8100685978e-05 -7.5569785339e-06  2.5753224174e-05 -4.6675127864e-06  3.2559961347e-03  2.1022314738e-03  3.4625923677e-03  5.6974828885e-05 -2.9362669678e-05 -6.7460619044e-06 -2.3481512044e-05  4.4403490227e-05 -6.2026604786e-06 -6.7631827698e-05 -7.1787409945e-06  3.1638024896e-05  1.0005090341e-05 -3.2024549945e-06 -9.9198539445e-07  8.1825064288e-06 -1.6891691856e-05 -1.4010399344e-06  9.5035689656e-06  2.0288209461e-06 -2.0909369768e-06  2.0389979662e-05  4.3490689598e-06  5.2148826032e-06 -1.0413521016e-05  6.5255752455e-06  1.1446350866e-05  9.8192726253e-07 -2.8539937987e-06 -2.7393069976e-05  2.8215811834e-05  1.7862700144e-05  3.0856094188e-05 -2.4334273775e-03 -1.6009419296e-03 -1.6953579603e-03

JOB 9
COORDS  5.9790770417e+00 -1.4063260470e+00 -1.5811624818e+00  6.2238869269e+00  8.9950466916e-01 -2.2452844747e+00  8.0971123711e+00 -4.1925205135e-01 -2.2176906088e+00  5.3942348547e+00 -1.5474102816e-01 -1.8077346468e+00  7.3520885337e+00 -1.5302272059e+00 -1.8016941443e+00  3.0199375884e+00 -7.3930548717e-01 -1.2449435194e+00  6.2917774202e-01 -1.0176320730e+00 -8.4389916805e-01  1.5021800628e+00  1.2352521401e+00 -1.4621771709e+00  7.5335571968e+00  7.7289297579e-01 -2.4458547975e+00  4.0313423911e+00  1.3616356577e-01 -1.6338351623e+00  1.7720209885e+00 -1.5704474202e-01 -1.1315045339e+00  3.2252603017e+00 -1.9316600578e+00 -1.0139697977e+00  7.9368054698e+00 -2.7452147615e+00 -1.5275229950e+00  5.3913377588e+00 -2.2520902836e+00 -1.2523227128e+00  5.7968530949e+00  1.8864953777e+00 -2.4318086566e+00  9.1735994571e+00 -4.9716452205e-01 -2.3741282631e+00  6.4918651178e-02 -6.2524886210e-01  9.7531766187e-03  9.9568136651e-01 -2.0135752604e+00 -6.0261587185e-01 -4.1523386751e-02 -1.0844379122e+00 -1.7104448098e+00  1.6535747767e+00  1.4538047335e+00 -2.5290639119e+00  2.1120087283e+00  1.9231967872e+00 -8.6325143553e-01  4.5881685348e-01  1.4534011567e+00 -1.2295564705e+00  3.7825612971e+00  1.0922906343e+00 -1.8412865271e+00  8.7273416460e+00 -2.8487953700e+00 -2.0806277067e+00
ENERGY -6.263009829149e+02
GRADIENT  2.2063909588e-04  3.2059377883e-04 -1.0332722316e-04  5.7642414504e-05 -4.2016061299e-05 -3.6172973925e-06  7.9370882791e-06  6.9181481720e-04  2.1708787516e-03 -2.1511856717e-04  2.0727669990e-05  5.2123847272e-05 -6.5115637635e-04 -1.5845343117e-03 -3.7447208033e-03 -1.2872835969e-05  1.6926882263e-05  1.4563709765e-05  9.9306631386e-06  3.4395438491e-06  3.9451578166e-05  5.8558317700e-06  7.3458190318e-06  1.4036988100e-05  5.9104512693e-05  6.0253475171e-05 -2.4045149498e-05 -5.9997351270e-05  5.2807977371e-06 -4.2660551820e-05  7.2489494260e-06 -7.9248102452e-06 -6.2505868728e-05 -1.2727820460e-05 -1.9618794202e-05  2.4494683739e-06  2.2059230721e-03  1.7543552257e-03  3.7131952176e-03  3.3055547382e-05  2.7444575535e-05 -1.6571044070e-05 -2.1268041121e-06 -1.6412529238e-05  3.3778496658e-06 -2.3244603851e-05 -1.2433662021e-05  1.1107467056e-05  3.0159978893e-06 -4.0371385505e-06  1.8306406909e-06  1.3026350806e-06 -2.9136385654e-06 -4.8876079487e-06  1.9828765809e-06  3.1595479431e-06  8.7594647745e-08  1.8803480161e-05  1.5898575684e-06  5.9793656241e-06 -5.6944596044e-06  1.7982470661e-06  1.1470013016e-05 -2.6630436979e-06 -7.5854359010e-06 -2.3161545669e-05 -8.4027370484e-06  5.0888977416e-06  2.5269558154e-05 -1.5974453024e-03 -1.2592571784e-03 -2.0542224986e-03

JOB 10
COORDS  5.9740653281e+00 -1.4216285388e+00 -1.6015118722e+00  6.2279551973e+00  8.9326687886e-01 -2.2366260700e+00  8.0955891827e+00 -4.3347225445e-01 -2.2308215645e+00  5.3953863650e+00 -1.6562441572e-01 -1.8140532266e+00  7.3478040998e+00 -1.5452499694e+00 -1.8217888418e+00  3.0211296337e+00 -7.4626617560e-01 -1.2483725176e+00  6.2992215648e-01 -1.0144805805e+00 -8.3930536664e-01  1.5105314337e+00  1.2332702241e+00 -1.4652940605e+00  7.5364748142e+00  7.6406617643e-01 -2.4398777592e+00  4.0332510161e+00  1.2742797006e-01 -1.6390677015e+00  1.7754837482e+00 -1.5959559741e-01 -1.1330618700e+00  3.2236799199e+00 -1.9392807093e+00 -1.0182126225e+00  7.9203115149e+00 -2.7699234009e+00 -1.5850834929e+00  5.3830806132e+00 -2.2689310399e+00 -1.2823784635e+00  5.8037934947e+00  1.8836682337e+00 -2.4109060169e+00  9.1711220673e+00 -5.1389764914e-01 -2.3962500736e+00  7.1136047003e-02 -6.1849886550e-01  1.6313124591e-02  9.9286789116e-01 -2.0118135720e+00 -5.9843166401e-01 -4.4776370064e-02 -1.0792736051e+00 -1.7028719853e+00  1.6671346251e+00  1.4507650086e+00 -2.5315665011e+00  2.1194268903e+00  1.9202555897e+00 -8.6414579758e-01  4.6669564283e-01  1.4540490175e+00 -1.2373996462e+00  3.7874204438e+00  1.0862787973e+00 -1.8373266956e+00  8.8124789174e+00 -2.7805707437e+00 -1.9673582324e+00
ENERGY -6.263020388179e+02
GRADIENT -1.0260932212e-04 -1.9286120480e-04  6.7801513748e-05 -1.0494237460e-04  9.2883470932e-05 -1.1680100629e-06  2.8332268650e-04  3.0052096977e-04  1.2269762133e-03  1.6874974403e-04 -5.4148711087e-05 -2.9160084202e-06 -4.9439971936e-04 -5.1684217319e-04 -2.2659483297e-03  7.6929916147e-05 -2.0259818653e-04  6.7719786586e-05 -6.4693900789e-05  1.4565780402e-05  5.1861932311e-05  7.9741780384e-05 -7.5342417768e-06 -1.9527708184e-06 -2.0822565524e-05 -5.4355731485e-05  1.2655116070e-05 -2.4436558455e-04  1.3979151150e-04 -3.2405591309e-05  1.9401572976e-04  9.7831409005e-05 -1.2555555754e-04  1.1594587714e-04 -1.5778108315e-04  3.9143564862e-06  7.9545057274e-04  9.3610159560e-04  2.4425788665e-03 -2.6735400431e-05 -2.3285433788e-05  7.4210517410e-06  5.4922661820e-06  1.5916019697e-05 -4.6292066212e-06  1.8786356639e-05  3.8421095398e-06 -5.4829446801e-06  2.6498814691e-06  5.8553112101e-06  1.8650488607e-06 -1.5741693426e-05  2.4102807181e-05 -1.0702555912e-05 -9.1007155159e-07  1.0811151920e-05 -2.9259173833e-06  2.6952714614e-05  9.8378737378e-07  7.1453949351e-06  1.9390185350e-05 -7.8745887719e-06  3.1117932246e-06 -4.5561599903e-06 -8.3790867829e-06 -1.9693140301e-05 -3.8297316595e-05  8.9103769784e-05  6.8644890889e-06 -6.2999084174e-04 -5.4384366864e-04 -1.4434236440e-03

JOB 11
COORDS  5.9751488868e+00 -1.4371092256e+00 -1.6274253101e+00  6.2391926096e+00  8.8501234208e-01 -2.2308664387e+00  8.1002630857e+00 -4.5071912773e-01 -2.2461077735e+00  5.4013153224e+00 -1.7688724436e-01 -1.8257844245e+00  7.3495286823e+00 -1.5630993900e+00 -1.8444199059e+00  3.0258740547e+00 -7.5205486397e-01 -1.2577838829e+00  6.3733658772e-01 -1.0162033004e+00 -8.3319606580e-01  1.5172057157e+00  1.2303002923e+00 -1.4670587864e+00  7.5470980477e+00  7.5291173912e-01 -2.4348747134e+00  4.0396582542e+00  1.1866270869e-01 -1.6512942937e+00  1.7814630249e+00 -1.6366341805e-01 -1.1386708023e+00  3.2261700681e+00 -1.9457029231e+00 -1.0292155405e+00  7.9107719300e+00 -2.7990037567e+00 -1.6494859636e+00  5.3805808657e+00 -2.2856898057e+00 -1.3185379640e+00  5.8190672575e+00  1.8791234446e+00 -2.3931712425e+00  9.1744490984e+00 -5.3467456694e-01 -2.4195952567e+00  8.8402928468e-02 -6.2012065541e-01  2.8798844235e-02  1.0006787024e+00 -2.0146228880e+00 -5.9737211407e-01 -4.6622324652e-02 -1.0786726929e+00 -1.6895607495e+00  1.6783663382e+00  1.4509661911e+00 -2.5318917386e+00  2.1231264778e+00  1.9160314449e+00 -8.6126524904e-01  4.7217446103e-01  1.4495948342e+00 -1.2434266389e+00  3.7980465084e+00  1.0810497983e+00 -1.8370437288e+00  8.8624741633e+00 -2.7458389416e+00 -1.8336617374e+00
ENERGY -6.263024249941e+02
GRADIENT -2.3966896731e-05  6.7472512753e-06  1.2025886466e-05  2.8117255639e-06  2.0438771884e-05  5.2228170473e-06 -1.9294316951e-06 -2.8301635804e-05  9.6329640813e-06  4.7099674735e-07 -5.1047726906e-06  3.1550509441e-05  1.0177827574e-05  8.1205406283e-06 -8.7744743892e-06 -3.3178321482e-05 -6.6704327262e-05  7.4491179381e-05  4.8505634745e-05  2.8740872806e-05  5.5186920140e-05 -2.0398048095e-07  4.2307525983e-05  6.6186414162e-05 -8.1892692336e-06  4.8677575264e-06 -4.3926916180e-06  6.6507849133e-05  1.1818877839e-05 -1.2321494475e-04 -1.5199112465e-05 -2.8742424586e-05 -9.8465367145e-05  2.2588208281e-08  3.1505629645e-05 -1.0327615181e-05 -5.8813824864e-07 -6.6022086846e-06  1.6509770083e-06  4.3561435820e-06 -1.2599649683e-05 -3.9093757487e-06 -7.1562273013e-07 -3.5594151349e-06 -1.9779033582e-06 -1.6855644903e-06  2.8263386658e-07 -2.2510468162e-06 -1.4796415457e-06 -4.0373951508e-06  1.2785284967e-08 -5.6619203510e-06 -1.1485973437e-05 -1.2649581357e-05 -5.4860187655e-06 -4.7271720806e-06  1.2677106056e-06  7.6372126791e-06 -1.4892757607e-06 -4.4620479843e-06  4.4691766829e-06 -9.5276042690e-06  9.5381712609e-07 -3.6593049917e-06 -1.3229821096e-05 -3.2442874950e-05 -4.7577876131e-06  4.7463684696e-06  3.5896127442e-05  1.6540225417e-06 -1.3962435277e-06 -4.8397957116e-07

JOB 12
COORDS  5.9675276108e+00 -1.4312068277e+00 -1.6424189794e+00  6.2311871300e+00  8.9658357508e-01 -2.2239246525e+00  8.0895057480e+00 -4.4246410941e-01 -2.2675309752e+00  5.3937512293e+00 -1.6860127977e-01 -1.8275958767e+00  7.3408841104e+00 -1.5558712661e+00 -1.8645404219e+00  3.0205241017e+00 -7.4659303235e-01 -1.2536030671e+00  6.3153975002e-01 -1.0140520318e+00 -8.3279803474e-01  1.5095790633e+00  1.2337364184e+00 -1.4621030280e+00  7.5379526679e+00  7.6487304965e-01 -2.4365636453e+00  4.0330257614e+00  1.2641380763e-01 -1.6448887067e+00  1.7760736430e+00 -1.5890179345e-01 -1.1299433294e+00  3.2218634352e+00 -1.9409588143e+00 -1.0296503759e+00  7.8980596908e+00 -2.8008092398e+00 -1.7112740566e+00  5.3738709490e+00 -2.2817086377e+00 -1.3370977519e+00  5.8114234597e+00  1.8926846954e+00 -2.3747940154e+00  9.1609475230e+00 -5.2826202651e-01 -2.4552198440e+00  7.5778627951e-02 -6.1857734774e-01  2.5011947788e-02  9.9531200626e-01 -2.0115790989e+00 -5.9398415358e-01 -4.6180694695e-02 -1.0783664158e+00 -1.6940303266e+00  1.6648310753e+00  1.4509093151e+00 -2.5285478109e+00  2.1184873312e+00  1.9216807745e+00 -8.6192237045e-01  4.6593256431e-01  1.4537557900e+00 -1.2326544949e+00  3.7907194496e+00  1.0896426009e+00 -1.8253482345e+00  8.8645277828e+00 -2.7135676961e+00 -1.6880570931e+00
ENERGY -6.263020397925e+02
GRADIENT -3.9131770518e-05 -8.0531125683e-05  1.0992718409e-05 -8.4334378865e-05  1.0869870985e-04 -8.8926082915e-06 -3.0566390758e-04 -2.7600787537e-04 -1.2303610390e-03  1.2296727289e-04 -1.6435583637e-05 -1.5684866597e-05  4.0070576084e-04  4.6035591647e-04  2.3000851037e-03  3.3101728013e-05 -5.7005393559e-05  6.5015354218e-05 -4.1777178250e-05  1.8224885217e-05  4.5116246364e-05  3.5337988401e-05 -9.3388752969e-06  7.8014658540e-06 -7.1356885069e-06 -1.6994908922e-05  8.1670081859e-06 -3.6387558701e-05  3.7893717670e-05 -1.2494124997e-05  6.3067536320e-05  1.2314519162e-08 -1.1599891924e-04  5.0185140683e-05 -4.6146056600e-05 -3.6798157280e-06 -9.0686351401e-05 -3.8695128680e-04 -2.7096269166e-03 -1.3249501033e-06 -1.3976310457e-05  7.1902009806e-06  1.2453181138e-06  1.5251940351e-05 -2.6212971911e-06 -3.7504065525e-07  3.7465170885e-08 -6.9839092677e-07  2.9774346899e-06 -2.3995503733e-06  6.4245937207e-06 -7.9641284423e-06  1.1633471066e-05 -1.1549578751e-05 -3.8916321106e-06  1.1113740447e-05  2.2033210008e-06  1.5081052104e-05 -1.2058360211e-06  4.4199393970e-06  8.0194842418e-06 -3.3829600541e-06  2.6682698461e-06 -1.0898315741e-06 -5.5199432898e-06 -7.7796487192e-06 -1.1785615003e-05  3.3371374927e-05  2.2540494155e-07 -6.2351691747e-05  1.8677797053e-04  1.6522714367e-03

JOB 13
COORDS  5.9628503952e+00 -1.4252597884e+00 -1.6621947526e+00  6.2266833733e+00  9.0851657993e-01 -2.2170422241e+00  8.0836198340e+00 -4.3168262546e-01 -2.2838964513e+00  5.3886132275e+00 -1.6007572499e-01 -1.8336115979e+00  7.3356522485e+00 -1.5470980565e+00 -1.8853734060e+00  3.0173466267e+00 -7.4138442252e-01 -1.2546893246e+00  6.3098850634e-01 -1.0154885410e+00 -8.2917307174e-01  1.5008293862e+00  1.2354995357e+00 -1.4586236945e+00  7.5332970534e+00  7.7882484888e-01 -2.4345473275e+00  4.0278639202e+00  1.3318074319e-01 -1.6476752152e+00  1.7726218161e+00 -1.5562002290e-01 -1.1240599660e+00  3.2206532444e+00 -1.9360997259e+00 -1.0345266361e+00  7.8924665386e+00 -2.8000351068e+00 -1.7703591770e+00  5.3699660937e+00 -2.2791149825e+00 -1.3649113374e+00  5.8072271867e+00  1.9065068727e+00 -2.3563991878e+00  9.1526438627e+00 -5.1890797635e-01 -2.4813008722e+00  7.1128633233e-02 -6.2080056319e-01  2.6252386302e-02  9.9840007156e-01 -2.0110301889e+00 -5.8762246707e-01 -4.3984758315e-02 -1.0843833858e+00 -1.6922560597e+00  1.6509455978e+00  1.4505351658e+00 -2.5262262638e+00  2.1103449059e+00  1.9265741800e+00 -8.6268850762e-01  4.5767672047e-01  1.4533130434e+00 -1.2248468163e+00  3.7853215161e+00  1.0979233054e+00 -1.8194984738e+00  8.8285846734e+00 -2.7105329401e+00 -1.5309903849e+00
ENERGY -6.263009825969e+02
GRADIENT -1.8886210819e-04 -2.1452114979e-04  5.2784304429e-05 -1.3057826982e-04  1.9619322266e-04 -1.0563454951e-05 -5.0611678584e-04 -4.4463707760e-04 -2.1573433668e-03  2.8515011835e-04 -2.2676925475e-05 -4.9792241717e-05  6.1321526414e-04  7.3415461683e-04  3.9844915477e-03 -4.8533105446e-05 -6.1093491422e-05  6.3816026302e-05  6.5442379248e-05 -2.5393387087e-05  2.6083280208e-05 -1.0604917496e-05  2.1329052164e-05  1.3902969642e-05 -4.3341055371e-05 -5.2988569111e-05  1.1895489372e-05  1.1008738504e-04 -7.1424536749e-07 -2.0666854186e-05 -1.5011770840e-05  3.4377909150e-05 -9.5818587849e-05 -3.2330780226e-05  1.9173232728e-05  9.4349138658e-08  5.7143557762e-04 -1.3335630439e-04 -4.6385068967e-03 -3.2529373643e-07 -2.9918424601e-05  7.2788206308e-06  9.0697683726e-08  2.7869146064e-05 -3.3576777400e-06  6.7912341285e-06  7.0335391878e-06 -3.0286046996e-06  1.2200227652e-05 -7.8280814307e-06  8.6156370758e-06  8.4437268603e-06 -1.8040545508e-05 -7.1391749888e-06  4.7246559842e-06  1.2451946469e-05  3.9335244061e-06  7.2341938946e-06  2.2790239531e-06  3.2577990030e-06 -4.6567188423e-06  6.2500154905e-06  6.4653346653e-06  1.9928813194e-06  4.6103670944e-06 -1.0474926817e-05  2.4690354857e-05 -6.3811879113e-06 -8.2934048602e-06 -6.9408551499e-04 -8.0090193371e-05  2.8127412364e-03

JOB 14
COORDS  5.9588388631e+00 -1.4194488111e+00 -1.6896821216e+00  6.2236951532e+00  9.2131464630e-01 -2.2069681387e+00  8.0792905205e+00 -4.1924042533e-01 -2.2993472396e+00  5.3838148992e+00 -1.5099645528e-01 -1.8412068595e+00  7.3307256953e+00 -1.5386314309e+00 -1.9144447605e+00  3.0163194941e+00 -7.3759131354e-01 -1.2548015101e+00  6.3286221097e-01 -1.0181211648e+00 -8.2070392724e-01  1.4926442033e+00  1.2333152094e+00 -1.4622376506e+00  7.5305386124e+00  7.9471335655e-01 -2.4287744033e+00  4.0226419275e+00  1.3939750400e-01 -1.6529838554e+00  1.7708471575e+00 -1.5456262142e-01 -1.1192331309e+00  3.2238256341e+00 -1.9315917675e+00 -1.0345127928e+00  7.8918474915e+00 -2.7977612015e+00 -1.8356288048e+00  5.3660888244e+00 -2.2778793172e+00 -1.4056801283e+00  5.8052519912e+00  1.9219260956e+00 -2.3304717480e+00  9.1462048105e+00 -5.0778042123e-01 -2.5035829705e+00  6.9823793878e-02 -6.2010261048e-01  3.1007009896e-02  1.0046093816e+00 -2.0102299357e+00 -5.7180856277e-01 -4.0375215539e-02 -1.0963388489e+00 -1.6843878115e+00  1.6392188027e+00  1.4418742423e+00 -2.5315661518e+00  2.1008591224e+00  1.9307957848e+00 -8.7242719008e-01  4.4935450725e-01  1.4486081995e+00 -1.2267733805e+00  3.7787692518e+00  1.1054338246e+00 -1.8156074459e+00  8.7485942886e+00 -2.7371377107e+00 -1.3847282699e+00
ENERGY -6.262995290181e+02
GRADIENT -1.0955846388e-04 -1.0124129619e-04  3.2747624165e-05 -1.0111247192e-04  1.3924010417e-04  3.1401266277e-06 -6.5867304928e-04 -4.5235253647e-04 -2.4687545813e-03  1.5797445757e-04 -4.5404716465e-05 -3.5963340200e-05  5.5458002190e-04  6.3467878861e-04  4.4813071071e-03 -3.7530126322e-05 -2.0593973338e-04  1.0078936261e-04  1.1553690340e-04 -6.2316669100e-05  1.6607851391e-05 -3.2054453591e-06  4.1528396253e-05  9.5577397927e-06 -7.7710958443e-06 -2.5559518326e-05  6.0486789943e-06 -3.3635773608e-05  1.0529432612e-04  5.3049864849e-06  4.5517161103e-05  1.6243736919e-04 -1.3831954350e-04  1.1488732742e-05 -4.6424080320e-05  7.1847869978e-06  1.5903249266e-03  3.1615378622e-04 -4.9769520764e-03 -9.0773656308e-06 -2.4754166344e-05  1.0054490818e-05  1.6937778542e-06  1.8552539457e-05 -1.4310754532e-06 -8.0060475522e-06  1.4623073102e-07 -4.0603510287e-06  2.0827029453e-05 -4.1808731619e-06  1.0046361963e-05  9.7093344146e-06 -2.2414483645e-05 -7.2677083985e-06  9.2558185263e-06  1.4934292731e-05  2.7038973810e-06  4.5415577712e-06  3.2844340629e-06  2.4075886518e-06  2.0229329853e-07  7.5949157055e-06  6.0356892302e-08  5.4678292174e-06  1.2772804329e-05 -7.0185657719e-06  7.5778970513e-06  1.5565046542e-05 -2.4217284139e-05 -1.5172002963e-03 -5.1104433090e-04  2.9686473840e-03

JOB 15
COORDS  5.9630695168e+00 -1.4168928068e+00 -1.7187153330e+00  6.2262642122e+00  9.3099627290e-01 -2.1974849217e+00  8.0834059724e+00 -4.0514846828e-01 -2.3134390749e+00  5.3861726473e+00 -1.4594796383e-01 -1.8487326402e+00  7.3344319981e+00 -1.5293795119e+00 -1.9460627847e+00  3.0200793708e+00 -7.3653988117e-01 -1.2537985134e+00  6.3881820923e-01 -1.0219626141e+00 -8.0989594211e-01  1.4892681017e+00  1.2277419596e+00 -1.4689312792e+00  7.5334910232e+00  8.1050132589e-01 -2.4236080006e+00  4.0241147964e+00  1.4014730018e-01 -1.6585545863e+00  1.7733916258e+00 -1.5660499064e-01 -1.1164488714e+00  3.2308295933e+00 -1.9292390625e+00 -1.0293675943e+00  7.9070532762e+00 -2.7899736687e+00 -1.8964275220e+00  5.3713319101e+00 -2.2810597239e+00 -1.4503949921e+00  5.8071678342e+00  1.9333963564e+00 -2.3042372690e+00  9.1489632038e+00 -4.9363167290e-01 -2.5213571422e+00  7.5572857475e-02 -6.1935888925e-01  3.9486589770e-02  1.0143643574e+00 -2.0108473688e+00 -5.5400953033e-01 -3.5318251957e-02 -1.1092164877e+00 -1.6720127798e+00  1.6336468335e+00  1.4290708683e+00 -2.5398794431e+00  2.0954318937e+00  1.9319703884e+00 -8.8499139726e-01  4.4552356740e-01  1.4405932953e+00 -1.2333172997e+00  3.7789443988e+00  1.1067637364e+00 -1.8157047721e+00  8.6353388587e+00 -2.7845880121e+00 -1.2559156659e+00
ENERGY -6.262980579174e+02
GRADIENT -1.4253038452e-04 -6.0472327968e-04  9.2977430156e-05 -7.6018623351e-05 -4.1623623424e-05  2.2237636412e-05 -2.0112503840e-04 -3.8281481986e-04 -2.2784028496e-03  3.7342498238e-04  2.3609642923e-04 -1.7147078325e-04  2.1202233187e-04  8.9867927616e-04  3.9103745527e-03 -2.5740435525e-04  2.3638752477e-04  4.1388105261e-05  6.1515486710e-05 -8.3796424961e-06  1.5428980141e-05 -2.2816411387e-05  1.3718040489e-05  2.4580402089e-05  8.5420185553e-06 -8.3263826948e-05  4.3062232859e-05  3.1341733893e-04 -4.3714598071e-04  1.0925007274e-04 -1.1847392521e-04 -9.2436960230e-05 -7.1866233640e-05 -2.2427333817e-04  1.1893702473e-04  2.7915370645e-05  1.8610181496e-03  8.8022702241e-04 -3.8592771188e-03  1.9085120383e-05  8.5672785370e-06 -4.5552047537e-06  2.1062221767e-05  1.6201787760e-05 -4.0822572587e-06  4.4232737860e-05  2.4885937902e-05 -2.8828467554e-05  7.4554897090e-06 -1.5177070165e-05  1.2621262041e-05  1.4136746716e-05 -2.0784691741e-05 -7.1530758970e-06 -1.0659161138e-06  9.4385122655e-06  8.7651447674e-06 -3.1437123185e-06 -2.6339433491e-06 -1.9850673353e-06 -7.1591063361e-06  6.2141986264e-06  1.7360484730e-06  6.4842725994e-06  2.7282476607e-06  3.4007396444e-06  5.1119813287e-05 -6.9905676145e-05 -3.1331616693e-05 -1.8910106396e-03 -7.0865894746e-04  2.1516479712e-03

JOB 16
COORDS  5.9645302729e+00 -1.4054060040e+00 -1.7501272268e+00  6.2268918373e+00  9.4781961408e-01 -2.1906763716e+00  8.0850252540e+00 -3.8605015814e-01 -2.3198440640e+00  5.3854587876e+00 -1.3293686667e-01 -1.8587280053e+00  7.3359869741e+00 -1.5167253182e+00 -1.9770974229e+00  3.0265173011e+00 -7.3304572544e-01 -1.2542037624e+00  6.4878419967e-01 -1.0303728083e+00 -7.9661745182e-01  1.4822966181e+00  1.2188534952e+00 -1.4773365785e+00  7.5348435679e+00  8.3126889842e-01 -2.4162300509e+00  4.0221220534e+00  1.4852354237e-01 -1.6685753942e+00  1.7771375956e+00 -1.6015590589e-01 -1.1126703942e+00  3.2467889472e+00 -1.9233899738e+00 -1.0255919322e+00  7.9249164555e+00 -2.7744653271e+00 -1.9436794138e+00  5.3709395148e+00 -2.2737111381e+00 -1.4996891685e+00  5.8082184357e+00  1.9520158195e+00 -2.2822367617e+00  9.1508571600e+00 -4.7402718908e-01 -2.5234157941e+00  8.3183666301e-02 -6.2252165847e-01  4.8618369713e-02  1.0313107058e+00 -2.0138184701e+00 -5.3040955907e-01 -2.5130255890e-02 -1.1317269629e+00 -1.6573929846e+00  1.6234682250e+00  1.4112178915e+00 -2.5502868677e+00  2.0842838964e+00  1.9329271616e+00 -9.0101051640e-01  4.3750481603e-01  1.4262746070e+00 -1.2415837958e+00  3.7729768698e+00  1.1152797924e+00 -1.8188011138e+00  8.4757712071e+00 -2.8479704942e+00 -1.1488222693e+00
ENERGY -6.262969921004e+02
GRADIENT  2.4014301790e-04  3.3952857134e-04 -9.8938379512e-05  4.5268812908e-05 -3.7210841662e-05 -4.4219900182e-05 -4.9074475129e-04 -1.5043081012e-04 -1.1895893164e-03 -2.6167055068e-04  8.2186074789e-06  5.9029756425e-07  3.0717505382e-04 -1.7469279012e-04  2.1133234375e-03  4.9281350350e-06  5.4067409880e-05  9.9693126566e-06 -3.2295011622e-05  2.4228606389e-05  2.2433447611e-05  2.0673388008e-05 -9.9220104609e-06  2.1951977565e-05  5.2362684087e-05  6.0186856568e-05  3.6106854007e-05 -3.8848862775e-05  1.5304832499e-05  1.0501227872e-04 -1.6548476450e-06 -4.9615890110e-05 -8.6552013993e-05  2.4193271640e-05 -7.4409405392e-06  6.8970953724e-06  1.5189398855e-03  5.0684364133e-04 -1.6722723475e-03  3.2650620690e-05  3.3012945382e-05 -1.1375106654e-05 -1.3429171746e-05 -1.9645489579e-05  5.0159074110e-06 -2.6160158241e-05 -2.8227836931e-05 -1.4553293816e-05 -9.9031489186e-07 -6.9009260165e-06  1.2221824119e-05 -4.2469309060e-06  8.8317245616e-06 -1.1537502404e-05 -6.4661762252e-06  1.3106700025e-05  6.8839471985e-06 -1.9584559549e-06 -3.2910045999e-06 -2.2720416586e-06  1.0394724387e-05 -4.1861666833e-06 -6.6741264347e-06  2.3978617758e-06 -3.8803393179e-06  7.0887418914e-06 -2.7422099669e-05 -3.9937983262e-06 -3.2229786542e-05 -1.3079709523e-03 -5.7314762331e-04  8.3229697635e-04

JOB 17
COORDS  5.9759015511e+00 -1.4007835159e+00 -1.7604087919e+00  6.2324256476e+00  9.5363404161e-01 -2.2027922495e+00  8.0942921223e+00 -3.7475048819e-01 -2.3310320935e+00  5.3952335229e+00 -1.2872131569e-01 -1.8651265913e+00  7.3470065560e+00 -1.5071688631e+00 -1.9936417714e+00  3.0394968752e+00 -7.3404451528e-01 -1.2541258358e+00  6.6280382352e-01 -1.0374819309e+00 -7.9452182094e-01  1.4912753600e+00  1.2153676793e+00 -1.4699164798e+00  7.5398250285e+00  8.4060863434e-01 -2.4324905806e+00  4.0322511574e+00  1.5048597940e-01 -1.6684070207e+00  1.7888862511e+00 -1.6465760405e-01 -1.1113991629e+00  3.2632994601e+00 -1.9241036749e+00 -1.0261265545e+00  7.9581115223e+00 -2.7554546963e+00 -1.9519963405e+00  5.3821155425e+00 -2.2697819354e+00 -1.5120089276e+00  5.8108611192e+00  1.9568744264e+00 -2.2927119633e+00  9.1606411718e+00 -4.6263914129e-01 -2.5295652384e+00  1.0056337359e-01 -6.3466908584e-01  5.5395592470e-02  1.0474514880e+00 -2.0219181327e+00 -5.3512980203e-01 -1.4801371737e-02 -1.1348172137e+00 -1.6528064064e+00  1.6285524571e+00  1.4118881947e+00 -2.5426366141e+00  2.0944626954e+00  1.9278323565e+00 -8.9292631641e-01  4.4702949402e-01  1.4207046963e+00 -1.2299714405e+00  3.7795826074e+00  1.1156743415e+00 -1.8228240179e+00  8.3014657856e+00 -2.9121144990e+00 -1.0585196589e+00
ENERGY -6.262966459203e+02
GRADIENT -1.1905190655e-04 -2.6847632097e-04  1.0468405768e-04 -7.1391730752e-05  1.7341351052e-04 -7.3426286159e-07  2.6645295658e-05 -2.3658796217e-06  1.2700583348e-04  2.5602484812e-04 -7.1660320567e-05 -1.4098223519e-04 -3.7476450833e-05  1.1056564318e-04 -1.7061303781e-04 -4.2594704056e-06 -5.4185520593e-05  4.5159597663e-06 -2.5526888292e-05  1.0164660136e-05  1.8618892040e-05  4.2808840497e-05 -4.5125625193e-07  2.6107058876e-05 -3.7313469729e-05 -4.2044709463e-05 -2.1110110924e-05  5.1950374301e-05  4.1760072143e-05  1.6776134746e-04  4.9296344208e-05 -3.4155490874e-06 -1.1568432131e-04  2.0144544121e-05 -3.6837162383e-05  3.2982494460e-06 -2.6507272013e-04 -2.3085825869e-05  1.1517362791e-04 -6.2808008221e-06 -2.8783237825e-05 -7.9612029239e-07  4.7557549001e-06  2.3177467863e-05 -9.3451047580e-06  1.5928262797e-05  1.7628890873e-05  3.7928113179e-06  3.4479517516e-06 -5.3676091707e-06  1.2303382648e-05 -3.9076662343e-06  9.3932175663e-06 -1.0547356353e-05 -4.7734585900e-06  1.5828098363e-05  5.8687071369e-06 -5.9817246046e-06 -1.0748623242e-06 -5.6200311508e-06  1.8172350804e-05 -7.3821112968e-06 -1.0270651165e-05  3.5874432928e-06 -1.6792166436e-06  4.4336145186e-06 -3.9605690017e-06  2.4244736468e-05 -3.7701762301e-05  1.3860190076e-04  1.0343215073e-04 -5.9648711691e-05

JOB 18
COORDS  5.9814031133e+00 -1.3884094738e+00 -1.7786456760e+00  6.2343359078e+00  9.6745145635e-01 -2.2021977350e+00  8.1020030620e+00 -3.5334627869e-01 -2.3267361764e+00  5.3971994313e+00 -1.1753934000e-01 -1.8725297828e+00  7.3539027642e+00 -1.4907387745e+00 -2.0098781812e+00  3.0468702000e+00 -7.3080828041e-01 -1.2525208049e+00  6.7419787218e-01 -1.0460425383e+00 -7.8071415894e-01  1.4850401468e+00  1.2059577005e+00 -1.4798347173e+00  7.5429909569e+00  8.6006816070e-01 -2.4266033700e+00  4.0325789719e+00  1.5617010239e-01 -1.6775141727e+00  1.7934699029e+00 -1.6826984034e-01 -1.1080645963e+00  3.2788334404e+00 -1.9181651236e+00 -1.0171911415e+00  7.9848485924e+00 -2.7275029956e+00 -1.9634979656e+00  5.3851629565e+00 -2.2589862695e+00 -1.5408503124e+00  5.8114082829e+00  1.9706596301e+00 -2.2850813209e+00  9.1706225454e+00 -4.3810788201e-01 -2.5121754026e+00  1.0953504574e-01 -6.3764077453e-01  6.4856568132e-02  1.0663395879e+00 -2.0245432369e+00 -5.1034184958e-01 -3.2072518369e-03 -1.1583886411e+00 -1.6373456219e+00  1.6194318798e+00  1.3926380955e+00 -2.5546165940e+00  2.0837773947e+00  1.9286213806e+00 -9.1092087446e-01  4.3969090971e-01  1.4059340115e+00 -1.2402315528e+00  3.7758446969e+00  1.1204391041e+00 -1.8309412385e+00  8.1002262285e+00 -2.9901755626e+00 -1.0369345978e+00
ENERGY -6.262971636857e+02
GRADIENT  1.7727889530e-04  1.3660846251e-04  2.9045911698e-06  4.2065019314e-04 -6.4844674631e-04 -1.9061923778e-05  5.3384864750e-04  2.8365192409e-04  1.4322098734e-03 -5.3941610577e-04  1.8248586786e-05  1.0960484089e-05 -1.5289545566e-04 -2.1723149213e-05 -2.1679537709e-03  9.5101402802e-05  2.8772090668e-06 -3.7852607059e-05 -2.6950386920e-05  1.7485121596e-05  1.1362459820e-05  2.1445958356e-05 -9.6189008655e-06  2.6834092680e-05  6.3559809412e-05  1.3798052091e-04  9.8937980221e-06 -2.5690330480e-04  1.1889315420e-04  1.9194368331e-04  3.4178428170e-06 -1.4521442781e-05 -7.6874739397e-05  2.6794265683e-05 -4.9295008267e-05  1.3739623099e-05 -2.0992972111e-03 -9.3695386707e-04  6.4774739719e-04 -4.2417603665e-05  4.6705322583e-05 -9.1028100506e-06  4.9310922164e-05 -7.1573404756e-05 -2.5514946130e-06  1.6428511529e-05  9.9680803787e-06 -2.0656955946e-05  1.9386408416e-06 -5.0240747812e-06  1.2093579226e-05 -2.9177996939e-06  7.1082610734e-06 -9.3717390826e-06 -6.1270675494e-06  1.4796656177e-05  5.8605310726e-06 -6.3523999550e-06 -1.2869147566e-06 -6.1087956056e-06  1.5638339010e-05 -7.1411336646e-06 -9.7672970549e-06  1.7070212748e-06 -1.4575003524e-07  4.6005486415e-06 -4.1984409604e-05 -1.1041704865e-05 -2.8896557102e-05  1.8004311948e-03  9.6358931748e-04  3.3262836484e-05

JOB 19
COORDS  5.6762765330e+00 -1.2611621277e+00 -1.7868998529e+00  6.4460939532e+00  9.8169065161e-01 -1.3672883264e+00  7.7820673310e+00 -3.9916264560e-01 -2.6174270516e+00  5.4619215197e+00 -1.1468572657e-02 -1.1897669904e+00  6.8573438905e+00 -1.4422449572e+00 -2.5089508308e+00  3.2935975316e+00 -5.1103538366e-01 -3.5395591176e-02  1.1969461760e+00 -6.9777697799e-01  1.2024547445e+00  2.3192610221e+00  1.5267125445e+00  1.0331271799e+00  7.5689675308e+00  8.0018562883e-01 -2.0607740229e+00  4.3242537195e+00  3.3353206086e-01 -4.4036695450e-01  2.3081938566e+00  1.0731359245e-01  7.0689707900e-01  3.2660114711e+00 -1.7103037206e+00 -3.2042617752e-01  7.1325904757e+00 -2.6443652619e+00 -3.1406130271e+00  4.9447159269e+00 -2.0525349433e+00 -1.6903866414e+00  6.3089460071e+00  1.9669466809e+00 -9.1729023405e-01  8.7032786608e+00 -5.4551039207e-01 -3.1769517757e+00  1.1586186267e+00 -6.7112840745e-01  2.2983404856e+00  1.3403611600e+00 -1.7261004214e+00  8.7616224306e-01  2.4403097899e-01 -3.2630663047e-01  8.0645099455e-01  2.3275890510e+00  2.1567755467e+00  1.3417999341e-01  3.1682157884e+00  1.8019369677e+00  1.6743527264e+00  1.4091730405e+00  1.7655374325e+00  1.5850020578e+00  4.3120502628e+00  1.2913552105e+00 -1.2120144064e-01  7.1687841028e+00 -3.3503165375e+00 -2.4763487068e+00
ENERGY -6.262984111023e+02
GRADIENT  1.5514895963e-04  1.0945749507e-04 -2.1384128174e-05  7.0712654348e-05 -2.3760932216e-04 -1.2674531684e-04  1.2613469913e-03 -8.0283715103e-04  2.0050225193e-03 -2.5890787645e-04  1.4584660818e-05  1.0724407430e-04 -1.0061969490e-03  1.3108464195e-03 -2.9482405458e-03  2.6215859530e-05 -1.1547729584e-04 -4.7531564736e-05 -1.3804649262e-05 -1.2186161300e-05 -4.6059697355e-05  2.0069614585e-05  1.0201970338e-05 -1.3967953768e-05  2.1116414683e-05  3.1345290670e-05  1.0978484928e-06 -1.7480813874e-04  1.2167691344e-04  2.4209588568e-04  1.1388505933e-04  8.8810309523e-05  1.1638281248e-05  4.1358029158e-06 -1.0059510307e-04 -2.6613747141e-05 -3.4376639653e-03 -1.0351743502e-03  5.1024003065e-04 -3.9439450118e-06  3.2209491848e-05  1.4176087088e-05  1.7454402051e-06 -3.1874487244e-05 -1.3428194151e-05  3.3662329150e-06 -1.0046463983e-05 -7.8547197478e-06  1.0123301833e-05  3.2817174882e-06  1.5484866187e-06  1.4169075798e-06  1.2821759260e-08  4.9341749118e-06  6.4392402109e-06  4.4070343449e-06  2.4028692996e-06 -1.0421354737e-05  3.6347925280e-06 -5.4803149316e-06  1.5427503762e-05 -3.4290277078e-07 -2.7718198876e-05  1.6361075626e-05 -9.8712404047e-07  2.4377532252e-05 -4.4537103347e-05  3.3296218106e-05 -1.4186892413e-05  3.2721126371e-03  5.4211417076e-04  3.9720161818e-04

JOB 20
COORDS  5.6974977213e+00 -1.2662850638e+00 -1.7683151779e+00  6.4446426271e+00  9.9286419221e-01 -1.3820045059e+00  7.7935413700e+00 -3.9403957723e-01 -2.6136476695e+00  5.4736303493e+00 -1.0135422333e-02 -1.1891279774e+00  6.8787153281e+00 -1.4454788214e+00 -2.4912207343e+00  3.3049186702e+00 -5.1377510233e-01 -3.4919464170e-02  1.2053551901e+00 -7.0570782248e-01  1.1978656475e+00  2.3282787379e+00  1.5191346187e+00  1.0402115581e+00  7.5678731610e+00  8.1020282772e-01 -2.0748996250e+00  4.3350890948e+00  3.3104719913e-01 -4.3958304227e-01  2.3178682494e+00  1.0112036943e-01  7.0795471861e-01  3.2786785450e+00 -1.7132006736e+00 -3.2074663653e-01  7.1791922629e+00 -2.6474250003e+00 -3.1003410910e+00  4.9709644978e+00 -2.0607462146e+00 -1.6552112566e+00  6.2984205495e+00  1.9826782823e+00 -9.4532229023e-01  8.7175136332e+00 -5.4001549219e-01 -3.1685203563e+00  1.1652447589e+00 -6.8438115328e-01  2.2937971571e+00  1.3487701900e+00 -1.7325464852e+00  8.6697415339e-01  2.5326903355e-01 -3.3181066924e-01  8.0214151464e-01  2.3293954496e+00  2.1535265375e+00  1.4415737174e-01  3.1809492476e+00  1.7927623880e+00  1.6769693956e+00  1.4214534447e+00  1.7536150589e+00  1.5992366281e+00  4.3161475851e+00  1.2917308150e+00 -1.2957252864e-01  6.9911454112e+00 -3.3714174175e+00 -2.4825410831e+00
ENERGY -6.263000587628e+02
GRADIENT -2.9277935734e-04 -1.7765919914e-04  6.7134542233e-05 -5.6809032140e-05  3.6004333868e-04  1.8991358102e-04  1.1769178294e-03 -9.6152486917e-04  2.3347251271e-03  3.5887871511e-04 -4.1899843037e-05 -2.3049365497e-04 -1.0357577692e-03  1.4087913469e-03 -3.0981288729e-03 -4.0458147415e-05  1.9630461366e-04  6.2457574604e-05 -4.6653326133e-05  4.4529997748e-05 -3.6672337427e-06 -2.1966958572e-05 -1.9688816101e-05 -4.1005819056e-06 -6.4073227214e-05 -7.6687961315e-05 -8.1469751402e-06  3.3809712080e-04 -2.5924411662e-04 -1.9505179987e-04 -8.6240299390e-05 -1.7495469832e-04  7.2046624475e-05  5.0766557319e-06  1.2756355318e-04  3.9188698356e-05 -3.7058714285e-03 -6.3139101842e-04 -5.1808359332e-04  3.6564821974e-07 -5.1867657770e-05 -1.8038271249e-05  4.0308233453e-06  4.0659949551e-05  1.1177374284e-05  1.6138966865e-06  1.7409989618e-05  1.1103758910e-05 -3.5818512309e-06 -9.3196056876e-06  3.7674337855e-06  5.2655358900e-06  1.8228594924e-06  2.6144003074e-06 -5.3141832215e-06 -7.9562316682e-06  8.0639460267e-06 -2.3596933020e-05  2.2457394003e-06 -2.2008106106e-06  4.8768356057e-06 -3.0794963549e-06 -1.0305878352e-05  1.3229101972e-05 -1.5868788136e-05  1.8462525200e-05  1.7558954064e-05 -2.1303593081e-05 -6.3338274654e-05  3.5176295270e-03  1.9741118391e-04  1.3337861848e-03

JOB 21
COORDS  5.7231179475e+00 -1.2741251544e+00 -1.7395192706e+00  6.4397205507e+00  1.0009510328e+00 -1.4002431680e+00  7.8029288166e+00 -3.9092216907e-01 -2.6132809868e+00  5.4830606856e+00 -1.0385500800e-02 -1.1839712269e+00  6.9027361855e+00 -1.4533327394e+00 -2.4651250637e+00  3.3135429271e+00 -5.1837434368e-01 -3.3549393167e-02  1.2092234740e+00 -7.1105163704e-01  1.1905901622e+00  2.3389439670e+00  1.5115908937e+00  1.0488207864e+00  7.5625669815e+00  8.1816688866e-01 -2.0946478544e+00  4.3441154045e+00  3.2753678179e-01 -4.3348865364e-01  2.3254574784e+00  9.5429293048e-02  7.0869338091e-01  3.2871979560e+00 -1.7174097792e+00 -3.2238361383e-01  7.2243999281e+00 -2.6569250980e+00 -3.0486909181e+00  5.0059840029e+00 -2.0741735465e+00 -1.6037269595e+00  6.2827896611e+00  1.9971043141e+00 -9.8249845088e-01  8.7264917243e+00 -5.3463365626e-01 -3.1694445004e+00  1.1660205641e+00 -6.9613406862e-01  2.2865033518e+00  1.3506283792e+00 -1.7363536597e+00  8.5412244964e-01  2.5940913249e-01 -3.3195859009e-01  7.9436159143e-01  2.3362865512e+00  2.1514259694e+00  1.5652077212e-01  3.1951340276e+00  1.7802664658e+00  1.6827502098e+00  1.4351943299e+00  1.7438434828e+00  1.6137045178e+00  4.3177437258e+00  1.2908200802e+00 -1.3225263552e-01  6.8371280696e+00 -3.3764546375e+00 -2.5252781903e+00
ENERGY -6.263016841276e+02
GRADIENT  1.3449787117e-04  1.7297809646e-04 -7.3040553556e-05 -4.3361969757e-05  6.9607290376e-06  5.1720543607e-05  1.1782241620e-03 -7.3177696176e-04  1.9206095913e-03 -1.3338801747e-04  4.9975223537e-06  7.1935502313e-05 -9.6617025220e-04  8.9010819142e-04 -2.4582575839e-03  4.2397519023e-05 -1.8906856016e-05  4.0232833010e-05 -1.2669038338e-05  2.4348080218e-06 -2.8721116800e-05  1.4562756825e-06  8.3574085247e-07 -1.2751727440e-05 -3.7796053845e-05 -2.7161371724e-05 -2.1551632004e-05 -5.1813571401e-05  3.9862996971e-05  5.3527268434e-05  3.2284462861e-05  4.9771551858e-06  2.1298147406e-05 -1.4997102261e-05 -2.2206928437e-05 -1.8022945513e-05 -2.7678870397e-03 -2.2564094772e-04 -1.3200503275e-03  2.3553845626e-05  2.1803722609e-05 -5.6051885108e-06 -2.1923465375e-05 -9.0647702800e-06  1.4555675831e-05  1.1834240644e-06 -3.8046165720e-05 -7.4157091393e-06  6.1601202576e-06 -1.6473999288e-06  7.9205875631e-07  3.6462589692e-06 -2.8043544292e-06  3.2031102503e-06  2.1990067552e-06 -2.2397136397e-06  2.1531482532e-06 -7.4798359934e-06  7.3863135744e-07 -2.1877729953e-06  8.8063778142e-06 -2.8524599348e-06 -1.3784597425e-05  1.0483371361e-05 -4.8304874286e-06  1.2376883271e-05 -2.4133513674e-05  9.4948879977e-06 -1.8287153439e-05  2.6983275270e-03 -1.4553449712e-04  1.7753369482e-03

JOB 22
COORDS  5.7520641146e+00 -1.2900306593e+00 -1.7071320559e+00  6.4366490010e+00  1.0029205555e+00 -1.4221651560e+00  7.8107728072e+00 -3.9348874102e-01 -2.6178920024e+00  5.4963030807e+00 -1.7308268398e-02 -1.1798172245e+00  6.9291585382e+00 -1.4678028199e+00 -2.4370138850e+00  3.3247761430e+00 -5.2625672085e-01 -3.2967298467e-02  1.2143763033e+00 -7.1814764131e-01  1.1807755852e+00  2.3533111702e+00  1.5009080430e+00  1.0573112461e+00  7.5577119307e+00  8.2067361598e-01 -2.1200998923e+00  4.3580025224e+00  3.1852655380e-01 -4.2752536861e-01  2.3357218611e+00  8.6900187499e-02  7.0845041458e-01  3.2972395341e+00 -1.7248203316e+00 -3.2451261990e-01  7.2708648121e+00 -2.6745607630e+00 -2.9931381865e+00  5.0474766286e+00 -2.0968048963e+00 -1.5445920013e+00  6.2674065651e+00  2.0057382866e+00 -1.0260763515e+00  8.7309871040e+00 -5.3401773128e-01 -3.1804011472e+00  1.1671066258e+00 -7.1045364057e-01  2.2765888767e+00  1.3528376931e+00 -1.7417736387e+00  8.3805210088e-01  2.6764753465e-01 -3.3240886680e-01  7.8357217512e-01  2.3466645694e+00  2.1468431537e+00  1.6928254753e-01  3.2135340993e+00  1.7637077502e+00  1.6879988942e+00  1.4531609103e+00  1.7309586314e+00  1.6287860517e+00  4.3245793221e+00  1.2849287580e+00 -1.3724329852e-01  6.7177550520e+00 -3.3708510235e+00 -2.6038895979e+00
ENERGY -6.263028713658e+02
GRADIENT -3.3778693272e-06  9.0218460702e-06 -5.2594672341e-06  5.1466431857e-05 -5.4692508802e-05 -3.5571846520e-05  5.9935111952e-04 -3.1105438092e-04  1.2078521053e-03 -1.0453110644e-05 -3.9993609405e-06  1.7094161751e-05 -6.7202740335e-04  4.1914278524e-04 -1.4313436785e-03 -1.3172237472e-05  1.2577283390e-06 -1.6490858265e-05 -9.7194721290e-07 -2.0799889080e-06 -1.7790005492e-05 -2.5893510216e-06  3.3645476693e-07 -3.8486935074e-06  2.8345660897e-05  3.2429894327e-05 -7.0124989708e-06  1.0961140890e-05 -1.2068530696e-05  7.2540094159e-06  1.7562002101e-05 -8.0551990847e-06  3.4700443518e-05  7.9850686757e-06 -2.5370771102e-06  6.6047036684e-06 -1.2495496429e-03  1.4222709537e-04 -1.0941799623e-03  2.2396966886e-06 -6.5437574731e-06  1.5230163731e-06  1.1093078471e-05 -8.2198117801e-06 -7.9243590176e-06 -3.5468729240e-06  4.3732906660e-06  3.3886434683e-06  3.1885015338e-06 -2.1750322103e-06 -6.3372136357e-07  3.4339688097e-06 -4.4802556553e-06  3.5770944202e-07  2.9821259004e-06 -3.1699161697e-06 -8.1341988595e-07 -4.5970641168e-06 -9.5207551835e-07 -2.3250178176e-06  4.5878153378e-06 -1.8702853804e-06 -7.1442406016e-06  7.0933053688e-06 -3.4885682973e-06  5.2454907138e-06 -6.4894187164e-06 -1.5938969219e-06 -1.9929464968e-05  1.2712227315e-03 -2.6788891964e-04  1.3392073401e-03

JOB 23
COORDS  5.9877549942e+00 -1.2808288692e+00 -1.6110901135e+00  6.1701501879e+00  1.0451376615e+00 -2.2142677120e+00  8.0766237595e+00 -2.3220941352e-01 -2.2534347053e+00  5.3699313374e+00 -3.7721123004e-02 -1.8013943126e+00  7.3618946122e+00 -1.3665758319e+00 -1.8438939304e+00  3.0214188501e+00 -7.0584976363e-01 -1.2292064834e+00  6.4213664645e-01 -1.0769865868e+00 -8.3601655804e-01  1.4387014187e+00  1.2225017314e+00 -1.3735041400e+00  7.4818344155e+00  9.5051370181e-01 -2.4332660101e+00  4.0004395762e+00  2.0866301614e-01 -1.6048041893e+00  1.7573346757e+00 -1.6882165024e-01 -1.0838685971e+00  3.2665917137e+00 -1.8987970760e+00 -1.0322626634e+00  8.0600221170e+00 -2.5356405290e+00 -1.6877960130e+00  5.4011706612e+00 -2.1360849959e+00 -1.2971635895e+00  5.7202409656e+00  2.0269614647e+00 -2.3712755492e+00  9.1469249198e+00 -2.9954957865e-01 -2.4348742160e+00  5.9251969857e-02 -7.3280719361e-01  2.5686696089e-02  1.0396958381e+00 -2.0679882347e+00 -6.2587255011e-01 -1.9966149841e-02 -1.1356816613e+00 -1.7098183859e+00  1.5393785653e+00  1.4675430575e+00 -2.4407587066e+00  2.0561182495e+00  1.9119132413e+00 -7.8508115509e-01  4.0150016858e-01  1.4088905764e+00 -1.0906980814e+00  3.7205840869e+00  1.1599988897e+00 -1.7939734307e+00  7.4487199741e+00 -3.2343577116e+00 -1.4038261567e+00
ENERGY -6.263033157199e+02
GRADIENT -7.9170390327e-05 -1.6913553301e-04  9.5147815778e-05  1.8089432880e-04 -2.3312038443e-04  1.9796499422e-06  5.6091418935e-05  6.5486043629e-05 -1.8411466745e-05 -1.3757931020e-05  3.1682165536e-05 -6.8351102991e-05 -8.3694739922e-05  1.7543909908e-04 -1.0162456412e-05  1.1726928664e-05  6.4274129148e-05  1.1555864080e-05 -2.3018088469e-05  1.7496861321e-05 -5.2227145388e-06  6.2953159882e-06 -1.3378258833e-05  1.8961940797e-05  4.3203011609e-05  5.4954546293e-05 -2.1763419058e-05  4.4623053049e-05 -5.0208637393e-05  8.7305408923e-05 -3.6218485308e-05 -7.1191317206e-05 -4.6351227809e-05 -6.8103247716e-06  2.6240023792e-05 -1.1761001892e-05 -5.7422470663e-05  7.5334102943e-05 -4.2171544556e-05 -1.9955550740e-05 -1.5535197726e-05 -7.6448904603e-06  4.3210256972e-05 -1.6324687839e-05 -4.9540335438e-06  1.2237157276e-05  2.6993801617e-05 -1.0666817145e-05  8.9245464783e-07 -9.0660994947e-06  5.6235740964e-06  2.0067609360e-06  1.2241202413e-06 -7.9824221201e-06 -3.5630460228e-06  6.5080019136e-06  3.0797578978e-06 -8.8263573616e-06 -2.9473457664e-06 -4.5747072651e-06  1.0763080312e-05 -7.4285425556e-06 -7.9811643036e-06  5.7477017190e-06 -1.4025972552e-06  1.2248379469e-05  9.5770176803e-06 -1.5437551920e-05 -1.4723497443e-06 -6.3748401211e-06 -6.0372298354e-06  1.9981307710e-05

