JOB 0
COORDS  1.9256231749e+00 -8.9430673283e-01 -7.7374123065e-02  2.7772193600e+00 -1.7695497108e+00  2.0139602420e+00  8.6023931771e-01 -3.1717191889e-01  5.8682199160e-01  1.7220204773e+00 -1.1845441404e+00  2.6949670716e+00  4.8576200815e+00 -3.2393660915e+00  4.9775695687e-01  4.3898537760e+00 -1.8486253019e+00 -1.4160242898e+00  5.9185157715e+00 -3.7853250193e+00 -1.8329541378e-01  5.4592964207e+00 -2.4184487101e+00 -2.0634754503e+00  2.9138688002e+00 -1.6433950358e+00  6.1100951337e-01  4.0364635121e+00 -2.2396060403e+00 -9.4425184982e-02  7.5019479094e-01 -4.5474419616e-01  1.9842031005e+00  6.2050747322e+00 -3.3723924261e+00 -1.4461310955e+00 -3.0725222085e-01  1.3728913583e-01  2.5747873395e+00  1.9631098936e+00 -7.8991676922e-01 -1.1563258827e+00  3.5216410415e+00 -2.2998414962e+00  2.5978709875e+00  9.5942287815e-02  2.3922140565e-01  5.3887946029e-02  1.6514245454e+00 -1.2823608102e+00  3.7757630607e+00  4.6524377112e+00 -3.6208546909e+00  1.4895476236e+00  3.8449239969e+00 -1.0731136303e+00 -1.9383092198e+00  6.5563436683e+00 -4.5561099920e+00  2.3412029813e-01  5.7614262876e+00 -2.1373349596e+00 -3.0659045009e+00  6.9929948002e+00 -3.7845781706e+00 -1.9382003310e+00 -3.0218238769e-01 -1.5459816095e-02  3.5353632520e+00
ENERGY -5.550408017854e+02
GRADIENT  4.5979002053e-04  7.0859259966e-04  3.0280460123e-04 -1.2612734418e-04  1.0770282176e-04 -8.0764530379e-05 -9.3639383849e-05  7.0285267338e-05 -5.9857668056e-05 -1.9507527751e-05 -1.4565861819e-05  1.5327480450e-04  5.4023048458e-04  6.4598796765e-04  2.5852363638e-04 -1.8624443073e-04  2.4354006540e-04 -1.7612304661e-04  1.3023014528e-04 -1.4079941134e-04  5.2515228320e-05 -6.5358332045e-05 -6.1407464756e-05  2.3137850129e-04 -2.9486893494e-04 -8.5146637499e-04 -1.5834582540e-04 -3.9548281973e-04 -6.5793152378e-04 -5.0067806824e-04  9.7238470917e-05 -5.0406451801e-05 -5.9175133272e-05 -2.9628504265e-05  1.0110370409e-05  1.8895164446e-05  1.9524502805e-05 -1.7433389515e-05 -1.9487133564e-05  1.1749942144e-05 -7.6285591900e-06  1.1970085476e-05 -2.9669564612e-05  1.8221227858e-05 -1.5705470504e-05 -8.5845065971e-06  8.9156664028e-06 -5.0135975531e-06 -4.2418387519e-06  2.5104250178e-06  1.6589695294e-05  2.8911243093e-05 -2.1352975131e-05 -1.6975553345e-05 -2.9659303079e-05  2.3506977725e-05 -1.0262012679e-05  4.6262157079e-06 -5.4284345637e-06  9.4578387711e-06 -1.4309074378e-05  3.9651005995e-06  1.5113708378e-05  6.6619915780e-06 -1.7848074438e-05  2.5426951393e-05  6.4595241930e-06 -2.8792919575e-07  1.1806186604e-06

JOB 1
COORDS  1.8775814811e+00 -9.9108610986e-01 -8.5736797156e-02  2.8577997294e+00 -1.6450503121e+00  2.0353489836e+00  7.9106824779e-01 -4.4717386409e-01  5.7468287760e-01  1.7858214167e+00 -1.0807175651e+00  2.7097082707e+00  4.7725582284e+00 -3.3114000037e+00  4.5609401556e-01  4.4783495697e+00 -1.7370702659e+00 -1.3524657346e+00  5.8187834916e+00 -3.8761464189e+00 -2.3462956219e-01  5.5293674144e+00 -2.3298132560e+00 -2.0115411887e+00  2.9382615209e+00 -1.6039632635e+00  6.2508914060e-01  4.0585916040e+00 -2.2060496779e+00 -7.8912514689e-02  7.4036184089e-01 -4.8119381732e-01  1.9817093486e+00  6.1802817684e+00 -3.3817052216e+00 -1.4480823775e+00 -3.4006821174e-01  7.7549852163e-02  2.5663779920e+00  1.8804999610e+00 -9.7923664619e-01 -1.1714489094e+00  3.6650687840e+00 -2.0776325861e+00  2.6187315946e+00 -3.4863794750e-02  1.1841975824e-03  3.1895857919e-02  1.7575374564e+00 -1.0960023612e+00  3.7967703505e+00  4.4877737782e+00 -3.7529015560e+00  1.4034901028e+00  4.0021333659e+00 -8.8107933987e-01 -1.8152462297e+00  6.3807701323e+00 -4.7280041497e+00  1.3111958290e-01  5.8912170700e+00 -1.9932167523e+00 -2.9764413557e+00  6.9547739489e+00 -3.8106437997e+00 -1.9475425593e+00 -2.9076678035e-01  2.1193062591e-03  3.5346943088e+00
ENERGY -5.550406921208e+02
GRADIENT -7.3499137471e-04 -1.3851613389e-03 -3.1403564189e-05  7.2805884585e-06 -2.6750840211e-05  1.1036437347e-05 -1.0155942799e-04  5.8694957747e-05 -2.9937258471e-05 -1.3648410927e-05  8.2694900199e-06  8.1489478598e-05 -1.0237731185e-03 -1.0227369595e-03 -6.0282055599e-04 -2.8995275626e-05  1.4847935135e-05  1.9700068083e-05 -1.4196004457e-05  3.7076166788e-05 -3.0843305816e-05  3.6999849505e-05  8.6802681148e-06 -5.8437578993e-05  5.9781797554e-04  1.5717092652e-03 -2.7605789839e-04  1.1858374741e-03  7.6211907876e-04  1.0095008149e-03  9.0445186894e-05 -4.7125751740e-05 -5.6573850977e-05 -4.4869843216e-05  1.7662661997e-05  2.4563478270e-05  3.7644823819e-05 -2.2016922376e-05 -3.3756873593e-05  4.9167106868e-06  8.4783193834e-06 -4.2297696742e-06  4.5202693963e-06  8.1648179241e-06  3.7656372146e-06 -4.7308353209e-06  4.8026628830e-06 -1.3134200542e-05  7.2823314228e-06 -2.6364673081e-06  1.0916914095e-05 -6.3999452157e-06 -2.8520955586e-06  9.4361924105e-06 -8.8102706123e-06  7.7450788261e-06 -6.7664459712e-06 -6.1876266920e-06  3.3902229197e-06  5.0368728219e-06 -3.0922431132e-06  5.1791355372e-06 -1.8622839852e-06 -2.9731388111e-06  4.5088687879e-06 -6.8850519946e-06  8.7648404274e-06 -2.2772778695e-06  1.8267224223e-06

JOB 2
COORDS  1.8546207345e+00 -1.0761134923e+00 -8.5319683969e-02  2.9310828645e+00 -1.5137183016e+00  2.0465400982e+00  7.4321985178e-01 -5.7555521530e-01  5.7137624103e-01  1.8352988365e+00 -9.8388267737e-01  2.7133559248e+00  4.6964245650e+00 -3.3573075637e+00  4.1060148380e-01  4.5758587136e+00 -1.6435831000e+00 -1.2911008880e+00  5.7188409537e+00 -3.9531858111e+00 -2.9257281912e-01  5.5988996476e+00 -2.2703311259e+00 -1.9654048919e+00  2.9766320341e+00 -1.5446976515e+00  6.3668247203e-01  4.0970596286e+00 -2.1618383577e+00 -6.0848793205e-02  7.3054094549e-01 -5.1494702830e-01  1.9777012033e+00  6.1510703990e+00 -3.4035275127e+00 -1.4577438954e+00 -3.7730921774e-01 -9.0017770293e-04  2.5562380346e+00  1.8392796921e+00 -1.1390387761e+00 -1.1698454449e+00  3.7819310314e+00 -1.8603775875e+00  2.6269010715e+00 -1.3047597666e-01 -2.3515464336e-01  2.4883558864e-02  1.8319464155e+00 -9.3176128821e-01  3.7996747966e+00  4.3435086078e+00 -3.8321474416e+00  1.3188706153e+00  4.1653373895e+00 -7.2829738847e-01 -1.7023090838e+00  6.2008388767e+00 -4.8723665617e+00  2.0775182097e-02  6.0123807274e+00 -1.9021685368e+00 -2.8975258088e+00  6.9049263380e+00 -3.8568105983e+00 -1.9677768908e+00 -2.9636928838e-01 -3.3428481514e-03  3.5251629420e+00
ENERGY -5.550387662899e+02
GRADIENT -2.0641840598e-03 -4.3642510686e-03  3.8868009203e-04  1.7023252716e-05 -2.5172255721e-05 -2.1290566640e-05  4.1456562725e-05 -2.0071348796e-05  2.1161923306e-05  2.0718705821e-05 -6.4972277941e-06  9.0707214089e-07 -3.1687365219e-03 -2.6341486472e-03 -2.5999761367e-03 -5.7551989612e-05  8.0756308342e-05 -1.6388894354e-05  4.6164399657e-06 -8.1903556376e-06 -6.2189076068e-06 -1.7146408836e-06  1.0210292747e-07 -8.4749934052e-06  1.4904736751e-03  5.1967942303e-03 -2.0032414815e-03  3.8105878791e-03  1.7406987286e-03  4.1926439706e-03 -5.2093074150e-05  1.8432617812e-05  1.7519187788e-05 -2.2888492299e-05  1.5735979650e-05  1.8580372094e-05 -6.7924917521e-06  1.0335876873e-05  2.0054428155e-05  8.1731159865e-06  2.5012163557e-06  5.1314502027e-06 -9.5353176465e-07  3.8510084080e-06 -9.5436860638e-06  9.3282695406e-07 -5.7800402311e-07  1.0291896719e-05 -7.8398841176e-06  3.2183450295e-06  8.4600743597e-07  3.7703226021e-06 -4.9301720695e-06  2.8866770228e-06 -4.9164831288e-07  4.3610513140e-06 -4.4545661037e-06 -2.8529534615e-06  1.4291680211e-06  3.9054282273e-06 -3.9417753069e-06  5.3254016840e-06  1.9347903066e-07 -1.5478768639e-06  2.1166090179e-06 -9.3991197509e-08 -5.3337913191e-06 -1.5366429317e-06  2.1682065718e-06

JOB 3
COORDS  1.8279627975e+00 -1.1747380725e+00 -7.7849779103e-02  2.9941483960e+00 -1.3750501411e+00  2.0416035912e+00  7.0065166854e-01 -7.0771184753e-01  5.8050465541e-01  1.8810557556e+00 -8.7411814873e-01  2.7060416350e+00  4.6141083574e+00 -3.3940432797e+00  3.4023880782e-01  4.6785708263e+00 -1.5529912309e+00 -1.2252052914e+00  5.6193235990e+00 -4.0095276884e+00 -3.7445382628e-01  5.6808117598e+00 -2.2003688570e+00 -1.9150573782e+00  3.0020312865e+00 -1.4941823092e+00  6.3819247331e-01  4.1285456918e+00 -2.1241113503e+00 -5.2537306405e-02  7.2525329248e-01 -5.4057277907e-01  1.9768880328e+00  6.1313432413e+00 -3.4041044109e+00 -1.4770423032e+00 -4.0200777104e-01 -6.4047541168e-02  2.5552385198e+00  1.7920881741e+00 -1.3164986746e+00 -1.1548248616e+00  3.8814628062e+00 -1.6331065914e+00  2.6141095881e+00 -2.1167165197e-01 -4.7521513324e-01  4.0522570166e-02  1.9040465436e+00 -7.4687734328e-01  3.7859558406e+00  4.1923645650e+00 -3.9021284169e+00  1.2003590766e+00  4.3353067030e+00 -5.8698100400e-01 -1.5790207914e+00  6.0217509757e+00 -4.9841288023e+00 -1.2196053975e-01  6.1516075771e+00 -1.7977556704e+00 -2.8048555494e+00  6.8698764740e+00 -3.8720404605e+00 -1.9969743164e+00 -2.8950430691e-01  1.6288501985e-02  3.5174180080e+00
ENERGY -5.550350573018e+02
GRADIENT -2.7095802497e-03 -6.4772395918e-03  1.4941779457e-03 -3.1226349677e-05  3.1788895766e-05 -3.2949155234e-05  1.5243196608e-05 -8.2412229251e-06  8.5814621324e-06 -6.9697167913e-06  1.0479335836e-05  8.8483023620e-05 -4.5994117126e-03 -3.1891930102e-03 -4.6966069174e-03  2.7125722110e-05 -6.4116664877e-05  1.6133312098e-05  1.9052301003e-05 -4.3356560735e-05  2.9711746423e-05  1.9204379434e-05  3.2616817306e-05 -3.7174558160e-05  1.6454840953e-03  7.9734186588e-03 -4.6039586194e-03  5.6043747656e-03  1.7489925791e-03  7.7472329422e-03  3.6036534162e-05 -9.3809985888e-06 -1.0720555901e-05 -3.2630262340e-05  1.6040155624e-05  2.0137905693e-05  2.0951064067e-05 -7.0813995422e-06 -8.4952550145e-06  2.2293498457e-06 -1.4973402187e-05 -3.6014278504e-06 -1.2470685051e-05 -3.7898962900e-06  8.6119731283e-06  3.2014407236e-06 -3.3394658820e-06 -3.1195098748e-06  1.4830133143e-07  2.0976537604e-06  9.9804485992e-06 -3.7348381665e-06  2.7816502593e-06 -5.1709472282e-06  5.9011792602e-07 -7.8214468706e-06  1.4382790720e-06 -2.6815053295e-07 -4.8618404310e-06  2.2516031918e-06  3.2364749185e-06 -1.1696721895e-06 -5.1688975523e-07 -1.8581591271e-06  5.0786800488e-07  4.7805163307e-06  1.9871099312e-06  2.9898922160e-07  3.8758702784e-06

JOB 4
COORDS  1.7709801132e+00 -1.3315208878e+00 -5.0084608053e-02  3.0403923062e+00 -1.2440265033e+00  2.0148506775e+00  6.4614307198e-01 -8.6159373037e-01  6.1557652256e-01  1.9248641022e+00 -7.4446353944e-01  2.6823453112e+00  4.5064292201e+00 -3.4665083547e+00  2.3817547673e-01  4.7832877737e+00 -1.4909880275e+00 -1.1251653056e+00  5.5179488436e+00 -4.0770739733e+00 -4.7644471833e-01  5.7888185317e+00 -2.1342597798e+00 -1.8194715599e+00  2.9898443984e+00 -1.5032021153e+00  6.3505405681e-01  4.1287187804e+00 -2.1379621296e+00 -5.4327850870e-02  7.2081197342e-01 -5.5301565125e-01  1.9843713153e+00  6.1334207796e+00 -3.4008841995e+00 -1.4786960819e+00 -4.0976370665e-01 -8.4562807398e-02  2.5698447046e+00  1.7001875497e+00 -1.5762522431e+00 -1.1067993500e+00  3.9644139786e+00 -1.3994930861e+00  2.5658357919e+00 -2.9965086842e-01 -7.3294494368e-01  9.8825318196e-02  1.9878640317e+00 -5.1150309675e-01  3.7429195262e+00  4.0025925010e+00 -4.0198841745e+00  1.0231498598e+00  4.5134274166e+00 -4.7726310643e-01 -1.4007299103e+00  5.8469577853e+00 -5.0950920968e+00 -3.0012585240e-01  6.3384537104e+00 -1.6817129752e+00 -2.6372602722e+00  6.8744913949e+00 -3.8645561302e+00 -1.9999377288e+00 -2.5717914886e-01  1.0090194633e-01  3.5114304760e+00
ENERGY -5.550305595800e+02
GRADIENT -2.1117016632e-03 -6.2577580046e-03  2.2321425927e-03 -2.4961014198e-05 -9.9886047730e-06 -1.7936976338e-05 -1.4400997198e-05  1.0290177032e-05  4.6966614859e-06 -5.2512941807e-06  5.2480674912e-06  1.9802642660e-05 -4.3528386775e-03 -2.3359489661e-03 -5.0093000634e-03 -1.5864525993e-06 -1.0166498252e-05  1.1220065633e-05 -6.8754840716e-06  2.2528048981e-08 -3.8820346556e-06  4.6394949232e-06 -6.6660930633e-06 -1.5401307903e-05  9.9749262292e-04  8.0426737888e-03 -5.7302186110e-03  5.5030478587e-03  5.4761599078e-04  8.5204584604e-03  1.8642758459e-05 -1.2428750140e-05 -2.0948092791e-05 -2.8496455032e-06  6.4911344799e-06  6.1145402079e-06 -8.0530698370e-06 -4.1775521039e-06  3.6464133914e-06 -2.7923591606e-06  8.8221176870e-06 -9.2202436214e-07 -2.2253255424e-06 -9.8206054981e-07 -3.8935009086e-06  2.4315792413e-07  6.0560437482e-07 -2.9847858723e-06 -5.5968094225e-07  7.2434754184e-07  7.7138288189e-07  4.4772698166e-07 -2.3835192217e-06 -1.4246403724e-07 -2.0911954372e-06 -2.2966375047e-06 -8.9044275167e-07  2.8163599871e-07 -1.3353571336e-07 -2.8641208891e-07  1.1013637983e-06  1.1009531584e-06  9.9966008293e-07 -6.2766134469e-07 -6.5525853879e-07 -1.6612614923e-06  1.8030349626e-06  8.9449436628e-07 -2.3527644997e-06

JOB 5
COORDS  1.6381084676e+00 -1.6028339839e+00  2.8322479100e-02  3.0791812502e+00 -1.1099736077e+00  1.9155323304e+00  5.5638534455e-01 -1.0468698854e+00  7.0337648029e-01  1.9967106222e+00 -5.5096663028e-01  2.5962853298e+00  4.3628834341e+00 -3.6046515293e+00  2.8540552941e-02  4.8728628715e+00 -1.4501229158e+00 -9.3561137897e-01  5.4343970077e+00 -4.1456420672e+00 -6.5857664123e-01  5.9363303142e+00 -2.0248928165e+00 -1.6077061060e+00  2.9082276252e+00 -1.6384830032e+00  6.2896392277e-01  4.0578309597e+00 -2.2348901683e+00 -9.6273944208e-02  7.3107595402e-01 -5.1766680228e-01  1.9921287538e+00  6.1876299996e+00 -3.3472576987e+00 -1.4529384073e+00 -3.6766436895e-01  9.8257849948e-03  2.5942683981e+00  1.4917572445e+00 -2.0097175072e+00 -9.6891273101e-01  4.0552077076e+00 -1.1307070641e+00  2.3932828724e+00 -4.2955449782e-01 -1.0130974600e+00  2.5063849468e-01  2.1406982128e+00 -1.4317999769e-01  3.5943632278e+00  3.7596003812e+00 -4.2447652538e+00  6.6309424115e-01  4.6724765170e+00 -3.9162564639e-01 -1.0613406168e+00  5.7191737902e+00 -5.1905316876e+00 -6.0413486384e-01  6.5991814249e+00 -1.4753627325e+00 -2.2668607725e+00  6.9733450929e+00 -3.7575898261e+00 -1.9541418675e+00 -1.4341289907e-01  3.4865182252e-01  3.4766436660e+00
ENERGY -5.550279562206e+02
GRADIENT -7.5353257980e-05 -1.2603496888e-04 -1.1100658940e-04  6.3463286047e-05 -2.6189063978e-06  3.2099605169e-05  1.1763280500e-04 -4.2924107489e-06  4.4644735994e-05 -1.9042939244e-05 -1.8112813617e-05 -3.2225643952e-05  1.0589513135e-04  1.2965351197e-04 -2.2875258911e-04  2.6032757208e-06  8.0053882777e-05 -2.2559390898e-05  2.5465460512e-05 -1.5854517023e-04  1.8026537618e-05 -1.3848894620e-04 -1.0141454909e-04  1.3636069749e-04 -7.3352559590e-05  1.5002812392e-04 -1.6281855696e-05 -7.6125659565e-05  8.4876469674e-05  2.1306740496e-04 -2.2930280863e-05  2.5692936605e-05  1.5425824657e-05  6.6440765148e-05 -1.8024556740e-05 -4.6139927005e-05 -4.5826722330e-06 -1.1934532297e-05  1.6061501118e-05 -4.8811734005e-06 -3.0430945874e-06 -1.9051822913e-05  7.0430938462e-06  3.7450501615e-06  1.5291542305e-05  1.5143304570e-05  2.9795103419e-06 -1.0492834322e-06  3.8890679136e-06 -1.6090649415e-06 -6.3301832106e-06  5.6204968368e-06  1.0720615411e-05 -1.8377737433e-05 -1.5907713214e-05  8.4702444829e-07  9.2880165964e-06  1.5249965078e-05 -6.5126696955e-06 -8.1880402259e-06 -1.5633042100e-07 -1.0708883963e-05  9.0299123797e-06 -7.1587359263e-06 -2.6488952509e-05  7.0830666735e-06 -1.3883408941e-07  1.0721649765e-05 -9.4206935085e-07

JOB 6
COORDS  1.5491760552e+00 -1.8566398728e+00  1.4285540581e-01  3.1022840808e+00 -9.7655710553e-01  1.7850955128e+00  4.9450231194e-01 -1.2344550249e+00  7.9860260641e-01  2.0460628282e+00 -3.7474360889e-01  2.4646899479e+00  4.2289394536e+00 -3.7007425476e+00 -1.9026314026e-01  4.9507705955e+00 -1.4558402922e+00 -7.1597114690e-01  5.3349676128e+00 -4.1915573108e+00 -8.5574776917e-01  6.0464132539e+00 -1.9825815858e+00 -1.3711895145e+00  2.8619644159e+00 -1.7596425013e+00  6.4323657259e-01  3.9941491328e+00 -2.3102156514e+00 -1.2565603675e-01  7.3653314475e-01 -4.9970538129e-01  1.9714629949e+00  6.2096315124e+00 -3.3276654124e+00 -1.4291941718e+00 -3.3881118353e-01  7.0013270995e-02  2.5711320600e+00  1.3534983442e+00 -2.4154219500e+00 -7.6874483667e-01  4.1134288565e+00 -8.6501978102e-01  2.1681622822e+00 -5.2007960069e-01 -1.2979139519e+00  4.1829841090e-01  2.2401784299e+00  1.9543433728e-01  3.3704364397e+00  3.5439262990e+00 -4.3952604885e+00  2.8392208224e-01  4.8232213381e+00 -3.7959483904e-01 -6.7616089131e-01  5.5687384107e+00 -5.2473940793e+00 -9.3454034060e-01  6.8023626066e+00 -1.3772353088e+00 -1.8588802177e+00  7.0224357689e+00 -3.7024186629e+00 -1.9137728063e+00 -7.0364369351e-02  5.5254971090e-01  3.3707141783e+00
ENERGY -5.550304533780e+02
GRADIENT  7.4818103065e-04  5.9917600602e-03 -3.2701657507e-03 -1.5735007191e-04 -1.1306451919e-05 -5.3528902958e-05 -1.8782011693e-05  2.4556928108e-05  3.3564610728e-05  1.7718136653e-05  1.4969555397e-04  2.1816761593e-04  4.0290583514e-03  3.9345504877e-04  5.6396643222e-03  3.1324338812e-05 -1.5390490752e-04 -4.0573270480e-07 -1.0384850731e-05  6.0850133186e-05  1.2218299544e-05  7.5205342839e-05  5.5005504881e-05 -3.7633955780e-05  8.6546573915e-04 -8.7710530053e-03  7.5764441880e-03 -5.7538932621e-03  2.3558954683e-03 -9.9786166255e-03  1.1716259711e-04 -8.3238627837e-05 -9.7388478198e-05 -4.7722687232e-06 -3.8993675649e-06 -1.1536569038e-05  6.1408156756e-05 -2.7393171985e-05 -2.3900197443e-05 -2.3244931708e-06 -4.0795475496e-06 -7.4052662019e-06 -1.6006105416e-05  1.2539822321e-05  2.8180454933e-07  2.6963218236e-06 -1.0380835534e-05 -1.6775348745e-05  9.0061002043e-06  1.6159442888e-05  2.5247826628e-05 -6.4265264047e-06  1.1465457427e-05  1.7789404983e-06 -4.6809357706e-06 -9.0967281982e-06  2.1319465160e-06  6.1906203291e-06  4.5953384131e-06 -5.4987231619e-07  7.4450344246e-06  4.4409819762e-07 -6.3288867208e-06  3.6647135801e-06  1.4353511678e-05 -4.2389616673e-06  8.7986335227e-06  6.6302911003e-07  8.0271712444e-06

JOB 7
COORDS  1.5575183401e+00 -1.9804552732e+00  2.4247315598e-01  3.1167657503e+00 -8.4093165986e-01  1.7129180085e+00  4.9223419582e-01 -1.3736252368e+00  8.9012492746e-01  2.0537893521e+00 -2.5646417781e-01  2.3912295439e+00  4.1492661623e+00 -3.6784176125e+00 -3.2211613602e-01  5.0480263059e+00 -1.4483436057e+00 -5.7873718306e-01  5.2433791870e+00 -4.1770781126e+00 -9.9579380075e-01  6.1283101416e+00 -1.9850886412e+00 -1.2461655796e+00  2.8859757376e+00 -1.7461309668e+00  6.5869250453e-01  4.0049632352e+00 -2.2855278828e+00 -1.1627014072e-01  7.3417430652e-01 -5.1724895883e-01  1.9792406374e+00  6.2025149549e+00 -3.3261672700e+00 -1.4439588557e+00 -3.4892687285e-01  2.8910183076e-02  2.5801019382e+00  1.3616661488e+00 -2.6285098383e+00 -6.0793846641e-01  4.1324291366e+00 -6.3090793385e-01  2.0381201354e+00 -5.3134246637e-01 -1.5375764901e+00  5.6868748211e-01  2.2446651259e+00  4.0399827032e-01  3.2340558267e+00  3.4037287164e+00 -4.3694184631e+00  5.5971601634e-02  4.9948193313e+00 -3.7427097446e-01 -4.3984541352e-01  5.4061612554e+00 -5.2339620483e+00 -1.1746314010e+00  6.9426432435e+00 -1.3885190240e+00 -1.6417990697e+00  7.0066849637e+00 -3.7070971432e+00 -1.9368819500e+00 -8.2205472033e-02  6.0418017727e-01  3.3168467220e+00
ENERGY -5.550349328579e+02
GRADIENT  1.8239073812e-04  6.0916041005e-03 -4.0194857652e-03 -1.0339659752e-04 -2.4888427820e-05 -4.3375337699e-05 -3.0993853109e-05  7.7257935079e-06  9.4356479630e-06  3.1038576785e-05  8.5664922398e-05  1.1823639688e-04  4.1037962821e-03 -3.8113838035e-04  6.0958132281e-03 -1.9347839457e-05  3.0553661690e-04  3.7053200772e-05  4.1149401169e-05 -1.8657622288e-04 -5.3012284003e-05 -2.0831072653e-04 -1.4660151766e-04  8.3341883632e-05  1.7925920083e-03 -9.2761864489e-03  8.9776447096e-03 -5.8643645477e-03  3.6204246236e-03 -1.1164941841e-02  5.7647367704e-05 -4.2190494365e-05 -5.0646331938e-05  1.5917981146e-05  3.2280894153e-06  2.4237986012e-06  3.8861661163e-05 -1.5865547288e-05 -1.5507310060e-05  4.1008483835e-06 -1.7618304684e-07  1.5260292594e-06 -1.3970909988e-05 -1.7932340328e-06  8.4456564381e-06  3.6650253991e-08 -8.0565454034e-06 -7.7183364468e-06  1.8880887812e-06  1.0252434359e-05  1.3167823787e-05  1.5693844325e-05 -7.9340588604e-06 -8.6876084107e-06 -6.2773468284e-06  2.3163837825e-05  6.7411260443e-06  1.1641424419e-06 -9.1693421849e-06 -3.0967842275e-06 -1.4518289562e-05 -1.6232845247e-06  9.5628569350e-06 -1.0957034134e-05 -3.0133730391e-05  8.0052063873e-07  4.9749772841e-06  1.0610633746e-06  2.6458977230e-06

JOB 8
COORDS  1.5785115590e+00 -2.0720012590e+00  3.1995623659e-01  3.1114664342e+00 -7.2494539614e-01  1.6359495207e+00  5.0051111149e-01 -1.4933539673e+00  9.6797127750e-01  2.0383987577e+00 -1.6342827825e-01  2.3138401699e+00  4.0853831952e+00 -3.6393914649e+00 -4.3340849920e-01  5.1384179398e+00 -1.4631011246e+00 -4.7177245055e-01  5.1683127096e+00 -4.1531373726e+00 -1.1096702252e+00  6.2040993690e+00 -2.0153452569e+00 -1.1459003444e+00  2.9060913535e+00 -1.7125948189e+00  6.4957958975e-01  4.0248350116e+00 -2.2607704480e+00 -1.0573311009e-01  7.2385707484e-01 -5.4090697551e-01  1.9800839656e+00  6.2004706171e+00 -3.3385637915e+00 -1.4540560079e+00 -3.6877596345e-01 -2.5709895208e-02  2.5859248431e+00  1.3908188378e+00 -2.7881866274e+00 -4.7544452617e-01  4.1201063982e+00 -4.3250963915e-01  1.9147785813e+00 -5.2106368999e-01 -1.7499521698e+00  7.0650254050e-01  2.2146357599e+00  5.6605125988e-01  3.1009923545e+00  3.2880056812e+00 -4.3123210692e+00 -1.3880375682e-01  5.1518571305e+00 -4.0036830131e-01 -2.5883569512e-01  5.2648230742e+00 -5.2001868977e+00 -1.3737551074e+00  7.0675764456e+00 -1.4432035296e+00 -1.4660095978e+00  6.9951832910e+00 -3.7319987205e+00 -1.9515900014e+00 -1.1644366844e-01  6.2395852748e-01  3.2638783692e+00
ENERGY -5.550387212216e+02
GRADIENT -2.5711988613e-04  3.7823203815e-03 -3.2305311695e-03  2.9490776991e-04  1.2202615648e-04  3.4601460546e-05  1.3684830438e-04 -7.4479724600e-06 -1.8210179596e-05 -1.1153578733e-05 -2.5493941252e-04 -2.6263747458e-04  2.4086972073e-03 -9.1401265845e-04  4.2775903899e-03  8.8847584416e-06  9.7969983318e-05  5.0902467710e-05 -1.9995193673e-05 -1.5645969615e-05  1.4283116059e-05 -6.6364425427e-05 -3.1714720281e-05  2.1191782195e-05  1.4896939029e-03 -6.1640892999e-03  7.0468204919e-03 -3.7414693454e-03  3.2670120270e-03 -8.0667046306e-03 -2.1968763694e-04  1.3194912199e-04  1.4388131268e-04  4.0113365477e-05 -8.6842268111e-06 -2.9721644602e-05 -7.0041049609e-05  2.5130536286e-05  5.1556322099e-05  4.5170206269e-06 -7.6220462963e-06  3.6936467238e-06  2.8085383496e-05 -1.8004765481e-05  4.4712526541e-06  6.4698588924e-06  2.3383838505e-05  2.0384859166e-05 -1.0677686574e-05 -2.1990786308e-05 -3.2547343456e-05 -1.5451081641e-06 -1.1768298592e-06 -3.1836024787e-06 -4.4800455027e-06 -2.1507438169e-06 -9.0022425250e-06  7.9407906961e-07 -2.6948602857e-06  3.8363636075e-07  6.9699670778e-08 -4.1143134584e-06  6.3129680804e-06 -5.1234345922e-06 -6.6024051936e-06  2.1647728717e-06 -1.4034363896e-05  1.3003645392e-06 -6.2614644993e-06

JOB 9
COORDS  1.5918731460e+00 -2.1437143683e+00  4.0202444011e-01  3.0942626148e+00 -6.2701394256e-01  1.5549809100e+00  5.1116693177e-01 -1.5877357597e+00  1.0618379320e+00  2.0213246025e+00 -7.8949123154e-02  2.2411932961e+00  4.0310400882e+00 -3.5970921830e+00 -5.3840923890e-01  5.2077226004e+00 -1.4945123304e+00 -3.7012740742e-01  5.1088925249e+00 -4.1224594525e+00 -1.2111391053e+00  6.2652902751e+00 -2.0568599546e+00 -1.0453828557e+00  2.9105720857e+00 -1.6802940242e+00  6.3098159529e-01  4.0358986845e+00 -2.2480224629e+00 -9.3185434399e-02  7.1879635940e-01 -5.5342495379e-01  1.9948520097e+00  6.2017780230e+00 -3.3515447415e+00 -1.4542695838e+00 -3.7498387642e-01 -6.2364520178e-02  2.6144477639e+00  1.4042100693e+00 -2.9193326321e+00 -3.3437995587e-01  4.0918575276e+00 -2.6298452218e-01  1.7814527907e+00 -5.0271320220e-01 -1.9245656040e+00  8.7111349230e-01  2.1878321141e+00  7.0965224963e-01  2.9713480165e+00  3.1908444818e+00 -4.2486842752e+00 -3.3063321338e-01  5.2787032334e+00 -4.5101569440e-01 -8.7908756527e-02  5.1504482603e+00 -5.1491931530e+00 -1.5566196071e+00  7.1698381122e+00 -1.5123055684e+00 -1.2913891731e+00  6.9912928452e+00 -3.7535469456e+00 -1.9526128582e+00 -1.3566708132e-01  6.4878624759e-01  3.2331181886e+00
ENERGY -5.550406885463e+02
GRADIENT -2.0421872229e-04  1.0416261985e-03 -1.1636688592e-03 -7.0326323040e-05 -1.9579057316e-05  4.5954833014e-06  3.5966587402e-05  2.3675998669e-05  1.7810715856e-05  1.1020569564e-05  6.8323088390e-05  6.0398595210e-05  7.0166511121e-04 -4.3521972996e-04  1.3624619038e-03  1.0124708435e-05 -5.4585977353e-05 -2.5055333515e-05 -3.0889135913e-06 -1.6418705524e-07  1.3423282738e-06  8.0299798492e-06  1.2945238350e-05  1.6889927399e-07  6.1363140963e-04 -1.8528589939e-03  2.3835376601e-03 -1.1570076680e-03  1.2510796687e-03 -2.5970407399e-03  2.4004124122e-05 -2.1687171033e-05 -2.1999876590e-05  3.4146709145e-06 -5.6338739003e-06 -3.2395055577e-06  2.0145379814e-05  3.8115925689e-07 -4.8103231570e-06 -8.0110190171e-07 -4.3197802883e-06 -8.0832348975e-06 -1.0011498715e-05  6.6953694984e-06  6.0484500930e-06  5.3924986998e-06 -4.2128558468e-06 -3.6375271238e-06  1.1651567655e-06  7.6078239713e-06  8.0392618102e-06 -1.3868404790e-06  6.2234558402e-06  2.3695221607e-06 -2.3692494256e-06 -5.6855525610e-06 -1.8165409838e-06  1.0892624197e-06  3.9522131256e-07 -1.2711204647e-06  1.4678987018e-06 -1.9528422832e-06 -2.0448510530e-06 -9.7436643394e-07  1.3485332186e-06 -4.5173805514e-07  1.9891974322e-06  3.0541512391e-06  4.4886213994e-06

JOB 10
COORDS  1.6062403703e+00 -2.2202812953e+00  5.0118446805e-01  3.0674558520e+00 -5.4246378250e-01  1.4595364878e+00  5.2700180207e-01 -1.6781026334e+00  1.1724262940e+00  1.9968355186e+00  2.6967389097e-03  2.1494311415e+00  3.9867740511e+00 -3.5487176845e+00 -6.6146501629e-01  5.2648378488e+00 -1.5454280639e+00 -2.5820341328e-01  5.0651268353e+00 -4.0771807295e+00 -1.3290121020e+00  6.3211464897e+00 -2.1077569340e+00 -9.3305729560e-01  2.9074260596e+00 -1.6676012534e+00  6.1617270395e-01  4.0395200067e+00 -2.2480688770e+00 -8.7156494379e-02  7.1391182285e-01 -5.5979673171e-01  2.0080082602e+00  6.2109901637e+00 -3.3574637873e+00 -1.4561416109e+00 -3.7606902794e-01 -8.1712268485e-02  2.6410872114e+00  1.4197598719e+00 -3.0644977950e+00 -1.5368899253e-01  4.0457675656e+00 -1.0068896317e-01  1.6152321300e+00 -4.7073586689e-01 -2.0917520868e+00  1.0667468689e+00  2.1508236178e+00  8.5683313237e-01  2.8047114916e+00  3.1071357502e+00 -4.1713305731e+00 -5.6334177310e-01  5.3910597239e+00 -5.3696299287e-01  1.1380422353e-01  5.0612445177e+00 -5.0685169866e+00 -1.7676846159e+00  7.2639098652e+00 -1.5957538232e+00 -1.0886954269e+00  7.0002314121e+00 -3.7608870063e+00 -1.9533253686e+00 -1.5201219995e-01  6.9041265981e-01  3.1885234691e+00
ENERGY -5.550408043409e+02
GRADIENT  1.4345761795e-04 -4.3551390469e-04  7.2890541820e-04  1.5695814781e-04  3.9279950082e-05 -1.4660636041e-05 -1.8837463094e-04 -8.1097384640e-05 -2.5623622833e-05 -3.3355958612e-05 -3.4130468250e-05 -2.2668679982e-05 -1.0230231398e-04  4.0007395410e-04 -7.6224534345e-04 -2.2150417095e-05 -2.6351365954e-04 -8.3037400809e-05 -1.8930629823e-05 -4.7623448757e-05 -4.0502658933e-06  8.1731839316e-05  7.8563892501e-05 -6.6942926569e-07 -4.7238691747e-04  9.6336496811e-04 -1.2875885464e-03  2.9623067848e-04 -6.0365854409e-04  1.5463488784e-03  8.6177267687e-05 -2.0735538439e-05 -3.4326929726e-05 -4.2704713056e-06 -6.6205673877e-06 -1.8053114543e-07  2.9945233566e-05 -4.7097616247e-05 -3.8779236387e-05 -5.1144606993e-05  4.4839958699e-05  2.0355380501e-05  2.7242845263e-05  2.1460673744e-05 -1.0120629461e-05 -1.7569806109e-05 -1.2572758728e-05  4.0541626649e-07  2.1324878568e-05 -3.2786620579e-06 -5.7410889518e-06  5.4868219162e-05  1.8150974393e-05 -4.2849629378e-06 -1.2329310115e-05 -1.2498885605e-05  1.1857432340e-05  9.7988444412e-06 -2.6974459094e-06 -1.0391457318e-05  1.3274661162e-05 -5.7486299912e-06 -5.8155953083e-06  8.7872177365e-07  5.6600637181e-06  3.3667397613e-06  8.8770320898e-06  1.0162366047e-07 -6.2359309065e-06

JOB 11
COORDS  1.6433466426e+00 -2.3149708836e+00  6.4041218032e-01  3.0296578502e+00 -4.6035098523e-01  1.3407939474e+00  5.6564393647e-01 -1.7783208936e+00  1.3175899593e+00  1.9582968806e+00  8.9910537866e-02  2.0243544689e+00  3.9414119244e+00 -3.4734768644e+00 -8.1168154406e-01  5.3217082682e+00 -1.6280489081e+00 -1.1513259009e-01  5.0187069420e+00 -3.9995300638e+00 -1.4817979481e+00  6.3754566449e+00 -2.1855038358e+00 -7.9707508938e-01  2.9116387848e+00 -1.6778649324e+00  6.2693474064e-01  4.0413025818e+00 -2.2506332529e+00 -8.8897783048e-02  7.1265267264e-01 -5.6612179389e-01  2.0190542585e+00  6.2156296067e+00 -3.3562195228e+00 -1.4684674556e+00 -3.7466586221e-01 -9.4009627576e-02  2.6596880317e+00  1.4832526980e+00 -3.2490547350e+00  1.1482690041e-01  3.9687321635e+00  7.9651801417e-02  1.3727548465e+00 -4.0072698278e-01 -2.2720826065e+00  1.3226772077e+00  2.0813472075e+00  1.0265025929e+00  2.5631303692e+00  3.0152942243e+00 -4.0297713599e+00 -8.5812282668e-01  5.5091283521e+00 -6.9592731387e-01  4.0015490540e-01  4.9705153112e+00 -4.9279155732e+00 -2.0393943248e+00  7.3599829762e+00 -1.7332971915e+00 -8.3359530339e-01  7.0040914249e+00 -3.7571667649e+00 -1.9686877632e+00 -1.7763593985e-01  7.4360195991e-01  3.1133469546e+00
ENERGY -5.550403577788e+02
GRADIENT -1.9025915803e-07  2.0413359789e-05  1.9265587212e-05  3.8431592705e-05  1.9775014134e-05  7.5337994846e-06 -1.0446247368e-05 -9.2420728484e-06 -4.2593892845e-06 -7.4783939891e-06 -4.6400588816e-05 -2.4415594453e-05 -1.7948266732e-05 -8.8336562704e-06  3.0894195109e-06  4.2112626348e-06  2.3561295902e-05  1.3519785681e-05  1.7879672704e-06  2.3222024406e-05  1.3949618226e-05 -3.2456817975e-05 -1.5597000499e-05  1.2784871316e-06 -3.3725058957e-06  3.0127484032e-06 -3.3665509162e-06  1.5711204697e-05 -2.6030773318e-06 -4.7616403732e-06 -1.4300422770e-05  1.7328610655e-05  1.2824491454e-05  2.6300067957e-05 -1.3188060823e-05 -1.8856543970e-05 -8.7624244348e-06 -2.5148292308e-06  1.1415460652e-05 -3.8875096336e-06  5.5683967524e-06 -3.6512823183e-07  2.7722701605e-06  2.7472358629e-06 -5.2074309530e-06 -3.3292365226e-06  5.0829579065e-06  1.9444638732e-06  8.7697575521e-08 -2.8888491523e-06 -3.7027290213e-06 -2.6485481795e-06  5.5075431382e-07  2.2981452961e-07 -9.5531008151e-07  2.0530648085e-06  1.8432451287e-06 -1.1399917312e-07  2.2361161549e-06  1.3491798106e-06 -2.5505441773e-06 -1.8535620372e-06 -3.2205535795e-07  1.1059195564e-07 -1.8713774967e-06  5.6950793777e-07 -1.6082063160e-06  2.2884234005e-06 -2.9713769447e-06

JOB 12
COORDS  1.6995120606e+00 -2.4004269947e+00  7.8085802629e-01  2.9888604149e+00 -3.9622578205e-01  1.2133628870e+00  6.2466179842e-01 -1.8661470985e+00  1.4654035419e+00  1.9138773664e+00  1.5688636992e-01  1.8900695926e+00  3.8986583811e+00 -3.3756261421e+00 -9.4928197884e-01  5.3587833137e+00 -1.7240789494e+00  2.6621227962e-02  4.9755213574e+00 -3.8991328994e+00 -1.6230717762e+00  6.4106661034e+00 -2.2761945023e+00 -6.6338140434e-01  2.9174844920e+00 -1.6876918657e+00  6.3894877837e-01  4.0424099481e+00 -2.2515773470e+00 -8.8954071605e-02  7.2030496894e-01 -5.7740540331e-01  2.0255832285e+00  6.2090073904e+00 -3.3481540134e+00 -1.4744152358e+00 -3.6536907959e-01 -1.1051549960e-01  2.6743474200e+00  1.5972051811e+00 -3.4055976320e+00  3.8645632794e-01  3.8815711817e+00  2.1006418159e-01  1.1041596775e+00 -2.9900315048e-01 -2.4222812798e+00  1.5889136442e+00  1.9906924298e+00  1.1585539242e+00  2.3064970823e+00  2.9326430900e+00 -3.8319037662e+00 -1.1216378594e+00  5.5750685689e+00 -8.9082758985e-01  6.8253832084e-01  4.8980817857e+00 -4.7468731093e+00 -2.2942913767e+00  7.4264499516e+00 -1.9046933831e+00 -5.9029818707e-01  6.9964892681e+00 -3.7465577504e+00 -1.9783870061e+00 -2.0412803275e-01  7.8028085293e-01  3.0300854146e+00
ENERGY -5.550408043593e+02
GRADIENT -3.5242272664e-04  1.4606013839e-04 -8.1099757456e-04 -1.3639031528e-04 -6.4863779444e-05  1.3758737213e-05  3.3483999865e-04  1.7436003837e-04 -4.8508409684e-05  5.0427692771e-05  4.1938338426e-07 -1.5761313849e-05  2.8320234411e-04 -5.0268076038e-04  6.4570185393e-04 -9.2094275865e-06 -7.7340552688e-05 -8.5048535756e-05 -2.4753237952e-05 -8.7063940155e-05 -7.7742591320e-05  9.8818805394e-05  5.8625428090e-05  2.2706123185e-05  5.5785094886e-04 -8.0379336510e-04  1.4140893669e-03 -4.8951594061e-04  9.7129936634e-04 -1.2927797163e-03 -2.0144592057e-04  5.6837513875e-05  1.0589573439e-04 -9.4743135443e-05  4.2409680641e-05  5.6966899260e-05 -3.6003519131e-05  7.1358759765e-05  4.2918708196e-05  1.2774988886e-05 -6.5808547743e-06  1.1264379326e-05 -8.1925663326e-06 -9.1695716160e-06  1.4143854002e-05  2.8109116562e-05  2.5615345670e-05 -3.5114744053e-06 -2.6679326603e-05 -3.1893461573e-06  8.0838758402e-06  3.7715237117e-05  3.0613010226e-06 -1.4763717998e-05  4.0260809085e-06 -3.5132547680e-06 -1.0306136079e-05 -3.6831820346e-06 -9.6282209902e-06 -1.5202603732e-06  6.0778642614e-06  5.7459156095e-06  3.2127745988e-06 -6.6525384375e-06  4.5183072505e-06  4.8278561835e-06 -1.6560937543e-05  2.7595311055e-06  1.1437167879e-05

JOB 13
COORDS  1.7500630323e+00 -2.4482433067e+00  8.8515829439e-01  2.9492850980e+00 -3.4989301776e-01  1.0978416164e+00  6.8169647961e-01 -1.9190816052e+00  1.5859667528e+00  1.8736782821e+00  1.9893524531e-01  1.7793137249e+00  3.8708576917e+00 -3.2846972613e+00 -1.0513278841e+00  5.3712197669e+00 -1.8074814621e+00  1.3214252966e-01  4.9502903780e+00 -3.8117396989e+00 -1.7202385319e+00  6.4245064209e+00 -2.3599553208e+00 -5.5784910634e-01  2.9101273865e+00 -1.6795797199e+00  6.2139942751e-01  4.0415530254e+00 -2.2569041697e+00 -8.5539096629e-02  7.3179648671e-01 -5.8467918988e-01  2.0334254411e+00  6.2020184651e+00 -3.3466307933e+00 -1.4658217876e+00 -3.4735570400e-01 -1.2329604492e-01  2.6998180213e+00  1.7006834891e+00 -3.4880169285e+00  5.7612348261e-01  3.8071833473e+00  2.8279761286e-01  8.9094766011e-01 -1.9840179785e-01 -2.5132576278e+00  1.8099225344e+00  1.9109942196e+00  1.2342084390e+00  2.1102460715e+00  2.8836996574e+00 -3.6532902036e+00 -1.3029626921e+00  5.5879377619e+00 -1.0463880010e+00  8.7201136809e-01  4.8622204500e+00 -4.5872430307e+00 -2.4726435629e+00  7.4550945778e+00 -2.0579446087e+00 -4.0970937605e-01  6.9907054746e+00 -3.7454170935e+00 -1.9680462525e+00 -2.1946371980e-01  8.0109136289e-01  2.9734959883e+00
ENERGY -5.550406879866e+02
GRADIENT  6.1532898899e-04 -4.3395463893e-04  1.3879147204e-03  1.9027020840e-04  9.8173520493e-05 -2.2429664104e-05  6.8963821105e-05  1.3923499776e-05 -2.7330445732e-05  4.8457358270e-06 -3.4104364842e-04 -1.3256002656e-04 -4.0670933365e-05  1.1276962655e-03 -1.0917518316e-03 -3.2392588205e-05 -2.1748207082e-05 -7.4440026710e-07 -8.7065594480e-06 -1.0722775078e-04 -8.4979587677e-05 -1.6048654724e-05 -8.9093179501e-06  8.8666306909e-07 -1.0297995630e-03  1.3148683762e-03 -2.6096263678e-03  5.2320203528e-04 -1.7928720337e-03  2.4090476746e-03 -1.9485564974e-04  1.1080170074e-04  1.3433727037e-04 -2.4489883125e-05  1.8393418982e-05  2.3455836173e-05 -8.5857961394e-05  3.8265673811e-05  5.2221438624e-05  8.7513191966e-06  4.6445244936e-06 -8.0879673528e-06  5.0538535987e-05 -4.7022838170e-06 -3.6166221997e-05 -1.5263454713e-06  2.9567453762e-05  1.6260622662e-05 -4.1106251924e-06 -3.5272019403e-05 -1.0029969793e-05  5.3724835013e-06  9.6885355060e-06  5.5903441556e-06 -1.9160591084e-05  1.2329242551e-05  2.1671810169e-05  6.5465145440e-07 -2.0738878483e-06 -1.0211669346e-05 -8.7208988077e-07  2.1583546644e-06 -1.0405588895e-06 -9.9395427621e-06 -4.3047819518e-06 -4.7262287283e-06 -1.2272502966e-05 -7.6935476322e-06  1.2699825348e-06

JOB 14
COORDS  2.9573299431e+00 -2.0299353018e-01  9.0660682776e-01  1.8955368906e+00 -2.3765587360e+00  1.1174366438e+00  1.8915088006e+00  3.8989433799e-01  1.5617024739e+00  8.3792765432e-01 -1.7967126308e+00  1.8040321488e+00  5.4244344887e+00 -1.8254267538e+00  1.3403000348e-01  3.8366894260e+00 -3.2287167007e+00 -1.0290239467e+00  6.4416482684e+00 -2.4274776498e+00 -5.7082617742e-01  4.8812587144e+00 -3.8084909595e+00 -1.7129420172e+00  2.9903148632e+00 -1.5993021137e+00  6.8358861018e-01  4.0731969950e+00 -2.1954329003e+00 -8.7238564440e-02  8.2782119384e-01 -4.0663173025e-01  2.0258832242e+00  6.1550735753e+00 -3.3993159411e+00 -1.4767927698e+00 -1.7394357029e-01  2.2985418957e-01  2.6720186390e+00  3.7602931109e+00  4.2650978799e-01  5.3265676741e-01  1.8953685277e+00 -3.4524407504e+00  9.6539199471e-01  1.8500956837e+00  1.4629315551e+00  1.7189276494e+00  2.1429250161e-02 -2.4156340388e+00  2.1688975207e+00  5.6771324503e+00 -1.0761888313e+00  8.7579827512e-01  2.8266524559e+00 -3.5532133236e+00 -1.2514193336e+00  7.4891117052e+00 -2.1857010072e+00 -4.3035699474e-01  4.7486109795e+00 -4.5854947251e+00 -2.4573178985e+00  6.9168802983e+00 -3.8368404531e+00 -1.9887664795e+00 -8.6218548255e-01 -3.9806346560e-01  2.9502606729e+00
ENERGY -5.550387209473e+02
GRADIENT -2.6388957139e-03  6.8619693152e-04 -4.1400985805e-03 -5.2507261560e-05  7.3244115215e-05  3.9747816589e-05 -2.7435938764e-05  3.4128055955e-05  2.3265882588e-05 -1.3562960090e-04 -7.7588228209e-05  5.8987776226e-05  4.9591795430e-04 -3.7430627324e-03  3.3191781756e-03  4.7957581775e-04  1.0290172856e-04  6.9190094946e-05  9.7057572976e-05  4.8574244723e-05  3.4890921953e-05 -7.8544383343e-05 -3.4360651281e-04 -3.2265192212e-04  4.1942620382e-03 -2.7407600431e-03  7.9125645789e-03 -2.2492894705e-03  5.9423614399e-03 -7.0160430165e-03  1.2742328645e-04 -6.3437597708e-05 -7.3716722438e-05 -2.5290824141e-04  1.4990104383e-04  1.7923912374e-04  6.8610694167e-05 -3.4596496598e-05 -4.7263089660e-05 -8.4368062676e-06  2.2908623982e-05 -6.2647101336e-06 -2.4229815586e-05 -4.3546867634e-06  1.5153017857e-05  1.7898456246e-05  8.4281393137e-06 -7.0282506010e-06 -8.1270930263e-06 -1.9006347460e-05  3.7362589368e-06 -6.7322693316e-06 -1.5818491112e-05 -3.5795145526e-06  4.1441525449e-05 -2.1897785977e-06 -7.3332379152e-06  4.4619562013e-06  1.2103268628e-05  9.3828720956e-06 -9.9080329183e-06 -1.9365412806e-05 -1.8980927368e-05 -3.2165156673e-05 -5.7127045082e-06 -2.1648205393e-06  8.1901426267e-07 -1.4248926353e-05  9.6874201187e-07

JOB 15
COORDS  2.8941845429e+00 -1.7476607010e-01  8.0596033634e-01  1.9823055723e+00 -2.3849680888e+00  1.2256712318e+00  1.8082207065e+00  4.0311326941e-01  1.4457077116e+00  9.0864454022e-01 -1.8158979588e+00  1.9002896092e+00  5.4519322613e+00 -1.9190729108e+00  2.2497525172e-01  3.8235491726e+00 -3.1112896732e+00 -1.1059216147e+00  6.4584347683e+00 -2.5361260118e+00 -4.8625438459e-01  4.8570135176e+00 -3.7106993357e+00 -1.7938753266e+00  3.0139680326e+00 -1.5779245747e+00  7.0768060492e-01  4.0937779427e+00 -2.1699278707e+00 -8.4421691767e-02  8.1422087927e-01 -4.1654006156e-01  2.0098151191e+00  6.1424071947e+00 -3.4108350608e+00 -1.4761179527e+00 -2.1020396369e-01  2.0800045479e-01  2.6366816859e+00  3.6496981660e+00  4.6674463404e-01  3.5964705693e-01  2.0442850369e+00 -3.4671493045e+00  1.1451299632e+00  1.7012004104e+00  1.4809625946e+00  1.5143294005e+00  1.4254792752e-01 -2.4527920963e+00  2.3366986425e+00  5.7152065820e+00 -1.2439521910e+00  1.0319039185e+00  2.8014175076e+00 -3.3490285419e+00 -1.3787954496e+00  7.5132458436e+00 -2.3850165191e+00 -2.8616123121e-01  4.7066189430e+00 -4.4202143539e+00 -2.5998163691e+00  6.8943093858e+00 -3.8623954953e+00 -1.9913910810e+00 -8.4417613929e-01 -4.3812920255e-01  2.9908820139e+00
ENERGY -5.550349324364e+02
GRADIENT -4.3199595970e-03  7.7252411878e-06 -5.8602763994e-03  3.0523788369e-05 -3.6903141101e-05 -6.8060515105e-06 -2.1841774982e-05  1.1188475707e-04  1.2812928980e-05 -3.1406417708e-05 -8.7555313534e-06  2.6771717932e-05 -4.9043514995e-05 -6.0953228088e-03  4.1451920521e-03  5.5331089266e-05  3.3353377081e-05  5.0675870329e-06  5.2907115361e-04  9.3120741174e-05  5.9664733968e-05 -3.2517066931e-05 -9.3823873226e-05 -1.5512058702e-04  6.3054016068e-03 -2.9287013560e-03  1.0926002620e-02 -2.2677431842e-03  8.7692192675e-03 -9.3751144750e-03  6.0114846707e-05 -4.5589696172e-05 -2.9648737994e-05 -3.2404462014e-04  1.7865496456e-04  2.4078372824e-04  3.6812542661e-05 -8.6176757586e-06 -2.2748103232e-05 -2.1980526542e-06 -3.1929044839e-06  4.8023136281e-06  2.0021272971e-06 -3.8069371771e-06  1.1924485681e-05  3.1525080552e-06  1.3147375620e-05 -3.6959640692e-06 -8.7578692063e-07 -1.1116242528e-05 -3.5049230578e-06  5.7241611544e-06 -1.8165986863e-05 -2.9843687944e-05  2.9968301983e-06  8.9068814553e-06 -2.1967291928e-06  2.4523333327e-05  1.1928645171e-05  1.8581712655e-05 -2.4593147150e-05 -6.8371103542e-06 -4.2549310371e-07  4.5235118108e-06  1.7513725513e-05  2.6402177013e-05  6.0624511901e-06 -5.3199818048e-06 -1.6663104012e-07

JOB 16
COORDS  2.8080321989e+00 -1.5663683122e-01  6.7324085029e-01  2.0787325228e+00 -2.3701049039e+00  1.3449634494e+00  1.7098019709e+00  4.0546370431e-01  1.3115356347e+00  9.9155697156e-01 -1.8111618193e+00  2.0123384362e+00  5.4613979996e+00 -2.0364503862e+00  3.2727269071e-01  3.8357561747e+00 -2.9704803408e+00 -1.1965274647e+00  6.4625037214e+00 -2.6688701946e+00 -3.8330829630e-01  4.8626365313e+00 -3.5897726226e+00 -1.8815023757e+00  3.0222714653e+00 -1.5481143727e+00  7.0565355009e-01  4.1148445373e+00 -2.1518145177e+00 -8.0553212102e-02  8.0135475015e-01 -4.1930748793e-01  1.9960042450e+00  6.1423669349e+00 -3.4224354514e+00 -1.4648856840e+00 -2.4104413995e-01  1.9390281437e-01  2.6108601291e+00  3.5003819429e+00  4.8869320792e-01  1.3870893359e-01  2.2109767603e+00 -3.4490040051e+00  1.3540708661e+00  1.5323866502e+00  1.4759656926e+00  1.2874995951e+00  2.9006292203e-01 -2.4553635949e+00  2.5377400070e+00  5.7209799454e+00 -1.4519423533e+00  1.2032908759e+00  2.8146401221e+00 -3.1045266218e+00 -1.5363998492e+00  7.5120416220e+00 -2.6197283630e+00 -1.1552554105e-01  4.7108773573e+00 -4.2135038580e+00 -2.7553867711e+00  6.8893518281e+00 -3.8859201805e+00 -1.9778232897e+00 -8.0888038265e-01 -4.5750351554e-01  3.0552243861e+00
ENERGY -5.550304535874e+02
GRADIENT -4.2574019630e-03 -7.6836358973e-04 -5.3015529711e-03  1.4968425885e-05  1.0560281937e-04  1.7444440159e-05 -1.4483546595e-05 -3.5151496219e-06  6.0986816757e-06 -9.2089448872e-05 -3.0470184326e-05  4.8596551873e-05 -5.9826776065e-04 -5.8668537120e-03  3.6423206573e-03  1.6917669384e-04  8.1785254504e-06  4.9054848437e-05  1.7657187755e-05 -5.3355713445e-06  3.0487751774e-06 -3.3021112377e-05 -9.2312223884e-05 -1.1974437108e-04  6.0302025749e-03 -1.7919883659e-03  9.6897308239e-03 -1.2257305895e-03  8.4331872490e-03 -8.0297493642e-03  5.6014225335e-05 -3.1572945159e-05 -2.2766594654e-05 -5.2418941792e-05  5.3091019312e-05  4.3765131159e-05 -1.1189069258e-06 -1.4999443566e-06 -8.8338263627e-08 -5.2126306911e-06 -4.5513842594e-06 -6.2430901794e-06 -1.0053431204e-05  6.5965855200e-06 -1.5942905246e-05  2.9042944979e-06  4.8102552722e-07 -1.4887432171e-06 -5.8177521748e-06 -8.2656609114e-06  5.2274623460e-06 -8.7317490371e-06 -3.5631645546e-06 -3.0701836167e-06  7.2698938685e-06  1.6990568766e-06  6.4720151012e-06  7.6100425832e-07 -1.4604822329e-06  2.2276535990e-06 -1.3362989015e-06 -4.6943586177e-06 -9.4771120872e-06 -1.2882752742e-05 -4.1015936458e-06 -6.5494173077e-06  4.8967413354e-06 -5.4710094588e-06  1.6638269624e-06

JOB 17
COORDS  2.6467934064e+00 -2.4385218595e-01  4.4816886501e-01  2.1573219432e+00 -2.3649973721e+00  1.5162355437e+00  1.5919957299e+00  3.5005644349e-01  1.1334758399e+00  1.0978532583e+00 -1.7735936285e+00  2.2057716589e+00  5.3637295523e+00 -2.2562608439e+00  4.4924995775e-01  3.8735098739e+00 -2.8158239916e+00 -1.3672458546e+00  6.4046727029e+00 -2.8394611005e+00 -2.5021833872e-01  4.9379307665e+00 -3.3901544373e+00 -2.0382046714e+00  2.9378112707e+00 -1.6062238441e+00  6.3368361539e-01  4.0662801119e+00 -2.2328691938e+00 -9.9299286160e-02  8.1164868217e-01 -4.1334083205e-01  2.0165269727e+00  6.1662604777e+00 -3.3870885816e+00 -1.4664085390e+00 -2.0288218605e-01  2.2956873033e-01  2.6532853498e+00  3.2445500364e+00  3.5630936297e-01 -2.3295099158e-01  2.3702549361e+00 -3.4195442505e+00  1.6707359816e+00  1.3570725326e+00  1.4011965280e+00  9.9886613891e-01  4.9835130202e-01 -2.3721438440e+00  2.8880697651e+00  5.5557890844e+00 -1.8169848830e+00  1.4221438514e+00  2.8908089916e+00 -2.8180457412e+00 -1.8262372095e+00  7.4237251134e+00 -2.8888398764e+00  1.1713018035e-01  4.8542420589e+00 -3.8539076073e+00 -3.0148210236e+00  6.9414595433e+00 -3.8126960011e+00 -1.9712350254e+00 -6.8057349193e-01 -3.8190557508e-01  3.2377407666e+00
ENERGY -5.550279555506e+02
GRADIENT  6.0281784039e-05  5.3289231932e-05  4.3923853516e-05 -5.0453516697e-06  1.3590044766e-05 -7.5538591093e-06  1.9553319141e-05 -3.6247739990e-05 -7.8202347982e-06 -7.5696399680e-06 -5.7884815618e-06  1.9761198179e-05  3.4760574765e-05  7.0901208755e-05 -5.4481877605e-05 -5.2851058185e-06  4.4835671256e-06  7.3141016823e-06  1.3062717237e-05  1.5252707343e-05  1.7369819776e-05  9.3906919487e-06  4.6902532150e-06  4.7689698241e-06 -6.4215923601e-05  5.4250439341e-06 -1.2037240558e-04 -3.3758034190e-05 -1.0689163899e-04  9.5564977472e-05 -1.2714478667e-05 -1.6446189417e-06  3.7887235227e-06 -6.7625594925e-06 -1.1985886996e-05 -9.9826436951e-06 -6.8712626086e-07  1.3798353038e-06  1.1793904447e-05  1.8022884351e-06 -1.2271560484e-06 -3.7705570872e-06 -1.7901824727e-06  2.6689991469e-06  3.9605658496e-06 -6.9966880655e-07 -3.7447140717e-06 -2.4154846792e-06 -2.1033868083e-07 -1.3714217663e-06  2.5578194052e-06 -9.0431725624e-07  2.7999880330e-06 -2.4991762838e-06 -6.7168243165e-07 -2.7317985784e-06 -8.3929781672e-07  1.5083486374e-06  1.0593738508e-06 -7.1925014592e-08 -3.4544003000e-06 -1.6061273761e-06  1.1284405274e-06  8.6086299190e-07  1.6026796197e-06  1.9749037282e-06 -8.0788561403e-06 -5.9798603973e-07 -2.5318913386e-06

JOB 18
COORDS  2.4692797064e+00 -3.9256745973e-01  2.3841267503e-01  2.2352246929e+00 -2.3391801545e+00  1.6660878760e+00  1.4801236903e+00  2.6254496660e-01  9.6063256619e-01  1.2220062154e+00 -1.6998815478e+00  2.3761622342e+00  5.2272752408e+00 -2.4959526879e+00  5.4135814653e-01  3.9325445266e+00 -2.6542739742e+00 -1.4929598310e+00  6.3180613243e+00 -2.9995042705e+00 -1.3927434863e-01  5.0452317698e+00 -3.1530687530e+00 -2.1411179825e+00  2.8407617011e+00 -1.7116754268e+00  5.6466646188e-01  3.9899477267e+00 -2.3340149319e+00 -1.1893760556e-01  8.4157229741e-01 -3.9347804106e-01  2.0266179124e+00  6.2023262133e+00 -3.3173054391e+00 -1.4531426855e+00 -1.2557138960e-01  2.9751732201e-01  2.6805041351e+00  2.9637304713e+00  1.2693931743e-01 -5.7839231312e-01  2.5306935707e+00 -3.3456965683e+00  1.9510054672e+00  1.1918545989e+00  1.2814691734e+00  7.2226371761e-01  7.3442323138e-01 -2.2113327694e+00  3.2030565534e+00  5.3324484181e+00 -2.2225508402e+00  1.5856169721e+00  3.0090424055e+00 -2.5269821772e+00 -2.0473401662e+00  7.2933907657e+00 -3.1411727323e+00  3.1276645686e-01  5.0552839843e+00 -3.4332563114e+00 -3.1885332430e+00  7.0161185068e+00 -3.6835057711e+00 -1.9425462606e+00 -5.0680940789e-01 -2.3882133726e-01  3.3955305264e+00
ENERGY -5.550305587000e+02
GRADIENT  4.2630975947e-03  2.3621545467e-03  5.0110940035e-03 -2.8198288007e-06  9.7037936084e-05 -2.9801612803e-05 -4.2942922567e-05  9.6162977020e-05 -1.3854194005e-05 -5.7825732305e-05 -4.0805001741e-05  9.2072356407e-05  2.0946886126e-03  6.4326916482e-03 -1.8873767917e-03  7.3222386451e-05  2.0928947218e-06  1.1302173037e-04 -3.4757310237e-04  6.9360986890e-05 -1.6265230744e-04  5.4000405544e-05 -4.3873494220e-05 -1.7057117604e-04 -5.2344876975e-03 -4.9433916777e-04 -8.4401666313e-03 -9.0130951202e-04 -8.3754011797e-03  5.6443135207e-03  8.1048285706e-05 -4.6707249315e-05 -5.5845238407e-05  7.0624205457e-05 -4.6784528713e-05 -5.1679869277e-05  1.7990728396e-05 -2.2948595141e-06 -7.1413982382e-06 -1.5189760614e-05 -6.6114718341e-06  8.2590419508e-07 -1.4424943046e-06  1.4340022506e-05 -6.4334217068e-06  1.8717719030e-06  1.3321192636e-05 -7.0309021830e-06 -5.0303378503e-06 -6.7645227565e-06  1.0330778997e-05 -1.0968017371e-05  7.8127096410e-06  3.0973087482e-05  1.2910589511e-05 -5.6527469629e-06 -1.3309712765e-05 -2.1207188480e-05  5.3805868186e-06 -6.3323238979e-06  2.5929544139e-06 -4.6049589877e-06 -8.4890562422e-06 -1.4474964557e-05 -5.8598275690e-06 -3.8354286211e-05  4.1682074214e-07 -4.0175240276e-06 -3.1574950196e-06

JOB 19
COORDS  2.3570894781e+00 -4.6506206285e-01  1.3922166906e-01  2.3297769121e+00 -2.2792150605e+00  1.7518492958e+00  1.3707764971e+00  1.9460558260e-01  8.5665402712e-01  1.3161771149e+00 -1.6413210271e+00  2.4570733605e+00  5.1715231947e+00 -2.6454594306e+00  5.7165715464e-01  3.9807833177e+00 -2.5091996763e+00 -1.5275831624e+00  6.2643020371e+00 -3.1433368440e+00 -1.0531672187e-01  5.0944503109e+00 -3.0069172201e+00 -2.1692940330e+00  2.8373519015e+00 -1.7236556607e+00  5.6140400101e-01  3.9782913121e+00 -2.3352920107e+00 -1.2286230499e-01  8.3309758067e-01 -3.9672986547e-01  2.0139928869e+00  6.2043863840e+00 -3.3162080900e+00 -1.4509686412e+00 -1.3894405752e-01  2.9148992718e-01  2.6575293018e+00  2.7767821698e+00  8.9776783087e-03 -7.4418604960e-01  2.6981797634e+00 -3.2392661829e+00  2.1043882938e+00  1.0070921583e+00  1.1697931304e+00  5.4892479554e-01  9.0355687379e-01 -2.1023581432e+00  3.3515570078e+00  5.2432026535e+00 -2.4835457733e+00  1.6414629577e+00  3.0968717008e+00 -2.2767127518e+00 -2.1114007463e+00  7.2040915013e+00 -3.3893034731e+00  3.7617707001e-01  5.1419219329e+00 -3.1796118480e+00 -3.2385985731e+00  7.0201601914e+00 -3.6804899067e+00 -1.9373697454e+00 -4.4576012540e-01 -1.9473324655e-01  3.4413191433e+00
ENERGY -5.550350562077e+02
GRADIENT  4.5533752174e-03  3.2630647997e-03  4.4477113258e-03  1.3577287768e-05 -1.6426392903e-04 -2.1090349516e-05  5.7916974801e-05 -1.8762823254e-04  9.5460770861e-05  7.3075910255e-05  1.1710602887e-04 -2.0051594361e-04  2.5638259450e-03  6.5847911515e-03 -1.4582013386e-03  5.3492471143e-06 -1.0490261053e-04  1.1995219136e-04 -2.0754909140e-04  4.0532773358e-05 -1.5911885877e-04  5.2850253444e-05 -2.7366352604e-05  9.5033250836e-05 -5.4595418673e-03 -1.3838069730e-03 -7.2662782569e-03 -1.6259848035e-03 -8.1642581339e-03  4.3828133015e-03 -1.3043864405e-04  8.5833705087e-05  8.6476250504e-05  1.9665766899e-04 -8.0465895904e-05 -1.2399083960e-04 -9.4939610446e-05  4.5353329315e-05  7.8599922815e-05  1.3720294154e-06 -1.7734036190e-05 -2.5441183165e-05  8.7677916173e-06 -1.9934837193e-05 -8.2392123321e-06  1.1293355097e-06 -1.9675485829e-05  1.3742728947e-05  8.0573579953e-06  1.7285207161e-05 -1.3677565654e-05 -4.0282218091e-05 -1.0839965499e-06  6.9790722172e-06 -4.3128484513e-06  2.9864114596e-06  2.4081418738e-05 -6.1232966264e-07 -6.8837159226e-07 -2.3516766972e-05  2.9385954422e-05 -2.4576675590e-06  5.5633788913e-06  1.1990862410e-05 -7.8208553527e-06 -1.7946639681e-05 -8.3723592562e-06  1.5201093561e-05 -3.4852826911e-06

JOB 20
COORDS  2.2802017110e+00 -5.0624852260e-01  8.3174860795e-02  2.4331054948e+00 -2.1912796017e+00  1.8244324408e+00  1.2694080442e+00  1.3321648380e-01  7.8045467699e-01  1.3984343511e+00 -1.5763518342e+00  2.5153543752e+00  5.1473606712e+00 -2.7529954414e+00  5.9378606147e-01  4.0485721402e+00 -2.3697978172e+00 -1.5251442703e+00  6.2252902831e+00 -3.2750305469e+00 -8.4715607257e-02  5.1461786168e+00 -2.8966115656e+00 -2.1669021054e+00  2.8756874308e+00 -1.6876615386e+00  5.8290035082e-01  4.0045335964e+00 -2.2946997161e+00 -1.0955511743e-01  8.1274669269e-01 -4.0552100889e-01  1.9981148199e+00  6.2065858236e+00 -3.3399196700e+00 -1.4419091362e+00 -1.8681101706e-01  2.5701281794e-01  2.6211116317e+00  2.6388595509e+00 -6.5115240434e-02 -8.4267975374e-01  2.8672799460e+00 -3.1014544847e+00  2.2294734702e+00  8.2356257314e-01  1.0524210580e+00  4.1415483328e-01  1.0427593126e+00 -1.9990134365e+00  3.4521904285e+00  5.1987731220e+00 -2.6782191752e+00  1.6739571031e+00  3.2044431665e+00 -2.0431480313e+00 -2.1219044282e+00  7.1247039921e+00 -3.6277319229e+00  4.0726717657e-01  5.2176836060e+00 -2.9935060333e+00 -3.2443344497e+00  7.0116386213e+00 -3.7251094604e+00 -1.9291664753e+00 -4.3209641542e-01 -1.8527665247e-01  3.4515284546e+00
ENERGY -5.550387659926e+02
GRADIENT  2.9430696045e-03  2.6146481946e-03  2.8399590706e-03 -2.3160176104e-05 -2.7797005155e-05  2.4239350984e-05 -9.8667028039e-05  1.8297550046e-04 -7.3211143516e-05 -2.9988434254e-05  3.4183366452e-05  5.2979863328e-06  2.1306105714e-03  4.3904273742e-03 -4.5938806055e-04  1.6910680591e-04 -7.2696326564e-05  9.5826287619e-05 -1.2559761289e-04  4.6798437733e-05 -4.8096244280e-05  1.1177794310e-05 -1.4517370322e-05 -1.1175562265e-04 -3.3809982323e-03 -1.7619230142e-03 -4.2475281891e-03 -1.7791517023e-03 -5.2998221079e-03  2.1112123014e-03  1.0624027857e-04 -1.0155048253e-04 -4.8862342872e-05  2.2395251776e-05 -7.3172996741e-06 -1.9707298090e-05  4.0461683189e-05  4.6547771900e-06 -4.5270234966e-05 -9.0021403971e-06  1.3166256707e-05  1.7066911680e-05  1.2969732594e-06 -3.5917354571e-06  1.1424125558e-05 -8.9570891813e-06  1.6597760713e-05 -8.6064207504e-06  1.0268180917e-05 -1.5891227224e-05 -1.8621973943e-06 -1.0073574170e-05  8.6758409637e-06  2.1628768891e-06  1.2265296818e-05 -3.0383546872e-06  1.2371248033e-06 -6.0557891509e-06  5.0731713427e-07 -9.7497781176e-06  4.4156399222e-06 -3.9387303760e-06 -6.5561812152e-06 -9.2377810618e-06  2.3819814910e-06 -1.7669397857e-05  7.5384182802e-06 -1.4046890674e-05 -4.7330852874e-06

JOB 21
COORDS  2.2088036261e+00 -5.4817150678e-01  4.7798743333e-02  2.5277502353e+00 -2.0964369807e+00  1.8892741549e+00  1.1674978093e+00  5.7452831558e-02  7.2706453306e-01  1.4689869963e+00 -1.5134660324e+00  2.5686275499e+00  5.1156482578e+00 -2.8513485115e+00  5.9786251298e-01  4.1131948439e+00 -2.2395876302e+00 -1.5130732825e+00  6.1706695328e+00 -3.4051494720e+00 -8.8354148932e-02  5.1859949791e+00 -2.8036440410e+00 -2.1621764066e+00  2.9159292990e+00 -1.6390770150e+00  6.0977491168e-01  4.0332476188e+00 -2.2460648414e+00 -9.4769128865e-02  7.8370558064e-01 -4.2669575666e-01  1.9926771558e+00  6.1911311828e+00 -3.3746640612e+00 -1.4471305310e+00 -2.4755681125e-01  1.9936876828e-01  2.5975779398e+00  2.5057898449e+00 -1.3906432887e-01 -9.1312779127e-01  3.0238803169e+00 -2.9503398695e+00  2.3408126656e+00  6.3950659972e-01  9.0918939674e-01  3.1044323225e-01  1.1661513661e+00 -1.8996173533e+00  3.5391519371e+00  5.1485692057e+00 -2.8608585418e+00  1.6806482129e+00  3.3144459782e+00 -1.8213936630e+00 -2.1137288552e+00  7.0219472592e+00 -3.8643621022e+00  4.0125312759e-01  5.2780883456e+00 -2.8339650576e+00 -3.2419292238e+00  6.9785220685e+00 -3.7867766841e+00 -1.9405561953e+00 -4.3663024520e-01 -1.9809682256e-01  3.4647738448e+00
ENERGY -5.550406918725e+02
GRADIENT  1.0558674384e-03  1.0199931195e-03  5.4055952476e-04  7.6340252247e-05 -7.8639858299e-05  4.0511238443e-05 -5.9998653076e-05  4.1381495640e-05  2.6481332462e-05 -4.5685035500e-05 -1.9401447800e-05  8.8654597640e-05  7.1954965817e-04  1.3765635327e-03  1.0777306927e-04 -1.2058883982e-05 -7.3669897529e-06  5.0090113584e-05 -2.2077386179e-05  1.1772975380e-05 -3.8393781529e-05  2.5282066134e-05 -1.3131173068e-05 -7.0676343906e-05 -1.2655536926e-03 -6.9823156319e-04 -9.1037647378e-04 -6.0725428395e-04 -1.5567150814e-03  2.9624625514e-04  1.0362477197e-04 -5.1731441705e-05 -7.4798051108e-05 -3.0621467759e-05  2.0300578759e-05  2.1490369052e-05  5.5590627976e-05 -2.7059436906e-05 -3.7581680840e-05 -3.1088378686e-07  4.6931152815e-06 -2.9099421092e-05  1.4320091997e-06 -2.3663297818e-05  1.1153704995e-05  9.7421556145e-06  5.1102635362e-06 -2.1048342610e-05  7.2626234980e-06 -1.6215321788e-05  9.7949819855e-06 -1.6546074036e-05  5.0312990814e-06  1.5364390273e-05 -1.3348217783e-05  9.8688564321e-06  2.6289453058e-06 -3.5349781573e-06  3.0398240064e-06  2.4623740534e-06 -1.1587260639e-06  9.6901321159e-07 -3.4127958149e-06 -1.9306417565e-06  3.3314056633e-06 -7.7351790044e-06  5.4039659946e-06 -9.9148465015e-06  1.3106937279e-06

JOB 22
COORDS  2.1318906385e+00 -6.1492821194e-01  1.0226864118e-02  2.6158389861e+00 -1.9884133544e+00  1.9452355381e+00  1.0670314444e+00 -3.7124645273e-02  6.7467992597e-01  1.5425940035e+00 -1.4278653501e+00  2.6185717302e+00  5.0649145771e+00 -2.9585871248e+00  5.8580950666e-01  4.1972294427e+00 -2.1097020087e+00 -1.4980233563e+00  6.1049780662e+00 -3.5327768730e+00 -1.0409684188e-01  5.2521587679e+00 -2.6992356091e+00 -2.1516042068e+00  2.9440002444e+00 -1.6027313765e+00  6.2371139653e-01  4.0568784570e+00 -2.2121078020e+00 -8.5863487422e-02  7.5962265070e-01 -4.4208667921e-01  1.9881553806e+00  6.1865378682e+00 -3.3975936870e+00 -1.4540798315e+00 -2.9524498305e-01  1.5345893812e-01  2.5798268085e+00  2.3548545096e+00 -2.5915307432e-01 -9.8984928563e-01  3.1786508784e+00 -2.7648295431e+00  2.4519327076e+00  4.5972264046e-01  7.3202878483e-01  2.0850564949e-01  1.3020633717e+00 -1.7560146014e+00  3.6271017789e+00  5.0589011367e+00 -3.0701449338e+00  1.6622850460e+00  3.4640710819e+00 -1.5892656369e+00 -2.1003313689e+00  6.8947806179e+00 -4.0976137986e+00  3.7792018434e-01  5.3840399582e+00 -2.6488697064e+00 -3.2264253484e+00  6.9611073720e+00 -3.8278633516e+00 -1.9518322110e+00 -4.2691541274e-01 -1.8462094925e-01  3.4822839149e+00
ENERGY -5.550408017282e+02
GRADIENT -5.6815389715e-04 -6.7646386210e-04 -1.4524996704e-04 -1.1756110507e-04  1.1836141326e-04 -7.3790741077e-05 -6.3850355666e-05  7.6233947852e-05 -4.5982147376e-05 -3.4418380613e-05 -3.7195023854e-05  1.3599106470e-04 -4.7050036565e-04 -7.2503194812e-04 -1.6244094837e-04 -2.5122318931e-04  1.9705669868e-04 -2.1218611522e-04  1.6060233807e-04 -1.0992068284e-04  6.4145055284e-05 -3.3368128617e-05 -1.8543284256e-05  2.6133128334e-04  7.1354119089e-04  5.1154400927e-04  2.6615980504e-04  6.1246427897e-04  6.7591894568e-04 -8.8583544099e-05  8.3867338782e-05 -4.5344602290e-05 -5.1118314763e-05 -2.5189820118e-05  2.0407022756e-05  2.2480392997e-05  1.9626690609e-05 -7.8709861586e-06 -1.3152088851e-05  1.0172176059e-05 -1.4059721733e-05  8.5746875567e-06 -2.1449767412e-05  3.0186782765e-05 -1.2299993794e-05 -8.5540919395e-06  6.3638403918e-06 -3.5434089834e-06 -8.9102003477e-06 -1.7170965163e-06  1.3680577467e-05  3.5792985373e-05 -1.5796077865e-05 -1.4462084206e-05 -2.9752184960e-05  2.7846493724e-05 -1.0970186299e-05  3.4365339103e-06 -6.5269436616e-06  9.8384302539e-06 -1.3762330595e-05  6.9556559838e-06  1.6949681661e-05  1.1131524699e-05 -1.3572221424e-05  2.8446167708e-05  3.1490823860e-06 -3.4009895496e-06  4.9154688878e-07

JOB 23
COORDS  2.0237773802e+00 -7.4778885596e-01 -4.1176654106e-02  2.6960186786e+00 -1.8804425982e+00  1.9878598300e+00  9.5851887450e-01 -1.7039057008e-01  6.2205944352e-01  1.6324759711e+00 -1.3091868614e+00  2.6664129559e+00  4.9680212365e+00 -3.1049897575e+00  5.4785688460e-01  4.2984082227e+00 -1.9779271936e+00 -1.4712191495e+00  6.0180385768e+00 -3.6652451481e+00 -1.3757068974e-01  5.3598578658e+00 -2.5573493169e+00 -2.1223635421e+00  2.9293070735e+00 -1.6217437747e+00  6.1513311986e-01  4.0482793148e+00 -2.2258595618e+00 -9.1511541712e-02  7.5123956626e-01 -4.4641523065e-01  1.9873424431e+00  6.2027824485e+00 -3.3886874581e+00 -1.4552595522e+00 -3.0484978373e-01  1.4639244076e-01  2.5779453302e+00  2.1438284218e+00 -5.0652698083e-01 -1.0908320637e+00  3.3482252512e+00 -2.5377674289e+00  2.5509493497e+00  2.7082679302e-01  4.9690727853e-01  1.1264139411e-01  1.4805627008e+00 -1.5279081670e+00  3.7207997265e+00  4.8721273049e+00 -3.3621130253e+00  1.5939085512e+00  3.6622125882e+00 -1.3257473339e+00 -2.0536685939e+00  6.7324747770e+00 -4.3372356061e+00  3.2409278674e-01  5.5731842066e+00 -2.3859968618e+00 -3.1713030600e+00  6.9839301304e+00 -3.8104698011e+00 -1.9497882489e+00 -3.6632051866e-01 -1.0211182487e-01  3.5163957121e+00
ENERGY -5.550403576980e+02
GRADIENT  2.1001650672e-05 -3.9699250887e-05  3.8644011103e-05 -6.3818615084e-06  4.5434557018e-06 -6.6262884141e-05 -4.4799066807e-05  4.5878580840e-05 -2.0651854207e-05 -1.9402459010e-05 -1.0444334480e-05  5.5234393441e-05 -3.2330893336e-05  3.1761366921e-05  1.5490743682e-05  3.2436615843e-06 -1.5544468119e-05  4.5058028052e-05 -3.9337966775e-05  3.4861841624e-05 -3.0086811258e-05 -2.3872618932e-06 -5.2592896118e-06  1.2255258092e-05  2.3819629842e-05 -8.2112808164e-07  1.7986088778e-06 -2.8045134905e-05  9.2168393424e-07  1.0048680335e-05  3.7949655497e-05 -1.4435660410e-05 -2.2307334436e-05  5.6813316744e-05 -3.0190663881e-05 -3.5047118662e-05 -2.6910704544e-06 -2.1216118345e-05 -1.0319233034e-05  2.8110091455e-06  4.1211429208e-06  3.0092226311e-06  2.2470609020e-05 -2.3440330565e-06  6.9139638345e-07 -2.0264052978e-06  9.8306633939e-06 -3.7124689064e-06  4.3773709850e-06  5.7226010488e-07  1.2038283228e-05 -1.9731126362e-05  4.7340998025e-06  1.8040783905e-05 -5.8300640798e-06  5.0142368702e-06  5.2457067616e-06  1.0899680625e-06  2.4824598237e-06 -2.4197113155e-06  3.2600044819e-06  1.7344820987e-07 -1.0761905956e-07 -2.3788910905e-06 -1.7465698176e-06 -4.9071118364e-06  4.9126381890e-06  6.1204586580e-06  5.1159696950e-06

