JOB 0
COORDS  1.6129978336e+00 -1.7862642849e+00  1.5376959148e-01  5.0960345716e-01 -1.2292692226e+00  7.8542574456e-01  5.3376508207e+00 -2.5213164008e+00  5.0676356529e-01  3.9703947424e+00 -2.5848560167e+00 -1.4437354742e+00  1.9578308556e+00 -4.3354230161e-01  2.5468919803e+00  6.3695503734e+00 -3.0459081456e+00 -2.7420609089e-01  5.0644556113e+00 -3.1050132583e+00 -2.1335128782e+00  2.9256859629e+00 -1.7153203874e+00  6.7312076415e-01  4.0761625612e+00 -2.2849294788e+00 -7.1476397774e-02  6.7881642849e-01 -5.4399479739e-01  1.9959340444e+00  3.0351874271e+00 -1.0096032620e+00  1.8814049331e+00  6.2608352292e+00 -3.3431425114e+00 -1.5762413315e+00 -4.3224584971e-01 -9.7451384200e-03  2.5881611769e+00  4.2479003312e+00 -8.2674659940e-01  2.4672491326e+00  1.4428906907e+00 -2.3315545393e+00 -7.6758044618e-01 -4.8547407606e-01 -1.3191966889e+00  3.6179680675e-01  5.5241361557e+00 -2.3278433152e+00  1.5539687214e+00  3.0570657739e+00 -2.3960279622e+00 -1.9970175608e+00  2.1433529721e+00  9.8527650842e-02  3.4764875958e+00  7.3413388375e+00 -3.2353178768e+00  1.7974660994e-01  4.9748746978e+00 -3.3343470287e+00 -3.1944858440e+00 -1.7960839420e-01  4.3222948226e-01  3.4144790053e+00
ENERGY -6.539158500188e+02
GRADIENT  4.4558864363e-04  2.9614732160e-03 -1.3288446171e-03  4.8693619084e-05 -3.5199278368e-05 -2.4729527447e-05  1.0387915216e-03  3.1149284500e-03 -7.4232731234e-04  1.7677804394e-04 -3.9584892439e-05  1.1940879646e-04 -2.8733970598e-05 -1.5638571356e-04 -2.7641082081e-04 -1.6237807536e-04  2.8677820690e-05 -7.4075920553e-05 -1.2660837510e-05 -5.1261140918e-05 -1.8843267381e-04 -1.5840603531e-04 -2.6583270866e-03  1.7003345896e-03 -1.2280915054e-03 -3.2836022415e-03  6.2696629099e-04 -1.7095638241e-04  1.0619911677e-04  1.2118529704e-04  1.2638518322e-04 -3.2119979716e-05  3.3962587222e-05  1.1581311919e-05  1.9315556925e-06  5.7598326342e-06 -9.2811311553e-05  4.7569980731e-05  5.2862646995e-05  3.4026067727e-05  1.1620628678e-05  7.6557503582e-06  4.3327344888e-06  1.3745602771e-05  4.0383691561e-05 -6.6859720469e-06  1.7523072014e-05  3.6703421412e-05 -4.5731546351e-06 -6.1441021280e-06 -1.2734096305e-05  4.0384134167e-05 -1.3266387038e-05 -5.7332900545e-06 -1.2904322460e-05 -1.6912872874e-05 -2.8638583659e-05 -7.7168880503e-06  2.7947498731e-06 -9.3530803306e-06  2.6692221701e-06 -6.2908883246e-06 -1.5288943196e-05 -1.4029427695e-05  1.3325790228e-06 -3.1275514593e-06

JOB 1
COORDS  1.6066149218e+00 -1.8926283486e+00  2.1564359104e-01  5.0268765353e-01 -1.3559684101e+00  8.6645295638e-01  5.2810303105e+00 -2.6351952701e+00  5.4064296381e-01  4.0162057275e+00 -2.4322548534e+00 -1.4752949026e+00  1.9846195311e+00 -3.3462147225e-01  2.4859800457e+00  6.3139252610e+00 -3.1700850268e+00 -2.3133036585e-01  5.1070503539e+00 -2.9765087305e+00 -2.1536863755e+00  2.9299464728e+00 -1.6912569999e+00  6.6141272832e-01  4.0797473596e+00 -2.2550944849e+00 -8.1866306618e-02  6.9036352573e-01 -5.6914855403e-01  2.0109796313e+00  3.0611704252e+00 -8.9527259727e-01  1.8069567408e+00  6.2498833132e+00 -3.3484399383e+00 -1.5588595816e+00 -4.2324534270e-01 -6.0048704040e-02  2.6219536740e+00  4.2956278949e+00 -6.0853803982e-01  2.2963174208e+00  1.4404199316e+00 -2.5205452047e+00 -6.5404070003e-01 -5.0584754402e-01 -1.5403387147e+00  5.1064716354e-01  5.4131444604e+00 -2.5373662016e+00  1.6114487897e+00  3.1404985979e+00 -2.1261075276e+00 -2.0394037389e+00  2.1771620695e+00  2.7976281452e-01  3.3619106204e+00  7.2441358489e+00 -3.4729158839e+00  2.4739472434e-01  5.0617441507e+00 -3.1125432089e+00 -3.2333846980e+00 -1.5925416183e-01  4.5932114329e-01  3.3981095499e+00
ENERGY -6.539174516783e+02
GRADIENT  7.2724225209e-05  1.2616027832e-03 -1.0788213631e-03  1.3603825584e-04  3.2884015372e-05  6.3208517071e-05  6.0584094398e-04  1.5593858495e-03 -1.8330916111e-04  1.0744412587e-07 -7.1497471688e-06  2.9948168796e-05  1.5440425635e-05  3.9051258947e-05  6.1974566129e-05  3.8331655165e-05 -2.3043792010e-06  8.6773924778e-05 -3.9966331847e-05 -4.4234972016e-06 -1.6006862780e-04  1.3366860049e-04 -1.2190098071e-03  1.2843840068e-03 -8.6284354934e-04 -1.6790829809e-03 -1.3959597046e-04 -2.1087887036e-05  4.1294365854e-06 -2.7123019247e-06 -7.7619964353e-06  2.3086234088e-05  6.0609973339e-06 -6.7688970430e-05  2.9393744988e-05  3.3705438643e-05  2.1996003811e-05  4.8765213380e-07  4.5999205687e-06 -3.4427265645e-05 -9.7244958369e-06  9.2662885421e-06 -4.8019478836e-06 -1.9946784210e-05 -1.4894285888e-05  2.0978821419e-05 -1.6215093589e-06 -6.7462978254e-06  5.8341038520e-06 -1.2646513159e-05  1.2062678251e-06  1.3590658673e-05 -9.9866009065e-06 -7.7548213680e-06 -1.5291360936e-06  3.3961701541e-06  7.3029397615e-06 -8.2685810864e-07  3.1874288861e-06  1.8079730829e-05 -1.7165982571e-05  6.2525638674e-06 -1.4980598157e-05  1.2313203592e-06  3.1928845213e-06  2.5363875637e-06

JOB 2
COORDS  1.6143444621e+00 -1.9713136982e+00  2.7414633622e-01  5.0878044405e-01 -1.4659181137e+00  9.4963177542e-01  5.2184948079e+00 -2.7280386868e+00  5.5526129852e-01  4.0777547913e+00 -2.2938749673e+00 -1.5010844971e+00  1.9983778420e+00 -2.4635738925e-01  2.4243735716e+00  6.2492339443e+00 -3.2884338012e+00 -2.0123499563e-01  5.1607923424e+00 -2.8755549143e+00 -2.1631210828e+00  2.9361399657e+00 -1.6450084012e+00  6.3488097360e-01  4.0907707304e+00 -2.2094041997e+00 -9.9936468186e-02  7.0139958085e-01 -5.9556221761e-01  2.0310718364e+00  3.0756831891e+00 -7.8008271319e-01  1.7253094446e+00  6.2393048163e+00 -3.3715005618e+00 -1.5401202122e+00 -4.1341191639e-01 -1.2017723972e-01  2.6680904893e+00  4.3174087356e+00 -4.0614081274e-01  2.1285977764e+00  1.4580592478e+00 -2.6611947627e+00 -5.5010615144e-01 -5.0182883630e-01 -1.7383847521e+00  6.6285865684e-01  5.2936275594e+00 -2.7053034436e+00  1.6373209993e+00  3.2457881042e+00 -1.8935798829e+00 -2.0737712820e+00  2.1885239072e+00  4.3175574714e-01  3.2525332112e+00  7.1274218398e+00 -3.6970317045e+00  2.9668391586e-01  5.1627440318e+00 -2.9411993211e+00 -3.2503115356e+00 -1.4712084760e-01  4.6485960502e-01  3.3951131010e+00
ENERGY -6.539176539945e+02
GRADIENT  8.4480501666e-05 -5.8290459185e-04  7.3120193154e-04 -2.8555014933e-04 -7.8760293334e-05 -8.5238849197e-05 -3.6607168394e-04 -9.1125790329e-04 -1.0229084957e-04  1.1213679259e-05 -4.9695131495e-05 -1.3437115614e-05 -4.2734246682e-05 -4.7365663738e-05 -6.6762544369e-05  6.8276048475e-05 -3.2395169320e-05  5.4802778748e-05  6.5895951441e-07  1.1407059958e-05  2.6869698037e-05 -2.5124270476e-04  6.5461101478e-04 -8.6298651401e-04  5.1064361932e-04  1.0147243289e-03  3.0315163220e-04  1.1676499901e-04 -3.0781408825e-05 -4.6656747291e-05  1.0507732216e-04  4.8218102999e-05  9.3660041430e-05 -2.4741473889e-05  4.5902681905e-06  4.7244983671e-07  1.2135767349e-05 -4.3961201701e-05 -5.2443264083e-05  6.9954073956e-05  6.5279199910e-05  4.7190069922e-05 -2.1208329730e-05  4.1200348476e-06  1.4617014830e-05 -3.0842750299e-05 -8.9896083946e-06 -6.0764936430e-06  5.3154128397e-06 -1.8416264319e-05 -3.7395610028e-05 -4.6768757919e-06 -5.6605074606e-06  2.4323638089e-06  2.0060140461e-05 -1.0947832003e-05 -1.4880321064e-05  1.0212927113e-05 -2.1418843337e-06 -6.6462790382e-07  1.7332328781e-06 -3.5798063807e-06  1.0268962997e-06  1.5564046184e-05 -3.9413142787e-06 -1.2344300001e-05

JOB 3
COORDS  1.6242925611e+00 -2.0633670113e+00  3.5069570518e-01  5.2308900912e-01 -1.5758344896e+00  1.0485368300e+00  5.1425977501e+00 -2.8354155582e+00  5.5491163952e-01  4.1523620065e+00 -2.1571047901e+00 -1.5151876251e+00  2.0012259626e+00 -1.5612465138e-01  2.3482810094e+00  6.1775522152e+00 -3.4033403005e+00 -1.9076640875e-01  5.2323396605e+00 -2.7586493537e+00 -2.1666384059e+00  2.9334856350e+00 -1.6208979541e+00  6.1252799736e-01  4.0970669789e+00 -2.1841606893e+00 -1.1474230618e-01  7.1247428707e-01 -6.1494485985e-01  2.0508944788e+00  3.0740576791e+00 -6.7502597598e-01  1.6306031344e+00  6.2378414514e+00 -3.3760532091e+00 -1.5307474345e+00 -3.9895372123e-01 -1.6178583455e-01  2.7110764472e+00  4.3128366834e+00 -2.1338898480e-01  1.9390423998e+00  1.4769105805e+00 -2.8184591819e+00 -4.1643192424e-01 -4.8094374943e-01 -1.9304089987e+00  8.3870911116e-01  5.1513495545e+00 -2.9012917657e+00  1.6387675205e+00  3.3732999911e+00 -1.6637796800e+00 -2.0900476024e+00  2.1865981262e+00  5.9035198320e-01  3.1166174325e+00  6.9965452180e+00 -3.9131161529e+00  3.1466488464e-01  5.2921271574e+00 -2.7406331682e+00 -3.2540216114e+00 -1.3592693898e-01  4.9318508455e-01  3.3770295354e+00
ENERGY -6.539165274621e+02
GRADIENT  2.5578109611e-04 -1.7416898841e-03  1.8457974415e-03 -1.5799806504e-04 -3.4906797591e-05 -1.6449898859e-05 -1.2640754900e-03 -2.2186270629e-03 -1.7809301356e-04 -9.2942400025e-05  1.0150779262e-04 -6.1053738991e-05 -9.8762055712e-06  5.4597777060e-05  6.0678546012e-05  1.2836672352e-05 -1.7624195989e-05 -4.5605153128e-06 -9.9289060959e-06  5.9557695604e-06  7.8155447846e-05 -9.7693646656e-04  1.5431023773e-03 -2.7691854467e-03  2.0715327103e-03  2.3622245269e-03  1.1674822918e-03  1.1026947347e-04 -4.6099073933e-05 -6.9941310844e-05 -7.7125236036e-06  1.2336958046e-05 -2.4762864443e-05  8.0510754860e-06 -4.2999801748e-06  1.4213545380e-06  3.3653832974e-05 -2.9977729338e-05 -3.3446585535e-05  2.8916818157e-06 -1.9178691659e-06 -1.7033671137e-06 -1.2805440480e-05  1.2874538158e-05  2.5961957085e-06 -1.7012580408e-05 -8.0760300300e-06 -1.1858083534e-05  4.7197544046e-06 -2.2353864265e-06  1.0383747048e-05 -9.9411292093e-06  9.9199163643e-06 -9.8556499796e-06  1.0698252413e-05  3.1393065417e-06  8.0037901839e-06 -7.7573466847e-06 -2.8500787169e-06  7.5455245979e-06 -9.1031359020e-06  2.7281745204e-06  7.5209880736e-06  6.9868323198e-06  2.8509710530e-06 -2.9609525562e-06

JOB 4
COORDS  1.6366951258e+00 -2.1840099374e+00  4.6581936805e-01  5.4054960112e-01 -1.6928689525e+00  1.1707350284e+00  5.0537828574e+00 -2.9822877614e+00  5.3499113649e-01  4.2371525664e+00 -2.0153170200e+00 -1.4962870631e+00  1.9848284290e+00 -6.4277018774e-02  2.2449361915e+00  6.1018651825e+00 -3.5273850779e+00 -2.1080061076e-01  5.3222340002e+00 -2.6064903124e+00 -2.1501481763e+00  2.9233738880e+00 -1.6396088061e+00  6.1536692084e-01  4.0927172709e+00 -2.1976694510e+00 -1.1527583830e-01  7.1586427431e-01 -6.2653879453e-01  2.0628165349e+00  3.0534600941e+00 -5.8858071665e-01  1.5236205157e+00  6.2482736679e+00 -3.3529918659e+00 -1.5325252416e+00 -3.9046003879e-01 -1.7470294458e-01  2.7335736665e+00  4.2759571476e+00 -3.2196573333e-02  1.7173460769e+00  1.5020950876e+00 -3.0158006572e+00 -2.2015021054e-01 -4.4853093321e-01 -2.1223745702e+00  1.0478994892e+00  4.9876134434e+00 -3.1666614104e+00  1.6034915710e+00  3.5204097525e+00 -1.4176407297e+00 -2.0527237272e+00  2.1581630065e+00  7.6391542978e-01  2.9275886082e+00  6.8582922921e+00 -4.1399036295e+00  2.7785591462e-01  5.4524922735e+00 -2.4721318593e+00 -3.2231197966e+00 -1.3848024446e-01  5.5918285464e-01  3.3162478365e+00
ENERGY -6.539150308236e+02
GRADIENT  4.0986819080e-04 -1.3880421674e-03  1.5591761576e-03 -7.8813008339e-05 -2.6585550446e-05 -8.4452998372e-06 -1.1716741971e-03 -1.7869985151e-03 -2.8235042108e-04 -1.2356946778e-04  8.1680079468e-05 -8.0618719768e-05 -2.5825957790e-05 -3.0264130126e-05 -2.1219219533e-05 -5.7221808107e-05  5.0589542616e-05 -5.1318497994e-05 -7.8243688516e-06 -2.0569739623e-06  6.2005573450e-05 -1.1897425101e-03  1.1823898854e-03 -2.5754283058e-03  1.9787678312e-03  1.8566836545e-03  1.3910993729e-03  5.2034416041e-05 -1.3780791143e-05 -2.7795090985e-05  1.1247619942e-04  8.9952542590e-05  5.4378094518e-05  2.8071696790e-05 -2.5774320842e-05 -1.2946419888e-05  2.8068107025e-05 -3.3591974466e-05 -3.2409002170e-05  7.0524511445e-05  3.9282767646e-05  2.4281501824e-05 -1.9478686124e-05 -1.1164063806e-05 -1.5651671373e-06 -4.3061218118e-06 -1.1371183493e-05 -1.2104273177e-05  6.2722376239e-06 -1.2172633525e-05  1.8258465075e-05 -4.4306193191e-06  6.2525919410e-06 -1.6350509870e-05  1.7329937111e-05 -9.4693837085e-06 -8.8786912991e-06 -1.2554430478e-05  3.7573361849e-06  3.5362567094e-06 -3.2029386219e-06  9.4351554529e-07  8.3643225619e-06  8.4535790232e-06  5.6280386255e-07 -7.3896839501e-06

JOB 5
COORDS  1.6562664144e+00 -2.3119217816e+00  6.2061516603e-01  5.6605084183e-01 -1.7989852661e+00  1.3200316085e+00  4.9540960761e+00 -3.1557569298e+00  4.8485625133e-01  4.3286974939e+00 -1.8727408821e+00 -1.4355646162e+00  1.9549819783e+00  2.6287486612e-02  2.1128131832e+00  6.0190087805e+00 -3.6605638102e+00 -2.6689240436e-01  5.4220734914e+00 -2.4360027124e+00 -2.1000016122e+00  2.9135835896e+00 -1.6864809182e+00  6.4037841882e-01  4.0781943733e+00 -2.2380456243e+00 -1.0747383783e-01  7.1655807827e-01 -6.2455034316e-01  2.0693094732e+00  3.0176427700e+00 -5.2105127020e-01  1.3990653153e+00  6.2625110270e+00 -3.3173979763e+00 -1.5397642295e+00 -3.8297354952e-01 -1.5684204077e-01  2.7409651685e+00  4.2101279945e+00  1.2371592041e-01  1.4534127827e+00  1.5385703692e+00 -3.2228019094e+00  4.0128841311e-02 -4.0108296544e-01 -2.2908899010e+00  1.2974843819e+00  4.8096083762e+00 -3.4730406056e+00  1.5138332018e+00  3.6835230751e+00 -1.1622164059e+00 -1.9447436205e+00  2.1095171407e+00  9.3902581948e-01  2.6829569551e+00  6.7096697460e+00 -4.3764337309e+00  1.7665601518e-01  5.6317060022e+00 -2.1647824551e+00 -3.1337894061e+00 -1.4955338431e-01  6.5524942496e-01  3.2180328076e+00
ENERGY -6.539143690428e+02
GRADIENT -2.6766463256e-05 -3.0569140168e-05  7.3337964217e-05  1.1912920699e-04  5.7256958656e-05  3.2742678938e-06 -1.1826919503e-05 -7.8859119450e-05  3.4079517808e-05 -4.0901471777e-05  5.2087186310e-05 -3.1368487602e-05  4.1758665291e-05  8.1662322224e-05  4.5132871967e-05 -6.4106783169e-05  5.4424936792e-05 -6.1839492957e-05  5.3924524511e-06 -8.0875214364e-05  1.2492218174e-04  3.6823549699e-05 -6.2084178915e-05 -1.8371873757e-04  1.4310198917e-04  1.1367482156e-04  2.9881832816e-05 -5.6197225750e-05  7.7298330039e-06  1.6940289374e-05 -1.1611935586e-04 -1.1305102469e-04 -3.1795599826e-05  6.2102229626e-05 -4.0408098818e-06 -4.6879557718e-05 -1.3809511960e-05  3.6526587376e-05  2.6534891844e-05 -1.0044651783e-04 -6.0773087429e-05 -7.7694131812e-06  1.9729447142e-05  5.8987277944e-06 -5.6810653228e-07  6.2048870445e-06  1.4638770101e-05  6.4547079745e-06 -9.9560119757e-06 -2.6022611030e-06  8.0307611685e-06 -1.3201779984e-05  6.5889631083e-06 -4.5579075217e-06 -2.0862617545e-05  1.4220863442e-05  1.4560906199e-05 -4.8963251581e-06  3.8631049015e-06 -1.4311998315e-05 -4.0169896049e-08 -9.5273539727e-06  1.2414644386e-05 -9.3260101083e-06  3.3909834966e-06  9.4774325760e-06

JOB 6
COORDS  1.7072951800e+00 -2.4072506157e+00  7.7727044436e-01  6.1637616192e-01 -1.8869193120e+00  1.4694521535e+00  4.8540744474e+00 -3.3010001304e+00  4.1280048412e-01  4.4305439365e+00 -1.7406504499e+00 -1.3513083134e+00  1.9119581737e+00  1.0091264100e-01  1.9789656029e+00  5.9249876062e+00 -3.7842216429e+00 -3.4491322935e-01  5.5211773472e+00 -2.2931265576e+00 -2.0275619430e+00  2.9217919716e+00 -1.7096424769e+00  6.6689637260e-01  4.0726265528e+00 -2.2581930014e+00 -1.0003209576e-01  7.2033261315e-01 -6.2737731783e-01  2.0745565648e+00  2.9760234223e+00 -4.5472461132e-01  1.2743615219e+00  6.2654760216e+00 -3.3002038090e+00 -1.5474865254e+00 -3.7702951595e-01 -1.5526500335e-01  2.7462312470e+00  4.1206439521e+00  2.6914704235e-01  1.1915839990e+00  1.6237701787e+00 -3.3810893390e+00  3.0266366888e-01 -3.1707215844e-01 -2.4350943325e+00  1.5468733680e+00  4.6334961697e+00 -3.7292645053e+00  1.3866822665e+00  3.8670613124e+00 -9.2459180242e-01 -1.7947120665e+00  2.0296907744e+00  1.0801977651e+00  2.4362785248e+00  6.5417001713e+00 -4.5966903271e+00  3.7002590598e-02  5.8103115636e+00 -1.9074112944e+00 -3.0041825339e+00 -1.7858642641e-01  7.1962796105e-01  3.1160591138e+00
ENERGY -6.539149463160e+02
GRADIENT -6.5839586976e-04  8.7283720729e-04 -1.6207392195e-03  3.5980332435e-05  1.1775214898e-05 -5.4508601109e-06  1.1843822968e-03  1.3007838110e-03  8.5559197890e-04 -1.4754748929e-05 -1.5170381898e-06  1.2831754737e-05  1.2022521991e-06 -3.9406500991e-05 -2.2886871526e-05  5.6928819259e-06 -2.8626797941e-05  3.2573684169e-05  5.4436302022e-06  1.7157857681e-05 -3.7857154491e-05  1.5325441417e-03 -6.9454340938e-04  2.8315311174e-03 -2.0521538560e-03 -1.4884325325e-03 -2.0872263423e-03 -3.6912934883e-05  1.7601079816e-05  2.7672077708e-05  3.2359102176e-05  3.9970564176e-06 -5.7283677021e-06 -2.3305836888e-05  1.2474728642e-05  2.6159854215e-06 -1.5966864321e-05  1.2873616033e-05  7.2112861140e-06  2.3800023150e-06 -7.3609993464e-07 -6.5231349201e-06  3.6811332116e-06 -1.4237161492e-07 -3.5812027573e-07  3.4651742022e-06  4.7043668640e-06  4.5781145364e-06  3.0900652162e-06  8.6467487816e-07 -2.0398743676e-06  1.1179373667e-06 -3.5024995428e-06 -5.0527375219e-06 -3.1415889223e-06 -3.6130252253e-06 -4.9487547848e-06  1.5250918032e-06 -4.3198346934e-07  4.8075281829e-06 -5.0375577659e-06  3.0499929088e-06 -5.4862385063e-06 -1.3346916779e-06 -1.3581371523e-06  2.5780717792e-06

JOB 7
COORDS  2.9659509667e+00 -2.1889004960e-01  9.4604011883e-01  1.9416836968e+00  3.8773533288e-01  1.6674557033e+00  4.4200843351e+00 -1.7993078629e+00 -1.3899463467e+00  4.8133404710e+00 -3.2866569625e+00  4.4251316941e-01  8.1916856780e-01 -1.7566264200e+00  1.8361912988e+00  5.4822098695e+00 -2.4196991765e+00 -2.0531714427e+00  5.8548704790e+00 -3.8405570960e+00 -3.0468807253e-01  2.9559035730e+00 -1.5913032912e+00  6.3899555761e-01  4.0744847526e+00 -2.2264006876e+00 -1.0038031539e-01  8.6086395824e-01 -3.8499500037e-01  2.1129653586e+00  1.8670654429e+00 -2.3236182972e+00  1.1176789275e+00  6.1998024147e+00 -3.4251582682e+00 -1.5328210304e+00 -1.2571936336e-01  2.5268032413e-01  2.8177871801e+00  1.8002898620e+00 -3.6552797874e+00  8.6386809607e-01  3.8091458002e+00  3.7962353631e-01  6.1237121809e-01  1.9653612401e+00  1.4474972982e+00  1.9001410798e+00  3.8665193399e+00 -9.9913216677e-01 -1.8736522783e+00  4.5875009569e+00 -3.6708168951e+00  1.4327822406e+00 -4.0506700148e-03 -2.3874678892e+00  2.1622224503e+00  5.7638252639e+00 -2.0971018599e+00 -3.0546515467e+00  6.4436682482e+00 -4.6596138964e+00  1.0584802616e-01 -8.0988760228e-01 -3.8774609105e-01  3.0696329339e+00
ENERGY -6.539163805763e+02
GRADIENT  1.1445566564e-03 -5.1730591532e-04  2.2447614031e-03  5.9209767951e-06 -1.5167361906e-05 -8.6779592625e-06 -1.5089217198e-03 -1.8987295566e-03 -8.6432328622e-04 -4.1159020608e-06 -4.5120896385e-05  1.2105483048e-04  3.5495436228e-05  1.5687428126e-05 -1.5099933755e-05  6.9405259927e-05  1.2444797051e-04 -3.1368887460e-04 -8.5714973024e-05  8.5345753099e-05 -8.8517436232e-07 -2.5348907292e-03 -4.1915080225e-05 -3.7824032145e-03  2.9550279293e-03  2.2478029280e-03  2.5734986404e-03 -3.4493351875e-05  2.1272590076e-05  2.6691375132e-05  1.6339336876e-05 -6.7197097570e-06 -1.7087516958e-05 -5.2709765180e-05  3.1461468733e-05  4.5517286571e-05 -2.7117068505e-05  1.1397065387e-05  1.3881257630e-05  8.7615566511e-06  1.7212249782e-05  1.0275245625e-06 -9.7865975305e-06 -5.7573539250e-06 -1.4751981613e-06 -1.2111618751e-05 -2.2318659560e-06  3.9057292008e-06  2.2057802242e-05 -2.4166682856e-05 -3.8208235418e-07 -9.4756084930e-06  8.2406574379e-06  1.0061770209e-05  2.3039829454e-07  7.9640449066e-06  4.4784565051e-06 -1.6828664540e-06  1.2590218686e-05 -2.7982823799e-05 -7.4117205215e-06  9.2166063964e-06  6.6577026913e-06 -1.1844590073e-06  3.5805744318e-06  5.3484426932e-06

JOB 8
COORDS  2.8992565986e+00 -2.2090860585e-01  8.3106291098e-01  1.8742067923e+00  4.0038595995e-01  1.5365037213e+00  4.5050664676e+00 -1.7146867561e+00 -1.3154834538e+00  4.7300880223e+00 -3.3940398083e+00  3.7204925128e-01  8.6935382532e-01 -1.7682310758e+00  1.9443112405e+00  5.5697109587e+00 -2.3208427215e+00 -1.9857028305e+00  5.7828681904e+00 -3.9236032398e+00 -3.7636517127e-01  2.9550216466e+00 -1.6166508324e+00  6.5264361454e-01  4.0649668375e+00 -2.2501117648e+00 -9.5006216037e-02  8.5072912330e-01 -3.7696389271e-01  2.0954228712e+00  1.9168164842e+00 -2.3490036112e+00  1.2372093065e+00  6.2123736652e+00 -3.4089396758e+00 -1.5383560260e+00 -1.3893900917e-01  2.7545754687e-01  2.7808720254e+00  1.8933886278e+00 -3.6998899588e+00  1.1015796857e+00  3.6990275802e+00  3.8629933171e-01  4.1678680621e-01  1.8540197799e+00  1.4769910048e+00  1.6716766836e+00  4.0157478466e+00 -8.4695933514e-01 -1.7491258810e+00  4.4426503844e+00 -3.8621652186e+00  1.3077581735e+00  9.0474423585e-02 -2.4052330649e+00  2.3559772274e+00  5.9181770400e+00 -1.9145113416e+00 -2.9342580006e+00  6.3109475397e+00 -4.8072245819e+00 -2.0833296315e-02 -7.8010228215e-01 -3.7020636592e-01  3.1181611530e+00
ENERGY -6.539175884860e+02
GRADIENT  6.1349357759e-04 -4.0228034597e-05  9.9032523393e-04 -5.0999929267e-06 -1.9073164524e-04 -1.3734395811e-05 -7.2245795159e-04 -7.3970831811e-04 -5.6212638533e-04  5.8752638093e-05  5.2015810223e-05 -1.2925250013e-04 -6.2387730354e-05 -1.0325666506e-04  2.9786352838e-05  2.2197884824e-05 -7.5622560235e-05  8.0448448349e-05  5.1407924625e-06  1.6759630534e-05 -2.9593754023e-05 -1.1645969275e-03 -1.4721354271e-04 -1.7584038409e-03  1.2927142628e-03  9.1241939191e-04  1.3729645154e-03 -3.2438492335e-05  6.6175855525e-05  2.0079452994e-05  2.1782869924e-05  1.8949770922e-04 -2.8420001637e-05  3.8810350711e-05 -4.6759296044e-06 -3.8269538111e-05 -4.5475175677e-05 -1.4084435099e-05  3.3312503232e-05  3.6166395848e-05  1.1805482468e-04  3.7434953233e-06  1.1856477074e-05 -2.1993672544e-05 -1.8719807336e-06 -1.5007281588e-06 -1.8490820442e-05 -1.5968862094e-06 -4.3865359642e-06 -7.7612475068e-06  1.6501686221e-05 -1.7683593478e-05  1.3775629385e-05  4.1494675457e-06 -2.4965457910e-05  1.1610004187e-05  1.4795752647e-05  1.2228956983e-05 -1.8209036364e-05  3.5392777179e-06  1.4338705986e-05  3.1780421173e-06 -2.2729955673e-05 -8.6761824989e-06  7.0313382813e-06  1.2286360615e-06

JOB 9
COORDS  2.8279063937e+00 -2.2654744717e-01  7.3117309504e-01  1.7993581453e+00  4.0531138071e-01  1.4194684277e+00  4.5908021059e+00 -1.6408373223e+00 -1.2335883706e+00  4.6563788945e+00 -3.4742062238e+00  2.9590332157e-01  9.2167764585e-01 -1.7625741366e+00  2.0472664677e+00  5.6557746284e+00 -2.2349129071e+00 -1.9116802235e+00  5.7184430497e+00 -3.9837673679e+00 -4.5312967714e-01  2.9604997610e+00 -1.6296125415e+00  6.7439823447e-01  4.0567558943e+00 -2.2639542467e+00 -9.2322283210e-02  8.3637780072e-01 -3.6692209766e-01  2.0831403979e+00  1.9702398340e+00 -2.3536815517e+00  1.3507728339e+00  6.2271909758e+00 -3.3905433083e+00 -1.5430365225e+00 -1.5943968599e-01  2.9426463503e-01  2.7495075088e+00  1.9873124070e+00 -3.7118606358e+00  1.3237778959e+00  3.5796750787e+00  3.8696765051e-01  2.4461371928e-01  1.7302931278e+00  1.4875648185e+00  1.4609075907e+00  4.1666888705e+00 -7.1761480241e-01 -1.6167933662e+00  4.3168472788e+00 -4.0114535646e+00  1.1735078842e+00  1.8937328680e-01 -2.3995664947e+00  2.5369036374e+00  6.0670749434e+00 -1.7583009635e+00 -2.8004950092e+00  6.1887432346e+00 -4.9198649442e+00 -1.5533752176e-01 -7.5452781392e-01 -3.4929125355e-01  3.1660881053e+00
ENERGY -6.539175329146e+02
GRADIENT -8.3356612299e-04 -9.4087519930e-05 -1.2433982495e-03 -6.2735395082e-06  2.2080456051e-05  2.0562921329e-05  1.0111087880e-03  5.2766279069e-04  9.4880906021e-04  7.3435157861e-06 -6.5913771250e-05  8.2026123087e-05  8.1663050096e-05  3.4250190431e-05 -3.6081843995e-05  9.2890177875e-05  5.6246275040e-05 -1.8713805429e-04 -1.1280873986e-04  9.5300699891e-05  2.4230090948e-05  1.6970817206e-03  3.9291606213e-04  2.2566489417e-03 -1.8766334010e-03 -9.4943176727e-04 -1.8146558331e-03 -2.7866141587e-05  4.1744526918e-05  1.5440494637e-06 -4.3765837062e-05 -1.0831637927e-04 -1.3170303397e-05 -3.7710788284e-06  4.2505826304e-05 -3.0218412112e-05 -1.2833006359e-05  1.1253524122e-05  1.0505749676e-05 -1.0198858353e-05 -4.1425994938e-05  9.1981168384e-06  1.9135825088e-05  9.6363169956e-06  8.1529861619e-06 -6.6192458377e-06  5.4536091112e-07 -3.3739528445e-06  8.7759195524e-07 -2.0263416329e-05 -5.8753478805e-06 -3.6758805978e-06  8.7681593571e-06 -3.2487261695e-06  9.4515404972e-06  9.1456130114e-06 -7.2887375135e-06  1.2250631251e-05  1.4501492692e-05 -1.5811974361e-05  1.5120510054e-06  1.2371102431e-05 -3.7636148067e-06  5.6236267978e-07  2.8445411432e-06 -3.6090151073e-06

JOB 10
COORDS  2.7437450782e+00 -2.3306194942e-01  6.2439855403e-01  1.7119156573e+00  4.0296520040e-01  1.3012368713e+00  4.6959666417e+00 -1.5748404518e+00 -1.1462818334e+00  4.5750034472e+00 -3.5387770998e+00  1.9891740146e-01  9.8661306135e-01 -1.7404404619e+00  2.1500921206e+00  5.7566690552e+00 -2.1691580927e+00 -1.8284792160e+00  5.6433647346e+00 -4.0420517853e+00 -5.4596494453e-01  2.9665493865e+00 -1.6273117222e+00  6.8147102375e-01  4.0558950450e+00 -2.2644825188e+00 -9.8616854209e-02  8.2235240885e-01 -3.5494272103e-01  2.0744060404e+00  2.0354973490e+00 -2.3354465251e+00  1.4569024563e+00  6.2425924819e+00 -3.3876675012e+00 -1.5502655884e+00 -1.7947107277e-01  3.0853033148e-01  2.7276977433e+00  2.1043784934e+00 -3.6898189903e+00  1.5483422681e+00  3.4299567288e+00  3.8474232364e-01  5.6381724393e-02  1.5838393342e+00  1.4793089324e+00  1.2479095248e+00  4.3605405558e+00 -5.9508198948e-01 -1.4686580175e+00  4.1730037249e+00 -4.1375137074e+00  1.0047538680e+00  3.1359529092e-01 -2.3729708101e+00  2.7233769179e+00  6.2405417517e+00 -1.6348753655e+00 -2.6449738366e+00  6.0411992359e+00 -5.0289872742e+00 -3.1359079821e-01 -7.1944373337e-01 -3.2629886745e-01  3.2250705442e+00
ENERGY -6.539159792158e+02
GRADIENT -2.2099496171e-03 -5.5954082408e-04 -2.5113014300e-03 -1.7355636705e-05  1.9669624003e-04 -6.3811260885e-06  2.2215762064e-03  1.3159157153e-03  2.1793120260e-03 -3.9034634568e-05 -5.6938595907e-05  5.7489575583e-05  7.2838350325e-06  2.2941195229e-05 -4.1866378978e-06 -3.1516036363e-05 -8.4134210641e-05  7.8641790734e-05 -1.3832623288e-05  6.6464146436e-05 -3.5103996603e-05  4.2690146005e-03  1.2710235351e-03  4.8939348192e-03 -4.3270781729e-03 -2.0746905131e-03 -4.5567028443e-03  5.2218511413e-05 -5.3070861106e-05 -3.7295535581e-05  2.6805446785e-05 -6.3427918572e-05 -6.6590333357e-06  4.4931729269e-05 -2.1238041377e-05 -3.2888074798e-05  2.4661455859e-05  4.4379495004e-06 -2.0277039619e-05 -7.3933688249e-06 -2.6564606709e-05  3.0670661259e-06 -1.1476578733e-05 -4.8599673278e-06  1.2375497362e-05 -5.7331730741e-06  1.8015232719e-05  3.0894008145e-06 -6.0205240452e-06  1.4836210014e-05 -1.3143715929e-06  3.9459124141e-06 -5.9590724791e-06 -2.5008148741e-06  5.2216156058e-06 -1.1389512861e-05 -6.2641481797e-06 -5.2307810596e-07 -7.3994276377e-06  1.0690215765e-05 -4.7188400775e-07  3.8311214749e-06 -5.8568220354e-06  3.6924537690e-06 -7.3945490616e-06 -4.8694801997e-06

JOB 11
COORDS  2.6115907637e+00 -2.8036988108e-01  4.7931939300e-01  1.5735776662e+00  3.5485936507e-01  1.1454819135e+00  4.8412504673e+00 -1.5182504539e+00 -9.9512357162e-01  4.4528105722e+00 -3.6161109314e+00  5.6881256897e-02  1.0757129900e+00 -1.7147607827e+00  2.2807562885e+00  5.8934353800e+00 -2.1154929726e+00 -1.6863014267e+00  5.5251519004e+00 -4.1172250242e+00 -6.8450841506e-01  2.9448927120e+00 -1.6431697281e+00  6.6360754813e-01  4.0709169407e+00 -2.2667156034e+00 -8.1569634116e-02  7.9277659519e-01 -3.6590880308e-01  2.0583998067e+00  2.1263947596e+00 -2.3108885529e+00  1.5903499947e+00  6.2527538074e+00 -3.4004554550e+00 -1.5507703915e+00 -2.2073629523e-01  2.9510529091e-01  2.6948529546e+00  2.3223957820e+00 -3.6260660895e+00  1.8751220093e+00  3.1878225160e+00  3.1616843525e-01 -2.1660813783e-01  1.3546368262e+00  1.4034911982e+00  9.7170684378e-01  4.6452565570e+00 -4.7045201106e-01 -1.1883029005e+00  3.9360153880e+00 -4.2858608698e+00  7.2737602781e-01  5.0190080437e-01 -2.3203363256e+00  2.9776562138e+00  6.4797300520e+00 -1.5247843399e+00 -2.3888562327e+00  5.8110164803e+00 -5.1619222358e+00 -5.6897570895e-01 -6.7976662401e-01 -3.1388404164e-01  3.2952385253e+00
ENERGY -6.539145636550e+02
GRADIENT  3.7201254646e-05  3.7458351596e-05 -4.8795447176e-05 -9.4920730692e-06 -2.1417274711e-05  1.6945063097e-05  2.2242402631e-05 -2.6534838831e-05 -3.9999198911e-06  4.8985491801e-06 -9.4536967522e-06  3.7505023240e-06 -1.1237580315e-04 -1.2629880419e-04  1.4221986644e-04  4.7634731420e-06  1.2009317817e-05 -8.7503885678e-06 -3.8257896235e-06  9.1959445053e-06 -1.6455963551e-06  1.1911900725e-05 -1.5096649361e-05  6.6182889094e-06 -1.4416889994e-05  2.6757534580e-05 -1.0383303097e-05  7.9455818960e-05 -3.6149145221e-05 -5.7189372664e-05 -3.0611282931e-05  1.4810059576e-04 -2.5543722756e-05 -5.1520097646e-06 -2.0713058048e-06  6.5990973808e-06  2.7605353451e-05 -2.6007751516e-05 -1.3984986925e-05 -4.5008540452e-05  8.3315799024e-05  8.4153505067e-06  1.3864661578e-06 -5.7916889695e-07 -1.4184515898e-06  9.1289796591e-06  3.8906563283e-06 -1.0063937698e-05  5.7936297194e-07 -4.0167997503e-06  3.2071056534e-08  2.3258467684e-06  4.2872444019e-06 -4.8746544371e-06 -2.3668626201e-05 -5.9721545463e-06  2.0722278482e-05 -3.0500161230e-08 -1.8701097296e-06  4.1552119828e-07 -2.9976189497e-06  1.6824581361e-06  2.3331883725e-06 -3.1772992081e-06 -2.0364646196e-07  3.0702604572e-06

JOB 12
COORDS  2.4888580542e+00 -3.4019811940e-01  3.3770830457e-01  1.4437596999e+00  2.9091429374e-01  9.9863186167e-01  4.9628474518e+00 -1.4761163070e+00 -8.1971245592e-01  4.3160614774e+00 -3.6489468881e+00 -8.4988382125e-02  1.1845361921e+00 -1.6615505589e+00  2.3976569118e+00  6.0057773446e+00 -2.0794207386e+00 -1.5212098128e+00  5.3897513973e+00 -4.1519390883e+00 -8.2241837605e-01  2.9247805622e+00 -1.6482193626e+00  6.4732126869e-01  4.0773950885e+00 -2.2618340832e+00 -5.7157762463e-02  7.8066642717e-01 -3.7283648144e-01  2.0394568735e+00  2.2353019157e+00 -2.2568067429e+00  1.7074855991e+00  6.2375196853e+00 -3.4000938842e+00 -1.5378201179e+00 -2.4484747264e-01  2.8255315955e-01  2.6635668144e+00  2.5938782359e+00 -3.4940158431e+00  2.1412162612e+00  2.9626153630e+00  1.9115507868e-01 -4.7986577355e-01  1.1250774940e+00  1.2901720342e+00  7.1998693885e-01  4.8799565580e+00 -3.9511456326e-01 -8.4945780201e-01  3.6761795695e+00 -4.3420751784e+00  4.4371439061e-01  7.1301983151e-01 -2.2119891182e+00  3.2078357943e+00  6.6933426617e+00 -1.4647356782e+00 -2.1005711496e+00  5.5716689929e+00 -5.2256662040e+00 -8.4007965843e-01 -6.1770946571e-01 -2.8356088189e-01  3.3581539558e+00
ENERGY -6.539159787035e+02
GRADIENT  2.1441735782e-03  1.3100103437e-03  2.2357369288e-03  8.4172721540e-05 -2.5565268535e-04  4.6369845210e-05 -1.9395347382e-03 -4.5607498762e-04 -2.6980622602e-03 -2.6268928964e-05 -4.9043835340e-05  7.0913855298e-05  5.1056530911e-05  1.3132915444e-06 -6.9174742763e-05 -7.7339996084e-05 -1.8950175731e-04  9.6624173346e-05  2.3477401020e-05  2.4453438424e-04 -4.2913586827e-05 -4.0060708368e-03 -2.0365444739e-03 -4.7547658948e-03  3.8517746506e-03  1.3033209479e-03  5.0900962950e-03 -1.5243850965e-04  1.1034176270e-04  9.6305904913e-05  2.0030951922e-05  1.3620763112e-05 -1.9765535826e-05  1.2606220646e-04 -6.6402879689e-05 -8.0018823852e-05 -6.4277847828e-05  6.3067069013e-06  6.0594048212e-05 -3.4361682814e-05  3.4933754926e-05 -1.4392019036e-06 -1.1298250871e-05 -1.2915435864e-05 -8.1316794909e-06  3.9865526354e-06 -2.8368414587e-05  1.7037970254e-05  1.2977989418e-05 -1.0478141300e-05  3.7609944951e-06  5.8322916686e-06  1.0862823898e-05 -5.4305207986e-07 -5.2707648909e-06  1.6604329348e-05  1.6315234201e-06 -4.9575764349e-06 -3.3328718296e-05 -6.8293584034e-06  2.1048374829e-05  2.1476134235e-05 -1.3153017111e-05 -1.2134994865e-05  1.1404501210e-05  8.5744838233e-06

JOB 13
COORDS  2.4070921483e+00 -3.9881841067e-01  2.4653590182e-01  1.3534729754e+00  2.2367864106e-01  9.0471255402e-01  5.0437324738e+00 -1.4651710057e+00 -6.9338187196e-01  4.2237912917e+00 -3.6526204719e+00 -1.9505516609e-01  1.2750638827e+00 -1.6201977153e+00  2.4723130019e+00  6.0826527183e+00 -2.0722160361e+00 -1.3997333218e+00  5.3010982898e+00 -4.1584697463e+00 -9.2461096392e-01  2.9325155213e+00 -1.6434222779e+00  6.5207622037e-01  4.0732709105e+00 -2.2617449221e+00 -6.1077535255e-02  7.8138776951e-01 -3.8942518025e-01  2.0276463044e+00  2.3275731492e+00 -2.2105886989e+00  1.7811972881e+00  6.2281029436e+00 -3.3991139807e+00 -1.5266742638e+00 -2.5444858495e-01  2.5675448432e-01  2.6459719385e+00  2.7867572515e+00 -3.3902432173e+00  2.2743769645e+00  2.8208424470e+00  7.7747420396e-02 -6.3660395804e-01  9.5734763646e-01  1.1739593674e+00  5.6149915233e-01  5.0167892787e+00 -3.8250214277e-01 -6.1501013383e-01  3.5108474817e+00 -4.3383405911e+00  2.4717291980e-01  8.6994574684e-01 -2.1244792923e+00  3.3460196785e+00  6.8403805397e+00 -1.4582508840e+00 -1.8846799566e+00  5.4209340093e+00 -5.2354255403e+00 -1.0339292482e+00 -5.6122567895e-01 -2.6967349938e-01  3.4013521878e+00
ENERGY -6.539175332146e+02
GRADIENT  9.6049220469e-04  7.4157532262e-04  8.1629326258e-04  3.8903198119e-05 -1.0069360375e-04  3.1834153015e-05 -7.5976510929e-04 -2.5446386155e-06 -1.2288082626e-03  1.6121682573e-06 -5.9404452460e-05  9.3995306439e-06  2.9383331011e-05 -8.6627324172e-07 -4.1254422032e-05 -7.7103286685e-06 -3.0552226783e-05  1.0917928297e-05 -1.6768577611e-05  3.9674936201e-05  1.5387584348e-05 -1.7833685364e-03 -9.8660945721e-04 -1.8982684301e-03  1.5973657669e-03  3.9173383605e-04  2.2037997315e-03 -4.3549599127e-05  4.7690775294e-05  3.1262884682e-05 -2.1507276528e-05 -4.4771659468e-05  4.6765246740e-05  2.3525863066e-05  9.1740291089e-06 -2.0516265641e-05 -1.7289427815e-05 -8.1030998512e-07  1.3697596043e-05 -1.5302722054e-05  8.7348494706e-07  2.0903821661e-05 -1.6334993815e-05  1.7134468218e-06 -4.0191189431e-06  6.9305221835e-06 -9.9771312995e-06  6.9411504493e-06  1.7722193947e-05 -1.0401705207e-05  3.2809121730e-06  1.0401816153e-05  5.6202799882e-06 -8.7147425943e-06 -2.9164699439e-06  8.0763980156e-06 -4.8124436249e-06 -1.5801821973e-07 -3.3523226971e-06  1.8953542897e-06  2.7931734360e-06  6.6888505583e-06 -3.6921509413e-06 -5.4094221206e-07  2.9183419005e-06  1.2803971278e-06

JOB 14
COORDS  2.3249001174e+00 -4.5296137239e-01  1.7243151581e-01  1.2596397755e+00  1.5393171544e-01  8.2905599662e-01  5.1195207645e+00 -1.4686431953e+00 -5.7842074051e-01  4.1387391543e+00 -3.6323097273e+00 -3.0157336317e-01  1.3568936073e+00 -1.5694831962e+00  2.5320577573e+00  6.1551435325e+00 -2.0862695643e+00 -1.2826032844e+00  5.2196533668e+00 -4.1508800993e+00 -1.0168183787e+00  2.9430528059e+00 -1.6221146114e+00  6.5629297259e-01  4.0684828588e+00 -2.2496046016e+00 -7.3016906106e-02  7.7293568567e-01 -4.0603715226e-01  2.0180570033e+00  2.4156643077e+00 -2.1479781802e+00  1.8401115531e+00  6.2208644901e+00 -3.4060260007e+00 -1.5092821474e+00 -2.7621017415e-01  2.2378954069e-01  2.6324720194e+00  2.9635550438e+00 -3.2685096998e+00  2.3769835434e+00  2.6849085969e+00 -2.4311052851e-02 -7.5849202171e-01  7.8972048160e-01  1.0493381786e+00  4.3511577237e-01  5.1424122736e+00 -3.9516485095e-01 -4.1252275086e-01  3.3615709470e+00 -4.2969530177e+00  6.1067502059e-02  1.0132314000e+00 -2.0296271303e+00  3.4551078131e+00  6.9766008226e+00 -1.4901220875e+00 -1.6777574989e+00  5.2819306522e+00 -5.2215525249e+00 -1.2062786040e+00 -5.1955837722e-01 -2.6094727540e-01  3.4371754863e+00
ENERGY -6.539175887234e+02
GRADIENT -6.9989178017e-04 -6.2064945620e-04 -7.1405076268e-04  3.6743821596e-05 -5.9420322627e-05  2.1127793853e-05  5.9130423793e-04 -2.3912524967e-04  9.6313828014e-04  9.8184722922e-05  1.0437867196e-04 -8.0992325897e-05  2.5412237853e-05  3.6236057734e-05 -6.5979939984e-05  1.3577842501e-04  2.0439977184e-04 -4.6084272128e-05 -4.6762586343e-05 -2.9103045237e-04 -6.3997605648e-06  1.2755880355e-03  9.4293245825e-04  1.4563177511e-03 -1.2779926495e-03 -5.9790000138e-05 -1.7382428984e-03 -4.2549062364e-05  1.5279380863e-05  2.6850150442e-05  2.0998909997e-05 -7.1841507661e-05  7.2224724024e-05 -1.3597067479e-04  6.8019421817e-05  7.9111926744e-05 -9.2163078387e-06  1.0350875893e-05  6.9999280953e-06  8.5521109689e-06 -3.1583235178e-05  3.8298463049e-05  8.2629906496e-06  1.0623735642e-05 -7.2543742227e-06  4.2661365989e-06 -8.3066454763e-06 -1.4898746602e-08 -4.8615530924e-07 -1.9727739791e-05 -1.3357618759e-05  2.8928405195e-05  6.9715826272e-06 -1.9015755988e-05  5.8962160535e-06  5.2761242829e-06 -1.0370403562e-05  9.2481090897e-06  2.7202211456e-05 -2.4953671611e-06 -1.6397370753e-05 -2.9591778365e-05  4.8529664017e-06 -2.5372306428e-08  8.4847856959e-07 -2.6626680470e-06

JOB 15
COORDS  2.2331741638e+00 -5.1314283106e-01  9.7547117612e-02  1.1584461521e+00  7.4405016753e-02  7.5882684787e-01  5.1986045685e+00 -1.4864099850e+00 -4.6597865033e-01  4.0585847247e+00 -3.5894155392e+00 -4.2822008805e-01  1.4450295977e+00 -1.5019792613e+00  2.5809933898e+00  6.2311829442e+00 -2.1198032727e+00 -1.1628131270e+00  5.1437343377e+00 -4.1265881815e+00 -1.1238611648e+00  2.9490629866e+00 -1.5934574808e+00  6.4369375506e-01  4.0689276638e+00 -2.2281924121e+00 -9.3970341476e-02  7.6369373637e-01 -4.2119632173e-01  2.0087487164e+00  2.5094908506e+00 -2.0639862701e+00  1.8832387589e+00  6.2203189933e+00 -3.4180148073e+00 -1.4959442834e+00 -2.9749507011e-01  1.8774270196e-01  2.6250382255e+00  3.1517920182e+00 -3.1104035981e+00  2.4618227505e+00  2.5299284337e+00 -1.3558212724e-01 -8.7711335934e-01  6.1274986011e-01  9.0516219043e-01  3.2310291883e-01  5.2760768274e+00 -4.3276906818e-01 -2.1189917163e-01  3.2170663981e+00 -4.2204677109e+00 -1.5833018703e-01  1.1699476131e+00 -1.9110915987e+00  3.5499561386e+00  7.1142251497e+00 -1.5560949599e+00 -1.4607177008e+00  5.1471726652e+00 -5.1806232769e+00 -1.3977997779e+00 -4.7135758637e-01 -2.4647817919e-01  3.4752617626e+00
ENERGY -6.539163805871e+02
GRADIENT -1.5497006054e-03 -1.6408270535e-03 -1.2333930934e-03  2.1017452189e-05 -3.0137165094e-05  3.0690776505e-05  1.1270967894e-03 -5.8256115633e-04  2.2300585479e-03  2.3317194485e-05  4.6664980250e-05 -3.1411519074e-05  2.3191412786e-05  5.5539003293e-05 -1.1317775473e-04 -1.1251798235e-04 -1.7122668182e-04  2.9714547331e-05  7.1102321763e-05  1.4622875341e-04  1.3113461954e-05  2.8327661569e-03  2.2484349909e-03  2.8756291256e-03 -2.5754893987e-03  1.4591497380e-04 -3.8617874785e-03 -5.6895393281e-05  1.4228157745e-05  2.5760404187e-05  5.1743358033e-05 -1.3956789321e-04  1.0068365263e-04  8.9472352543e-05 -4.6039964527e-05 -6.3114204102e-05 -1.5104971569e-05  1.6504378520e-05  8.0664909209e-06  3.5194795443e-05 -6.2789005294e-05  5.4515484721e-05  5.7865537682e-06  2.0307134510e-05 -1.5131731442e-05  3.6698330779e-06 -4.2041863974e-06 -1.2141955323e-06 -3.4460420286e-05  4.9600408550e-06  4.4591614404e-06 -1.0464086076e-05  1.9223017284e-05 -1.3480464752e-06  1.0971776218e-05  3.6470240896e-06 -1.4383046222e-05 -5.3263806794e-06 -3.2962709829e-05 -8.3629464348e-06  2.2386983036e-05  2.1975567410e-05 -1.5595623546e-05  2.0940557771e-07  1.7446261841e-06 -1.2656843654e-06

JOB 16
COORDS  2.1314677573e+00 -6.1588804906e-01  2.3917265787e-02  1.0545534349e+00 -3.6770736987e-02  6.9086890564e-01  5.2705899181e+00 -1.5404914457e+00 -3.2731420465e-01  3.9882932177e+00 -3.5454455820e+00 -5.7613737350e-01  1.5392204473e+00 -1.4131652946e+00  2.6299670965e+00  6.3038735651e+00 -2.1799003382e+00 -1.0186907498e+00  5.0797200923e+00 -4.0941766088e+00 -1.2540917092e+00  2.9424503538e+00 -1.5928266383e+00  6.2543547107e-01  4.0720006370e+00 -2.2294156047e+00 -1.0412297794e-01  7.5846001708e-01 -4.3639146466e-01  2.0008300482e+00  2.6034812585e+00 -1.9687825017e+00  1.9256750554e+00  6.2253274949e+00 -3.4350941590e+00 -1.4820423697e+00 -3.0888224477e-01  1.6102974116e-01  2.6189642949e+00  3.3454755681e+00 -2.9158402967e+00  2.5530291847e+00  2.3563261244e+00 -3.1028754837e-01 -9.9424728097e-01  4.3461862646e-01  7.1636384386e-01  2.1518669961e-01  5.3982901497e+00 -5.2316629013e-01  3.2207654300e-02  3.0869356300e+00 -4.1321687763e+00 -4.2323450516e-01  1.3403701296e+00 -1.7472323905e+00  3.6452729868e+00  7.2419010604e+00 -1.6582249884e+00 -1.2038182696e+00  5.0302787254e+00 -5.1138950838e+00 -1.6334350463e+00 -4.0890612770e-01 -2.0083399589e-01  3.5137497742e+00
ENERGY -6.539149462349e+02
GRADIENT -1.1965136007e-03 -1.3666314058e-03 -7.4203626361e-04  5.1894869767e-05 -6.7374205067e-05  4.7117193452e-05  6.9503100390e-04 -7.0340946917e-04  1.6979080459e-03  2.7024739316e-05  1.5066313188e-05 -5.3261728900e-06  1.1494400495e-05  5.8237617105e-06 -3.9751458120e-05  6.8276568082e-05  7.0778270862e-05 -4.3696680133e-06 -5.3392428248e-05 -1.0628560602e-04 -2.8657244855e-05  2.1468424318e-03  1.7696943885e-03  1.8223027391e-03 -1.6673043282e-03  3.3980329814e-04 -2.8589873438e-03 -4.6932046534e-05  2.7529138915e-05  2.2193899104e-05 -5.9986786716e-07 -1.7967863817e-05  3.1022853647e-05 -4.3761442557e-05  3.2495675326e-05  3.9261949569e-05 -9.2327694437e-06  5.5878474012e-06  1.4625732827e-05  5.1022906516e-06 -1.4394212282e-05  8.2484935807e-06  2.7131703200e-06  5.2994247015e-06 -1.2507967869e-05  9.1095893508e-06 -7.2013112130e-06  5.3189924894e-06  7.8652607448e-06 -4.9404874540e-06 -1.9168840057e-06  6.7209717365e-06 -2.8467684881e-06 -4.2272452834e-06 -6.8127832778e-07  1.7076286595e-06 -7.3781094748e-06  3.2566739557e-06  1.5294976336e-05  3.4407081250e-06 -1.4209944045e-05 -1.0103318742e-05 -5.0745369671e-06 -2.9922876855e-06 -1.5682696539e-06  8.1836814524e-08

JOB 17
COORDS  2.0252029672e+00 -7.6481218900e-01 -3.1822339359e-02  9.5050520323e-01 -1.7840750638e-01  6.3300926926e-01  5.3228161743e+00 -1.6130596627e+00 -1.6061913156e-01  3.9458733840e+00 -3.4807456873e+00 -7.4046953370e-01  1.6326714915e+00 -1.2927883541e+00  2.6786793264e+00  6.3623452423e+00 -2.2304943744e+00 -8.6226053572e-01  5.0473112290e+00 -4.0141546057e+00 -1.4160749162e+00  2.9272012242e+00 -1.6210410171e+00  6.2066188177e-01  4.0757004732e+00 -2.2457217495e+00 -9.3964954454e-02  7.5429456858e-01 -4.4435466303e-01  1.9946618553e+00  2.6931862323e+00 -1.8570011525e+00  1.9749793020e+00  6.2425312349e+00 -3.4110029369e+00 -1.4861755014e+00 -3.1547299084e-01  1.5386130844e-01  2.6082598591e+00  3.5340299376e+00 -2.6766516207e+00  2.6546213895e+00  2.1771952119e+00 -5.5835798411e-01 -1.0876497414e+00  2.5990684462e-01  4.8185088052e-01  1.1822849779e-01  5.4826633424e+00 -6.5455488544e-01  3.2519606258e-01  3.0023493907e+00 -4.0188961534e+00 -7.1909946669e-01  1.5115883272e+00 -1.5218477621e+00  3.7345729073e+00  7.3386028654e+00 -1.7517959653e+00 -9.2569323672e-01  4.9637878046e+00 -4.9730618009e+00 -1.9257568238e+00 -3.4122694003e-01 -1.0864220773e-01  3.5420676230e+00
ENERGY -6.539143683838e+02
GRADIENT -4.0765288468e-05 -6.2468145924e-06  2.8835578114e-04 -1.5825294098e-04  1.4369672791e-04 -9.7679348862e-05 -6.0397196860e-05 -2.6765876129e-04 -1.7706871961e-04  2.8227211037e-04  1.2161583248e-04 -6.6071835335e-06 -1.5576193451e-05 -2.6528686494e-05  1.2361146242e-04  1.4962143844e-04  8.8091630312e-05 -1.4735204936e-05 -5.0214952896e-05 -1.4509912666e-04 -7.6047176814e-05  4.4683968162e-05 -4.6785373428e-05 -1.2619048401e-04 -1.7435701744e-04  1.0109948553e-04  2.6616042275e-04  1.1919133720e-04 -6.1455895755e-05 -7.4036100473e-05 -7.6270612159e-05  6.5092445609e-05 -1.1436211496e-04 -5.8832786555e-05  4.5251660419e-05  4.4794982618e-05  1.8964172047e-05 -4.6693321522e-06 -2.2055455744e-05 -2.9624571863e-05  3.3393992771e-05 -3.9875485916e-05 -6.2643690973e-06 -7.7593773217e-06  3.1068961375e-05 -2.3767359604e-05  1.9292739329e-05 -4.1669620768e-06 -2.0398823199e-05 -3.2138781415e-05 -3.2530740420e-06  2.2609323459e-05  3.0387914372e-05  1.5763151956e-05 -4.8634668516e-06 -4.6347653307e-07  2.0751679375e-05  1.8455086076e-05  6.7009930446e-07 -7.6871597295e-06  1.0544649053e-05 -1.2840415625e-05 -1.2913459098e-05  3.6795058386e-06 -6.2807495719e-06 -3.5382121834e-07

JOB 18
COORDS  1.9245196027e+00 -9.3942831151e-01 -5.7092366769e-02  8.5533426497e-01 -3.3579585360e-01  6.0028893241e-01  5.3472757142e+00 -1.7163066833e+00  4.8898177343e-03  3.9019676106e+00 -3.3925904243e+00 -9.0457913263e-01  1.7147843522e+00 -1.1582104460e+00  2.7161219118e+00  6.3878866264e+00 -2.2959266024e+00 -7.2514848369e-01  5.0088545870e+00 -3.8950646819e+00 -1.5951130428e+00  2.9076797577e+00 -1.6680989550e+00  6.3335302793e-01  4.0657139666e+00 -2.2761852205e+00 -7.5064657051e-02  7.4938765843e-01 -4.4777909440e-01  1.9930814840e+00  2.7689921922e+00 -1.7419486481e+00  2.0196365596e+00  6.2384061468e+00 -3.3674739481e+00 -1.5177497043e+00 -3.1972090100e-01  1.6068624179e-01  2.5970772220e+00  3.6965126824e+00 -2.4228652954e+00  2.7390543051e+00  2.0104356056e+00 -8.4587560710e-01 -1.1361728117e+00  1.0253689688e-01  2.2573469479e-01  5.6402875597e-02  5.5324632321e+00 -8.4338728985e-01  6.2439052113e-01  2.9299364501e+00 -3.8672714115e+00 -1.0065399886e+00  1.6648945607e+00 -1.2668164898e+00  3.7967241692e+00  7.3906789887e+00 -1.8739971060e+00 -6.7490566759e-01  4.9003990306e+00 -4.7649047415e+00 -2.2415672073e+00 -2.7801694318e-01  1.2170615908e-02  3.5550956749e+00
ENERGY -6.539150312274e+02
GRADIENT  1.1412973810e-03  1.7964032135e-03  1.8835069324e-04  1.1991283250e-05 -1.1239281041e-05  2.7758172608e-05 -3.9314473080e-04  1.2639484962e-03 -1.6913076453e-03 -5.1485643797e-05 -2.2617814561e-05 -1.5389285075e-05 -1.4519899648e-05 -3.7759049563e-06  1.1265543923e-04 -8.9001620301e-05 -5.7102430852e-05 -2.2401412977e-05  4.9635194967e-05  7.2883897878e-05  4.9255035751e-05 -1.9032896256e-03 -2.1037665490e-03 -1.2474233094e-03  1.1868688991e-03 -9.0779181125e-04  2.6759222994e-03  5.3430090190e-05 -2.6256290744e-05 -3.7906997535e-05 -3.5552049392e-05  3.3987763137e-05 -6.3375480867e-06  4.3890202735e-05 -2.0525087431e-05 -3.7625395904e-05  3.1217957589e-05 -2.3844085799e-05 -1.6717124574e-05 -1.5664644499e-05  1.4566703611e-05 -1.2797029258e-06 -2.3350205719e-06  2.3393512924e-06 -1.3957530635e-05  7.4428107741e-06 -5.0964822953e-06 -1.3416014476e-05 -2.9836432366e-07  1.1626674379e-05  3.3040378165e-06 -6.8100337268e-06 -2.9042245700e-06 -1.1405533168e-06  3.2971253644e-06 -2.1461732813e-06  1.1694183812e-05 -6.4910057189e-06 -7.0519331890e-06 -6.9072625448e-06  8.8715033494e-06  7.3709428452e-06  3.5542495456e-06  4.9467321783e-06 -1.6196410336e-06  2.4697561228e-06

JOB 19
COORDS  1.8525883402e+00 -1.0889560360e+00 -5.8416579294e-02  7.7899262974e-01 -4.8427536845e-01  5.8895638999e-01  5.3780793984e+00 -1.8305244799e+00  1.3682976257e-01  3.8792976203e+00 -3.2873922962e+00 -1.0275065793e+00  1.7843169135e+00 -1.0344283732e+00  2.7280519321e+00  6.4152255295e+00 -2.3917920537e+00 -6.1081314637e-01  4.9854478924e+00 -3.7808702273e+00 -1.7242987642e+00  2.9125961824e+00 -1.6864959257e+00  6.4695526342e-01  4.0678993829e+00 -2.2881510026e+00 -6.2624811761e-02  7.4322572564e-01 -4.5930310364e-01  1.9896856600e+00  2.8410635755e+00 -1.6224542795e+00  2.0404302735e+00  6.2405790216e+00 -3.3517773042e+00 -1.5316547666e+00 -3.3281214730e-01  1.4457302439e-01  2.5846426208e+00  3.8375211705e+00 -2.1723349063e+00  2.7803193159e+00  1.8851354034e+00 -1.0947034698e+00 -1.1443556502e+00 -2.9591715426e-02 -2.2824991541e-02  3.1216823285e-02  5.5885727002e+00 -1.0491303814e+00  8.6087439361e-01  2.8875785036e+00 -3.6853468202e+00 -1.2246861000e+00  1.7898272601e+00 -1.0370859530e+00  3.8152085282e+00  7.4381944954e+00 -2.0466231631e+00 -4.6769440621e-01  4.8550526893e+00 -4.5614879226e+00 -2.4725978050e+00 -2.3798263405e-01  9.8662654478e-02  3.5492999221e+00
ENERGY -6.539165274656e+02
GRADIENT  1.2326793483e-03  2.2443331026e-03  7.4391813824e-05 -2.9403062951e-05  1.6996654326e-05 -3.5320433827e-06 -3.0326853610e-04  1.7030007255e-03 -1.9216566922e-03  2.8323864626e-05  1.1750546246e-05  2.6727688915e-05  3.9136013069e-06  7.7851285693e-07  1.4832213181e-04  4.1861099941e-05  4.1721268142e-05  2.6197662296e-05 -3.6158957297e-05 -6.0348233057e-05 -6.1051917125e-05 -1.9890525135e-03 -2.5038174157e-03 -1.0825881783e-03  1.0771514790e-03 -1.4529423618e-03  2.8877274497e-03  6.4851033632e-05 -3.4172592775e-05 -4.8042797930e-05 -5.6289893163e-05  3.0075948920e-05 -5.7244221770e-05 -3.6585355296e-05  1.4555669926e-05  2.2801849364e-05  2.0027645212e-05 -1.8170477035e-05 -7.2533654789e-06 -5.2290999825e-05  2.7194066522e-05 -2.5447908953e-05 -3.0102916466e-06 -7.2648821331e-06  6.5659871165e-06 -4.3318658247e-06 -1.2480146161e-06 -7.0617965553e-06 -8.6139207663e-07 -6.9162796280e-07 -6.3455233907e-06  4.3143651652e-06 -4.6227751442e-08  3.6507295738e-07 -7.1730484757e-06  6.1380550951e-06  2.0735405439e-05  5.0658442379e-07  1.1674226142e-05  1.7368669731e-06 -9.8067178102e-06 -6.5292728551e-06 -2.6631717852e-06  1.1110990839e-06  1.6549707857e-06  3.2603366376e-06

JOB 20
COORDS  1.7946330551e+00 -1.1936185311e+00 -4.9374262015e-02  7.0726927564e-01 -6.1326336289e-01  5.9473453715e-01  5.4039341717e+00 -1.9274466341e+00  2.2606590139e-01  3.8645668408e+00 -3.1673834195e+00 -1.1205678423e+00  1.8287731739e+00 -9.2666693827e-01  2.7216913621e+00  6.4324869286e+00 -2.5007515983e+00 -5.2369637731e-01  4.9642888506e+00 -3.6828214023e+00 -1.8094177789e+00  2.9268920102e+00 -1.6576683048e+00  6.4794258070e-01  4.0729892666e+00 -2.2613498174e+00 -6.8859194167e-02  7.2249928604e-01 -4.8027770609e-01  1.9898261671e+00  2.8975548765e+00 -1.4949203365e+00  2.0368879097e+00  6.2366833317e+00 -3.3658903754e+00 -1.5301397594e+00 -3.6843291916e-01  9.5912473983e-02  2.5835698626e+00  3.9459731180e+00 -1.9283115051e+00  2.7833802609e+00  1.7840963737e+00 -1.2748925828e+00 -1.1324402934e+00 -1.5151483178e-01 -2.5175634405e-01  3.8331031247e-02  5.6399458543e+00 -1.2270104941e+00  1.0202530337e+00  2.8609892274e+00 -3.4857679633e+00 -1.3885936803e+00  1.8751467959e+00 -8.4885339721e-01  3.8050472555e+00  7.4689517972e+00 -2.2464521090e+00 -3.0650053022e-01  4.8139227298e+00 -4.3903574784e+00 -2.6237235170e+00 -2.3366252827e-01  1.3289129395e-01  3.5438895476e+00
ENERGY -6.539176546692e+02
GRADIENT  4.0724032884e-04  8.3523908540e-04 -6.5255506139e-05 -3.5453817655e-05  1.5605195498e-05 -2.0935491795e-05 -2.8190938495e-05  7.1138832272e-04 -6.2143305603e-04 -2.2129310109e-05 -3.8396765001e-06 -5.9714026389e-06  6.0165334757e-06  9.0009598557e-07  3.6970409838e-05  9.5204894866e-05  5.3964993286e-05  5.5785948221e-05 -6.7556636620e-05 -5.8271701797e-05 -6.9511200288e-05 -6.0830189328e-04 -9.0502772596e-04 -2.1354845679e-04  2.9461127405e-04 -6.6032398219e-04  8.6744412351e-04  3.5480836334e-05 -1.5515613429e-05 -2.0512402794e-05 -7.6371569633e-06  7.7117184061e-06  5.8704482063e-07 -5.3349288648e-05  2.9496189138e-05  3.8813857261e-05  1.0557091152e-05 -9.4343770092e-06 -1.2217743976e-05 -1.7587400357e-05  3.3318971569e-07  6.0544939021e-06 -1.0098647002e-06 -4.5057897749e-06  3.0237038181e-06 -2.2578747307e-06  2.2270812010e-06 -4.8702898447e-06  1.3827665652e-05 -8.1535514425e-06 -9.6282507183e-06  1.8355732970e-06 -3.4345177774e-06 -1.0095590445e-05 -1.3177735729e-06 -1.2468737940e-06  4.1942477185e-06  5.3338127740e-06  1.4824752153e-05  1.3037385170e-05 -1.7204113445e-05 -3.1306203651e-06 -6.8615843553e-06  3.2796280889e-06 -1.1740975517e-06 -1.2702735535e-06

JOB 21
COORDS  1.7515981378e+00 -1.2794130720e+00 -3.4381307037e-02  6.4876736655e-01 -7.3545888369e-01  6.1224799393e-01  5.4261026768e+00 -2.0225988025e+00  2.9102492348e-01  3.8689096536e+00 -3.0425382671e+00 -1.2049470518e+00  1.8645326589e+00 -8.2666438646e-01  2.7050994512e+00  6.4439978513e+00 -2.6235226626e+00 -4.5175757409e-01  4.9579454260e+00 -3.5960838732e+00 -1.8787624083e+00  2.9475167367e+00 -1.6097978156e+00  6.3718802128e-01  4.0867329405e+00 -2.2186202034e+00 -8.6657692138e-02  7.0343292231e-01 -5.0727607850e-01  1.9939847151e+00  2.9466666403e+00 -1.3644954625e+00  2.0165832242e+00  6.2365124657e+00 -3.4010485619e+00 -1.5244740041e+00 -4.0342502346e-01  2.9886191843e-02  2.5930138200e+00  4.0359413203e+00 -1.6833917416e+00  2.7631239527e+00  1.7013167500e+00 -1.4258370676e+00 -1.1087512617e+00 -2.5323834128e-01 -4.7566057856e-01  6.7568536756e-02  5.6837662079e+00 -1.3983734322e+00  1.1381534947e+00  2.8631941968e+00 -3.2794209380e+00 -1.5384913789e+00  1.9449870948e+00 -6.7817387532e-01  3.7790190392e+00  7.4837840623e+00 -2.4684422256e+00 -1.6715860039e-01  4.7921886313e+00 -4.2367289232e+00 -2.7438737423e+00 -2.3734644687e-01  1.4053366818e-01  3.5427657027e+00
ENERGY -6.539174510309e+02
GRADIENT -5.7116036842e-04 -1.5042048202e-03  4.7640921682e-04 -2.7883412390e-04  9.2669367918e-05 -1.2353297258e-04 -1.8978607986e-04 -1.4943441509e-03  8.2439862438e-04  6.5421421477e-05  2.1390795811e-05  6.9808395842e-05 -1.7432512686e-05  5.0566465026e-05  2.3650272043e-04  3.1933378796e-04  1.0825054691e-04  1.5857428177e-04 -9.7612075830e-05 -9.8370398713e-05 -1.4892706346e-04  8.4189896579e-04  1.5834693717e-03  2.1513525701e-05 -2.1783191483e-04  1.3487783164e-03 -1.3253638505e-03  2.4020181668e-04 -1.2126877361e-04 -1.3371449359e-04 -4.4574503673e-05 -1.8446565078e-05 -4.4125577332e-05 -1.3547048443e-04  6.0171328543e-05  7.7568798704e-05  8.2382857869e-05 -4.6880607585e-05 -7.6156129199e-05 -7.7787296791e-06  1.2809773900e-05 -3.0816954777e-05 -1.1383550762e-05  1.1058935825e-05  1.1087713378e-05 -2.2662400080e-05  2.1571271959e-06 -3.3420046282e-05 -1.7250839360e-06 -7.2792299739e-06 -5.5991718631e-06  1.0108408504e-05  2.5333958038e-06  7.9190368153e-06  2.0340512583e-05 -8.8913860692e-08  3.0225651081e-05  2.6512181802e-05  1.5040083676e-05  2.0939400386e-05 -2.3655632123e-05 -1.0797285936e-05 -1.3606352906e-05  2.0308537387e-05 -9.6823278555e-06  1.6491977057e-06

JOB 22
COORDS  1.7068930267e+00 -1.3905329182e+00 -2.1903218125e-03  5.9433451638e-01 -8.7176667135e-01  6.4566797687e-01  5.4277914764e+00 -2.1393590934e+00  3.5766889806e-01  3.8904629163e+00 -2.9090774570e+00 -1.2924590472e+00  1.8888735838e+00 -7.1184550838e-01  2.6791896594e+00  6.4388916161e+00 -2.7527164381e+00 -3.8492802243e-01  4.9715581815e+00 -3.4863989381e+00 -1.9567276327e+00  2.9551253388e+00 -1.5858334743e+00  6.3154988376e-01  4.0966326304e+00 -2.1928040389e+00 -9.7189647965e-02  6.8144323666e-01 -5.2741542798e-01  2.0012096322e+00  2.9794091655e+00 -1.2320668703e+00  1.9896400079e+00  6.2409193036e+00 -3.4216426014e+00 -1.5288792227e+00 -4.3618413840e-01 -1.8914669850e-02  2.6035662814e+00  4.1049338247e+00 -1.4115162891e+00  2.7300519618e+00  1.6125426938e+00 -1.6219411578e+00 -1.0570467370e+00 -3.4309736376e-01 -7.2187947160e-01  1.1984233418e-01  5.6943824404e+00 -1.6114519965e+00  1.2626752776e+00  2.8979093510e+00 -3.0510101475e+00 -1.7055737196e+00  2.0037526187e+00 -4.7227514753e-01  3.7332917381e+00  7.4684073376e+00 -2.7011622632e+00 -3.3136608648e-02  4.8047066202e+00 -4.0388993985e+00 -2.8803845381e+00 -2.4269196538e-01  1.7906806215e-01  3.5338034075e+00
ENERGY -6.539158506948e+02
GRADIENT -9.2330805521e-04 -2.9763572141e-03  9.6119938773e-04  5.0372434998e-05  6.6705821442e-07  4.4103229478e-06 -4.2361134668e-04 -2.8665873669e-03  1.6724891453e-03 -1.5923359140e-04  1.1401025109e-05 -9.5188977819e-05  2.7791647619e-05  1.2369458264e-05  7.8433465607e-05 -4.0824142507e-05 -4.4337912889e-05 -8.9456617659e-05  8.7800317412e-05  1.4043045666e-04  2.5074931212e-04  1.1597207628e-03  2.8645822642e-03 -5.8398301947e-04  2.7208979966e-04  2.8419482000e-03 -2.0844671359e-03 -4.0972202807e-06 -2.8685912314e-06  1.1045260452e-05 -4.6601058057e-05  1.7913287862e-05 -6.4596609731e-05  9.9193693644e-05 -5.3052369125e-05 -5.2198435750e-05  3.1749636144e-06  2.8338927757e-06  1.9442731273e-05 -1.0318147683e-04  3.8439460532e-05  3.1929313535e-05  1.0803511396e-05  1.1529928487e-05  7.1332263562e-06  3.8472678037e-06  1.8456765527e-06  3.9703806572e-06  2.2614776608e-05 -1.4307514091e-05 -5.8019557027e-05 -1.8578761201e-05  1.1607243389e-05 -5.8142903126e-06 -4.9559954891e-06  6.7281842387e-06  1.6218575534e-05 -5.2058122150e-07 -1.4361349752e-05 -1.4014255207e-05  2.0496184836e-05  1.4852005777e-05  1.9454475246e-05 -4.0569724113e-06  2.6132292022e-06  7.0980460733e-06

JOB 23
COORDS  1.6623849441e+00 -1.5912367260e+00  6.1207776298e-02  5.5446395578e-01 -1.0549997163e+00  7.0129568753e-01  5.4053893185e+00 -2.3345455589e+00  4.2469409704e-01  3.9393746089e+00 -2.7572625818e+00 -1.3998670819e+00  1.9353885490e+00 -5.7373218466e-01  2.6202551058e+00  6.4243911661e+00 -2.9042575012e+00 -3.4201645095e-01  5.0244593818e+00 -3.3062116878e+00 -2.0802357929e+00  2.9511302060e+00 -1.6539487461e+00  6.4222058451e-01  4.0995765585e+00 -2.2425847194e+00 -9.6964663071e-02  6.8679356539e-01 -5.3847483569e-01  1.9967620159e+00  3.0191654821e+00 -1.1209602429e+00  1.9406053188e+00  6.2655152865e+00 -3.3912523896e+00 -1.5793287988e+00 -4.2739449256e-01 -1.8558909445e-02  2.5946366523e+00  4.1907746422e+00 -1.1097599048e+00  2.6309575942e+00  1.5131801763e+00 -1.9784951487e+00 -9.3879260059e-01 -4.1556827033e-01 -1.0282471149e+00  2.1539174512e-01  5.6480594447e+00 -1.9734017248e+00  1.4126031552e+00  2.9830997518e+00 -2.7442405995e+00 -1.9087733219e+00  2.0932828794e+00 -1.8695773138e-01  3.6237974866e+00  7.4297159368e+00 -2.9695812480e+00  7.2077156547e-02  4.8853464004e+00 -3.6998521915e+00 -3.0861788646e+00 -2.0051518791e-01  3.0266864843e-01  3.4819773574e+00
ENERGY -6.539145632334e+02
GRADIENT -2.1048956505e-06 -2.0789827026e-05  3.0261990853e-05 -1.4914117846e-04  1.2305596406e-05 -4.6603752425e-05 -2.7468967116e-05 -3.0614632446e-05  1.3353477232e-05  4.8876354775e-05 -9.3267386850e-06  2.5272930507e-05 -3.8260577165e-05  4.3000566743e-05  8.2043286251e-05 -2.2789689783e-04 -2.8052217678e-05 -1.9495647402e-04  1.3468304209e-04  5.1073286911e-05  1.8494072620e-04 -1.1612844118e-05  7.0855455332e-05  5.6074659688e-05 -7.4707568457e-05  7.9634863174e-05  2.0558404341e-05  1.1638153913e-04 -5.3689311665e-05 -6.1477706715e-05 -9.0418288459e-06 -4.0712379185e-06  1.6143877527e-06  1.1644120585e-04 -6.5394090612e-05 -7.3741587603e-05  3.4647132217e-05 -2.7361952849e-05 -4.4632781824e-05  5.0147849671e-05 -1.3526582552e-05  8.6151340844e-06 -2.3376647374e-05  1.0603688186e-05  1.7159321944e-06 -1.3802740787e-05 -5.9245709010e-06 -2.2516763519e-05 -3.4399216253e-05  2.4487924540e-05  3.1797321617e-05 -4.5843766331e-06  3.0599507927e-06  2.1029055529e-05  1.3103304750e-05  1.2550297838e-07  5.9686719277e-06 -1.4445931161e-05 -9.2778801112e-06 -3.9095291928e-05  4.1073060831e-05 -1.5776916347e-06  1.9206696404e-05  6.6647110118e-06 -2.4714706336e-06 -3.6550811810e-06

