JOB 0
COORDS  1.3688774608e+00  1.1877105768e-01  1.8285281437e+00  1.6191291588e+00 -4.8625275473e-01  3.0477105595e+00 -5.2496632803e-01 -1.3345279202e+00  1.5775596807e+00  2.6048835194e-01 -2.9365154644e-01  1.0651956236e+00  7.5658361365e-01 -1.5241781730e+00  3.4735172406e+00 -7.3675159960e-02  2.7565229988e-01 -2.5889505291e-01  1.9204928462e+00  2.4412131903e+00 -2.4229298021e+00  6.8965615366e-01  1.6330869854e+00 -2.0548018424e+00 -2.9240777411e-01 -1.9442951430e+00  2.7422749451e+00  9.2510866547e-01 -2.1356604319e+00  4.7002944629e+00 -1.1190336947e+00  8.0579686827e-02 -8.5861257470e-01  9.3983773575e-01  1.0276280043e+00 -7.6166281325e-01  2.0148268434e+00  9.0959152892e-01  1.4611688242e+00  2.4545737824e+00 -1.7551999916e-01  3.6694567991e+00 -1.3791321331e+00 -1.6876323650e+00  1.0041334715e+00  2.1079345787e+00  3.2275353236e+00 -1.6854226224e+00  2.8061142234e+00  1.8012848365e+00 -2.4804830503e+00  1.7729110325e+00  2.9136641410e+00 -3.3995172718e+00  4.8748057766e-01  8.3948541911e-01 -2.7796448057e+00 -2.0592353031e-01  2.2569166106e+00 -1.9840481945e+00  1.8549896238e+00 -2.1331063485e+00  5.0985364622e+00  4.1542951483e-01 -3.0052802957e+00  4.8049533860e+00
ENERGY -5.709566985434e+02
GRADIENT -2.7216429178e-04 -3.9311952725e-04  1.6095833563e-04  3.3733956853e-04  9.4424529280e-05  2.6695380678e-04  1.2951203501e-03 -1.4614867163e-03 -8.8413161414e-04 -1.3286231704e-03  1.6967259781e-03  7.8206210423e-04 -4.5557180102e-05  1.4522064258e-04 -2.4373666383e-04 -7.3189061219e-04  1.5888554049e-03  1.1743110206e-03  2.4859040074e-08 -1.7738217346e-06 -9.0712270162e-07 -2.7897931918e-05 -5.5636135739e-06 -1.0098503504e-05  1.1253998943e-05 -3.9451140181e-05  3.3746427287e-05  2.1521980635e-06  6.9548649640e-05  1.6047495741e-05  9.5479912045e-05  1.4511847770e-04 -4.4545032905e-04  6.3404287002e-04 -1.8306174082e-03 -8.5295998207e-04 -6.6155343098e-06 -2.8194061106e-05  1.2911164836e-05  2.8166015720e-05  4.5124600567e-06  5.0970526393e-05 -4.5095348944e-08  3.3327814416e-05  7.0425929438e-06 -7.4429554636e-06 -6.0148218128e-06  7.6727070570e-07  1.5993625855e-08 -3.5456487458e-07 -1.2813866689e-08 -1.0486669387e-06 -4.0055337419e-06  2.5730002274e-07 -2.2260200683e-07  8.5458563369e-08 -6.9890541461e-06 -3.3263913179e-06 -3.1800254016e-06  1.5037183942e-05  1.6683332914e-05 -2.8523920083e-05 -1.2821807815e-05  1.9132087937e-06 -7.0063365042e-06 -1.4944979505e-05

JOB 1
COORDS  1.2480620336e+00  2.4573400287e-01  1.9293153804e+00  1.5277898695e+00 -4.0551790791e-01  3.1181721281e+00 -4.6604227328e-01 -1.3850871577e+00  1.5256465227e+00  2.0554964030e-01 -2.2801589217e-01  1.1118631982e+00  7.7645563349e-01 -1.5579362418e+00  3.4494337815e+00 -1.3321635151e-01  3.7326907306e-01 -1.9815681007e-01  1.9728429721e+00  2.3137210099e+00 -2.4673191586e+00  6.8221697281e-01  1.6419877531e+00 -2.0355627605e+00 -1.9426350671e-01 -2.0442884501e+00  2.6548684622e+00  9.7713098740e-01 -2.2245208233e+00  4.6433789947e+00 -1.2167122387e+00  2.7287303582e-01 -7.5053322609e-01  9.3022512971e-01  1.0095600811e+00 -7.5423360739e-01  1.8187210122e+00  1.1193224242e+00  1.6297764117e+00  2.3067222789e+00 -4.6833815532e-02  3.7857075613e+00 -1.2576700358e+00 -1.7945673525e+00  9.0169485868e-01  2.2797956682e+00  3.0751798148e+00 -1.7438972048e+00  2.7806881999e+00  1.5823402287e+00 -2.5645256397e+00  1.8289190944e+00  2.7994795715e+00 -3.4379085128e+00  3.6030272311e-01  8.7569041826e-01 -2.7462711628e+00 -1.3695944797e-01  2.3579673774e+00 -1.9225536890e+00  1.8912777196e+00 -2.1469907095e+00  5.0698122531e+00  5.6949472046e-01 -3.1519164807e+00  4.6730535316e+00
ENERGY -5.709548395329e+02
GRADIENT  6.4291314138e-05  1.1676841385e-04  3.7690779258e-06 -1.0709570636e-04 -5.5833626090e-05 -9.4255143114e-05  2.7308355312e-03 -2.2994567011e-03 -1.8209976563e-03 -3.6317134460e-03  2.1525900742e-03  2.0003702210e-03  5.9055979739e-05 -2.8234229633e-05  6.4069703421e-05 -1.3975360825e-04  3.3562886371e-03  1.7263628443e-03 -3.0554965828e-06  1.8701598813e-08  3.1501859900e-06 -1.5247130529e-05  6.1309108945e-06 -6.2147722411e-06  4.0732050335e-05  7.1006835389e-05 -4.5304441876e-05 -1.4938785365e-05  3.0170053974e-05  1.1219496106e-04  2.5176834435e-05  7.7076985348e-05 -1.1604179668e-04  9.7691097501e-04 -3.3679077975e-03 -1.7602762518e-03  1.8648954373e-05  9.8254169458e-06 -1.5932517750e-05 -1.8187464751e-05  1.8041186799e-07 -5.3488344463e-06 -3.4033336003e-06 -3.7406656334e-06 -7.2817006004e-06 -3.2352033494e-06 -1.3376744306e-06 -1.0702783096e-06 -3.8266671684e-06 -5.0683518005e-07 -1.3905800561e-06 -2.8921774942e-06 -5.1068569664e-07 -8.3561193594e-07  3.9325450184e-08 -2.8809913581e-06  2.0030671715e-06 -2.1483341446e-06  5.4504169723e-07  5.3266258697e-06  2.8707339460e-05 -3.6092246632e-05 -1.1481064122e-05  1.0406838590e-05 -1.6198991334e-05 -4.0255799590e-06

JOB 2
COORDS  1.1276246081e+00  3.7079113296e-01  2.0426539387e+00  1.4393616623e+00 -3.2529663267e-01  3.1982110278e+00 -3.8677274933e-01 -1.3989346509e+00  1.4722092397e+00  1.6030605987e-01 -1.4844864266e-01  1.1641789911e+00  8.0901172438e-01 -1.5710979957e+00  3.4262919981e+00 -1.8012637911e-01  4.9359552482e-01 -1.2906531249e-01  2.0140386660e+00  2.1931110145e+00 -2.5056123907e+00  6.8025025474e-01  1.6643039462e+00 -2.0110724596e+00 -7.5303151833e-02 -2.1029872924e+00  2.5642670679e+00  1.0438688062e+00 -2.2920910376e+00  4.5834867736e+00 -1.2918584313e+00  4.9848566535e-01 -6.3017304988e-01  9.1842364122e-01  1.0081516924e+00 -7.3876659448e-01  1.6159008669e+00  1.3147634345e+00  1.8188626782e+00  2.1558299392e+00  6.7568420337e-02  3.9146335362e+00 -1.1089554658e+00 -1.8503277702e+00  7.9469359179e-01  2.4343089491e+00  2.9176331219e+00 -1.8015180924e+00  2.7332849687e+00  1.3790157248e+00 -2.6351917616e+00  1.8782572084e+00  2.6904839899e+00 -3.4714796552e+00  2.4504870278e-01  9.3641058441e-01 -2.7015076729e+00 -5.1419367075e-02  2.4639968954e+00 -1.8639367580e+00  1.9344880485e+00 -2.1496427276e+00  5.0420651323e+00  7.4324315144e-01 -3.2587397853e+00  4.5333827818e+00
ENERGY -5.709519021668e+02
GRADIENT  8.8074903206e-05  1.0510490540e-04 -3.6898122701e-05 -1.4380640553e-04 -3.8809121963e-05 -1.4648671351e-04  4.3032620090e-03 -2.4219431761e-03 -2.4419649597e-03 -6.3166632358e-03  1.9720016755e-03  2.6125943901e-03  1.2428629079e-04 -1.1513065772e-04  1.5089571971e-04  1.0433895168e-03  5.2900626767e-03  2.2643045328e-03 -5.4235713186e-07  7.2890777428e-06 -5.3020413224e-06  2.0052807889e-05  1.4014398219e-05  5.8437060586e-06  1.1710647562e-05  1.0637193600e-04 -7.5361125906e-05 -6.1537759269e-06  6.3533495829e-06  1.5633593753e-04 -3.1660057102e-05 -1.6330501120e-04  1.7155966669e-04  8.7929951046e-04 -4.6890104195e-03 -2.5903797956e-03  6.8224020394e-07 -4.6073013329e-06 -2.2464902789e-05 -3.0908735361e-05 -1.1689323577e-05 -7.7983902598e-06  2.5163983566e-05  6.0943282789e-06 -2.8096357764e-05  6.0225371294e-06  1.4999920440e-06 -3.0300402330e-06 -2.9054851220e-06 -2.5354243457e-06 -1.9253716845e-06  6.0916987559e-06  1.6168126584e-06 -2.8906736748e-06  1.3797265190e-06 -1.6568877516e-06  7.3085400704e-06  5.9366896273e-06  3.2976866659e-06 -1.5743709676e-05  2.5972809020e-05 -3.5133432945e-05 -7.9738620626e-06  9.2257150858e-06 -1.6329862089e-05 -1.7186969811e-06

JOB 3
COORDS  9.9590365790e-01  4.6107755584e-01  2.1514177778e+00  1.3275015504e+00 -2.7245346725e-01  3.2789080279e+00 -2.7876577097e-01 -1.4192587096e+00  1.3896680790e+00  1.3656420038e-01 -9.9138374018e-02  1.1916876383e+00  8.3213673282e-01 -1.5918440413e+00  3.3941200263e+00 -2.0717753163e-01  5.9650152795e-01 -7.8503852459e-02  2.0315757929e+00  2.0502624933e+00 -2.5725217211e+00  6.7512098971e-01  1.6750235853e+00 -2.0050391433e+00  5.7210823041e-02 -2.1568690682e+00  2.4529683175e+00  1.0904756366e+00 -2.3597769352e+00  4.5174999522e+00 -1.3367794255e+00  7.3527768819e-01 -5.1322097463e-01  9.0630097933e-01  9.8631284866e-01 -7.4734931625e-01  1.3871182449e+00  1.4656673155e+00  2.0157962374e+00  1.9595890197e+00  1.4825134431e-01  4.0563163440e+00 -9.1343911668e-01 -1.9037778117e+00  6.4969715700e-01  2.5706180015e+00  2.7163646135e+00 -1.8921715736e+00  2.6439581766e+00  1.1597953206e+00 -2.7421975583e+00  1.9008162197e+00  2.5666910319e+00 -3.5290342316e+00  1.2120611856e-01  1.0064304860e+00 -2.6699539279e+00  4.9433371086e-02  2.5521062735e+00 -1.8162230163e+00  1.9402133891e+00 -2.1535806618e+00  5.0267823524e+00  9.0815501445e-01 -3.3482378773e+00  4.3869677293e+00
ENERGY -5.709483730883e+02
GRADIENT -2.2884412514e-05 -2.5881603423e-05 -2.1357302672e-06 -4.9203487340e-06  1.7913929825e-05 -1.8039494136e-05  4.8459707587e-03 -1.9146893844e-03 -2.5079390933e-03 -7.1347587139e-03  1.1274560252e-03  2.6060079501e-03  5.2705729801e-05 -4.2780055145e-05  1.3503724646e-04  2.1285141761e-03  5.6098941502e-03  2.4888757269e-03 -1.9501845711e-06  1.7335750795e-06 -7.1830381875e-06  1.6705955447e-06 -5.8665096178e-06 -5.5293040270e-06  5.5982850099e-06  7.4698382612e-05 -2.4958753760e-05  5.4636727180e-05 -1.8610456656e-05 -1.9460661100e-05  1.9133429312e-05 -3.2921916486e-07 -7.9054287982e-06  7.8340054109e-05 -4.8917778056e-03 -2.6903690919e-03 -8.1132826054e-06 -1.4536260930e-06  2.7090875249e-06 -1.1336005421e-05 -5.5447639089e-06  1.2970617903e-06 -5.1304671148e-07 -3.4371403048e-06 -2.3919185280e-05 -5.7209039412e-06  4.5600156987e-07 -3.8731656169e-07  1.2474926710e-07  1.7645749684e-06  4.6380454431e-07  5.0593774510e-07  9.3760710271e-08 -2.7265967703e-06  2.2236499760e-06 -6.1369042195e-06 -4.3193880161e-06 -3.0118906635e-06 -5.2811950474e-06 -7.3882733959e-06 -2.6758293347e-05  1.5667572166e-05  2.1216491495e-05 -2.3836416107e-06  1.1789360499e-05  5.2106530047e-06

JOB 4
COORDS  8.7360944029e-01  5.2658051896e-01  2.2776624393e+00  1.2023355580e+00 -2.4247038310e-01  3.3834333867e+00 -1.1190161525e-01 -1.4249340112e+00  1.3020630912e+00  1.7099072030e-01 -6.0139230349e-02  1.2139303499e+00  8.5450423497e-01 -1.6120417537e+00  3.3798034812e+00 -1.8294697190e-01  7.0239245978e-01 -2.1259992898e-02  2.0232349632e+00  1.9187647764e+00 -2.6655815077e+00  6.7784888127e-01  1.7095593379e+00 -1.9958483019e+00  2.1979304252e-01 -2.1908762947e+00  2.3476655924e+00  1.1134527453e+00 -2.4224392762e+00  4.4756635625e+00 -1.3140716731e+00  1.0046992834e+00 -3.5397827478e-01  9.1479246569e-01  9.6905359263e-01 -7.6758629359e-01  1.1493585425e+00  1.5773218104e+00  2.2416323860e+00  1.7184311967e+00  1.9286470669e-01  4.2348746870e+00 -6.3220649717e-01 -1.9281452854e+00  4.8853487817e-01  2.6963237598e+00  2.4930402035e+00 -2.0220761979e+00  2.4983871932e+00  9.6061002325e-01 -2.8954231346e+00  1.8868539692e+00  2.4699422096e+00 -3.6016885139e+00 -9.3093770359e-03  1.1331232546e+00 -2.6214773194e+00  1.8883711408e-01  2.6554030897e+00 -1.7457775400e+00  1.9056257295e+00 -2.1656841992e+00  5.0508964455e+00  1.0556762162e+00 -3.4128845210e+00  4.2675443287e+00
ENERGY -5.709452894869e+02
GRADIENT -2.7545342717e-05 -8.4943869780e-05  5.3944930601e-05  1.9997995925e-05  2.8969925551e-05 -1.7988029818e-05  3.5315206494e-03 -8.5269511485e-04 -1.6237865730e-03 -5.4901200470e-03  1.5665709135e-04  1.5194993068e-03  5.8945875433e-05 -4.7514616636e-05  1.6802960323e-04  2.3837610460e-03  4.0638111534e-03  1.9217815916e-03 -3.7458483544e-06  9.8814353875e-06 -3.6346525484e-06  6.8922438363e-06  2.6754008194e-05  1.8049583230e-05  8.5867385287e-07  1.0892078085e-04 -3.5260320255e-05  5.1556559671e-05 -3.3212254530e-06  2.2122181711e-05 -2.3016684293e-05 -1.1838799221e-05 -1.4241667006e-05 -5.1049705691e-04 -3.3513122318e-03 -1.9448054366e-03  1.3040647345e-05 -1.1166240593e-05 -6.0432012402e-06 -3.6141288768e-06 -1.2817190194e-05  7.1733882599e-06 -9.3801313270e-06  1.7822568750e-05 -2.2122210341e-05 -4.2665729058e-06  3.4888789441e-06 -2.1333709025e-06 -3.2399672101e-06 -9.5490113905e-07  4.1201827991e-06  2.3900268043e-07 -3.5320891864e-06 -4.9031023553e-06  3.3025601784e-06  4.9593209883e-06 -6.7221587258e-06 -8.4373318699e-06 -2.5532480288e-06  5.1462576177e-06 -1.6626338422e-05  1.3195605961e-06  2.0707126707e-05 -6.4590313815e-06  1.2099537699e-05  6.4839138452e-06

JOB 5
COORDS  7.5119872967e-01  5.5810937676e-01  2.4109583578e+00  1.0450227984e+00 -2.4759178456e-01  3.5008519844e+00  1.2610987482e-01 -1.4171014296e+00  1.2119752737e+00  2.7848855101e-01 -2.9847011578e-02  1.2284096751e+00  8.6233321818e-01 -1.6430347721e+00  3.3778623171e+00 -9.7683777572e-02  7.9999602471e-01  4.0380364431e-02  1.9639144490e+00  1.7887616987e+00 -2.8067861088e+00  6.8047561535e-01  1.7444669379e+00 -1.9986416844e+00  4.1189697789e-01 -2.2131524556e+00  2.2493394892e+00  1.0906018453e+00 -2.4950662529e+00  4.4501695186e+00 -1.1978979961e+00  1.2846138342e+00 -1.4680562745e-01  9.4411785162e-01  9.5206682043e-01 -8.0806433880e-01  8.8099354440e-01  1.6353159583e+00  2.4770617305e+00  1.3995314514e+00  1.8189031126e-01  4.4339272614e+00 -2.4210880704e-01 -1.9180470324e+00  3.1777942467e-01  2.7722809479e+00  2.2513947915e+00 -2.2329424901e+00  2.2781825726e+00  7.8190512998e-01 -3.0968678643e+00  1.8058979793e+00  2.3768285951e+00 -3.7166683411e+00 -1.4009912920e-01  1.2790806219e+00 -2.5518251800e+00  3.5232254345e-01  2.7405225331e+00 -1.6883394566e+00  1.7890772628e+00 -2.1978078308e+00  5.1196925618e+00  1.1676830742e+00 -3.4689251273e+00  4.1792375464e+00
ENERGY -5.709441464679e+02
GRADIENT -1.7448362910e-05  8.2713932631e-05 -2.6487911376e-05  4.8325293008e-06 -2.6888802067e-05 -2.5874078520e-05 -3.2050449557e-04  5.5219953831e-06  1.3034208573e-04  5.6917951919e-04 -4.5932589671e-06 -8.7457266092e-05 -1.4084898250e-05  2.0223965962e-05 -4.8449611745e-07 -2.5252575329e-04 -2.1235645474e-04 -7.0190219374e-05  4.3018811810e-06  4.1204693737e-06 -1.5727007214e-06  9.9951856819e-06  3.6863034576e-05  1.8441754382e-05 -1.4957647238e-05 -1.9936220016e-05  7.0945200870e-06  1.3588189794e-05 -1.9052404485e-06 -5.5367494472e-05 -1.1816400214e-05 -8.3605729948e-08 -1.0331530942e-05  6.7386243601e-05  1.8785721475e-04  1.2648980400e-04  9.6870883900e-06  1.0044255960e-05  3.2412930836e-06  1.3078085661e-05  1.1622474020e-05 -9.4700999346e-06 -1.1765362068e-05 -9.8232916081e-07  3.0351823276e-06  3.1670410094e-07  4.7797066245e-06 -5.6890259393e-06  4.6007079673e-06 -2.2132924924e-06  2.0517039578e-06  8.2361347656e-07 -7.0037508113e-06 -8.0002199604e-06  1.0244033123e-05  3.2901012591e-06 -2.1347364701e-05 -8.9532778872e-06 -7.6186621294e-06  1.0651915214e-05 -1.6266294074e-05  1.2356759908e-05  3.6774473639e-06 -3.8907840506e-06  7.7672955202e-06  1.6654906516e-06

JOB 6
COORDS  1.3509645018e+00 -4.9980042148e-01  1.3827382945e+00  1.7821637611e+00 -1.0793747255e+00  2.5652769863e+00 -8.8814908109e-01 -6.3535525378e-01  2.2175169435e+00 -2.2644261720e-02 -2.9415922297e-01  1.1763244658e+00  8.1828896450e-01 -1.4154811372e+00  3.5431757302e+00 -5.1004067378e-01  4.3648624026e-01 -3.2315447654e-02 -2.5096176044e+00 -8.0633792530e-01 -2.8237304357e+00 -1.7389124474e+00  2.5452840072e-01 -2.0601378886e+00 -4.9301301207e-01 -1.1867243973e+00  3.3711710750e+00  1.1945930793e+00 -1.9476438015e+00  4.7677859303e+00 -2.6461672630e-01  1.6039001062e+00 -2.7572858603e-01 -1.2117653228e+00 -3.7200124963e-01 -8.5902868245e-01  2.0687209914e+00 -2.0494007073e-01  6.2180080826e-01  2.8386380080e+00 -1.2536794274e+00  2.7503710092e+00 -1.9588273012e+00 -4.6281922551e-01  2.1179907938e+00 -1.8586665466e+00 -1.6421813948e+00 -3.0964744370e+00 -3.3386374847e+00 -1.1949288157e+00 -2.2249998291e+00 -2.9197393946e+00 -3.7413080076e-01 -3.7422567108e+00 -2.3734644370e+00  1.0955302347e+00 -1.7666377767e+00 -9.0141524685e-01  6.5349578530e-01 -2.6393970836e+00  2.0458669163e+00 -2.4947669187e+00  4.7804347846e+00  4.2579774859e-01 -2.3644211778e+00  5.2804138457e+00
ENERGY -5.709456948206e+02
GRADIENT  9.5642373009e-06 -4.1950151112e-05 -9.2274070366e-07  2.5977066345e-05 -9.2891068024e-06  3.9103375037e-05  1.1531073248e-03  3.8252470251e-03  2.1640462829e-03 -1.3079495520e-04 -6.0828552953e-03 -3.8165402212e-03 -1.3245380031e-04  7.6491387072e-05 -1.4761739382e-04 -4.4176610420e-03  3.2611417199e-03  3.7832881609e-03 -4.3214961192e-06 -2.5004651572e-06 -4.0801308142e-06 -1.7980112779e-05  9.3322662835e-07  5.0570775386e-06 -8.4794727667e-05 -4.5685648406e-05  1.4004669996e-04 -9.6964431948e-05  1.9699180277e-05 -7.5447712174e-05 -1.9940522365e-06 -6.7035257856e-06 -9.4074202787e-06  3.6375794753e-03 -1.0335785993e-03 -2.1077859600e-03  3.8947220872e-07  8.0580600909e-06 -5.6768965800e-06  1.3846124472e-05  3.8724405746e-06 -1.7347932157e-05  2.2819856818e-05 -1.7535588242e-05  3.2717647049e-05 -6.6146072080e-07 -6.9967353098e-06 -9.5605548402e-07 -4.7388693195e-07 -1.0685084073e-06 -4.0817853125e-06  1.3405657882e-06 -8.9191115499e-06 -7.5149915570e-06  6.7144692036e-06 -3.7551187315e-07 -3.4262851195e-06 -8.5519880459e-07 -1.1704308481e-05 -1.1973038639e-05 -4.6458688573e-06  2.3174584799e-05 -1.6944504671e-05 -2.6055768373e-06  6.8678318577e-06  2.6779843048e-06

JOB 7
COORDS  1.4212252636e+00 -3.9884865314e-01  1.4526601396e+00  1.8047788599e+00 -9.5511709720e-01  2.6607702780e+00 -8.5601696151e-01 -8.2522559654e-01  2.0606611071e+00  5.8568595971e-02 -3.6664665045e-01  1.1085434909e+00  7.9881271614e-01 -1.4293423731e+00  3.5354857882e+00 -3.8728169060e-01  3.5629328128e-01 -1.1363744281e-01 -2.6588148738e+00 -7.5401800480e-01 -2.7487218132e+00 -1.7306187251e+00  2.3740266135e-01 -2.0717064916e+00 -5.0929341235e-01 -1.3496738497e+00  3.2416307256e+00  1.1183629258e+00 -1.9472767855e+00  4.7794403023e+00 -4.6668119630e-03  1.4685862188e+00 -4.3301609858e-01 -1.2145894346e+00 -4.0016069988e-01 -8.7320971586e-01  2.1618823323e+00  1.0398973646e-02  7.7115907444e-01  2.8515422061e+00 -1.0050963937e+00  2.9482001264e+00 -1.9246272585e+00 -7.7486313352e-01  1.8582329125e+00 -2.1241857155e+00 -1.6703210539e+00 -3.0157994983e+00 -3.4935699003e+00 -1.0194253745e+00 -2.0932190607e+00 -3.0656581690e+00 -3.1223568175e-01 -3.6641469788e+00 -2.2479123147e+00  1.1576135026e+00 -1.7852287649e+00 -8.8600655983e-01  5.1330767499e-01 -2.7093424400e+00  2.0293292354e+00 -2.3766257986e+00  4.8764433466e+00  3.6173769238e-01 -2.4609132487e+00  5.2162017199e+00
ENERGY -5.709490185784e+02
GRADIENT  6.3749429742e-05  4.9804059961e-05 -1.3205635910e-05 -7.3469821528e-05  1.1156626922e-05 -1.0680190375e-04  3.2661234505e-04  5.5164119526e-03  2.9461202137e-03  9.6587224388e-04 -8.9587837449e-03 -5.4972833453e-03  4.5526728516e-05 -4.8165371375e-05  2.5524797367e-04 -6.0963818647e-03  5.5963792662e-03  5.4565158505e-03 -1.8486925510e-06 -2.1857626547e-06  4.8198209490e-06  1.5192662676e-05 -1.4406122336e-05  2.2254157440e-05  6.4323933570e-05  2.7489313904e-05 -3.6942694030e-05  1.9018385387e-05 -1.1121844701e-04 -7.2252093876e-05 -5.0552697783e-06 -1.7289367040e-05  2.7865297203e-05  4.6809899971e-03 -2.1366779823e-03 -2.9715928870e-03  6.5199322794e-06 -1.1281654979e-05 -9.7643579601e-06 -1.6996566453e-05  4.2202411352e-06  1.0422066062e-05 -8.9391072447e-06 -3.7386952755e-06 -7.7633683041e-06 -1.8353903343e-06 -2.2245353757e-06  5.0709024325e-06 -1.8140760984e-06 -3.5307610971e-06  5.3064250895e-06 -1.3853828097e-06  1.2612428050e-07  6.3497205655e-06 -9.3066264077e-06  1.7534015185e-07  7.7180694706e-06 -4.0770841939e-06  6.3746045594e-06  5.8686767267e-06  4.1646366946e-06  4.5997986143e-05  2.6622891313e-05  9.8234115329e-06  3.3309077123e-05  1.3132129096e-05

JOB 8
COORDS  1.4539679899e+00 -3.0165185070e-01  1.5193133694e+00  1.8012392743e+00 -8.4847158013e-01  2.7414718237e+00 -8.1000807471e-01 -9.6932285906e-01  1.9424458334e+00  1.2296605014e-01 -3.9414174014e-01  1.0732855916e+00  7.8463143401e-01 -1.4441717277e+00  3.5262593756e+00 -2.8785936550e-01  2.9930600377e-01 -1.7213033472e-01 -2.7655375660e+00 -6.9663070652e-01 -2.6638326412e+00 -1.7149575413e+00  2.2446798264e-01 -2.0714902593e+00 -5.0059302809e-01 -1.4876430203e+00  3.1356888340e+00  1.0609808399e+00 -1.9629779222e+00  4.7780396078e+00  1.9736463739e-01  1.3456296251e+00 -5.6996301564e-01 -1.2231481000e+00 -4.0191859413e-01 -8.5840088802e-01  2.1940548757e+00  1.9700298195e-01  8.9996134891e-01  2.8234236665e+00 -8.0391435814e-01  3.1076338909e+00 -1.8590500253e+00 -1.0191456727e+00  1.6573888993e+00 -2.3387098326e+00 -1.6762037188e+00 -2.8985382885e+00 -3.5981774456e+00 -8.3968890884e-01 -1.9686376554e+00 -3.1588414708e+00 -2.6096266386e-01 -3.5880821296e+00 -2.1235925451e+00  1.2073863196e+00 -1.8194409893e+00 -8.7155508522e-01  3.7744799970e-01 -2.7506879810e+00  2.0034677945e+00 -2.2904080907e+00  4.9447618118e+00  3.3080554516e-01 -2.5595432318e+00  5.1492249142e+00
ENERGY -5.709526123440e+02
GRADIENT -1.7816635991e-05  3.0589648895e-05 -2.7141255762e-06  1.3183238285e-04 -3.9707121036e-06 -2.2470329968e-06 -6.0467613177e-04  4.8856651785e-03  2.6800663909e-03  1.9725970148e-03 -8.2650066235e-03 -4.9879990494e-03  1.0024608977e-05  3.9076572261e-05  4.8930592692e-05 -5.3987339693e-03  5.8561866070e-03  4.9755190794e-03  2.8804468671e-06  2.5804483908e-07 -2.2814506989e-06  2.1176020115e-05 -1.5099931648e-05  1.3770784887e-05  4.0683377414e-05  1.6123025137e-05 -1.0653449028e-05  1.1194924186e-05 -6.9016127200e-05 -1.1810158244e-04  2.6744815170e-05 -1.7357570361e-05  4.3222763944e-05  3.8286196797e-03 -2.5338973357e-03 -2.6722662975e-03  1.4540432424e-05 -1.0209411173e-05  9.4253682056e-06  9.6050937394e-06  5.8556753704e-06  1.0590306426e-05 -1.2139953262e-05  5.3021066175e-07 -1.6239931249e-05  4.5958342646e-06  1.4694219213e-06 -3.9953250807e-06  3.8223736010e-06 -3.4846892590e-06 -1.2885884089e-06  3.8206461015e-06  4.8112410836e-06  1.0409736809e-06 -2.1903327055e-06  4.8999978933e-06  5.6197465054e-07  3.7554513196e-08  9.3412563875e-06  1.1021402565e-06 -2.8258580594e-06  3.7600261980e-05  1.3886278979e-05  1.3909921603e-06  2.5443585455e-05  4.1546185268e-06

JOB 9
COORDS  1.4556169319e+00 -2.0845715570e-01  1.5796022563e+00  1.7755476728e+00 -7.4651859303e-01  2.8124843873e+00 -7.5664989307e-01 -1.1002160071e+00  1.8422150846e+00  1.6696353516e-01 -4.0775553286e-01  1.0502285718e+00  7.7374247951e-01 -1.4567133020e+00  3.5173054520e+00 -2.0755554393e-01  2.4350890883e-01 -2.2583348156e-01 -2.8514473406e+00 -6.3341762457e-01 -2.5879443731e+00 -1.6898861457e+00  2.0318513459e-01 -2.0837440777e+00 -4.7321506643e-01 -1.6189036395e+00  3.0411056262e+00  1.0177992400e+00 -1.9754898414e+00  4.7748045001e+00  3.6136903593e-01  1.2152768355e+00 -6.9786281579e-01 -1.2317823636e+00 -3.9465014165e-01 -8.4438651890e-01  2.1811930224e+00  3.6680481616e-01  1.0119422772e+00  2.7639881728e+00 -6.1552268409e-01  3.2446968406e+00 -1.7740123239e+00 -1.2459607670e+00  1.4864538643e+00 -2.5402063846e+00 -1.6668640569e+00 -2.7668449137e+00 -3.6727270547e+00 -6.3942240236e-01 -1.8650255132e+00 -3.2242388790e+00 -2.1731409699e-01 -3.5295544073e+00 -1.9827440114e+00  1.2388084794e+00 -1.8882501286e+00 -8.5676691116e-01  2.1937543720e-01 -2.7920887839e+00  1.9756606438e+00 -2.2080001238e+00  5.0023696817e+00  3.2864063442e-01 -2.6499238535e+00  5.0864257439e+00
ENERGY -5.709554691847e+02
GRADIENT -3.6950735642e-05 -5.6015117175e-05  1.9429386220e-05  1.0545771010e-04  2.3100552402e-06  1.1377018204e-04 -7.7273391576e-04  3.3482648668e-03  2.0627177482e-03  1.9873368458e-03 -5.9073816707e-03 -3.6180948649e-03 -6.6327207821e-05  7.7916162264e-05 -2.8204800239e-04 -3.5990930253e-03  4.6325554648e-03  3.5897535823e-03 -2.9840438490e-06  4.7962239142e-07 -9.8842979862e-07 -3.6031474380e-06  1.9367840121e-05 -2.4006430579e-05 -4.2841225949e-05 -5.2626581083e-05  6.8477130835e-05 -5.2951525191e-05  9.0058893931e-05  2.7375169957e-05 -1.3165608840e-04  2.0849852903e-05 -1.8671301201e-04  2.5561685464e-03 -2.1080553664e-03 -1.7609551752e-03 -3.7925934110e-06 -3.6093087149e-06  1.1407943065e-05  2.4840829529e-05  5.0872488747e-06 -8.0458368623e-06 -1.1054649435e-05 -6.4010394427e-06  8.7436530148e-06 -3.0580681900e-06  1.1235693734e-06 -2.5537610733e-08 -1.0655865708e-06  1.8158970689e-06  1.3798500164e-06 -4.5393773781e-06 -6.0315149217e-07  5.6510560943e-07 -4.6261714346e-06 -1.3075922991e-06  3.6817251015e-07  9.2179452586e-07 -5.1880626040e-06  2.2021210282e-07  7.3273154588e-06 -3.1938484964e-05 -2.4797771674e-05  4.7896485968e-07 -2.4969508310e-05 -1.2005782530e-05

JOB 10
COORDS  1.4347204942e+00 -1.2583743863e-01  1.6215708450e+00  1.7388760877e+00 -6.5433997608e-01  2.8622050539e+00 -6.9698373108e-01 -1.2224499197e+00  1.7561431120e+00  1.9183171614e-01 -4.2011807068e-01  1.0295995378e+00  7.7450781233e-01 -1.4689971671e+00  3.5035000549e+00 -1.5023721858e-01  1.8422047868e-01 -2.7705974136e-01 -2.9226454865e+00 -5.5985643346e-01 -2.5347911682e+00 -1.6687250560e+00  1.7967364173e-01 -2.1055909279e+00 -4.2458773775e-01 -1.7405367562e+00  2.9576663515e+00  1.0016913779e+00 -1.9884003261e+00  4.7629939892e+00  4.9608954660e-01  1.0683579113e+00 -8.1819613627e-01 -1.2550014226e+00 -3.7404274042e-01 -8.3127166072e-01  2.1346894239e+00  5.1491207615e-01  1.0934788272e+00  2.6891515805e+00 -4.4422578727e-01  3.3457457394e+00 -1.6746186326e+00 -1.4591841194e+00  1.3437947673e+00 -2.7273717915e+00 -1.6308946368e+00 -2.6431639613e+00 -3.7256236035e+00 -4.2626713917e-01 -1.8037111395e+00 -3.2668761569e+00 -1.7275801273e-01 -3.4993729294e+00 -1.8451290612e+00  1.2520834507e+00 -1.9827589818e+00 -8.5244254021e-01  5.5084796234e-02 -2.8227716517e+00  1.9638219701e+00 -2.1265577726e+00  5.0430868884e+00  3.6600948430e-01 -2.7315294134e+00  5.0284611029e+00
ENERGY -5.709572278906e+02
GRADIENT  3.2112166657e-04  8.3754569850e-05 -1.0040088238e-04 -3.6250376129e-04 -3.8697067323e-05 -1.3579444834e-04 -6.1241183684e-04  1.4776368482e-03  8.1355674192e-04  1.2465798848e-03 -3.0321455667e-03 -1.6597641161e-03  1.3259687131e-04 -7.2406289908e-05  1.9837468933e-04 -1.8861850657e-03  2.7842143788e-03  1.9181109639e-03 -1.4830682547e-06 -6.2195628461e-06 -1.1800587448e-06 -2.4775844651e-05  3.7111585810e-05 -7.0962480240e-06 -2.4536477882e-07  1.8164404446e-04 -4.1208411287e-05 -9.6039523791e-06 -2.4294691815e-05  9.0228140096e-05  1.5354980252e-05 -4.1589503729e-06 -2.0599721194e-04  1.2232542448e-03 -1.3363157951e-03 -7.9466593100e-04  1.4845001008e-06  1.3805950379e-05 -1.6100840582e-05 -4.3880104693e-05  2.7184718102e-06 -8.3280672082e-06 -4.7784013442e-05 -6.5185510965e-06 -2.1855209063e-05 -2.6024805238e-06 -3.3708930339e-06 -4.5852105776e-06  1.0575647702e-05  9.9281130926e-07 -3.4822008969e-06  5.7774918561e-06 -2.5272171997e-06 -4.5645671009e-06  2.0276154658e-05 -7.2900484812e-06  4.3897239822e-06 -4.7964610020e-07 -1.0255480339e-05 -8.4293217020e-06  1.4917007027e-05 -3.2758112675e-05  4.7929084762e-06  7.7655708541e-06 -3.1302441490e-05  9.3839025184e-06

JOB 11
COORDS  1.3894028078e+00 -5.6083130979e-02  1.6715487921e+00  1.6822280761e+00 -5.7192922041e-01  2.9200640605e+00 -6.3586959266e-01 -1.3458736550e+00  1.6904179316e+00  2.0061377359e-01 -4.4154674933e-01  1.0234728694e+00  7.6866726990e-01 -1.4831013005e+00  3.5033985111e+00 -1.0748600361e-01  1.1512116516e-01 -3.1221707589e-01 -2.9847183031e+00 -4.7304117887e-01 -2.4830792826e+00 -1.6526105898e+00  1.5594383689e-01 -2.1177734026e+00 -3.6911179504e-01 -1.8625284010e+00  2.8937450032e+00  9.8141630508e-01 -1.9968142351e+00  4.7672587377e+00  6.0813587059e-01  9.0429794385e-01 -9.1032420623e-01 -1.2811965732e+00 -3.4710460422e-01 -8.1008725018e-01  2.0569613079e+00  6.4424288204e-01  1.1783963260e+00  2.5868887496e+00 -2.8554366049e-01  3.4498056342e+00 -1.5627647226e+00 -1.6713895998e+00  1.2254519144e+00 -2.9060126173e+00 -1.5637442716e+00 -2.5185661833e+00 -3.7567802488e+00 -2.0472354209e-01 -1.7557722224e+00 -3.3017562397e+00 -1.1811103108e-01 -3.4691180388e+00 -1.7124255352e+00  1.2469542809e+00 -2.0703265514e+00 -8.6549074855e-01 -1.0515498421e-01 -2.8308985615e+00  1.9363764696e+00 -2.0422366880e+00  5.0976490694e+00  4.0891679062e-01 -2.8018698587e+00  4.9927589066e+00
ENERGY -5.709578025764e+02
GRADIENT  9.7899928850e-06  2.9200613396e-07 -1.7665075595e-05 -2.9526585286e-05  3.0455933711e-06 -7.0641802563e-06  1.5166661323e-05  5.9122005331e-05  6.2376923934e-05 -6.0918638233e-06 -1.1851967575e-05 -1.4957552241e-05  5.6892524802e-07 -2.1541197902e-05 -2.6315920346e-05  2.0095517451e-05  9.0021954453e-07  6.2883980010e-06 -3.4323457662e-06  3.8523115473e-06 -3.6636866182e-07 -5.7787355674e-06  9.8229507717e-06 -3.7598026032e-07 -1.0165126329e-05 -2.9223213417e-05 -1.6585066080e-06 -1.8862084285e-05  1.3681286615e-05  1.2143800034e-05 -2.9445947502e-05  1.8899915534e-05 -1.1285265559e-05  2.6254218858e-05 -2.3196626812e-05 -1.9438370575e-05 -5.0320788829e-06  4.2440638227e-06 -4.2747721398e-06  3.4147802638e-06 -4.7790219804e-06 -9.5711614719e-06  6.7442957134e-06 -2.5863774481e-06  4.6902128595e-06 -1.5726698509e-06  6.4908223597e-07  7.7622498331e-07 -2.7143102031e-06  2.5629497466e-06 -3.3586977628e-06 -7.8487740475e-08 -2.7652802477e-06 -3.1770075568e-06  1.8029573616e-06 -1.6223471542e-06 -2.0397190518e-06 -2.5545793418e-06 -3.2886246912e-06 -5.3442153673e-06 -2.4726210980e-07  1.3833459969e-06 -4.0252864416e-06  3.5278696242e-06 -1.5605917432e-06 -5.6030842294e-06

JOB 12
COORDS  1.3400670858e+00  1.0720332255e-02  1.7045459891e+00  1.6239908614e+00 -4.9179360305e-01  2.9606827345e+00 -5.5358222519e-01 -1.4630957905e+00  1.6214897698e+00  2.1294690504e-01 -4.6443623696e-01  1.0076979496e+00  7.7757403849e-01 -1.4937900832e+00  3.4940054447e+00 -6.4770820291e-02  4.3523400639e-02 -3.5410078455e-01 -3.0318258249e+00 -3.8248697127e-01 -2.4402353241e+00 -1.6371981139e+00  1.3210817549e-01 -2.1342502546e+00 -2.8651742025e-01 -1.9754609483e+00  2.8266455660e+00  9.8084720168e-01 -2.0003933872e+00  4.7627563834e+00  7.0925561030e-01  7.2808292361e-01 -1.0057336657e+00 -1.2962039323e+00 -3.1201337978e-01 -7.9703671875e-01  1.9677339534e+00  7.6771352890e-01  1.2436941696e+00  2.4753360314e+00 -1.3109684416e-01  3.5317404004e+00 -1.4203415803e+00 -1.8729609721e+00  1.1090571630e+00 -3.0630740760e+00 -1.4755138760e+00 -2.4022932220e+00 -3.7594542542e+00  1.0008509813e-02 -1.7236772405e+00 -3.3301777384e+00 -6.3837484358e-02 -3.4443310917e+00 -1.5866106130e+00  1.2242197681e+00 -2.1636711252e+00 -8.9229228828e-01 -2.5614294621e-01 -2.8347568387e+00  1.9204693190e+00 -1.9592866321e+00  5.1352564829e+00  4.8131356478e-01 -2.8614523260e+00  4.9522441629e+00
ENERGY -5.709572663522e+02
GRADIENT  2.0522646939e-04  3.0285305257e-04  5.6202022949e-06 -3.0690163751e-04 -1.7561531742e-04 -2.1975411277e-04  1.0649830037e-03 -1.1750305781e-03 -6.6756370681e-04 -2.1826475328e-03  2.4363293265e-03  1.4165937816e-03  1.0130568422e-04 -8.2741741891e-05  2.5049673224e-04  1.7819481707e-03 -3.0301062906e-03 -1.3776765139e-03 -6.2382815381e-06  8.9820113939e-07  1.9412085989e-06  1.1666353086e-05 -2.1565084575e-05 -3.6571608093e-05  1.2511857192e-04  1.1706354832e-06 -1.7286734929e-04 -6.8888923771e-06  2.4594760552e-05  1.3930961954e-04 -7.3775386207e-05  1.4930204223e-04 -1.0614585359e-04 -6.4505153172e-04  1.5914861741e-03  8.5845180693e-04  3.7213570462e-06  1.2064728003e-05 -2.1947767066e-05 -3.0413710066e-05 -3.0599801496e-05 -2.4025710673e-05 -3.7311561354e-05 -1.9685381509e-05 -2.6730039835e-05  5.5429987564e-06  9.8536020634e-06  1.8455793888e-06 -5.8424316049e-06  1.8580767886e-06 -2.1350649309e-06 -7.1255025847e-07  7.0857713043e-06  8.0800458845e-07 -1.1461048110e-05  7.1900075078e-06  1.1318054851e-06  7.6618857272e-06  1.3425245976e-05  1.6372422666e-05 -6.5266983569e-06 -2.7433718960e-05 -2.0465288675e-06  1.0629144756e-06 -1.0024649637e-06  3.2963522610e-06

JOB 13
COORDS  1.2684595315e+00  6.1586598237e-02  1.7420204310e+00  1.5490053110e+00 -4.2450744043e-01  3.0056897940e+00 -4.6612075552e-01 -1.5876082969e+00  1.5688939629e+00  2.1250579897e-01 -5.0224117631e-01  1.0020353376e+00  7.8547498448e-01 -1.5126129885e+00  3.4931826962e+00 -3.3671791807e-02 -4.4271117157e-02 -3.8449362103e-01 -3.0706607438e+00 -2.8006582656e-01 -2.3991972667e+00 -1.6232228245e+00  9.9638308697e-02 -2.1460892670e+00 -1.9454756892e-01 -2.0912393672e+00  2.7768994143e+00  9.8698963429e-01 -2.0133892441e+00  4.7654353473e+00  7.9335091628e-01  5.2330876045e-01 -1.0808481765e+00 -1.3072190056e+00 -2.8343175741e-01 -7.8347689151e-01  1.8460767273e+00  8.7416328223e-01  1.3111167329e+00  2.3391777256e+00  8.8267094024e-03  3.6130410962e+00 -1.2638977506e+00 -2.0770929525e+00  1.0149958084e+00 -3.2188949163e+00 -1.3579609520e+00 -2.2837550869e+00 -3.7378208423e+00  2.3750754952e-01 -1.7036062660e+00 -3.3520574293e+00 -8.5302274046e-04 -3.4197882911e+00 -1.4552710565e+00  1.1749129497e+00 -2.2539367779e+00 -9.3756834431e-01 -4.1567936046e-01 -2.8249746790e+00  1.9044592011e+00 -1.8867679779e+00  5.1726703234e+00  5.7306293451e-01 -2.9251224106e+00  4.9218948989e+00
ENERGY -5.709555424243e+02
GRADIENT -4.8380331330e-05 -2.5994822575e-05  3.5602132597e-05  8.8997237096e-05  1.4486905593e-05  1.0704561431e-04  2.8686352954e-03 -2.4328741863e-03 -1.1951017995e-03 -4.7104979452e-03  4.7459831403e-03  2.3772840526e-03 -6.9261475932e-05  7.7947470158e-05 -2.6687859811e-04  2.9192000518e-03 -5.6866207829e-03 -2.2475339112e-03 -1.4231114100e-06 -1.3840728696e-06 -2.2326532087e-06  2.4049992431e-06  9.4836796798e-06 -2.9701235651e-05 -1.9161302609e-05 -7.6099793963e-05  5.8328208480e-05 -6.8562804870e-05  6.0160820758e-05  1.5121845309e-05 -1.2697217745e-04  2.2870193961e-05 -1.7965987452e-04 -9.0023092548e-04  3.3358698295e-03  1.3191858865e-03 -1.4029131105e-06 -7.6277140412e-06  6.9748192464e-06  1.0671634833e-05  2.2712943987e-05  2.8421760045e-06 -7.5783040382e-06 -1.0610049846e-05  6.8160765902e-06  1.4604646034e-06 -1.7472926668e-06 -1.0168690673e-06 -6.9330716957e-07 -1.9246394188e-06 -2.8383115659e-06 -2.5026299496e-06 -3.7456004667e-06 -1.8784537192e-06 -3.3213215843e-06  1.6927672289e-06  3.8007158286e-06 -2.9408061452e-06 -3.1304547518e-06 -6.4643635055e-07  2.6522550263e-05 -3.1274817804e-05 -2.6198414092e-05  5.2647471077e-06 -2.0953343297e-05 -1.0511399354e-05

JOB 14
COORDS  1.1691785231e+00  1.0990783506e-01  1.7676403290e+00  1.4508508622e+00 -3.5017824945e-01  3.0413311985e+00 -3.6423510090e-01 -1.7174653958e+00  1.5224093936e+00  2.0335124325e-01 -5.5487592008e-01  9.9031670767e-01  7.9504180084e-01 -1.5195803657e+00  3.4956325264e+00 -1.5516078194e-02 -1.4869245038e-01 -4.1961379675e-01 -3.1003609987e+00 -1.5247261569e-01 -2.3745269662e+00 -1.6142464056e+00  7.1930151176e-02 -2.1645892156e+00 -8.1944175013e-02 -2.1996480226e+00  2.7372688407e+00  9.9970778964e-01 -2.0026966725e+00  4.7751284517e+00  8.5396862318e-01  2.9642669350e-01 -1.1508286439e+00 -1.3151940946e+00 -2.6581914874e-01 -7.8533239774e-01  1.6787091496e+00  9.7937808991e-01  1.3622421051e+00  2.1663284193e+00  1.6215339561e-01  3.6789868905e+00 -1.0790029945e+00 -2.2905757445e+00  9.3513787140e-01 -3.3685070234e+00 -1.1974860265e+00 -2.1926178480e+00 -3.6894021522e+00  4.7783110386e-01 -1.7018315651e+00 -3.3688311019e+00  9.8047782555e-02 -3.4059819203e+00 -1.3265064489e+00  1.1126376381e+00 -2.3381664472e+00 -1.0056750541e+00 -5.5702842690e-01 -2.8209108431e+00  1.8806607885e+00 -1.7764100990e+00  5.2182659970e+00  6.8882912410e-01 -2.9577141098e+00  4.9104904360e+00
ENERGY -5.709527150786e+02
GRADIENT  1.1845534426e-05 -1.1446356746e-05 -3.3312885155e-05  7.4019103047e-05  7.8705344301e-05  4.9126527623e-05  4.3582972160e-03 -3.0034695359e-03 -1.7512834326e-03 -7.0489801139e-03  6.0641656572e-03  3.0801203302e-03  1.3389862605e-05  1.4995002878e-05  4.0586837646e-05  3.4572414469e-03 -8.1573617436e-03 -2.9443728278e-03  1.6613400029e-06  3.4069503843e-06 -5.5345434104e-07  6.7073405440e-06  9.8292265784e-06  2.8510706086e-05  1.3870901850e-05  4.2689049104e-05 -8.2662212438e-07  4.8823900176e-05 -2.3475273699e-05 -9.6565139957e-05  1.8544457633e-05 -7.5506929472e-06  4.9188027403e-05 -9.1104106992e-04  4.9568755289e-03  1.5707190921e-03  5.0865513733e-06  5.5400601763e-06  1.8479285666e-05  1.5884069438e-05 -1.5409167764e-06  5.4000606003e-06 -1.1855845702e-05  1.1175594473e-06 -1.5028588093e-05 -5.8289966624e-07  4.0742971790e-06  3.2620016995e-06  2.8614603915e-06  6.0594048443e-06 -2.0751565249e-06  7.0286570648e-06  7.1479197807e-07 -1.2818871240e-06  9.1744178350e-06 -3.2607780108e-06 -6.0502461002e-06  3.1963656908e-06 -4.5102908786e-06 -3.8087383133e-06 -3.6759107434e-05  3.7164117856e-05  1.9435824520e-05 -1.4267782543e-05  2.5805054252e-05  6.3643058505e-06

JOB 15
COORDS  1.0488565058e+00  1.3803450809e-01  1.7772713398e+00  1.3348682975e+00 -2.8712747666e-01  3.0631711376e+00 -2.4132630242e-01 -1.8582983929e+00  1.4809558158e+00  1.9904638836e-01 -6.3528220089e-01  9.6733485749e-01  8.1009712991e-01 -1.5274110105e+00  3.4967314948e+00 -4.7486809367e-03 -2.7266296842e-01 -4.6171483840e-01 -3.1189427739e+00 -4.0308364609e-03 -2.3496928960e+00 -1.6122112544e+00  6.1075646093e-02 -2.1814457785e+00  5.1249993393e-02 -2.3054955778e+00  2.7073987464e+00  1.0241495545e+00 -1.9846775712e+00  4.7862623675e+00  8.9241548598e-01  3.4098493681e-02 -1.2278738252e+00 -1.3168573402e+00 -2.5043324809e-01 -7.9402038869e-01  1.4689549705e+00  1.0635033526e+00  1.3932277891e+00  1.9592035937e+00  3.0744645527e-01  3.7246876587e+00 -8.5968592028e-01 -2.5144999819e+00  8.7064896486e-01 -3.4961860350e+00 -1.0040602546e+00 -2.1161336683e+00 -3.6168527317e+00  7.1525972663e-01 -1.6928690900e+00 -3.3847265683e+00  2.3215222536e-01 -3.3852025471e+00 -1.2146756851e+00  1.0547888234e+00 -2.4062826557e+00 -1.0940024267e+00 -6.5908718590e-01 -2.8212253065e+00  1.8619695848e+00 -1.6611533481e+00  5.2525209366e+00  8.3080710682e-01 -2.9722670911e+00  4.9070270996e+00
ENERGY -5.709491416052e+02
GRADIENT  5.9112265303e-05  4.5446140951e-05 -1.9363227302e-05 -6.0637419777e-05 -4.1608611488e-06 -1.0513893741e-04  5.4244735241e-03 -2.6139269813e-03 -1.6006889107e-03 -8.3000400220e-03  5.8011588712e-03  2.7892036015e-03  4.4616456937e-05 -7.5095964967e-05  2.3831599164e-04  3.0781130506e-03 -8.9480363440e-03 -2.7753081252e-03 -1.4163865841e-06 -3.5248816201e-06  3.0551218988e-06  5.5379524728e-06  5.1535072971e-08  2.9829571823e-05  1.4913334623e-05  7.5533306484e-05 -1.8339016659e-05  8.9875655465e-05 -5.2482420663e-05 -4.7667814198e-05 -3.7309181973e-06 -1.7617747651e-05  2.7732644162e-05 -2.8280791602e-04  5.7127059136e-03  1.4898771232e-03 -1.0020024653e-05  1.3931764460e-05  5.5897156541e-06 -1.9611748489e-06 -1.8727206677e-05 -3.9948746325e-06 -9.8625473042e-06 -1.2570134912e-06 -7.2759012888e-06 -1.7681341904e-06 -3.9358503797e-06  4.7454090887e-06 -1.8171529408e-06 -3.9805965307e-06  3.1572800097e-06  1.5981924010e-06 -5.2445175971e-06  2.9599726569e-06  3.9595285856e-06 -7.1027731892e-06 -1.5625327813e-06 -2.5471517712e-06 -9.9909988222e-06  1.3474598632e-07 -4.9753368132e-05  3.7326791108e-05  2.7278145995e-05 -1.1748327845e-05  2.7503602265e-05  1.2526778494e-05

JOB 16
COORDS  9.0371922529e-01  1.4156747366e-01  1.7728716882e+00  1.1856317949e+00 -2.3114243923e-01  3.0774209429e+00 -6.3347000780e-02 -2.0225867372e+00  1.4406204368e+00  2.3021331554e-01 -7.5672171826e-01  9.2956650544e-01  8.2597677916e-01 -1.5309017372e+00  3.5009454423e+00  1.8185511570e-02 -4.3196436988e-01 -5.1326167893e-01 -3.1070803877e+00  1.6681005795e-01 -2.3040308159e+00 -1.5987868435e+00  4.6383782244e-02 -2.1900313260e+00  2.2469869323e-01 -2.4133831633e+00  2.6877034823e+00  1.0402944431e+00 -1.9453541161e+00  4.8074625264e+00  9.1532589198e-01 -2.8419245464e-01 -1.3232728599e+00 -1.2915957585e+00 -2.6250973928e-01 -8.0316594840e-01  1.1968591317e+00  1.1215902176e+00  1.4058019925e+00  1.6795067728e+00  4.5426721718e-01  3.7609057868e+00 -5.5206004226e-01 -2.7662942891e+00  8.1286065625e-01 -3.5968270653e+00 -7.7086757199e-01 -2.0254137119e+00 -3.4860461940e+00  9.6101950571e-01 -1.6541721170e+00 -3.3804397689e+00  4.0580865892e-01 -3.3369187760e+00 -1.0888585510e+00  9.7562148884e-01 -2.4594725855e+00 -1.1986196612e+00 -7.5065469338e-01 -2.8230538459e+00  1.8143354896e+00 -1.5133751939e+00  5.2960982181e+00  9.8665924792e-01 -2.9509059302e+00  4.9247381299e+00
ENERGY -5.709458228235e+02
GRADIENT -3.4204468681e-05  1.1638748944e-05  2.6216120502e-05  4.1537441405e-05 -7.8503654461e-06  4.4236840560e-05  4.3550475705e-03 -1.2404816509e-03 -6.4865791229e-04 -6.1452583657e-03  3.4691808660e-03  1.5206753722e-03 -1.0628445240e-04  3.3861949535e-06 -1.8413762239e-04  1.5868017636e-03 -6.3201122044e-03 -1.6348696063e-03 -4.9952820447e-06  4.4923178226e-07 -3.4088557685e-06 -5.0315363566e-06 -1.5344744059e-05 -4.7658488804e-06 -2.4113495290e-05 -1.4892864785e-04  7.8128529603e-05 -1.5850062596e-05 -5.1744749740e-05 -1.2874777946e-04 -1.0381899465e-05  8.8704524015e-06  5.9773602750e-07  3.3063407227e-04  4.2490196492e-03  8.9328475173e-04  5.0824774758e-06  1.9263715361e-06 -9.1922109381e-06  8.4250628327e-06  1.9375235347e-05 -9.0765258878e-06  1.1387967981e-05 -1.1202058717e-06  4.0567868016e-05 -2.2286906974e-06  2.7179708679e-06 -2.6635924666e-06 -5.2852254422e-06  1.7126451286e-06  3.1369275155e-06 -8.4445780004e-06  7.7287333831e-06  9.2635561614e-07 -1.2941876867e-05  9.0609702332e-06 -1.3255248611e-06  2.0990778157e-06  6.1632641771e-06  4.5931981353e-07 -2.0079321006e-05  1.7341978611e-05 -2.3027286030e-05 -6.7246794756e-06  3.9838075970e-08  1.5138601094e-06

JOB 17
COORDS  1.8704629497e+00 -1.0558398272e+00  1.4635634771e+00  1.9055106017e+00 -1.4222952119e+00  2.8006771572e+00 -4.2762023417e-01 -4.5693180859e-01  1.7632339515e+00  6.7926490600e-01 -5.5418073496e-01  9.1867414303e-01  7.2788780547e-01 -1.2866940395e+00  3.5690252964e+00  5.7667773201e-01 -1.9113503874e-01 -5.3026234732e-01  1.1283746160e+00  3.0466175074e+00 -2.1249134609e+00  7.8328672117e-01  1.5691465020e+00 -2.1151302905e+00 -4.1764296168e-01 -8.1465230669e-01  3.0530133311e+00  7.1495404224e-01 -1.5893774467e+00  4.9244853261e+00  2.8371737541e-01 -9.6703948676e-01 -1.4207515602e+00  8.5665408004e-01  1.1151211875e+00 -7.3542154496e-01  2.7590626303e+00 -1.1572807244e+00  8.4576091328e-01  2.8180343533e+00 -1.8016300504e+00  3.2525269140e+00 -1.3763059946e+00 -8.0311224752e-02  1.3833863828e+00  4.2421021229e-01  3.6166392881e+00 -1.5118616736e+00  2.1379988704e+00  3.2154511170e+00 -1.7390726981e+00  1.0819062712e+00  3.4285337401e+00 -3.1499356124e+00  1.4812355706e+00  9.7715543009e-01 -2.7138867158e+00 -2.2571831677e-01  1.3780465900e+00 -2.4911102315e+00  1.3627092361e+00 -2.3049812707e+00  5.2295404041e+00 -2.2049083119e-01 -1.6959347712e+00  5.3007341367e+00
ENERGY -5.709442533663e+02
GRADIENT  1.0935101376e-05  3.3367712449e-06 -7.2643280088e-05 -1.5307432962e-05 -7.2739281448e-06  1.1004642794e-05 -1.5936779819e-04 -4.0182991527e-04 -1.1446472773e-04  3.5395686280e-04  7.4993632369e-04  2.8201983675e-04  5.8727941501e-06  1.1430528039e-05 -3.4746031954e-05 -4.7608659314e-04 -2.6908942263e-04  7.4300644124e-05 -1.4107293261e-07 -2.7724023336e-06 -7.4846555855e-06  2.6181588652e-05 -2.1006405785e-05 -1.7944316248e-05 -4.1150758559e-06 -2.6307534945e-05  1.5657202980e-05  2.1386101926e-06 -2.4604911197e-06 -1.2206735254e-05 -2.6720322790e-05  1.4217628293e-04 -1.2768935236e-04  3.0754717512e-04 -2.0381032872e-04 -1.6928004226e-05  9.6249037890e-06 -4.8343951246e-06 -1.0123357327e-07  7.6292121500e-06  8.5555932244e-06 -5.6034011726e-06 -1.2788695139e-05 -9.9440599129e-06 -6.4614257912e-06  1.6762015953e-06 -2.7630332271e-06  1.9721831125e-06  8.6052076395e-08 -4.2138739755e-06 -9.2508460054e-06 -8.7714202378e-06 -1.1548141107e-07 -2.3949548058e-06 -3.9148273756e-06 -1.9549240774e-05  8.8711000282e-06 -5.1758715564e-06  1.7993844711e-05 -1.4932425248e-05 -2.1831103067e-06  3.0863556280e-06 -2.1283202165e-06  2.5523456618e-06  3.6243799882e-06 -6.1538464810e-06

JOB 18
COORDS  1.8402139647e+00 -8.7826480087e-01  1.4538583074e+00  1.9219545653e+00 -1.2303081664e+00  2.7924168524e+00 -5.3181095735e-01 -6.9458178081e-01  1.7202511634e+00  5.8341733029e-01 -6.2682317425e-01  8.8239132840e-01  7.2880383732e-01 -1.2957130519e+00  3.5465498792e+00  4.2795301771e-01 -2.0692533646e-01 -5.4316368258e-01  1.3211938611e+00  2.9755263875e+00 -2.0958808474e+00  7.6145100486e-01  1.5652010959e+00 -2.0933389140e+00 -4.7410703660e-01 -1.0236514508e+00  3.0158185593e+00  7.5130639602e-01 -1.5892038343e+00  4.9028984394e+00 -7.8731694908e-02 -8.8492407007e-01 -1.4181422361e+00  8.7014084381e-01  1.0577059963e+00 -7.3547999785e-01  2.7427835265e+00 -8.0246679975e-01  8.5299963130e-01  2.8811688472e+00 -1.4356768282e+00  3.2598566663e+00 -1.5246913953e+00 -4.8423224052e-01  1.3256523307e+00  7.6018392229e-01  3.6195776757e+00 -1.4124628280e+00  2.3720167569e+00  2.9806881863e+00 -1.7915040527e+00  1.2515353027e+00  3.3975258729e+00 -3.1037295648e+00  1.3150249114e+00  8.9918841182e-01 -2.7614052599e+00 -2.9057720799e-01  1.5381854088e+00 -2.3906188419e+00  1.5084404278e+00 -2.1796289392e+00  5.2231939155e+00 -1.5685509556e-01 -1.8457253379e+00  5.2733532592e+00
ENERGY -5.709453645425e+02
GRADIENT -4.2016078625e-05 -3.9884033369e-05  7.6765530764e-05  1.6188493612e-05  1.5049919134e-05 -2.3682938854e-05  4.9702125410e-04  3.7815589686e-03  9.8937603224e-04 -2.0547505532e-03 -5.0682118588e-03 -1.3901120686e-03  6.6345014051e-05 -3.9392776714e-05  1.4124253119e-04  5.0082106310e-03 -4.9926214384e-05 -4.8194043349e-04  3.8748180641e-06 -1.9266448080e-06 -9.3184226000e-06  2.9886543740e-05 -1.0768186344e-05 -1.6251638256e-06  6.0913307930e-05  1.8103115168e-05 -8.0025590164e-05  2.5834993308e-05 -3.5474640662e-05  2.7868391601e-05 -2.5198550680e-05 -9.4412542142e-06 -5.7130890995e-06 -3.5379686079e-03  1.3547509081e-03  7.6751885415e-04 -4.0914978788e-06  1.3567561462e-05  9.5306377652e-06 -9.0514413438e-06 -6.8161976313e-06  1.1619156304e-05 -3.0622053154e-06  6.3954810009e-07 -2.6765327456e-05 -4.5438285751e-07 -5.3720386552e-06  3.3658903280e-06 -3.1373090049e-07 -2.5563201971e-06 -3.9216914491e-06 -4.3896971211e-06  3.6602123377e-06  1.0368806501e-06 -3.6546069611e-06 -9.4234121163e-06  3.2255007038e-06  2.6771757522e-06  6.0854918483e-06 -5.8393600363e-06  4.6981360388e-06  8.4709657750e-06  1.9338195657e-05  5.4530982478e-06 -2.7810118570e-06 -9.1521441946e-07

JOB 19
COORDS  1.7892216170e+00 -7.0031809653e-01  1.4730681099e+00  1.9022575549e+00 -1.0703616717e+00  2.8033696257e+00 -5.8929476164e-01 -8.7949868817e-01  1.6986412205e+00  5.1742847154e-01 -6.3589510957e-01  8.8007787769e-01  7.1933955959e-01 -1.3282961467e+00  3.5338203888e+00  3.0859036661e-01 -1.7513130278e-01 -5.1986246878e-01  1.4672652660e+00  2.8999375595e+00 -2.1151462928e+00  7.3409002450e-01  1.5719108009e+00 -2.0755337484e+00 -5.0379195597e-01 -1.2203060967e+00  2.9887231835e+00  7.6428589601e-01 -1.6491001566e+00  4.8811025860e+00 -3.5963843664e-01 -7.6088128232e-01 -1.3535048742e+00  8.8543345585e-01  1.0326570432e+00 -7.3541532184e-01  2.6768708852e+00 -4.6793628243e-01  8.9104480642e-01  2.8734757196e+00 -1.1417022880e+00  3.2855135009e+00 -1.5942530349e+00 -8.0454607376e-01  1.2868684827e+00  1.0509150097e+00  3.5978534305e+00 -1.3828683186e+00  2.5316937788e+00  2.7668172748e+00 -1.8997795037e+00  1.3698500405e+00  3.3450722188e+00 -3.1106776377e+00  1.1419751316e+00  8.5323652268e-01 -2.7921962333e+00 -3.3321573472e-01  1.6842694611e+00 -2.2856680353e+00  1.5984331681e+00 -2.1182466774e+00  5.2097949316e+00 -1.0179007467e-01 -2.0389810799e+00  5.2351788274e+00
ENERGY -5.709484199770e+02
GRADIENT -3.1799298313e-05 -1.3164553226e-05  9.4081906394e-06  6.0236407997e-06 -9.0370641753e-06 -3.0200443546e-05  1.4971529693e-05  5.4903877232e-03  1.6678873542e-03 -1.7270442771e-03 -7.1386390369e-03 -2.0387375336e-03  4.5012483633e-05 -1.0047771189e-05  1.4288768091e-04  6.2791974940e-03 -8.4458744441e-04 -1.2212275559e-03 -2.7926828259e-06  2.4721707834e-06 -6.6657451542e-06 -4.0910422501e-06  4.2424157881e-06  5.6412628020e-07  4.6637372368e-05  1.9804845006e-05 -5.4339840682e-05  1.9102478139e-05 -6.0315304838e-05 -1.3797392807e-05  8.7790061626e-06  2.1059486366e-05  2.9124698653e-06 -4.7080834734e-03  2.5018325503e-03  1.5355063037e-03 -4.2766052152e-06 -9.1570943574e-06 -7.9727867361e-07 -9.9527710339e-06 -1.1119317189e-05  1.2249884407e-07 -1.2990488495e-05  1.1858205495e-05 -1.3393119119e-05  1.2235395320e-06 -1.6622136075e-06  2.1040826231e-08 -3.0927937194e-06 -4.6208834380e-06 -2.7145504323e-06 -1.2870469051e-06  1.9934507445e-06 -7.9723199328e-07 -8.4759533955e-06  2.5268133773e-06 -2.1340732330e-06 -5.2952185758e-06  4.4920720411e-06  2.1026177858e-06 -1.3328858746e-06  2.1320496883e-05  9.6569334679e-06  4.0099419796e-06  1.5781408656e-05 -5.3865691260e-07

JOB 20
COORDS  1.7357946583e+00 -5.1900089454e-01  1.5223761348e+00  1.8739758807e+00 -9.2809535104e-01  2.8379568514e+00 -6.0402150884e-01 -1.0165972568e+00  1.6898840026e+00  4.7459899129e-01 -5.9363710872e-01  9.0537160164e-01  7.2295807721e-01 -1.3699936115e+00  3.5316568487e+00  2.2221195821e-01 -1.0703407057e-01 -4.7316397439e-01  1.5970044960e+00  2.8226249532e+00 -2.1691996278e+00  7.2909902283e-01  1.5817702628e+00 -2.0681961960e+00 -4.9620282752e-01 -1.3985036045e+00  2.9657981034e+00  7.8791720513e-01 -1.7419037210e+00  4.8631645388e+00 -5.6273502404e-01 -6.1584688967e-01 -1.2556761974e+00  9.1077953129e-01  1.0325145146e+00 -7.3726183735e-01  2.5926275948e+00 -1.4821380449e-01  9.6742889224e-01  2.8380199610e+00 -8.9446838582e-01  3.3383190683e+00 -1.6016336570e+00 -1.0519501540e+00  1.2564870341e+00  1.3083824859e+00  3.5633231231e+00 -1.4176302203e+00  2.6530920150e+00  2.5757239669e+00 -2.0241985575e+00  1.4816786716e+00  3.2735554713e+00 -3.1602008683e+00  1.0081409342e+00  8.2222680869e-01 -2.8042584525e+00 -3.3131309469e-01  1.8092057853e+00 -2.2085282424e+00  1.6724988501e+00 -2.1029726395e+00  5.1961704178e+00 -2.5187862098e-02 -2.2539985699e+00  5.1856603964e+00
ENERGY -5.709519256981e+02
GRADIENT  1.1983420112e-04  8.0119646998e-05 -7.0691262350e-05 -1.8378946274e-04  9.7190511874e-06 -1.1786380148e-04 -6.0455559757e-04  5.1240364990e-03  1.8376320558e-03 -6.9663593711e-04 -6.6792371870e-03 -2.2581691080e-03  5.6108953048e-05 -4.9640610722e-05  1.9863944109e-04  5.4203052329e-03 -1.4500118284e-03 -1.6016355749e-03  2.7391647335e-06  2.5632331231e-06 -9.2732649924e-06  2.2878107632e-05  1.1957525436e-05  5.4910790780e-06  4.3862100965e-05  3.2920188729e-05 -1.1193962355e-04  3.1027535619e-05  4.5445026605e-05  1.3308273605e-04 -7.1993245236e-05 -1.2243100837e-04  2.2695163117e-04 -4.1009306788e-03  3.0238383711e-03  1.7819379059e-03 -1.3127360992e-05  1.6014768458e-05 -1.2050095378e-05 -2.7764006387e-05 -1.2812121864e-05 -1.1626672625e-05  5.3869720827e-06  3.7347684318e-05 -8.9884117864e-06 -4.0497766774e-06 -3.3649174093e-07 -5.0509779474e-07  3.5229840650e-06  6.4083538573e-06 -3.7225594537e-07  3.7843501295e-06  7.0927895077e-06 -2.0120676597e-07 -1.2187966514e-06  1.4904427276e-05 -1.0276863589e-05  2.6757257209e-06 -3.1276363308e-06  6.4845762506e-06  3.7664619337e-06 -4.1749202547e-05  3.8408976629e-06 -2.8386101723e-06 -2.7509849441e-05  2.0154945272e-06

JOB 21
COORDS  1.6484810089e+00 -3.4550663785e-01  1.5850735179e+00  1.8138020263e+00 -8.0839516438e-01  2.8790262625e+00 -6.2128289744e-01 -1.1200765861e+00  1.6771712395e+00  4.0948463987e-01 -5.2149336054e-01  9.4218403778e-01  7.1231109947e-01 -1.4204834474e+00  3.5227088519e+00  1.2421753787e-01 -1.4430503329e-02 -4.1949877484e-01  1.6852392097e+00  2.7461481874e+00 -2.2337702129e+00  7.0502408876e-01  1.5998291581e+00 -2.0650224146e+00 -4.8702636388e-01 -1.5623964789e+00  2.9301444485e+00  8.0065602484e-01 -1.8575092524e+00  4.8312697816e+00 -7.4484208091e-01 -4.5114313080e-01 -1.1566372716e+00  9.0965490845e-01  1.0460076127e+00 -7.4036715382e-01  2.4648869817e+00  1.4628728799e-01  1.0652863563e+00  2.7606052871e+00 -6.9422159648e-01  3.4000744264e+00 -1.5994690267e+00 -1.2476021523e+00  1.2183294618e+00  1.5167461413e+00  3.5188888184e+00 -1.4778552355e+00  2.7180415437e+00  2.3952856221e+00 -2.1465562657e+00  1.5576789401e+00  3.1977674240e+00 -3.2229575510e+00  8.6298064508e-01  8.1030694330e-01 -2.8054328445e+00 -3.3359882183e-01  1.9320586022e+00 -2.1474432352e+00  1.7170971626e+00 -2.1188592685e+00  5.1708663431e+00  4.9780310111e-02 -2.4780286215e+00  5.1111230801e+00
ENERGY -5.709548455358e+02
GRADIENT  1.1081480442e-04  2.4405485478e-05 -4.6308577957e-05 -1.3822595159e-04  2.2721117350e-06 -5.0737285637e-05 -1.0690587944e-03  3.5473602752e-03  1.4965997883e-03  5.7619488271e-04 -4.3129818196e-03 -1.6641472379e-03  6.9503646644e-05 -3.9876104767e-05  4.2237316354e-05  3.1435810444e-03 -1.7045270644e-03 -1.1550243964e-03  7.0216186048e-08 -4.1646266390e-06  1.0344240952e-06 -4.8715102212e-06 -7.8697475148e-06 -1.3800654555e-05  5.1906946461e-05  4.0350886059e-05 -6.3294164275e-05 -2.1030321937e-06  6.6264382514e-05  1.1490745972e-04  1.8217690309e-05  7.8214762378e-05 -1.0789344204e-04 -2.7329369730e-03  2.3620337576e-03  1.4860838657e-03  9.5411968240e-06  2.1411180858e-05 -8.3189047822e-06 -9.4918838937e-06 -6.9066571099e-06 -1.0629298445e-05 -6.6753589711e-06  2.8801129680e-06 -3.6918045269e-06 -2.3186312903e-06 -1.4854484358e-06 -1.5926013354e-06 -2.9000901329e-06 -1.4087354288e-06 -1.5931845220e-06 -2.4562674377e-06 -6.2612992607e-07 -1.0260013582e-06  7.3061613852e-07 -4.4027654505e-06  2.3049855900e-06 -1.3715692184e-06  2.7085857494e-07  3.6850542047e-06  1.4027693779e-05 -4.0720186267e-05 -1.4084044072e-06  9.5351022648e-06 -3.0108169462e-05 -1.0147510248e-06

JOB 22
COORDS  1.5676312354e+00 -1.7652738812e-01  1.6564736189e+00  1.7621452757e+00 -6.9035921823e-01  2.9266428631e+00 -5.9920825243e-01 -1.2089588484e+00  1.6487747392e+00  3.6384322416e-01 -4.4398960499e-01  9.7780806408e-01  7.2753906724e-01 -1.4628563273e+00  3.5057671814e+00  5.3984769545e-02  8.2850348292e-02 -3.6961580968e-01  1.7751212566e+00  2.6602994746e+00 -2.3044377477e+00  6.9601927425e-01  1.6201765430e+00 -2.0652348050e+00 -4.3483045072e-01 -1.7117061772e+00  2.8746252667e+00  8.4111038410e-01 -1.9630276542e+00  4.7882419023e+00 -8.8502959855e-01 -2.7866039595e-01 -1.0610954967e+00  9.2385796621e-01  1.0542501583e+00 -7.5023812524e-01  2.3338410338e+00  4.2764021590e-01  1.1815904913e+00  2.6804415599e+00 -5.0073862585e-01  3.4760578511e+00 -1.5453626312e+00 -1.4228523030e+00  1.1567059429e+00  1.7307364723e+00  3.4509449152e+00 -1.5494486555e+00  2.7704329930e+00  2.2066602000e+00 -2.2736689151e+00  1.6354134856e+00  3.1166997460e+00 -3.2897787416e+00  7.2897976750e-01  8.1551305013e-01 -2.8053175368e+00 -3.0683755775e-01  2.0557202026e+00 -2.0898181935e+00  1.7741010193e+00 -2.1261660705e+00  5.1434538209e+00  1.6361110890e-01 -2.6815342469e+00  5.0156875427e+00
ENERGY -5.709566996909e+02
GRADIENT -3.7695172035e-04 -2.5674704123e-04  2.4585217591e-04  3.4737517960e-04  6.8577495130e-05  2.5642799439e-04 -7.7285538306e-04  1.7567877730e-03  9.4868271465e-04  8.9382089443e-04 -1.7527394243e-03 -1.1935822873e-03  1.7404048853e-05  8.7681785082e-05 -2.8362751802e-04  1.2961917298e-03 -1.5160440942e-03 -6.0608002936e-04 -1.4459402803e-06  6.4364920775e-08  3.7469582085e-08 -2.1416087898e-05 -1.2682785248e-05 -1.2991913795e-05 -1.5831250592e-05 -1.9561656398e-05  4.2185847844e-05 -1.2391341521e-05  7.5736522801e-05  2.8279545797e-05 -3.1403251936e-05  3.2340047887e-04 -3.2125836616e-04 -1.3843585321e-03  1.3029795514e-03  9.0944170247e-04 -2.2813294146e-05 -1.0647393412e-05  2.4369502351e-05  4.1000708973e-05 -1.2151122285e-05  4.0941176275e-05  2.9030899868e-05 -6.7428368290e-06 -1.7218257380e-05  4.9215001000e-07 -4.7150792862e-07  1.0587872955e-06 -7.6737669752e-06 -5.4732715529e-06 -2.9551719848e-07 -3.9734812751e-06  9.0628976024e-07  2.6829702719e-06  2.6829061797e-06 -1.2076609048e-05  1.0593702564e-05 -3.2603251445e-06  4.2388797231e-06 -5.3485901730e-06  1.1360304949e-05 -2.1754522129e-05 -4.5491542630e-06  1.0976778045e-05 -1.8015992348e-05 -1.1667733533e-05

JOB 23
COORDS  1.4807265129e+00 -2.4830556496e-02  1.7471629042e+00  1.7021439542e+00 -5.8399080998e-01  2.9934440244e+00 -5.6366394664e-01 -1.2795330523e+00  1.6309494331e+00  3.1865138665e-01 -3.7066003465e-01  1.0317943418e+00  7.4691034276e-01 -1.4949265649e+00  3.5039744515e+00 -8.2311841901e-03  1.7325894226e-01 -3.0435718874e-01  1.8482129672e+00  2.5525390662e+00 -2.3643410974e+00  6.9179858496e-01  1.6188348094e+00 -2.0568376233e+00 -3.6628410599e-01 -1.8358475983e+00  2.8283168128e+00  8.8811441470e-01 -2.0499896866e+00  4.7603076539e+00 -1.0078446322e+00 -1.1013068737e-01 -9.4564837968e-01  9.3885222297e-01  1.0383068120e+00 -7.5190983772e-01  2.1910361591e+00  6.7582698591e-01  1.3207466324e+00  2.5839601995e+00 -3.2921564874e-01  3.5752678493e+00 -1.4692674601e+00 -1.5676231496e+00  1.1020185374e+00  1.9171923745e+00  3.3494990861e+00 -1.6177856895e+00  2.7974726677e+00  2.0085270177e+00 -2.3800543681e+00  1.6991869184e+00  3.0129340948e+00 -3.3464577841e+00  6.0947257170e-01  8.1163381229e-01 -2.7902443692e+00 -2.6615050879e-01  2.1458104966e+00 -2.0311938223e+00  1.8246873982e+00 -2.1260105507e+00  5.1347227550e+00  2.8925399561e-01 -2.8490977947e+00  4.9325862852e+00
ENERGY -5.709573074773e+02
GRADIENT  4.0395984093e-05  7.7638871268e-05 -2.6719660549e-05 -2.9468112569e-05 -1.6993375020e-05 -2.6171473918e-05 -1.2106041688e-04 -8.2511370091e-06 -6.2358918648e-05  9.3878624131e-05 -4.3808232978e-05  9.6818422693e-05  1.9455149684e-05 -5.4142274181e-06  1.6695314905e-05 -3.6878660562e-05 -3.9714066338e-05  5.0940867160e-05 -3.2506382075e-06  4.8218203757e-06  6.2133901564e-07 -1.7745870240e-05  1.8253776256e-05  5.0064792190e-06  2.9108751097e-05  2.8410737069e-05 -2.5949429487e-05  6.6189051554e-06  1.0604991692e-05  1.0157285522e-05  1.6261426167e-05  5.5439701338e-05 -5.6045158100e-05 -1.8640221693e-05 -5.6132224465e-05  1.5009977408e-05  1.4885089429e-05  2.9247600650e-06 -6.4346344391e-06 -9.7447814984e-06  8.1226427211e-06 -2.3753317124e-06 -5.8332796575e-06 -7.2426773043e-06 -9.9189546253e-06 -2.4376829418e-06 -7.6292658052e-08 -1.8416551524e-06 -1.6574086980e-06  7.3481273055e-07 -1.2430657888e-06 -1.9824073112e-07 -1.1075372735e-06 -2.7291032794e-06  9.0011687802e-06 -3.7829199343e-06 -5.2123076478e-06 -2.8022167426e-06 -8.1828038719e-06 -4.8499803873e-06 -7.4799562926e-07 -8.9196982586e-06 -3.2356401462e-06 -4.9198274665e-06  4.8336687589e-07 -1.1904468243e-06

