JOB 0
COORDS -1.8981262965e+00 -2.9109615229e+00  3.5029860758e+00 -6.9040550005e-01 -1.1446953131e+00  2.3769626991e+00 -3.0371118639e+00 -2.4899698974e+00  2.8253574486e+00 -6.9569447599e-01 -2.2206068133e+00  3.2804164998e+00 -1.9019309416e+00 -8.2784469460e-01  1.7773007833e+00 -1.0317756301e+00  6.5698700410e-02 -3.6056901556e-01 -1.5631295002e+00  1.6075949682e+00  1.5062572393e+00 -3.3651563910e+00  5.0981426011e-01  2.5381718154e-01 -3.0463823676e+00 -1.4526832911e+00  1.9684809767e+00 -1.9643332503e+00  3.3112232638e-01  8.0044040638e-01  4.7615914267e-01 -2.5230324583e+00  3.8747768242e+00 -1.9500044389e+00 -3.7506530776e+00  4.1906903919e+00  2.4126964873e-01 -6.2027822845e-01  2.1972505121e+00 -3.9868307471e+00 -2.9971557830e+00  2.9727177277e+00 -1.1137398662e+00  8.9221787012e-01 -1.0668477830e+00 -9.0879005860e-03 -1.0402714927e-02  2.8332136580e-03 -1.3297212521e+00 -8.6936795434e-01 -8.3392151984e-01 -1.6439579955e+00  2.4343257981e+00  8.0007894145e-01 -2.2366278639e+00  1.7605309101e+00  2.3489837459e+00 -5.3797766860e-01  1.5215866292e+00  1.8604674947e+00 -3.3336124675e+00  1.3536995637e+00 -4.3522970947e-01 -3.6687903112e+00 -3.9925301845e-01 -2.5889252344e-01 -4.0488094073e+00  7.0494990872e-01  1.0759977984e+00  4.4346959333e-01 -3.4019710973e+00  4.2904116120e+00
ENERGY -4.972548525100e+02
GRADIENT  2.5083244847e-05  5.9151209568e-05 -5.7856746916e-05  3.7606346775e-04 -1.3424983123e-03 -1.5669504151e-03 -1.0668418717e-04 -7.4995885589e-05  4.4018750895e-05 -3.4807264460e-04  1.5676791544e-03  1.7032892344e-03  9.6909577166e-05  1.1613847961e-04 -5.1704172948e-05 -4.6514793985e-06  1.6108643544e-05 -1.0071627254e-05 -7.1567158296e-06  9.5810343641e-06 -1.6672233938e-05 -1.3111167228e-06  1.4273890926e-06 -2.0400055606e-06  3.8501143728e-05 -6.5701335583e-05  4.7775496872e-05  6.7273897766e-06  1.8288303841e-05 -1.6882187002e-05 -9.8502662841e-04  8.8530274582e-04  2.3339096180e-03 -8.8842636662e-06  1.1234429045e-05 -5.3095680706e-06 -1.0391012647e-05 -3.5919531122e-06  7.7168538963e-06 -5.7308253307e-06 -1.0349325092e-05  1.0305794936e-05  7.1621884526e-06  6.4131365666e-06  4.8623276580e-06 -2.6152734956e-06 -1.0210627089e-05 -9.7708955170e-07 -6.2065656237e-06  5.9838820945e-06 -7.1802396332e-06  1.0687013556e-05  5.4677190163e-06 -5.2916560324e-07 -4.8919084462e-06  7.5087198355e-06 -6.0742292003e-06 -8.9252074958e-06  3.4789366498e-06  6.4113786930e-06  2.0290394453e-06  2.6802664581e-06 -3.3945450406e-06  1.0439038004e-06  3.2427119122e-06 -5.6017109651e-07  8.6218834339e-07  4.8017585157e-06 -4.6682521648e-06  9.3539789030e-04 -1.1850537218e-03 -2.4380375215e-03

JOB 1
COORDS -1.9104356203e+00 -2.9059334788e+00  3.5291057234e+00 -6.9722609944e-01 -1.1476359073e+00  2.3972162185e+00 -3.0454580435e+00 -2.4923005093e+00  2.8399120810e+00 -7.0905521097e-01 -2.2126780167e+00  3.3118941492e+00 -1.9070492844e+00 -8.3217941624e-01  1.7911762434e+00 -1.0261134944e+00  5.3531402442e-02 -3.4584454383e-01 -1.5701305278e+00  1.6017502929e+00  1.5120560932e+00 -3.3637119759e+00  4.9633978912e-01  2.5352589606e-01 -3.0508994066e+00 -1.4578004591e+00  1.9794080848e+00 -1.9657129470e+00  3.2206183717e-01  8.0868960376e-01  4.5791712029e-01 -2.5105045421e+00  3.9266540987e+00 -1.9636340752e+00 -3.7383753404e+00  4.2250521988e+00  2.3639897133e-01 -6.2706345765e-01  2.2163926011e+00 -3.9955839750e+00 -2.9999604158e+00  2.9827801236e+00 -1.1062784387e+00  8.7642198959e-01 -1.0565534170e+00 -5.1762824115e-03 -1.7776161410e-02  2.3442874482e-02 -1.3189973955e+00 -8.8451287837e-01 -8.1646846332e-01 -1.6485527177e+00  2.4258043868e+00  8.0249102018e-01 -2.2481994991e+00  1.7566124709e+00  2.3507556368e+00 -5.4670518907e-01  1.5182979476e+00  1.8719355488e+00 -3.3297062417e+00  1.3374513321e+00 -4.3877612673e-01 -3.6631009811e+00 -4.1526914245e-01 -2.5721324902e-01 -4.0522376593e+00  6.9377613528e-01  1.0710870093e+00  5.1006414807e-01 -3.4569434328e+00  4.1443247657e+00
ENERGY -4.972530348973e+02
GRADIENT -4.1768914786e-05 -1.3947352405e-06  8.5096908798e-06  8.6269179944e-04 -2.3617224133e-03 -2.6711891551e-03  5.1251097495e-05 -1.8965775381e-05  1.6654191518e-06 -6.8647435391e-04  3.2514858458e-03  2.7726828078e-03 -8.3173201014e-05 -4.1257394766e-05 -5.7975956100e-06  2.1628516640e-06  3.9530260175e-06 -9.2856254429e-07 -2.9290783103e-06  3.5816509487e-07  5.7060146598e-06 -2.1985596342e-06 -2.0517264097e-06 -2.1565583341e-06  1.8944542573e-05  6.3605620415e-05 -1.1490334764e-05  2.5260972669e-06 -8.2447891993e-07 -6.0070414925e-07 -2.2697786896e-03  4.4385415529e-05  4.4217841942e-03  1.1206757272e-05 -2.1868735291e-06 -2.4580354404e-06 -1.8546444637e-07 -1.1996885604e-07 -8.9324994783e-06 -6.6780571636e-07  1.1258448001e-05 -8.6446700027e-06  3.5403252927e-06  2.5289908540e-06 -1.0636925905e-06 -4.1912059274e-08 -1.0065838043e-06 -3.2596274122e-07 -1.7513430674e-06  3.7124771863e-06 -3.4298773840e-06 -3.0911941636e-08 -2.4349693660e-06 -3.8894157041e-06 -8.2864113763e-07  3.2796279117e-07 -2.4263742896e-06  3.5860088350e-06 -3.2031183156e-06 -3.7197244324e-07  1.6322243262e-06  1.9572796630e-06 -2.5232995281e-06 -7.7914411974e-07  3.1138747130e-06 -1.9946909733e-06  1.1002344989e-06  1.1191798370e-06 -3.2975790638e-06  2.1363713610e-03 -9.1976768681e-04 -4.5132538635e-03

JOB 2
COORDS -1.9257064514e+00 -2.8957000265e+00  3.5419623485e+00 -7.0353400570e-01 -1.1448226278e+00  2.4080477415e+00 -3.0562148573e+00 -2.4865693425e+00  2.8416189520e+00 -7.2421043808e-01 -2.2026934310e+00  3.3294243279e+00 -1.9104048487e+00 -8.2956310694e-01  1.7936863786e+00 -1.0190155427e+00  5.0559348615e-02 -3.4109724404e-01 -1.5715365617e+00  1.6032873933e+00  1.5104640801e+00 -3.3596134260e+00  4.9518262189e-01  2.4604383600e-01 -3.0544389075e+00 -1.4553567303e+00  1.9772504185e+00 -1.9642384747e+00  3.2203982340e-01  8.0808381251e-01  4.3543435810e-01 -2.5003347497e+00  3.9691136842e+00 -1.9806671133e+00 -3.7213703963e+00  4.2452910229e+00  2.3191765178e-01 -6.2588083173e-01  2.2317074121e+00 -4.0079169901e+00 -2.9926326320e+00  2.9795227216e+00 -1.0952363404e+00  8.7180593099e-01 -1.0541374700e+00  4.6885082200e-05 -1.9980993256e-02  3.3596939720e-02 -1.3098347540e+00 -8.8842739115e-01 -8.1114383672e-01 -1.6462344461e+00  2.4257341333e+00  7.9864020973e-01 -2.2535182624e+00  1.7603482170e+00  2.3455768038e+00 -5.4986538649e-01  1.5202870551e+00  1.8754347105e+00 -3.3224542413e+00  1.3347178260e+00 -4.4799268612e-01 -3.6567627477e+00 -4.1755166277e-01 -2.6403450460e-01 -4.0518560698e+00  6.9459732803e-01  1.0600120280e+00  5.9420138074e-01 -3.4594268711e+00  3.9851129486e+00
ENERGY -4.972504759198e+02
GRADIENT  1.6020683301e-05 -1.6172842750e-04  1.0079640784e-04  1.3127979665e-03 -2.6647489396e-03 -3.3646150626e-03  1.0385686027e-04  1.2046528680e-04 -7.3175039910e-05 -9.4849530335e-04  4.3653178236e-03  3.4467915543e-03 -1.1139394315e-05 -1.7576775541e-04  1.6840937591e-04  4.8188127780e-06 -1.5742315788e-05  3.7261141291e-07  8.9735603163e-06  9.6198504576e-07  6.3996914539e-06 -3.9666608052e-07 -2.0521493822e-05  2.3824040282e-05 -1.0744751533e-04  4.2024418679e-05 -1.1610832225e-04  1.2021954382e-06 -3.4786126943e-05  5.0406011034e-05 -3.3992550701e-03 -1.8347487128e-03  5.0123609326e-03 -2.3053392279e-05 -2.4175662869e-05  1.0511443624e-05  2.7637956888e-05  2.2283075973e-05 -1.8192804348e-05  1.0214372190e-05  1.2717128347e-05  5.8497336687e-06 -2.9773488951e-06  1.6007269615e-06  2.3770177202e-07  2.7939241359e-06 -5.5489268149e-07  4.1720353449e-06  1.7047976543e-06  5.9673898246e-07 -6.3252840920e-07 -5.9899640635e-07  1.5870525869e-07 -3.7388563024e-06  1.4755028064e-06  2.7989366718e-07 -7.3046883861e-07  2.6910572133e-07  2.6373055238e-06 -3.8443644712e-06 -4.0370791736e-06 -1.6561005769e-06  2.8091263894e-06  1.3847171075e-06 -7.9831768979e-06 -1.3575779212e-06 -8.3991339943e-07 -1.7887894112e-06  8.8248690204e-06  3.0163247403e-03  4.0680049068e-04 -5.2957858535e-03

JOB 3
COORDS -1.9461690593e+00 -2.8915604759e+00  3.5590806582e+00 -7.1317638853e-01 -1.1534259874e+00  2.4209455947e+00 -3.0736300512e+00 -2.4824135621e+00  2.8525750062e+00 -7.4119626305e-01 -2.2070314282e+00  3.3453884338e+00 -1.9166666530e+00 -8.3524594933e-01  1.7988018321e+00 -1.0127646130e+00  4.2762459988e-02 -3.3174249008e-01 -1.5748706096e+00  1.5967926664e+00  1.5157554003e+00 -3.3565582173e+00  4.8884616654e-01  2.4179021073e-01 -3.0627118437e+00 -1.4562636973e+00  1.9824333739e+00 -1.9644181250e+00  3.1530971328e-01  8.1173400137e-01  4.0841952299e-01 -2.5087320214e+00  4.0128865071e+00 -2.0022636522e+00 -3.7105379261e+00  4.2695545345e+00  2.2361963254e-01 -6.3497737377e-01  2.2500111048e+00 -4.0287790471e+00 -2.9821010148e+00  2.9898384769e+00 -1.0839128416e+00  8.6388669135e-01 -1.0454393983e+00  4.0441981801e-03 -2.8324410596e-02  4.9008103282e-02 -1.3015754969e+00 -8.9601225442e-01 -8.0347343728e-01 -1.6444652011e+00  2.4188551604e+00  8.0297501604e-01 -2.2617879971e+00  1.7549627827e+00  2.3466002162e+00 -5.5548920976e-01  1.5130811514e+00  1.8869960426e+00 -3.3150227600e+00  1.3275483931e+00 -4.5299885400e-01 -3.6514912134e+00 -4.2425133464e-01 -2.6901538840e-01 -4.0531813037e+00  6.8968431117e-01  1.0516443637e+00  6.9056618993e-01 -3.4225914581e+00  3.8390573343e+00
ENERGY -4.972477974687e+02
GRADIENT -6.2306433593e-05  6.6539715519e-05 -7.6009295026e-05  9.9623842723e-04 -2.6418463923e-03 -2.9679460592e-03  5.2814439977e-05  7.1744155727e-05 -7.1588066220e-05 -6.4066259139e-04  4.3739384966e-03  3.3761480455e-03 -8.1979413256e-05 -1.2283498876e-04  4.0941960390e-05  1.4337966786e-06 -2.1536189482e-05  1.7802767135e-06  1.1299698141e-05 -1.0880632746e-06  2.4334539535e-06  7.3611998844e-07 -7.5607182790e-06  2.0498985478e-05 -3.7990722428e-05  5.8691772298e-05 -9.2129893287e-05 -2.7590696730e-05 -1.2917877814e-05  3.8912199862e-05 -3.2177476768e-03 -3.5151287613e-03  4.0852097885e-03  2.5762235396e-05 -4.0146576473e-06 -1.2232072663e-05  3.6477247843e-06 -3.5525599119e-06  4.2764187350e-06 -6.4404691242e-06  2.7479925157e-05 -6.3427700013e-06 -4.4146068379e-06  8.2499055992e-07  5.6315354981e-08  4.4856618939e-06 -1.6795109068e-06  5.5260439318e-06  3.5056817341e-06 -1.3633041819e-07 -6.3900107452e-08  2.2898569442e-06 -1.1675524850e-06 -2.2264679990e-06  8.2716238861e-07  3.6474594728e-07 -1.1779190249e-06  1.9532915558e-07  7.7006284206e-06 -5.1943803644e-06 -7.0114490794e-06  2.2029952411e-07  3.6682845289e-06  3.6192021474e-06 -5.5798197257e-06 -3.7047490775e-06 -6.2713432077e-07 -4.6475711691e-06  8.3268977696e-06  3.0030414098e-03  1.7621649423e-03 -4.3805342018e-03

JOB 4
COORDS -1.9752130289e+00 -2.8875957548e+00  3.5797330501e+00 -7.2673238982e-01 -1.1697587815e+00  2.4279397906e+00 -3.1014031440e+00 -2.4693592153e+00  2.8755700381e+00 -7.6319680212e-01 -2.2223923570e+00  3.3525693710e+00 -1.9280054292e+00 -8.4334855409e-01  1.8039315682e+00 -1.0097481030e+00  3.6620429552e-02 -3.2104666930e-01 -1.5845154743e+00  1.5878922903e+00  1.5247479114e+00 -3.3572839782e+00  4.8106346515e-01  2.3686811849e-01 -3.0794872362e+00 -1.4508470998e+00  1.9968183362e+00 -1.9690017292e+00  3.0716231368e-01  8.1627126022e-01  3.7295313851e-01 -2.5340668624e+00  4.0466718868e+00 -2.0327158253e+00 -3.6991156247e+00  4.2981644626e+00  2.1206075053e-01 -6.5408749515e-01  2.2588903879e+00 -4.0627774311e+00 -2.9548262110e+00  3.0201548261e+00 -1.0759975073e+00  8.5892001595e-01 -1.0338331285e+00  4.6174450407e-03 -3.4619103305e-02  6.6074680669e-02 -1.2951331638e+00 -9.0131481434e-01 -7.9654520328e-01 -1.6490474664e+00  2.4110087090e+00  8.1268367829e-01 -2.2772977517e+00  1.7447841108e+00  2.3509447964e+00 -5.6776023701e-01  1.5033161847e+00  1.9031379097e+00 -3.3102615958e+00  1.3183848149e+00 -4.5923872397e-01 -3.6495146791e+00 -4.3274328667e-01 -2.7439864781e-01 -4.0591868593e+00  6.8395157269e-01  1.0415279971e+00  7.8605424280e-01 -3.3470770059e+00  3.7103223606e+00
ENERGY -4.972457068186e+02
GRADIENT -1.0230464163e-04 -5.6041419730e-05  1.1076518661e-04  6.7700748525e-04 -1.7103335295e-03 -1.7601696465e-03  1.4879475556e-04  1.0140169047e-06  2.2046047283e-05 -4.8393003859e-04  2.9683555998e-03  2.0139788376e-03 -1.1151932028e-04  3.0837935201e-05 -7.9693123925e-05 -8.8069231554e-07  5.7894088144e-06 -4.2254103128e-06 -9.5166038682e-06 -9.3997919162e-06 -5.5359911244e-06 -4.9537022345e-06  8.7813423274e-06 -1.2716858680e-05  4.6952889902e-05  5.3021846646e-05 -1.8956812073e-05  9.2524672403e-06  3.1558416364e-05  9.0956627876e-06 -2.0865111749e-03 -3.2382785155e-03  2.0151574131e-03  3.3865210871e-05 -1.2019538916e-05  1.9501348460e-06 -1.5973887181e-05  1.6038424938e-05 -1.3537842669e-05  7.7004724672e-06  7.1354107318e-06 -6.0399768116e-06  6.3649539791e-06  5.0429174174e-07 -3.1472587429e-06  9.1731398608e-07 -2.3550225804e-06 -6.0523152862e-07  2.9770812103e-06  1.9195124227e-06 -2.3658898438e-06 -1.3533332922e-06 -1.5966979589e-06 -2.0569866370e-06  5.1104788690e-07 -3.1066956731e-06  3.5100432029e-07  4.6930146618e-06  4.0976902267e-06 -5.1880907083e-06  2.8486247490e-06  1.3272007855e-06 -2.5099795798e-06  2.2926169611e-06  4.5083405474e-06 -5.5131799639e-06  2.7880142766e-06 -3.9992403192e-06 -4.5493423327e-06  1.9011486680e-03  1.9133710730e-03 -2.2732306878e-03

JOB 5
COORDS -1.9977474017e+00 -2.8883377774e+00  3.5864701453e+00 -7.3656786405e-01 -1.1833242604e+00  2.4323888780e+00 -3.1222239094e+00 -2.4602186140e+00  2.8852001017e+00 -7.7832680865e-01 -2.2410529214e+00  3.3517585396e+00 -1.9345685734e+00 -8.5067701524e-01  1.8047301492e+00 -1.0071062133e+00  3.0180149666e-02 -3.1645157670e-01 -1.5827189607e+00  1.5800357105e+00  1.5303179967e+00 -3.3547842890e+00  4.8056858940e-01  2.3534559689e-01 -3.0911411319e+00 -1.4470877946e+00  2.0007451577e+00 -1.9686195946e+00  3.0154377688e-01  8.1851744725e-01  3.3951900010e-01 -2.5650410210e+00  4.0718008621e+00 -2.0572391364e+00 -3.6971585059e+00  4.3074351250e+00  2.0218799049e-01 -6.6586122302e-01  2.2678036019e+00 -4.0883180796e+00 -2.9349378184e+00  3.0338615794e+00 -1.0690224729e+00  8.5366275358e-01 -1.0282525548e+00  6.0498213443e-03 -4.4204419688e-02  7.3256633870e-02 -1.2935637201e+00 -9.0627254136e-01 -7.9423538801e-01 -1.6431803540e+00  2.4046640461e+00  8.1963790017e-01 -2.2772726263e+00  1.7371819011e+00  2.3549700342e+00 -5.6717183452e-01  1.4922703821e+00  1.9112635813e+00 -3.3029539736e+00  1.3182292157e+00 -4.6001070325e-01 -3.6485047025e+00 -4.3194468449e-01 -2.7744952785e-01 -4.0582821519e+00  6.8510742755e-01  1.0381412008e+00  8.8588270066e-01 -3.2246308298e+00  3.6124057240e+00
ENERGY -4.972447870140e+02
GRADIENT -1.4208859770e-04  1.4671387795e-04 -1.5966322088e-04 -1.9059057503e-04 -4.3799618244e-04 -1.5403347131e-04  1.3497416228e-04  9.0249140603e-06  2.4164267904e-05  2.9236491161e-04  3.3914483655e-04  4.9235718353e-04 -1.9938952281e-04  6.2036176082e-05 -9.0256474519e-05 -1.9814799325e-06 -3.8823896308e-06 -5.5175807780e-07 -7.8412560036e-06 -1.9844455088e-05 -3.1384506253e-06  3.8157090242e-06  1.6381824938e-06 -7.0574952186e-06  6.8310559656e-05  1.0113144548e-04 -9.1871144876e-05 -3.3498488542e-05  4.7237289386e-05 -4.5530524855e-06 -1.5851897913e-04 -6.3392496899e-04  2.3542556281e-04  5.9669634052e-05  1.4378687447e-05 -2.2506794076e-06 -2.6714074637e-05 -3.7792073751e-05  1.6999326850e-05 -5.0910123086e-06  2.2532284964e-05 -3.1205649692e-05  7.5234447117e-06 -9.7276370960e-07 -2.0573790109e-06  1.0402990538e-06 -2.8917826930e-07 -7.8317049844e-06  6.7586059582e-06  5.9456020440e-07 -2.5598004420e-06 -1.9871957010e-06 -2.1994377993e-06 -1.0800128298e-06  2.0229725002e-06 -1.8762836297e-06  2.4869226314e-06  2.5927241589e-06  8.0297737037e-06 -3.2714902381e-06 -2.8109225005e-06 -1.1803633452e-06 -1.3115511078e-06  6.3584523051e-06 -3.9197813694e-06 -5.1434646475e-06  3.2021648297e-06 -7.2914246355e-06  6.7799090211e-06  2.2114741609e-04  3.9725026375e-04 -2.2505083781e-04

JOB 6
COORDS -2.0183224543e+00 -2.8941540041e+00  3.5904646009e+00 -7.4380192531e-01 -1.1973362958e+00  2.4358101714e+00 -3.1410759829e+00 -2.4545699987e+00  2.8948509144e+00 -7.9210688465e-01 -2.2626757180e+00  3.3477351539e+00 -1.9398332072e+00 -8.5879508255e-01  1.8077646300e+00 -1.0064331001e+00  2.1255584853e-02 -3.1185584908e-01 -1.5763447803e+00  1.5711182261e+00  1.5366826149e+00 -3.3520394426e+00  4.8206462569e-01  2.3859416686e-01 -3.1015155782e+00 -1.4441812053e+00  2.0070162226e+00 -1.9671610187e+00  2.9531934300e-01  8.2286255135e-01  3.0601596284e-01 -2.6053494756e+00  4.0852087414e+00 -2.0795672095e+00 -3.7036964189e+00  4.3102437743e+00  1.9473947496e-01 -6.7861094377e-01  2.2725635278e+00 -4.1112550133e+00 -2.9196159958e+00  3.0474388271e+00 -1.0647592960e+00  8.4550966533e-01 -1.0230707372e+00  6.3186326767e-03 -5.7329115267e-02  7.8085538040e-02 -1.2962320475e+00 -9.1371850626e-01 -7.9051857047e-01 -1.6331734899e+00  2.3971768954e+00  8.2735340667e-01 -2.2705348326e+00  1.7297289934e+00  2.3613539038e+00 -5.6127290270e-01  1.4788581953e+00  1.9178363829e+00 -3.2950037348e+00  1.3201322950e+00 -4.5588209076e-01 -3.6499510332e+00 -4.2843266375e-01 -2.7535294974e-01 -4.0552763471e+00  6.8941009694e-01  1.0408216992e+00  9.6981324738e-01 -3.0738648576e+00  3.5517830534e+00
ENERGY -4.972452362223e+02
GRADIENT -2.8190716385e-05  9.8024553921e-05 -1.1405022494e-04 -4.1326583737e-04  1.1468924813e-03  1.2968807870e-03 -2.1366396723e-04 -2.5732286738e-04  1.2815831427e-04  4.7481429440e-04 -2.2211865693e-03 -1.8009081705e-03  5.6071283192e-05  7.2791494003e-05 -4.3451704873e-05 -5.8429472462e-06  3.9485655352e-06 -4.5713042052e-06 -4.5928834716e-07 -1.4265767062e-05 -1.0041023373e-05 -9.6857148520e-06  1.5765503805e-05 -1.9155242654e-05  1.1854570343e-04 -4.6162398181e-05  8.3134361762e-05  4.8234317286e-05  3.4198353160e-05 -1.7762365744e-06  1.0156898869e-03  3.2344404316e-03 -5.8632221494e-05 -1.3212469496e-05  4.3819967162e-06 -7.9708832105e-06  2.5963394000e-06  1.6186922124e-05 -1.8696873359e-05 -7.3046036292e-06 -2.8089329613e-05  1.3516729083e-05  4.6801321318e-06  7.6765171590e-07 -4.9870325943e-06  3.5311829990e-06  2.1328480172e-06  6.8560011359e-06  3.8977062846e-06  1.3026035323e-06  7.9299553276e-07 -3.8396233821e-06  4.9923453590e-07  1.1978223801e-07 -4.3817532263e-07 -3.3036933566e-06  1.3417413864e-06  2.9579810620e-06  2.3331559761e-07 -2.6754737959e-06  7.2205116979e-06  3.8758997852e-06 -1.2870577526e-06  1.2769395800e-06  1.1728781036e-05 -5.7939415517e-06  9.1052780471e-07 -2.3547829086e-06 -1.2883370526e-05 -1.0118100633e-03 -2.0801097440e-03  5.5510589951e-04

JOB 7
COORDS -2.0371254255e+00 -2.9041068498e+00  3.5904797830e+00 -7.5051358833e-01 -1.2132519768e+00  2.4394716476e+00 -3.1564213327e+00 -2.4521303287e+00  2.8999539534e+00 -8.0373600432e-01 -2.2858361972e+00  3.3444167855e+00 -1.9449967047e+00 -8.6702850516e-01  1.8123892877e+00 -1.0081281546e+00  9.7004017965e-03 -3.0756313351e-01 -1.5655531150e+00  1.5614356893e+00  1.5434703524e+00 -3.3496140921e+00  4.8516747091e-01  2.4688169782e-01 -3.1113840202e+00 -1.4416476646e+00  2.0113500076e+00 -1.9650036594e+00  2.8885800187e-01  8.2899662296e-01  2.7635179779e-01 -2.6533090041e+00  4.0878437995e+00 -2.1019339708e+00 -3.7171236609e+00  4.3058809586e+00  1.8829566017e-01 -6.9511254534e-01  2.2743764406e+00 -4.1298921457e+00 -2.9095771641e+00  3.0541294342e+00 -1.0633260942e+00  8.3428428126e-01 -1.0186464047e+00  5.0172118053e-03 -7.4482938067e-02  8.0153715218e-02 -1.3038783324e+00 -9.2370026618e-01 -7.8564644312e-01 -1.6189042374e+00  2.3887201389e+00  8.3529464420e-01 -2.2572637454e+00  1.7230370739e+00  2.3696387466e+00 -5.5029373410e-01  1.4632267565e+00  1.9226026431e+00 -3.2880743207e+00  1.3236897614e+00 -4.4666413963e-01 -3.6539875742e+00 -4.2289576838e-01 -2.6755714593e-01 -4.0503079943e+00  6.9590972932e-01  1.0504230761e+00  1.0304678432e+00 -2.9105213059e+00  3.5311491033e+00
ENERGY -4.972467501225e+02
GRADIENT -6.4225658298e-05  1.0177410780e-04 -6.6274661528e-05 -8.1061072615e-04  2.0464804193e-03  2.3183164373e-03 -2.2927959873e-05 -4.7635593959e-05  3.1294757370e-05  1.1797183758e-03 -4.1581546516e-03 -3.5923286668e-03 -1.2161664093e-04 -1.5992458857e-04  1.1433112623e-04  2.1702956115e-06 -1.7520552502e-05  3.7181285779e-06  1.6051413530e-06 -1.4549301774e-05  8.3866475542e-06 -1.5744694865e-06 -2.5206288989e-05  1.7053612699e-05  1.2126360570e-05  1.2126247231e-04 -1.2726968038e-04 -8.4582758937e-07 -1.3578130926e-05  2.8293915771e-05  1.1693428212e-03  6.1193713295e-03  1.2434036831e-03  1.2349975151e-05  5.4286321584e-06 -6.0781709015e-06  1.5371331246e-05  5.2254184380e-06 -3.6410712685e-06 -4.6627241294e-06  8.0470671253e-06 -1.9485270938e-05  1.8065767148e-07  2.0383373024e-06  4.4456202198e-07  3.7583611561e-06  3.3202468284e-06  9.5102086025e-07  7.0064663568e-06  5.9966305933e-07 -2.3880382960e-07 -3.1415386226e-06 -5.4194991684e-07 -2.6427555946e-07  4.0844881627e-07 -5.0157339318e-07  1.2705602099e-06 -5.1672571609e-07  4.1249264286e-06 -8.5185980781e-07 -3.4208771798e-06 -4.1421493113e-06  2.0000850239e-06  5.8458797855e-06 -1.1024793302e-05 -2.8101542493e-06 -1.3507009398e-06 -6.8546797422e-06  1.1144565420e-05 -1.3499016232e-03 -3.9566498651e-03  7.4864415215e-06

JOB 8
COORDS -2.0461031409e+00 -2.9164316573e+00  3.5810442766e+00 -7.5319515044e-01 -1.2253112432e+00  2.4366245430e+00 -3.1625613205e+00 -2.4560387718e+00  2.8946632788e+00 -8.0874301889e-01 -2.3024506775e+00  3.3372701337e+00 -1.9468708961e+00 -8.7225336073e-01  1.8113455496e+00 -1.0087593146e+00  2.6707721943e-03 -3.0926754912e-01 -1.5548238873e+00  1.5552785191e+00  1.5445363530e+00 -3.3463138480e+00  4.9019798622e-01  2.4977441214e-01 -3.1153061796e+00 -1.4418938642e+00  2.0087373496e+00 -1.9617720654e+00  2.8555431282e-01  8.2956294819e-01  2.6036841397e-01 -2.6965941692e+00  4.0731234341e+00 -2.1131647631e+00 -3.7349231855e+00  4.2898874093e+00  1.8588540182e-01 -7.0842455899e-01  2.2676885112e+00 -4.1372721328e+00 -2.9111416124e+00  3.0476716915e+00 -1.0607985755e+00  8.2851078556e-01 -1.0191262942e+00  4.7252013532e-03 -8.7800026528e-02  7.6084486965e-02 -1.3106221323e+00 -9.2847985634e-01 -7.8790253105e-01 -1.6052292401e+00  2.3836081727e+00  8.3736835657e-01 -2.2443102757e+00  1.7194364002e+00  2.3720574718e+00 -5.3939696894e-01  1.4518705969e+00  1.9218043955e+00 -3.2810711500e+00  1.3294917268e+00 -4.4251984233e-01 -3.6563364533e+00 -4.1541172390e-01 -2.6552202644e-01 -4.0446499332e+00  7.0338931283e-01  1.0546885814e+00  1.0719416990e+00 -2.7389792466e+00  3.5398445821e+00
ENERGY -4.972487513774e+02
GRADIENT  6.8875863506e-05  1.7698087779e-04 -2.0669707476e-04 -1.1871824724e-03  1.9996675752e-03  2.5707404551e-03 -1.2770547971e-04  1.6082112802e-05  4.2223955779e-05  1.3506253138e-03 -4.6261290271e-03 -4.0677892836e-03  3.9670715215e-05  1.4439408385e-04 -1.0469445474e-04 -1.5691939460e-07  5.2565913530e-06  1.0337880590e-06 -4.8909587093e-06  1.1236130880e-05 -1.1121268273e-05  4.9411233589e-06  1.0193161650e-05 -1.0950621406e-05  4.9992926772e-05 -9.5717788576e-05  1.4591536770e-05 -2.9594168371e-05  3.1669589389e-05 -8.8530998822e-06  8.1995091546e-04  6.7100325306e-03  2.7838822752e-03  2.6781393235e-05  1.6119326962e-05 -2.3186122331e-05 -2.1775664151e-05 -4.1643262431e-05  3.3742629790e-05 -9.9985771353e-06 -6.6206329821e-06 -1.4479289009e-05  4.2194771772e-06  4.1615889261e-06  5.6123316448e-06  9.5763525464e-07 -3.2374768773e-06 -6.3281555676e-07 -9.6010430856e-08  4.1566972677e-06 -6.1393238365e-06  6.4639464044e-07  1.8898292856e-06 -3.9809967850e-07 -4.5116681686e-06  6.7661874344e-07 -3.2210711440e-06 -2.2516682254e-06  1.1605481226e-06  2.6196438335e-06 -3.0851399560e-06  3.3955674425e-07 -3.8729007827e-06  2.1078323145e-06  1.5804390186e-06 -5.2965267802e-06  7.2989411915e-08 -1.6638491901e-06 -6.2986244099e-06 -9.5598219641e-04 -4.3457909628e-03 -1.0183869323e-03

JOB 9
COORDS -2.0568359194e+00 -2.9289686542e+00  3.5742239365e+00 -7.5542311791e-01 -1.2390825137e+00  2.4342399445e+00 -3.1710269619e+00 -2.4591827711e+00  2.8938649888e+00 -8.1555372796e-01 -2.3185038545e+00  3.3325211141e+00 -1.9503486051e+00 -8.7708283641e-01  1.8157067936e+00 -1.0140709817e+00 -7.4442874076e-03 -3.0819414004e-01 -1.5426692419e+00  1.5482636853e+00  1.5483188203e+00 -3.3458870561e+00  4.9547179067e-01  2.6019769088e-01 -3.1215246496e+00 -1.4392244202e+00  2.0130882429e+00 -1.9604489377e+00  2.8151844918e-01  8.3468398981e-01  2.4735738561e-01 -2.7449554541e+00  4.0497687047e+00 -2.1263983580e+00 -3.7526506732e+00  4.2767820446e+00  1.8564772197e-01 -7.2807784351e-01  2.2567456441e+00 -4.1474612454e+00 -2.9103491381e+00  3.0471618083e+00 -1.0645204625e+00  8.1834638550e-01 -1.0182258202e+00  6.4361152625e-04 -1.0365166115e-01  7.2433631341e-02 -1.3233830822e+00 -9.3713924527e-01 -7.8487133111e-01 -1.5908232165e+00  2.3772583556e+00  8.4177242156e-01 -2.2276467830e+00  1.7163787361e+00  2.3787893282e+00 -5.2631150125e-01  1.4385130052e+00  1.9212553003e+00 -3.2776174763e+00  1.3346174834e+00 -4.3198817755e-01 -3.6637252935e+00 -4.0793142600e-01 -2.5414981162e-01 -4.0397101876e+00  7.1279534934e-01  1.0678968711e+00  1.0859934809e+00 -2.5869704493e+00  3.5840453187e+00
ENERGY -4.972506495849e+02
GRADIENT  1.2138859121e-04  2.2438728355e-04 -1.7878112847e-04 -7.2934416626e-04  1.8873762415e-03  2.0167801271e-03 -2.3312062510e-04  3.3315190384e-05 -8.6201228037e-05  1.0576132429e-03 -3.8337346745e-03 -3.6440168718e-03  1.1728145452e-04 -9.2386836947e-05  1.1025631427e-04  1.8103259040e-05 -2.2339240164e-06  2.1344722324e-06 -3.0102813775e-06  1.6906832781e-05  1.5041700279e-05  6.3787723303e-06 -3.5217124328e-05  2.0163483071e-05 -8.0488165609e-05 -2.1122153073e-05  6.0692219299e-06 -4.0054830848e-05 -7.2832973887e-05  2.7230832058e-05  4.4855352979e-05  5.3038099486e-03  3.2833761434e-03 -1.0704767136e-05  1.6730826468e-05 -2.1670672970e-05  1.7240299551e-05 -5.0125888255e-06  2.6398857188e-05 -1.2257103567e-05 -4.4180508739e-06 -3.5343649746e-06  4.4336223475e-06  7.8492232368e-06  6.5752942006e-06 -1.3575071727e-06 -4.3581243732e-06 -2.5891471587e-08  1.6745062135e-08  6.2936676235e-06 -6.7596118173e-06 -1.8665389475e-06 -7.5744780977e-07 -1.9454670998e-06 -4.6928418542e-06  1.6195668130e-06 -3.1416794347e-06 -3.7464819693e-06 -2.0621126908e-07  3.2217846545e-06 -5.8794632120e-06 -7.3187173124e-06 -2.6123605505e-06  3.8500275496e-06 -1.5165376058e-05 -2.6722910766e-06 -1.9560395773e-06 -2.8626881041e-06  8.0600570906e-06 -2.4295802720e-04 -3.3743497622e-03 -1.6109230477e-03

JOB 10
COORDS -2.0637131936e+00 -2.9443918671e+00  3.5649779231e+00 -7.5761659891e-01 -1.2528336967e+00  2.4303648818e+00 -3.1758399008e+00 -2.4665780726e+00  2.8894371585e+00 -8.2088231281e-01 -2.3323780552e+00  3.3282845389e+00 -1.9536449915e+00 -8.8120655931e-01  1.8187241132e+00 -1.0221833021e+00 -1.7205317013e-02 -3.0952388775e-01 -1.5288003118e+00  1.5417284922e+00  1.5505462374e+00 -3.3467748934e+00  5.0339699413e-01  2.7185476168e-01 -3.1260022596e+00 -1.4393047440e+00  2.0156883435e+00 -1.9598909681e+00  2.7862555494e-01  8.3886572639e-01  2.4133936251e-01 -2.7897261567e+00  4.0204662692e+00 -2.1345621409e+00 -3.7733450288e+00  4.2611995970e+00  1.8596521758e-01 -7.4933773587e-01  2.2436955837e+00 -4.1533349090e+00 -2.9157412771e+00  3.0414641489e+00 -1.0713002941e+00  8.0864802103e-01 -1.0195746923e+00 -5.8535654703e-03 -1.2026810470e-01  6.4934510613e-02 -1.3406029463e+00 -9.4503515349e-01 -7.8380773826e-01 -1.5749156426e+00  2.3714847858e+00  8.4475624429e-01 -2.2076757330e+00  1.7145121330e+00  2.3850665316e+00 -5.1108184011e-01  1.4244788819e+00  1.9174270381e+00 -3.2758391505e+00  1.3427750803e+00 -4.1978409649e-01 -3.6739715361e+00 -3.9708689590e-01 -2.4165522826e-01 -4.0346771640e+00  7.2492436664e-01  1.0834815042e+00  1.0798460158e+00 -2.4530915787e+00  3.6613837965e+00
ENERGY -4.972519734632e+02
GRADIENT  3.1659490809e-05  1.3377786449e-05 -4.9763684872e-06 -3.7175874835e-04  1.0194729608e-03  1.1534006429e-03  3.0855892624e-05  9.8745973557e-05 -6.2658143368e-05  6.0179259759e-04 -2.0816577567e-03 -2.1954867981e-03  1.1045179891e-05 -4.1728920007e-05  3.8218548398e-05  1.2642177633e-05  1.1807971044e-05  8.4487590431e-06 -1.3181397103e-05  1.6552022792e-05  1.2979164474e-05  5.4184054816e-06 -2.2164478413e-05  5.7441926674e-06 -6.1145840664e-05  2.5494282859e-05 -2.0261359331e-05 -2.1504081194e-05 -3.9130424782e-05 -1.3780965982e-06 -3.2416266847e-04  2.6818561077e-03  2.3160253827e-03  5.2778731501e-06  2.9114755688e-07 -3.5350543621e-06  3.0622234918e-06 -9.9308679974e-07  1.3259248200e-05  4.5261254908e-06  4.2803583100e-06 -7.6719884258e-06  5.4103330317e-06  5.5860077138e-06  5.3009824404e-06 -1.2997146634e-06 -1.8020330093e-07 -5.7249924152e-06  9.0927373739e-07  4.8683189343e-06 -6.0857826670e-06 -2.7601746466e-06  1.5441514888e-06 -1.7057882643e-06 -3.8107749983e-06  9.8658367888e-07 -2.9548249313e-06 -3.2781339606e-06 -1.9779767839e-08  2.7096106842e-06 -3.0356434929e-06 -7.7251008749e-06 -6.3875805878e-06  2.3817701329e-06 -1.3130877306e-05 -4.5856862176e-07  6.3667250635e-07 -5.1929330742e-08  1.6655374975e-06  1.1381729427e-04 -1.6439940140e-03 -1.2711585909e-03

JOB 11
COORDS -2.0665856034e+00 -2.9599252706e+00  3.5530106435e+00 -7.5920892425e-01 -1.2645892103e+00  2.4252600383e+00 -3.1779313564e+00 -2.4758013896e+00  2.8816344119e+00 -8.2402396257e-01 -2.3434463901e+00  3.3238510993e+00 -1.9562416048e+00 -8.8407559825e-01  1.8205955424e+00 -1.0325217273e+00 -2.6144513570e-02 -3.1302760042e-01 -1.5148026382e+00  1.5363366125e+00  1.5506209148e+00 -3.3490799990e+00  5.1221299299e-01  2.8408540214e-01 -3.1291020144e+00 -1.4406459272e+00  2.0165853038e+00 -1.9601977320e+00  2.7681847369e-01  8.4186486349e-01  2.4251236800e-01 -2.8292955151e+00  3.9870237062e+00 -2.1376691190e+00 -3.7942833244e+00  4.2427337169e+00  1.8695588985e-01 -7.6914669897e-01  2.2299296420e+00 -4.1558361594e+00 -2.9246792301e+00  3.0316496513e+00 -1.0807397746e+00  7.9982528046e-01 -1.0230091569e+00 -1.4367055006e-02 -1.3655966004e-01  5.4318489728e-02 -1.3609269521e+00 -9.5188008974e-01 -7.8456295851e-01 -1.5595978470e+00  2.3666263747e+00  8.4537699537e-01 -2.1864771405e+00  1.7141535891e+00  2.3899085276e+00 -4.9538069285e-01  1.4115380806e+00  1.9101817530e+00 -3.2765637473e+00  1.3518955623e+00 -4.0701935240e-01 -3.6861078720e+00 -3.8526039321e-01 -2.2824564495e-01 -4.0300485957e+00  7.3772859792e-01  1.1004937774e+00  1.0565713244e+00 -2.3445436915e+00  3.7684515544e+00
ENERGY -4.972524419580e+02
GRADIENT -7.9295891396e-05 -1.4109697780e-04  9.5542082316e-05 -1.9650585340e-04 -1.4284497141e-04  2.2119954946e-05  3.1670879675e-04  1.9702038001e-04 -7.2241174295e-05  1.2400804024e-04 -3.7154458439e-06  5.3377284724e-05 -1.2324614049e-04  3.8015980422e-05 -6.9528322311e-05  8.7708330858e-06  2.3150499051e-05  1.4405399719e-05 -2.0669185747e-05  1.6416657950e-05  1.2255598451e-05  1.1826304439e-05 -8.5939878664e-06 -6.5426180819e-06 -4.9201143409e-05  9.2763587433e-05 -5.4302694457e-05 -2.9894986332e-05 -5.6824941668e-06 -4.5229084550e-05  3.8096145248e-05 -3.0829119811e-05  2.9738390342e-05  3.7317995040e-05 -7.8877001101e-06  1.1436729730e-05 -2.3862441138e-05 -1.4892983225e-05  1.8582875555e-05  1.5675960378e-05  2.5710608798e-05 -2.2497147057e-05  5.4324298482e-06  3.3044109570e-06  3.2808164830e-06 -2.8265097545e-06  5.2021867578e-06 -1.5476434960e-05  2.4435309909e-06  2.8687607261e-06 -5.0086085046e-06 -2.3988065546e-06  3.9571692681e-06  1.4280663652e-07 -2.1826382277e-06  1.0815367435e-06 -1.7782102976e-06 -4.2048306283e-06  3.7902315198e-06  2.4023992968e-06 -3.0252512765e-06 -7.4813598416e-06 -9.5970900674e-06  2.4676648550e-06 -1.3463293828e-05  1.9865475559e-06  3.2842261395e-06  2.2538201443e-06  1.2468637916e-07 -3.4536900601e-06 -3.2255083636e-07  8.4380324132e-06

JOB 12
COORDS -2.0277409583e+00 -3.0482652111e+00  3.4361249958e+00 -7.5606269710e-01 -1.2544960216e+00  2.4272621160e+00 -3.1337870671e+00 -2.5911709452e+00  2.7366577630e+00 -8.0909188411e-01 -2.3638852590e+00  3.2886975484e+00 -1.9455864936e+00 -9.0322281493e-01  1.7914217604e+00 -1.0170204396e+00  2.1888819219e-02 -3.0740362898e-01 -1.5434728025e+00  1.5338135707e+00  1.5856587929e+00 -3.3484815210e+00  5.0982698152e-01  2.7943355001e-01 -3.0983202911e+00 -1.5199515675e+00  1.9166470312e+00 -1.9611479858e+00  2.8385258013e-01  8.4487669027e-01  2.6121067325e-01 -2.8455645275e+00  3.9513219650e+00 -2.0866822483e+00 -3.9121943477e+00  4.0896002914e+00  1.7668030440e-01 -7.1891701705e-01  2.2794500891e+00 -4.0944042184e+00 -3.0904454706e+00  2.8278869253e+00 -1.0677610472e+00  8.6487368054e-01 -9.9701292931e-01 -2.1610106984e-03 -8.6555703855e-02  6.9954114298e-02 -1.3290127529e+00 -8.9567669270e-01 -8.0528298449e-01 -1.5991150232e+00  2.3791529204e+00  8.9941827573e-01 -2.2233571366e+00  1.6803731890e+00  2.4243968183e+00 -5.2388926233e-01  1.4209811754e+00  1.9482765966e+00 -3.2852449489e+00  1.3719812744e+00 -3.8437653533e-01 -3.6634829040e+00 -3.7722601524e-01 -2.6364655965e-01 -4.0416446418e+00  6.9733605713e-01  1.0955076071e+00  1.0008151348e+00 -2.2144170405e+00  3.9523115419e+00
ENERGY -4.972519726306e+02
GRADIENT  7.6015301689e-05  3.0723550466e-04 -2.1593539842e-04  2.7263616382e-04 -9.0232026365e-04 -1.2725620002e-03 -2.8373776496e-04 -8.6907227010e-05 -3.9887227659e-05 -5.6966143513e-04  1.6516752337e-03  2.5535103628e-03  1.0312642124e-04 -5.9239369063e-05  7.6925390511e-05 -8.9127907302e-07 -1.4908635933e-05 -2.0870121362e-05  1.8654920667e-05 -5.1562587222e-06 -2.1319751123e-06 -2.5891729725e-06 -1.3167896485e-05  2.3595319593e-05 -1.7886715842e-05 -2.8027032328e-05  7.3129343175e-06 -2.9781299163e-05 -3.1270999176e-05  4.5160444198e-05  1.1829853325e-03 -1.6155226680e-03 -2.9429224394e-03 -5.9507224394e-06  2.9762946625e-05 -1.9045986606e-05  1.5443250232e-05 -1.8888016227e-05  5.2986208596e-06 -1.8539912947e-05 -4.6567808918e-06  2.5162636979e-06 -3.3515810327e-06  1.4281804560e-06 -1.6043860366e-06 -6.8638859642e-07 -3.6448128721e-06  2.3920024834e-06 -4.1243126122e-06  2.1640286304e-06 -1.5165973492e-06  6.9398333603e-06 -3.6485895285e-06 -6.0887706942e-06 -1.8020144792e-08  6.8093775926e-06 -3.6471879134e-06 -5.1265289532e-07  6.5861844125e-07  1.4170651658e-06 -7.4232783242e-06  2.4510006660e-06  7.2351288263e-06 -1.1443283184e-07 -1.5518977518e-06 -3.1479067505e-07 -2.0866284175e-06 -1.6401625810e-06  1.2464874681e-05 -7.0787561842e-04  8.3308942787e-04  1.7689936989e-03

JOB 13
COORDS -2.0147165311e+00 -3.0530579778e+00  3.4239423041e+00 -7.4990735257e-01 -1.2549815309e+00  2.4146495473e+00 -3.1254267796e+00 -2.5927112048e+00  2.7318162538e+00 -8.0011387772e-01 -2.3637020368e+00  3.2770652325e+00 -1.9428539823e+00 -8.9856748082e-01  1.7889898904e+00 -1.0282731980e+00  2.2109157938e-02 -3.1733571505e-01 -1.5336034609e+00  1.5370226958e+00  1.5789020017e+00 -3.3531836450e+00  5.1938672807e-01  2.8788038441e-01 -3.0950116860e+00 -1.5167157295e+00  1.9192190166e+00 -1.9623186417e+00  2.8840633343e-01  8.4239556982e-01  2.8689328409e-01 -2.8616467404e+00  3.9064620643e+00 -2.0688549261e+00 -3.9214193422e+00  4.0719539530e+00  1.8543089698e-01 -7.2701040354e-01  2.2576743233e+00 -4.0853626684e+00 -3.0929958550e+00  2.8251063753e+00 -1.0810851949e+00  8.6509999896e-01 -1.0067830713e+00 -1.0954244364e-02 -9.0513402763e-02  5.2102010697e-02 -1.3480084821e+00 -8.9434833143e-01 -8.1232366331e-01 -1.5903562337e+00  2.3820716702e+00  8.9239229744e-01 -2.2066795361e+00  1.6875652918e+00  2.4224263219e+00 -5.1186999104e-01  1.4196627098e+00  1.9339868068e+00 -3.2920996220e+00  1.3813001607e+00 -3.7644701378e-01 -3.6757285784e+00 -3.6643468331e-01 -2.5274258710e-01 -4.0392733891e+00  7.0951873298e-01  1.1093486972e+00  9.4716448766e-01 -2.1720400701e+00  4.0898394847e+00
ENERGY -4.972506493109e+02
GRADIENT  4.2070858761e-05  3.1023198158e-06 -1.4099566881e-05  4.6864132763e-04 -1.7478923642e-03 -2.2526801432e-03 -5.1299108195e-05 -3.1295925027e-05  8.7450888607e-06 -1.1861836511e-03  2.9554265408e-03  4.4663781897e-03  9.2301836963e-05  6.3128998181e-05 -3.1060954222e-05 -7.2130130156e-06  3.9037245275e-06 -1.2378996171e-05  6.0216029308e-06  4.6475032002e-06 -1.3914379146e-05 -7.0016988286e-06  1.2603779696e-05 -2.9068839614e-06  6.5264985340e-06 -7.3073357688e-05  5.5189419911e-05  7.4001566955e-06  9.5989364100e-06  7.8731002892e-06  2.2806232406e-03 -1.8520796849e-03 -5.5273308093e-03 -1.0850238869e-05  9.1382282609e-07 -2.9500431073e-06  1.5581760379e-06  7.7378579731e-06 -1.2760976612e-05  2.4058668895e-06 -1.0153814420e-05  1.6561237746e-05 -2.6856648079e-06  1.5925741741e-06 -1.6117117836e-06 -1.1575511494e-06 -2.8407041880e-06  2.0096120448e-06 -6.0567720272e-06  1.7780408929e-06 -9.1576119832e-07  8.1855356872e-06  6.1389660453e-07 -3.1146729885e-06 -1.0225617761e-06  5.6357024125e-06 -4.6617693747e-06  1.0464811101e-06 -2.5881503674e-06  1.8531299513e-06  1.7712498429e-06  6.9487514503e-06  2.3443087042e-06 -3.3766768597e-06  1.2371843525e-05  1.3185834363e-06 -2.2628449305e-07  3.4882885690e-06 -3.2671680010e-06 -1.6284507662e-03  6.7275201996e-04  3.3082394090e-03

JOB 14
COORDS -2.0039142558e+00 -3.0598444188e+00  3.4138958893e+00 -7.4529604599e-01 -1.2589084211e+00  2.4040286580e+00 -3.1200136852e+00 -2.5969421125e+00  2.7291133976e+00 -7.9245496670e-01 -2.3682631562e+00  3.2650496813e+00 -1.9409593170e+00 -8.9865290586e-01  1.7865344880e+00 -1.0358369630e+00  2.0269987399e-02 -3.2418759409e-01 -1.5292072225e+00  1.5359658552e+00  1.5743867619e+00 -3.3571530863e+00  5.2137353370e-01  2.9232425410e-01 -3.0927459511e+00 -1.5179279946e+00  1.9220868702e+00 -1.9640468227e+00  2.8824386021e-01  8.4002711115e-01  3.1285156440e-01 -2.8750099043e+00  3.8656928977e+00 -2.0531892813e+00 -3.9323287124e+00  4.0567489303e+00  1.9253609835e-01 -7.3766367320e-01  2.2414793586e+00 -4.0796043601e+00 -3.0975942391e+00  2.8245811036e+00 -1.0906424385e+00  8.6334159142e-01 -1.0133813582e+00 -1.6982369451e-02 -9.4008955521e-02  4.0472774611e-02 -1.3593992657e+00 -8.9569780158e-01 -8.1758859345e-01 -1.5880719618e+00  2.3812905415e+00  8.8838390338e-01 -2.1975380140e+00  1.6876992848e+00  2.4214763857e+00 -5.0575173653e-01  1.4163993493e+00  1.9238315826e+00 -3.2980591922e+00  1.3830002000e+00 -3.7254562989e-01 -3.6838258755e+00 -3.6399107093e-01 -2.4658953920e-01 -4.0389629897e+00  7.1293141133e-01  1.1170534932e+00  8.7538371786e-01 -2.1761504736e+00  4.2399487059e+00
ENERGY -4.972487504972e+02
GRADIENT -5.0364538742e-05 -3.5413867871e-05 -3.7709672370e-06  5.8998652049e-04 -2.1900129878e-03 -2.6754742457e-03 -7.5195709516e-05 -2.1127437409e-04  1.6076305481e-04 -1.4159911524e-03  3.3527999018e-03  5.2615337278e-03  7.4979261995e-06  1.1855783166e-04 -9.0878142947e-05 -1.2979519221e-05  1.1232719472e-05  1.0533987914e-05 -9.1969454181e-06 -8.5860699823e-08 -1.5836190363e-05 -1.1178077048e-05  3.1402932376e-05 -2.7856701311e-05  1.3714458666e-04 -4.1620018234e-05  7.7120635533e-05  6.3699239737e-05  5.4364605548e-05 -3.7988862917e-05  3.0844557444e-03 -8.1944624280e-04 -6.5972853878e-03 -2.5643237001e-06  8.8141475646e-07  1.8192796585e-06 -1.0782458229e-05  2.7949183448e-05 -1.6862695394e-05 -1.2934788720e-06 -1.6143547776e-05  1.8371191203e-05 -3.0278940392e-06  7.7222542282e-07 -3.6343114317e-06  9.5055591878e-07  2.3932431779e-06  5.1038773744e-07 -3.6377344526e-06 -7.1558094916e-07  9.0817627770e-07 -1.3531906892e-07  6.6682943511e-06  1.7567501452e-06  4.3480674000e-06  1.8299496526e-08  1.1342901742e-06  7.7226102079e-06 -1.9037861888e-06 -4.9380749349e-06  7.8353888093e-06  8.0732699770e-06 -1.3676928532e-06 -5.1058933303e-06  1.9489224729e-05  2.3088174045e-06  1.0273617033e-06  7.1727865129e-06 -1.3871577804e-05 -2.2914709600e-03 -2.7989891922e-04  3.9506248481e-03

JOB 15
COORDS -1.9841362655e+00 -3.0564578659e+00  3.4042760865e+00 -7.3768291937e-01 -1.2523593054e+00  2.3914787757e+00 -3.1070178707e+00 -2.5915618853e+00  2.7283204629e+00 -7.7585997598e-01 -2.3635375316e+00  3.2495403078e+00 -1.9364836120e+00 -8.9061783996e-01  1.7814986068e+00 -1.0480002974e+00  2.4375993453e-02 -3.3691063904e-01 -1.5230983767e+00  1.5430039676e+00  1.5639105231e+00 -3.3638012005e+00  5.2941328282e-01  2.9883279782e-01 -3.0870109002e+00 -1.5116711434e+00  1.9244953928e+00 -1.9664569752e+00  2.9522535588e-01  8.3464754539e-01  3.5048915152e-01 -2.8682015077e+00  3.8245555350e+00 -2.0276890301e+00 -3.9334301414e+00  4.0414751887e+00  2.0132336290e-01 -7.3512536988e-01  2.2248152309e+00 -4.0654037260e+00 -3.0937125617e+00  2.8281767820e+00 -1.1066332413e+00  8.6708628071e-01 -1.0262262514e+00 -2.6602135256e-02 -9.1901492243e-02  1.9951639808e-02 -1.3774202508e+00 -8.9127144235e-01 -8.2701756449e-01 -1.5847016493e+00  2.3873187724e+00  8.7691560060e-01 -2.1849970800e+00  1.6979886976e+00  2.4154607492e+00 -4.9743817006e-01  1.4212512938e+00  1.9060571199e+00 -3.3099260341e+00  1.3906228360e+00 -3.6699716142e-01 -3.6959046898e+00 -3.5594140503e-01 -2.3682450901e-01 -4.0382997193e+00  7.2209533878e-01  1.1293677965e+00  7.9877837255e-01 -2.2113665997e+00  4.3834238362e+00
ENERGY -4.972467473619e+02
GRADIENT -1.5535785330e-04 -1.3665993480e-04 -8.8383612242e-05 -2.2109151867e-05 -2.2867602218e-03 -2.4685681709e-03  4.7322008085e-04  1.9341322205e-04 -3.1404490529e-05 -7.2935570085e-04  2.8127973863e-03  5.2074521588e-03 -3.0187972167e-04  2.7562046615e-05 -1.4164700079e-04 -8.7393538529e-06  7.9190215678e-07  1.3055759787e-05 -7.6119461599e-06 -6.6241148353e-06  4.3879535911e-06  1.0906393261e-05  5.1200174835e-06  4.2541788047e-06  1.5859917135e-06  2.3273735786e-04 -1.2920849052e-04 -4.9829330258e-05  3.3661274745e-05 -6.0469753973e-05  3.0452751052e-03  3.9233061833e-04 -5.5707820732e-03  7.2635659802e-05  7.9070058225e-06  1.6193326771e-05 -3.7392885016e-05 -3.7675006530e-05  1.3724188689e-05  8.4356878629e-06  6.0291985199e-05 -2.4887064210e-05 -1.2787221796e-06 -2.2004876370e-06 -1.5515205647e-06 -2.6539369800e-06  2.5407852157e-06 -1.3625341414e-05  1.6470663324e-06 -1.7418987869e-06  6.4507761263e-08  4.7844620830e-06  1.8042668473e-06  2.0191791941e-06  6.5196490563e-06  3.8715947047e-06  1.9902964848e-06 -2.3709745346e-06  1.4633630459e-05 -3.1334695767e-06 -5.8101445893e-06 -2.4922704652e-07 -8.7314412559e-07  3.6889194551e-06 -1.0582817404e-05  5.7829276179e-06  4.8341667849e-06  1.5675550509e-06  1.0771953233e-05 -2.2949479952e-03 -1.2735665694e-03  3.2671255444e-03

JOB 16
COORDS -1.9652965324e+00 -3.0499790461e+00  3.3994206600e+00 -7.2804191240e-01 -1.2435431266e+00  2.3789836790e+00 -3.0961888508e+00 -2.5844620074e+00  2.7343562981e+00 -7.5906190830e-01 -2.3590512060e+00  3.2296768923e+00 -1.9308940318e+00 -8.8420343683e-01  1.7760184604e+00 -1.0573980153e+00  2.9447710489e-02 -3.4822630600e-01 -1.5203302095e+00  1.5490021412e+00  1.5546378498e+00 -3.3695845230e+00  5.3410146824e-01  3.0252214578e-01 -3.0801572272e+00 -1.5065712477e+00  1.9292338607e+00 -1.9687281658e+00  3.0075847292e-01  8.2901289516e-01  3.8800269956e-01 -2.8470565314e+00  3.7894576112e+00 -2.0034674399e+00 -3.9292528076e+00  4.0339398035e+00  2.1148176210e-01 -7.2771118735e-01  2.2123070689e+00 -4.0540626850e+00 -3.0861006681e+00  2.8420471991e+00 -1.1200552762e+00  8.7214156680e-01 -1.0372015200e+00 -3.3991732221e-02 -8.7209041655e-02  2.7446982212e-03 -1.3900864622e+00 -8.8613759464e-01 -8.3624503021e-01 -1.5852439023e+00  2.3926071080e+00  8.6708039626e-01 -2.1773940977e+00  1.7053575984e+00  2.4096805277e+00 -4.9281800505e-01  1.4266295208e+00  1.8909998487e+00 -3.3207254889e+00  1.3950217627e+00 -3.6405602211e-01 -3.7049238132e+00 -3.5156990558e-01 -2.3064225583e-01 -4.0386651054e+00  7.2697860530e-01  1.1374136047e+00  7.0526434570e-01 -2.2846503591e+00  4.5159015149e+00
ENERGY -4.972452363714e+02
GRADIENT -4.2103327680e-05 -4.6860013910e-06  9.5360797147e-06  2.3267749005e-04 -1.0879094050e-03 -1.3992056805e-03  7.7922632299e-05  4.8746643882e-05 -1.4967574154e-05 -6.6833545360e-04  1.3074651629e-03  2.5315938338e-03 -8.6966128057e-05 -7.1761626576e-05  2.9936220210e-05  1.8047019703e-06  8.3014391391e-07  8.1080033475e-06 -1.4400623356e-06 -2.8663983794e-06  1.3621399007e-05  2.4508558010e-06 -8.4910609936e-06  8.4025026434e-06 -1.7945802140e-05  8.6297667189e-05 -4.2435214562e-05 -5.1981766628e-06 -1.1745545847e-05 -5.9841668041e-06  1.7904578908e-03  1.0324047007e-03 -2.6768720270e-03  1.2351328006e-05  1.5331884167e-06  6.2465398643e-06  2.7552736864e-06 -5.1663069873e-06  4.7464460713e-06 -1.0973976167e-07  1.8829824794e-05 -5.8799761840e-06 -8.5050410167e-07 -2.6391310510e-06 -2.0588836830e-06 -4.4744434236e-07  2.6482894367e-06 -6.2823647740e-06  9.0445957183e-07 -1.8686326665e-06  1.0085597284e-06  2.1029161770e-06 -8.5308353374e-07 -2.5017329160e-06  4.6368541594e-06  1.8493766080e-06  4.2603137363e-07  3.7304914996e-06 -5.0851069854e-07 -4.9937535332e-07 -1.4234168356e-06 -2.4985707727e-06 -3.0137463354e-08 -5.6644402844e-07 -6.6494068140e-06  4.4628569303e-06  3.2952694983e-06  3.7501046734e-06  7.1734839999e-06 -1.2876522848e-03 -1.2706447357e-03  1.5507519203e-03

JOB 17
COORDS -1.9463670720e+00 -3.0412864777e+00  3.4025788042e+00 -7.1834147885e-01 -1.2351534962e+00  2.3679878572e+00 -3.0836102077e+00 -2.5738074307e+00  2.7488269342e+00 -7.4092236104e-01 -2.3545269173e+00  3.2118702821e+00 -1.9246722385e+00 -8.7855709178e-01  1.7703402377e+00 -1.0626460118e+00  3.6143445279e-02 -3.5768701708e-01 -1.5200167303e+00  1.5549469209e+00  1.5469142681e+00 -3.3731496413e+00  5.3694336041e-01  3.0271859745e-01 -3.0724148279e+00 -1.5007471574e+00  1.9373310943e+00 -1.9697750790e+00  3.0587260879e-01  8.2317960246e-01  4.2364145815e-01 -2.8156327470e+00  3.7632340015e+00 -1.9813601870e+00 -3.9205244245e+00  4.0376274211e+00  2.2063401061e-01 -7.1817275076e-01  2.2029818113e+00 -4.0415682551e+00 -3.0727946765e+00  2.8677753456e+00 -1.1293173818e+00  8.7897652276e-01 -1.0461077541e+00 -3.7776220913e-02 -7.9132303064e-02 -1.0539279636e-02 -1.3959025302e+00 -8.7977927369e-01 -8.4469521960e-01 -1.5883985751e+00  2.3982436368e+00  8.5930898221e-01 -2.1742245921e+00  1.7107927066e+00  2.4042377729e+00 -4.9118093779e-01  1.4335954427e+00  1.8795974126e+00 -3.3284303642e+00  1.3974966970e+00 -3.6462626854e-01 -3.7095697386e+00 -3.4947698409e-01 -2.2857112585e-01 -4.0389880145e+00  7.2951182322e-01  1.1402427331e+00  6.0714832048e-01 -2.3975594480e+00  4.6212542790e+00
ENERGY -4.972447853358e+02
GRADIENT -1.3622846489e-04 -4.3405258090e-04  3.3114662090e-04  9.9792791666e-05  1.3934770111e-04  4.3137199277e-04  2.6181460555e-04 -3.2599163415e-05  1.4494383956e-04 -9.7516496749e-05 -1.3353216756e-04 -8.3932190471e-04  4.4578481737e-06  2.7487440634e-04 -1.8956746951e-04 -2.5229617680e-05  2.6662494868e-05  1.0369971897e-05 -1.1346335998e-05  1.2009137259e-05 -2.8902153672e-05 -1.5107586471e-05  5.5806629960e-05 -4.8630381423e-05  1.0814771107e-04 -1.1998397150e-04  1.0344405407e-04  9.3659114609e-05  7.4914289396e-05 -7.1192286878e-05 -5.3808922250e-04 -2.8760373435e-04  4.0115274480e-04 -9.6112808252e-07 -2.9923869866e-05  4.0405224996e-05 -2.8401282328e-05  6.0748108393e-05 -4.0128832668e-05  3.1335113942e-05 -2.6024798026e-05  2.3906231159e-05  4.1830805275e-08 -8.0589426897e-07 -3.5166234085e-06  3.5608500473e-06  9.5601447407e-06 -1.0672139224e-06 -2.5314119863e-06 -2.0151622178e-06  4.9932916787e-06  3.9568565571e-06  9.6653701496e-06  4.7123316015e-06  2.9021760050e-06 -5.9787660581e-07  9.2164016248e-08  2.8273134895e-06 -4.4746986596e-06  1.1045696212e-06  1.5711403833e-05  1.1614668789e-05 -3.8067960883e-06 -5.7559757788e-06  3.0622917927e-05  6.3852348521e-06  3.4047746349e-06  1.3116182049e-05 -2.6625860231e-05  2.5924435944e-04  3.7816447906e-04 -2.3691560816e-04

JOB 18
COORDS -1.9280955110e+00 -3.0270703228e+00  3.4087065151e+00 -7.0739487580e-01 -1.2261663192e+00  2.3592800168e+00 -3.0708517925e+00 -2.5594930182e+00  2.7646066643e+00 -7.2064126622e-01 -2.3478794646e+00  3.1994514557e+00 -1.9170744474e+00 -8.7473562949e-01  1.7659630814e+00 -1.0636348848e+00  4.2404032531e-02 -3.6429469152e-01 -1.5227478869e+00  1.5596821766e+00  1.5412709182e+00 -3.3748678738e+00  5.3311455314e-01  3.0192286341e-01 -3.0650708672e+00 -1.4930693283e+00  1.9445888362e+00 -1.9692350539e+00  3.0859529325e-01  8.1857618590e-01  4.5536412173e-01 -2.7773012501e+00  3.7494116548e+00 -1.9639985458e+00 -3.9042555233e+00  4.0468728841e+00  2.2984061089e-01 -7.0566865809e-01  2.1965540200e+00 -4.0287228644e+00 -3.0554483497e+00  2.8962471373e+00 -1.1350108607e+00  8.8511709796e-01 -1.0523758028e+00 -3.7642656638e-02 -6.9186320805e-02 -1.9367428400e-02 -1.3945341208e+00 -8.7463625005e-01 -8.5082330622e-01 -1.5960621005e+00  2.4024252464e+00  8.5349166537e-01 -2.1758100911e+00  1.7130168799e+00  2.3999104862e+00 -4.9278513258e-01  1.4423466809e+00  1.8718684491e+00 -3.3358971310e+00  1.3928187882e+00 -3.6685323586e-01 -3.7089366365e+00 -3.5561735820e-01 -2.2713826799e-01 -4.0390842400e+00  7.2394824146e-01  1.1411125520e+00  5.1608134565e-01 -2.5448886062e+00  4.6912620201e+00
ENERGY -4.972457061345e+02
GRADIENT -5.3111797940e-05  3.1530174604e-07  2.6905964102e-05 -3.9891902834e-04  1.5111180502e-03  2.1204179594e-03  1.1293853731e-04  1.2760309841e-04 -4.8592545336e-05  1.0296871689e-03 -1.5446975764e-03 -3.4409067731e-03 -1.3756694562e-04 -1.0342077451e-04  7.3438877757e-05  4.8582131744e-06 -2.1805104799e-06  6.4185172937e-07  3.3973498907e-06 -4.8316925891e-07  1.8142133302e-05  1.0150363886e-05 -2.4958779815e-05  2.0806656792e-05 -4.9231375938e-05  1.2541667146e-04 -1.0829684107e-04 -2.8724530344e-05 -2.8298830221e-05  5.2952481212e-06 -2.0573866975e-03 -3.1072053610e-03  2.1807619753e-03  2.7224259818e-05  1.0285688680e-05  8.9449728740e-06 -7.0400278483e-07 -1.7424833948e-05  1.5026365485e-05 -2.0713149598e-06  2.8032553723e-05 -2.5459629309e-05  2.4070144592e-06 -2.2971846254e-06 -2.4592479256e-06 -2.5707703379e-06  4.9130388697e-06 -1.3906305214e-05  3.1398044144e-06 -6.9187815622e-07 -8.8682950053e-07  2.3155870115e-06 -2.6997153489e-06 -4.3213877995e-06  3.5560400400e-06  3.6765205288e-06  7.7674053395e-08 -1.3725695959e-06  3.1891917365e-06  2.9920199440e-06 -5.7626028498e-06 -5.4454213203e-06  1.2276565915e-06  3.1066212960e-06 -1.6881914317e-05  2.8216680387e-06  3.6557564748e-06  1.0762386336e-06  1.8075135413e-05  1.5538324927e-03  3.0763101318e-03 -8.4775548904e-04

JOB 19
COORDS -1.9106003320e+00 -3.0105092524e+00  3.4223799884e+00 -6.9770593069e-01 -1.2135350124e+00  2.3541742525e+00 -3.0571115636e+00 -2.5472420415e+00  2.7834553299e+00 -7.0343977515e-01 -2.3338424573e+00  3.1967924365e+00 -1.9099157039e+00 -8.6952458015e-01  1.7634532425e+00 -1.0613420614e+00  4.9119024073e-02 -3.6844471981e-01 -1.5271647951e+00  1.5662153641e+00  1.5354404989e+00 -3.3745217814e+00  5.3057537668e-01  2.9682063403e-01 -3.0566040299e+00 -1.4878550721e+00  1.9535244026e+00 -1.9680834430e+00  3.1224598482e-01  8.1401562739e-01  4.7893944392e-01 -2.7318191167e+00  3.7464801783e+00 -1.9472614870e+00 -3.8833533175e+00  4.0669029585e+00  2.3663740261e-01 -6.8792668152e-01  2.1919201651e+00 -4.0137602366e+00 -3.0424956207e+00  2.9264495971e+00 -1.1367022903e+00  8.9084046473e-01 -1.0573108016e+00 -3.4881321092e-02 -5.7336386159e-02 -2.3327550938e-02 -1.3879867037e+00 -8.6991781687e-01 -8.5408776209e-01 -1.6045164069e+00  2.4078912321e+00  8.4677989122e-01 -2.1808735529e+00  1.7172123380e+00  2.3939900804e+00 -4.9673354972e-01  1.4537654580e+00  1.8662294649e+00 -3.3383779022e+00  1.3890328231e+00 -3.7374423167e-01 -3.7053493562e+00 -3.6037081761e-01 -2.3054730560e-01 -4.0396862477e+00  7.2077041715e-01  1.1353031939e+00  4.4417712415e-01 -2.7100095682e+00  4.7177157159e+00
ENERGY -4.972477973966e+02
GRADIENT  3.6701999723e-05 -6.5403453142e-05 -6.3270312918e-05 -6.5906770782e-04  2.2643482742e-03  3.2349307605e-03 -2.5298942638e-04 -3.7341808274e-04  2.3800835035e-04  1.2595895464e-03 -1.9141279935e-03 -4.7261394779e-03  1.6675886956e-04  4.0105697971e-04 -2.7541523878e-04 -2.4246554540e-05  2.9345103640e-05 -4.2344266094e-07 -7.5118552023e-06  1.3427785271e-05 -3.9092882155e-05 -2.4740868899e-05  8.0922697663e-05 -6.5802511750e-05  2.5980201155e-04 -2.5757767189e-04  2.5802141621e-04  9.4638979455e-05  8.5959934684e-05 -5.9876464184e-05 -2.5913387515e-03 -5.5770368213e-03  1.5737636338e-03 -1.4565137666e-05  9.5461401217e-06 -2.3375687530e-06 -2.7635808755e-05  3.8939188097e-05 -4.6789959407e-05 -9.0090031723e-07 -5.4564270170e-05  4.4593935144e-05 -2.5874105367e-06  1.5463664511e-06 -3.1466669859e-06  6.9952027966e-06  6.3069010530e-06  1.3965516076e-05 -5.2841191238e-06  1.2497952177e-07  4.9638971038e-06  4.7729744670e-06  9.8377038374e-06  2.8785483623e-06 -4.0407447278e-06  6.5108022643e-07 -4.6173038733e-06  6.3704230814e-06 -1.0475265562e-05 -8.6906622265e-08  1.7993052514e-05  1.7770417115e-05 -7.0926209741e-06 -1.0144380388e-05  4.6784378665e-05  1.6582808599e-06 -2.6678449967e-07  1.5276604954e-05 -4.4566040132e-05  1.7884347582e-03  5.2744548173e-03 -4.6583001627e-05

JOB 20
COORDS -1.8970599361e+00 -2.9808466272e+00  3.4378084296e+00 -6.8660558055e-01 -1.1957735197e+00  2.3458942094e+00 -3.0448999735e+00 -2.5202516332e+00  2.8004179134e+00 -6.8777392399e-01 -2.3109611772e+00  3.1972256579e+00 -1.9012461336e+00 -8.5724166230e-01  1.7598619669e+00 -1.0519696541e+00  6.2997654000e-02 -3.7234353719e-01 -1.5348417404e+00  1.5795035542e+00  1.5280645970e+00 -3.3704920986e+00  5.2741989423e-01  2.8525753448e-01 -3.0497946226e+00 -1.4695423834e+00  1.9598903543e+00 -1.9639957359e+00  3.2109417352e-01  8.0693154018e-01  4.9631918296e-01 -2.6813400707e+00  3.7480406684e+00 -1.9385862175e+00 -3.8465094694e+00  4.0922672165e+00  2.4610672869e-01 -6.6871841898e-01  2.1793903068e+00 -4.0012646584e+00 -3.0123883917e+00  2.9554014528e+00 -1.1327583129e+00  9.0252892101e-01 -1.0632434526e+00 -2.5455234069e-02 -3.3760905214e-02 -2.4780972611e-02 -1.3694521364e+00 -8.5983168209e-01 -8.5687558824e-01 -1.6169100498e+00  2.4196606154e+00  8.3807143171e-01 -2.1921580302e+00  1.7261813219e+00  2.3845901664e+00 -5.0465039748e-01  1.4750784692e+00  1.8622473234e+00 -3.3387015363e+00  1.3831586674e+00 -3.8897387165e-01 -3.6934190131e+00 -3.6828803050e-01 -2.3910827819e-01 -4.0391567637e+00  7.1620397948e-01  1.1211900910e+00  3.9935730336e-01 -2.8782310100e+00  4.6952209361e+00
ENERGY -4.972504758128e+02
GRADIENT  4.2238070620e-06 -9.6104341531e-05  1.0617460475e-04 -6.0925025021e-04  2.8327605955e-03  3.4035521124e-03  1.0532847760e-04  1.3655378514e-04 -7.7796175508e-05  1.3848385395e-03 -2.4557377191e-03 -4.8573993315e-03 -1.9702950871e-05 -1.9490157736e-04  1.2861517634e-04  9.5303075913e-06 -3.4758078491e-06  5.3271465719e-06 -1.7794752267e-06 -3.3396694261e-06  1.8185785107e-05  2.6993026242e-07 -2.4562490363e-05  1.3419814097e-05 -1.2068919754e-04  8.8331910212e-05 -5.8977213834e-05  9.3010068730e-07 -5.1977333949e-05  2.0889584003e-05 -1.9656014134e-03 -6.0240089004e-03 -5.8901770075e-05 -1.4697747265e-05 -1.6345300810e-05  1.0654972425e-05  2.2982556146e-05  2.1611464075e-05 -4.8920519637e-06  1.1309648331e-05  7.0329812525e-06 -1.2145508104e-05 -2.2884815419e-06  2.8311643412e-06  1.1880447864e-06  1.6310799775e-06  4.8838314168e-06 -2.4375161689e-07  2.0835352458e-06  7.5101366411e-07  6.3201491159e-07 -1.8419469448e-06 -6.0962568231e-07 -2.6448367910e-06  8.5120435580e-07  1.3570645132e-06 -6.4171920207e-07  4.1450361469e-06 -4.1427870152e-06  1.5422461768e-06 -2.6998201881e-06 -4.3685365103e-06 -1.3569986130e-06  1.2843993692e-06 -8.8848952916e-06  4.5245802952e-07 -8.3263538047e-07 -5.1379980926e-08  5.9303612987e-06  1.1972041741e-03  5.8366183900e-03  1.3375845100e-03

JOB 21
COORDS -1.8897621619e+00 -2.9674955921e+00  3.4538942303e+00 -6.8491049433e-01 -1.1843614632e+00  2.3523528782e+00 -3.0369637314e+00 -2.5176194063e+00  2.8089902792e+00 -6.8213682896e-01 -2.2928291442e+00  3.2139683260e+00 -1.8995361775e+00 -8.5460835584e-01  1.7637795277e+00 -1.0509533062e+00  6.1346669386e-02 -3.7090345607e-01 -1.5416020189e+00  1.5828276484e+00  1.5235894689e+00 -3.3716666704e+00  5.1987009951e-01  2.8229025383e-01 -3.0463198929e+00 -1.4714933532e+00  1.9626930503e+00 -1.9651126222e+00  3.2019401699e-01  8.0642348263e-01  5.0064770795e-01 -2.6377171424e+00  3.7712279556e+00 -1.9337168101e+00 -3.8274478524e+00  4.1162238742e+00  2.4508551233e-01 -6.5298958517e-01  2.1847205956e+00 -3.9906726198e+00 -3.0146107022e+00  2.9649023284e+00 -1.1339945445e+00  8.9820201002e-01 -1.0647838921e+00 -2.4494984193e-02 -3.0577090626e-02 -2.1904498733e-02 -1.3646833044e+00 -8.6425518905e-01 -8.5257932718e-01 -1.6263073125e+00  2.4201482679e+00  8.3047552451e-01 -2.2003787526e+00  1.7298277960e+00  2.3789254484e+00 -5.1147875990e-01  1.4837171779e+00  1.8594529248e+00 -3.3419041367e+00  1.3735850405e+00 -3.9460856951e-01 -3.6908546637e+00 -3.7862385216e-01 -2.3953326024e-01 -4.0420092289e+00  7.0898120028e-01  1.1167848036e+00  3.7283975705e-01 -3.0484656686e+00  4.6434651024e+00
ENERGY -4.972530347893e+02
GRADIENT -3.4864238762e-05 -1.9887396957e-05 -1.3614035428e-05 -6.6497101008e-04  2.1753841150e-03  2.8739689291e-03  4.1852100079e-05  8.9789923736e-06  3.3840596915e-05  1.0851389147e-03 -2.0174458819e-03 -3.6671308153e-03 -8.8687957333e-05 -2.5616673634e-05  1.0120129424e-05 -2.4435113037e-07 -4.6222939243e-06 -1.2557792054e-06  1.5676276422e-06  3.1553868046e-06 -1.8955515148e-06 -2.7568505508e-06  7.7951378669e-07  1.4734667134e-06  2.9221451476e-05  3.2261955714e-05 -5.1720808818e-05  1.4416009041e-06  3.3839585581e-07  1.0959683158e-06 -6.6663000172e-04 -4.7243682803e-03 -1.3999294614e-03  9.2995304636e-06  4.2241557361e-06  5.2886481871e-06 -2.9739037602e-06  8.0290976597e-06  1.7755438498e-06 -6.5814627701e-07  1.0494983185e-05 -9.5188242131e-06 -2.0760325093e-06  2.9993116357e-06  2.6665009517e-06  2.7142802994e-06  1.3116761363e-06  3.8134359807e-06 -9.1244687199e-07  1.5734260050e-06 -1.0496420668e-07  3.7737117630e-06  2.7734392655e-06 -1.3454045464e-06 -2.4135594309e-06  3.8120978276e-06 -3.6169249559e-06 -3.9081321977e-07 -3.0805039956e-07  1.7520448824e-06  1.2592735641e-06  2.8698036642e-06 -1.5724685274e-06  2.0630358167e-07  2.5691606704e-06 -4.0427242080e-07 -5.5984768062e-07  2.5478853393e-06 -2.8916731634e-06  2.9338910638e-04  4.5691342252e-03  2.1947231483e-03

JOB 22
COORDS -1.8884178195e+00 -2.9400163618e+00  3.4675023079e+00 -6.8390921207e-01 -1.1641371067e+00  2.3532011913e+00 -3.0339896984e+00 -2.4993234766e+00  2.8139296385e+00 -6.8175644065e-01 -2.2623185288e+00  3.2294611945e+00 -1.8980576147e+00 -8.3945404421e-01  1.7631109179e+00 -1.0430122327e+00  7.1140063456e-02 -3.7261905849e-01 -1.5504711630e+00  1.5979232319e+00  1.5131838064e+00 -3.3688067069e+00  5.2062228228e-01  2.6697209842e-01 -3.0447892591e+00 -1.4574683847e+00  1.9626313694e+00 -1.9640001493e+00  3.3010316323e-01  7.9918994526e-01  4.9815883505e-01 -2.5888426087e+00  3.7943934832e+00 -1.9358227334e+00 -3.7930735411e+00  4.1388866783e+00  2.4603395097e-01 -6.3454207807e-01  2.1798107433e+00 -3.9862063606e+00 -2.9990375364e+00  2.9704152891e+00 -1.1269139657e+00  9.0479603170e-01 -1.0702332034e+00 -1.7677041266e-02 -1.4065058984e-02 -1.8804754495e-02 -1.3498399531e+00 -8.5788791971e-01 -8.5214045952e-01 -1.6340739322e+00  2.4316170628e+00  8.1557021712e-01 -2.2155071292e+00  1.7459933225e+00  2.3634697810e+00 -5.2234451529e-01  1.5043224148e+00  1.8566640403e+00 -3.3394490464e+00  1.3710354022e+00 -4.1409959778e-01 -3.6811737039e+00 -3.8198543847e-01 -2.5189594623e-01 -4.0442302853e+00  7.1076191263e-01  1.0970685893e+00  3.7281370037e-01 -3.1907536591e+00  4.5482808024e+00
ENERGY -4.972548524814e+02
GRADIENT  2.0267756689e-05  7.2070882784e-05 -3.7338820572e-05 -4.8888593977e-04  1.2518124042e-03  1.6001253450e-03 -1.0201156430e-04 -8.5769704994e-05  3.0288054363e-05  6.1619506408e-04 -1.3226053477e-03 -1.8287721180e-03  1.0288956455e-04  9.8402493743e-05 -7.2667255919e-05 -7.0895421597e-06  2.1519238085e-05 -4.9627652437e-06 -7.9230906413e-06  1.3825171283e-05 -1.0005482640e-05 -9.0843527716e-07  5.8354473647e-08 -3.3446409920e-06  3.0889190757e-05 -4.3324320812e-05  7.4894772889e-05  7.5506569174e-06  1.6866883150e-05 -1.8651844551e-05  5.8337718969e-05 -2.2364887192e-03 -1.4794324729e-03 -7.0851654655e-06  4.9913856109e-06 -1.2526572342e-05 -8.2176989305e-06 -9.8088726857e-06 -3.0713296928e-07 -4.3149787344e-06 -1.4169805303e-05  5.8848303329e-06  1.1728653058e-05  4.5159869083e-06 -1.2970115632e-06 -5.2106317849e-06 -5.6224638977e-06 -8.4533239036e-06 -3.2508170937e-06  6.1160577471e-06 -7.6250661720e-06  8.9505383616e-06 -1.0349024430e-06 -4.6468538706e-06 -7.4337144591e-06  6.3058331190e-06 -7.0237089402e-06 -5.6400438714e-06 -3.8120405275e-06  1.0336660349e-05  2.1307901269e-06  2.3843594280e-06 -3.7192252175e-06  4.3586187346e-07  3.5767446543e-06 -3.1649015315e-06  2.2170495531e-06  2.4180505432e-06 -4.5122291964e-06 -2.1500362578e-04  2.2536229806e-03  1.7608520344e-03

JOB 23
COORDS -1.8901227855e+00 -2.9273769004e+00  3.4866995583e+00 -6.8548765710e-01 -1.1546451160e+00  2.3661626728e+00 -3.0325053675e+00 -2.4969722268e+00  2.8210250077e+00 -6.8609464428e-01 -2.2421170910e+00  3.2561530570e+00 -1.8988949526e+00 -8.3562908406e-01  1.7721196800e+00 -1.0385501329e+00  6.6161508031e-02 -3.6556063637e-01 -1.5567595162e+00  1.6008871841e+00  1.5109436679e+00 -3.3677687103e+00  5.1225151708e-01  2.6369167728e-01 -3.0443528732e+00 -1.4575327855e+00  1.9669555287e+00 -1.9642848253e+00  3.2841861292e-01  8.0169882104e-01  4.9008756286e-01 -2.5538389684e+00  3.8339121411e+00 -1.9396967906e+00 -3.7740284662e+00  4.1661831149e+00  2.4458646137e-01 -6.2642977878e-01  2.1892074715e+00 -3.9829433547e+00 -3.0013496377e+00  2.9731729151e+00 -1.1233289874e+00  8.9546356138e-01 -1.0682400900e+00 -1.4020745702e-02 -1.2951527698e-02 -8.0211167964e-03 -1.3403801575e+00 -8.6674167535e-01 -8.4070897688e-01 -1.6415172142e+00  2.4311158263e+00  8.0934742898e-01 -2.2242898323e+00  1.7505009792e+00  2.3589976109e+00 -5.2921540237e-01  1.5122262659e+00  1.8574613989e+00 -3.3384985916e+00  1.3593094379e+00 -4.2154167323e-01 -3.6758518713e+00 -3.9386555737e-01 -2.5159059523e-01 -4.0465065719e+00  7.0467090544e-01  1.0905750213e+00  3.9714145405e-01 -3.3155953136e+00  4.4319596967e+00
ENERGY -4.972555095177e+02
GRADIENT  1.2488429705e-06 -1.5076084940e-04  1.1486269248e-04  1.5924001931e-04  7.4079477351e-05 -3.4642583141e-05  1.5736471511e-04  1.4666304675e-04 -7.8502294654e-05 -1.3870379811e-04  6.1481570815e-05 -7.0866129600e-05 -7.4918188345e-05 -1.5347023588e-04  1.1252262478e-04  7.2196305382e-06 -3.2619473350e-06 -3.4108768687e-06 -5.9676919373e-07 -7.4321299695e-08  8.7068977393e-06  2.3608699710e-06 -2.7175571344e-05  2.1489210333e-05 -8.8222139974e-05  9.0980570340e-05 -9.6752676471e-05 -9.8616735716e-06 -3.3002136526e-05  2.5269912609e-05 -3.3656919949e-05  1.5212894687e-05 -2.8940996625e-05 -4.8715615734e-07 -1.2625085842e-05  1.4120980488e-05  1.4491542647e-05  1.5613424056e-05 -1.9238136888e-06  9.4558396744e-06  1.7904909911e-05 -1.0975631489e-05  2.7085900100e-06  3.0024468507e-06  2.1842470176e-06 -1.0123884049e-06 -2.9599263525e-06 -2.2072032731e-06 -3.8175216833e-07  3.2898105941e-06 -3.6842248250e-06  3.2440586312e-06 -7.7893558812e-07 -3.5369858741e-06 -1.7652084687e-06  4.0036282924e-06 -2.8827251955e-06 -1.5516120006e-06  9.2878511742e-07  2.6293056852e-06 -2.4536459352e-06 -3.0830462348e-06  1.5952286851e-07  2.2302251269e-06 -1.0534639433e-05 -5.5822340709e-07  9.2881311413e-08 -3.1259813282e-07  9.5403147323e-06 -8.8032269943e-06 -2.9431375678e-07 -2.0737322200e-06

