JOB 0
COORDS -6.4718675190e-01 -2.3321709406e+00  3.4791806199e+00 -6.4902705487e-01 -1.2650732432e+00  2.5889219905e+00 -2.9705722007e+00 -2.6772274076e+00  2.9501700355e+00 -1.8296590479e+00 -3.0761446738e+00  3.6871632890e+00 -1.8437827609e+00 -9.7481634604e-01  1.9276230617e+00 -9.3305709451e-01 -3.7326790887e-02 -1.7311915486e-01 -1.6130088776e+00  1.4720268324e+00  1.6653253849e+00 -3.3059515285e+00  2.8503459221e-01  3.4808330650e-01 -2.9612809850e+00 -1.6528646371e+00  2.0987104997e+00 -1.8931097780e+00 -4.1031859266e+00  4.5921143061e+00 -1.9221568485e+00  1.7667972231e-01  9.4960318928e-01  2.6280101947e-01 -2.5866121435e+00  4.0155420073e+00  2.6353181820e-01 -6.9814201487e-01  2.4356079517e+00 -3.9143087274e+00 -3.2074149610e+00  3.0633581223e+00 -1.0218947683e+00  7.8705457254e-01 -8.8154474575e-01  7.6071612089e-02 -6.7125943697e-02  2.3312546124e-01 -1.1656051390e+00 -9.8406564032e-01 -6.5948113172e-01 -1.6967049671e+00  2.2952914471e+00  9.5488807998e-01 -2.3295368509e+00  1.5946890714e+00  2.4767916862e+00 -6.0222867833e-01  1.4311275411e+00  2.0667496112e+00 -3.2916571612e+00  1.1284123675e+00 -3.4231879623e-01 -3.5430298784e+00 -6.3920963617e-01 -1.7293183150e-01 -4.0304378212e+00  4.4563096917e-01  1.1423743586e+00 -2.6727332978e+00 -4.7469271118e+00  4.5454109380e+00 -1.0315434219e+00 -4.5061671611e+00  4.9372458368e+00
ENERGY -4.773892093718e+02
GRADIENT  9.9607249622e-05 -9.9095332165e-05 -2.5638379664e-04  6.4563253448e-05 -6.6018464443e-05  3.4403599290e-05 -1.5853211667e-05 -7.2557805523e-05  8.9887946225e-05 -1.0605035860e-04  1.7865453809e-04  1.8099309032e-04 -1.2200514586e-04  3.2118547055e-05  6.9503341253e-06  9.6518136508e-06  7.4035215585e-06 -3.2053908356e-06 -4.3062343902e-06  1.3067165215e-05 -3.4907393737e-06  6.7434089943e-06 -1.2229473531e-06 -7.6555655757e-06  9.6392808119e-05  5.5182226031e-05 -5.0887662280e-05 -1.7746821193e-04  1.8412855469e-04  1.0817658949e-04  1.5744774641e-05 -2.2553615210e-05 -2.0951739915e-05 -2.5780419835e-05  4.3814163160e-06  3.0884892511e-05 -5.7963658804e-06  3.4890471075e-06 -8.0588335930e-06  2.8577376692e-06 -2.5948818507e-06  5.6480775396e-06 -6.3058195985e-06  3.9529940188e-07  3.0580339368e-06 -1.7577865320e-06  9.4235357169e-06 -8.0082194247e-06  1.1521342478e-06 -1.4324747754e-06  1.6195851183e-07  2.9708100476e-06  9.7716424963e-06  2.5619962932e-06 -4.4130838661e-07  3.5316619484e-06 -2.4102099835e-06 -5.0999344711e-06  1.4382728567e-07  3.1959713482e-06 -1.9723412990e-06  3.2745544371e-07 -7.7555855922e-07  2.2903383670e-06 -3.1298815364e-06  1.7632488601e-08 -2.8895527037e-06  4.5199391745e-06 -3.1886921836e-06  1.6368785891e-04 -1.9070841325e-04 -1.7652167565e-04 -7.0831704752e-06 -1.2404945569e-05  1.7590052127e-05

JOB 1
COORDS -6.5857807000e-01 -2.3351815079e+00  3.4842906864e+00 -6.5503533582e-01 -1.2680620508e+00  2.5921947757e+00 -2.9847322999e+00 -2.6638011393e+00  2.9642338297e+00 -1.8468591631e+00 -3.0631470971e+00  3.7039777876e+00 -1.8481147520e+00 -9.7515741120e-01  1.9308417438e+00 -9.3389008261e-01 -4.5121128880e-02 -1.7187306474e-01 -1.6075522213e+00  1.4700532192e+00  1.6645169612e+00 -3.3055954982e+00  2.8814161263e-01  3.4879009647e-01 -2.9697229616e+00 -1.6466927187e+00  2.1038432415e+00 -1.9227770175e+00 -4.0930722005e+00  4.6153104835e+00 -1.9220901670e+00  1.7495587002e-01  9.5051740605e-01  2.5355370961e-01 -2.5992753703e+00  4.0124880739e+00  2.6218675610e-01 -7.1094268479e-01  2.4311150855e+00 -3.9314766210e+00 -3.1869425317e+00  3.0837191546e+00 -1.0199342840e+00  7.7814098286e-01 -8.8190200902e-01  7.5268019772e-02 -7.7620095118e-02  2.3406673483e-01 -1.1700587508e+00 -9.9189494633e-01 -6.5642574310e-01 -1.6894488445e+00  2.2925769279e+00  9.5305074568e-01 -2.3227197917e+00  1.5962232720e+00  2.4766603762e+00 -5.9639443311e-01  1.4261194418e+00  2.0646731260e+00 -3.2875058682e+00  1.1303397836e+00 -3.4294843219e-01 -3.5466116976e+00 -6.3585568059e-01 -1.7085085882e-01 -4.0294053546e+00  4.5314262610e-01  1.1427749721e+00 -2.5794404828e+00 -4.8393068954e+00  4.4175867202e+00 -1.0458941359e+00 -4.4379394285e+00  4.9881811657e+00
ENERGY -4.773885044368e+02
GRADIENT  5.3317860174e-04 -1.4501002877e-03 -1.5619833800e-03  2.2057938104e-06  2.9945376176e-05 -3.1947598730e-05 -1.5222430416e-06  3.3229750414e-05 -3.1868785202e-05 -1.8044800557e-04  1.7391606735e-03  1.9775558423e-03  5.3238458204e-05 -9.6328879320e-06  3.5765657543e-06  3.8109094062e-06  6.5117192536e-06  1.8190887064e-06 -6.1307811461e-06 -5.6766236749e-06  2.3664766584e-06 -2.7469855048e-07  1.8968125386e-06 -6.7498619420e-06 -4.7322301228e-05 -1.7110252878e-05  4.3575578294e-05 -2.4085627614e-03  1.1028666910e-03  9.5541425871e-04 -5.8138958467e-06 -2.8253464893e-07 -4.2035992582e-06 -2.6814372397e-06  6.8653638529e-06 -8.5045984277e-06  3.8157413930e-06  4.1548457977e-06  1.0261480909e-06  4.7308173946e-06 -3.4527215212e-06  3.9299259704e-07 -2.3363456651e-06 -1.0084853205e-06 -6.3886033666e-06 -1.2751749114e-06  8.6132162555e-06 -4.7398250805e-06  2.7545351256e-06 -9.9839253554e-07  1.9236085504e-06 -1.1324784526e-06  2.5798278114e-06 -1.7003670787e-06 -1.1860425774e-06  5.4225126496e-07 -3.2332765823e-06  2.6231044538e-06 -1.4499709623e-06 -1.6568404271e-06  4.0719766297e-06  1.2606262300e-06 -4.4798493709e-06  4.2947480090e-07  1.0021214250e-06 -3.7892044890e-06  1.8886654456e-06 -5.8919348085e-08 -4.4094971790e-06  2.0550801941e-03 -1.4272157705e-03 -1.4106599709e-03 -1.6328993146e-05  1.1284672088e-05  4.6010466953e-05

JOB 2
COORDS -6.7026618762e-01 -2.3379632009e+00  3.4811491742e+00 -6.6109142262e-01 -1.2696660180e+00  2.5884402807e+00 -2.9994906336e+00 -2.6484698180e+00  2.9719441344e+00 -1.8640151926e+00 -3.0503858138e+00  3.7112794248e+00 -1.8532343013e+00 -9.7311393600e-01  1.9285627055e+00 -9.3566883701e-01 -4.8903749577e-02 -1.7553400648e-01 -1.6026535663e+00  1.4709346957e+00  1.6600561895e+00 -3.3061263527e+00  2.9527604574e-01  3.4516218067e-01 -2.9790670156e+00 -1.6372964191e+00  2.1034174339e+00 -1.9544729100e+00 -4.0915708301e+00  4.6215937407e+00 -1.9227805789e+00  1.7661462295e-01  9.4679522266e-01  2.4315965731e-01 -2.6123743373e+00  4.0019826140e+00  2.6005650117e-01 -7.2115301212e-01  2.4206013439e+00 -3.9491479524e+00 -3.1639102932e+00  3.0993528318e+00 -1.0197307678e+00  7.7333942126e-01 -8.8690325555e-01  7.3675472174e-02 -8.3548502091e-02  2.2974725348e-01 -1.1750957591e+00 -9.9571343464e-01 -6.5843434024e-01 -1.6807711460e+00  2.2929702863e+00  9.4764842532e-01 -2.3176994525e+00  1.6011484599e+00  2.4716943993e+00 -5.9188761252e-01  1.4228658975e+00  2.0606678752e+00 -3.2844103627e+00  1.1370851287e+00 -3.4692200112e-01 -3.5510808620e+00 -6.2789517044e-01 -1.7411866438e-01 -4.0291863811e+00  4.6372261532e-01  1.1390812425e+00 -2.4467170809e+00 -4.9182962307e+00  4.2985941860e+00 -1.0764884672e+00 -4.3515786999e+00  5.0591261904e+00
ENERGY -4.773866888203e+02
GRADIENT  9.5607164644e-04 -2.5077428288e-03 -2.8199532816e-03  2.5805327075e-05 -1.4539472631e-05  3.4122234021e-06 -1.7927443673e-06 -5.4075732728e-05  4.6392594222e-05 -1.1571991344e-04  3.3478022652e-03  3.6907695320e-03 -1.5729499424e-05  2.1976175631e-05 -2.0879043569e-05 -3.3951156939e-06  2.9067033589e-06 -1.1944764321e-06  2.9733403482e-06  1.3308838189e-05 -6.4991728331e-07 -3.6996322225e-06  1.1009473476e-05 -1.8927637746e-06  3.7379648594e-05  8.2700239982e-06 -1.9661691276e-05 -5.3022283376e-03  1.1346077777e-03  9.9446739424e-04  1.2661945538e-05  3.4629986000e-06 -3.1159135506e-06 -3.2265746540e-06 -8.6132687286e-07 -2.9985583250e-06 -5.1029356432e-06  2.6465562524e-06 -8.3784780649e-06 -2.3106459237e-06  1.6066063708e-06 -3.8640203448e-07 -4.8676017967e-06 -2.9477212835e-06 -3.1376101417e-06  3.1535910055e-06  1.0153089890e-05 -1.4012523855e-06  4.4353077961e-06 -1.6834332964e-06  1.6381093131e-06  4.3054059582e-06  1.3153537106e-06 -4.4731525307e-06 -4.8214864430e-06  3.9870303111e-06 -5.6808881845e-06 -7.1836338468e-06 -7.4792959371e-07  3.7663195819e-06 -2.2002412565e-06  1.6155921153e-06 -9.0328263912e-07  5.9256782571e-07  1.3217117722e-06 -4.3284245333e-06 -1.3825535711e-06  1.5826576387e-07 -6.6360887329e-06  4.3817239659e-03 -1.9234339664e-03 -1.8118411205e-03  3.8285945354e-05 -2.3837730011e-05 -7.5951081773e-05

JOB 3
COORDS -6.8160246602e-01 -2.3478247741e+00  3.4843221883e+00 -6.6666442903e-01 -1.2768495111e+00  2.5926259650e+00 -3.0123548630e+00 -2.6422236085e+00  2.9814645578e+00 -1.8796226226e+00 -3.0480671507e+00  3.7193690489e+00 -1.8578138044e+00 -9.7673318388e-01  1.9339395777e+00 -9.3848253992e-01 -5.8645755269e-02 -1.7214014037e-01 -1.5933748815e+00  1.4659434401e+00  1.6646387989e+00 -3.3063142846e+00  3.0054121401e-01  3.5228839036e-01 -2.9878833372e+00 -1.6336717577e+00  2.1082227156e+00 -1.9867569299e+00 -4.1078801976e+00  4.6211326318e+00 -1.9224743283e+00  1.7358556618e-01  9.5168887692e-01  2.3166867400e-01 -2.6311638515e+00  4.0007547963e+00  2.5720370796e-01 -7.3391415781e-01  2.4217336398e+00 -3.9637645091e+00 -3.1520964008e+00  3.1154521795e+00 -1.0185039820e+00  7.6424400107e-01 -8.8316420729e-01  7.1304563419e-02 -9.9935716754e-02  2.3136809088e-01 -1.1850914787e+00 -1.0036668009e+00 -6.5496371701e-01 -1.6696783525e+00  2.2883203816e+00  9.5250140175e-01 -2.3053713588e+00  1.5998152567e+00  2.4783851969e+00 -5.8159990892e-01  1.4127953629e+00  2.0619943738e+00 -3.2802426863e+00  1.1420054641e+00 -3.4004638848e-01 -3.5579320742e+00 -6.2118336983e-01 -1.6634018582e-01 -4.0269799353e+00  4.7382862070e-01  1.1473449023e+00 -2.2805772891e+00 -4.9870774930e+00  4.2043738031e+00 -1.1363112497e+00 -4.2680960698e+00  5.1538098148e+00
ENERGY -4.773840167528e+02
GRADIENT  1.2125047871e-03 -3.2982435322e-03 -3.6979879957e-03  5.6361324706e-06  7.9715467344e-06  2.1634407290e-06  2.9821769426e-05  9.8536229915e-06 -6.4548421626e-06  5.2703939539e-05  4.6590903088e-03  5.3756250941e-03 -3.2137496053e-05 -3.4565611533e-05  1.7479732879e-05 -2.1662196071e-06  6.3169616224e-07 -5.8371261340e-06  2.4619748199e-06  4.3499889416e-06  4.7590670358e-07 -1.6482377090e-06 -5.0763681560e-06  6.2339470047e-06 -1.9145036338e-05  3.1713921183e-05 -3.0477040737e-05 -7.5377363159e-03  2.0634106267e-04 -4.7198054572e-04 -6.8061626152e-06 -1.2220867219e-05  4.4976067514e-06  7.9098815020e-07 -5.3871237017e-07 -2.4303266607e-06  3.6470713435e-06 -1.7806117293e-06 -1.0297564654e-06  1.3463180924e-06  6.1443160092e-06 -1.1453478110e-05 -3.2901155601e-07  8.7989118416e-07 -2.3483327668e-06  1.2704092674e-07  3.6561877115e-06 -2.6305013261e-06  1.4514330052e-06  1.0253972355e-06 -1.3690157734e-06  4.4476802475e-06 -1.7033595790e-06 -4.6690921476e-06 -5.2038335083e-06  3.9750461332e-06 -5.6153625353e-06 -3.8367047371e-06 -1.5761210949e-06  5.0352311734e-06 -1.7913162231e-06  1.3596837908e-06 -2.5122814661e-07  1.7780115241e-06 -2.0505589691e-06 -4.2660566944e-06 -5.5057814199e-07 -2.4275549373e-06  1.3971210053e-06  6.2419212589e-03 -1.5478436927e-03 -1.1540318590e-03  4.6474113806e-05  1.3712934867e-06 -6.4220061011e-05

JOB 4
COORDS -6.9240367769e-01 -2.3567341198e+00  3.4748070513e+00 -6.7151184911e-01 -1.2834091998e+00  2.5841113536e+00 -3.0255048691e+00 -2.6328418030e+00  2.9828179809e+00 -1.8943829143e+00 -3.0455824901e+00  3.7144502111e+00 -1.8635094317e+00 -9.7645858336e-01  1.9308407331e+00 -9.4172266423e-01 -6.0894540557e-02 -1.7566555988e-01 -1.5868993849e+00  1.4652162397e+00  1.6641704137e+00 -3.3074380502e+00  3.1080784578e-01  3.5112606367e-01 -2.9983056052e+00 -1.6236411389e+00  2.1076196867e+00 -2.0181591768e+00 -4.1265619713e+00  4.6059600053e+00 -1.9235243107e+00  1.7571278363e-01  9.4929382182e-01  2.2032860669e-01 -2.6488989805e+00  3.9873617551e+00  2.5482721639e-01 -7.4589578345e-01  2.4096645994e+00 -3.9782785007e+00 -3.1373123279e+00  3.1247726057e+00 -1.0197380069e+00  7.6232526877e-01 -8.8644259639e-01  6.8526188373e-02 -1.0598520472e-01  2.2619177672e-01 -1.1929031896e+00 -1.0047844492e+00 -6.5839113294e-01 -1.6604087326e+00  2.2888607189e+00  9.5327213746e-01 -2.2972276793e+00  1.6014971876e+00  2.4790018997e+00 -5.7479431699e-01  1.4065561067e+00  2.0598857834e+00 -3.2768829680e+00  1.1527342261e+00 -3.4044322890e-01 -3.5645803683e+00 -6.0898769210e-01 -1.6823235344e-01 -4.0265586046e+00  4.8747172453e-01  1.1467930183e+00 -2.0930055430e+00 -5.0262384166e+00  4.1358444662e+00 -1.2290709188e+00 -4.1836456808e+00  5.2458988950e+00
ENERGY -4.773808804724e+02
GRADIENT  1.1762883706e-03 -3.5579764864e-03 -4.1090806267e-03  1.0545522128e-05  1.2797572231e-05  2.1757265788e-06 -4.7961092242e-05 -7.3385414848e-05  6.2713932196e-05  1.6935492990e-04  5.3620741011e-03  6.3764563075e-03  3.4941584714e-05  3.4921861868e-05 -2.0679409139e-05 -3.9190360828e-06  8.2147024851e-06 -7.6849173133e-06  9.7040285817e-07  6.9717937220e-06 -6.1705963000e-06 -5.5703635197e-06  6.7208981765e-06 -6.6274965653e-06  1.7665842730e-05 -2.3788492428e-05  3.6200767244e-05 -8.3716540384e-03 -1.1438459967e-03 -2.3792752032e-03  8.0426166591e-06 -3.3314889710e-06 -4.8953009514e-06 -6.2989121384e-06  4.5969329709e-06 -3.8702818581e-06 -3.7211530846e-08  2.9270733627e-06 -7.8461586492e-06  4.7029261404e-06 -1.1004827576e-05  1.7577717211e-07  8.3980040614e-08  3.1628416860e-07 -4.0040105732e-06 -9.1414731751e-07  5.0913277082e-06 -2.0110986743e-06  5.4461681437e-07  6.4046355020e-07  1.3201792590e-07  4.5010848412e-06 -1.1036952650e-07 -3.8671102029e-06 -5.8757733696e-06  3.1218947409e-06 -7.0449602737e-06 -3.1807132407e-06 -4.0638455628e-06  4.8930480091e-06  3.7068749955e-06  4.4419822682e-06 -1.5661315243e-06  8.8443490541e-07  4.9993603558e-06 -5.3047694911e-06  7.3126298256e-07 -1.6685641617e-06 -6.9373489761e-06  6.9494889015e-03 -6.3626184843e-04  9.9696338895e-05  5.4706095618e-05  2.7701160701e-05 -5.7224851837e-05

JOB 5
COORDS -6.0368695255e-01 -2.2176834278e+00  3.3168826055e+00 -6.2172716799e-01 -1.1540908560e+00  2.4177933456e+00 -2.9397998437e+00 -2.5417734100e+00  2.8869689394e+00 -1.7730717435e+00 -2.9633550149e+00  3.5475716829e+00 -1.8448411784e+00 -8.5318421353e-01  1.8167598664e+00 -1.0120605112e+00  6.9993929576e-02 -3.2207664883e-01 -1.5921504242e+00  1.5908650268e+00  1.5445146568e+00 -3.3575560176e+00  4.2995639717e-01  2.9791469160e-01 -2.9667738952e+00 -1.5028758036e+00  2.0410551257e+00 -1.7656784741e+00 -3.9811354797e+00  4.5331206434e+00 -1.9506884372e+00  3.0095616816e-01  8.4072359804e-01  3.0566803954e-01 -2.4755196505e+00  3.8513285468e+00  2.8272435360e-01 -5.8199841095e-01  2.2388420357e+00 -3.8861959558e+00 -3.0542530976e+00  3.0499790937e+00 -1.1214701156e+00  8.9403267206e-01 -1.0277217109e+00  1.3025284389e-02  2.8102770101e-02  4.0534169726e-02 -1.2778676688e+00 -8.7419571020e-01 -7.9640735267e-01 -1.7006213955e+00  2.4151699876e+00  8.3899290879e-01 -2.2686803900e+00  1.7211396569e+00  2.3885529719e+00 -5.6391781402e-01  1.5386051573e+00  1.8970342340e+00 -3.3581803194e+00  1.2714966741e+00 -3.9475918387e-01 -3.6310260338e+00 -4.9115517217e-01 -2.1074346493e-01 -4.0453526221e+00  6.0432661642e-01  1.1212999164e+00 -1.4920891549e+00 -4.8876635924e+00  4.1548032535e+00 -2.6985422497e+00 -4.1092238256e+00  4.9230707884e+00
ENERGY -4.773786905656e+02
GRADIENT -1.5437124530e-03  3.5773801466e-03  3.7611882918e-03 -7.6985187391e-06  4.0654580968e-06 -4.5865141110e-06 -7.6315892076e-05 -6.7301241533e-05  3.6688311080e-05  5.2001885455e-04 -5.6722928395e-03 -5.9817739669e-03  3.0380155359e-05  3.1803694157e-05 -1.6882367317e-05 -4.8592303603e-06 -2.0471274378e-06 -9.0449024268e-07  3.7663101298e-06 -8.4049469738e-07 -6.8512182386e-06 -2.3940411931e-06  1.2013715300e-05 -8.1592923070e-06  1.6945608974e-05 -3.9839324659e-05  2.1723821621e-05  7.7588395366e-03  3.5951606614e-03  3.5445755597e-03  6.9908594769e-06  1.4071977512e-05 -6.0761584651e-06 -9.1468258201e-07  2.7817449584e-06 -2.0361431093e-06 -1.0970423356e-06  3.8600383179e-06 -2.5817868303e-06 -7.6366339814e-07 -6.7782681636e-06  4.4320583748e-06 -2.6268368759e-06 -7.7066574297e-07 -5.0007063374e-06  2.0920802538e-06  4.1399632955e-06  1.1973699594e-06  2.1368642111e-06 -1.0838221952e-06  3.6651041267e-07 -1.2836705614e-06  1.5102886891e-06 -2.3967117618e-06 -4.7592529271e-07  1.8948333552e-07 -2.5500774864e-06  5.8350613948e-07  1.2225929937e-06 -4.1242800892e-06  1.4689933754e-06  2.9605657484e-06 -2.9740293218e-06 -1.2464949236e-06  5.8914236355e-06 -3.1039286791e-06 -8.4978116998e-07  7.6341234824e-07 -7.4919918342e-06 -6.7250261652e-03 -1.4348669988e-03 -1.4005796397e-03  2.1584737175e-05 -4.8247979242e-06  3.1419049193e-05

JOB 6
COORDS -6.1836116835e-01 -2.2085467160e+00  3.3082647940e+00 -6.3206469361e-01 -1.1497303158e+00  2.4058840743e+00 -2.9572420786e+00 -2.5235871099e+00  2.8752892939e+00 -1.7928293553e+00 -2.9504132240e+00  3.5406192020e+00 -1.8529315274e+00 -8.4223989653e-01  1.8017572645e+00 -1.0198573522e+00  6.6559613180e-02 -3.4282033961e-01 -1.5817285848e+00  1.5987240937e+00  1.5192581604e+00 -3.3600452079e+00  4.4624741274e-01  2.8427950955e-01 -2.9768548229e+00 -1.4876325796e+00  2.0281818050e+00 -1.8091337485e+00 -3.9502129899e+00  4.5278907395e+00 -1.9524267890e+00  3.0866628234e-01  8.2239973315e-01  2.9240953627e-01 -2.4632308535e+00  3.8421738641e+00  2.7609742770e-01 -5.8371281743e-01  2.2262649801e+00 -3.9063320773e+00 -3.0316007818e+00  3.0370105424e+00 -1.1224812511e+00  8.9042524599e-01 -1.0497780517e+00  5.7034749978e-03  1.4512192382e-02  1.7248048056e-02 -1.2966086310e+00 -8.7577812935e-01 -8.1452683883e-01 -1.6852279065e+00  2.4210696550e+00  8.1065026275e-01 -2.2547116941e+00  1.7379211296e+00  2.3646821097e+00 -5.5300949692e-01  1.5396943676e+00  1.8692954530e+00 -3.3573874800e+00  1.2856899738e+00 -4.1095481529e-01 -3.6420460284e+00 -4.7447594176e-01 -2.2036770228e-01 -4.0434396366e+00  6.2794934758e-01  1.1097963863e+00 -1.3193493776e+00 -4.7999772489e+00  4.2534760047e+00 -2.7601095647e+00 -4.2200160636e+00  4.7719662805e+00
ENERGY -4.773820606660e+02
GRADIENT -1.6146159053e-03  3.6925743694e-03  3.7503548801e-03 -2.7429370002e-06  1.6497691918e-05  3.8729214346e-06 -7.9597835609e-06 -1.3818035653e-05  1.3867723717e-05  6.2795709389e-04 -6.3244393825e-03 -6.5164336235e-03  1.9957199689e-05  1.2844018622e-05  4.1521876287e-06  1.4363445297e-06 -3.6699887877e-06 -1.5818320290e-05  6.3973564093e-06  5.7498191811e-06 -9.1114694457e-06  2.8814774036e-06 -6.5009546835e-06  9.0100765929e-06 -6.6069982923e-06  8.6886893841e-07 -2.8107367091e-05  7.1364854665e-03  5.2651683952e-03  5.6696046638e-03 -1.0797063921e-05 -3.1985318711e-06  9.7201409742e-06 -1.3857754507e-07  4.4123726341e-06 -2.9146085504e-06 -7.0274508572e-07 -6.0300706753e-06  9.4260478829e-07 -8.4550280742e-07 -9.4226719975e-08 -2.8570741272e-06  2.6822146438e-06  1.8130261835e-06 -1.2528002321e-06 -4.0579165897e-06 -4.4575538551e-06 -5.0602505474e-06 -1.3539819564e-06  3.0505956855e-06 -4.4653919995e-06  2.9613080108e-06  1.5774898994e-06 -1.8625998668e-06 -1.0423413553e-06  3.8483108747e-06 -3.9417848563e-06 -7.7109196472e-06  7.4043088959e-06 -2.5672902833e-06 -1.6505897721e-06  1.3640250130e-06  1.1914075914e-06  4.3415825360e-06 -2.3208120287e-06 -4.6439476813e-06 -4.2106252839e-07 -2.1980396514e-06  5.2014292752e-06 -6.1292610506e-03 -2.6212557822e-03 -2.8435366545e-03 -2.3305853185e-05  8.5347371154e-07 -7.8479352635e-05

JOB 7
COORDS -6.2901278168e-01 -2.2206840996e+00  3.3098871925e+00 -6.3947634667e-01 -1.1620821590e+00  2.4087141235e+00 -2.9738533415e+00 -2.5170774920e+00  2.8822177184e+00 -1.8108321315e+00 -2.9517966938e+00  3.5498172085e+00 -1.8587553955e+00 -8.4390095138e-01  1.8062376157e+00 -1.0226197197e+00  6.1147132614e-02 -3.3879921354e-01 -1.5731138531e+00  1.5949839236e+00  1.5243760323e+00 -3.3594059039e+00  4.5319850719e-01  2.9153702923e-01 -2.9858904619e+00 -1.4835447667e+00  2.0351571570e+00 -1.8459737812e+00 -3.9468945950e+00  4.5248770765e+00 -1.9520696897e+00  3.0739156374e-01  8.2777007535e-01  2.8568115125e-01 -2.4816816203e+00  3.8343302967e+00  2.7388894453e-01 -6.0598832745e-01  2.2242881971e+00 -3.9258596294e+00 -3.0195934752e+00  3.0438742221e+00 -1.1213831453e+00  8.8584091685e-01 -1.0454147122e+00  3.1128942860e-03  3.3940248591e-03  1.9992174766e-02 -1.3049286640e+00 -8.7958425609e-01 -8.1037406940e-01 -1.6718050831e+00  2.4185022258e+00  8.1635791296e-01 -2.2444486237e+00  1.7377890099e+00  2.3704845725e+00 -5.4454004021e-01  1.5290787013e+00  1.8737768731e+00 -3.3531102428e+00  1.2927517192e+00 -4.0356328154e-01 -3.6473349144e+00 -4.6588337201e-01 -2.1276344996e-01 -4.0406504346e+00  6.3847784259e-01  1.1180390854e+00 -1.1903411633e+00 -4.7103978542e+00  4.3810017719e+00 -2.7744594320e+00 -4.3360581343e+00  4.6667639825e+00
ENERGY -4.773851567993e+02
GRADIENT -1.2502761070e-03  3.1747226559e-03  3.1763088752e-03  5.4448747546e-06 -4.6616350226e-06  4.6933688458e-06  1.1023382920e-04  1.2817710664e-04 -8.5082847244e-05  6.6883200382e-04 -5.7390820889e-03 -5.6775634042e-03 -1.2224604181e-04 -1.0951653875e-04  6.4692920402e-05  1.6170401052e-07 -1.1790787248e-05  8.2386376934e-06  3.4824426552e-07 -7.6292218627e-06  5.3220619944e-06  1.3530551890e-06 -8.8361361804e-06  4.7415284180e-06 -4.2457740208e-05  6.0221347744e-05 -7.5332781306e-05  4.8247777452e-03  5.5333283472e-03  5.5853505451e-03 -1.3706988644e-05 -1.2437998759e-05  4.9447870578e-06  1.9451101898e-06 -4.2960506566e-06  4.8328981471e-06  8.2925495689e-06  1.6477199980e-06  2.4054353845e-06  1.5621483888e-06  2.7026473195e-05 -1.3705133803e-05 -2.8634836883e-06  8.4123733583e-07 -7.0544659470e-07  4.0814982917e-06  1.3233244114e-06  1.9799808285e-06  1.3557722771e-06 -5.2714234913e-07 -1.1433560478e-06 -3.6882426467e-06 -1.3364508811e-06 -3.6115902620e-06  1.3808076103e-06 -3.4896807210e-10 -9.5283596731e-07  4.8294076418e-06  9.7624903711e-07 -4.6776365840e-06 -4.2272073718e-06 -1.8319605125e-06 -2.1838714213e-06 -6.5319679599e-07 -3.6459194880e-06 -1.2725564560e-06 -1.6117138777e-06 -1.1594572601e-06  1.8011203515e-06 -4.2171255394e-03 -3.0080702740e-03 -3.1418810355e-03  1.8341860772e-05  2.2136058769e-05  9.1964858109e-05

JOB 8
COORDS -6.4116761224e-01 -2.2232515341e+00  3.3036671031e+00 -6.4887921340e-01 -1.1632470998e+00  2.4048448818e+00 -2.9896251498e+00 -2.5088408625e+00  2.8752587021e+00 -1.8287022324e+00 -2.9447387585e+00  3.5503796125e+00 -1.8650030814e+00 -8.3898193366e-01  1.7996138066e+00 -1.0277577743e+00  6.0284473561e-02 -3.4753713234e-01 -1.5650083961e+00  1.5982040662e+00  1.5153305188e+00 -3.3603716572e+00  4.6648014079e-01  2.8760827101e-01 -2.9935386095e+00 -1.4787069353e+00  2.0266157163e+00 -1.8770727303e+00 -3.9437581788e+00  4.5069446438e+00 -1.9530039782e+00  3.1225713458e-01  8.2101609934e-01  2.7693736918e-01 -2.4912537179e+00  3.8188561082e+00  2.6879469514e-01 -6.1539004587e-01  2.2171020052e+00 -3.9430552307e+00 -3.0096543669e+00  3.0336111834e+00 -1.1220480403e+00  8.8563634760e-01 -1.0540777947e+00 -1.7760026803e-03 -4.5311468555e-03  9.4199062358e-03 -1.3172305000e+00 -8.7859003834e-01 -8.1841901504e-01 -1.6594124034e+00  2.4218465874e+00  8.0680255329e-01 -2.2339843496e+00  1.7459647364e+00  2.3624409339e+00 -5.3636896523e-01  1.5261084308e+00  1.8633050847e+00 -3.3507094409e+00  1.3064372894e+00 -4.0700174668e-01 -3.6547024553e+00 -4.5062935285e-01 -2.1650387938e-01 -4.0388662297e+00  6.5518002869e-01  1.1156286841e+00 -1.1013327135e+00 -4.5980162066e+00  4.5112025924e+00 -2.7626233354e+00 -4.4362321818e+00  4.5683748861e+00
ENERGY -4.773875052732e+02
GRADIENT -7.8703783873e-04  2.1755207802e-03  2.1708325953e-03 -9.3151789601e-05 -1.3763406393e-04  6.5966155007e-05 -9.3749374025e-05 -2.6081163554e-04  1.4143209313e-04  5.3879483602e-04 -3.9666369422e-03 -4.1282716177e-03  2.8893235874e-05  2.1136132445e-04 -1.7463373315e-04 -1.1635843813e-05  1.6929975197e-05 -6.0005147578e-07 -1.5797886575e-06  4.7552223274e-06 -2.0745768910e-05  3.4949395918e-06  3.6056572351e-05 -2.6504153303e-05  1.8957609467e-04 -4.0896143781e-05  9.0943853545e-05  2.3258976583e-03  4.3339477719e-03  4.4429246550e-03  2.8108460993e-05  7.2190915589e-05 -5.6788686484e-05 -9.9788359726e-06 -8.7602944819e-06  7.3859245783e-06 -2.9909028019e-05  5.2060162931e-06 -5.8836444009e-06 -2.9371203368e-07 -2.3679253025e-05  1.6494576749e-05  2.6242499409e-06 -8.3414254138e-07 -9.4580309882e-06 -2.1861482631e-06  4.6699864173e-06 -5.4450744495e-06 -5.7944887514e-07  1.1352704698e-06 -1.5916836309e-06 -2.9074236870e-06  7.2250105889e-06  8.6544674773e-08 -1.6144161022e-07 -8.5417429615e-07 -9.2360814286e-07 -5.6368568928e-06  7.7737206223e-06 -7.6441342999e-06  5.3410340459e-06  7.8605961813e-06 -5.3704767816e-06 -2.3240722067e-06  1.4604406489e-05 -3.0992744336e-06  6.9983527509e-07  5.4096659494e-06 -1.7212462008e-05 -2.0690997275e-03 -2.4686008260e-03 -2.6160644129e-03 -1.5815663813e-05  3.5580371960e-05  9.2278967086e-05

JOB 9
COORDS -6.4963801618e-01 -2.2211541622e+00  3.2889538341e+00 -6.5661380731e-01 -1.1572586048e+00  2.3947841951e+00 -3.0008743521e+00 -2.4985294095e+00  2.8596899867e+00 -1.8415851629e+00 -2.9342324837e+00  3.5423359104e+00 -1.8705586302e+00 -8.3011683776e-01  1.7875369027e+00 -1.0351973044e+00  6.5316751035e-02 -3.6156781598e-01 -1.5600702698e+00  1.6057935121e+00  1.5020978764e+00 -3.3639399189e+00  4.8173356198e-01  2.8054925092e-01 -2.9999993315e+00 -1.4715775929e+00  2.0098748950e+00 -1.8968792804e+00 -3.9449405296e+00  4.4743553682e+00 -1.9557829195e+00  3.2133363141e-01  8.0974853985e-01  2.7185021605e-01 -2.4970632717e+00  3.7940760405e+00  2.6404484472e-01 -6.1538644218e-01  2.2040435202e+00 -3.9548018488e+00 -2.9991422711e+00  3.0150895069e+00 -1.1269747946e+00  8.9136733451e-01 -1.0676800091e+00 -8.6547057103e-03 -5.0633666233e-03 -7.1831491416e-03 -1.3307352081e+00 -8.7199914410e-01 -8.3174277642e-01 -1.6514451568e+00  2.4295512246e+00  7.9326180287e-01 -2.2265748715e+00  1.7575117384e+00  2.3504459519e+00 -5.3117682868e-01  1.5286500891e+00  1.8482480146e+00 -3.3531810044e+00  1.3226473992e+00 -4.1290417106e-01 -3.6633684219e+00 -4.3355112299e-01 -2.2380070632e-01 -4.0392140313e+00  6.7185212579e-01  1.1109326457e+00 -1.0523695691e+00 -4.4799681899e+00  4.6380348679e+00 -2.7346664117e+00 -4.5151168194e+00  4.4856326963e+00
ENERGY -4.773888680221e+02
GRADIENT -3.3053752841e-04  9.1980200797e-04  9.5060219061e-04 -1.7246566913e-05 -2.7823959947e-05  1.5017520006e-05  9.7572366739e-05 -5.7724139971e-05 -2.3239105143e-05  2.4479265245e-04 -1.7773159909e-03 -1.9100171686e-03 -2.6341689001e-05  5.4930928912e-05  3.0701824118e-06  4.4594494238e-06  4.3589303271e-06 -1.0533467089e-05 -1.4248899685e-06  4.9685398157e-07 -5.9658075109e-06 -1.0613257622e-06  4.3736542985e-06 -9.4409322611e-06  9.7946487359e-06  1.9574778076e-05 -1.8607550912e-05  6.1928777836e-04  1.9304923672e-03  2.2972472295e-03 -1.0630354655e-06  3.5573744432e-06 -1.4165941385e-05 -1.5044491741e-05  4.7127363142e-06  1.6435045580e-05 -6.8902225872e-06  3.0992320334e-06 -4.3365429058e-06  4.7613159809e-07  9.6149292648e-06  2.5420563841e-07 -1.8355353359e-06  1.5032735228e-06 -1.8797549010e-06 -3.1076853304e-06  1.2776496006e-06 -3.3705821341e-06 -1.6876875252e-06  1.2002381013e-06 -1.3716756731e-06  8.7434043149e-07  2.1551504235e-06 -1.3988174890e-06 -1.6234741713e-06  2.5317284677e-06 -2.8990547787e-06  2.7773573056e-07  1.8790046914e-06 -1.9034899943e-06 -4.6412396294e-08  3.0208622328e-06 -1.5022423858e-06 -1.9437250224e-07  4.7511799666e-06 -2.0399265149e-06 -6.0442808509e-07  1.7359833240e-06 -2.2348326602e-06 -5.2083129621e-04 -1.1527351749e-03 -1.3458323346e-03 -5.8657872020e-05  8.2904932302e-05  3.0788155644e-05

JOB 10
COORDS -6.4837646880e-01 -2.2372738832e+00  3.2833764143e+00 -6.5617511958e-01 -1.1685131783e+00  2.3951184233e+00 -3.0040879488e+00 -2.5041375162e+00  2.8602906397e+00 -1.8441210373e+00 -2.9427673784e+00  3.5441144267e+00 -1.8694260062e+00 -8.3691977322e-01  1.7895039541e+00 -1.0350135848e+00  6.4031210766e-02 -3.5754538814e-01 -1.5552500494e+00  1.5994163366e+00  1.5110524825e+00 -3.3620961445e+00  4.8185474351e-01  2.8846181764e-01 -2.9998887229e+00 -1.4783318176e+00  2.0110829320e+00 -1.8990534358e+00 -3.9718663518e+00  4.4444820036e+00 -1.9537357453e+00  3.1761043729e-01  8.1567001990e-01  2.7666444614e-01 -2.5231113745e+00  3.7763996924e+00  2.6676650786e-01 -6.3173936088e-01  2.2007687507e+00 -3.9585456544e+00 -3.0035847544e+00  3.0157189841e+00 -1.1259909593e+00  8.9246375751e-01 -1.0610078121e+00 -8.2049899286e-03 -9.2513263190e-03 -4.4844999030e-03 -1.3325440780e+00 -8.7137038657e-01 -8.3023291802e-01 -1.6455525910e+00  2.4255027295e+00  8.0473766759e-01 -2.2207460239e+00  1.7498470117e+00  2.3604134346e+00 -5.2626230896e-01  1.5191797999e+00  1.8562712322e+00 -3.3508508634e+00  1.3249015027e+00 -4.0241244856e-01 -3.6635007637e+00 -4.3142193699e-01 -2.1833889058e-01 -4.0361985003e+00  6.7033435620e-01  1.1201659694e+00 -1.0406436206e+00 -4.3943763978e+00  4.7723801604e+00 -2.7124371359e+00 -4.5732225813e+00  4.4616215545e+00
ENERGY -4.773892130995e+02
GRADIENT  7.0806518164e-05 -1.3755624159e-04 -3.7423868131e-05 -9.4279789245e-05 -3.0324331306e-06 -1.8143128706e-05 -6.3352612423e-05  1.2306109493e-05 -4.9366798203e-05 -6.0291291066e-07  2.1328680751e-04  2.0268965947e-04  8.6391602415e-05  5.3560930865e-05 -5.5085974591e-05 -3.0158793515e-06  6.6832761055e-06 -3.8346762943e-06 -3.2113102083e-06  1.2665449409e-06 -6.7019219382e-06 -5.2393365682e-06  1.4655327956e-05 -1.2790030666e-05 -1.1064144282e-05 -7.0050293961e-05  8.2738701719e-05  1.2038135290e-05 -1.8979605900e-04 -2.8339976325e-04 -3.8758509083e-06  9.3773711231e-06  4.7511745983e-06  5.5486090957e-06  4.7153405207e-07 -6.2811421010e-07 -4.7132845341e-06 -1.0230209734e-06  3.8231217343e-06 -4.3727051336e-06 -7.2052080004e-06  1.0458033347e-05  2.1470631539e-07  1.3573635943e-06 -3.6893493376e-06  3.3650067055e-07  8.4567451993e-07  5.4237947585e-07  1.4417712180e-07  7.6395937500e-07 -7.6887257755e-07 -1.8142811871e-06 -2.6544470423e-07 -2.1461434440e-06 -9.4747754372e-07  4.4655841166e-07 -1.5901312833e-06  3.0725437789e-06 -5.7605472542e-07 -2.3868664616e-06  1.6755598661e-06  2.2836765399e-06 -4.3788687306e-06 -3.1604100621e-06  6.9617897881e-06 -3.2702817855e-06  1.7289786630e-07  1.0272256947e-06 -7.4025830761e-06 -1.3090998667e-06  1.2149118271e-04  1.3823682847e-04  8.0977000932e-07  5.6421084501e-06  5.9946350792e-07

JOB 11
COORDS -6.4306422494e-01 -2.2472293430e+00  3.2651548499e+00 -6.5411675335e-01 -1.1717277222e+00  2.3857865563e+00 -2.9991451393e+00 -2.5171773794e+00  2.8388626913e+00 -1.8370201593e+00 -2.9604774615e+00  3.5184905756e+00 -1.8678607218e+00 -8.3888056451e-01  1.7813308736e+00 -1.0366699299e+00  7.3080259176e-02 -3.6177701023e-01 -1.5560800212e+00  1.5995564785e+00  1.5139763601e+00 -3.3632116920e+00  4.8574391400e-01  2.8891330087e-01 -2.9967107875e+00 -1.4848689316e+00  1.9984266903e+00 -1.8795049601e+00 -4.0221680971e+00  4.3717211663e+00 -1.9542036595e+00  3.2049220822e-01  8.1370888994e-01  2.8317405880e-01 -2.5356149274e+00  3.7543034887e+00  2.6718406556e-01 -6.2998193231e-01  2.1973021228e+00 -3.9520256381e+00 -3.0212896568e+00  2.9885769666e+00 -1.1287912741e+00  9.0471346950e-01 -1.0613441940e+00 -9.4958590107e-03 -1.4331436103e-03 -1.0003038123e-02 -1.3341068541e+00 -8.6038466676e-01 -8.3831651475e-01 -1.6470219568e+00  2.4286472633e+00  8.1123563306e-01 -2.2212010790e+00  1.7461468844e+00  2.3642937414e+00 -5.2688301771e-01  1.5184680251e+00  1.8583550942e+00 -3.3538290927e+00  1.3321917572e+00 -3.9783532152e-01 -3.6641565834e+00 -4.2541579392e-01 -2.2194310455e-01 -4.0365483021e+00  6.6928988780e-01  1.1223564817e+00 -1.0538919002e+00 -4.3413161534e+00  4.8583143511e+00 -2.7403605415e+00 -4.5223625861e+00  4.5438275928e+00
ENERGY -4.773890460288e+02
GRADIENT -1.3290989226e-05  2.1329455017e-06  2.0648226087e-05 -7.4251105766e-06  2.0259333002e-05 -4.1737283143e-06 -1.5038843154e-05  5.5495959881e-05 -4.3612336896e-05  4.3738978443e-05 -4.8778962775e-05  7.5952211248e-06  2.5442322494e-05 -1.9445177010e-05 -2.1330743495e-05  3.4057776916e-07  2.1709355008e-06 -2.7214853100e-06 -1.6816451908e-06  3.8507163066e-06 -4.0551043247e-06 -3.8867165358e-07  1.3046903201e-06  8.0097838215e-07 -2.7857601389e-05 -1.7713783946e-05  2.3451711033e-05 -2.4449076884e-05  3.4017748391e-05 -2.2722904986e-05 -9.4576353891e-06 -4.4643129935e-07  1.8234462981e-05 -1.4408555946e-06  5.4317887319e-07 -4.1692595277e-06  3.0373018471e-06 -3.1158682388e-07 -6.1300196500e-07  7.2122422207e-07  9.6402708232e-07  4.6548059256e-06  5.1213499944e-07  2.7903384153e-06 -1.8569618869e-06 -8.0622715804e-07  1.2729938743e-07 -2.2357019824e-06 -2.5572269815e-07  1.3251014718e-06 -1.5893271699e-06 -3.1202376752e-07  1.7892914330e-06 -1.5293058917e-06 -8.8626200599e-07  1.8704814498e-06 -2.0822828601e-06 -5.8659925105e-07  1.7421614743e-06 -1.7145734825e-06  3.9979669252e-07  4.6855880945e-07 -3.3861869155e-06 -2.6946949576e-07  2.6281792944e-07 -3.5275963832e-06  1.1310224385e-07 -1.6892826949e-07 -9.2793729979e-07 -2.9903330175e-07  1.8764051088e-06 -6.1274071973e-06  9.5350942087e-06  5.6624187354e-07  6.1089549942e-06

JOB 12
COORDS -6.4003158034e-01 -2.2623599740e+00  3.2528619677e+00 -6.5239173687e-01 -1.1790146059e+00  2.3824011147e+00 -2.9925665484e+00 -2.5367073392e+00  2.8191825775e+00 -1.8308866803e+00 -2.9822301605e+00  3.4959125404e+00 -1.8660107296e+00 -8.4633659436e-01  1.7781497102e+00 -1.0376199720e+00  7.3881343194e-02 -3.6177577725e-01 -1.5538638332e+00  1.5935476737e+00  1.5207679130e+00 -3.3633783933e+00  4.8532086345e-01  2.9387422941e-01 -2.9933566520e+00 -1.4973154233e+00  1.9869925565e+00 -1.8619112272e+00 -4.0834302410e+00  4.3076770383e+00 -1.9535564072e+00  3.1749628322e-01  8.1596680353e-01  2.8654548251e-01 -2.5531193353e+00  3.7400770837e+00  2.6709252852e-01 -6.3178230888e-01  2.2011978868e+00 -3.9432948526e+00 -3.0471697247e+00  2.9609363267e+00 -1.1310662801e+00  9.0784718161e-01 -1.0583486024e+00 -9.9451990767e-03 -1.7488506084e-03 -1.1671469703e-02 -1.3357369098e+00 -8.5803570827e-01 -8.4092911451e-01 -1.6458965349e+00  2.4253458867e+00  8.2142460810e-01 -2.2175157105e+00  1.7371110707e+00  2.3727591922e+00 -5.2402819775e-01  1.5111782732e+00  1.8628780018e+00 -3.3548365822e+00  1.3350789311e+00 -3.8875809443e-01 -3.6651779638e+00 -4.2332659783e-01 -2.2088364986e-01 -4.0354950230e+00  6.6506122910e-01  1.1291777003e+00 -1.0839029143e+00 -4.2695607100e+00  4.9265545246e+00 -2.7541672404e+00 -4.4520066518e+00  4.6102998018e+00
ENERGY -4.773892126511e+02
GRADIENT -7.1381906794e-05  2.4746986357e-05  7.1422223807e-05 -8.3648694230e-07  7.7158657971e-05 -5.8726432974e-05  1.2262303188e-04  3.9235933024e-04 -2.7318370679e-04  1.4971350503e-04 -3.2980129963e-04 -3.4010964106e-05 -4.6168304577e-05 -8.1612959323e-05  1.3606573834e-04  4.7713683469e-06 -1.8856234702e-06 -6.8358900841e-08 -6.4056359669e-06 -3.4254975606e-06  5.9546281120e-06  6.8869873763e-06 -2.0518275122e-05  5.7615267264e-06 -1.5258448404e-04 -5.0630464603e-05 -1.9521321933e-05 -1.1063257812e-04  2.6375893069e-04  1.8491272774e-04 -2.2505545985e-05 -6.3023677665e-05  8.7118153536e-06 -1.2728923825e-05  4.4337631910e-06  9.3097345887e-06  2.1319276438e-05 -8.4334678224e-06 -1.6200352673e-07  2.6990932868e-05  2.7054001082e-06 -1.4096701366e-05 -4.6827016422e-06  3.3577030485e-06  4.5162156673e-06 -7.6885659805e-07  2.7876670909e-06 -5.3212468799e-06  4.0646412171e-07 -3.5763769059e-08 -9.5417556878e-07  3.7090271714e-07  2.3343116601e-06 -1.1928682376e-07  2.8580327434e-06  2.0681260736e-06  1.1547728915e-06  4.2703578434e-06 -4.8053494428e-07  2.9645561184e-06 -6.3094699676e-06 -1.5319197337e-06  2.2676536330e-06  1.1459488989e-06 -9.8549941854e-06  2.4301838832e-06 -3.6359645274e-06  4.4422630557e-08  1.0471119477e-05  6.8548391800e-05 -1.3135659808e-04 -1.0103249480e-04  6.4826480366e-06 -2.2670053584e-05  2.1259754844e-05

JOB 13
COORDS -6.3492057192e-01 -2.2712867825e+00  3.2434928042e+00 -6.4915015203e-01 -1.1831597975e+00  2.3791599426e+00 -2.9875841141e+00 -2.5437053346e+00  2.8183303750e+00 -1.8265878686e+00 -2.9860557186e+00  3.4936360316e+00 -1.8643364454e+00 -8.5080617676e-01  1.7771357224e+00 -1.0410741008e+00  7.2813580427e-02 -3.6309596803e-01 -1.5506914700e+00  1.5897906546e+00  1.5239718786e+00 -3.3648320002e+00  4.8605022281e-01  2.9956790934e-01 -2.9900492587e+00 -1.5036080099e+00  1.9844959047e+00 -1.8430449188e+00 -4.1137087594e+00  4.2820014867e+00 -1.9537118424e+00  3.1564748695e-01  8.1756381738e-01  2.9424891318e-01 -2.5712418483e+00  3.7200451095e+00  2.7047761558e-01 -6.3773262378e-01  2.1936962102e+00 -3.9380957839e+00 -3.0548425955e+00  2.9597217914e+00 -1.1362889396e+00  9.0765859880e-01 -1.0583342670e+00 -1.2406062630e-02 -3.5943077700e-03 -1.6118694378e-02 -1.3410492330e+00 -8.5833857743e-01 -8.4258487760e-01 -1.6443329438e+00  2.4229307123e+00  8.2648478379e-01 -2.2117224606e+00  1.7323711688e+00  2.3781831718e+00 -5.1985827241e-01  1.5061085882e+00  1.8626416713e+00 -3.3571848951e+00  1.3376362266e+00 -3.8077897312e-01 -3.6688197546e+00 -4.2085199155e-01 -2.1694422343e-01 -4.0345935858e+00  6.6427991514e-01  1.1370946486e+00 -1.1590667761e+00 -4.1758695359e+00  5.0268037047e+00 -2.7514884723e+00 -4.4743985438e+00  4.5499837946e+00
ENERGY -4.773888683669e+02
GRADIENT  2.5950592408e-04 -7.5009911524e-04 -1.1836646281e-03  2.3139553889e-05 -5.8479528249e-05  5.4493076686e-05  8.7508606052e-06 -1.5441577742e-04  1.0706507905e-04 -8.6062651471e-04  1.5312769495e-03  2.1351174234e-03 -6.1079878275e-05  2.4456991728e-05 -5.4068371703e-05  1.4176919485e-06  4.6476280799e-06 -1.2631492478e-06 -8.2838724524e-07 -2.4348652229e-06 -1.7076286330e-06  8.5569573647e-06  2.8982125301e-06  5.6733472193e-07  8.8797736155e-05  8.3617619882e-05 -2.1566020244e-05  1.7436712239e-03 -1.5140036198e-03 -2.1790406849e-03  6.2293535350e-06  4.1031878379e-05 -2.0165728930e-05 -3.9443325202e-06 -2.1851981814e-06 -7.9226961232e-07 -1.3049157401e-05  3.8026078487e-06 -2.2485844839e-06 -3.9986271025e-06  6.3889297665e-06 -2.0802198734e-07 -6.6728818901e-07  7.0379551051e-07 -6.7788499379e-06 -5.7878060661e-06  6.3736295638e-06 -9.2732396355e-06  1.3246491455e-06  1.4710540341e-06 -7.2647132116e-07 -8.5437360502e-07  4.5536795231e-06  1.6367804087e-07 -7.4954031411e-07  3.1977006026e-06 -1.8686847734e-06 -4.4557551864e-06  7.6787456679e-06 -4.1166246406e-06 -5.3034163590e-07  1.4149058634e-06 -2.8020143256e-06  2.6482487213e-07  1.1769911759e-06 -3.2244461465e-06  1.2911344211e-06  2.6564169905e-06  7.3507227526e-07 -1.2081558505e-03  8.3008726100e-04  1.1724637394e-03  7.5480089710e-06 -2.3227263468e-05 -1.1643243069e-05

JOB 14
COORDS -6.2283548159e-01 -2.2714108057e+00  3.2313500548e+00 -6.4187656125e-01 -1.1803537041e+00  2.3704400158e+00 -2.9773029829e+00 -2.5399007319e+00  2.8241305676e+00 -1.8153467257e+00 -2.9777662350e+00  3.4961649367e+00 -1.8609793200e+00 -8.4905817283e-01  1.7752398928e+00 -1.0467409144e+00  7.7066480724e-02 -3.6726930127e-01 -1.5502449240e+00  1.5918348124e+00  1.5238258840e+00 -3.3685936390e+00  4.8840201770e-01  3.0448922369e-01 -2.9851951710e+00 -1.5020040797e+00  1.9852895062e+00 -1.8141366037e+00 -4.1242326929e+00  4.2724081638e+00 -1.9552744809e+00  3.1839769391e-01  8.1700457254e-01  3.0986373581e-01 -2.5816704294e+00  3.6939581016e+00  2.7770423661e-01 -6.3862822411e-01  2.1743863774e+00 -3.9269839241e+00 -3.0515093836e+00  2.9698701204e+00 -1.1455505160e+00  9.1254241567e-01 -1.0611628239e+00 -1.6628392372e-02  1.3852848424e-03 -2.4481527222e-02 -1.3478795110e+00 -8.5379739209e-01 -8.4661133247e-01 -1.6469875656e+00  2.4256162009e+00  8.2758319649e-01 -2.2083912120e+00  1.7331423490e+00  2.3804965643e+00 -5.1816661525e-01  1.5081923602e+00  1.8586760507e+00 -3.3639067501e+00  1.3406941129e+00 -3.7497384851e-01 -3.6739450297e+00 -4.1812578277e-01 -2.1186791314e-01 -4.0353259615e+00  6.6549494257e-01  1.1446700661e+00 -1.2703507254e+00 -4.0819840744e+00  5.1282585457e+00 -2.7317925890e+00 -4.5201148115e+00  4.4506075661e+00
ENERGY -4.773875056083e+02
GRADIENT  5.9114251273e-04 -1.8618286814e-03 -2.4234165876e-03 -1.0306529470e-04 -3.7400458726e-05 -5.0725854382e-05  7.9226107817e-05 -7.8488538708e-06  2.8886511953e-05 -1.8339090362e-03  3.3809532570e-03  4.4666130236e-03 -9.7687834200e-06 -5.0432643269e-05  2.0356836715e-05  2.7725627260e-06 -5.5024316475e-06  7.4088369603e-06 -4.0028071463e-08  1.1252521208e-05  9.8456231559e-06 -9.9285700671e-06 -2.2242594573e-06  4.5638642473e-06 -6.0242559766e-05  5.2580933182e-05 -6.5333084997e-05  4.6850164181e-03 -2.9923092769e-03 -4.0140264710e-03 -2.7280202835e-05 -1.0535055675e-05  5.5138437537e-06  1.5124950537e-05  4.4438298529e-07  4.0662031246e-06 -2.5481120940e-06 -4.8459095845e-06  1.7392689145e-05 -6.3851605181e-06  3.1976313761e-05 -1.6876594944e-05 -2.4918836435e-06  2.5319134470e-06  4.4632537008e-06  5.1940156141e-06  6.2255368766e-07  5.2659379775e-06 -2.7267262505e-06  2.9810011051e-06 -2.4063095095e-06 -7.3592681450e-07  1.6581274610e-07 -3.1109362716e-06 -3.4132929043e-06  1.9668731872e-06 -2.8765829011e-06 -1.7259531372e-06 -5.6694198096e-07  1.3639106868e-07 -2.5981288707e-06 -8.8238854560e-07 -2.5694692824e-06  3.1945169268e-07 -3.6792589661e-06  1.3609396751e-06 -4.1304248246e-07  3.3874263023e-06 -8.7349235455e-07 -3.3311152478e-03  1.4698120368e-03  2.0096122656e-03  9.0585011341e-06  7.0894665391e-05 -3.0504070105e-05

JOB 15
COORDS -6.0946958185e-01 -2.2787226824e+00  3.2407733001e+00 -6.3124097669e-01 -1.1864679369e+00  2.3809089996e+00 -2.9612963682e+00 -2.5543381146e+00  2.8383072353e+00 -1.8007084516e+00 -2.9821307123e+00  3.5145612724e+00 -1.8526356381e+00 -8.6185036005e-01  1.7861980161e+00 -1.0507095408e+00  5.4538214602e-02 -3.6471231801e-01 -1.5365719005e+00  1.5776632671e+00  1.5250386783e+00 -3.3670310217e+00  4.7626694661e-01  3.2171313069e-01 -2.9738298037e+00 -1.5191109910e+00  1.9933298639e+00 -1.7807108580e+00 -4.1403157896e+00  4.2894126264e+00 -1.9505710287e+00  3.0339717699e-01  8.2485754864e-01  3.2403314320e-01 -2.5954113728e+00  3.6969604032e+00  2.8740024624e-01 -6.4588424621e-01  2.1775439130e+00 -3.9085740680e+00 -3.0708648844e+00  2.9826504064e+00 -1.1525546711e+00  8.8736590442e-01 -1.0613015053e+00 -1.8433055279e-02 -2.2277325097e-02 -2.8719668772e-02 -1.3576419059e+00 -8.7749064137e-01 -8.3810246794e-01 -1.6375991401e+00  2.4094670206e+00  8.2712970768e-01 -2.1871718546e+00  1.7231128468e+00  2.3867934108e+00 -5.0183540868e-01  1.4931275907e+00  1.8511837934e+00 -3.3647857131e+00  1.3279542983e+00 -3.5849059881e-01 -3.6782870063e+00 -4.2987150659e-01 -1.9167345517e-01 -4.0274982430e+00  6.5603636408e-01  1.1663415470e+00 -1.4254645693e+00 -4.0172412052e+00  5.2339447390e+00 -2.6834921224e+00 -4.6053826097e+00  4.3380140889e+00
ENERGY -4.773851567821e+02
GRADIENT  6.8952852762e-04 -2.5458598809e-03 -3.8439760646e-03  5.6815091637e-06 -4.4382795821e-06  4.4746516039e-06  1.1390493948e-04  1.4529752906e-04 -7.6380263304e-05 -2.6761966734e-03  4.1278741682e-03  6.4393581553e-03 -1.2358009174e-04 -1.2592852900e-04  5.8029903567e-05  4.7058682669e-07 -7.2615728095e-06  6.7446628617e-06 -1.6230433562e-07 -1.0622289535e-05  1.0709809101e-05  6.1253684726e-07 -7.3889582878e-06  9.0312143931e-06 -5.1159023489e-05  7.8749315056e-05 -6.2463195235e-05  7.6038860673e-03 -2.6705082132e-03 -4.4862841959e-03 -1.5619203599e-05 -1.2355133884e-05  7.0840550237e-06  2.2225550386e-06 -5.1715234808e-06  3.8456709057e-06  8.9487494823e-06  9.8331375277e-08  1.3962952892e-06  4.3157820150e-06  2.0851781125e-05 -2.4024265735e-05 -4.9348776187e-06  1.9326324525e-06  7.4303998443e-07  3.0098336651e-06  6.0345178514e-06  1.0712800551e-06  1.1565900625e-06  1.3889303970e-06  6.4228487629e-07 -2.5072399809e-06 -2.7584054609e-08 -1.5811763421e-06  7.5230017164e-07  1.4104616840e-06  9.0424798649e-07  4.4665597923e-06 -4.5136170951e-07 -1.2111812851e-07 -5.2411086951e-06  1.4539273541e-07  8.1461486954e-07 -9.6918664059e-07 -2.9951260048e-06  3.7432277983e-07 -1.8091425229e-06  1.8238883277e-08  3.8437066932e-06 -5.6219510026e-03  1.1395348443e-03  1.9472801355e-03  5.2782732250e-05 -7.5993322075e-05 -2.9321719869e-05

JOB 16
COORDS -5.9712701516e-01 -2.2716685519e+00  3.2328964158e+00 -6.2217965137e-01 -1.1790822400e+00  2.3719711471e+00 -2.9500801124e+00 -2.5450953027e+00  2.8508320453e+00 -1.7868460409e+00 -2.9685671967e+00  3.5203498920e+00 -1.8483359374e+00 -8.5579995661e-01  1.7871138362e+00 -1.0591705519e+00  5.8032232747e-02 -3.7018364306e-01 -1.5340274905e+00  1.5833881579e+00  1.5214663790e+00 -3.3717084172e+00  4.8120494591e-01  3.2896298259e-01 -2.9688849992e+00 -1.5112130454e+00  2.0011722882e+00 -1.7469836826e+00 -4.1344197153e+00  4.3037839730e+00 -1.9522933094e+00  3.0860630542e-01  8.2430879209e-01  3.3745075413e-01 -2.5967796287e+00  3.6804374917e+00  2.9581787536e-01 -6.4205204163e-01  2.1568528013e+00 -3.8961158126e+00 -3.0621691992e+00  3.0013537177e+00 -1.1659154484e+00  8.8989015279e-01 -1.0671092917e+00 -2.4791979492e-02 -1.7637543495e-02 -4.0630686319e-02 -1.3686684623e+00 -8.7465412565e-01 -8.4064154386e-01 -1.6388388219e+00  2.4143317501e+00  8.2316503421e-01 -2.1800986632e+00  1.7299925341e+00  2.3864506522e+00 -4.9759707133e-01  1.4989571421e+00  1.8421229443e+00 -3.3728112274e+00  1.3320594048e+00 -3.5226218023e-01 -3.6861170161e+00 -4.2540979305e-01 -1.8164699039e-01 -4.0273701980e+00  6.6242431894e-01  1.1770104909e+00 -1.6066670563e+00 -3.9523756728e+00  5.2959854451e+00 -2.6070678721e+00 -4.6726305710e+00  4.2183015936e+00
ENERGY -4.773820606391e+02
GRADIENT  6.6957774578e-04 -3.0536162790e-03 -4.5319937553e-03  1.8780468627e-06 -1.1382242558e-06 -1.7413495218e-05 -1.8006650669e-05 -2.9587068643e-05  1.4493792889e-05 -3.1261224163e-03  4.7695274164e-03  7.0946269484e-03  2.9834302158e-05  1.2882154762e-05 -1.1556186645e-05  3.9933890674e-06  1.2694122183e-05 -1.7807191931e-06 -5.2046697231e-06  1.4505369249e-05  5.6073656703e-06  3.1433150908e-06 -7.4740521135e-06  3.8863088241e-06 -9.7853259292e-06  1.8210313231e-05  8.4133834663e-06  9.6709161891e-03 -2.2175448552e-03 -3.5172269072e-03 -5.1512873694e-06 -1.1015824764e-05 -3.1239301246e-06  5.4170253962e-07  4.0869380915e-06 -3.5703264749e-06 -2.2060964085e-06 -1.8542358062e-06  4.5850425803e-06 -2.2162891869e-06  7.1420703602e-07  1.6438281615e-06  2.3229788363e-06  3.0097950230e-06 -4.7712705107e-07 -5.3668234376e-06  2.4109449872e-06 -8.4404276431e-06 -1.3686728026e-06  3.9017605205e-06 -3.2441699966e-06  2.5263002169e-06  2.4884170265e-06 -9.5687994184e-07 -2.3317566352e-06  4.4334933944e-06 -2.5088899360e-06 -5.8603222048e-06  1.8831383397e-06  3.9592568859e-06 -3.7634112384e-07 -7.7446837124e-07 -2.3972527209e-06  2.0551523676e-07 -4.7413674573e-06  1.0262128853e-06  1.6092381337e-06  5.1685654701e-06  3.2342772436e-06 -7.1723596245e-03  4.5881878036e-04  9.3652691453e-04 -4.6798956178e-05  6.7491911651e-05  3.5830078455e-06

JOB 17
COORDS -5.8341141938e-01 -2.2779382410e+00  3.2450809438e+00 -6.1012951319e-01 -1.1883841609e+00  2.3778587281e+00 -2.9350879565e+00 -2.5559473312e+00  2.8714334509e+00 -1.7699680464e+00 -2.9730362023e+00  3.5377023678e+00 -1.8389953653e+00 -8.7027224375e-01  1.7977827060e+00 -1.0627841217e+00  2.9734180458e-02 -3.6990325863e-01 -1.5192065762e+00  1.5668577639e+00  1.5175930415e+00 -3.3693085095e+00  4.6538696165e-01  3.4319767985e-01 -2.9594687231e+00 -1.5243550769e+00  2.0165471714e+00 -1.7136820501e+00 -4.1354431119e+00  4.3457123178e+00 -1.9468349650e+00  2.9013317557e-01  8.2942189606e-01  3.4919003786e-01 -2.6045658862e+00  3.6952005245e+00  3.0623726995e-01 -6.5137355799e-01  2.1559629531e+00 -3.8793695619e+00 -3.0747290830e+00  3.0265830090e+00 -1.1724905096e+00  8.5789629129e-01 -1.0707008160e+00 -2.6300409114e-02 -4.6965607064e-02 -4.7286653458e-02 -1.3784636609e+00 -9.0463794007e-01 -8.3289368877e-01 -1.6298317372e+00  2.3948390073e+00  8.1676869190e-01 -2.1564439380e+00  1.7183723628e+00  2.3882875896e+00 -4.7972190620e-01  1.4823116202e+00  1.8280231395e+00 -3.3720594097e+00  1.3134867526e+00 -3.4142393675e-01 -3.6904357672e+00 -4.4208927217e-01 -1.6157687314e-01 -4.0184486760e+00  6.5253911796e-01  1.1949928990e+00 -1.8184831578e+00 -3.9254613813e+00  5.3380292510e+00 -2.4742246168e+00 -4.7720817204e+00  4.1112577491e+00
ENERGY -4.773786905630e+02
GRADIENT  7.0907858597e-04 -3.0727926445e-03 -4.4026601656e-03 -6.8658828788e-06  3.3717013125e-06 -5.6785657350e-06 -7.7201337115e-05 -7.1586430943e-05  3.4035842512e-05 -2.8897777292e-03  4.3908146707e-03  6.3717666231e-03  3.1017684407e-05  3.3228528197e-05 -1.9193395782e-05  8.0592974459e-07  7.4804936069e-06  3.0562673731e-06 -5.4923137917e-06 -9.1783753540e-07  2.6684742131e-07 -1.6748039319e-06  1.0017393437e-05 -1.0953591151e-05  1.3227371496e-05 -2.6725664427e-05  4.0980328003e-05  9.1333299401e-03 -4.6145553685e-04 -1.4345435415e-03  8.5036696980e-06  1.1051314135e-05 -1.0229835217e-05 -7.0157673079e-07  2.3815304845e-06 -2.6212701374e-06 -7.8543935671e-07  3.1846897984e-06 -3.6669748052e-06 -1.0482069922e-06 -6.2616760863e-06  5.7049086227e-06 -1.5181533911e-06  2.1711408020e-06 -1.4779590086e-06 -4.6950492058e-07  4.3624473508e-06 -3.4173439091e-07 -1.1373631816e-06  2.3464344731e-06  9.2291352080e-08 -4.1386591640e-06  3.8180975587e-06  6.9642123072e-07  1.7881566557e-06 -3.6413224100e-08  1.5850722930e-06  3.3748448314e-06  3.2349763988e-07 -3.3535495273e-06  1.2316847977e-06  3.8562333503e-06 -1.8687827494e-06 -2.9755171486e-06  7.2217688817e-06  1.7498292998e-07 -5.3841279214e-07  4.0069529622e-06 -5.7157642441e-06 -6.9514041421e-03 -7.6672836911e-04 -5.8126085696e-04  2.8375225945e-05 -2.5003733334e-05  6.7363925449e-06

JOB 18
COORDS -6.6027373303e-01 -2.4034298995e+00  3.2676533274e+00 -6.4840478506e-01 -1.3115922989e+00  2.3995756971e+00 -3.0206519456e+00 -2.6011859215e+00  2.8787809148e+00 -1.8603563940e+00 -3.0958597027e+00  3.5066072288e+00 -1.8666793448e+00 -9.3111923246e-01  1.8401871672e+00 -1.0712307656e+00 -3.1326950310e-02 -3.2072499848e-01 -1.4607922248e+00  1.4967133998e+00  1.5881261707e+00 -3.3559312378e+00  4.7658754849e-01  4.1284379726e-01 -3.0143922474e+00 -1.5372758647e+00  2.0705837844e+00 -1.9682712744e+00 -4.2165271520e+00  4.3498632298e+00 -1.9375310173e+00  2.4459518750e-01  8.8777222769e-01  2.6203312543e-01 -2.7197473669e+00  3.7477116526e+00  2.8124095934e-01 -7.8582207697e-01  2.2077615126e+00 -3.9764332023e+00 -3.0951452820e+00  3.0365788292e+00 -1.1557580017e+00  8.0879290969e-01 -1.0107868245e+00 -3.6203909044e-02 -1.4891157199e-01 -5.7339079670e-03 -1.4225607211e+00 -9.4821684608e-01 -7.9291647255e-01 -1.5427900636e+00  2.3363874388e+00  8.9729629712e-01 -2.0889865072e+00  1.6615965550e+00  2.4629032135e+00 -4.2396286967e-01  1.3704303042e+00  1.8934487846e+00 -3.3318739359e+00  1.3314098453e+00 -2.6298205092e-01 -3.7127761120e+00 -4.1343392486e-01 -9.9105469792e-02 -3.9927647422e+00  6.7761181526e-01  1.2706254371e+00 -2.4102961034e+00 -4.0048903199e+00  5.2419671152e+00 -1.0602926981e+00 -4.6291359312e+00  4.5517649514e+00
ENERGY -4.773808805415e+02
GRADIENT -1.0662727493e-03  3.3239423594e-03  4.3371612963e-03  7.3387522657e-06 -2.9489337286e-06 -1.6292864944e-05  7.5078251812e-06 -1.3241427344e-05  9.4670049471e-06  3.4812354975e-03 -4.7152311316e-03 -5.9481095219e-03 -8.4383989826e-06 -1.4236960713e-05  3.8335678117e-06  1.7719108507e-06  6.8929130108e-06 -4.8475231147e-06 -3.9857498453e-06  6.9514233159e-06 -1.1599299830e-07 -2.6727979047e-06 -2.4190172098e-06  4.9946078059e-06 -1.2145602131e-05  1.4975053323e-05 -5.8320808391e-06 -8.6846267459e-03 -1.6643212566e-04 -1.1533214451e-03 -6.3447897173e-06 -9.2715118219e-06  6.7925810156e-06 -1.9741387840e-06  1.6787069562e-06 -2.3689195773e-06  1.5204734675e-06  2.9075650035e-06  2.1915378994e-06  6.8492268818e-07  7.6179947189e-06  1.3250835362e-06 -1.9796146256e-06  1.6667487524e-06  1.7015755971e-07 -1.2604376971e-06  1.8855939890e-06 -2.4494792804e-06 -1.5488739774e-06  1.5968910708e-06 -9.9078125955e-07  6.0661166745e-06  1.7576396472e-06 -3.5200119383e-06 -4.5066041852e-06  5.2637493890e-06 -4.6798141985e-06 -3.3207987288e-06 -1.3399267927e-06  5.0978430546e-06  3.7131661383e-07  1.9500287252e-06 -1.1556433892e-06  2.7798078211e-07 -1.4281733412e-06 -1.4330902872e-06  1.0682941382e-07  1.1418837222e-06  4.5365427633e-07  6.2388431634e-03  1.5259190064e-03  2.7370485616e-03  3.6378724846e-05  6.7937365333e-05  6.1457639661e-06

JOB 19
COORDS -6.4532138181e-01 -2.4083185690e+00  3.2638494761e+00 -6.3966751715e-01 -1.3170901305e+00  2.3969453434e+00 -3.0104674527e+00 -2.6033332530e+00  2.8897028688e+00 -1.8454325019e+00 -3.1001402895e+00  3.5127267216e+00 -1.8600693102e+00 -9.3448269206e-01  1.8428827525e+00 -1.0772027926e+00 -3.6001350671e-02 -3.2284522021e-01 -1.4538258371e+00  1.4928081900e+00  1.5871068911e+00 -3.3566097803e+00  4.7300797830e-01  4.2490287853e-01 -3.0061242642e+00 -1.5416096867e+00  2.0815760660e+00 -1.9294090235e+00 -4.2218598221e+00  4.3389157536e+00 -1.9356614085e+00  2.4042759583e-01  8.9097278543e-01  2.8047613453e-01 -2.7248994183e+00  3.7368426586e+00  2.8979764560e-01 -7.9254430236e-01  2.2008143605e+00 -3.9683681056e+00 -3.0924276088e+00  3.0519339106e+00 -1.1638589925e+00  8.0464405618e-01 -1.0120826202e+00 -4.0634252972e-02 -1.5591154122e-01 -1.3783097603e-02 -1.4328637180e+00 -9.5210010037e-01 -7.9327814915e-01 -1.5390982867e+00  2.3322752625e+00  8.9634187349e-01 -2.0763688161e+00  1.6586167329e+00  2.4657137837e+00 -4.1528818753e-01  1.3656846819e+00  1.8862805794e+00 -3.3366546162e+00  1.3272595207e+00 -2.5179994823e-01 -3.7172555794e+00 -4.1725913902e-01 -8.3956772730e-02 -3.9877892454e+00  6.7503342150e-01  1.2866343854e+00 -2.5519697776e+00 -4.1125939316e+00  5.1348343796e+00 -1.0247455824e+00 -4.5407063216e+00  4.6744632168e+00
ENERGY -4.773840167380e+02
GRADIENT -8.9591894847e-04  3.0027453438e-03  4.0249365462e-03  1.0280084539e-05  1.8402031964e-06 -1.1491638690e-05  1.6547416905e-05  4.4276600981e-06  1.1557952818e-05  2.9205060540e-03 -3.9280670351e-03 -5.1616731730e-03 -2.0119175148e-05 -2.8875901041e-05  1.5409409693e-05  2.0391366771e-06  2.4782388792e-06 -2.3766770226e-06 -3.4075889461e-06  4.3977456990e-06  6.5879274567e-07 -2.2656820465e-06 -4.0120794238e-06  4.1369834978e-06 -1.6336171893e-05  2.6038455455e-05 -1.9852237868e-05 -6.9969941520e-03 -1.4577769680e-03 -2.4696809583e-03 -4.7397494630e-06 -6.8093786552e-06  3.9853527395e-06  2.2616462359e-08  4.3544093573e-06  1.3955113804e-07  2.3472102393e-06  1.4534398154e-06  1.0569799048e-06 -1.2869857822e-06  1.0849584567e-05 -3.1810082168e-06 -1.7982380961e-06  2.3349302468e-06  1.4221722619e-06 -1.0077134413e-06  8.1309733598e-07 -1.6531274860e-06 -2.0788191121e-06  2.1482988154e-06 -1.4891363903e-06  3.1871727762e-06  2.1263935987e-06 -2.4773714216e-06 -2.1823677802e-06  4.3133447326e-06 -3.3924774369e-06 -1.8053680088e-06 -4.9214730876e-08  2.1515251413e-06 -8.6983848381e-07  1.2307001841e-06 -1.1139241951e-06  7.8207516112e-08 -1.3245275240e-06 -7.8119462987e-07 -4.0179370052e-07  1.5304930530e-06  5.6966233869e-07  4.9579214886e-03  2.3258472774e-03  3.5651145485e-03  2.2911311168e-05  8.0753647721e-05  2.1371425143e-05

JOB 20
COORDS -6.3322743835e-01 -2.4008153947e+00  3.2574065927e+00 -6.3388315745e-01 -1.3112563086e+00  2.3906981920e+00 -3.0036305070e+00 -2.5912653980e+00  2.9020730215e+00 -1.8344067816e+00 -3.0887432457e+00  3.5211984432e+00 -1.8566576055e+00 -9.2766906193e-01  1.8410144561e+00 -1.0850447512e+00 -3.2609765318e-02 -3.2997484310e-01 -1.4510149071e+00  1.4989183322e+00  1.5791127835e+00 -3.3599705887e+00  4.7738275335e-01  4.2944069831e-01 -3.0008347326e+00 -1.5348197743e+00  2.0891314488e+00 -1.8963065521e+00 -4.2080859904e+00  4.3352013121e+00 -1.9367849519e+00  2.4535086814e-01  8.8805750701e-01  2.9652719480e-01 -2.7198182872e+00  3.7207637531e+00  2.9573184706e-01 -7.8986487812e-01  2.1868903854e+00 -3.9635965748e+00 -3.0742128920e+00  3.0723315249e+00 -1.1754946316e+00  8.0667082525e-01 -1.0204577459e+00 -4.6774166701e-02 -1.5159908205e-01 -2.6231986528e-02 -1.4427230634e+00 -9.4984754734e-01 -7.9659374469e-01 -1.5385420318e+00  2.3372471874e+00  8.8716863252e-01 -2.0693257772e+00  1.6667714298e+00  2.4602990330e+00 -4.1129227675e-01  1.3713404304e+00  1.8739968361e+00 -3.3440490339e+00  1.3308955699e+00 -2.4832008557e-01 -3.7232516364e+00 -4.1351710620e-01 -7.6466272295e-02 -3.9864677740e+00  6.8014906022e-01  1.2944084083e+00 -2.6564890932e+00 -4.2266317762e+00  5.0071929977e+00 -1.0209837584e+00 -4.4613740425e+00  4.7816293753e+00
ENERGY -4.773866889633e+02
GRADIENT -6.4676837568e-04  2.3274083108e-03  3.1298428615e-03 -1.7642097596e-05  2.0782950933e-06 -3.3305748879e-06 -8.5373029339e-06  2.2152139809e-05 -2.3489526005e-05  1.9492848108e-03 -2.9360302373e-03 -3.7821281721e-03  2.0867951119e-05  2.0203911790e-05 -9.8346360388e-06 -4.2867361129e-06  7.0863453413e-07  4.5577057238e-07  3.7972086970e-06  2.8704961440e-07 -1.2067534498e-07  6.6203158225e-07  8.3086407828e-06 -2.5112753706e-07 -1.9947364958e-06 -1.4978761260e-05  1.4330959827e-05 -4.2607214134e-03 -1.5832430967e-03 -2.7071583487e-03 -8.3981659421e-07  4.9923276639e-06 -7.6794505238e-06  2.8028880314e-07  1.0881837872e-06 -2.9410361616e-06 -2.1067707371e-06 -1.2262305747e-07 -3.0099865054e-06  6.5755677104e-07 -3.1780494295e-06  5.5519512688e-07 -5.6206953019e-06 -1.3615163619e-06 -5.4106728720e-06  3.6261905280e-07  1.0302462564e-05 -3.7161690394e-06  3.6955020561e-06 -1.4263098126e-06  2.2084445840e-06  1.5826948215e-06  1.6248563395e-06 -2.1206244734e-06 -1.5098445020e-06  3.6253375882e-06 -2.4410829888e-06 -1.8995786821e-06  1.0921014693e-06  1.1965177376e-06 -1.9660029881e-06  3.5108655177e-06  1.0886108139e-06 -5.2506018539e-07  3.6103328947e-06 -3.4892147528e-06 -9.2366175296e-07 -3.8572966741e-08 -1.6549970969e-06  2.9731291723e-03  2.2613381495e-03  3.4127676584e-03 -1.3067524292e-05 -8.0122353392e-05 -3.7167212957e-05

JOB 21
COORDS -6.2260400899e-01 -2.3921854545e+00  3.2514850809e+00 -6.2882992457e-01 -1.3046432577e+00  2.3844460292e+00 -2.9986240057e+00 -2.5744794855e+00  2.9189073431e+00 -1.8260440176e+00 -3.0717592305e+00  3.5346127943e+00 -1.8542778436e+00 -9.2013307873e-01  1.8393933594e+00 -1.0913996484e+00 -2.9117075408e-02 -3.3639558048e-01 -1.4501105754e+00  1.5057107582e+00  1.5708561618e+00 -3.3631445923e+00  4.8111467360e-01  4.3121514521e-01 -2.9969989561e+00 -1.5254055726e+00  2.0975734306e+00 -1.8705365000e+00 -4.1876358605e+00  4.3410764786e+00 -1.9382411993e+00  2.5053134163e-01  8.8451696362e-01  3.1126531930e-01 -2.7169528943e+00  3.7022117864e+00  3.0149396016e-01 -7.8907985463e-01  2.1692425917e+00 -3.9605090598e+00 -3.0503518248e+00  3.0995058804e+00 -1.1855096450e+00  8.0835439130e-01 -1.0286217881e+00 -5.1704424141e-02 -1.4610911410e-01 -3.6739965345e-02 -1.4498132520e+00 -9.4798060030e-01 -7.9919171271e-01 -1.5380573585e+00  2.3423680544e+00  8.7687270552e-01 -2.0664611833e+00  1.6763737063e+00  2.4528680914e+00 -4.1001224522e-01  1.3776494533e+00  1.8642599105e+00 -3.3506507710e+00  1.3337787961e+00 -2.4770394892e-01 -3.7277234890e+00 -4.1071424613e-01 -7.2177694885e-02 -3.9863969755e+00  6.8438215343e-01  1.2983845067e+00 -2.7220028463e+00 -4.3436619633e+00  4.8682703666e+00 -1.0383840613e+00 -4.3921020691e+00  4.8820840136e+00
ENERGY -4.773885046471e+02
GRADIENT -3.4671694949e-04  1.2737470433e-03  1.7358841825e-03 -8.7156632175e-06  1.5931754094e-05 -9.3540587160e-06 -1.3999204776e-05  5.8615377269e-07 -6.2583737245e-06  8.6196876598e-04 -1.4467426254e-03 -1.9641282364e-03  4.1039765200e-05  2.8509221491e-05 -1.2667805368e-05 -6.9019984685e-06 -1.1236938318e-06 -4.1959167779e-06  8.2659702368e-06 -1.1975945292e-06 -2.8345330729e-06 -2.9741450892e-06  1.5351792193e-05  9.5691693675e-07 -1.5117724659e-06 -2.8144095425e-05  2.2532953171e-05 -1.6106109856e-03 -1.3655050492e-03 -1.9692999070e-03  2.3303484167e-06  5.8084846370e-06 -5.1077582818e-06 -7.1789232238e-07  3.4416040878e-06 -4.6454427458e-06 -2.2996506214e-06  2.4420817262e-06 -4.6060155226e-06 -5.6521606211e-08 -4.8949657709e-06  3.5345491766e-06 -9.8773212878e-06 -4.2844113498e-06 -8.0583615463e-06  1.9472696369e-06  1.6066782495e-05 -2.6433758807e-06  6.9145196121e-06 -4.1826956323e-06  5.9502417214e-06  5.5905206435e-06  2.9247674043e-07 -4.1463284198e-06 -5.2122347932e-06  5.8289553307e-06 -5.0993189705e-06 -3.2684662737e-06 -1.4131088978e-06  5.4228053716e-06 -1.1122546079e-06  6.4986782296e-06  3.8123704101e-06  5.5918612081e-07  6.8198697263e-06 -7.7091620308e-06 -1.5269010800e-06 -4.2985516995e-06 -3.6245968509e-06  1.0732307942e-03  1.5339065059e-03  2.1965837164e-03 -2.0785559842e-06 -3.7357296596e-06  7.6043667816e-06

JOB 22
COORDS -6.0269267660e-01 -2.4131391809e+00  3.2738872706e+00 -6.1270548333e-01 -1.3294279610e+00  2.4037362560e+00 -2.9824321579e+00 -2.5874427980e+00  2.9624708342e+00 -1.8080565346e+00 -3.0832591887e+00  3.5785004487e+00 -1.8405368050e+00 -9.4529893765e-01  1.8619865396e+00 -1.0835661725e+00 -5.9347475722e-02 -3.1846351294e-01 -1.4397859828e+00  1.4796284018e+00  1.5854569066e+00 -3.3539174388e+00  4.4922580611e-01  4.5307543120e-01 -2.9821775338e+00 -1.5477028529e+00  2.1300900344e+00 -1.8429826082e+00 -4.1881715041e+00  4.3883698737e+00 -1.9278169416e+00  2.2191881532e-01  9.0365934892e-01  3.3451657350e-01 -2.7433045066e+00  3.7133209368e+00  3.1858339270e-01 -8.2112481346e-01  2.1755824497e+00 -3.9456568606e+00 -3.0567341492e+00  3.1535453298e+00 -1.1766956623e+00  7.7837147648e-01 -1.0105519969e+00 -4.3651572600e-02 -1.7865654237e-01 -2.0577555655e-02 -1.4446388640e+00 -9.7741983867e-01 -7.8074520575e-01 -1.5321814988e+00  2.3149366723e+00  8.9036792554e-01 -2.0529131144e+00  1.6504216438e+00  2.4696748535e+00 -3.9830936886e-01  1.3539484515e+00  1.8751211943e+00 -3.3439307576e+00  1.2979650069e+00 -2.3080735906e-01 -3.7194156746e+00 -4.4574508089e-01 -4.4055175898e-02 -3.9748202761e+00  6.5710855077e-01  1.3208379313e+00 -2.7325440945e+00 -4.4945792325e+00  4.7614431407e+00 -1.0459609022e+00 -4.3870479578e+00  4.9791514904e+00
ENERGY -4.773892077592e+02
GRADIENT -3.9699539019e-04  3.4955311291e-04 -5.6667127450e-05  2.0063252926e-04  7.7538942435e-05 -3.4154177035e-05  3.6942029874e-04  3.2673195908e-04 -1.9126059310e-04  3.1084127057e-04 -5.2222975732e-04  9.3060446411e-05 -6.0744790321e-05 -5.7366044311e-05  4.1240681140e-05 -3.9055333000e-07  7.4563494707e-06 -1.8032545270e-06 -4.3323252598e-06  5.9823248832e-06  4.2116466246e-08 -3.2200297926e-07 -5.2390287266e-06 -3.6806666421e-07 -1.4359665379e-04  1.3999865369e-05 -1.9684260056e-05 -4.2537523626e-04 -1.7693935103e-04 -2.5221917845e-04  5.0125365720e-06 -2.1550655955e-05  1.4973860788e-06 -5.3643638232e-05  3.6351505335e-06 -5.3774963642e-06  7.0008826531e-06  3.1451987460e-05 -1.9201477560e-05  2.9216819043e-05  1.4143531476e-05 -5.1075971368e-06  1.8755677963e-06  2.4264809374e-06 -1.0502790389e-06 -1.8241879908e-06  1.0087288412e-06 -3.0542017033e-06 -1.6877795441e-06  2.9863824122e-06 -2.3727676791e-06 -2.8413562652e-07  1.6106422579e-06 -1.4335640645e-06 -1.5846439148e-07  1.3549011371e-06 -1.4064904193e-06 -5.6122419227e-07  1.3386925499e-06 -4.3225590885e-07  1.8192591367e-06  1.7075040103e-06 -1.9134382912e-06 -1.1716117270e-06  6.7657231647e-07  7.0136575613e-07  5.4436290090e-08  3.1450477867e-06 -1.6845877602e-06  1.6092949512e-04 -2.4570925347e-05  4.1006674079e-04 -2.1263710872e-05  1.0450631390e-05  1.3355254957e-05

JOB 23
COORDS -6.0924013070e-01 -2.3858370927e+00  3.2846033059e+00 -6.1894430553e-01 -1.3108717927e+00  2.4045509134e+00 -2.9922221229e+00 -2.5596013037e+00  2.9731134251e+00 -1.8176682146e+00 -3.0495581387e+00  3.5970201461e+00 -1.8459418189e+00 -9.2861855363e-01  1.8589796130e+00 -1.0877157245e+00 -5.6938058756e-02 -3.2730527743e-01 -1.4416910624e+00  1.4935643469e+00  1.5671466575e+00 -3.3570883574e+00  4.5896568980e-01  4.4141978918e-01 -2.9882719648e+00 -1.5283474792e+00  2.1313493857e+00 -1.8622312946e+00 -4.1081907715e+00  4.4540287747e+00 -1.9313771175e+00  2.3233287581e-01  8.9313007073e-01  3.2704702318e-01 -2.7115786468e+00  3.7291411647e+00  3.1352578882e-01 -8.0739838542e-01  2.1704145018e+00 -3.9564701481e+00 -3.0245858104e+00  3.1694499880e+00 -1.1785920527e+00  7.7732445745e-01 -1.0239099220e+00 -4.8148492287e-02 -1.7710864672e-01 -2.8504902287e-02 -1.4507514193e+00 -9.7660458858e-01 -7.8483262182e-01 -1.5331086222e+00  2.3249437957e+00  8.6718936439e-01 -2.0542892656e+00  1.6701865159e+00  2.4505748076e+00 -4.0035293401e-01  1.3681528799e+00  1.8574440843e+00 -3.3462040173e+00  1.3037850649e+00 -2.4731071220e-01 -3.7238538504e+00 -4.3837227471e-01 -5.0468679428e-02 -3.9775865435e+00  6.7252832933e-01  1.3080970637e+00 -2.7333779927e+00 -4.5731083267e+00  4.6681665238e+00 -1.0275342606e+00 -4.4615753203e+00  4.8997551810e+00
ENERGY -4.773890460241e+02
GRADIENT -1.0899828139e-05 -2.1678579282e-05  1.4338089524e-06 -1.5797231958e-05  2.4565600442e-05 -8.5486899080e-06 -3.7067392735e-05  2.7042509168e-06 -1.5402285539e-05  5.0986874074e-05  1.7365370926e-05 -2.0199776332e-05  4.1143515588e-05  4.1756367650e-05  1.2985313948e-05 -1.7798958242e-06  3.8101305257e-06 -7.3606378836e-06 -1.7823644282e-06 -2.3402852222e-06 -4.8525947981e-06 -4.1009776282e-06  4.1455218217e-06 -7.3199489353e-06 -7.4950319163e-06 -4.1830442124e-05  2.5798554019e-05 -4.0755946323e-05 -9.7883329529e-06 -3.5043466077e-06  4.9217890275e-06 -6.5513706885e-06 -8.3230695775e-06  2.0223589462e-06  1.2053479639e-05  1.4412974395e-06  2.1429745873e-07 -6.9192372278e-07 -4.8584946911e-06 -2.9924859708e-06 -3.4046420261e-06  2.6586365967e-06  1.6383647869e-06  2.4948189434e-06 -7.6182594818e-07 -5.7038017910e-07  2.1585666006e-07  4.6451936224e-07 -2.4605006541e-06  3.9376534693e-06 -2.1810428194e-06 -1.7722644628e-06  1.3478362562e-06 -2.2917484452e-06 -1.6693624183e-07  1.6471038499e-06 -4.0126633795e-07  8.8511132487e-07  6.0599120379e-07 -1.0882108551e-06 -4.5439798646e-07  4.3862464077e-06 -9.9057131072e-08 -1.2336126817e-06  5.9593179045e-06 -1.3592320598e-06 -1.6365829432e-06  2.5633747650e-06 -3.6160554530e-06  1.9458642562e-06  2.8154657534e-06  1.4152438317e-05  5.4757676886e-06  4.8817088330e-06 -8.3703632992e-06

