JOB 0
COORDS -3.8163236629e-01 -9.6399591995e-03  1.6653696399e+00  1.7632828316e+00 -1.0950621248e+00  1.8057133230e+00 -9.2129600869e-01 -1.1151837521e+00  2.3029197347e+00  1.0086866110e+00  2.3174195443e-02  1.4026655604e+00  1.0878169984e+00 -2.1382412123e+00  2.4419335854e+00  3.2387496426e+00  2.3999602923e+00 -4.7939979087e-01  2.9238806808e+00  1.0815451979e+00  2.2146419936e-01 -2.0642286702e-01 -2.1877883458e+00  2.7001906678e+00  1.5827866213e+00  1.1200864288e+00  7.9854189923e-01  2.0441109535e+00 -3.5357926315e+00  2.9475490271e+00 -1.0204899886e+00  8.2179879445e-01  1.3781977177e+00  2.8304357539e+00 -1.1613089203e+00  1.6380962489e+00 -1.9886650733e+00 -1.1562905019e+00  2.5118850326e+00  2.5451202428e+00  2.5843652209e+00 -1.3081543894e+00  3.1731101201e+00  3.2397315094e+00  2.1953213709e-01  4.2505844334e+00  2.3765469142e+00 -8.9346207638e-01  3.6488050157e+00  9.1375345840e-01  1.0259218582e+00  3.0225827273e+00  2.4273482343e-01 -4.8427864405e-01  9.3058476369e-01  1.7316204360e+00  3.2285135338e-01
ENERGY -8.419058434907e+02
GRADIENT -1.1724501864e-04 -2.1140373605e-04 -4.4435365735e-04  2.9978028804e-05  1.2022573141e-05 -9.4539228566e-06 -4.8012640237e-05  5.5190213067e-05 -1.3766811959e-05  5.8605619179e-05  2.2190250404e-04  4.7876274711e-04 -1.0534557969e-05 -6.7757019981e-06  9.5422404708e-06 -2.0901978084e-06  7.1238930669e-06  1.5700488436e-05 -2.0022214511e-04 -1.1837795107e-04 -4.1090796431e-04  3.5162248099e-05 -6.8871372739e-07 -2.4603250602e-06  2.5275778199e-04  6.2622183808e-05  4.3177771781e-04  9.7408015742e-06 -1.1030930343e-05  5.2600659415e-06 -5.3462607686e-06  7.6727598279e-06  4.1992099596e-06  5.1233801593e-06 -8.8533479722e-06  3.4645696510e-06 -6.0187232256e-06  7.5940362784e-06 -1.2167711424e-06  1.1190245135e-05 -5.6939651703e-06 -4.1052715857e-06 -5.8919470060e-06 -6.2077742273e-06 -2.0609683416e-06  7.0928162370e-06 -5.6307349367e-06  5.7690158148e-06 -1.7195175298e-05 -2.9481738053e-05 -1.8938956573e-06 -1.9016295765e-05  4.4359296269e-06 -8.3777921607e-06  1.4659682832e-05  2.5488630418e-06 -2.2710403227e-05

JOB 1
COORDS -3.5212023379e-01 -2.0792528519e-02  1.6340920618e+00  1.8018321537e+00 -1.0585584740e+00  1.9051791676e+00 -9.0959113204e-01 -1.1555732713e+00  2.2045592932e+00  1.0514365083e+00  5.4978500450e-02  1.4843842319e+00  1.1097820244e+00 -2.1359649362e+00  2.4601469422e+00  3.2114280436e+00  2.3960585380e+00 -5.1058259336e-01  2.9047463179e+00  1.0764269292e+00  1.9127673118e-01 -1.9897583848e-01 -2.2213951812e+00  2.6226771542e+00  1.6479579386e+00  1.1786879661e+00  9.3975927468e-01  2.0595749025e+00 -3.5266578353e+00  2.9932346714e+00 -9.9029999626e-01  7.9928652006e-01  1.3142683947e+00  2.8803112683e+00 -1.0913381739e+00  1.8165591496e+00 -1.9883687342e+00 -1.2292537654e+00  2.3290020276e+00  2.4314716979e+00  2.6498054554e+00 -1.2382923414e+00  3.2880420991e+00  3.2142170128e+00  2.1233285864e-01  4.1590290388e+00  2.3258230497e+00 -1.0519755439e+00  3.7152172796e+00  8.4227290659e-01  8.8961467383e-01  2.8570992684e+00  2.5483101588e-01 -5.3894569209e-01  9.7941071896e-01  1.8041747303e+00  5.0336845562e-01
ENERGY -8.419048619755e+02
GRADIENT -1.8983312462e-04 -1.0163421666e-03 -2.5001644837e-03  6.9207860837e-05 -2.6546490699e-05  5.2656671874e-07  4.4442487700e-05 -6.9575483495e-05  1.7037534045e-05 -5.5686621107e-04  1.4458764264e-03  2.5824005917e-03 -1.1110522096e-05  6.5426144296e-05 -2.5152137636e-05 -2.6618704893e-06 -1.8656677497e-06 -1.2029139092e-05 -1.3495988062e-03 -3.9939941347e-04 -2.1875784285e-03 -7.1378790420e-05  8.3375943321e-07  1.0855559153e-05  2.1249913032e-03  4.0491309258e-06  2.0333633106e-03 -3.5787402475e-05  2.0708559741e-05 -3.5031368358e-06 -1.1929202739e-05  3.4893753541e-07 -1.0733555155e-05  2.9149184995e-06  6.3668534589e-06 -5.1735107895e-07 -4.5545195559e-06  1.0763593249e-05  1.0746980408e-06 -2.3506789596e-06  2.5591256982e-06  5.9226054848e-06  1.2781918036e-05 -3.4550157300e-06 -8.0273860339e-08 -2.7225351086e-06 -8.8322371707e-06 -2.8275791658e-06 -2.2868842397e-06  1.2889787490e-05  1.7965804705e-05  7.6163091520e-06 -1.2762152341e-05  1.6043730695e-05 -9.3104354148e-05 -3.5812993033e-05  7.7440492683e-05

JOB 2
COORDS -3.1321391835e-01 -7.0348811547e-02  1.5899886091e+00  1.8457972954e+00 -1.0340522289e+00  2.0250590681e+00 -8.7454340066e-01 -1.2170241250e+00  2.1373705679e+00  1.0921920275e+00  5.0388614947e-02  1.5417979414e+00  1.1533220835e+00 -2.1304106415e+00  2.5390168635e+00  3.2195705695e+00  2.3985238625e+00 -4.8919226417e-01  2.8382490788e+00  1.0416670595e+00  9.4982429530e-02 -1.6160105653e-01 -2.2550126212e+00  2.6119723586e+00  1.7018499593e+00  1.1876220772e+00  1.0192323519e+00  2.1048283891e+00 -3.4856931007e+00  3.1510904142e+00 -9.5316090975e-01  7.2313736237e-01  1.2117889770e+00  2.9288136000e+00 -1.0255635207e+00  2.0190643764e+00 -1.9565056165e+00 -1.3247685046e+00  2.1871863964e+00  2.3954942819e+00  2.8265980724e+00 -1.0725125222e+00  3.4807772898e+00  3.1043652017e+00  3.0508120871e-01  4.0789793015e+00  2.2954598207e+00 -1.1579924092e+00  3.6907824999e+00  6.3348686738e-01  6.4541041054e-01  2.5987690961e+00  3.2944677737e-01 -7.0873794290e-01  1.0111103475e+00  1.8304457542e+00  6.4300948687e-01
ENERGY -8.419028140757e+02
GRADIENT -4.6277671398e-05 -1.5094020612e-03 -3.5767171178e-03  9.1987239390e-05  9.8786665853e-06  6.7177445473e-06  2.0045298388e-04 -6.8992326979e-05  3.1189716418e-05 -1.3836694336e-03  2.3741781271e-03  3.8919762522e-03 -1.0570138797e-04  8.4426279214e-05 -3.3970207919e-05  1.0742091147e-05  4.0560233143e-07  2.5895004174e-06 -2.2497508414e-03 -1.1993551160e-04 -2.8041786515e-03 -8.6457542647e-05 -5.8166949431e-05  3.0657691955e-05  3.6975966759e-03 -6.0814398017e-04  2.4531428875e-03 -5.7441357265e-05  4.2209700378e-05 -1.1699437643e-05 -9.4533246375e-06  2.2886256883e-05 -8.4006184385e-06  8.8252423117e-06  1.4122781254e-06  1.9749656947e-06  9.0424861536e-06  2.4282922496e-06 -2.9844566424e-06  1.1247207964e-05 -9.6279613751e-06 -1.8684236191e-05 -1.9975362409e-05  2.2808443793e-06  4.8236133521e-06  1.7188975134e-05 -2.2983576719e-06  1.8976574117e-05  5.5369632655e-06 -2.5830258219e-05 -3.2062069869e-05 -2.4906547939e-05  1.3899008107e-05 -5.9579391011e-06 -1.5605872886e-04 -1.0998802519e-04  5.5276502590e-05

JOB 3
COORDS -2.9815177348e-01 -1.4812066405e-01  1.5238773729e+00  1.8579895546e+00 -1.0178107813e+00  2.1293169438e+00 -8.5321849891e-01 -1.3127510484e+00  2.0445664955e+00  1.0988751784e+00  2.7480510867e-02  1.5776054757e+00  1.1776347345e+00 -2.1410058552e+00  2.5985687444e+00  3.2512249480e+00  2.3733723178e+00 -4.3770571278e-01  2.7091761832e+00  1.0151764483e+00 -3.4866361258e-03 -1.3422840252e-01 -2.3164235962e+00  2.5761519282e+00  1.7208772168e+00  1.1807638587e+00  1.0807540412e+00  2.1332452681e+00 -3.4516666544e+00  3.2934273165e+00 -9.3901156345e-01  6.1485322756e-01  1.0888268322e+00  2.9365620690e+00 -9.5150150064e-01  2.2114081506e+00 -1.9307890378e+00 -1.4643130987e+00  2.0202117962e+00  2.4510081189e+00  3.0162650524e+00 -8.2368808864e-01  3.7266117886e+00  2.8878643968e+00  4.0254972766e-01  3.9896417830e+00  2.2503846138e+00 -1.2357686327e+00  3.5288483105e+00  3.9414511100e-01  3.6726909490e-01  2.2654687036e+00  4.8577846397e-01 -8.6062162693e-01  1.0196586727e+00  1.8599608077e+00  7.9488234393e-01
ENERGY -8.419004419958e+02
GRADIENT  1.8880930714e-04 -1.8924144239e-03 -3.6612647155e-03 -1.2203128046e-05  7.5181264046e-05 -1.8536608134e-05  1.4587500173e-04  1.4007048855e-04 -4.5167210660e-05 -1.6406638745e-03  2.9325675420e-03  4.3854122805e-03 -3.8255237966e-04  1.3256159707e-05  2.8628850603e-06 -1.2815044512e-05 -3.2084107582e-06  1.3025395387e-05 -2.7614728826e-03  4.4404511527e-04 -2.5367289403e-03  1.5781359079e-04 -1.4201413961e-04  6.2835068660e-05  4.1026795311e-03 -1.6366461889e-03  1.8036185902e-03 -1.0439510646e-05  9.1546064827e-06  2.7140166862e-06  1.4656944444e-05  4.1436495867e-05 -2.1432472722e-06 -4.6364863527e-06 -4.3248966551e-06 -1.5793411720e-06  2.1783692445e-05 -2.7033907793e-05  1.2680815991e-05  3.3727210850e-06  5.0891191226e-06  8.7579439803e-06  1.4759493590e-05 -7.3296761115e-06 -7.3649537494e-06 -9.7834590142e-06 -8.4802204780e-06 -1.0890855873e-05  4.1491367605e-06  1.7470139469e-05  2.5920140577e-05  1.4784304740e-05 -3.1958422052e-05  2.2617834178e-06  1.1869971300e-04  1.2149296137e-04 -4.6461118947e-05

JOB 4
COORDS -2.7102756807e-01 -1.4222904017e-01  1.4484880340e+00  1.8413232203e+00 -9.6179366520e-01  2.2468325079e+00 -8.4646011485e-01 -1.3162074579e+00  1.9298476372e+00  1.1096108780e+00  6.0381778627e-02  1.6247108702e+00  1.1496303913e+00 -2.0996101059e+00  2.6621584628e+00  3.2803457383e+00  2.3334971799e+00 -4.4773561193e-01  2.6045294259e+00  1.0241262548e+00 -5.3354387444e-02 -1.5285010940e-01 -2.2988949785e+00  2.5272970111e+00  1.7758541139e+00  1.2144351530e+00  1.1577973863e+00  2.0652437164e+00 -3.3872987283e+00  3.4451224283e+00 -8.8601380956e-01  6.0424843052e-01  9.5198355972e-01  2.9070654361e+00 -8.5983269281e-01  2.4182445483e+00 -1.9147347654e+00 -1.4915062452e+00  1.8165458725e+00  2.5402819510e+00  3.1067024495e+00 -6.8643491568e-01  3.9091728106e+00  2.7045961827e+00  3.6674903032e-01  3.9045871056e+00  2.1880551569e+00 -1.3348587564e+00  3.3606428975e+00  2.6624781915e-01  1.7054287251e-01  1.9999449944e+00  6.3666591408e-01 -8.8854098428e-01  1.0886956704e+00  1.9408891164e+00  9.6422935051e-01
ENERGY -8.418979576539e+02
GRADIENT  8.6387912988e-04 -1.9174373211e-03 -3.7890074280e-03 -6.4765379626e-06 -1.6917413690e-05  2.6181596121e-05 -8.2674048741e-05 -6.2476593243e-05 -2.1828817976e-06 -2.6823956768e-03  3.4320432445e-03  4.8572027876e-03  1.7054287589e-04 -6.1499888842e-06  2.7775016989e-05  2.9927763883e-05  1.8066409451e-06 -1.9584794708e-05 -3.0788201317e-03  8.2925898538e-04 -2.0913214725e-03 -7.2199983359e-05  8.5780764195e-05 -2.4926536196e-05  4.9664024143e-03 -2.2200031014e-03  1.0237526886e-03 -5.9253061198e-06  1.3499642019e-05  1.6230992016e-05 -4.9953903090e-06 -1.6777871012e-05 -9.7860184433e-06 -1.1226764990e-05  6.0789218022e-06  4.8864961198e-06 -1.5938571811e-05  2.1481273294e-05 -7.7245023916e-06 -9.0686666293e-08 -4.6456800906e-06 -1.2871379675e-05 -9.5230017707e-06  6.6693902331e-06  2.7768441182e-06  8.0548331449e-06 -2.4113678458e-06  4.9455883906e-06 -3.0899254320e-06 -8.6155387369e-06 -2.2193570509e-05  8.2219299586e-06  1.1331923240e-05 -2.1322734037e-05 -9.3400389997e-05 -7.7316376196e-05  6.5606501806e-05

JOB 5
COORDS -2.6152869804e-01  8.5152718042e-02  1.3391907739e+00  1.6542065135e+00 -6.0176526215e-01  2.6150920581e+00 -9.5285846922e-01 -9.8139793206e-01  1.9046935577e+00  1.0860027045e+00  2.7843717322e-01  1.6862939759e+00  8.4669710677e-01 -1.6238426283e+00  3.1262344519e+00  3.2208338049e+00  2.3493633457e+00 -6.2044976647e-01  2.4795180749e+00  1.1102628029e+00 -1.2884870447e-01 -4.1423528935e-01 -1.8342922466e+00  2.7962871207e+00  1.7981122457e+00  1.3911580033e+00  1.1573880203e+00  1.5557753105e+00 -2.7333464591e+00  4.2999302945e+00 -7.4998727947e-01  7.6811278766e-01  6.5124084569e-01  2.6876493951e+00 -5.0143527678e-01  2.9327286896e+00 -1.9971364986e+00 -1.1577495064e+00  1.6548146014e+00  2.5297631400e+00  3.1876659907e+00 -7.4777727227e-01  3.9985715549e+00  2.6542267822e+00  8.9967228598e-02  3.7085960688e+00  2.1478040651e+00 -1.5793379113e+00  3.1729392065e+00  2.5912173117e-01 -3.6968792063e-02  1.7126650089e+00  8.1828855174e-01 -8.5362645733e-01  2.5151871447e+00  1.6636456024e+00  1.8293383031e+00
ENERGY -8.418957399664e+02
GRADIENT -1.2864704715e-03  2.5307888829e-03  3.4436929102e-03  5.9721224040e-05  2.2228186951e-05 -6.0309475563e-06  6.5497578613e-05  1.3356500299e-06  9.5002684363e-06  3.1860172142e-03 -4.2621026477e-03 -4.2794021000e-03 -2.2187723874e-05  9.7722906529e-07 -2.2224579482e-05 -2.6991542288e-06 -9.3741848344e-06  1.7707060382e-05  3.3812490385e-03 -1.1962692260e-03  1.9041114264e-03  2.7385491885e-06 -1.2198139823e-05  2.9804121731e-05 -5.4055540753e-03  2.8955523571e-03 -1.0368399495e-03  9.9283610817e-06  2.4572264478e-06  5.2008866300e-06 -3.4815220095e-07 -4.5175786369e-06 -8.9182326455e-06  1.0440450436e-05 -1.9547076418e-06  4.2211420026e-06  9.0141811433e-06  5.4158018845e-07  1.0854901405e-05 -3.5341905657e-06 -9.5614132776e-07 -2.1075067459e-06 -5.2483319540e-09  1.2164303778e-06 -3.9962056562e-06 -6.4155493889e-06  6.4962880070e-07 -3.2792525743e-06 -1.2684737081e-05  1.2568845025e-06 -3.2418709318e-07  5.8426276537e-08  1.5162374035e-05 -9.9115887664e-06  5.2618024924e-05  3.1973932747e-05 -2.3647488171e-05

JOB 6
COORDS -1.5598737228e-01  4.2496733758e-02  1.2999061075e+00  1.6636111848e+00 -5.6769884718e-01  2.7445736953e+00 -8.8981801538e-01 -9.8272490159e-01  1.8836443519e+00  1.1704144371e+00  2.5483533926e-01  1.7227376180e+00  8.1429242400e-01 -1.5500682159e+00  3.2637301731e+00  3.1779782415e+00  2.4001032548e+00 -6.3395387137e-01  2.4174360135e+00  1.1573111997e+00 -1.8220807147e-01 -4.2242498606e-01 -1.7802653069e+00  2.8637229452e+00  1.9203973879e+00  1.3305637442e+00  1.2010409053e+00  1.4360446115e+00 -2.5823186342e+00  4.5524580039e+00 -6.0077977583e-01  6.7893309086e-01  5.4130478961e-01  2.6739344555e+00 -4.5354918220e-01  3.1255275349e+00 -1.9158178531e+00 -1.1700696783e+00  1.5731740734e+00  2.5356805454e+00  3.2843956145e+00 -5.8828219203e-01  4.0535449647e+00  2.5820263168e+00  6.1663408279e-04  3.5340911158e+00  2.2774602725e+00 -1.6615436320e+00  3.0568132347e+00  2.6460701061e-01 -2.6412167593e-01  1.5533960989e+00  9.9091515394e-01 -8.3241258221e-01  2.7205067042e+00  1.5064574270e+00  1.8065194765e+00
ENERGY -8.418984989046e+02
GRADIENT -1.5436497725e-03  2.6837700816e-03  3.3467024711e-03 -3.1944497869e-05 -2.0377000039e-05 -4.0447311728e-06  8.9106623580e-05 -1.0867045552e-05  4.6539241460e-05  3.8337662472e-03 -4.7721924275e-03 -4.4342873425e-03 -3.7136276601e-05 -1.7181086076e-05 -3.7723494942e-05  7.6904160853e-06  3.0494288615e-06 -9.1293176630e-06  3.4995463126e-03 -1.6635825372e-03  1.5368934667e-03 -2.0630318310e-05 -3.1838395389e-05  9.2862307484e-06 -5.8284624857e-03  3.7094868496e-03 -4.0089989976e-04 -8.0324873203e-06 -7.2583226435e-06 -1.8723221221e-05  6.9755086770e-06  9.8699084808e-06  2.9674129739e-06  1.5682968598e-06 -2.1359676868e-06 -8.1903968384e-06  8.3689666016e-06 -1.2361654224e-05  4.4539507622e-06 -1.0115036625e-07  2.7790304657e-06  6.8731665763e-06  5.1294458154e-07 -3.2316732073e-06  2.9637296086e-07 -8.5434369128e-07  7.1033016509e-06 -7.8227393283e-07  1.5673354516e-06 -3.9243837870e-06 -1.0797864861e-05  5.4669719535e-06  3.6619013268e-06  2.7342960297e-06  3.6275422693e-05  7.2288010475e-05 -8.5118357584e-05

JOB 7
COORDS -6.6061049069e-02 -6.4297783679e-02  1.2220684043e+00  1.6709073767e+00 -5.8510001260e-01  2.7981847283e+00 -8.2608717078e-01 -1.0614044620e+00  1.8195900320e+00  1.2349364119e+00  1.8380807517e-01  1.7075382099e+00  7.9885061580e-01 -1.5443435580e+00  3.3176044717e+00  3.1750696995e+00  2.4380390808e+00 -6.0822535442e-01  2.3402485206e+00  1.2147458646e+00 -2.4144653673e-01 -4.1382898195e-01 -1.8056569339e+00  2.8639938732e+00  2.0137336007e+00  1.2305966525e+00  1.1979907026e+00  1.3549181631e+00 -2.5060988049e+00  4.6890364551e+00 -4.7824438580e-01  5.1847841163e-01  4.0485019767e-01  2.6575215758e+00 -4.4579483941e-01  3.2295784443e+00 -1.8312011067e+00 -1.2718110952e+00  1.4591992274e+00  2.6382964695e+00  3.3599811458e+00 -3.6602094098e-01  4.1283046200e+00  2.4455336347e+00 -6.6298813587e-02  3.4036408624e+00  2.4365576074e+00 -1.6783162780e+00  2.8724511007e+00  2.9079692228e-01 -5.1430281880e-01  1.4047621491e+00  1.2244689469e+00 -8.0719994934e-01  2.8711910138e+00  1.3233244811e+00  1.7378371439e+00
ENERGY -8.419010177670e+02
GRADIENT -1.4642732927e-03  2.3416141962e-03  2.7198408264e-03  3.8826083548e-05  3.0046493760e-05 -1.8240281832e-05 -5.7848030043e-05  3.7287240760e-05 -7.3756014755e-05  3.7662093801e-03 -4.5886992043e-03 -3.7121783376e-03 -5.7371257001e-05 -2.2004297484e-05 -4.1079492860e-05 -2.4278817249e-06  1.6238194984e-05 -1.4372641825e-05  2.9162707863e-03 -1.8762220617e-03  7.2107346603e-04  5.8649576088e-05 -1.6049741808e-05  3.3182502181e-05 -5.2065773814e-03  4.1575821150e-03  2.8785224103e-04  1.2495156808e-05 -1.9648944882e-05 -8.1624649681e-06  1.6911662592e-07 -1.3919207838e-06  2.0201849872e-06  2.4200548251e-06 -1.4853028095e-05 -4.3054226777e-06 -3.5000207921e-06 -5.0201120455e-06 -3.9489630833e-06  5.2230900027e-06 -6.6585874016e-07  2.9097929764e-05  7.8951916828e-06 -9.9014567916e-06 -1.3189695100e-05 -1.9005491789e-05  1.8022519810e-05 -6.9903075458e-07  2.1283427106e-05  1.2257055979e-05  6.9494236391e-06  1.2957860445e-05 -2.3079569376e-05 -3.1654884405e-05 -2.3884170448e-05 -9.7329552688e-05  7.0114061996e-05

JOB 8
COORDS -1.2855111649e-02 -1.4602032878e-01  1.1770921323e+00  1.6443795220e+00 -5.0326948893e-01  2.8813076080e+00 -7.7818025837e-01 -1.1208871477e+00  1.8057287379e+00  1.2505566745e+00  1.7925378211e-01  1.7159187860e+00  7.7309211568e-01 -1.4509021871e+00  3.4158005508e+00  3.2282431031e+00  2.4020242361e+00 -5.9132850527e-01  2.2080836755e+00  1.3148453934e+00 -2.6633802796e-01 -4.0781752065e-01 -1.7799211513e+00  2.9190006952e+00  2.0374201559e+00  1.1994989205e+00  1.1906441700e+00  1.2790315619e+00 -2.3030182357e+00  4.8766236372e+00 -3.9418895861e-01  3.5093058039e-01  2.9182890209e-01  2.6000001840e+00 -3.0290261346e-01  3.3562508448e+00 -1.7536070947e+00 -1.3878450007e+00  1.4032284883e+00  2.9094787425e+00  3.3677902266e+00 -1.8761334464e-01  4.2123875538e+00  2.1620415299e+00 -1.7135931325e-01  3.3465581055e+00  2.5004725421e+00 -1.6743021371e+00  2.5178712363e+00  3.5405650831e-01 -7.0368857301e-01  1.2448999258e+00  1.5785507287e+00 -7.1293770854e-01  2.9332282168e+00  1.2589976245e+00  1.6662407605e+00
ENERGY -8.419031430338e+02
GRADIENT -1.4451946830e-03  2.2509857317e-03  2.0837008196e-03 -3.8397209908e-05 -4.2297554130e-05 -1.9200803970e-05  2.9741911170e-05 -3.6444959838e-05  5.9670505405e-05  3.5380347377e-03 -4.4257635658e-03 -3.1897414273e-03  7.4256604858e-05 -1.0372287261e-05  5.3295998222e-05  1.0084728114e-06 -2.0314855080e-06  5.4788575320e-06  2.6013921210e-03 -1.8854927094e-03  1.4648883086e-04 -4.5764265940e-05 -2.5528398450e-06 -6.0996266475e-05 -4.6540717627e-03  3.9753664065e-03  9.2187993398e-04 -3.3245972112e-06 -1.1611753844e-05 -2.7214564221e-05 -9.4208983171e-06  8.8680315112e-06  7.1884501874e-06  5.2692966332e-06 -1.1860387470e-05 -9.0058315351e-06  3.2673823455e-06 -1.0352504310e-06 -8.4460718854e-06 -1.1270989218e-05  9.6121698379e-06 -1.8939836893e-05 -7.4732229127e-06  1.6327966633e-05  2.4330581168e-05  2.0692347775e-05 -1.3938916995e-05  5.6011726960e-07 -3.4062935617e-05  8.7340770980e-06 -1.7264128714e-05 -6.8576195399e-06  3.1785799923e-05  4.2797491842e-05  6.9184576524e-06  8.4452847295e-05 -5.1709629229e-05

JOB 9
COORDS  6.6667231906e-02 -2.4961758524e-01  1.0952720546e+00  1.6344113408e+00 -5.1100007168e-01  2.9014608907e+00 -7.1087142052e-01 -1.2203453669e+00  1.7170244167e+00  1.2885769519e+00  1.2782419134e-01  1.6941329023e+00  7.5888366031e-01 -1.4630497415e+00  3.4154132779e+00  3.2359298277e+00  2.4002638018e+00 -5.8256314336e-01  2.1184001228e+00  1.4121068560e+00 -2.6109385213e-01 -3.8806309982e-01 -1.8355657110e+00  2.8682492871e+00  2.0902316184e+00  1.1298210260e+00  1.1770597149e+00  1.2042349436e+00 -2.2596722099e+00  4.9270070556e+00 -2.7351585358e-01  1.9939000944e-01  1.6905193219e-01  2.5561113708e+00 -2.7010825533e-01  3.4222641568e+00 -1.6547006273e+00 -1.5256516240e+00  1.2687177857e+00  3.0992678090e+00  3.3362451866e+00 -3.2005318182e-02  4.2179340273e+00  1.9873290126e+00 -3.2313791330e-01  3.2447945479e+00  2.6283451267e+00 -1.6521095650e+00  2.2482957246e+00  4.8574953386e-01 -8.4028993749e-01  1.1568572717e+00  1.8463160000e+00 -5.5479777651e-01  3.0092325070e+00  1.1643586361e+00  1.6049597091e+00
ENERGY -8.419048201032e+02
GRADIENT -1.0434020700e-03  1.3811358546e-03  1.1714981803e-03 -2.6549230832e-05  2.8007713078e-05 -9.2855098890e-05  7.8518527616e-06  6.9364657910e-05 -5.0585139691e-05  2.4392240869e-03 -2.9456524629e-03 -1.9549028253e-03 -3.5916795143e-05 -7.8717812676e-05  7.3668607732e-05  6.4335592218e-06 -5.5724622435e-06  8.9947688988e-06  1.5392422359e-03 -1.3249509442e-03 -2.4963041879e-04  5.5200357295e-05 -6.2072247048e-06  2.9544432011e-05 -2.9007309022e-03  2.7370806559e-03  1.0035800136e-03  1.3474102933e-05 -1.1344170011e-05 -1.6734566228e-06 -1.8730160669e-05  2.9462690943e-05  1.9367926512e-05  5.8638390676e-07 -3.2045956154e-05  2.3753769061e-06  9.0072333414e-06 -1.2508435544e-05 -5.5838777557e-06 -9.2373355342e-06  6.7023519300e-06 -5.6644023578e-06 -4.0057742962e-06  9.1035722423e-06  1.7962100475e-05  9.7014284102e-06 -6.0080708378e-06  3.7434449685e-07 -1.4949570676e-05  9.9088600952e-06  5.3025797300e-06  4.6935651705e-06  2.4539622825e-05  4.1138172088e-05  3.1767812697e-06  7.3555955267e-05 -2.5914729973e-05

JOB 10
COORDS  1.4440666702e-01 -3.4080286288e-01  1.0276035192e+00  1.6468582400e+00 -5.5145535699e-01  2.8972014075e+00 -6.6358444426e-01 -1.2817449646e+00  1.6576535460e+00  1.3457679360e+00  5.2786802777e-02  1.6582877541e+00  7.4795906574e-01 -1.4798477774e+00  3.4098995552e+00  3.2119041812e+00  2.4427811047e+00 -5.7242527623e-01  2.0922040357e+00  1.4543784514e+00 -2.5846508601e-01 -3.8558143432e-01 -1.8607213198e+00  2.8380819435e+00  2.1874406871e+00  1.0041278464e+00  1.1268540841e+00  1.1353846501e+00 -2.2311581476e+00  4.9606442181e+00 -1.5712893408e-01  7.0310546758e-02  7.1238262832e-02  2.5511229674e+00 -2.9761327767e-01  3.4416830001e+00 -1.5929877938e+00 -1.5963673140e+00  1.1859472955e+00  3.1647906638e+00  3.3107568737e+00  9.2717647222e-02  4.1968920712e+00  1.9745827897e+00 -4.6097400648e-01  3.1278069649e+00  2.7958186033e+00 -1.6039976600e+00  2.1340484371e+00  6.0142231841e-01 -9.5288732524e-01  1.1223335843e+00  1.9430852168e+00 -4.0463071092e-01  3.1191085703e+00  1.0222382095e+00  1.5231824206e+00
ENERGY -8.419054706134e+02
GRADIENT -2.4403285097e-05  1.1207732863e-04  7.5444654678e-05 -5.6638917167e-05 -8.3552245228e-05  4.5978449746e-07 -8.6948553676e-05 -4.4614562443e-05 -3.5260710064e-05  1.2941419597e-04 -6.8239508488e-05 -1.3538637745e-04  1.5230023535e-04  1.7949715655e-05  1.3178260649e-04 -9.6983383384e-06  2.0384070521e-05  2.9007472722e-05  5.3944533043e-05 -3.9984035277e-05 -1.1354110482e-07 -1.5691227915e-05  3.8591904457e-05 -9.3687782160e-05 -1.7061724382e-04  1.5262537848e-04  3.7985835056e-05  1.1950309758e-05 -2.5785463497e-05  2.6013686420e-05 -6.9106186906e-07 -2.0535886663e-05 -3.2635015527e-06 -7.2990368316e-06 -2.5669564488e-06 -5.0810812947e-06 -1.1932220540e-05  1.3203022964e-05 -2.3403118208e-05  1.1506625770e-05 -1.2817238375e-05  1.2813949522e-05  5.3660687502e-06 -1.8859435118e-06 -1.2924056036e-05 -7.7145314839e-06  4.6910485717e-06  1.9030604054e-06  2.8032584375e-05 -1.3080060874e-05  1.2088297430e-05 -9.5935194520e-07 -5.0676847038e-05 -6.9709260200e-06  5.2480846590e-07 -5.8195381387e-05 -1.4499349271e-06

JOB 11
COORDS  2.3962621547e-01 -4.3013809538e-01  9.6349394265e-01  1.7244751812e+00 -5.7767754316e-01  2.8556476830e+00 -5.7508683545e-01 -1.3473949966e+00  1.6181199548e+00  1.4383987295e+00 -1.8220881761e-02  1.5907862641e+00  8.1747238089e-01 -1.4846188214e+00  3.3904099346e+00  3.2376082396e+00  2.4579547524e+00 -6.0255503237e-01  2.0870955461e+00  1.5085949899e+00 -2.7933110663e-01 -3.1109604616e-01 -1.8849182609e+00  2.8215218944e+00  2.2960473077e+00  8.8019755107e-01  1.0165379519e+00  1.1854743383e+00 -2.1780709151e+00  4.9732287510e+00 -5.3076410766e-02 -4.8371651520e-02 -7.7994657182e-03  2.6260494828e+00 -3.1070662481e-01  3.3983086527e+00 -1.5014367861e+00 -1.6751640183e+00  1.1492465793e+00  3.3133314203e+00  3.2541934881e+00  1.4590150209e-01  4.1924498313e+00  1.9221616111e+00 -6.3773883103e-01  3.0789623244e+00  2.9265326196e+00 -1.5775731748e+00  2.0097894646e+00  7.3933213653e-01 -1.0600171610e+00  1.1383792152e+00  2.0626615231e+00 -2.7680706993e-01  3.1334445044e+00  1.1215511961e+00  1.5278491426e+00
ENERGY -8.419052086573e+02
GRADIENT  6.9887731773e-05  1.4696259795e-05  7.4815456656e-06 -6.0672642907e-05 -2.2042006680e-05  1.0133295413e-04 -3.9124421564e-05 -5.3413449809e-05  6.4606354693e-05 -3.4037739741e-05  4.0433472429e-05 -9.3267651052e-05  1.3051429875e-04  4.4493855152e-05  3.5018985920e-05 -3.4039716618e-06  2.4115583643e-05 -1.3927278378e-05  2.6276730769e-05 -3.5060637298e-05  7.7624406868e-05 -8.0724383990e-05 -2.4299768988e-06 -8.4600305571e-05 -7.4170731339e-06 -2.8400731612e-05 -3.9735583942e-05 -2.0054095305e-05  2.6030360165e-06 -1.3379071589e-05 -1.6056606864e-05 -2.1752596836e-06  4.1947111723e-06  1.5940260283e-05 -1.8303136593e-05 -1.9823083335e-05 -3.4973488125e-06  4.2232191447e-07 -1.5628834995e-05 -5.2181504253e-06 -4.6577567055e-06  3.7939158032e-06  3.6303359278e-06  2.3861741565e-08  1.9346493647e-05  1.2716359907e-06 -1.4868181763e-05 -1.3778030105e-06 -1.5906925986e-05  1.3828882372e-05 -1.2917657146e-05 -7.6823146347e-06 -1.6372542923e-06 -1.3152100936e-06  2.0265310504e-06 -5.3442419622e-06  1.2999311573e-05

JOB 12
COORDS  2.7012897261e-01 -5.3087826701e-01  9.1618463513e-01  1.7010709843e+00 -6.2868768708e-01  2.8499403609e+00 -5.7110540824e-01 -1.4196459931e+00  1.5776200122e+00  1.4559340889e+00 -1.1213894055e-01  1.5601036555e+00  7.7112764132e-01 -1.5087755133e+00  3.3917926582e+00  3.2235749312e+00  2.4251593095e+00 -5.8649939472e-01  2.0496104837e+00  1.5204521795e+00 -2.2242533296e-01 -3.4463386093e-01 -1.9179371224e+00  2.8049626337e+00  2.3650275934e+00  7.3501050143e-01  9.6679791746e-01  1.0874681544e+00 -2.1481800506e+00  5.0074715036e+00  4.3169201306e-03 -1.7617314646e-01 -7.2818951574e-02  2.5923165710e+00 -3.5414792893e-01  3.4057503895e+00 -1.4889389854e+00 -1.7528503822e+00  1.0961477102e+00  3.4363494621e+00  3.1409077469e+00  2.1614553659e-01  4.1273142017e+00  1.8364974435e+00 -7.7291947698e-01  2.9948743951e+00  2.9982457130e+00 -1.4893357729e+00  1.8451627963e+00  8.3563506376e-01 -1.0531535924e+00  1.1414576389e+00  2.1224648372e+00 -6.6560465155e-02  3.0329544377e+00  1.1590639027e+00  1.5988426399e+00
ENERGY -8.419054707934e+02
GRADIENT  4.3182093977e-05 -1.2382862494e-04 -1.1481544468e-05 -7.1261864074e-05 -3.0557894145e-05  9.8089789587e-06 -1.8516336128e-05 -5.8137844967e-06 -4.5340507767e-06 -8.9244905563e-05  1.8455088145e-04  1.6006558356e-05  3.9049058151e-05  1.1005848333e-05  5.1504836662e-05  2.5901745507e-05 -1.5312791437e-05  1.2451544966e-05 -2.4328212333e-07  6.8314558935e-05  1.0089145753e-04 -1.4163005393e-05  9.1221623342e-06 -2.3638713764e-05  8.5408563719e-05 -1.3580029318e-04 -1.9886126890e-04 -7.0882796179e-06 -1.4581028570e-07  1.1191899165e-05 -4.7580249121e-06  4.9364032355e-06  1.6699079785e-07 -2.6102668469e-06  2.1077859123e-06  7.0485091935e-06 -4.6980684566e-06 -2.6509698114e-07 -5.6925636255e-06 -3.2976717553e-06  5.0644587256e-06 -8.0267212537e-06 -1.4492922169e-06 -1.4607255448e-06  1.9803284861e-05 -3.7900808561e-09 -7.5847174453e-06 -5.6183888525e-06 -2.5917750305e-05 -2.1616689263e-05  4.9537586406e-05  1.9149062076e-05  6.2636875016e-06  3.1760261420e-05 -1.0908438583e-05  5.3137082107e-05 -4.6641691074e-06

JOB 13
COORDS  3.2572064103e-01 -6.4486867617e-01  8.6419348701e-01  1.7250534288e+00 -6.4576472630e-01  2.8212317678e+00 -5.2558918523e-01 -1.5017103653e+00  1.5530576638e+00  1.4962902646e+00 -1.8786588907e-01  1.5084831430e+00  7.9019344412e-01 -1.5062379985e+00  3.3893501518e+00  3.2005756552e+00  2.4546418504e+00 -5.5357465267e-01  2.0305709334e+00  1.5473486113e+00 -1.8400153699e-01 -3.1554366772e-01 -1.9426471535e+00  2.8058442637e+00  2.4283556656e+00  6.1347368428e-01  8.7354724083e-01  1.0854919005e+00 -2.0708147384e+00  5.0361281474e+00  8.1093835200e-02 -3.4357364952e-01 -1.4802807924e-01  2.6054598460e+00 -3.4095711268e-01  3.3787026819e+00 -1.4337522855e+00 -1.8622600553e+00  1.0732215559e+00  3.5166586601e+00  3.0633653615e+00  3.0181675284e-01  4.0583963377e+00  1.8659929493e+00 -8.9341055570e-01  2.9119288373e+00  3.1377651023e+00 -1.3573496573e+00  1.7259602794e+00  9.7364612402e-01 -1.0657255467e+00  1.1640155548e+00  2.1486330262e+00  1.2907447254e-01  3.1149311836e+00  1.0050704746e+00  1.5092505343e+00
ENERGY -8.419048200928e+02
GRADIENT  9.7493331760e-04 -1.7336194760e-03 -6.2205970789e-04 -3.4864086816e-05  3.8025825369e-05 -9.1524439158e-05  4.0942246927e-05  2.7717880772e-05 -7.0949925889e-05 -1.7397186651e-03  3.4938054656e-03  1.7935519453e-03 -6.8609189137e-05 -7.0478244733e-05  6.0904124674e-05  3.2542960060e-06  2.7793207685e-07  1.1258286039e-05 -2.8806021920e-04  1.4773311994e-03  1.3883286035e-03  3.7653319071e-05  1.8014847084e-05  5.9775877754e-05  9.5754712387e-04 -3.1640563452e-03 -2.4466874895e-03 -4.4424487963e-06  1.4377377503e-05  2.7506048367e-06  2.4171875167e-05 -3.4214446221e-05 -1.4692764142e-05 -2.1911814415e-05  4.0339465988e-06  2.2744482014e-05 -7.9171461795e-06  1.1263673500e-05  1.4188546011e-05  1.1990562802e-05 -1.6019840698e-05  2.8493769575e-06 -2.3296272801e-06 -4.2676138055e-06 -1.1455759953e-05  1.5340613352e-06  7.7403072416e-06  8.0813517085e-06  4.1003208336e-05 -2.6695466183e-05  1.1862028319e-05  2.0863797127e-06 -1.5485302245e-05 -8.3288986085e-06  4.5351116793e-05  1.3962332880e-05 -6.7708981058e-05

JOB 14
COORDS  3.9645656143e-01 -7.7150852176e-01  8.1157894193e-01  1.7274853305e+00 -6.2630108823e-01  2.8079603896e+00 -4.4851489915e-01 -1.6234202075e+00  1.5126620485e+00  1.5240946212e+00 -2.3727584408e-01  1.4714250999e+00  8.0704680551e-01 -1.4978852676e+00  3.3876186740e+00  3.1940809336e+00  2.4544871455e+00 -5.6349834070e-01  2.0029928475e+00  1.6299502887e+00 -8.4179614457e-02 -2.6244399962e-01 -1.9984044279e+00  2.7915924476e+00  2.4583575196e+00  5.5623395760e-01  8.1303901007e-01  1.0709684525e+00 -1.9768977538e+00  5.0659998292e+00  1.8354988442e-01 -5.3399820464e-01 -2.2491749734e-01  2.5757913576e+00 -2.6077089541e-01  3.3786547014e+00 -1.3249771485e+00 -2.0426810326e+00  1.0219864483e+00  3.7084084808e+00  2.9357594609e+00  2.7694701079e-01  3.9160190592e+00  1.8243852752e+00 -1.0917781899e+00  2.8605848091e+00  3.2445385532e+00 -1.2425574286e+00  1.5055030986e+00  1.1786806370e+00 -9.4764136080e-01  1.2655972978e+00  2.2749772629e+00  4.1636757103e-01  3.1719188738e+00  8.9584696070e-01  1.4515502014e+00
ENERGY -8.419031430443e+02
GRADIENT  1.8019099782e-03 -2.7408828079e-03 -8.2211131017e-04 -6.1522315829e-05 -7.7030818572e-06 -1.3769457467e-05  1.7772396345e-05 -1.1926081603e-05  6.2605626530e-05 -2.8025803947e-03  5.3124105833e-03  2.4949376973e-03  4.3906844754e-05  1.1315524255e-05  7.5953375942e-05  6.0737927452e-07 -2.5741945332e-06  6.8946982634e-06  1.8796971072e-05  2.0736695704e-03  2.4562984586e-03 -4.5675961657e-05  9.1184897468e-06 -4.7145112902e-05  9.2333951417e-04 -4.5704310030e-03 -4.0702821699e-03 -2.1341094549e-05  1.7505610082e-05 -1.1358321726e-05  8.8613094041e-06 -1.8040788455e-05 -6.3678593631e-06 -1.0993841652e-05  9.4649671116e-06  5.4438299699e-06 -4.0926695113e-06  9.1172794440e-06 -1.0750012606e-06  1.8372804787e-05 -2.3983706138e-05  7.0811947221e-07 -6.3374974740e-06  2.8938690289e-06 -2.3096819411e-05  8.2757232523e-07  1.5919585338e-05  1.7811556454e-05  3.9527215665e-05 -3.7199766130e-05  3.4907374166e-06 -1.7736067534e-05 -1.4439091898e-05 -3.0128587029e-05  4.2248414500e-05  2.9359261046e-05 -8.5344437195e-05

JOB 15
COORDS  4.4861928989e-01 -8.5138401688e-01  7.6222714348e-01  1.6449806406e+00 -5.4086414922e-01  2.8225165196e+00 -4.2357954444e-01 -1.6757601203e+00  1.4612612449e+00  1.5157956177e+00 -2.4398518930e-01  1.4564873223e+00  7.0898342282e-01 -1.4014040289e+00  3.4001925281e+00  3.1857900741e+00  2.4216683447e+00 -6.2051015085e-01  2.0083821343e+00  1.7242592876e+00  5.4167653116e-02 -3.0840174147e-01 -1.9629760171e+00  2.7722762224e+00  2.4722580416e+00  5.2961522735e-01  7.8666522527e-01  8.7915063258e-01 -1.7696736652e+00  5.1178509624e+00  3.1226030965e-01 -6.9275872900e-01 -3.0248485997e-01  2.4454160463e+00 -1.1538599708e-01  3.4201762255e+00 -1.2555065115e+00 -2.1522508717e+00  9.4622420892e-01  3.9193853075e+00  2.7666661524e+00  1.1786814942e-01  3.6926911884e+00  1.7432058615e+00 -1.3129703870e+00  2.8411843495e+00  3.2979667873e+00 -1.1779119862e+00  1.2864092577e+00  1.4057440793e+00 -7.0253559687e-01  1.4843429191e+00  2.4198272374e+00  7.2716231968e-01  3.2183199390e+00  7.9400962523e-01  1.4260026153e+00
ENERGY -8.419010178077e+02
GRADIENT  2.1625363088e-03 -3.1901268419e-03 -5.0391448762e-04  3.9538646945e-05  2.8912977620e-05  2.9144636808e-05 -5.4379451095e-05 -8.1138702406e-06 -5.3748734022e-05 -3.0407996130e-03  5.8273246182e-03  2.3669971081e-03 -4.4534794814e-05  1.5058108302e-05 -7.9601625412e-05  8.5859933117e-06  3.7164987387e-06 -1.5494881213e-05  4.4479504579e-04  1.9475430177e-03  2.9256628204e-03  1.1083325367e-05  7.6259891412e-06  3.6712661557e-05  4.9195683223e-04 -4.5906019508e-03 -4.8043509758e-03 -1.8025033803e-05  1.8463127210e-05 -5.0707265079e-06 -4.9860490652e-06  5.7364642948e-06  5.0043108354e-06 -6.7484811011e-06  1.7991017636e-05  5.5690693971e-06 -5.3275622390e-06 -3.0276141140e-06 -3.1448942221e-07 -1.0116696516e-05  1.4127913408e-05  2.0961147429e-07  1.3786744225e-05 -1.4774158913e-05  2.1395331945e-05  8.4126383906e-07 -1.4633828874e-05 -2.1528208441e-05 -2.4916677056e-05  2.8048798382e-05  8.9874898776e-06  2.2313283987e-05  4.7144956842e-07  6.1395674791e-06 -4.9535390475e-05 -4.5962898050e-05  9.0734208649e-05

JOB 16
COORDS  5.1452482443e-01 -9.8346048408e-01  7.0057496434e-01  1.6309891690e+00 -5.1333081061e-01  2.7748815512e+00 -3.7065580653e-01 -1.7758029742e+00  1.4209827365e+00  1.5413683767e+00 -3.1109794061e-01  1.3910379542e+00  6.8970448869e-01 -1.3539762651e+00  3.3775545795e+00  3.1481417659e+00  2.4458169878e+00 -6.1000244721e-01  2.0315404809e+00  1.7497491933e+00  1.6182884077e-01 -2.9398647314e-01 -1.9727891125e+00  2.7515443428e+00  2.4989784109e+00  4.4549285397e-01  6.8224822601e-01  8.0639037203e-01 -1.6098914059e+00  5.1193408972e+00  4.2627397614e-01 -8.9486168075e-01 -3.7772407134e-01  2.4034349638e+00 -3.3837831674e-02  3.3684494648e+00 -1.1748220318e+00 -2.3037916755e+00  9.1234705410e-01  4.0102574500e+00  2.6492079617e+00  3.6357523835e-02  3.4876862670e+00  1.8242085830e+00 -1.4436199125e+00  2.7985543637e+00  3.4042283759e+00 -1.0062783423e+00  1.1801125635e+00  1.5631527628e+00 -4.9943518352e-01  1.6686242425e+00  2.3942690995e+00  9.7750104088e-01  3.3049735882e+00  6.1316136402e-01  1.2822264892e+00
ENERGY -8.418984988914e+02
GRADIENT  2.6258158882e-03 -3.7080500127e-03 -3.7869300598e-04 -3.5464616457e-05 -1.9368449509e-05 -3.3289854555e-06  5.5962019748e-05  3.4381679406e-05  7.4155391716e-05 -3.4471545000e-03  6.3986824898e-03  2.0827627959e-03 -4.7979408065e-05 -6.5015469008e-07 -2.9987020126e-05  2.3986157852e-06  1.1648042800e-05 -4.3913086618e-06  1.2514146904e-03  1.7863736340e-03  3.5532857684e-03 -3.0819910109e-05 -1.6955533272e-05  1.7555394450e-05 -4.5613771461e-04 -4.5289291137e-03 -5.2099796444e-03 -1.8017276400e-05  7.4647729657e-06 -1.1830416853e-05  1.3007931696e-05  1.3542389917e-06 -9.6102697064e-07 -4.0594996746e-06  6.6330208484e-06 -3.5999967215e-06 -3.2674873141e-06  4.6788821660e-06  1.4898255795e-05 -2.1991723943e-06  5.4366748315e-07  2.4747899253e-06  4.9625038714e-06 -4.9493317570e-06  2.3061136067e-06  4.4604780566e-06 -1.0896776568e-06 -5.5674644431e-06  7.1399380068e-06  1.3004335817e-06  1.9673436498e-06 -6.8381206199e-06  9.0129514190e-06 -3.4081178027e-06  3.5219404814e-05  7.4710664319e-05 -8.6517122509e-05

JOB 17
COORDS  5.1695249271e-01 -1.0954478948e+00  6.5270357029e-01  1.5593387302e+00 -4.3200476725e-01  2.7124394272e+00 -3.8039059425e-01 -1.8417269506e+00  1.4097093084e+00  1.5083402440e+00 -3.5278705502e-01  1.3154802735e+00  6.1120030814e-01 -1.2339998745e+00  3.3571871336e+00  3.1383361743e+00  2.4768875572e+00 -5.5634610608e-01  2.0548827218e+00  1.7670159795e+00  2.4920652584e-01 -3.4076824941e-01 -1.9211580375e+00  2.7530991230e+00  2.4668196102e+00  3.7740575550e-01  5.5901858751e-01  6.7310425383e-01 -1.3410836242e+00  5.1167578097e+00  4.6746733636e-01 -1.0915245765e+00 -4.3165152573e-01  2.3071627288e+00  1.0927890820e-01  3.2840176657e+00 -1.1599909414e+00 -2.4261463939e+00  9.2517608262e-01  4.0748686017e+00  2.5427638811e+00  1.0306013122e-02  3.3417912103e+00  1.9397962653e+00 -1.4873036168e+00  2.8264947082e+00  3.4972107545e+00 -8.0066073981e-01  1.1273212892e+00  1.7170469649e+00 -3.3028943883e-01  1.8275753341e+00  2.3315460355e+00  1.1676153289e+00  3.3314247017e+00  4.2804064943e-01  1.0972852556e+00
ENERGY -8.418957399515e+02
GRADIENT  2.7541466335e-03 -3.5770416336e-03  9.4801930120e-06  2.6060783675e-05 -2.5456012628e-05 -1.4631036680e-05 -8.9502970561e-05 -6.1864310935e-05 -1.1055111720e-04 -3.2956646008e-03  5.9619816554e-03  1.4456981918e-03  8.3180963779e-05  6.3641810727e-05  1.3714516936e-04 -1.4576697760e-05  1.4260851699e-05  1.6677385134e-06  1.7762005720e-03  1.2197198773e-03  3.4165704126e-03  4.5753245649e-05  2.8167394982e-05 -5.9872607076e-05 -1.2356791285e-03 -3.6851828077e-03 -4.7614950458e-03  1.7784861706e-05  3.4369425858e-06  3.5765394758e-05 -7.6501298847e-06 -1.3353924233e-05  1.2077099579e-05 -3.4303358345e-06 -6.4502187077e-06 -2.5388122582e-06 -2.2292208206e-06 -1.0126767920e-06 -2.0697976800e-05 -1.2744028610e-06  1.7788885806e-06  1.8226981438e-06 -5.8872255029e-06 -1.8458540541e-06 -8.1818969522e-07  9.3812297917e-07 -2.8378375152e-08 -2.6738338089e-06 -4.1263125995e-06  4.0246361338e-05 -2.5785559040e-05 -1.2794998223e-05  1.8294716183e-05 -1.7004862298e-06  1.2867515415e-05  2.7784837403e-05 -3.7493892052e-05

JOB 18
COORDS  5.0740899718e-01 -1.1584810619e+00  1.0350645181e+00  1.4394614121e+00  4.9312300680e-02  2.8904477701e+00 -3.8058423599e-01 -1.7458036337e+00  1.9337849363e+00  1.4632200571e+00 -2.4769063482e-01  1.5198759640e+00  4.8330585797e-01 -5.8915971567e-01  3.6801668071e+00  3.1823818991e+00  2.4151336120e+00 -5.1175184169e-01  2.1090374206e+00  1.8273239486e+00  3.9884654172e-01 -4.0877443671e-01 -1.4673445579e+00  3.2472661696e+00  2.3921718017e+00  4.0204881400e-01  6.7804758723e-01  4.4988496486e-01 -2.1915823121e-01  5.4039275094e+00  4.6139875569e-01 -1.4097852083e+00 -2.1655282825e-02  2.1563755260e+00  7.3725015312e-01  3.3244451057e+00 -1.1217521722e+00 -2.4627571237e+00  1.5853137960e+00  4.1709911854e+00  2.3248860201e+00 -5.2343791668e-02  3.2080032788e+00  1.9004711169e+00 -1.4797456727e+00  2.9804812146e+00  3.4732731260e+00 -7.0502844388e-01  1.1119903647e+00  1.9509188409e+00 -5.2611205973e-02  2.0950491241e+00  2.3622199232e+00  1.3527800552e+00  2.4416081680e+00 -9.4373505557e-02 -2.0992454765e-01
ENERGY -8.418979581164e+02
GRADIENT -2.6803983124e-03  3.3599044083e-03 -5.2119436110e-04 -3.5293951596e-05 -5.1903643349e-05  1.9710270382e-05 -1.3325663239e-04 -8.0325109902e-05  5.1422779723e-05  3.3479731902e-03 -5.5855920032e-03 -5.7066764898e-04  1.1554901503e-04  1.2150968179e-04  7.1599970763e-05  1.2322214782e-06  4.0868855117e-05 -1.0170218523e-05 -2.0708191699e-03 -1.1765597567e-03 -2.9861744808e-03 -3.5688864628e-06 -6.5593318417e-05 -1.3075588367e-04  1.5769252692e-03  3.4935677587e-03  4.0244855899e-03  9.6137677915e-06 -2.5012274689e-05 -2.1055197952e-05 -2.5606649527e-05  1.3553749113e-05  1.6817222425e-05  1.4591012091e-06 -1.1389873117e-05 -1.6758980668e-05  6.5711335606e-08 -1.4664268062e-05 -2.2450224604e-05  3.1952050032e-06 -9.7146081101e-06 -6.1962203523e-06 -1.0358150597e-05  7.5841555676e-06 -8.2529582921e-06  7.9289213915e-06 -1.1453227754e-07  9.2800656272e-06 -5.8092888542e-06  2.8326509939e-05 -1.0677350984e-05  1.5445184249e-06  3.5966976615e-05 -9.1247125426e-06 -4.3951167160e-05 -1.2286721074e-04  7.6646746160e-05

JOB 19
COORDS  5.2425376474e-01 -1.2262117490e+00  1.0755202638e+00  1.3530491258e+00  1.4521545586e-01  2.8656319724e+00 -3.2674583680e-01 -1.8233932377e+00  2.0000474166e+00  1.4110424693e+00 -2.2153038882e-01  1.5108722872e+00  4.3978177999e-01 -5.1990899402e-01  3.6830344754e+00  3.2003776901e+00  2.3815370956e+00 -5.4330592006e-01  2.1812959314e+00  1.8756504242e+00  4.7287910783e-01 -3.8660054984e-01 -1.4798461634e+00  3.2982750012e+00  2.3009141009e+00  4.1294803983e-01  6.3380421482e-01  3.7030716355e-01 -5.9223198504e-02  5.3850500301e+00  5.0505507501e-01 -1.5391338633e+00  3.4471230084e-02  2.0092483229e+00  9.0443948282e-01  3.2748090281e+00 -1.0136753742e+00 -2.6070904679e+00  1.6858895788e+00  4.2186432885e+00  2.1401069951e+00 -2.2457862297e-01  3.0353350357e+00  1.9320612428e+00 -1.5299087101e+00  3.1172970651e+00  3.4666458826e+00 -6.5691680348e-01  1.1612915950e+00  2.1540885235e+00  1.6647743317e-01  2.3644890394e+00  2.3467406122e+00  1.4421898434e+00  2.2644853023e+00 -3.0111721789e-02 -2.8111106226e-01
ENERGY -8.419004420354e+02
GRADIENT -2.9710737185e-03  2.7608200791e-03 -7.5047176489e-04  4.8776978819e-05 -9.4869851637e-06 -9.6328906660e-05  6.2448585530e-05  1.5238286444e-05 -1.6650224667e-04  3.2909786812e-03 -4.4756982104e-03 -9.1689310133e-05 -1.3708846054e-04 -2.1263949143e-04 -5.1175425593e-05 -7.3571556963e-06 -5.6767634902e-06  6.2719092515e-06 -2.3771234154e-03 -5.4094855852e-04 -2.8461632000e-03  5.8330719488e-05  1.1882092345e-04  1.3877187405e-04  1.8733673515e-03  2.2328669951e-03  3.7705597358e-03  6.7949080147e-06  4.5054334696e-06  1.4162863874e-05  2.8196489871e-05  5.2714186854e-06 -1.0013438089e-05 -1.1046355197e-05 -5.4051321695e-06  2.8447835199e-06 -3.4908169561e-06  6.8998303544e-07  1.3666503248e-05  1.9210567240e-06  1.7475233741e-05  7.0711161079e-06  8.7874172716e-06 -6.3642445446e-06  4.6356938542e-07 -1.6298627525e-05 -2.5968602574e-06 -5.0702682600e-06 -1.2231216192e-05  2.3574285656e-05  3.2691257176e-05  3.1012300827e-05  5.6498479369e-06  2.7103444125e-06  1.2782034094e-04  3.8045476016e-05 -2.8663475327e-05

JOB 20
COORDS  5.9897720317e-01 -1.2892787146e+00  1.0559141024e+00  1.2817219665e+00  2.0550724793e-01  2.8100029546e+00 -2.2927009987e-01 -1.9105006826e+00  1.9819327883e+00  1.4029010918e+00 -2.0580027441e-01  1.4707800649e+00  4.0310942230e-01 -5.0086424717e-01  3.6315110827e+00  3.1790004845e+00  2.3864890229e+00 -6.0095419256e-01  2.3124039412e+00  1.9081055376e+00  5.6009475361e-01 -3.4334958540e-01 -1.5306370217e+00  3.2679468672e+00  2.2620478283e+00  4.3715420451e-01  5.8417391052e-01  2.6152243259e-01  1.5634211667e-02  5.3138068459e+00  6.2882484447e-01 -1.6422404880e+00  2.7960437363e-02  1.8570813599e+00  1.0319949210e+00  3.2086192991e+00 -8.5215553048e-01 -2.7505635979e+00  1.6801828070e+00  4.1937475586e+00  1.9852356571e+00 -5.1984283102e-01  2.7612323248e+00  2.0729978210e+00 -1.5652328306e+00  3.2372108806e+00  3.4787750533e+00 -6.0571580130e-01  1.2998724307e+00  2.3322609060e+00  4.8567939145e-01  2.7427707681e+00  2.2622984571e+00  1.5011911951e+00  2.1605544897e+00  6.4979744663e-02 -3.5556430821e-01
ENERGY -8.419028138566e+02
GRADIENT -2.8877914654e-03  2.4446605977e-03 -9.3685216254e-04 -1.0904055221e-05 -1.6806550653e-05 -3.8946987782e-05  3.5230952858e-05  4.8224854120e-05  4.1008394390e-05  3.0507987187e-03 -3.6978631690e-03  1.9527750560e-06 -1.2704741503e-05 -5.3752143528e-05 -5.7136601743e-05  2.4898361501e-05  1.8366953135e-05  1.7996537745e-06 -2.6037995721e-03  1.7717696586e-05 -2.4563973985e-03 -4.3459585009e-05 -4.3785971220e-05  3.1561634389e-05  2.6409495817e-03  1.2580824126e-03  3.3919743809e-03 -5.8432753404e-06 -3.4883554396e-05 -3.5265615355e-05  2.0557243649e-05  1.8254098737e-06 -2.3330392809e-06 -9.1067687136e-06 -3.7908958881e-06  6.0205712436e-06 -7.7146930362e-06  2.3522608308e-06 -3.9475931727e-06 -8.5452999612e-06 -2.4870460844e-05 -1.0180965909e-05 -8.8569015279e-06  2.8332772240e-05 -1.1259775094e-05  1.5343766212e-05 -1.3062799658e-06  2.1766995321e-05 -1.5320713804e-05 -7.1085485142e-06 -2.4971654777e-05 -5.0233275721e-05  6.3141472689e-05 -3.6941441992e-06 -1.3962357654e-04 -7.2319769329e-05  2.4576707774e-05

JOB 21
COORDS  6.3496637218e-01 -1.3308372811e+00  1.0878035150e+00  1.1989782210e+00  2.9823311328e-01  2.7663000995e+00 -1.6833167467e-01 -1.9483569839e+00  2.0349989436e+00  1.3631290586e+00 -1.7499852698e-01  1.4512985566e+00  3.5586502362e-01 -4.2066017018e-01  3.6148959304e+00  3.1600916673e+00  2.3835612347e+00 -6.3449835217e-01  2.4270623834e+00  1.9032101317e+00  6.1447878720e-01 -3.2191249813e-01 -1.5106320355e+00  3.3002114926e+00  2.1919857884e+00  4.5767795874e-01  5.4171914579e-01  1.6139710642e-01  1.7555249592e-01  5.2663427541e+00  7.0525273555e-01 -1.7384793161e+00  8.2333829206e-02  1.7084468332e+00  1.1830708375e+00  3.1262354097e+00 -7.3393921434e-01 -2.8403571453e+00  1.7721267234e+00  4.1196589844e+00  1.8691631746e+00 -7.4624871276e-01  2.5649630097e+00  2.2050015211e+00 -1.5379477554e+00  3.3515737457e+00  3.4584285469e+00 -5.7140202783e-01  1.4778363703e+00  2.4461331605e+00  7.3562281214e-01  3.0384251754e+00  2.1190790993e+00  1.4971136482e+00  2.0582006827e+00  1.2854572418e-01 -4.0816668222e-01
ENERGY -8.419048615866e+02
GRADIENT -2.0682092154e-03  1.5944883292e-03 -7.6131142394e-04 -4.1484524172e-06  8.8450643845e-06  3.8207901416e-05 -4.0165150382e-05 -4.8354491999e-05 -8.4710183152e-06  2.0826836635e-03 -2.1585205137e-03  4.0233994536e-04  1.0012136071e-05 -1.0569915708e-05 -5.5923999512e-05 -1.4387492953e-05 -4.4313472221e-07 -7.1046407817e-06 -2.0697789966e-03  3.9976475696e-04 -1.6370049358e-03  6.0635646834e-07 -1.4232784763e-05 -1.1145961258e-05  1.9176514866e-03  1.5668397040e-04  2.0535658695e-03 -5.6659327556e-06 -1.6973975423e-05 -1.1643964648e-05 -1.3607917486e-05 -1.7832228745e-07 -4.8663187347e-06  8.0317453147e-06 -4.3209101331e-06 -4.9910414261e-06  1.4690913050e-06 -1.2193631500e-05 -7.7045760183e-06  6.9246400511e-06  1.5975003369e-05  1.3069902133e-05  7.6292410046e-06 -1.1904044739e-05  4.8039119318e-06 -1.5230862794e-05  4.7999640070e-06  7.6751161109e-08  1.1006563748e-05 -5.0419657968e-06  2.5296244357e-05  2.2616213761e-05 -4.0041890752e-05 -9.2245301439e-07  1.3063381180e-04  7.4757001511e-05 -3.7186096782e-05

JOB 22
COORDS  6.4291882827e-01 -1.3979614520e+00  1.0312934969e+00  1.0888536456e+00  2.8959675942e-01  2.6901286158e+00 -1.0268255285e-01 -2.0651489090e+00  1.9898648711e+00  1.2730518300e+00 -1.7817700217e-01  1.3750080081e+00  3.1429623349e-01 -4.8839044460e-01  3.5527281635e+00  3.1927974677e+00  2.3948539724e+00 -5.8926492664e-01  2.4487131524e+00  1.8867420535e+00  6.4229059991e-01 -2.7886263682e-01 -1.6300309247e+00  3.2543806157e+00  2.0470232580e+00  4.9506610241e-01  4.5544806507e-01  9.1980313158e-02  1.0504412692e-01  5.2024854574e+00  7.4489939078e-01 -1.8128682987e+00  3.1620072034e-02  1.5253409812e+00  1.2165016951e+00  3.0388749335e+00 -5.9398350799e-01 -3.0040858638e+00  1.7415626505e+00  4.0823520059e+00  1.7883754895e+00 -7.8650429725e-01  2.5521980804e+00  2.3691524541e+00 -1.4786099107e+00  3.5100275431e+00  3.4305931065e+00 -4.3954047528e-01  1.5741086582e+00  2.5227003204e+00  8.4734396215e-01  3.1056629818e+00  1.9492289618e+00  1.5171204864e+00  1.8966221691e+00  2.1988529395e-01 -5.0751123947e-01
ENERGY -8.419058434719e+02
GRADIENT -4.2626785372e-04  2.2654555761e-04 -1.4456644042e-04  1.8642633813e-05  3.5652546199e-05 -1.0847138612e-06 -5.6726336228e-06 -5.0726651846e-05 -7.7459454068e-05  4.2402464708e-04 -2.8128106991e-04  1.7162105157e-04 -6.8341333299e-06 -1.4434593536e-05  4.8408794254e-07  8.6686226649e-06 -1.2947933870e-05  6.2046259297e-07 -3.9559082014e-04  1.1725192171e-04 -2.4989399444e-04  2.2948491086e-05  3.1414123903e-05  1.4602024410e-05  3.9178880756e-04 -1.0768089562e-04  3.1078388341e-04  2.9097449570e-07  4.5967181489e-06  1.1613184338e-05  5.5225955361e-06 -8.8936131375e-06 -2.7872855299e-06 -9.3210253183e-07  3.3975914780e-06  1.0031409275e-05  1.2283308453e-06 -6.5050128580e-06 -8.8368867555e-06 -8.0217261688e-06 -1.5855162435e-06  1.2907022960e-06  8.3512701483e-07  1.0767505462e-05  6.3502624624e-06  2.0815070172e-06  3.0643943302e-06  1.0560106613e-05 -9.2517969350e-06 -8.8228714978e-06 -1.5130940986e-05 -3.2688250814e-05 -1.5958453009e-05  1.4213087300e-05  5.4940919937e-06  5.2589022791e-05 -1.8995704318e-05

JOB 23
COORDS -3.8784512123e-01 -4.2330450469e-02  1.6966139540e+00  1.7579881882e+00 -1.1393883504e+00  1.7181401017e+00 -8.8876515953e-01 -1.1319496458e+00  2.3894010098e+00  9.8289984222e-01 -2.4677576717e-02  1.3385765900e+00  1.1184147852e+00 -2.1666702888e+00  2.4131079542e+00  3.1584738251e+00  2.4311904244e+00 -5.0778343754e-01  2.9105298944e+00  1.1273411492e+00  2.4548839595e-01 -1.5617728862e-01 -2.2036751654e+00  2.7574856829e+00  1.5161900662e+00  1.0307127252e+00  6.5083892517e-01  2.0997710551e+00 -3.5597626033e+00  2.8846632993e+00 -1.0411499477e+00  7.8583102006e-01  1.4333609380e+00  2.8130191312e+00 -1.2120134115e+00  1.4877873480e+00 -1.9395854200e+00 -1.1602907467e+00  2.6717543151e+00  2.5413653827e+00  2.4878011766e+00 -1.4110350503e+00  2.9339783782e+00  3.2992114116e+00  1.2179186458e-01  4.2066096183e+00  2.4989389660e+00 -8.1134768629e-01  3.5621272255e+00  1.0781851303e+00  1.1290125653e+00  3.1702621265e+00  2.7314359872e-01 -3.9452450445e-01  9.0621639568e-01  1.8066180304e+00  4.3551012037e-01
ENERGY -8.419056108861e+02
GRADIENT -9.7935717198e-05 -1.6994010854e-04 -1.5605587833e-04 -8.6483098342e-06  2.6888480961e-05 -1.5938594808e-05 -4.7188148416e-05  9.9063961341e-05 -2.7449306488e-05  3.0722030433e-04  2.0162167141e-04  6.2795972295e-05 -7.5527210106e-05  2.7263966119e-07  2.8896240410e-05  2.3501155505e-06  5.4944311777e-06  1.4459843890e-05 -9.5797800676e-05 -2.0019707100e-04 -6.3757546154e-05  8.5695639304e-05 -2.5822850799e-05 -6.8205522817e-06 -1.6994120992e-04  1.3628309523e-04  1.3897946383e-04  2.1543152243e-05 -2.1192882040e-05  4.2799738759e-06  9.1764299032e-06  1.5178274176e-05  1.2478052801e-05  1.4928847998e-05  1.3221283613e-05 -4.9225966887e-06 -2.4816690682e-06 -3.9322169278e-06 -4.0328170422e-06  4.1248536453e-06 -3.7396682400e-06 -7.3088020665e-06  4.3311483989e-06 -2.0997314362e-06  1.1317594525e-06 -6.1911446242e-06 -1.1792805241e-05  3.3406554276e-06  1.1830374877e-05 -2.1117911838e-05 -7.5199111256e-06  2.3100936340e-05 -2.2254449675e-05 -7.7777825716e-06  3.4752850322e-05 -9.0465938737e-06  2.5515383782e-05

