JOB 0
COORDS  1.7223299929e+00 -7.0221718578e-01  1.5534809260e+00  1.8943281445e+00 -8.0670759247e-01  2.9268123691e+00 -3.0593943326e-01 -1.9933336316e+00  1.7847620678e+00  6.0734166059e-01 -1.3126715343e+00  9.5475497609e-01  9.2247025245e-01 -1.5161803982e+00  3.6395048464e+00 -7.0489146642e-01 -1.0862382729e+00 -2.4542292088e+00 -7.8257003030e-01 -1.5047270870e+00 -9.9773355725e-01 -1.3970276504e-01 -2.0883581730e+00  3.1061346743e+00  1.0689340633e+00 -1.6505266431e+00  5.1152719336e+00  2.0793696783e+00 -1.1360444915e+00  5.6165745033e+00  1.9679290398e-01 -2.2492468039e+00  5.7370945439e+00  4.8688391472e-01 -1.1894070865e+00 -3.8843033807e-01  2.4296921497e+00 -1.6282602720e-01  9.3087947295e-01  2.7354351260e+00 -3.5678272767e-01  3.4393996542e+00 -1.1899829793e+00 -2.4760951517e+00  1.3793129794e+00 -5.2313944498e-01 -1.1338924292e-02 -2.5396049326e+00  1.0153464623e-01 -1.6184187228e+00 -2.9664095991e+00 -1.6487699395e+00 -1.3211162308e+00 -2.9559606289e+00 -9.7213784786e-01 -2.5814434971e+00 -9.0926324339e-01 -1.5773907886e+00 -9.6581648463e-01 -4.6783224624e-01
ENERGY -6.067405878927e+02
GRADIENT -1.0899877758e-03  1.4060074267e-03  3.8287291368e-04  1.2399309154e-04  8.2311827704e-05  6.2466036887e-05  1.1721132494e-04  2.7856967042e-05  5.9938457853e-05  1.1179980145e-03 -1.3235498994e-03 -3.4721630738e-04 -3.0239075653e-05  4.7136853554e-05 -4.6070385858e-05 -1.1696080991e-05 -2.0748366117e-05 -2.5030474672e-06 -4.9067569342e-04  1.6511041844e-03  1.8015172351e-04 -2.7917275885e-05 -1.7527201831e-05  3.3968973146e-05  1.2567039488e-04 -1.7550963449e-04 -2.3009643515e-05 -3.1187774956e-05  6.8792998529e-05  8.8094865377e-06 -3.6012357743e-05  8.2860519380e-05  6.7861240179e-06  3.0787759808e-04 -1.8257767374e-03 -2.9715601149e-04 -2.1450458963e-05 -3.5649173456e-06  9.3002613095e-06  4.3222216431e-06  1.5032460211e-05  1.9709969595e-05  1.7515520740e-05  1.2824787949e-05  9.2189179220e-06 -1.7320370402e-05 -1.5205315615e-06  4.7706373859e-06  8.9812725023e-06  6.4297394054e-06  9.2546641519e-06  3.5160769734e-06 -1.6531543555e-05 -3.5440985794e-06 -3.2937964667e-05  8.2231854032e-06 -1.5912275122e-05  1.2607148395e-05  1.6903275496e-05  2.3373071076e-05

JOB 1
COORDS  1.7044639931e+00 -7.4510829399e-01  1.5252297165e+00  1.8576909930e+00 -7.9339302289e-01  2.9054073764e+00 -2.4797745934e-01 -2.1446927742e+00  1.7720577981e+00  6.4215191321e-01 -1.4457635874e+00  9.3292887493e-01  9.1623285903e-01 -1.5326793380e+00  3.6266949529e+00 -6.9619556957e-01 -1.0213639879e+00 -2.4364790088e+00 -7.9208433642e-01 -1.4887789675e+00 -9.9587798223e-01 -1.0339452346e-01 -2.1836258925e+00  3.0980817751e+00  1.0437912924e+00 -1.6064322605e+00  5.1092580539e+00  2.0154554474e+00 -1.0196563973e+00  5.6074894392e+00  1.9593404971e-01 -2.2320939336e+00  5.7378504680e+00  5.2904140898e-01 -1.3881678251e+00 -4.1763237814e-01  2.3883602880e+00 -1.8423590419e-01  8.9545266033e-01  2.6590082192e+00 -2.7401547604e-01  3.4161155699e+00 -1.0949276397e+00 -2.6899516590e+00  1.3646093466e+00 -3.6049765075e-01  1.8207546500e-02 -2.4851793533e+00  8.1568612805e-03 -1.6421191001e+00 -2.9972646612e+00 -1.6783897225e+00 -1.0941891309e+00 -2.9140328609e+00 -1.1357641865e+00 -2.5289790796e+00 -9.4683016421e-01 -1.4826308727e+00 -8.6600617753e-01 -4.1493062263e-01
ENERGY -6.067390568104e+02
GRADIENT -1.7550522502e-03  2.5598340206e-03  1.9115612334e-04 -8.1683872381e-05 -8.7071837913e-05 -3.4651819149e-05  3.0250222783e-05  3.6625150503e-05  2.7800082288e-05  2.4968269192e-03 -2.1881641176e-03 -2.5923932284e-04  4.1291737113e-05 -3.2198227436e-05  7.3193732647e-05 -1.0272665786e-05 -1.3522630050e-05 -5.0532004464e-06 -3.0203153446e-04  2.9745183042e-03  1.3539394918e-04  1.9246917015e-06  1.1040304815e-05 -3.4422294630e-05 -7.5487442574e-05  1.2924645769e-04  2.7789300839e-05  1.2412739324e-05 -3.1755883438e-05  3.0743781251e-05  4.9725163732e-05 -2.6984184707e-05  6.4450797100e-06 -3.9269867114e-04 -3.2907683015e-03 -1.1439848751e-04 -4.1448377002e-06  1.4876197878e-05 -3.8258444097e-06 -1.7316905752e-05  1.6630032092e-05 -5.4752476138e-06  1.1930155027e-05 -1.0053920191e-05  1.3248617112e-05  1.1589301870e-05 -4.2212707793e-06  8.9281104831e-07 -1.2413188501e-05 -7.9936709161e-06  3.2181372397e-06 -2.1904817159e-06  1.0193183593e-05 -1.8596269136e-06  7.5057347759e-06  6.1308965127e-06 -1.0066858089e-05 -4.9442311084e-06 -2.9775715104e-06 -4.6773587813e-06

JOB 2
COORDS  1.6557460164e+00 -7.0631006824e-01  1.5196018027e+00  1.8108870177e+00 -7.0666035696e-01  2.9023724563e+00 -1.6699816450e-01 -2.2627348641e+00  1.8034692315e+00  6.6005589203e-01 -1.5102040107e+00  9.4770042754e-01  9.3378609404e-01 -1.5039281197e+00  3.6403798194e+00 -6.7048844725e-01 -1.0409663339e+00 -2.4184950819e+00 -8.0200800858e-01 -1.4157081542e+00 -9.5386096330e-01 -2.5557174726e-02 -2.2554233684e+00  3.1298258810e+00  1.0625866804e+00 -1.5268439021e+00  5.1258166743e+00  1.9818939573e+00 -8.4998551319e-01  5.6083027154e+00  2.6474622120e-01 -2.2001882065e+00  5.7699626111e+00  5.3560171150e-01 -1.5147594415e+00 -4.0736349208e-01  2.2909372571e+00 -1.0593664744e-01  8.7539203123e-01  2.5639816669e+00 -1.0884154341e-01  3.4005811928e+00 -9.5937509876e-01 -2.8910091370e+00  1.4039305686e+00 -1.6241583036e-01 -7.8857205109e-02 -2.5282086984e+00 -9.9986348410e-02 -1.8002796013e+00 -2.9607438703e+00 -1.6643510007e+00 -9.6538298283e-01 -2.8709989860e+00 -1.3181293812e+00 -2.3767555210e+00 -8.4478441238e-01 -1.3579184750e+00 -6.5674173056e-01 -3.9110629091e-01
ENERGY -6.067370312428e+02
GRADIENT -2.0573713996e-03  2.4548283768e-03  1.5818898766e-04 -1.0201468719e-05  6.8516518701e-06 -1.6500748371e-05 -1.7677928552e-05 -1.3246437678e-05 -7.6857324486e-05  3.1910677838e-03 -2.1162450570e-03 -2.0532227670e-04 -1.3068704428e-05  9.3889100893e-06  1.8255935880e-05  2.8323978153e-06 -9.9034792723e-06  3.4406581579e-07  2.4338070557e-04  3.0850312532e-03 -2.3343398781e-05  2.0487388885e-05  1.6405967365e-05  1.1694912049e-05  3.1731338180e-05 -2.8175177394e-05  1.2636795483e-05 -1.3716623742e-05  1.5911127147e-05  4.5109564563e-06 -1.0165232699e-05  2.1431869949e-05  4.9149216910e-06 -1.3680825719e-03 -3.3711893289e-03  1.2738631878e-04 -5.2948229839e-06  4.4674438445e-06 -1.3277844607e-06 -6.0972208662e-06  4.6427988610e-06  3.0426390573e-06  3.1222376698e-06 -1.2056054889e-06 -3.9075855212e-06  2.4838702755e-05 -1.2315406959e-05  1.4467813231e-06 -1.8793233340e-05 -1.2546779137e-05 -8.4997413125e-06  6.8698403854e-07  2.2708647029e-05  9.0097107757e-06  2.6170865181e-05 -1.8111266519e-05 -1.7421559008e-06 -2.8242282107e-05 -1.5589165766e-05 -6.4065012221e-06

JOB 3
COORDS  1.5710102899e+00 -5.9366320773e-01  1.5564317122e+00  1.7240660110e+00 -6.2387806612e-01  2.9412639177e+00 -6.0768823977e-02 -2.3564451574e+00  1.7792826464e+00  6.6635955958e-01 -1.4766572317e+00  9.5615005070e-01  9.3933533511e-01 -1.5372825640e+00  3.6451599070e+00 -6.7969488877e-01 -1.1987615177e+00 -2.4423697013e+00 -7.7158442691e-01 -1.1732923557e+00 -9.2849097435e-01  7.5595993093e-02 -2.3806209738e+00  3.1053331616e+00  1.0662297042e+00 -1.5948903227e+00  5.1314425614e+00  1.9019310633e+00 -8.3518588774e-01  5.6410476696e+00  3.4709760850e-01 -2.3743632335e+00  5.7473933179e+00  5.4325113966e-01 -1.4828460943e+00 -4.0411607041e-01  2.1420067723e+00  9.0464617935e-02  9.3591848155e-01  2.4103315265e+00  3.1031230327e-02  3.4636792951e+00 -7.6115224741e-01 -3.0675721599e+00  1.3462661562e+00  4.2092426655e-02 -4.5858789976e-01 -2.7988835806e+00 -3.6727202124e-01 -2.1864933545e+00 -2.7930150182e+00 -1.6579355445e+00 -9.6882033141e-01 -2.8762141524e+00 -1.4997969724e+00 -1.9086460707e+00 -5.6718439718e-01 -1.0694378186e+00 -1.8384405921e-01 -5.5991425663e-01
ENERGY -6.067356531245e+02
GRADIENT -9.6864760507e-04  8.9878420633e-04  1.0779460006e-04  4.7862197727e-05  4.9003725198e-05  3.0077211627e-05 -2.1415459318e-05 -2.6696703828e-05 -9.0323708492e-05  1.5113215213e-03 -8.0108973786e-04 -1.5306908067e-04 -1.0181428664e-06  4.3375925784e-05 -4.0475146102e-05  4.3964724363e-05 -4.1262368116e-06  2.9678241419e-05  2.7723719952e-04  1.2322096525e-03  4.1549863997e-06  2.7095583620e-05  5.5032227693e-06  2.2617074208e-05  1.2241472671e-06 -3.3666417765e-05  5.2251291864e-05 -5.5812255489e-06  2.5426291523e-05 -8.2038675753e-05 -2.3036203205e-05 -7.7248728696e-06  2.9495340819e-06 -9.2640523369e-04 -1.3482627774e-03  9.3266356822e-05 -6.6449340256e-06 -1.6010075894e-07  5.2643103688e-06  7.6728772611e-06  8.7099492372e-06  1.0635201838e-05 -1.7820953930e-05  8.7775160494e-06 -1.5484540376e-05 -1.3028744571e-05  1.6715646995e-05 -3.4002005126e-06  2.9604551456e-05 -4.0749409074e-06 -8.3414788164e-06  2.1659315249e-06 -3.5274594365e-05  2.9670192035e-05 -9.3948420362e-06 -9.8102050864e-06  1.5614396159e-05  3.4163950758e-05 -7.6795689744e-07  9.5665276399e-06

JOB 4
COORDS  1.4959430081e+00 -5.7958436898e-01  1.5469146173e+00  1.6412403276e+00 -5.9025527610e-01  2.9340029425e+00  1.5937562382e-02 -2.4712946167e+00  1.7726320821e+00  6.6920482260e-01 -1.5365466535e+00  9.5028631445e-01  9.3093113650e-01 -1.5623684855e+00  3.6376079585e+00 -7.0951625114e-01 -1.2209001614e+00 -2.4284034132e+00 -7.1839828600e-01 -1.0629404247e+00 -9.1997483364e-01  1.4480115789e-01 -2.4798831488e+00  3.0998066064e+00  1.0515495987e+00 -1.5988185730e+00  5.1266275428e+00  1.8163129605e+00 -7.6800282468e-01  5.6360649178e+00  3.9494075508e-01 -2.4310137745e+00  5.7428096608e+00  5.3517064921e-01 -1.5828915941e+00 -4.1119662272e-01  2.0169872244e+00  1.4398507171e-01  9.2684251920e-01  2.2705089664e+00  1.1887661262e-01  3.4573565349e+00 -6.1655919895e-01 -3.2387031226e+00  1.3299846923e+00  1.2418557029e-01 -6.6758140811e-01 -2.8697941823e+00 -6.1294225299e-01 -2.2745435494e+00 -2.7051276669e+00 -1.6442396023e+00 -8.3489030005e-01 -2.8473370005e+00 -1.5519362319e+00 -1.6143799222e+00 -4.6711278777e-01 -8.0675747799e-01 -8.6185047117e-03 -6.2729876150e-01
ENERGY -6.067351166451e+02
GRADIENT -3.4262545030e-04  4.7083545793e-04 -5.9992437689e-05 -1.1301043820e-04 -9.6636104617e-05 -6.8920502020e-06  1.2191106609e-04  7.2660996805e-06  1.0148808800e-04  7.7035518506e-04 -1.9262632937e-04  8.2503155637e-05 -4.5259431256e-05 -4.5220667206e-06 -8.1267918058e-05 -5.7758517412e-05  4.7889104408e-05 -1.1191497701e-05  2.7131964140e-04  5.4184561324e-04 -7.7464767599e-05 -2.3995771309e-05 -2.6300363953e-05  5.0201463417e-05  8.3998740353e-05 -1.2175236154e-04  5.6493731836e-05 -3.6045575160e-05  3.8580514312e-05 -5.4116210222e-05 -3.3207049612e-05  1.7636248978e-05 -2.6005411594e-05 -4.8029978670e-04 -7.2221776970e-04  7.9753882695e-05  1.8356046401e-05  1.9619006866e-05 -1.0056217434e-05 -8.6718458938e-07  6.4765915479e-06 -1.3794456332e-05 -4.0006389599e-07 -7.6890353678e-06  7.6440334346e-06 -1.6164140544e-05  1.6205092423e-05  2.6149405354e-05  1.3118033709e-05  6.5521883332e-06  1.9022582538e-05 -1.3622863934e-05 -1.9345593443e-05 -3.9534383291e-05 -2.2988362977e-05 -1.2665049055e-05 -2.7547722443e-05 -2.9690182672e-05  1.5394371311e-05 -1.2172770210e-05

JOB 5
COORDS  1.7201830160e+00 -3.3770622491e-01  1.4928960810e+00  1.9406542359e+00 -8.9269382779e-01  2.7530376697e+00 -6.2388292396e-01 -8.2942689678e-01  1.7779686681e+00  4.1441185984e-01 -3.0128844369e-01  9.9289402721e-01  8.2368511995e-01 -1.3738636681e+00  3.4361083902e+00 -4.1429322364e-01  2.0057575169e+00 -1.7258701288e+00 -1.3480811063e-01  1.6180046577e+00 -2.8649984099e-01 -4.1911260263e-01 -1.3584813076e+00  2.9856121307e+00  1.0176851653e+00 -1.9654647789e+00  4.7953780658e+00  2.1817108115e+00 -1.9997797430e+00  5.2177790007e+00  3.0770891119e-02 -2.3707243214e+00  5.3992773771e+00  1.4661274772e-01  1.9698013738e-01 -2.5438466566e-01  2.5401356548e+00  5.0046856566e-02  8.9523208877e-01  2.9271453643e+00 -9.5785711750e-01  3.1949706177e+00 -1.6437694338e+00 -8.2744578510e-01  1.3977920519e+00  4.5100327990e-01  1.7900011424e+00 -2.3590260912e+00 -1.2751604840e+00  1.4540314277e+00 -2.1138124334e+00 -6.3143175029e-01  3.0769623687e+00 -1.7858186385e+00 -9.9794933976e-01  1.8255347641e+00  3.5918469382e-01  7.3018587301e-01  2.1628070480e+00  1.1415218915e-01
ENERGY -6.067349326493e+02
GRADIENT -9.8281508370e-05 -6.4238439113e-05  3.3483676702e-05  4.7337967683e-05 -1.3322626779e-05  2.3298856200e-05  1.0062302580e-04 -1.9048430260e-05  6.1609032900e-05 -2.0636750978e-05  5.9816880013e-05 -9.7172180227e-05  2.2171968256e-05 -5.3519081757e-06 -2.3306772511e-05 -6.4335663830e-06  7.9904205269e-06  2.0179236496e-06 -3.0217503869e-05 -1.0887359365e-05 -2.9220221950e-06 -2.0633087011e-05 -1.7102825264e-05  3.5808820507e-06 -2.8454666025e-05  8.0038101416e-07  6.9836524959e-05  1.2162694083e-05  1.1634812622e-05 -8.0962268329e-05 -2.0872575974e-05 -3.9782055573e-05 -1.8623519193e-05  4.2352149990e-05  2.7026333761e-05 -5.3283685146e-05 -8.6849500791e-06 -3.5109493725e-06  6.0855122094e-06  5.5408316073e-06 -1.3585306491e-05  3.1923849075e-06  1.4479196994e-05 -1.3801442080e-06 -6.6244578755e-06  1.1205928412e-06  3.3739575958e-06  1.5273835462e-06  7.3023293353e-07  5.5298483442e-06 -5.7767538663e-07  3.2041220398e-06  4.4023018969e-06 -3.8578618701e-07  2.3293059819e-06 -2.6689618262e-07  1.1104541986e-06  1.6398420848e-06  2.4975645488e-06 -4.1094291287e-06

JOB 6
COORDS  1.6376606569e+00 -2.6457216431e-01  1.5081603609e+00  1.8988610218e+00 -8.3836873923e-01  2.7511795441e+00 -6.6274769372e-01 -9.4225672024e-01  1.7727240319e+00  3.3069143872e-01 -3.0837546254e-01  1.0081549680e+00  8.2320280687e-01 -1.4283245858e+00  3.4157432092e+00 -3.8305068765e-01  2.0043994423e+00 -1.7409680090e+00 -5.0146897477e-02  1.6349712153e+00 -3.0807909696e-01 -4.1614743339e-01 -1.4958215884e+00  2.9615018317e+00  1.0629767791e+00 -2.0457625467e+00  4.7554319228e+00  2.2215606813e+00 -1.9815144368e+00  5.1897634073e+00  1.1589169450e-01 -2.5672239820e+00  5.3335359086e+00  7.9653309571e-03  1.8995038607e-01 -2.2424009257e-01  2.4311479580e+00  1.9670635708e-01  9.2727324811e-01  2.8881646571e+00 -8.4347104269e-01  3.1916053060e+00 -1.6794412290e+00 -1.0028832750e+00  1.3895262542e+00  3.8585310850e-01  1.6328715839e+00 -2.4243119225e+00 -1.3457086047e+00  1.5773420250e+00 -2.0356047031e+00 -4.4065119663e-01  3.0930537893e+00 -1.8393768596e+00 -8.1739872474e-01  1.9966185666e+00  3.8841310807e-01  9.1557328223e-01  2.0577191581e+00 -2.8228841230e-03
ENERGY -6.067351655656e+02
GRADIENT  1.7744694322e-04 -6.9587277582e-04 -3.3731696755e-04 -2.0026544822e-05 -1.4294259423e-05 -3.4872452039e-06 -1.3299202241e-04 -7.3954645326e-06 -7.8377172334e-05 -4.6355373986e-04  1.0743201732e-03  5.6641503470e-04  1.1547221115e-04 -1.2564909364e-05  5.1889221946e-05  1.2309980529e-05 -1.9179292220e-06 -1.2498497857e-06 -6.2873445992e-04 -2.4371079574e-05  1.5715774467e-04  4.7737764996e-05  3.4709875823e-05 -4.6703087405e-05 -1.6768077848e-05 -5.1177668675e-05  6.1725788606e-05  2.7657909408e-05  4.1444610340e-05 -8.9931589144e-05 -4.3887297812e-05 -2.6883369507e-05  1.8881835750e-05  9.9682066768e-04 -3.8236512747e-04 -3.0988109166e-04  9.2463707343e-06 -5.9917644910e-06  1.2366752869e-05  3.3847900086e-06 -1.3558162203e-05  3.8139346270e-06 -1.2512975426e-05  2.2418705240e-06 -1.0690562390e-05 -5.9377192219e-06 -1.0348531212e-05  2.6867879781e-06 -4.2120021263e-06  8.3090711394e-06  7.1427272269e-06  9.9497271319e-06 -2.4835609813e-06  3.5547816913e-06 -1.4362347959e-05 -1.6457570885e-05 -9.7260476155e-06 -1.8193511507e-05  6.5546749740e-06  1.3871071800e-05

JOB 7
COORDS  1.5773431627e+00 -1.4725094577e-01  1.5766572964e+00  1.8463660760e+00 -7.4508747616e-01  2.8065263887e+00 -6.6846486382e-01 -1.0128236109e+00  1.7484070840e+00  2.9069832602e-01 -2.7063285495e-01  1.0360606197e+00  8.0557286765e-01 -1.4444426611e+00  3.4174428993e+00 -4.4060906356e-01  1.9954706759e+00 -1.7503612130e+00  8.7014833696e-02  1.6526187497e+00 -3.7000488178e-01 -4.1143663624e-01 -1.5912453833e+00  2.9214241989e+00  1.0570518965e+00 -2.0916431398e+00  4.7387068445e+00  2.1941928269e+00 -1.9523486613e+00  5.2114964368e+00  1.4070819605e-01 -2.7124064225e+00  5.2666556300e+00 -5.8127484607e-02  2.2341649736e-01 -1.8722651626e-01  2.3541537152e+00  3.9365215617e-01  1.0449562861e+00  2.8210216951e+00 -6.8895051730e-01  3.2751692812e+00 -1.6661916846e+00 -1.1354681278e+00  1.3320512872e+00  1.2898874058e-01  1.4707372810e+00 -2.5226217588e+00 -1.4930741544e+00  1.7133577492e+00 -1.8422475919e+00 -3.5191697690e-01  3.0725781372e+00 -1.9238402982e+00 -4.8038393308e-01  2.1652754999e+00  4.1635474377e-01  1.1423801690e+00  1.9352197892e+00 -2.7369157738e-01
ENERGY -6.067358610596e+02
GRADIENT  4.6655739165e-04 -1.4562986697e-03 -8.0296141366e-04 -1.0139746106e-04 -3.7415587454e-05 -1.9745704689e-05 -6.5703890665e-05 -3.1378697949e-06 -2.0833560921e-06 -1.3463046838e-03  2.4186565124e-03  1.4594738656e-03  1.5200822155e-04 -9.0891133777e-05  1.0128057761e-04  5.2524754883e-06  9.8102753574e-06  6.3466588905e-06 -1.4930663561e-03  2.0356901558e-04  5.0555133769e-04 -1.3071957632e-05  2.1506887803e-05 -8.5320565655e-05 -9.5478741027e-05  2.2886051252e-04  1.1398669140e-04  4.8289628760e-05 -8.5404660711e-05 -3.3614412154e-05  2.6059347699e-05 -9.3983589742e-05 -2.6905142374e-05  2.4192150018e-03 -1.1720488541e-03 -1.1794103547e-03  3.6311118869e-06 -1.1754734995e-06 -6.8929390245e-06 -9.9335867443e-06 -4.5343042801e-06 -3.6546088800e-06 -6.2588640581e-06  6.7795752301e-06 -1.2506048387e-05  8.0341618272e-06  9.2810879501e-06  2.7270819067e-06  5.8492805461e-06 -1.1765592499e-05  3.4028947948e-06 -1.1890059978e-05  5.8305922466e-06  1.5429912306e-06  1.2087804628e-05  2.0220534374e-05  1.3259174430e-06  7.1998245767e-06 -8.8618667482e-06 -7.2394246797e-06

JOB 8
COORDS  1.5371157727e+00 -6.5917250511e-02  1.6441093930e+00  1.8016128786e+00 -6.8125664885e-01  2.8669039445e+00 -6.2907621412e-01 -1.1304003002e+00  1.6835733552e+00  2.9037013044e-01 -2.7840641216e-01  1.0400264414e+00  8.0311317887e-01 -1.4906563182e+00  3.4060586774e+00 -5.3152695335e-01  2.0087330527e+00 -1.6847047092e+00  2.6354974142e-01  1.5914143231e+00 -4.6140122695e-01 -3.7389109416e-01 -1.7241270727e+00  2.8467171491e+00  1.0517971900e+00 -2.1595959120e+00  4.7144885987e+00  2.1479256594e+00 -1.9346950943e+00  5.2482526690e+00  1.7362060828e-01 -2.8805756345e+00  5.1767136484e+00 -6.1916958147e-02  2.1002197443e-01 -1.7883134011e-01  2.2867159487e+00  5.6349370511e-01  1.1755723677e+00  2.7452602548e+00 -5.5446677100e-01  3.3828913454e+00 -1.5929774114e+00 -1.3226986341e+00  1.2169290531e+00 -2.7739545125e-01  1.3794906506e+00 -2.5423181395e+00 -1.6051298501e+00  1.9232075083e+00 -1.4958597950e+00 -3.0247443518e-01  3.0487931287e+00 -1.9376909399e+00  8.0901955620e-03  2.2010960520e+00  4.1322918628e-01  1.3402577853e+00  1.6857756576e+00 -6.4870964922e-01
ENERGY -6.067373385655e+02
GRADIENT  9.9482937197e-04 -2.8389936022e-03 -1.3776082326e-03  1.1388217494e-04  5.7774420284e-06  8.1768642604e-05 -1.5389576705e-05 -1.9101985110e-05  3.6613653979e-05 -3.0804363984e-03  4.7936343278e-03  2.7036002123e-03  9.6395726517e-05  1.1363212840e-05  1.5671284067e-05  3.4481676414e-06 -1.6267304574e-06 -2.5630246318e-06 -2.6407656834e-03  8.3182278170e-04  1.1082471005e-03 -5.1824077768e-05  3.1386173048e-06 -5.7775562401e-05 -1.9079164921e-05  7.2238930878e-05 -3.9186769485e-06  1.6891962132e-05 -3.0191606787e-05  5.1215587472e-06  2.3891763257e-06 -1.9933553466e-05 -2.0183502020e-06  4.5571184342e-03 -2.8160732505e-03 -2.4886952557e-03 -1.0501494845e-05 -1.4675697023e-05  1.5823338947e-05  5.9648447793e-06 -9.3845483894e-06  1.1672657737e-05  4.1797047168e-06  1.6926400792e-05 -1.4811924781e-05  1.2532915191e-05  1.3956337395e-05 -3.7053429413e-06  1.2231009868e-06 -1.6330398721e-05 -2.7601589399e-06 -1.1424048579e-05  7.5487540806e-06  1.5149630893e-05  1.9983720708e-05  1.2380862386e-05  4.5796355126e-07  8.2779525310e-06 -2.3672798658e-05 -3.1891848260e-06

JOB 9
COORDS  1.4534999276e+00  3.9474963751e-03  1.7078993467e+00  1.7454968540e+00 -6.3758314187e-01  2.9116875220e+00 -6.3834091804e-01 -1.2046159986e+00  1.6882533489e+00  2.2960270349e-01 -2.7112693164e-01  1.0822098125e+00  8.0041493180e-01 -1.5297802312e+00  3.4123784320e+00 -5.0749054336e-01  2.0249880578e+00 -1.6585375362e+00  3.3146177755e-01  1.5386214612e+00 -4.9122678569e-01 -3.5525643303e-01 -1.8189964912e+00  2.8316229890e+00  1.0826517493e+00 -2.2276012367e+00  4.6966909845e+00  2.1571330958e+00 -1.9502708055e+00  5.2501037990e+00  2.5115416179e-01 -3.0222269404e+00  5.1239711960e+00 -1.6179877822e-01  2.3515310875e-01 -1.1274042959e-01  2.1651638859e+00  6.9958664691e-01  1.2767927145e+00  2.6731201632e+00 -4.6445620281e-01  3.4430604478e+00 -1.5844623079e+00 -1.4410005340e+00  1.2056393211e+00 -4.3252830322e-01  1.3327988503e+00 -2.5018184721e+00 -1.5587507458e+00  2.1108435652e+00 -1.3703793762e+00 -1.5281684004e-01  3.0079016957e+00 -1.9843217261e+00  2.5294263717e-01  2.2130672370e+00  3.6991114865e-01  1.3876817125e+00  1.4605607469e+00 -7.7772014955e-01
ENERGY -6.067392384467e+02
GRADIENT  1.2812872306e-03 -2.3627772696e-03 -1.4796126001e-03  1.1008323395e-05 -1.6067087586e-05  1.3162511601e-05 -9.0153420390e-06  1.7456316647e-05 -1.9033371680e-05 -3.1101722426e-03  4.3603595533e-03  3.0056421717e-03 -4.8373399859e-05  2.7564345575e-05 -5.0029668613e-05  6.9230607226e-06 -7.3660444742e-07 -1.5319277154e-06 -2.1854818421e-03  1.1868709781e-03  1.2158303185e-03 -9.8251107736e-06 -2.4264062185e-05  2.0063259489e-05  1.6471472239e-05 -2.8905316298e-05  6.4242603740e-06 -1.8413990796e-05 -1.3042957154e-06 -1.0857616627e-05 -2.3046213028e-05  1.6896930082e-05  1.0884217777e-05  4.0276390597e-03 -3.1916694121e-03 -2.6805968109e-03 -1.9454453155e-07 -4.9082601003e-06  4.8540727147e-06 -9.5754882751e-08  3.1574937071e-06  1.5079412293e-06 -1.8723059511e-06 -4.1255282994e-06  8.6054057074e-06  7.9923657356e-06  4.3146945198e-06 -9.0637000761e-07  2.0478029138e-06 -6.1814146154e-06 -3.4298543929e-07 -3.0274509141e-06  5.4615312201e-06  4.3245674832e-06  5.8979753499e-06  2.6495432756e-06 -3.0917381981e-06 -3.5591414930e-06 -1.3614806257e-05 -4.8225226854e-07

JOB 10
COORDS  1.3768602863e+00  9.8606313003e-02  1.7594293276e+00  1.7194783798e+00 -5.7576502340e-01  2.9324247304e+00 -6.4696839759e-01 -1.2219426612e+00  1.7182657971e+00  1.6309152059e-01 -2.2142360619e-01  1.1353122005e+00  8.3316220906e-01 -1.5372573911e+00  3.4089800414e+00 -4.8166898122e-01  2.0166873345e+00 -1.6864298262e+00  3.3340728621e-01  1.5222770411e+00 -5.0578628650e-01 -3.1564306833e-01 -1.8634634621e+00  2.8315759293e+00  1.1728660877e+00 -2.2709544540e+00  4.6574751058e+00  2.2388004583e+00 -1.9576950106e+00  5.2086699384e+00  3.9389448219e-01 -3.1290973259e+00  5.0607295808e+00 -2.9338857722e-01  3.1937313116e-01 -1.8143743629e-02  2.0446965725e+00  8.5058471089e-01  1.3552110943e+00  2.6425951436e+00 -3.7074683556e-01  3.4602922289e+00 -1.5878897079e+00 -1.4868619180e+00  1.2401606431e+00 -5.1308526190e-01  1.2616416785e+00 -2.4767858176e+00 -1.5064776363e+00  2.2448985300e+00 -1.3811083235e+00 -2.8171420233e-02  2.9259747877e+00 -2.0930884069e+00  3.6007843673e-01  2.2648569591e+00  3.0132131616e-01  1.3641632293e+00  1.2981938813e+00 -8.0818703378e-01
ENERGY -6.067406282052e+02
GRADIENT  8.5355599277e-04 -1.2736849491e-03 -9.4160015916e-04 -5.0427208825e-05 -2.1578031697e-05 -2.3829389773e-05  1.8795941143e-05  2.6648903789e-05  2.0110212906e-05 -1.8286891880e-03  2.4640118058e-03  1.9278008759e-03  6.8807997945e-07 -3.9769671368e-05 -1.8462268136e-05  1.4217633234e-05  1.4762501966e-06 -5.4970537931e-06 -1.0255171597e-03  8.8535833545e-04  8.1689266725e-04  5.0730018578e-06 -1.5660576822e-05  1.3227925027e-05 -8.7976440394e-05  7.0177070071e-05  9.1924560207e-05  9.8556795053e-06 -2.8926648448e-05 -3.8006399751e-05  6.7471752228e-06 -4.0599765745e-05 -3.0633720475e-05  2.0426815619e-03 -2.0967445925e-03 -1.8364073687e-03 -7.4376404728e-06  1.1433467487e-05  7.9438435566e-06 -9.3289936557e-06 -8.1310580428e-06  1.9652800114e-07 -7.9214622468e-06  7.8506863555e-07  1.9719588912e-06  1.0303489586e-07 -4.7605627847e-06  3.1563961561e-06  8.6154207135e-06  1.1388162338e-05 -2.3505307239e-06  1.2700013884e-05 -4.6651634990e-06 -7.3975521431e-06 -1.1434311968e-05 -1.0489082312e-05  1.3903292426e-05  3.5873878144e-06  2.3991783294e-05 -1.6567335779e-06

JOB 11
COORDS  1.3265387922e+00  2.0941046278e-01  1.8210154867e+00  1.7297899545e+00 -4.8740174616e-01  2.9615735035e+00 -6.2540283673e-01 -1.2160513337e+00  1.7750821452e+00  1.2099671793e-01 -1.5804484950e-01  1.2072530622e+00  9.0650146333e-01 -1.5098031803e+00  3.4230451903e+00 -4.9633898477e-01  1.9490717380e+00 -1.7238165199e+00  3.0991273230e-01  1.4973740562e+00 -5.2028863089e-01 -2.3786464874e-01 -1.8747507704e+00  2.8591468606e+00  1.3130599449e+00 -2.2676111190e+00  4.6361944433e+00  2.3847533011e+00 -1.9321472499e+00  5.1627456670e+00  5.7858931513e-01 -3.1650104152e+00  5.0377066612e+00 -4.0730385383e-01  4.1408891899e-01  1.0147659551e-01  1.9440433076e+00  1.0116145685e+00  1.4343861919e+00  2.6508867810e+00 -2.4948611651e-01  3.4790528025e+00 -1.5631383110e+00 -1.5118410462e+00  1.3089090964e+00 -6.1376559948e-01  1.1311268232e+00 -2.4399006090e+00 -1.4891207471e+00  2.2903929456e+00 -1.4180437192e+00  1.7636892607e-02  2.7767044125e+00 -2.2224445974e+00  4.3078142115e-01  2.3129476812e+00  2.0380933061e-01  1.3053509843e+00  1.1459217866e+00 -8.1982006406e-01
ENERGY -6.067411354011e+02
GRADIENT  1.1658387795e-04  1.9973327852e-04 -9.7613790649e-05 -2.6113612541e-04 -8.1520211359e-05 -1.3003372175e-04  2.2154329584e-05  1.8190901842e-05 -8.8331995477e-06  5.4507643439e-06 -5.5096087328e-05  8.4132274359e-05  6.9467052730e-05 -1.1776900320e-04  1.1538264986e-04  5.3408389807e-06  1.4729999422e-05  4.9529857214e-06 -2.5287681087e-06  1.6076377471e-05  1.5792930360e-05  3.2643261265e-05  3.4051135653e-05 -2.3032154417e-05 -1.1767448097e-04  4.8337358420e-05  1.3363219672e-04  2.6848587411e-05 -2.8127684331e-05 -5.7899184183e-05  8.4796152295e-06 -6.1459708695e-05 -9.8288986968e-06  2.7160766716e-05 -8.7423215540e-06  5.8444069058e-06  7.3159484014e-06  2.0517104421e-05 -2.6792974101e-05 -2.8817888115e-05 -8.9844912979e-06 -1.0010680543e-05 -6.8961296651e-06 -2.9317211844e-06 -2.0022026296e-06  2.0004345051e-05  1.1528002501e-05 -6.1319059129e-06  2.9704997629e-06 -4.6038248506e-06 -1.8924208701e-06  4.0251841988e-06  1.4484211704e-05  6.2390913736e-06  2.4633579595e-05  8.6176152670e-06 -1.3001731921e-05  3.7995422196e-06 -2.0762776412e-05  1.9179338519e-06

JOB 12
COORDS  1.2729762424e+00  3.0448714402e-01  1.8986814720e+00  1.7058495426e+00 -4.3422484469e-01  3.0009872309e+00 -6.3072861164e-01 -1.1802972992e+00  1.7835208620e+00  8.1760836350e-02 -7.5466577566e-02  1.2648548783e+00  9.1698526405e-01 -1.5051131851e+00  3.4107134506e+00 -4.7478121339e-01  1.9055129989e+00 -1.7601217663e+00  3.1822518221e-01  1.4982006783e+00 -5.3213995198e-01 -2.1808004365e-01 -1.8778401904e+00  2.8340226691e+00  1.3537958634e+00 -2.3111399014e+00  4.5818171461e+00  2.4215043845e+00 -1.9748057690e+00  5.1157461344e+00  6.4248256945e-01 -3.2415802845e+00  4.9481221599e+00 -4.8161040133e-01  5.5552302946e-01  2.0877141805e-01  1.8575784952e+00  1.1493335548e+00  1.5532475748e+00  2.6185542462e+00 -1.8993214534e-01  3.5302846874e+00 -1.5619991305e+00 -1.4809049884e+00  1.3076106971e+00 -6.8215775791e-01  1.0380036782e+00 -2.3925597996e+00 -1.4255677324e+00  2.3620651865e+00 -1.4715104932e+00  9.6910798144e-02  2.6338682000e+00 -2.3436383544e+00  5.3416964741e-01  2.3680758064e+00  1.0097539610e-01  1.2678550685e+00  1.0233591810e+00 -8.0835070293e-01
ENERGY -6.067406266532e+02
GRADIENT -1.0595164910e-03  8.5679234378e-04  1.1519641585e-03  2.6816036250e-04  6.0550572672e-05  2.2190373887e-04 -5.8620165204e-05 -1.4030295323e-04  5.4836756438e-05  1.7674828553e-03 -2.1779011465e-03 -2.3637652487e-03 -9.4386083994e-05  2.5174236078e-04 -1.0203389144e-04 -9.0972864537e-06 -5.8394477407e-06  7.9455642238e-06  4.8042317197e-04 -1.1839080776e-03 -9.3664494618e-04 -1.4033395434e-04 -1.8263703095e-05 -2.0202845002e-05  2.9376651878e-04 -3.2768482084e-04 -4.5539106978e-04 -1.2282594193e-04  1.3113919979e-04  1.1896655778e-04 -1.4990403659e-04  1.3858053310e-04  9.7461742420e-05 -1.2850687347e-03  2.3828204205e-03  2.1744731943e-03 -2.5045351019e-06 -1.2409558088e-05  3.3900992670e-05  2.6286177018e-05  1.0227393133e-05  1.5339646967e-05 -1.4192960747e-05  1.1722567784e-05 -1.0042617296e-05  1.1313269504e-05  8.2088712015e-06 -1.5895861333e-05 -2.5998840369e-06 -1.0499882973e-05  1.2814708366e-07  5.2180189848e-06  9.1525784320e-06  1.8455736120e-05  2.3532545696e-05 -7.4113950331e-06  1.0438761756e-05 -1.1311308126e-06 -1.2015660050e-05  4.0100182076e-06

JOB 13
COORDS  1.2265613551e+00  3.8356547103e-01  1.9936686059e+00  1.6729875344e+00 -4.0516152308e-01  3.0540433953e+00 -6.2782999700e-01 -1.1491974187e+00  1.7670932976e+00  5.6931428168e-02  1.7910630577e-03  1.3217721616e+00  9.1328940721e-01 -1.5231895804e+00  3.3899489685e+00 -4.6977391307e-01  1.8647203315e+00 -1.7728300420e+00  3.3484481141e-01  1.4875448738e+00 -5.4264570826e-01 -2.0369358373e-01 -1.8951260111e+00  2.7813160948e+00  1.3658929713e+00 -2.3857896678e+00  4.5156202202e+00  2.4174358706e+00 -2.0494965360e+00  5.0803008270e+00  6.8403680722e-01 -3.3613810412e+00  4.8133427465e+00 -5.2062166315e-01  6.9943193672e-01  3.1332574933e-01  1.7818085617e+00  1.2690163421e+00  1.7039303287e+00  2.5702502817e+00 -1.6336815845e-01  3.6101584415e+00 -1.5462304814e+00 -1.4481758619e+00  1.2659807976e+00 -7.9245120425e-01  9.7063402737e-01 -2.3132500370e+00 -1.3556581960e+00  2.4411878586e+00 -1.4921920216e+00  1.4359959801e-01  2.4757623469e+00 -2.4424863213e+00  6.6427666070e-01  2.3845729735e+00 -3.5580326867e-03  1.2191338426e+00  8.9483177696e-01 -8.0590137015e-01
ENERGY -6.067392377226e+02
GRADIENT -1.6084014427e-03  1.6858523883e-03  1.9855755789e-03  2.9770531661e-05  1.8986796143e-06  1.3179349516e-06 -1.8004440567e-04 -8.4747429455e-06 -1.3470149263e-04  2.9074631409e-03 -3.7399384804e-03 -3.9077328989e-03 -1.0906712690e-04 -1.8256362371e-06 -1.3644419171e-04 -2.1245686269e-06 -6.8717972738e-06 -1.1781235493e-06  3.5476318313e-04 -2.1858128080e-03 -1.6948847554e-03  4.3800462815e-05 -2.3207654610e-05  2.6517241386e-05 -4.4771145798e-05  1.5301956617e-04  3.6543318840e-05  3.9975789925e-06 -1.1852987742e-04  4.8503741162e-05  6.2413843288e-05  9.9811580969e-06 -5.9428952880e-05 -1.4621747196e-03  4.1404200242e-03  3.8114472183e-03  1.2833546758e-05  1.5112009204e-05  7.5040915818e-06 -3.1980685889e-06  9.8063977840e-06 -9.7628019285e-06 -1.7114837081e-05 -1.9603708963e-05  8.4947245766e-07 -1.3960428479e-05 -1.7645465981e-07  7.9508214973e-06  1.0366584805e-05  1.2652692770e-05 -3.7092584719e-07  7.7818550715e-06 -1.4302166421e-05 -2.5881898013e-06 -2.2868825616e-05 -6.1195484323e-06  3.1096978296e-05  1.0207573107e-05  2.3976181024e-05 -7.1804108659e-07

JOB 14
COORDS  1.1887785883e+00  4.7619440702e-01  2.0707202485e+00  1.6473536925e+00 -3.4066428200e-01  3.1033086310e+00 -5.7808875603e-01 -1.1305310440e+00  1.7133736722e+00  6.0001316240e-02  7.0727675820e-02  1.3455114545e+00  9.3509002321e-01 -1.5109327563e+00  3.3602818559e+00 -5.0863592581e-01  1.8679488034e+00 -1.7815842488e+00  3.5062591203e-01  1.4261151872e+00 -6.1145677907e-01 -1.4472593538e-01 -1.9058666532e+00  2.7040785047e+00  1.4022522520e+00 -2.4082848022e+00  4.4547309238e+00  2.4204422892e+00 -2.0494544823e+00  5.0642439405e+00  7.6343906994e-01 -3.4302479614e+00  4.6831041586e+00 -5.2247109443e-01  8.0821086262e-01  3.6315505064e-01  1.7002792932e+00  1.4049270565e+00  1.8395292467e+00  2.5142892742e+00 -8.2800161145e-02  3.6988764949e+00 -1.4681138966e+00 -1.4474601712e+00  1.1736897517e+00 -1.0093888659e+00  1.0104018483e+00 -2.2392563125e+00 -1.2697240687e+00  2.5812018432e+00 -1.4528746309e+00  1.1708280313e-01  2.3523906297e+00 -2.5378731267e+00  8.5943712771e-01  2.2858070713e+00 -1.5836425016e-01  1.1085811313e+00  6.9661111639e-01 -9.2013737564e-01
ENERGY -6.067373385682e+02
GRADIENT -1.8899478216e-03  1.6281888751e-03  2.1431826212e-03 -9.1595975045e-05 -7.1172253170e-05 -4.0016951564e-05 -1.1647471942e-04 -6.6610561632e-05 -5.2918432636e-05  3.0745920320e-03 -3.5296843427e-03 -4.2075473155e-03  5.3258762399e-05 -1.0470697963e-05  1.4946091628e-05 -5.9340175105e-06  1.0232030664e-06  9.1660596556e-06 -1.7130238152e-04 -2.4220724260e-03 -1.7024528223e-03 -1.1437876790e-05  2.7123466608e-05 -4.7738650283e-05 -8.7792537344e-05  9.0846417920e-05  4.8881586161e-05  2.7024381142e-05 -4.5367647017e-05 -2.3976455739e-07  3.6251943697e-05 -2.2499031226e-05 -2.6155743579e-05 -8.1158849965e-04  4.3736560142e-03  3.8812343524e-03  1.9297893801e-05  1.9476727490e-05  4.1983771252e-06 -8.5276496652e-06  1.0995517666e-05 -1.0266400795e-05 -1.2066063901e-05 -1.0754018344e-05 -4.6977204274e-06 -1.2798986929e-05  2.7302518719e-07  9.9143698688e-06  1.0763950118e-05  1.3638542827e-05 -5.1131406871e-06  9.4360895247e-06 -1.9797036243e-05 -1.5774583964e-06 -1.2190286924e-05 -6.6009071148e-06  2.2073504500e-05  1.3463648648e-05  1.4605707655e-05 -7.6564439520e-07

JOB 15
COORDS  1.1178305949e+00  5.4187938588e-01  2.1358316418e+00  1.5938504476e+00 -2.7525045874e-01  3.1596075974e+00 -4.8920001132e-01 -1.1851179217e+00  1.6281396884e+00  6.0814899418e-02  7.7434787916e-02  1.3421939910e+00  9.6975236028e-01 -1.5104769814e+00  3.3337417561e+00 -5.0776900688e-01  1.9705285900e+00 -1.7442350102e+00  3.5049714209e-01  1.2530563691e+00 -7.1958206024e-01 -3.9968955773e-02 -1.9652302424e+00  2.6110730381e+00  1.4590187621e+00 -2.4131420808e+00  4.4170959879e+00  2.4101979358e+00 -1.9953525689e+00  5.0929161474e+00  9.0115158970e-01 -3.4943993905e+00  4.5701459145e+00 -5.1816392174e-01  8.2202298558e-01  3.5597601850e-01  1.5517934176e+00  1.5224261156e+00  1.9656892187e+00  2.4053461817e+00  2.7339231191e-02  3.8097138929e+00 -1.3241063243e+00 -1.5509878620e+00  1.0340775659e+00 -1.2809722127e+00  1.3033473932e+00 -2.1350444434e+00 -9.9383715292e-01  2.8426727974e+00 -1.2978361259e+00  1.1548066155e-01  2.3082924211e+00 -2.5782687791e+00  1.1281199231e+00  1.9189740870e+00 -3.2609209153e-01  8.3823672015e-01  3.7023275068e-01 -1.1506778707e+00
ENERGY -6.067358607988e+02
GRADIENT -1.0757260123e-03  8.5168835737e-04  1.0565659393e-03 -2.0600196214e-04 -1.2262007129e-04 -1.3242490432e-04  4.0564367710e-05 -1.9107800243e-05  4.2161027666e-05  1.6551017617e-03 -1.6791050835e-03 -2.0406139799e-03  1.0648507685e-04 -7.4493160213e-05  1.4170262050e-04  1.7882991345e-05 -4.0656975469e-06 -3.8177310359e-06 -3.5966536243e-04 -1.3477241511e-03 -8.1192614667e-04 -1.6696112321e-05  2.0969845723e-05 -5.4331191623e-05 -7.1044935889e-05 -7.6222582796e-06  3.7375023606e-05  2.9163336168e-05  1.0700032814e-05 -3.3075879067e-06  1.3072835974e-05 -2.9842476654e-05  2.4131545687e-06 -1.4954204945e-04  2.3423652760e-03  1.8351440013e-03 -5.7920589364e-06  2.8720886115e-05 -1.2303867008e-05 -1.8296783591e-05  7.8746277050e-08 -1.4495161838e-05 -2.5738193289e-06 -5.7920102419e-06  3.6751809385e-06  1.4389047972e-07 -1.2780219787e-06  1.5839849148e-05  1.4817041263e-05  3.8449096927e-06 -6.3730774374e-07 -2.1357523749e-06 -5.4538465815e-06 -1.5584151478e-05 -8.2892049982e-06  1.7609696931e-05  1.2485423505e-05  2.6642229504e-05  1.2141370999e-05 -1.3143466868e-05

JOB 16
COORDS  1.0495169875e+00  6.0904370020e-01  2.2265272773e+00  1.5475735221e+00 -2.2405756355e-01  3.2267651700e+00 -4.1883349351e-01 -1.1917767252e+00  1.5762342141e+00  5.1345229377e-02  1.1686110443e-01  1.3771593719e+00  1.0043852381e+00 -1.5063134697e+00  3.3137231965e+00 -4.7498995255e-01  1.9996240856e+00 -1.7202683458e+00  3.0649584700e-01  1.1197316262e+00 -7.6342540659e-01  5.3196893785e-02 -1.9912031227e+00  2.5346700766e+00  1.5207392792e+00 -2.4311368347e+00  4.3681047971e+00  2.4117354966e+00 -1.9832275310e+00  5.1033445592e+00  1.0408696480e+00 -3.5570418345e+00  4.4396205339e+00 -5.1993050507e-01  8.9037892713e-01  4.0410099416e-01  1.4141764407e+00  1.6257813106e+00  2.1119883973e+00  2.3150361523e+00  9.6853239562e-02  3.9201031150e+00 -1.2086369501e+00 -1.5824177955e+00  9.3766156413e-01 -1.4083672679e+00  1.5129489788e+00 -2.0166519537e+00 -7.1603337811e-01  2.9589649149e+00 -1.2536039032e+00  1.1963247846e-01  2.1889465291e+00 -2.6195783942e+00  1.2446789415e+00  1.6004499304e+00 -4.5791452203e-01  5.5048734938e-01  1.5070938205e-01 -1.2172522850e+00
ENERGY -6.067351659693e+02
GRADIENT -4.6777085100e-04  4.2391094958e-04  4.8529287581e-04 -1.4378774998e-04 -4.8404839445e-05 -1.2001344490e-04 -1.0536872951e-04  8.6054031544e-06 -1.0967582813e-04  7.5210430993e-04 -7.2527189062e-04 -8.2200893790e-04  2.3296923306e-05 -7.0732643807e-05  1.1373703502e-04 -2.9719983689e-06 -8.8295938312e-06 -8.5672192615e-07 -2.5336266448e-04 -5.8438470787e-04 -3.0678024141e-04  3.0208016351e-05  7.7631287543e-05  1.8341039972e-05  7.5073465230e-05 -3.2619304651e-05 -5.2239364629e-05 -2.6448792210e-05 -1.2070488368e-05  5.9329095128e-05 -9.6044186950e-06  1.2159755954e-05  4.6308354125e-05  1.1270181244e-04  9.4358367135e-04  7.7569605237e-04  2.7833922927e-06  2.1385872933e-05  2.8738358413e-06 -2.2053101919e-05 -4.1022045058e-07 -7.6693887738e-06 -7.5619968200e-06 -9.1658390304e-06 -4.6617818536e-06  3.7656152943e-06 -4.8678558991e-06  5.8509829464e-07 -5.4677306303e-07 -3.0040938828e-06  2.7368504022e-06  3.3909694416e-06  1.1879162873e-06  3.5577571079e-06 -5.9238443864e-06  1.2160164412e-05  6.4787866379e-07  6.9618665845e-06  1.9240100163e-07  1.1351782637e-05

JOB 17
COORDS  1.0205310739e+00  6.7373954669e-01  2.3330529146e+00  1.5136893927e+00 -1.9132005490e-01  3.3092397127e+00 -3.3796303980e-01 -1.1475758352e+00  1.5231761075e+00  7.8344649558e-02  1.9000473255e-01  1.4194514253e+00  1.0274097240e+00 -1.4986909237e+00  3.2997195380e+00 -4.7372842633e-01  1.9716187370e+00 -1.7302919953e+00  2.6406341883e-01  1.0429924468e+00 -7.8500885892e-01  1.3323574584e-01 -1.9802383477e+00  2.4532974656e+00  1.5409674881e+00 -2.4595885705e+00  4.3235920207e+00  2.3680319059e+00 -2.0124034085e+00  5.1301797757e+00  1.1219828405e+00 -3.6115046467e+00  4.3014669610e+00 -4.6759581524e-01  1.0065804389e+00  4.6510208451e-01  1.3435395558e+00  1.7095068700e+00  2.2808138153e+00  2.2389256880e+00  1.2131559999e-01  4.0501740225e+00 -1.0844585819e+00 -1.5367227054e+00  8.3322031798e-01 -1.4894892712e+00  1.6095064931e+00 -1.9122142954e+00 -5.3393000431e-01  2.9804284821e+00 -1.3121210473e+00  5.4642975773e-02  2.0223150419e+00 -2.6876166867e+00  1.2850191308e+00  1.3974958927e+00 -5.9123967233e-01  3.2740593219e-01  2.5202774306e-02 -1.1912627250e+00
ENERGY -6.067349324845e+02
GRADIENT -3.5683308949e-05 -5.9753069415e-05  4.9196163621e-06 -3.3485931894e-05  3.3986076241e-05 -2.6766330663e-05 -7.6548930603e-05  3.8963099511e-05 -1.2404551310e-04 -2.8104855898e-05 -1.1571198983e-05 -2.9839548759e-05  7.8193462056e-05 -6.5175785270e-05  1.4217538048e-04 -1.7631161846e-05 -1.1036390778e-05  6.0915543471e-06 -2.1792885097e-05 -4.9712067797e-05 -2.2953700411e-05  1.6469852314e-05  8.6875970296e-05 -2.3880280389e-07  2.6773591098e-05  7.5302216936e-06 -6.5104257231e-06  8.3934993971e-07 -1.4651444222e-05  3.5451047201e-05 -1.9654053229e-05 -3.7392015535e-06  4.3560701202e-05  5.1045190526e-05  8.3296478581e-05  1.8880193634e-06 -6.9600267416e-06 -4.6050381280e-06 -5.0319379056e-06 -1.5645396646e-05 -1.4561003817e-05  3.3091687836e-06 -1.2527126952e-05  2.3884530922e-05 -1.1253444939e-05  2.2539222585e-07  6.1737870790e-06 -4.2283472819e-06  1.1605611787e-06  5.9334162221e-06 -6.1071994111e-06  8.9572276787e-06 -3.0641552272e-06  5.1880336718e-06 -8.7760235042e-06  1.5578406163e-05  8.5591510935e-06  1.5993465019e-05  8.2575639917e-07  1.8490519184e-05

JOB 18
COORDS  1.0033088391e+00  7.2585395600e-01  2.4238179992e+00  1.4710699216e+00 -1.6237953940e-01  3.3919948779e+00 -2.3438642653e-01 -1.1075052774e+00  1.4609791142e+00  1.3314514545e-01  2.4935103879e-01  1.4384276754e+00  1.0392832441e+00 -1.4851294772e+00  3.2995738767e+00 -4.8530895167e-01  1.9695438763e+00 -1.7350972612e+00  2.1302867347e-01  9.8087614237e-01 -8.2116557067e-01  2.1630385047e-01 -1.9617909993e+00  2.3804547805e+00  1.5262224102e+00 -2.4693611203e+00  4.3132212627e+00  2.2885878594e+00 -2.0285577483e+00  5.1845428433e+00  1.1492734138e+00 -3.6325513177e+00  4.2221924469e+00 -3.7749601722e-01  1.1012685613e+00  4.9672814153e-01  1.2905668161e+00  1.7732129544e+00  2.4277561874e+00  2.1423952835e+00  1.4360910732e-01  4.1847125863e+00 -9.2530693751e-01 -1.4980784860e+00  7.1600649063e-01 -1.5549878422e+00  1.7499175616e+00 -1.7954807173e+00 -3.6046192072e-01  2.9914883873e+00 -1.3661383930e+00 -5.9642655944e-02  1.9082966287e+00 -2.7416839973e+00  1.2874027610e+00  1.1930858880e+00 -7.4585771975e-01  9.2269894687e-02 -4.8336620003e-02 -1.1817986272e+00
ENERGY -6.067351164821e+02
GRADIENT  5.3662965103e-04  8.1464897266e-05 -3.9862966797e-04 -1.6563424031e-04 -7.6752733007e-05 -1.4785195950e-04 -7.5026122925e-05 -1.5810013211e-06 -1.3568936622e-04 -5.1911224287e-04  3.1370880026e-04  7.5546868414e-04  8.0517651159e-05 -7.5322604662e-05  2.0349692509e-04  9.5993004473e-06  1.7288800142e-05  1.2667552163e-05  4.3316114787e-04  3.9793017852e-04  1.4185723471e-04  1.9837302083e-05  1.1228812030e-04 -1.6648652990e-05  1.4229933768e-04 -6.5115512990e-05 -7.3174051884e-05 -2.2590596272e-05 -1.2626829683e-06  3.5415675614e-05 -5.5931727731e-05 -1.2936836955e-06  7.5555236618e-05 -3.4617403915e-04 -6.7774182544e-04 -3.7340016674e-04  6.7773535749e-06  1.7169156541e-05 -4.5631469617e-06 -1.1458130505e-05 -1.0481703717e-05 -1.8881155465e-05 -1.2922158528e-05  3.3765307481e-07 -9.0413975404e-06 -4.3651993151e-06  6.4194983832e-06  7.8185692830e-06  5.5255555053e-06  1.9911323088e-06  2.4066931350e-07 -8.3555860031e-06 -7.1573906000e-06  1.8179255650e-06 -3.7139653426e-06 -2.2268229199e-05  1.0737517712e-05 -2.4489276111e-05  8.8089575895e-06 -1.4992166023e-05

JOB 19
COORDS  1.3516995975e+00 -3.3390501951e-01  1.5051317381e+00  1.7182327553e+00 -8.3033195879e-01  2.7543810014e+00 -8.8670101468e-01 -1.1241556941e+00  1.9380443296e+00  2.5428140206e-02 -4.7831374503e-01  1.0825574553e+00  7.2330316411e-01 -1.4593347708e+00  3.5028994284e+00  2.1758063286e-01 -1.8014720805e+00 -1.6470800604e+00 -8.7259506090e-01 -8.9059931347e-01 -1.1002044234e+00 -5.3653590470e-01 -1.6091513360e+00  3.1294750895e+00  1.0778722174e+00 -2.0150480605e+00  4.8418773727e+00  2.2533939799e+00 -1.8669198716e+00  5.2046861299e+00  2.0120475317e-01 -2.5770985994e+00  5.4896838120e+00 -3.5452504692e-01  4.4021509658e-02 -1.2085933829e-01  2.0676475347e+00  1.6390545303e-01  8.5822693696e-01  2.7278830929e+00 -7.4868191094e-01  3.1374143003e+00 -1.9299511760e+00 -1.2368045655e+00  1.6501550550e+00  1.0321819057e+00 -1.2124918140e+00 -2.0787594208e+00  6.2919698819e-01 -2.4456680457e+00 -8.6396190328e-01 -1.9745348621e-01 -2.4452556263e+00 -2.4298726361e+00 -1.6920148131e+00 -1.4725501197e+00 -6.6345495465e-01 -1.2891309949e+00 -2.5393540498e-01 -1.8832151259e+00
ENERGY -6.067358050952e+02
GRADIENT  3.6178501422e-04 -1.0528913289e-03 -7.2128061223e-04  3.7977676693e-05 -3.4249840164e-05  6.2739540243e-05 -2.9903906082e-04 -6.7930279607e-05 -6.4247450319e-05  1.1755207759e-04  1.5839218031e-03  8.9249355403e-04  6.0497085538e-05  5.6455073803e-05 -1.0781090430e-04  2.2356693800e-05  2.7673569784e-05  2.2401650670e-05  1.0648133042e-03 -1.7878419649e-04 -4.4148732968e-04 -2.0849634835e-05  1.8535031400e-05 -5.3723420163e-05 -1.5818025818e-05  5.6143554645e-05 -1.7149613049e-05 -1.3324143763e-05 -3.6995715300e-06 -1.7153556537e-05 -1.8917679383e-05 -9.3259803396e-06 -2.0901622322e-05 -1.3638350941e-03 -4.1670165162e-04  3.8758396975e-04  3.5136749246e-05  3.6302146117e-06  1.1838486609e-05  1.1743162361e-05  1.5658717715e-05 -1.5053740645e-05 -2.8559629742e-05 -8.9071592734e-06 -1.6645851283e-05  1.2068124597e-05  5.2971406084e-08  1.2608619748e-05  2.3619174406e-06 -1.5459728460e-05  5.4841057427e-06 -5.8716793532e-06  2.1669684143e-05  1.5437658987e-08  2.0143828336e-05  5.9252522308e-06  1.6827607237e-05 -2.0431176543e-05  2.6539101178e-06  1.1873380100e-05

JOB 20
COORDS  1.5879644806e+00 -6.5509256632e-01  1.5167861471e+00  1.8794995837e+00 -9.4379143408e-01  2.8463485984e+00 -6.4849723228e-01 -1.4701434121e+00  1.9146113931e+00  2.9516823651e-01 -9.0449627409e-01  1.0358411964e+00  8.5381217200e-01 -1.4926187711e+00  3.6186432391e+00 -5.5183677719e-01 -1.2116682135e+00 -2.5010473395e+00 -7.1310226142e-01 -1.5757159275e+00 -1.0366801219e+00 -3.6660223133e-01 -1.7562696065e+00  3.1866058640e+00  1.1282665316e+00 -1.8216197063e+00  5.0469724446e+00  2.2646323500e+00 -1.5549849899e+00  5.4637083811e+00  2.3046825714e-01 -2.3287068686e+00  5.7115712418e+00  1.9797744552e-02 -5.9675228376e-01 -2.6072520627e-01  2.3334992225e+00 -2.3556319976e-01  8.4811425336e-01  2.8588442243e+00 -7.7028692195e-01  3.2747247355e+00 -1.6594243363e+00 -1.6913209563e+00  1.5809432649e+00 -9.4234170607e-01 -2.0844693201e-01 -2.6937029366e+00  5.0161095296e-01 -1.2377002346e+00 -2.7932603870e+00 -1.1048034372e+00 -1.9238698368e+00 -3.1217226835e+00 -3.0855844136e-01 -2.5715250268e+00 -8.2111087494e-01 -1.7705785208e+00 -1.5601329296e+00 -7.4789825272e-01
ENERGY -6.067370320314e+02
GRADIENT  1.0481646677e-03 -2.8897202248e-03 -9.3103596341e-04 -2.1075858601e-04 -2.3057235806e-05 -1.3475216295e-04  1.3522627129e-04  5.3678982552e-05 -9.8836516889e-06 -1.0222122058e-04  3.7026836228e-03  8.6018326620e-04 -2.4175375869e-05 -7.5752939464e-05  1.6776005872e-04 -7.3628730603e-06  1.4482574867e-06 -2.1033486413e-06  2.6753663437e-03 -1.2714710829e-03 -8.6033134130e-04  7.0842454960e-05 -1.8503300100e-06  1.1186421649e-05 -5.0036769974e-05  5.3077799899e-05  6.8804602460e-05  2.8513978011e-05 -3.3285890576e-05 -1.7543333615e-05  1.3051967120e-05 -3.6536517771e-05  2.4972410986e-05 -3.5075131855e-03  5.0283024513e-04  8.3942364765e-04 -6.0569646060e-06 -4.5131721625e-07 -2.9983277147e-05 -1.8187969446e-05 -1.8122430253e-05 -4.3361680203e-06  5.7422753564e-06  9.5248396416e-07  1.3568744864e-05 -9.4404278766e-06 -3.1570000310e-06 -1.7215753376e-06  1.7641106248e-07  1.1322743726e-05  5.2813063853e-06  7.9636982827e-06 -4.6582195840e-06 -1.7948071457e-06 -1.4383052887e-05 -7.5501527269e-06  9.3578641398e-07 -3.5419251488e-06  1.0127120644e-05 -2.4333496280e-06

JOB 21
COORDS  1.6061952898e+00 -6.0411074395e-01  1.5432046897e+00  1.8695318522e+00 -8.7395772343e-01  2.8804796206e+00 -5.7728000423e-01 -1.5868793503e+00  1.8567275310e+00  3.5275923089e-01 -9.4804906522e-01  1.0130341122e+00  8.5930424079e-01 -1.4988467399e+00  3.6169301714e+00 -5.6362178711e-01 -1.2387312037e+00 -2.5069429428e+00 -7.7803199885e-01 -1.5156591430e+00 -1.0303376445e+00 -3.1951890355e-01 -1.8518498473e+00  3.1389960950e+00  1.1039953046e+00 -1.8077895542e+00  5.0536199396e+00  2.1994948418e+00 -1.4530562709e+00  5.5127225699e+00  2.2412032923e-01 -2.3840365944e+00  5.6855082427e+00  1.2440688269e-01 -6.6094997890e-01 -2.9256527306e-01  2.3428739740e+00 -1.2991093734e-01  9.0184312878e-01  2.8174776221e+00 -6.2915072225e-01  3.3432369642e+00 -1.5551774834e+00 -1.8876439299e+00  1.4907586875e+00 -7.6315746839e-01 -1.8798342987e-01 -2.7351164503e+00  4.6421083931e-01 -1.4702668373e+00 -2.7997289038e+00 -1.2439849947e+00 -1.8573257391e+00 -3.1006654554e+00 -5.6177178432e-01 -2.5611238253e+00 -7.8053560932e-01 -1.8119160606e+00 -1.2945876723e+00 -7.3893303123e-01
ENERGY -6.067390561956e+02
GRADIENT  1.2470677506e-03 -2.7748842082e-03 -8.7418335427e-04 -1.5932350888e-04 -4.7648932595e-05 -1.1371327725e-04  9.4732856907e-05 -3.1233723342e-05 -1.7796197731e-05 -6.3275988981e-04  3.3860071432e-03  6.4056427882e-04  6.3241884277e-05 -2.1155248793e-05  1.9414579783e-04  4.5409797296e-05  6.2016706064e-06  3.0235950277e-06  2.4028647924e-03 -1.7771712791e-03 -7.7211164589e-04  6.9533038506e-05  2.1138798146e-05 -2.8828913736e-05 -3.9246793794e-05 -9.6273941637e-05  6.5907146227e-05  3.8552516842e-05  4.8581011758e-05 -1.1168277163e-04 -4.8376938038e-05 -1.7166889790e-05  5.5224243415e-05 -2.9968546940e-03  1.2244319293e-03  9.1883049475e-04 -2.1646241432e-06 -4.2502460367e-06 -1.6758140869e-05 -4.4932442325e-06 -1.0623164035e-05 -2.1107804924e-06  1.6160666391e-06  6.5723016632e-06 -2.0183754825e-06  3.6351633837e-06  1.6985067489e-06  3.4035814048e-07 -5.1390206525e-07 -2.0657130713e-06 -1.0250628502e-05 -8.9691824006e-06  3.6969414894e-06  1.5132881401e-05 -1.4033461225e-05  3.4584443916e-06  1.3249425138e-05 -4.9974683984e-07  4.2943922670e-05  5.8963509254e-05

JOB 22
COORDS  1.6676330252e+00 -6.3456657367e-01  1.5589880869e+00  1.8973486551e+00 -8.6459845029e-01  2.9083583002e+00 -4.7388073405e-01 -1.7229938190e+00  1.8161150219e+00  4.5522551439e-01 -1.0593157527e+00  9.8980830616e-01  8.9352312223e-01 -1.5250923686e+00  3.6238146531e+00 -6.3025214067e-01 -1.1968615182e+00 -2.5026131054e+00 -7.8392935372e-01 -1.4987604681e+00 -1.0234952906e+00 -2.4789561154e-01 -1.9451299832e+00  3.1131267323e+00  1.1009500709e+00 -1.7905985197e+00  5.0743101994e+00  2.1689690443e+00 -1.3895303712e+00  5.5595864638e+00  2.1926979760e-01 -2.3787634197e+00  5.6927355940e+00  2.7422958635e-01 -8.0665541033e-01 -3.2816578803e-01  2.4002408884e+00 -1.3263700323e-01  9.3423444455e-01  2.8131502507e+00 -5.5833981218e-01  3.3983842245e+00 -1.4228501545e+00 -2.0815265138e+00  1.4289625510e+00 -7.0742965331e-01 -1.2187922112e-01 -2.6878355702e+00  3.3860381494e-01 -1.5457994033e+00 -2.8704414557e+00 -1.4200027166e+00 -1.7034235782e+00 -3.0660847333e+00 -7.0064890624e-01 -2.5739158802e+00 -8.2350163312e-01 -1.7543518902e+00 -1.1486408409e+00 -6.5089696001e-01
ENERGY -6.067405891769e+02
GRADIENT  7.6173970734e-04 -1.5769970153e-03 -4.1949855681e-04 -2.4561220780e-05 -4.5031552495e-06 -1.3322827743e-05 -1.0223538416e-05 -2.2596275230e-05  2.7281074302e-05 -4.9279364674e-04  1.6824841260e-03  4.2205401170e-04 -7.5316183040e-06 -6.0822070872e-06  1.1118350086e-05 -1.4987802676e-05 -9.6457352519e-06  1.3050745748e-06  1.1509937783e-03 -1.3374976636e-03 -4.4712360169e-04  1.3209792936e-05 -7.4422973860e-06  2.6243131522e-06  4.4997776104e-05 -5.0968544511e-05 -2.3609580982e-05  8.2072103382e-06 -1.4257645625e-05  2.7147839004e-05  2.0380281830e-06  4.8161813412e-05  1.1303833468e-05 -1.3475800413e-03  1.2407290621e-03  4.3401733284e-04  1.0414976748e-05 -1.3223463838e-06 -1.6795463059e-06  5.0887391412e-06 -6.1092597450e-06 -5.6746877998e-06  1.0686071587e-05  7.8929084763e-06  2.7276875159e-05 -2.2620833131e-05 -3.2294606956e-06 -7.5380635534e-07  3.4268484609e-06  1.6072117076e-05  1.4886972919e-05  7.7843114881e-06 -1.3155468133e-05 -2.9298252568e-06 -4.0258567674e-05  1.0662355917e-06 -1.5091423711e-05  1.1076112233e-05  3.5813868836e-05  1.0765452648e-05

JOB 23
COORDS  1.6879039651e+00 -6.6564496425e-01  1.5560621985e+00  1.8752806301e+00 -8.3655872105e-01  2.9201234395e+00 -4.0486941737e-01 -1.8534782519e+00  1.7692697021e+00  5.2692445756e-01 -1.1803122643e+00  9.5349802196e-01  8.7772869165e-01 -1.5233742314e+00  3.6200886702e+00 -6.6946633129e-01 -1.1426549071e+00 -2.5093108458e+00 -7.8136847571e-01 -1.4977020030e+00 -1.0383519667e+00 -2.2062077589e-01 -2.0162934098e+00  3.0819068663e+00  1.0403657392e+00 -1.7294703105e+00  5.0855991588e+00  2.0683790054e+00 -1.2606553349e+00  5.5959834431e+00  1.6417237520e-01 -2.3389684890e+00  5.6911151746e+00  3.9461916892e-01 -9.8611884708e-01 -3.7931487266e-01  2.4164326569e+00 -1.4389339708e-01  9.4289398693e-01  2.7507285477e+00 -4.6010906667e-01  3.4344068798e+00 -1.3199869036e+00 -2.2718591509e+00  1.3620762822e+00 -6.1135525117e-01 -5.8818864941e-02 -2.6423735243e+00  2.2203441933e-01 -1.5968879236e+00 -2.9505321777e+00 -1.5492432766e+00 -1.5119538562e+00 -3.0453294112e+00 -8.3133786606e-01 -2.5841845493e+00 -8.9573719880e-01 -1.6734278891e+00 -1.0450467648e+00 -5.8823832855e-01
ENERGY -6.067411523181e+02
GRADIENT -1.7427298064e-04 -1.3977130177e-04  1.9150690536e-04  2.1394200086e-04  8.4958958452e-05  8.7533224877e-05  8.5280943368e-05  1.3144890700e-05  7.1240862319e-05 -2.0483946789e-05  4.8547986278e-05 -1.7754457603e-04 -3.7465600345e-05  3.5061233851e-05 -9.2814821566e-05 -1.0602621412e-05 -4.9854841823e-06  5.2535699750e-06  1.0463221202e-05  3.0178727472e-05 -1.6763477540e-05 -4.6168195403e-05 -4.5696311361e-06  4.7949718079e-05  8.7190012301e-05 -9.9516628095e-05 -4.3810347927e-05 -2.1711360581e-05  5.9412248362e-05  1.1793125393e-05 -1.3547414426e-05  3.1815035449e-05 -4.7619632864e-06 -3.5816804152e-05 -2.4431796164e-05 -5.7820394699e-05 -2.0038624411e-05 -9.0610446979e-06  1.7673991671e-05  1.4114118337e-05  1.3291463667e-05  2.1774738599e-05  1.7815035889e-05  1.8625522212e-05  1.9928306691e-05  1.4612204414e-05 -4.3352248274e-06  7.4299717075e-06 -1.1692111741e-05 -1.7105907063e-05  1.4328894330e-06 -9.1363457971e-06  9.8617548908e-06  6.0155712508e-06  1.8338537042e-05 -4.5602101850e-06  5.9050495993e-07 -1.1418858191e-05 -1.7468474159e-05 -1.5828759814e-06

