JOB 0
COORDS  2.1049505232e+00 -6.7122756993e-01  1.8253870655e-02  1.0503136106e+00 -6.4124298292e-02  6.6618667216e-01  4.6931050801e+00 -3.4539411048e+00  3.4576996691e-01  4.5602413033e+00 -1.6601958288e+00 -1.2598337876e+00  1.5388690102e+00 -1.3740941829e+00  2.6570703942e+00  5.7468824716e+00 -3.9771239899e+00 -3.6722856523e-01  5.6182691345e+00 -2.2140555015e+00 -1.9396676436e+00  2.9205524750e+00 -1.6624604735e+00  6.3181453047e-01  4.0404151414e+00 -2.2627653077e+00 -7.9839299411e-02  7.5770707230e-01 -4.1018829711e-01  2.0017274054e+00  2.5806277338e+00 -1.9695274242e+00  1.9699396160e+00  6.1937852436e+00 -3.3587932493e+00 -1.4899150576e+00 -2.8001107262e-01  2.1869187281e-01  2.5846018319e+00  3.3160675141e+00 -2.8664708079e+00  2.6640541865e+00  2.2768747170e+00 -4.0046713041e-01 -1.0169506306e+00  4.3019174864e-01  6.7360325715e-01  1.6826177568e-01  4.3674614607e+00 -3.9907690094e+00  1.2237847528e+00  4.1605012145e+00 -7.3051339653e-01 -1.6421626778e+00  1.3586851731e+00 -1.6610383315e+00  3.6893821176e+00  6.2567919465e+00 -4.8887265978e+00 -7.7002820731e-02  6.0421609516e+00 -1.7724520561e+00 -2.8342730386e+00  6.9774835057e+00 -3.7570310998e+00 -2.0005334551e+00 -4.1014266089e-01 -8.5193311210e-02  3.4994651120e+00
ENERGY -6.542980599864e+02
GRADIENT  1.0340900811e-03  1.2289840240e-03  6.6125634081e-04  1.3490370936e-04 -1.5458770751e-04  5.4772182561e-05  1.1471550980e-03  8.4889154621e-04  1.0269387730e-03  2.9814945419e-05 -2.0330612936e-05 -3.6198333035e-06  8.8707296955e-05 -3.4299518412e-05 -5.7510106464e-05 -5.9153293289e-05  9.5489464294e-05 -2.2725947605e-05 -1.6769077392e-05 -9.0673684011e-06  2.4860058117e-05 -9.1211741809e-04 -1.3363761583e-03 -5.2012591597e-04 -1.1386358778e-03 -9.0047713205e-04 -1.1864065538e-03 -1.5700728951e-04  1.0806368341e-04  8.3951624798e-05 -3.5896408808e-05  5.2088799216e-05 -7.8345619538e-05  8.0324337818e-05 -3.5883552489e-05 -4.4813900772e-05 -7.5388307915e-05  3.0441313552e-05  9.0424691208e-05 -8.5633231745e-05  1.0804974594e-04 -4.5869812026e-06  1.6783609621e-05 -3.2635586656e-05  2.1379681961e-05 -8.1572609722e-06 -1.9362416634e-05  3.5111246586e-05  2.5537896125e-05 -1.1828587442e-06 -4.1825691410e-05  1.2160969157e-05 -1.7469626179e-06 -3.4124096008e-06 -2.8834440554e-05  1.7216542750e-05  2.5912130998e-06  2.1323506964e-06  3.4541597373e-06 -8.0128208206e-06  1.2523937823e-06 -9.2922977218e-06  1.7982370944e-07  3.4212123773e-06  3.8100729466e-06 -5.2313475611e-06 -1.6687145294e-05  1.2594197250e-05  4.7789806721e-06

JOB 1
COORDS  2.0486468259e+00 -7.4465964714e-01 -2.1803351841e-02  9.6768769683e-01 -1.7259264491e-01  6.1812789654e-01  4.5995633772e+00 -3.4956640019e+00  2.8337507727e-01  4.6588921571e+00 -1.5717665949e+00 -1.1769376073e+00  1.6125607493e+00 -1.2935616510e+00  2.6837874243e+00  5.6369186390e+00 -4.0416882248e+00 -4.3723581419e-01  5.6973703749e+00 -2.1520505994e+00 -1.8675265624e+00  2.9484624924e+00 -1.6187313341e+00  6.4254402278e-01  4.0661347205e+00 -2.2261795286e+00 -6.4734545208e-02  7.4439808554e-01 -4.3904260968e-01  1.9848204278e+00  2.6723902694e+00 -1.8648765657e+00  2.0038785734e+00  6.1674082996e+00 -3.3691255043e+00 -1.4913549324e+00 -3.2077663557e-01  1.5548234692e-01  2.5572858368e+00  3.5007020209e+00 -2.6638490827e+00  2.7136878775e+00  2.1802180296e+00 -5.4969221331e-01 -1.0812440591e+00  2.7439738308e-01  4.7382880062e-01  9.0634166246e-02  4.1935588699e+00 -4.0664811462e+00  1.1070694102e+00  4.3322917858e+00 -5.8557254120e-01 -1.4836929521e+00  1.4825101992e+00 -1.5122058185e+00  3.7400860744e+00  6.0645560767e+00 -5.0124584306e+00 -2.1371675704e-01  6.1876134311e+00 -1.6782828235e+00 -2.7103418807e+00  6.9372456222e+00 -3.7855029180e+00 -2.0088976321e+00 -3.9957589580e-01 -8.7665123436e-02  3.4956917202e+00
ENERGY -6.542984284605e+02
GRADIENT -5.4107558410e-04 -6.7033282753e-04 -1.9345823500e-04  1.0014675164e-04 -7.4384450012e-05  2.6053284183e-05 -6.1884432605e-04 -4.3314671564e-04 -4.5235653803e-04 -6.5319897082e-05  1.7573410959e-04 -4.1527831024e-05  5.2987646027e-05  4.9396216276e-05 -3.2743487544e-04 -5.4631335139e-05  1.3770507337e-04 -3.9929245116e-05 -9.2124676418e-05 -1.0262698961e-04  1.6872198991e-04  4.5234569921e-04  8.5289235022e-04 -1.2633075525e-05  7.1523340706e-04  1.4799136224e-04  7.0155213008e-04 -2.0086367953e-04  9.5704883721e-05  1.2534626994e-04  1.2237766612e-04 -8.8037146968e-05  1.0812123184e-04  1.5724840201e-04 -9.0577301359e-05 -1.1205881494e-04 -8.3677456861e-05  4.7764722109e-05  5.0308299572e-05  6.5226019224e-05 -6.5537394946e-05 -9.8779263728e-06  1.4224373476e-05 -9.1240621698e-07  1.4360779073e-06 -2.4249567785e-06 -3.9313596431e-06  3.2659746069e-05 -1.0143535917e-05 -2.1265872473e-06  2.1001805842e-05 -1.1407380901e-05  1.8002456090e-05  4.2901175109e-06  2.9695209431e-06  1.4184856142e-05 -3.5006636648e-05  1.0364143001e-06  9.1350516594e-06 -1.0363876080e-05  6.3525750137e-07 -1.2423270845e-05  1.0757573849e-05  7.2929057077e-06 -8.9385886431e-06 -4.6929688540e-06 -7.0180748808e-06  9.9400443878e-06 -6.6719253478e-06

JOB 2
COORDS  2.0172333605e+00 -8.1465183043e-01 -3.8290072947e-02  9.0819757087e-01 -2.8757708661e-01  5.9652290141e-01  4.5202077615e+00 -3.5165754418e+00  2.2875109895e-01  4.7667988406e+00 -1.5070109514e+00 -1.0933705152e+00  1.6831035307e+00 -1.2213346527e+00  2.7135603617e+00  5.5323702822e+00 -4.0933009955e+00 -5.0503904624e-01  5.7758919336e+00 -2.1199599303e+00 -1.8023499322e+00  2.9950641633e+00 -1.5606666099e+00  6.6382410324e-01  4.1097071494e+00 -2.1862646547e+00 -3.7608376552e-02  7.3967214863e-01 -4.7926987262e-01  1.9827873192e+00  2.7648720095e+00 -1.7564631212e+00  2.0382831748e+00  6.1396532041e+00 -3.3914326379e+00 -1.4972407353e+00 -3.5510036286e-01  7.2178097060e-02  2.5462196557e+00  3.6650044096e+00 -2.4692671649e+00  2.7533588325e+00  2.1201459995e+00 -6.8083572559e-01 -1.1111799037e+00  1.5242444471e-01  2.6528989236e-01  4.8846085160e-02  4.0433286418e+00 -4.1015668778e+00  1.0049740321e+00  4.5087105974e+00 -4.8292451715e-01 -1.3381585930e+00  1.5894249933e+00 -1.3834789147e+00  3.7838647183e+00  5.8758750275e+00 -5.1092364900e+00 -3.4646839059e-01  6.3211346309e+00 -1.6344988296e+00 -2.6037889379e+00  6.8877290962e+00 -3.8320135281e+00 -2.0270204097e+00 -3.9162504842e-01 -1.1258420066e-01  3.5002120824e+00
ENERGY -6.542968641140e+02
GRADIENT -2.3201055369e-03 -3.5783793623e-03 -6.5786367639e-04  9.4527344683e-05 -7.7985483902e-05  1.1811899875e-04 -2.8013147266e-03 -1.6367199108e-03 -2.9911669404e-03  2.8833382468e-05 -7.2092684752e-05 -3.8920520347e-06  1.4758422119e-05 -5.2587133635e-05  2.4688412277e-04 -8.2931665821e-05  2.2799435965e-04 -2.6897112634e-05  1.8213869679e-06 -2.6484281644e-05  1.7413787204e-05  2.1882872970e-03  4.5110664627e-03 -8.1156813468e-04  2.9910342943e-03  5.4181703181e-04  4.3609170000e-03  2.7621228550e-05 -3.6813441770e-06 -6.3577528711e-05 -1.9446410782e-04  1.5194978821e-04 -8.4468812285e-05  1.1302811072e-04 -5.7473681493e-05 -8.1111784346e-05  2.2619417494e-05 -2.1261310591e-05  1.5421612315e-05 -1.0220370165e-04  8.7153197942e-05 -2.7229905558e-06  1.3792189638e-05 -1.4356672326e-05 -2.0579909083e-05  1.6281670527e-05 -1.0207521421e-05 -7.8276739092e-06 -4.7700679868e-06 -4.5738561994e-06 -1.6019858990e-05 -2.4573910497e-06  4.8049588929e-07 -1.2376888518e-05 -2.3870209187e-05  9.5622642211e-06  2.7168330833e-05  2.0406158363e-06  1.4072122334e-05 -6.8450812415e-06  4.1821541205e-06 -1.1081447951e-05  7.2586486305e-09  6.0419020858e-06  7.7078776252e-06 -1.1382707886e-05  2.8674695148e-08  2.9334730545e-06  5.2668493403e-06

JOB 3
COORDS  1.9785724509e+00 -9.0027520908e-01 -5.7192106050e-02  8.5213876087e-01 -4.0882758196e-01  5.8039331128e-01  4.4320884137e+00 -3.5323290781e+00  1.5167511420e-01  4.8809024513e+00 -1.4612483859e+00 -1.0122327372e+00  1.7557217072e+00 -1.1356885777e+00  2.7278815265e+00  5.4271332332e+00 -4.1370485290e+00 -5.8552717486e-01  5.8681136996e+00 -2.1025833557e+00 -1.7308895050e+00  3.0289401857e+00 -1.5106495566e+00  6.6476311195e-01  4.1444455874e+00 -2.1591990345e+00 -2.7850109251e-02  7.4159149477e-01 -5.1250786100e-01  1.9807439498e+00  2.8519069572e+00 -1.6411142089e+00  2.0511558657e+00  6.1220485807e+00 -3.4151815460e+00 -1.5024198594e+00 -3.7320868338e-01  2.0132909389e-03  2.5445873298e+00  3.8177072067e+00 -2.2635768482e+00  2.7664292240e+00  2.0468537732e+00 -8.3299388844e-01 -1.1394448930e+00  4.1682653153e-02  4.8498754544e-02  2.2807078900e-02  3.8772037198e+00 -4.1248802627e+00  8.6950365649e-01  4.6965338136e+00 -4.0833185424e-01 -1.1952447449e+00  1.7024643126e+00 -1.2337317564e+00  3.8087311265e+00  5.6855242820e+00 -5.1858210968e+00 -4.9234859330e-01  6.4765414960e+00 -1.6105800874e+00 -2.4813316544e+00  6.8539540355e+00 -3.8756635925e+00 -2.0385408576e+00 -3.6484009838e-01 -1.1578984909e-01  3.5095620261e+00
ENERGY -6.542933889374e+02
GRADIENT -3.4925945649e-03 -5.9923343213e-03  1.3483180913e-04 -1.6360760187e-04  9.4681137108e-05 -8.3946776511e-05 -4.1538687189e-03 -1.4855949298e-03 -5.4118389038e-03 -2.2548227421e-05  1.4437100127e-04 -3.5505231006e-05 -2.6705320299e-05 -5.0041881970e-06  1.8085723215e-04  1.9359660394e-05 -5.5757658587e-05  1.1386361181e-05 -1.4549402948e-04 -9.1989974299e-05  1.8424852482e-04  3.1211574415e-03  8.1370964311e-03 -2.7392922143e-03  4.6162871241e-03 -5.9946002055e-04  8.0355042891e-03  1.6303149025e-04 -7.3944393550e-05 -9.0559680764e-05 -6.3439816168e-05  4.2475735851e-05 -7.6166394624e-05  1.0924773472e-04 -7.4769491871e-05 -9.2045362332e-05  5.6582905784e-05 -2.5193255709e-05 -4.7905033938e-05 -3.1562530809e-05  1.9433712856e-05 -8.5235346569e-06 -5.2604970109e-06 -6.9475980862e-08  1.2594353013e-05 -1.1362685227e-05  8.7695983938e-06 -2.2349404553e-05  3.6974452215e-06  7.8736699423e-06 -1.0213115468e-05 -1.3465629282e-05  7.4060138745e-06  1.2151999503e-05  3.4528300073e-06 -6.2221897005e-06  2.0592009214e-05  9.9798642024e-06 -2.1273816869e-06 -9.5196419894e-06 -2.0288339742e-06 -1.4163388354e-05  8.7584376316e-06  6.4415348186e-07 -2.1602268034e-05  7.6120966273e-06  7.1104415999e-06 -5.3947979865e-06  6.8048711450e-07

JOB 4
COORDS  1.8837145949e+00 -1.0355901072e+00 -7.2671385275e-02  7.6212848901e-01 -5.5041306351e-01  5.8351510103e-01  4.3145057447e+00 -3.5576383440e+00  2.4064609831e-02  4.9802566396e+00 -1.4253429274e+00 -8.9720383403e-01  1.8184142960e+00 -1.0178151735e+00  2.7303969852e+00  5.3263291052e+00 -4.1612169740e+00 -6.9528263341e-01  5.9805746920e+00 -2.0645213951e+00 -1.6044210704e+00  3.0031361551e+00 -1.5057955059e+00  6.4364633022e-01  4.1320609564e+00 -2.1602767035e+00 -4.3579112394e-02  7.2985715355e-01 -5.2849703401e-01  1.9901567916e+00  2.9110467310e+00 -1.5176047310e+00  2.0399779118e+00  6.1313020290e+00 -3.4056960113e+00 -1.4839271235e+00 -3.8698150966e-01 -2.8147919483e-02  2.5690843672e+00  3.9519603006e+00 -2.0218075664e+00  2.7455126828e+00  1.8962460407e+00 -1.0608480165e+00 -1.1589206862e+00 -1.0106792270e-01 -1.9145488920e-01  3.3080965686e-02  3.6672102363e+00 -4.1694801840e+00  6.4235857270e-01  4.8672840600e+00 -3.5092038315e-01 -9.9264790699e-01  1.8263323291e+00 -1.0201457749e+00  3.8169719788e+00  5.5146982469e+00 -5.2289035607e+00 -6.8493860421e-01  6.6736365971e+00 -1.5508363057e+00 -2.2612356104e+00  6.8727101269e+00 -3.8647220907e+00 -2.0091429903e+00 -3.1880943066e-01 -5.3927830100e-02  3.5382125315e+00
ENERGY -6.542891178051e+02
GRADIENT -2.9671082534e-03 -5.9706226711e-03  8.2484534155e-04 -9.4932385307e-05  4.2130851724e-05 -9.0261422818e-05 -3.7534100898e-03 -7.8748790039e-04 -5.4878693900e-03  9.5639179958e-06 -1.4346217640e-04 -1.1745432087e-05 -1.7216151763e-05  8.3201678823e-06 -3.0013631070e-04 -2.1511311666e-05  6.1385960791e-07  8.1857607604e-06  8.6532667764e-05  5.9448178596e-05 -8.9077473817e-05  2.5400240466e-03  8.6028075919e-03 -3.7841434311e-03  4.0391924376e-03 -1.7339579443e-03  8.6239681132e-03 -4.3909720325e-05  2.5027292038e-05  6.1218246571e-05  1.6308894401e-04 -9.9461864247e-05  1.9819848232e-04 -5.5992631777e-05  4.5190937543e-05  4.9747049588e-05 -3.0217215419e-05  9.4827112171e-06 -3.0938690027e-05  1.3554970718e-04 -6.9250319633e-05  9.1527554453e-05 -2.7754333429e-05  5.5770062467e-06  2.9049735183e-06 -1.3008289060e-05  4.5829436863e-06  3.7396593049e-06 -3.6672866795e-06  5.0452580427e-07 -2.8751693567e-06  2.1135538877e-06 -7.7556164024e-06 -6.4030860510e-06  1.7843510942e-05 -7.7464621053e-06 -3.8372961158e-05 -1.1040691980e-06  4.4596162201e-07  4.9198447507e-06  4.2785739510e-06  6.7839130451e-06 -1.0733568095e-06 -2.5163885835e-06  1.1972175085e-05  5.1612988372e-07  4.4686873116e-06 -2.8122110861e-06 -9.7623164279e-06

JOB 5
COORDS  1.6980055043e+00 -1.3102838030e+00 -7.7564864915e-02  6.3415811782e-01 -7.4340665126e-01  6.1287628579e-01  4.1732291596e+00 -3.6462603358e+00 -2.4857759369e-01  5.0512444165e+00 -1.4393955243e+00 -6.8837905906e-01  1.9257409855e+00 -8.2768272939e-01  2.6760806546e+00  5.2611879563e+00 -4.1896658047e+00 -9.0781857959e-01  6.1253563762e+00 -2.0175666520e+00 -1.3405096894e+00  2.8918899097e+00 -1.6480608900e+00  5.8422489672e-01  4.0470376486e+00 -2.2499568536e+00 -1.2675911150e-01  7.4456624740e-01 -5.0010009442e-01  1.9933747116e+00  2.9679178065e+00 -1.3920027497e+00  1.9540097638e+00  6.2009208409e+00 -3.3668864717e+00 -1.4316094468e+00 -3.3046647499e-01  5.5097967449e-02  2.6065093204e+00  4.1154522759e+00 -1.7122336979e+00  2.6024687154e+00  1.6047298187e+00 -1.4950870220e+00 -1.1441856680e+00 -2.8869001463e-01 -4.8171042636e-01  1.0607425991e-01  3.4238604245e+00 -4.3060374521e+00  1.7486442823e-01  4.9938551761e+00 -3.5911320201e-01 -6.1199157593e-01  2.0475477941e+00 -6.5466041392e-01  3.7419612554e+00  5.4177537349e+00 -5.2552011335e+00 -1.0337634941e+00  6.9315150692e+00 -1.4502176702e+00 -1.7921356572e+00  6.9985350188e+00 -3.7798678603e+00 -1.9117471114e+00 -1.6051955633e-01  1.8420397365e-01  3.5543568327e+00
ENERGY -6.542867661263e+02
GRADIENT  1.1776196846e-04  1.3663185043e-04 -1.1122563258e-04  7.4099954457e-06  5.7646791674e-06  9.0848928944e-06  8.1005701431e-05  8.1640385273e-05  9.8116095995e-05  7.9004190562e-07 -1.7682852826e-06 -2.5191431780e-05  1.6224354808e-05  3.7708656471e-06 -3.9376110836e-05  5.0303930609e-05 -1.0105163690e-04 -1.1827921261e-05  5.5625326998e-05  5.5201319721e-05 -1.6270190794e-05 -1.4298762464e-04 -1.9430243821e-04  1.8008286655e-04 -1.5200158290e-04  3.9984214897e-05 -2.1298020902e-04 -6.0462312795e-06 -5.3524294380e-06 -1.0578243595e-05  2.0506824720e-05  1.6181978862e-05  7.7692264325e-05 -1.1641615311e-04  3.6769388691e-05  5.5683300451e-05  1.7958244808e-06  1.1637700210e-05 -3.7440450168e-06  5.8796885125e-05 -1.6530145883e-05  4.1294299043e-05 -2.3352557923e-05 -1.1658247100e-05  2.9750975492e-06 -3.6823900701e-06 -8.6454954541e-06 -3.6561011887e-06  1.1419699307e-05 -1.0977152168e-05  4.1666659773e-06  4.1452755721e-06 -1.9700016357e-06  4.6902888400e-06 -2.7437043311e-06 -1.0987405105e-05 -1.8266677583e-06 -1.7861912422e-05 -4.1970466306e-06 -1.7063934380e-06 -5.8838080993e-06  8.2010412863e-06 -4.0792693171e-06 -4.3935968214e-06  1.6368336974e-06  6.7228454289e-06  1.0431049361e-07 -3.1004735010e-06  3.8676375495e-06

JOB 6
COORDS  1.5873319818e+00 -1.5589071070e+00 -1.7953901381e-02  5.4924801156e-01 -9.3789012097e-01  6.6104965468e-01  4.0697331876e+00 -3.6653587836e+00 -4.8773384707e-01  5.1058438463e+00 -1.4823146154e+00 -4.6317480070e-01  1.9945963061e+00 -6.4820160226e-01  2.6020015791e+00  5.1842573735e+00 -4.1650530786e+00 -1.1340719578e+00  6.2038627846e+00 -2.0177855514e+00 -1.1065273636e+00  2.8431443788e+00 -1.7578671919e+00  5.8985976921e-01  3.9951237974e+00 -2.2967525154e+00 -1.5835402117e-01  7.4573264876e-01 -4.8891792294e-01  1.9798892020e+00  3.0149122326e+00 -1.2508486373e+00  1.8832728644e+00  6.2149144345e+00 -3.3354205225e+00 -1.4275118334e+00 -3.1108176367e-01  9.5040432621e-02  2.5926607319e+00  4.2303276701e+00 -1.3816988691e+00  2.4683773432e+00  1.4311486183e+00 -1.8928850206e+00 -1.0401007061e+00 -4.1681472559e-01 -7.8263892915e-01  1.9257551146e-01  3.2574027508e+00 -4.3377463942e+00 -2.3415186883e-01  5.1057945323e+00 -4.2933971017e-01 -2.0483535719e-01  2.1834985090e+00 -3.1268769416e-01  3.6181608996e+00  5.3011259393e+00 -5.2071237784e+00 -1.4097632739e+00  7.0801015307e+00 -1.4404744104e+00 -1.3794262074e+00  7.0329449066e+00 -3.7177872277e+00 -1.8975624796e+00 -8.1162247203e-02  3.7225254521e-01  3.4953065904e+00
ENERGY -6.542890456862e+02
GRADIENT  1.7111749297e-03  5.8430320458e-03 -1.6869232964e-03  1.1507659218e-04 -1.1133690218e-05  6.3083532031e-05  2.7994592014e-03 -1.2588183703e-03  5.4340129414e-03 -2.1282799760e-05 -7.8739994410e-05 -5.0431748558e-06  3.2525165349e-05  8.5175742151e-06  2.4382133521e-05 -8.3442182335e-06  1.3994227833e-04  4.6699242152e-05  1.4718477038e-04  7.3244193295e-05 -3.9663864654e-05 -1.1161707451e-03 -9.4280729975e-03  5.0675305766e-03 -3.4758525989e-03  4.6329274918e-03 -8.9055055346e-03 -5.0047428414e-05  2.2375348964e-05  1.0689900028e-05 -2.8673531517e-05  1.0746879965e-05 -1.1650608209e-05 -4.0613554709e-05  1.5091184773e-05  1.6972670663e-05 -4.0961940411e-06  1.3981644651e-05  3.0828152483e-05 -3.1130788252e-05  3.4998366177e-06 -2.1717456177e-05  3.3129626714e-06 -8.1679383211e-06 -2.7886042766e-06  1.3378870119e-05 -1.4000173183e-06  9.5529941003e-06 -9.6927515283e-06 -9.0146121376e-06  7.5916104503e-06  1.7270501924e-05 -2.3794515841e-06 -2.4706671019e-06 -6.3971794308e-06  3.4815654015e-06  7.4160139221e-06 -8.5303997771e-06  7.7302500551e-06  5.1362137323e-06  5.5646114963e-06  8.8782200302e-06 -1.2271424371e-06  9.3816853373e-06  2.0553131552e-05  4.9878951939e-07 -3.2199385856e-07  3.8157366692e-06  5.8946368102e-06

JOB 7
COORDS  1.5839518849e+00 -1.6994750764e+00  6.1417277473e-02  5.2908463745e-01 -1.0890765614e+00  7.1859431433e-01  4.0045823759e+00 -3.6134874200e+00 -6.0578989666e-01  5.1959910585e+00 -1.5295411861e+00 -3.1475497703e-01  2.0170700300e+00 -5.2045154862e-01  2.5656291007e+00  5.0971357519e+00 -4.1226855487e+00 -1.2764890304e+00  6.2681554987e+00 -2.0749381332e+00 -9.8806065149e-01  2.8767803771e+00 -1.7545071825e+00  6.2908976635e-01  4.0144494208e+00 -2.2832977457e+00 -1.2807556100e-01  7.3827407358e-01 -5.0566099326e-01  1.9831273154e+00  3.0537076907e+00 -1.1125013698e+00  1.8650280903e+00  6.1962651311e+00 -3.3478109744e+00 -1.4548097941e+00 -3.3381304855e-01  5.9011263115e-02  2.5814039041e+00  4.2883540078e+00 -1.1057581784e+00  2.4204274775e+00  1.4178534483e+00 -2.1323661622e+00 -9.2132495996e-01 -4.6014408761e-01 -1.0403514461e+00  2.7605848556e-01  3.1423065311e+00 -4.2507671317e+00 -4.4304684970e-01  5.2695959650e+00 -5.1307258811e-01  5.3248366832e-02  2.2143102579e+00 -8.1716464859e-02  3.5399554183e+00  5.1457353411e+00 -5.1360175506e+00 -1.6588635939e+00  7.1905000981e+00 -1.5373694073e+00 -1.1769270344e+00  6.9983514949e+00 -3.7374471375e+00 -1.9447942574e+00 -9.5295755232e-02  4.3668419479e-01  3.4448510028e+00
ENERGY -6.542931467023e+02
GRADIENT  1.3422090803e-03  6.1970230381e-03 -2.6073371421e-03  2.1109486632e-04 -1.6791792042e-05  7.0697674254e-05  2.8129896593e-03 -2.1064663101e-03  5.8260247652e-03 -3.7948772647e-05  8.5416418010e-05  4.4568781748e-05 -6.6180646808e-08 -7.1491825307e-05 -1.6215365089e-04 -7.5250199449e-07 -9.7093833728e-07  1.1200251019e-05 -1.7778868588e-05 -2.2812588867e-05  8.8268584880e-06 -7.6251332144e-04 -1.0416882486e-02  6.5801655356e-03 -3.5361071840e-03  6.2459370938e-03 -9.9508326093e-03 -1.6112065833e-04  8.7541314907e-05  9.2704339524e-05  1.6016256521e-04  1.4608928039e-05  6.0806339703e-05  1.3391234921e-05  2.5817996940e-06 -9.9375873974e-06 -5.0521896658e-05  3.8183692675e-05  5.3859209300e-05  3.8559791181e-05  1.2225926452e-06  1.5549186710e-05 -8.4981793503e-07 -1.3828703923e-05 -8.0987674631e-06  1.8514172493e-05  2.0851821512e-06  2.0148968871e-05  2.9488966689e-06 -2.3123286359e-06  3.0008210533e-06  1.0669545379e-06  6.2281103017e-07 -5.8060990181e-08 -1.1086066063e-05 -4.8915134804e-06 -1.6511199236e-05  9.3599644948e-07  1.2323285716e-06  1.8776768990e-06 -3.5723503260e-06  2.9317154288e-06 -2.0233953819e-06 -7.2521311936e-07 -1.5148892175e-06 -7.5025486649e-07 -1.0865253172e-05  5.5897251236e-06  3.0825102074e-07

JOB 8
COORDS  1.5974145341e+00 -1.7956890702e+00  1.2832317879e-01  5.2084592307e-01 -1.2172031456e+00  7.7414390789e-01  3.9564476634e+00 -3.5372131913e+00 -6.9899040731e-01  5.2813050486e+00 -1.5748988888e+00 -2.0609670878e-01  2.0169898332e+00 -4.1491432398e-01  2.5265648736e+00  5.0268907913e+00 -4.0655710412e+00 -1.3858828283e+00  6.3272283951e+00 -2.1381583220e+00 -9.0254725699e-01  2.9136458367e+00 -1.7122004762e+00  6.4465203640e-01  4.0437586298e+00 -2.2565961940e+00 -9.8975673257e-02  7.2427604015e-01 -5.2973500656e-01  1.9875730954e+00  3.0734205447e+00 -9.8184846277e-01  1.8368101025e+00  6.1834183910e+00 -3.3607062982e+00 -1.4767751006e+00 -3.6637890276e-01  5.8801089886e-04  2.5788786450e+00  4.3113301376e+00 -8.6119554584e-01  2.3689923674e+00  1.4312992009e+00 -2.3018158926e+00 -8.1839771037e-01 -4.8171472328e-01 -1.2701489343e+00  3.6321415442e-01  3.0526655666e+00 -4.1292668119e+00 -6.0945398171e-01  5.4199054109e+00 -5.9759050542e-01  2.3853805823e-01  2.2094542916e+00  1.0108507861e-01  3.4632094706e+00  5.0121438825e+00 -5.0438524065e+00 -1.8528228609e+00  7.2868649549e+00 -1.6501336922e+00 -1.0297990058e+00  6.9688534650e+00 -3.7639795484e+00 -1.9816643315e+00 -1.3245700368e-01  4.5738016439e-01  3.4048066605e+00
ENERGY -6.542966879677e+02
GRADIENT  5.6631950701e-04  4.0366621617e-03 -2.0468627291e-03 -6.7231683102e-05 -1.3355947076e-05 -3.2715533757e-05  1.7261171157e-03 -1.7908138934e-03  3.8039448295e-03  7.6195290974e-05  2.2186745415e-04  7.3810387907e-05 -4.0617780696e-05 -5.7964066787e-05 -9.4571402621e-05  3.2616905551e-05 -1.7601807187e-04 -1.0495544065e-04 -2.0390229775e-04 -8.5328469226e-05  2.7718782070e-05  2.1557854509e-05 -6.9007615714e-03  4.9933368385e-03 -2.1705442718e-03  4.7711604333e-03 -6.7298252108e-03  1.2541146990e-05  5.8381098125e-06  1.7241057402e-05  4.6157167539e-05  3.6045697552e-05  8.4357895219e-05 -2.8982802449e-05 -5.1644029225e-07  1.5996366528e-05 -1.9445128785e-06 -1.2485116575e-05 -2.4709074095e-05  6.5809675062e-05  1.1721736000e-05  5.4666768506e-05 -9.0645954106e-06  4.1882162731e-06 -7.3768316674e-06 -4.7302851597e-06 -1.9384466407e-06 -4.3695540433e-06  9.6179683816e-06 -8.1102123845e-06 -1.5588196199e-05 -1.9075714334e-06  1.2368526719e-05 -4.9304182477e-08  9.0569943869e-06 -1.0507306194e-05 -1.4892098876e-05 -3.4530825177e-06 -9.5248193249e-06 -5.5695655635e-06 -1.3879496155e-05  4.8296380745e-07  7.0947510951e-06 -1.5559464031e-05 -2.3056168918e-05 -5.8822555242e-06  4.2824377512e-06 -5.0499684067e-06 -3.1569124411e-06

JOB 9
COORDS  1.5949046899e+00 -1.8812388879e+00  1.8792244222e-01  5.0554419331e-01 -1.3311144005e+00  8.3290100200e-01  3.9140604587e+00 -3.4647022684e+00 -7.9580739296e-01  5.3382759322e+00 -1.6370955382e+00 -1.1195975592e-01  2.0016381597e+00 -3.1757835328e-01  2.4699672185e+00  4.9735887236e+00 -4.0080277045e+00 -1.4846079732e+00  6.3707137003e+00 -2.2126184737e+00 -8.1667309078e-01  2.9257197773e+00 -1.6728647918e+00  6.3534211961e-01  4.0554794876e+00 -2.2454274159e+00 -8.1872402737e-02  7.0239700541e-01 -5.4724019231e-01  1.9885070558e+00  3.0691825460e+00 -8.6721791349e-01  1.7842346900e+00  6.1765831017e+00 -3.3782474944e+00 -1.4863369585e+00 -3.9930514239e-01 -4.5581428202e-02  2.5804926666e+00  4.3045864223e+00 -6.4462435515e-01  2.2867608017e+00  1.4213612621e+00 -2.4541577381e+00 -7.1740689406e-01 -5.0446331224e-01 -1.4788717528e+00  4.6569420711e-01  2.9789809449e+00 -4.0114948404e+00 -7.8598591546e-01  5.5264647991e+00 -7.0280604865e-01  3.9886098296e-01  2.1924220948e+00  2.6915846199e-01  3.3643298642e+00  4.9108735231e+00 -4.9432515301e+00 -2.0291914324e+00  7.3602952223e+00 -1.7742723192e+00 -8.7844638795e-01  6.9525960733e+00 -3.7922921107e+00 -1.9964995388e+00 -1.6996743486e-01  4.8367055618e-01  3.3635753742e+00
ENERGY -6.542983958316e+02
GRADIENT  8.3321895622e-05  8.6827827032e-04 -6.4236424004e-04 -9.3883276860e-05  2.1517041824e-06 -2.3812072170e-06  2.9330456227e-04 -5.4024455145e-04  8.7306104333e-04 -2.3808968741e-05 -9.6807853691e-06 -1.3147539271e-05 -8.8366351244e-06  7.0001486888e-05  8.9928209637e-05  3.7157642914e-06  6.0650714591e-05  3.8356047001e-05 -7.3927168882e-05 -3.4727794630e-05  3.0394772337e-06 -1.5164035639e-05 -1.5501820513e-03  1.4190998734e-03 -4.1751651587e-04  1.2669936324e-03 -1.6157651666e-03  1.1249824718e-04 -4.8586237516e-05 -6.4901131597e-05 -1.8777815576e-05 -1.1449462662e-05  5.5901262169e-06  9.5663617709e-05 -4.7718500778e-05 -6.2377701145e-05  3.7779347788e-05 -2.7769774878e-05 -3.2356540964e-05  1.1813672848e-05  1.1192948481e-05  1.0314824045e-05 -6.5925552580e-06 -8.9754838546e-06 -6.2367459653e-07 -4.5880376675e-06 -1.1030003118e-05 -1.2623576973e-05 -5.7009161739e-06  1.3684623955e-05  1.0169336492e-05 -1.0764564293e-05  6.8023268078e-07  6.0659767252e-06  1.1136318430e-05  2.9876611998e-06  9.3223769295e-06  1.3268126383e-05  3.9295698186e-06 -2.3918932271e-06 -8.2246381662e-07 -9.2966962296e-06 -8.8648627238e-06  4.7025909277e-06 -3.1540520583e-06 -4.6630205175e-06  1.0941691211e-05 -2.1577549666e-06  1.9064722447e-07

JOB 10
COORDS  1.5972695978e+00 -1.9695225028e+00  2.7068550277e-01  5.0353674448e-01 -1.4412287733e+00  9.2299071390e-01  3.8912811087e+00 -3.3823948504e+00 -9.0546898080e-01  5.3874607964e+00 -1.7159025244e+00 -1.3109508200e-02  1.9963978575e+00 -2.2039013939e-01  2.4080129904e+00  4.9458395866e+00 -3.9343320759e+00 -1.5924471020e+00  6.4142892883e+00 -2.2965460411e+00 -7.2085460392e-01  2.9362506906e+00 -1.6481231794e+00  6.2776546915e-01  4.0664518087e+00 -2.2423887334e+00 -7.2094254256e-02  6.9516097562e-01 -5.5839511646e-01  2.0060284608e+00  3.0677257270e+00 -7.6123534936e-01  1.7214279049e+00  6.1855509849e+00 -3.3893228515e+00 -1.4930886908e+00 -4.0957593878e-01 -7.8161877114e-02  2.6068810355e+00  4.2971555072e+00 -4.2770912004e-01  2.1738658418e+00  1.4083560864e+00 -2.6191144065e+00 -5.7605831446e-01 -5.0860675228e-01 -1.6835940989e+00  6.1710179059e-01  2.9314578393e+00 -3.8733463794e+00 -9.9572640477e-01  5.6168239362e+00 -8.3903773008e-01  5.7342139372e-01  2.1899446204e+00  4.4268555411e-01  3.2466639768e+00  4.8466183382e+00 -4.8110106793e+00 -2.2222167814e+00  7.4288399478e+00 -1.9148779448e+00 -7.0401929276e-01  6.9570969988e+00 -3.8082880678e+00 -2.0056389918e+00 -1.8277607948e-01  5.2318060437e-01  3.3370799051e+00
ENERGY -6.542981057156e+02
GRADIENT  2.3821931767e-06 -1.3687307068e-03  1.0039703543e-03  4.4450237606e-05  3.1759640822e-05  3.3809689542e-05 -3.1466209140e-04  9.6839272620e-04 -1.3414266263e-03 -5.7816262998e-05 -1.9629634781e-04 -1.3731908027e-04  1.1574160173e-05  6.0533448342e-05  8.4054896189e-05 -8.7657029702e-07  1.5037311667e-04  1.0887094548e-04  9.8556238220e-05  3.9000745376e-05  5.9513398728e-06 -2.4607396833e-04  2.4946840748e-03 -2.2439515002e-03  3.4711721396e-04 -2.1151071604e-03  2.5965138220e-03  4.1889359424e-05 -2.4566495937e-05 -2.9109835703e-05 -3.2516180240e-05 -5.9846814452e-06 -1.6373940470e-05  8.5294411936e-05 -4.5201937858e-05 -5.6208068181e-05  2.7603710896e-05 -6.2010062184e-06 -3.1864325702e-06 -9.6554999038e-06  4.0359617816e-06  1.5467494871e-05  1.7223511851e-06 -2.1966467899e-06 -1.1127468556e-05  1.1528533513e-05 -2.2742844262e-06 -9.4218954560e-06 -3.6579259523e-06  2.1940841812e-05  1.7551747264e-05 -4.8419904886e-06 -1.1314674118e-05 -8.3737792381e-06  6.1169990509e-06  5.6672488799e-06  9.5828029229e-06  1.6432326103e-05  9.0942155775e-06  2.5278088311e-06  1.4796351361e-05 -1.0972397005e-05 -8.6303226097e-06  1.9320298303e-05  1.2805161258e-05  5.7790781897e-06  7.4476702376e-06  4.9926744029e-07  3.3193802669e-06

JOB 11
COORDS  1.5934331598e+00 -2.1060348121e+00  3.9149215620e-01  5.0100620949e-01 -1.5871768642e+00  1.0516371563e+00  3.8507023875e+00 -3.2742945358e+00 -1.0639191164e+00  5.4095788340e+00 -1.8613764250e+00  1.0475128566e-01  1.9760337136e+00 -1.1098736673e-01  2.2963565164e+00  4.8991255450e+00 -3.8308897308e+00 -1.7549398958e+00  6.4307293519e+00 -2.4448112340e+00 -6.0877243877e-01  2.9288271311e+00 -1.6722334837e+00  6.3256021495e-01  4.0533666267e+00 -2.2528805459e+00 -9.1169370572e-02  6.8286336252e-01 -5.7684026344e-01  2.0182608581e+00  3.0470939413e+00 -6.5643188155e-01  1.6128071394e+00  6.1700222435e+00 -3.4134032838e+00 -1.5222766389e+00 -4.1922675140e-01 -1.0801219076e-01  2.6312025555e+00  4.2609906885e+00 -1.5642580072e-01  1.9355782431e+00  1.3989047524e+00 -2.8789937922e+00 -3.4083022662e-01 -5.0361017309e-01 -1.9398446162e+00  8.4402224404e-01  2.8652747461e+00 -3.6519903067e+00 -1.2966709839e+00  5.6786970521e+00 -1.0974459560e+00  8.1631799184e-01  2.1661738573e+00  6.6562117774e-01  3.0319739151e+00  4.7680443698e+00 -4.6084494603e+00 -2.4986892580e+00  7.4697475048e+00 -2.1644072104e+00 -4.7795800050e-01  6.9374216423e+00 -3.8330954834e+00 -2.0402378277e+00 -1.9809385388e-01  5.8328949171e-01  3.2789752016e+00
ENERGY -6.542972893378e+02
GRADIENT  2.4600831288e-05 -5.8227076417e-05 -5.7659532468e-06  1.3591693230e-04  3.2347762569e-05  1.7083432983e-05  1.0220874274e-04  7.3130190641e-05  1.4717894430e-05  3.7567693514e-05 -2.9017922231e-05 -3.6597399859e-05  2.6749529277e-05 -4.5199291113e-05 -2.7125497028e-05 -1.3614405220e-05 -3.5575267591e-05 -3.6159670420e-05 -3.3521708462e-05  5.6589722001e-06  1.1194162513e-05  1.0835870776e-05  5.4704758457e-05 -5.2796767322e-05 -7.3616748589e-05 -3.0834620044e-05  8.6849246480e-05 -1.1286224731e-04  3.8732088584e-05  5.0083196187e-05 -5.2397434646e-05 -1.3921057824e-05 -2.8265247784e-05  9.5828548525e-06 -2.5995069461e-07 -1.3853781315e-05 -3.6587251456e-05  2.8541461585e-05  4.5360970765e-05 -6.8012223608e-05  2.6367040512e-05  3.7491489591e-05  1.6755615302e-05 -2.2662678682e-07 -2.1468576941e-05  5.0933025542e-06  1.5662337299e-05  2.9085397383e-06 -2.8617368304e-06 -6.7063713612e-06  1.4402534253e-05  1.7807248680e-06 -3.3865000885e-05 -2.7673239349e-05 -2.0759459194e-05  3.7786972546e-06 -2.4083210903e-06  2.6629505868e-06 -2.1480779043e-06 -4.1737170844e-08 -9.6717115927e-07 -6.7370212059e-07  2.2299140058e-06 -6.1740674284e-06  1.2829414157e-06  5.5741107038e-07 -1.9685027474e-05  1.4240353723e-06  2.8491412455e-06

JOB 12
COORDS  1.6175348914e+00 -2.2331317185e+00  5.2277994329e-01  5.2697331118e-01 -1.7206404525e+00  1.1927898558e+00  3.8353827292e+00 -3.1272183983e+00 -1.1871685302e+00  5.4090141809e+00 -1.9904753244e+00  2.4358258086e-01  1.9532031869e+00 -1.1483760037e-02  2.1765750323e+00  4.8882696217e+00 -3.6802737696e+00 -1.8757695102e+00  6.4335018901e+00 -2.5687796195e+00 -4.6941233171e-01  2.9255728090e+00 -1.6883504371e+00  6.4875730161e-01  4.0492739030e+00 -2.2448332137e+00 -9.1470075402e-02  6.8612844282e-01 -5.9612843171e-01  2.0290032200e+00  3.0246628480e+00 -5.6150618509e-01  1.4974830719e+00  6.1651658062e+00 -3.3966291190e+00 -1.5113154200e+00 -4.1443596385e-01 -1.3713564804e-01  2.6536527098e+00  4.2133858356e+00  6.3602048219e-02  1.6507391130e+00  1.4602066163e+00 -3.1164543878e+00 -8.5161904555e-02 -4.5652848046e-01 -2.1684142128e+00  1.0980721841e+00  2.8387621529e+00 -3.3615412760e+00 -1.5368827073e+00  5.6736792105e+00 -1.3527498339e+00  1.0734928967e+00  2.1181239877e+00  8.6472276455e-01  2.7974915752e+00  4.7573313931e+00 -4.3430817472e+00 -2.7234557335e+00  7.4788800785e+00 -2.4029306898e+00 -2.3502608510e-01  6.9351617655e+00 -3.8112869773e+00 -2.0296603520e+00 -2.1044764970e-01  6.3443176054e-01  3.2098158265e+00
ENERGY -6.542981060234e+02
GRADIENT -3.0108076283e-04  1.1084350656e-03 -1.2490309963e-03  2.7870145666e-06 -1.2272557237e-05 -4.2929242406e-06  4.0119080141e-05 -1.2994064620e-03  1.0599511008e-03  3.3311191803e-05  5.3499178974e-05  5.4679511427e-05  2.8059631048e-05  4.0299389787e-05  1.7046628916e-05  3.6289109500e-06 -6.6119215922e-05 -8.9307915227e-05  4.3990896088e-05  1.1934690162e-05  6.8438678598e-06  5.2227544899e-04 -2.2938014899e-03  2.3904367637e-03 -1.4107820789e-04  2.4641548751e-03 -2.2478933979e-03 -4.4751153533e-06  5.5472336897e-06  1.6179177996e-06 -1.9213436836e-05 -3.2435957707e-05 -2.2859093089e-05 -1.0204031579e-04  4.5839514462e-05  6.3523351504e-05  6.1454208677e-06  1.1176153936e-05  1.6307870661e-06 -6.4485597410e-05 -1.6346825335e-05  4.1118025636e-06  1.3774918382e-05  4.4932836135e-06  1.1557910618e-05  4.9472707967e-07  4.7209605620e-06  6.9839377764e-06  5.3287623996e-06 -1.0250016242e-05 -1.1813370633e-05  1.5114512144e-05 -7.0016552805e-06 -7.5267385982e-06 -2.5895092892e-06  8.8992008028e-06  7.4204828457e-06 -1.1519922237e-05 -3.4814077635e-06 -1.6718690317e-06  2.4817493324e-07  8.5994180675e-06  6.9460551410e-06 -5.3958409675e-06  1.8787518029e-07 -1.7600245355e-07 -4.2563255036e-07  4.8750384887e-06  2.5974661059e-06

JOB 13
COORDS  1.6449798839e+00 -2.3063754087e+00  6.1346252394e-01  5.6389903882e-01 -1.7976904493e+00  1.3047569461e+00  3.8353976414e+00 -3.0138996894e+00 -1.2721244897e+00  5.3912342571e+00 -2.0899129004e+00  3.2860424821e-01  1.9453367432e+00  5.6262230934e-02  2.0783382859e+00  4.8943426369e+00 -3.5686780504e+00 -1.9526780528e+00  6.4212418433e+00 -2.6650815889e+00 -3.7991734596e-01  2.9172756311e+00 -1.6773199277e+00  6.2676821922e-01  4.0447194247e+00 -2.2517340575e+00 -9.2486698504e-02  7.0563487543e-01 -6.0271020823e-01  2.0399775837e+00  3.0108407923e+00 -4.9558580185e-01  1.3912025494e+00  6.1616647289e+00 -3.3890261684e+00 -1.4994698617e+00 -3.8712376831e-01 -1.4980305531e-01  2.6854686567e+00  4.1839434486e+00  1.7559904233e-01  1.4315075273e+00  1.5203526043e+00 -3.2439895691e+00  8.1149171239e-02 -3.9640757551e-01 -2.3022562208e+00  1.3052372959e+00  2.8412122054e+00 -3.1468687671e+00 -1.6812547873e+00  5.6347339212e+00 -1.5309482730e+00  1.2216507354e+00  2.0903656959e+00  9.8563752355e-01  2.6221806592e+00  4.7783489277e+00 -4.1441438613e+00 -2.8640129712e+00  7.4610107925e+00 -2.5793956827e+00 -8.5347158839e-02  6.9356946732e+00 -3.8015266727e+00 -2.0138792726e+00 -1.9703941050e-01  6.7287516252e-01  3.1681593253e+00
ENERGY -6.542983959354e+02
GRADIENT  2.7737228264e-04 -6.2645296978e-04  8.1677751803e-04  2.7548076953e-05  4.3243133018e-05  1.6260289816e-05  2.9375537823e-05  8.9345810049e-04 -5.9992735143e-04 -1.1118999648e-05 -1.0693765287e-05  2.0355883906e-06  9.0276163207e-06  4.3447510524e-05  2.7349557491e-05  2.9541961196e-05  7.1972968437e-05  1.0841921067e-04 -7.8256636016e-05 -5.9865228429e-07 -1.7827163842e-05 -3.6126683971e-04  1.2947779132e-03 -1.5392958290e-03 -2.7928310398e-05 -1.6179802249e-03  1.2951221646e-03  1.3431018755e-05 -2.2240273467e-05 -2.0521878803e-05 -3.8127928256e-05  1.8019365817e-05 -9.1906399994e-06  1.0686517335e-04 -6.7937034005e-05 -8.3520916405e-05  1.1665023380e-05  6.4902680084e-07 -3.4052011263e-06  2.3914636753e-06 -8.5334013969e-06  6.1167727671e-06  1.0195584529e-06 -1.6491539970e-05 -4.4165662738e-06  5.4717175854e-06 -3.9311482262e-06 -8.9343507527e-06 -1.1125633186e-05  8.1401424340e-06  7.9981042300e-06 -8.9844243400e-06  7.1919531452e-06  6.5676774392e-06 -3.3676279816e-07  5.0348886543e-06  1.3122513328e-06  9.9385263052e-06  1.6581889487e-06  5.3303576918e-06 -1.3781533290e-06 -9.3148182492e-06 -8.9643179205e-06  9.0997577818e-06 -3.4839338643e-06  3.4745387942e-07  2.6438254447e-06  2.0980343353e-06 -1.5237703616e-06

JOB 14
COORDS  1.6574180252e+00 -2.3711399000e+00  6.9474618552e-01  5.9266147038e-01 -1.8617555962e+00  1.4141647936e+00  3.8435690921e+00 -2.9187318574e+00 -1.3564346891e+00  5.3468884466e+00 -2.1933861495e+00  3.9350617740e-01  1.9279245656e+00  1.0072430690e-01  1.9796032876e+00  4.9162882157e+00 -3.4673407766e+00 -2.0236217175e+00  6.3920961500e+00 -2.7558268347e+00 -3.0469518467e-01  2.8878819919e+00 -1.6782562429e+00  5.8561517170e-01  4.0237258883e+00 -2.2758676508e+00 -1.0671329935e-01  7.1946393206e-01 -6.1259313905e-01  2.0544082881e+00  2.9804258468e+00 -4.5489990120e-01  1.2747972410e+00  6.1610007493e+00 -3.3792121841e+00 -1.4891489522e+00 -3.5813382238e-01 -1.6034717163e-01  2.7286859920e+00  4.1369947805e+00  2.4420866075e-01  1.2135039550e+00  1.5555768215e+00 -3.3458489607e+00  2.2613596971e-01 -3.4057827487e-01 -2.4068020376e+00  1.5079284808e+00  2.8628769817e+00 -2.9708590728e+00 -1.8156821339e+00  5.5562331909e+00 -1.7059438472e+00  1.3372226324e+00  2.0583807140e+00  1.0693526106e+00  2.4543192747e+00  4.8313682032e+00 -3.9599462219e+00 -2.9855964935e+00  7.4183917236e+00 -2.7363868402e+00  4.4044793446e-02  6.9452890068e+00 -3.7834748313e+00 -1.9950301360e+00 -1.7989010158e-01  7.0258382606e-01  3.1399223188e+00
ENERGY -6.542966881758e+02
GRADIENT  1.3846954926e-03 -1.7280986098e-03  3.9958656023e-03 -1.5290858006e-04 -8.2170038131e-05  1.4273602522e-05  6.2934241724e-04  3.9099287158e-03 -2.2241335741e-03 -4.7577568472e-06 -6.6991866356e-05 -1.1121250185e-04 -2.8043767297e-05 -1.9533594894e-05 -6.2587509003e-06  2.4027285915e-05  8.0318209918e-05  1.5960989433e-04  1.1760907326e-04 -5.4058039406e-06  3.4235869506e-05 -1.6238133568e-03  4.6723238174e-03 -6.9465291884e-03 -4.7345756141e-04 -6.7637967788e-03  5.1364891216e-03  7.7370676653e-05 -1.7747752836e-05 -4.2572857064e-05 -1.2724298946e-05  3.0465933602e-05  8.5105941841e-06  6.0307216564e-06 -5.9584144903e-06 -1.2338362502e-05  1.7397935154e-05 -3.6927940791e-05 -2.5953220448e-05  3.3439321458e-05  3.0541647237e-05 -6.5356203249e-08 -7.3495229852e-06  5.1845626020e-06  1.3023430739e-05 -1.3122103434e-05 -9.6548648692e-06  1.0992147691e-06 -1.5988135739e-05 -1.9699474291e-07  1.0084938627e-06  1.2672513016e-05 -7.6958282925e-06 -6.3790782415e-06  1.0552435367e-05 -3.6744942789e-06 -5.9295412911e-06 -1.7695514597e-06  4.1883466057e-06  1.0468312283e-05  7.6822768942e-06  1.1042465666e-06  6.5571459663e-07  1.5653426193e-05  4.9015165818e-06  1.7158014672e-05  8.2449070666e-06 -1.7426629353e-06 -6.8982867494e-06

JOB 15
COORDS  1.6693669001e+00 -2.4339354931e+00  7.9561621718e-01  6.2822802277e-01 -1.9094336925e+00  1.5427772205e+00  3.8715502732e+00 -2.8201434094e+00 -1.4356839139e+00  5.2874126031e+00 -2.3098568589e+00  4.5702018644e-01  1.9098126838e+00  1.3868959747e-01  1.8763447521e+00  4.9659122333e+00 -3.3500686604e+00 -2.0871556977e+00  6.3571175133e+00 -2.8461399334e+00 -2.2747880398e-01  2.8508044540e+00 -1.6978958164e+00  5.5233304467e-01  3.9988423983e+00 -2.3072498842e+00 -1.2482498015e-01  7.3885797277e-01 -6.1165719427e-01  2.0781631918e+00  2.9415394867e+00 -4.3101488346e-01  1.1503941366e+00  6.1755949377e+00 -3.3545696230e+00 -1.4731737177e+00 -3.1696075610e-01 -1.4839161854e-01  2.7830610348e+00  4.0756927843e+00  2.8758174866e-01  9.7650328823e-01  1.5828037931e+00 -3.4422320371e+00  3.9992692536e-01 -2.7344698648e-01 -2.4810104122e+00  1.7353393808e+00  2.9152249485e+00 -2.7951306785e+00 -1.9465078860e+00  5.4486919941e+00 -1.9064942518e+00  1.4496616639e+00  2.0287016262e+00  1.1433048211e+00  2.2729762700e+00  4.9267836318e+00 -3.7512842376e+00 -3.0935880093e+00  7.3620693464e+00 -2.8921313679e+00  1.7666163504e-01  6.9763805791e+00 -3.7416802730e+00 -1.9672855182e+00 -1.5049410227e-01  7.5023525710e-01  3.1144491298e+00
ENERGY -6.542931464090e+02
GRADIENT  2.4798795492e-03 -1.9761163152e-03  6.0833074454e-03  4.9047528525e-05  9.7249109523e-07 -1.3598791043e-05  1.5801792225e-03  6.0668525197e-03 -2.5658092392e-03 -5.3235098264e-05  3.4292992563e-06  8.9233532308e-05  3.2761791466e-06 -2.5368840380e-04 -1.1401401247e-04 -1.9706807405e-06  1.5746350183e-05  5.7847221590e-05  2.0359702604e-05 -1.2388511879e-05 -1.3612791511e-05 -3.1327279018e-03  5.9372695393e-03 -1.0276934341e-02 -9.8542280776e-04 -9.9717408463e-03  6.6747554854e-03 -1.4691605530e-04  6.2273324197e-05  1.1398126495e-04  2.0806007045e-04  7.1796348287e-05 -4.2365268594e-05  3.2294928188e-05 -1.2897585450e-05 -3.9969717522e-07 -8.1512675211e-05  5.1596163586e-05  5.2688947374e-05  5.6544268723e-05  2.2111792842e-05 -2.6805221490e-05 -3.1899823068e-06  2.7863374814e-05 -1.7813791166e-05 -2.3956453529e-06  2.9242898071e-05  1.5975301693e-05 -6.2898916908e-06 -1.9258695178e-06  8.8078399117e-06 -1.1473444729e-06 -6.1629131914e-06 -1.3081405987e-07 -7.5111751581e-06 -2.5582821567e-05 -5.6999548486e-06  2.7142456332e-06  1.0529815352e-05  1.7785955605e-06  1.9412534729e-06  9.2795246658e-07 -1.5406987342e-06  7.2696917401e-06 -5.4280155661e-07  1.7843585181e-06 -1.1951168445e-05 -5.4692461594e-06  3.9813575979e-06

JOB 16
COORDS  1.7014942095e+00 -2.5104802370e+00  9.3193653576e-01  6.7514721572e-01 -1.9623533928e+00  1.6872333550e+00  3.9082298489e+00 -2.6976595454e+00 -1.5003352301e+00  5.2239560839e+00 -2.4690626380e+00  5.1347846158e-01  1.8624029596e+00  1.6542789526e-01  1.7512401972e+00  5.0210215781e+00 -3.2000976443e+00 -2.1475427046e+00  6.3152139393e+00 -2.9718158143e+00 -1.6672985589e-01  2.8205572206e+00 -1.7429299486e+00  5.5154449157e-01  3.9792638283e+00 -2.3421949024e+00 -1.3806644392e-01  7.4670695887e-01 -6.1660897863e-01  2.0914096140e+00  2.8793507326e+00 -4.2408417821e-01  1.0170158622e+00  6.1877030737e+00 -3.3261626238e+00 -1.4696225061e+00 -2.9369407639e-01 -1.3724710330e-01  2.8132836721e+00  3.9713404557e+00  3.1758291479e-01  7.1004780944e-01  1.6444513366e+00 -3.5535810381e+00  6.3294240245e-01 -1.8522359189e-01 -2.5537474736e+00  1.9819815520e+00  2.9829222764e+00 -2.5766682991e+00 -2.0530029369e+00  5.3346253147e+00 -2.1829995374e+00  1.5533907860e+00  1.9525930352e+00  1.2071112640e+00  2.0471992834e+00  5.0288112276e+00 -3.4870741309e+00 -3.1930893723e+00  7.2926365456e+00 -3.1059363070e+00  2.8294349638e-01  7.0020144898e+00 -3.6910163008e+00 -1.9596271258e+00 -1.5542738660e-01  7.9596504537e-01  3.0466831730e+00
ENERGY -6.542890460031e+02
GRADIENT  2.7294247696e-03 -1.1698393488e-03  5.5839181567e-03 -1.1507550816e-05  1.4524320852e-06  8.9791186521e-06  1.9865749781e-03  5.7100550061e-03 -1.5795738236e-03  1.8969398382e-06  1.0608234157e-05  2.6824786343e-05  9.6290311033e-06  9.2771479215e-06  5.0264184149e-06  8.3053802719e-06  2.7276125601e-06 -1.4275675574e-05 -8.4143174403e-07  8.9011639349e-06 -1.9526719888e-06 -3.1002511768e-03  4.6001092139e-03 -9.2075264754e-03 -1.5868949188e-03 -9.1364768265e-03  5.1794250486e-03  8.6721264709e-06 -6.4892708768e-06 -6.7213642235e-06 -1.0195485881e-06  3.6689981084e-06  9.0398915689e-06 -1.1474270121e-05 -1.1023008200e-06  1.8391785320e-06  2.4547781720e-06  4.1050478007e-06  6.3385570917e-07  1.9490805094e-06 -4.0036193588e-06 -2.3490627540e-07 -3.7800552505e-06  5.4752601071e-06  4.2683970491e-07  5.6813392897e-07  4.2815524356e-06  6.6917019226e-07  3.0826942313e-06  3.0817536058e-06 -3.5886780694e-06  1.7437340615e-06  4.9710279456e-06  2.4318479841e-08  2.2061904635e-06  4.7099745033e-06 -5.4769550217e-07 -2.8631571196e-07  9.3328828723e-08 -2.6345808803e-07  3.9366676863e-07 -1.2941728501e-08  1.0386533748e-06 -3.1958302582e-08  4.4860682735e-07 -1.0778366579e-06  5.1267701711e-06  4.1606385588e-06 -6.7093988097e-08

JOB 17
COORDS  2.8303388722e+00 -1.5250660473e-01  6.9492365561e-01  1.7808219429e+00  4.2297901850e-01  1.4000256551e+00  5.3135418288e+00 -2.4795255416e+00  5.1612953251e-01  3.9384606514e+00 -2.5458347958e+00 -1.4687208203e+00  9.7618706264e-01 -1.7919186470e+00  2.0152658327e+00  6.3334234385e+00 -3.0882106555e+00 -1.9294997827e-01  4.9804895515e+00 -3.1535307351e+00 -2.1456530929e+00  2.9793124849e+00 -1.5494281499e+00  6.3223241096e-01  4.0880349170e+00 -2.1941529957e+00 -1.1424627153e-01  8.4950123686e-01 -3.9546113186e-01  2.0633193431e+00  2.0367719247e+00 -2.3315655462e+00  1.3011157585e+00  6.1411630678e+00 -3.4071415694e+00 -1.4951627842e+00 -1.5022096227e-01  2.3062194073e-01  2.7329507352e+00  2.1699006392e+00 -3.6802880944e+00  1.2466590160e+00  3.5455280648e+00  4.8698292374e-01  1.8493619057e-01  1.6623694709e+00  1.5001831129e+00  1.4508145924e+00  5.4672040555e+00 -2.2291146724e+00  1.5600802765e+00  3.0083687102e+00 -2.3476821980e+00 -1.9900917081e+00  2.7635284556e-01 -2.4563219874e+00  2.5149561113e+00  7.2985746365e+00 -3.3361886070e+00  2.3452120791e-01  4.9285822198e+00 -3.4505294848e+00 -3.1872017278e+00  6.8989615607e+00 -3.8577011502e+00 -2.0050803979e+00 -7.4033844068e-01 -4.1429555731e-01  3.1569877955e+00
ENERGY -6.542867657550e+02
GRADIENT  1.1861315413e-05  3.3553408659e-05 -1.4036219411e-04 -1.8031722428e-05 -7.4734368066e-05  1.6832083607e-05 -5.1200959274e-05 -9.8442814136e-05  4.7609747170e-05 -2.4897882894e-04  4.7168745812e-05 -1.5933739274e-04 -4.0048120772e-05 -3.2281767108e-05  2.5065391919e-05 -1.3476722454e-04  2.8655389397e-05 -7.1844048635e-05  1.9070283503e-06  1.2560641618e-04  4.3372558743e-04  1.6667853416e-05 -8.5528882512e-05  1.5701714565e-04  1.1065954363e-04  1.7949770662e-04 -1.2778840416e-04  1.4155192483e-05  1.1475326868e-05  1.6861599360e-06 -8.7468593391e-06  3.7995924460e-05  1.5926944866e-05  2.9428378345e-04 -1.6917665616e-04 -1.8193767499e-04  3.1638311691e-06 -8.3199524568e-06 -8.5782199280e-06 -7.5026913527e-06  2.0281007744e-05  2.0486889876e-06 -1.6392468787e-06  8.8805389916e-07 -4.8311984838e-06  2.3175431621e-06 -1.3827089993e-06  1.8342522782e-08 -3.7140318792e-06 -1.0175146092e-07  2.7095876939e-06 -2.7121478635e-05  1.2504424789e-05  1.0864146841e-05 -8.1692558518e-06 -2.1026165617e-06  4.4571751268e-06  1.4248098612e-07 -2.7894393424e-06 -2.1860378138e-05  1.7438281563e-05  5.1745691074e-06  2.3246878107e-05  2.3356118884e-05 -3.5498251025e-06  1.0685218625e-05 -1.6924707425e-06 -3.2159617070e-06  2.9327856719e-06

JOB 18
COORDS  2.6401917540e+00 -2.5827567769e-01  4.4466162274e-01  1.6633143905e+00  3.6761624030e-01  1.2050436689e+00  5.1208178038e+00 -2.7330634976e+00  5.5748964170e-01  4.0272441163e+00 -2.3723895991e+00 -1.5665795914e+00  1.0786538647e+00 -1.7735018057e+00  2.2114658786e+00  6.2068580481e+00 -3.2579210691e+00 -1.1382521069e-01  5.1333414284e+00 -2.9011110201e+00 -2.2041364596e+00  2.8539757059e+00 -1.6490815137e+00  5.2905688211e-01  3.9870736341e+00 -2.2957024060e+00 -1.5926430086e-01  8.6875697187e-01 -3.9065146857e-01  2.0846808586e+00  2.0803914503e+00 -2.3592002751e+00  1.4539092354e+00  6.1863996948e+00 -3.3320006844e+00 -1.4683878780e+00 -7.7366968592e-02  2.7707224581e-01  2.7861610172e+00  2.3111797432e+00 -3.6867367776e+00  1.5945729065e+00  3.2574244524e+00  3.3634822443e-01 -2.2327527060e-01  1.5011562906e+00  1.4384638076e+00  1.1424554815e+00  5.1495255502e+00 -2.6656404421e+00  1.6392798062e+00  3.1846898781e+00 -2.0342241438e+00 -2.1598792810e+00  4.8735336351e-01 -2.3899373201e+00  2.8830893840e+00  7.1055500231e+00 -3.6083415864e+00  3.8125297284e-01  5.2143651318e+00 -3.0019041941e+00 -3.2806521159e+00  6.9947282941e+00 -3.7205973057e+00 -1.9499025829e+00 -5.7340979416e-01 -3.2624451568e-01  3.3644878658e+00
ENERGY -6.542891169501e+02
GRADIENT  3.6129273928e-03  7.4576406074e-04  5.6634374424e-03  1.8320251699e-05  8.2953995948e-05 -1.7567527856e-05  2.8802964243e-03  5.9392677807e-03 -9.4236322413e-04  7.8680291797e-05 -4.5747866876e-05  6.6871274726e-05  2.9378687102e-04  2.4591862994e-04 -3.0956889613e-04 -4.3737203326e-05  3.6511612031e-05 -1.7957878551e-05  3.4257433421e-05  1.3857614519e-05  6.6686629780e-06 -4.2825936919e-03  1.6464898958e-03 -8.6936120142e-03 -2.4179906057e-03 -8.5868138495e-03  4.1044561539e-03 -1.9213489896e-04  1.3131855471e-04  1.5588971469e-04  6.3191495559e-05 -2.0640673888e-04  5.6155104489e-06  4.5978125645e-05 -4.2714107128e-05 -4.5354028926e-05 -1.2357841468e-04  9.5558895873e-05  8.7595802622e-05  7.6709173588e-05 -6.9565944979e-05 -4.8706815159e-05 -3.1181315428e-05 -2.7243127670e-05  2.3499246817e-06 -3.5900269534e-05 -2.1205314366e-06  4.1435984755e-05 -2.1981232246e-05  5.8720572939e-07  3.7233640470e-06 -5.0509220556e-06  2.9342014532e-06  1.8834418252e-05  2.1583562725e-05  3.9524737886e-05 -3.1008343467e-05  4.1982305930e-06 -9.6071521882e-07 -1.2447641439e-05  8.3299286386e-06 -6.4818889113e-06  9.0600072274e-07 -3.9371511830e-07 -2.1397925560e-06 -4.8205252644e-06 -1.0864734446e-07  2.2448125112e-05 -6.3798013856e-06

JOB 19
COORDS  2.5392241633e+00 -3.1446237390e-01  3.2803213379e-01  1.5693084990e+00  3.3015260953e-01  1.0767914951e+00  5.0464450615e+00 -2.8916010003e+00  5.5892052572e-01  4.0899662279e+00 -2.2282479810e+00 -1.5603215442e+00  1.1603640483e+00 -1.7310630115e+00  2.3169760834e+00  6.1390845029e+00 -3.3924484725e+00 -1.1528936936e-01  5.2005692175e+00 -2.7397732079e+00 -2.1984632059e+00  2.8447944744e+00 -1.6785005057e+00  5.3521127412e-01  3.9719681761e+00 -2.3103935819e+00 -1.5395026309e-01  8.6407188743e-01 -3.8002586958e-01  2.0678959092e+00  2.1569272142e+00 -2.3332036401e+00  1.5691131056e+00  6.1922768140e+00 -3.3102481229e+00 -1.4699535222e+00 -8.1742558576e-02  3.0133141286e-01  2.7510487262e+00  2.4603381445e+00 -3.6271754403e+00  1.8250330620e+00  3.0910968769e+00  2.4645747779e-01 -4.2116543896e-01  1.3442170876e+00  1.3804214464e+00  9.2473544222e-01  5.0247892178e+00 -2.9519881924e+00  1.6406502582e+00  3.2981075431e+00 -1.7863277174e+00 -2.1551180585e+00  6.3715446087e-01 -2.3087373690e+00  3.0740667174e+00  6.9915394417e+00 -3.8429762446e+00  3.8041702664e-01  5.3326354822e+00 -2.7224660931e+00 -3.2744166116e+00  7.0052747335e+00 -3.6848274224e+00 -1.9535557511e+00 -5.1319392310e-01 -2.6516134998e-01  3.4129085086e+00
ENERGY -6.542933879797e+02
GRADIENT  4.4555912207e-03  1.8286502074e-03  4.9666014017e-03  5.0505924592e-05 -1.7826169362e-04  1.9783441589e-05  3.3204546162e-03  6.1406669896e-03 -2.7235817444e-04 -1.5209683039e-04  1.0939238425e-04 -1.0630361616e-04  5.3042161517e-05  6.0268746537e-05 -7.2378463551e-05  1.5186768242e-04 -7.9015647874e-05  7.9703072183e-05 -4.3527629023e-05  2.1017123524e-06  2.2540639325e-04 -4.9152466565e-03  6.3874428291e-04 -7.7341357036e-03 -2.9582178778e-03 -8.2320407460e-03  2.7149005092e-03 -7.7972597287e-05  4.7808913188e-05  5.6132536308e-05  3.7364012571e-05 -1.9720941523e-04  1.1147769877e-04  3.9557025827e-05 -2.2529789625e-05 -2.8574112350e-05 -1.1615723202e-05  3.8355413395e-06  1.1914583347e-05 -1.2154228339e-05 -1.1557889928e-04  4.7823479459e-05  9.7582670510e-06  2.4307296125e-05 -2.9286125122e-05  1.3188598145e-05 -1.4980676619e-05 -9.1413721957e-06  2.0319648422e-05  2.2999426957e-07 -2.7394958322e-05 -1.7188121364e-05  1.5058657624e-05  1.4207629038e-05  9.3750829412e-06  5.4473464312e-06 -1.3120662182e-05  1.1774490661e-05 -4.5753453238e-06 -1.3941375826e-06  2.4966827824e-06 -2.0130158098e-06  1.2728543670e-05  1.3872834173e-05 -7.2439394576e-06  2.5419619699e-05 -1.2294345031e-06  7.1328395014e-06  2.4492334615e-06

JOB 20
COORDS  2.4697576062e+00 -3.4761566749e-01  2.6955284173e-01  1.4729630153e+00  2.8884029561e-01  9.8514350507e-01  5.0169668070e+00 -3.0070265374e+00  5.4743649581e-01  4.1580595548e+00 -2.1040537639e+00 -1.5247565211e+00  1.2260408037e+00 -1.6921042494e+00  2.3882435409e+00  6.0895068940e+00 -3.5183054325e+00 -1.4810266144e-01  5.2456786198e+00 -2.6331428041e+00 -2.1833617802e+00  2.8859627410e+00 -1.6658346913e+00  5.7747371477e-01  4.0005029081e+00 -2.2865240691e+00 -1.2847109434e-01  8.3554193390e-01 -3.8636921483e-01  2.0456426034e+00  2.2461544046e+00 -2.2853109467e+00  1.6670711080e+00  6.1837237208e+00 -3.3268668578e+00 -1.4898636057e+00 -1.3923451748e-01  2.8204055108e-01  2.6961277103e+00  2.6124065853e+00 -3.5420067941e+00  2.0081516512e+00  2.9695827191e+00  1.9427321182e-01 -5.2800367171e-01  1.1736306797e+00  1.3062252165e+00  7.5678534122e-01  4.9715084494e+00 -3.1615275415e+00  1.6180477115e+00  3.4089604777e+00 -1.5740818872e+00 -2.1020470242e+00  7.5249337707e-01 -2.2451650976e+00  3.1947597142e+00  6.8962085068e+00 -4.0676332598e+00  3.2386071088e-01  5.3993517476e+00 -2.5377622113e+00 -3.2522633150e+00  6.9809301202e+00 -3.7140927520e+00 -1.9887719883e+00 -5.1909855945e-01 -2.5633083579e-01  3.4112695892e+00
ENERGY -6.542968647286e+02
GRADIENT  2.6870000366e-03  1.5106639607e-03  3.0453722023e-03 -9.1463247674e-06  3.8965361461e-05 -1.2836142017e-05  2.4059059359e-03  3.6868191798e-03  3.7318778434e-04  7.1297400769e-06  1.2459109514e-05 -3.9260145101e-05 -4.4179683945e-06 -1.9919263846e-05  2.7159929937e-06  2.9879096943e-05 -2.8050121374e-05  2.3960221060e-05 -9.4877420802e-06 -1.2224429936e-05  6.0788385074e-05 -2.7780311469e-03 -4.7610183862e-04 -4.2724116215e-03 -2.2447695770e-03 -4.8022118141e-03  8.2061244917e-04  7.8193441913e-06 -8.2225326973e-06 -1.0026472887e-05 -5.5048033427e-05  7.6164511483e-05  1.9961429881e-06 -7.7196694494e-06  5.7710991873e-06 -3.3843048405e-07  2.0414525379e-06  5.5326797800e-06 -1.7055465779e-06 -3.8753997228e-05  7.0487661500e-06  1.0694464155e-05  5.6299079762e-06 -6.0554131811e-06  7.2593883655e-06 -1.5916041615e-06  4.1531464125e-06  2.4862324496e-06  1.8623153110e-05  3.3246529491e-06 -1.6266092156e-05 -1.2072870567e-06  8.3560755427e-06 -5.0987224756e-06 -5.0599138250e-06  5.8339025649e-06  2.9816968645e-06  1.5797060744e-06 -2.7923954682e-06  1.0774465796e-06 -5.5565954525e-07  4.2746957871e-07  5.7768826708e-06  3.0075646720e-06 -2.5961768446e-06  9.4628801498e-06 -5.3435160863e-07  2.6423542165e-07 -3.9330541431e-06

JOB 21
COORDS  2.4155486085e+00 -3.7257924850e-01  2.2406694056e-01  1.3837077626e+00  2.4650756439e-01  9.0022756728e-01  4.9901013426e+00 -3.1010855055e+00  5.3237568446e-01  4.2435390502e+00 -1.9851370715e+00 -1.4757547891e+00  1.2871786440e+00 -1.6339309645e+00  2.4489682474e+00  6.0367127674e+00 -3.6346691793e+00 -1.8417465724e-01  5.3015841219e+00 -2.5424810995e+00 -2.1554589226e+00  2.9394887088e+00 -1.6295476644e+00  6.2481514863e-01  4.0444435859e+00 -2.2464213797e+00 -9.4198554349e-02  8.0493180675e-01 -3.8676451004e-01  2.0194680008e+00  2.3361603637e+00 -2.2128352881e+00  1.7587818161e+00  6.1764598352e+00 -3.3522522617e+00 -1.5053877327e+00 -2.0488211527e-01  2.6109836072e-01  2.6327977172e+00  2.7600772161e+00 -3.4238917359e+00  2.1853022141e+00  2.8658367639e+00  1.4921688066e-01 -6.1419788947e-01  1.0103403420e+00  1.2188348153e+00  5.9696032970e-01  4.9194398404e+00 -3.3368358222e+00  1.5852516283e+00  3.5468178967e+00 -1.3718157531e+00 -2.0340871187e+00  8.5813514062e-01 -2.1593813783e+00  3.2976974891e+00  6.7869421771e+00 -4.2802684743e+00  2.5808440137e-01  5.4783992448e+00 -2.3815175637e+00 -3.2127940346e+00  6.9526322425e+00 -3.7597199752e+00 -2.0205539408e+00 -5.3889002267e-01 -2.4436455100e-01  3.3936437405e+00
ENERGY -6.542984286602e+02
GRADIENT  5.2880141862e-04  3.6539807971e-04  6.2029093919e-04 -6.8016407627e-05  1.4674556983e-04 -4.5719748007e-05  4.9922364777e-04  7.2492168308e-04  1.2366616486e-04 -9.6091905629e-05  8.9946261460e-05 -8.5814373233e-05 -2.2667009791e-08  4.6610552036e-05 -2.0918920173e-05 -4.8123212591e-05  4.7024143566e-05 -3.5879991466e-05 -5.5854912157e-05 -3.9808600080e-05  2.8221059648e-04 -6.2684589636e-04 -2.1906905681e-04 -6.9929417148e-04 -4.7516130303e-04 -8.9008133591e-04  7.2611280094e-06  6.2124291422e-05 -5.0522436378e-05 -2.3192444960e-05  1.4483438152e-05 -6.4046123913e-05  1.2996768637e-05  2.0463890868e-04 -1.0214860285e-04 -1.3032983216e-04  2.4342321122e-05  4.9795631026e-06 -3.1742797688e-05  3.0482990836e-05 -4.8873298333e-05  1.8119506196e-05 -1.6371830966e-05  3.2028941721e-06  7.2407075766e-06 -8.9396314788e-06  1.1152600808e-05 -6.0883375776e-06 -8.1187867908e-06  4.2321155059e-06 -5.2558877017e-07 -1.7081989365e-05  6.1698278082e-06  1.5004868145e-05  8.8502718993e-06 -9.8753489257e-06 -8.3785746754e-06  6.8901641764e-06  1.1105396251e-06 -1.9102582402e-05  1.1869791717e-05 -1.4247881451e-05  1.6363407779e-05  1.6160327058e-05 -1.0582476468e-05  6.4355760999e-06  7.0017768533e-06 -7.1350518967e-06 -5.3680169313e-06

JOB 22
COORDS  2.3461241527e+00 -4.2712191349e-01  1.7791074147e-01  1.2861069759e+00  1.7298949591e-01  8.2357032030e-01  4.9409211775e+00 -3.2037414937e+00  4.9660081625e-01  4.3405161912e+00 -1.8747444203e+00 -1.4227546698e+00  1.3527550622e+00 -1.5739487357e+00  2.5171190959e+00  5.9674979822e+00 -3.7511822917e+00 -2.3759997028e-01  5.3746176442e+00 -2.4493880488e+00 -2.1219873238e+00  2.9760308255e+00 -1.6085981661e+00  6.5897595819e-01  4.0775315791e+00 -2.2233892524e+00 -6.8274728754e-02  7.7506755459e-01 -4.0187091528e-01  2.0057452929e+00  2.4221008728e+00 -2.1392276405e+00  1.8470588428e+00  6.1717169223e+00 -3.3725741666e+00 -1.5250295553e+00 -2.6361483020e-01  2.2336816762e-01  2.5907047508e+00  2.9167126397e+00 -3.2834347984e+00  2.3700375555e+00  2.7307670705e+00  6.2025180135e-02 -7.0946622804e-01  8.3727891507e-01  1.0860328464e+00  4.4714823075e-01  4.8291041564e+00 -3.5285418377e+00  1.5199748354e+00  3.7160884690e+00 -1.1699654093e+00 -1.9554335303e+00  9.8178687186e-01 -2.0576244301e+00  3.4165098755e+00  6.6496261961e+00 -4.4901197415e+00  1.6728899489e-01  5.5922231748e+00 -2.2116746601e+00 -3.1569584474e+00  6.9319185931e+00 -3.7919579460e+00 -2.0539155555e+00 -5.4593600913e-01 -2.3873639906e-01  3.3987917384e+00
ENERGY -6.542980596967e+02
GRADIENT -1.1871280845e-03 -1.2222395001e-03 -5.7150237109e-04 -1.8071220097e-04  3.5212896028e-04 -1.7705932265e-04 -1.0605812880e-03 -1.1893094653e-03 -6.7199141949e-04  3.5205279502e-05 -8.4454363736e-05  1.2839346125e-04 -4.6770776214e-05  8.3593592635e-05 -2.5420340138e-05 -6.1523551475e-05  6.0793409640e-06 -1.9286826985e-05 -1.9870184231e-05 -3.6525210843e-05  1.9558691912e-05  1.1821778892e-03  7.8865563490e-04  1.0440629781e-03  9.7294763467e-04  1.4893345516e-03  4.8995748359e-04  1.4697378618e-04 -7.9803108221e-05  1.8007220311e-05  1.6439453504e-05 -1.3537898029e-04 -1.1423349917e-04  1.2582646381e-04 -4.7799671105e-05 -6.7466198127e-05  5.0265074058e-06  2.0274912613e-07 -5.9906251650e-05  8.5589478241e-05 -3.2963386510e-05  1.7398034775e-06  2.5469261839e-05 -1.0229212384e-06 -5.3715029380e-07 -1.7226757358e-05  3.5497798323e-05 -2.2403839718e-06 -1.6914800865e-05  8.7414925632e-06  1.7458684367e-05 -4.0235656406e-05  3.5075665844e-05  2.6742000468e-05  2.2501567668e-05 -1.7097586732e-05 -7.2337035656e-07  8.1770353711e-06 -1.0596582280e-06 -1.2657600743e-05  1.6389011936e-05 -4.9512445989e-06  2.5700957678e-06  8.7770262537e-06  2.5027256716e-06 -5.1521533248e-07  9.4620956614e-06 -7.5304725425e-06 -4.5592689034e-06

JOB 23
COORDS  2.2217599111e+00 -5.4395470694e-01  9.4125781928e-02  1.1646725809e+00  5.9894009728e-02  7.3932239438e-01  4.8258452622e+00 -3.3396808048e+00  4.2328797320e-01  4.4565530760e+00 -1.7624552041e+00 -1.3563349287e+00  1.4407896887e+00 -1.4802345053e+00  2.5995935486e+00  5.8657961054e+00 -3.8728642885e+00 -3.0230689245e-01  5.5018487392e+00 -2.3237169570e+00 -2.0483176672e+00  2.9490297384e+00 -1.6377735145e+00  6.4565884856e-01  4.0612802042e+00 -2.2451879686e+00 -7.5160147041e-02  7.6107035726e-01 -4.0599339991e-01  2.0075150354e+00  2.4966296005e+00 -2.0594014330e+00  1.9201857330e+00  6.1913403030e+00 -3.3663277931e+00 -1.5180615325e+00 -2.7684713392e-01  2.2162986881e-01  2.5895648295e+00  3.1026609448e+00 -3.0886211752e+00  2.5534666817e+00  2.4911990909e+00 -1.4847215928e-01 -8.7674933848e-01  6.3118557186e-01  8.9161285147e-01  2.9168046795e-01  4.6146609823e+00 -3.7843218478e+00  1.3824869407e+00  3.9504301536e+00 -9.3606751897e-01 -1.8346520287e+00  1.1666470567e+00 -1.8735710073e+00  3.5745804060e+00  6.4617370603e+00 -4.7049855429e+00  5.5081891052e-02  5.8191937149e+00 -1.9726110391e+00 -3.0234923666e+00  6.9629591952e+00 -3.7732229900e+00 -2.0399515059e+00 -4.8398651189e-01 -1.6549326978e-01  3.4576905144e+00
ENERGY -6.542972886042e+02
GRADIENT  5.0472393559e-05  4.1246219322e-05 -1.1164248285e-04 -1.4315775560e-05 -3.8156324374e-05  7.4411469469e-05  4.2517040486e-05  5.2005469756e-05 -8.6798323535e-05  1.3967986691e-04 -1.8423432709e-04  7.1483425692e-05 -1.1310759861e-04 -1.9407126924e-04  4.1700196187e-04 -1.4473269885e-05 -1.1395879266e-05  2.0918213171e-05  2.0331258316e-05  5.1762385261e-05 -1.1678588135e-04  1.2490561615e-05 -2.2063410251e-05  2.6267522598e-05 -1.4483807128e-04  6.3994026182e-05  2.4533181479e-05  1.6428002652e-04 -6.0462286750e-05 -1.3872642862e-04 -1.4542841748e-04  2.5226486016e-04 -1.6678765975e-04 -2.1442377609e-05  1.1212755731e-05  2.2633456989e-05  6.3601144878e-05 -5.9815811418e-05 -1.6799863797e-05 -1.0742565094e-04  1.4117295348e-04 -3.7231872769e-05  4.6496722973e-07 -1.8660483187e-06  5.1114924610e-07  1.6713162037e-05  3.5764183049e-06 -2.3666707643e-05 -9.9013880200e-06  1.3808155594e-05 -3.2448615359e-07  2.3531937738e-05 -1.6878686147e-05  1.3787772254e-05 -2.5154527043e-05 -1.5190702929e-06  5.4477816318e-05  1.6304808999e-06 -5.7241220582e-07  3.5969655205e-07  9.0582214897e-06 -2.4389831065e-06 -5.7073939209e-06 -6.1518011764e-06  4.5934785934e-06 -1.1598932507e-06 -3.5332249210e-06 -2.8330301852e-06  1.0081536132e-05

