JOB 0
COORDS -1.7237674546e+00 -2.5160702670e+00  4.1640436311e+00 -1.6864560839e+00 -2.2062086479e+00  1.7641276415e+00 -1.9742136517e+00 -1.1609374539e+00  4.2888639334e+00 -1.5829843747e+00 -3.0660598725e+00  2.8737584906e+00 -1.9430404643e+00 -8.6334058598e-01  2.0412290609e+00 -3.2235225427e+00 -3.0557462393e-01 -4.9691784090e-03 -7.8972345557e-01  1.5058853919e-01  9.7770081049e-02 -2.3623092112e+00  1.5157052978e+00  1.3922070861e+00 -8.7256420988e-01 -4.9425259755e+00  1.5609359557e+00 -2.0855699500e+00 -3.2797256434e-01  3.2302864672e+00 -2.0783601991e+00  1.1654010566e-01  8.8697219144e-01 -1.3435551613e+00 -4.3821242040e+00  2.7989506220e+00 -1.6359251045e+00 -3.1590300748e+00  5.0334270904e+00 -1.5783476306e+00 -2.5844772742e+00  7.5587771799e-01 -2.0864221208e+00 -7.0350969002e-01  5.2678740230e+00 -3.3318071379e+00  4.2913209286e-01 -8.0327247173e-01 -3.0136351962e+00 -1.2847059639e+00 -4.3037199691e-01 -4.1304936665e+00 -3.4859230598e-01  5.9730226271e-01 -8.9100138745e-01  8.8365957517e-01 -7.0299638304e-01  1.8476474252e-02  4.3347423886e-01  7.7155497821e-01 -5.9446964173e-01 -8.3303143884e-01 -3.2439707410e-01 -2.4481323700e+00  2.1596823001e+00  5.1696741021e-01 -3.2872827354e+00  1.5096030138e+00  1.9629760171e+00 -1.5463329724e+00  1.8376005818e+00  2.0339092518e+00 -6.2032219777e-01 -5.9769144329e+00  1.7880225072e+00  1.9233234404e-02 -4.4106510671e+00  1.2138917518e+00 -1.6573722885e+00 -4.9200211995e+00  7.9744159737e-01
ENERGY -5.365677364061e+02
GRADIENT  2.1915408919e-03  3.3769847199e-04  1.9313412799e-04 -5.4822015514e-05 -1.3874684834e-05  2.7075894798e-05  4.5514301825e-05 -2.5277548737e-05 -3.2293019474e-04 -2.0898625638e-03 -3.9420271600e-04  2.0836721733e-04 -1.9288699083e-05  1.2935250119e-05  2.0798754711e-04  1.6592878058e-05 -1.4547263689e-05 -6.1242736727e-06  2.5942211719e-05  6.1216223445e-06  1.8977641114e-05 -3.9983200837e-06 -2.8301056561e-05  2.1031831193e-05  2.1439023250e-03  3.6906803808e-04  6.5882748434e-04 -1.4778876484e-05  1.8714481300e-04 -7.5400500103e-05 -2.6191074513e-05  1.0141641288e-05  4.9611734774e-05 -2.2096273569e-03 -3.9130191185e-04 -9.6106354249e-04  1.3171444918e-06 -2.4300507826e-05 -6.3452457725e-06  1.4061062838e-05 -1.1688072727e-05  7.7360744084e-06 -4.7163394097e-06  1.6840194985e-05 -3.3462872444e-05  2.8960797961e-06  2.3461508907e-06  6.1458045778e-06 -1.5378033944e-06  1.0717144280e-05 -9.3992223946e-06 -8.7168130265e-08 -6.6788514064e-06 -1.2526572621e-06 -1.7272842360e-07  1.5799718919e-06 -7.9891401390e-07 -8.3512187215e-07  7.5399499396e-06  1.2432483787e-06  6.9593515592e-06  2.3714197403e-06  7.7676235336e-06 -9.7646519082e-06  2.1169196722e-06  1.0671274012e-05 -1.3071614394e-05 -1.3846147024e-05  1.4723695538e-05  5.0507610580e-06 -4.4603219853e-06  6.1099713746e-06  3.6098974581e-06  1.8401241236e-06  2.0991084451e-07  8.9528833759e-06 -2.3523822111e-06 -1.6636208192e-05  2.8581802468e-06  5.8107246974e-06  1.4005278780e-05

JOB 1
COORDS -1.7824850245e+00 -2.5395131680e+00  4.1330714570e+00 -1.7696519901e+00 -2.2140401130e+00  1.7358526666e+00 -1.9806741620e+00 -1.1752720015e+00  4.2704349633e+00 -1.6892276485e+00 -3.0849997894e+00  2.8383973859e+00 -1.9718624018e+00 -8.6502217290e-01  2.0227609000e+00 -3.2793012117e+00 -2.4220900141e-01  1.4518875888e-02 -8.2636775100e-01  1.0943406290e-01  5.3479273216e-02 -2.3034330258e+00  1.5337195253e+00  1.3955483732e+00 -7.8130093156e-01 -4.9310690924e+00  1.6060711448e+00 -2.0767201949e+00 -3.3359644053e-01  3.2188180004e+00 -2.0934496337e+00  1.2631580934e-01  8.7712204313e-01 -1.5051145504e+00 -4.4108541282e+00  2.7380504087e+00 -1.7029790272e+00 -3.1908353005e+00  4.9969953018e+00 -1.6909230363e+00 -2.5949733677e+00  7.2522616158e-01 -2.0554013946e+00 -7.1936016045e-01  5.2538161185e+00 -3.3760883041e+00  4.9912504346e-01 -7.7914090513e-01 -3.1237044143e+00 -1.2285568975e+00 -4.1763273798e-01 -4.1710715409e+00 -2.4735560228e-01  6.4051884653e-01 -9.1732067231e-01  8.5128985512e-01 -7.4037060935e-01  1.1345089204e-02  3.5286361106e-01  7.0631169811e-01 -6.8556375275e-01 -8.7874279057e-01 -3.7955725160e-01 -2.3828051730e+00  2.1856560536e+00  5.2561789308e-01 -3.2131820907e+00  1.5649008620e+00  1.9893711913e+00 -1.4582354532e+00  1.8162043311e+00  2.0178074170e+00 -5.4157960181e-01 -5.9616880791e+00  1.8631439132e+00  1.3952845414e-01 -4.3609750049e+00  1.4487532681e+00 -1.4000134840e+00 -4.9203495168e+00  7.0260978219e-01
ENERGY -5.365657410051e+02
GRADIENT  3.8720541957e-03  5.1721095287e-04  3.9490678840e-05 -1.8005523850e-05  6.5422380039e-06  3.3013761105e-05 -6.1349757544e-06  1.7421373956e-05 -1.7972859481e-05 -3.9948199541e-03 -6.4426462727e-04  9.6929595450e-04 -3.7816666828e-06 -1.5848439314e-06 -3.4235706092e-05  1.0161601679e-05 -2.7487670307e-06 -1.2027840872e-05  1.5952571647e-05  1.8903332361e-06  6.7897736653e-06 -2.1320435895e-06 -8.3812728613e-06 -7.4973790650e-07  3.3300155016e-03  3.1270154776e-04  1.9826663358e-03  2.5645218631e-05  4.3682993613e-06  1.6044582448e-05 -1.0462932622e-05  1.3267302309e-06  1.3559729125e-05 -3.1824792532e-03 -2.2209453496e-04 -2.9925323912e-03  1.1098002881e-06 -3.2577232239e-08  4.0650810311e-07  5.0457910678e-06 -2.1693978961e-06  8.0668735242e-06  1.0021712235e-06 -4.8630057745e-06  3.4041578920e-06 -2.6592596033e-06 -4.0078310972e-06  1.3485007215e-06  3.0832650124e-07  5.9208287808e-06 -5.1089219133e-06  1.3206696932e-06 -7.8698881672e-06 -5.5347127575e-07 -1.6117231467e-06 -8.2869774558e-07  1.3177117616e-06  4.1007671470e-07  2.1702073244e-06  2.8682597449e-06  4.3838239157e-06 -2.0576456141e-06  6.4399935151e-06 -4.8020908575e-06 -2.5256032875e-06  2.7492115587e-06 -3.7668083348e-06 -6.5431888953e-06  6.0658344369e-06  1.1719256052e-06 -2.9426510491e-06 -8.6975050552e-07  1.1207787282e-05 -1.6321229872e-06  3.2965302035e-06  5.0449333444e-06 -2.7365016570e-06 -3.4361244014e-06  1.7082154081e-06 -1.6145145272e-06  7.9334498870e-06

JOB 2
COORDS -2.6342197958e+00 -2.7865092792e+00  3.8251574315e+00 -1.8050752043e+00 -2.2261317916e+00  1.6239125538e+00 -2.9133327439e+00 -1.4398571836e+00  4.0108710466e+00 -2.0833068029e+00 -3.2003434471e+00  2.5999229930e+00 -2.1360264531e+00 -9.1164279889e-01  1.9442277629e+00 -2.7116080161e+00 -9.0220545628e-02 -3.1775560112e-01 -4.2327988209e-01  2.4215016222e-01  5.7381500615e-01 -2.3015642002e+00  1.5387979947e+00  1.4696357990e+00 -5.7599678176e-01 -4.9045464977e+00  1.8451169484e+00 -2.6664728905e+00 -5.0111966504e-01  3.0746066473e+00 -1.8926107217e+00  1.8692187964e-01  9.2303567807e-01 -1.8388308971e+00 -4.5133708846e+00  2.4248977214e+00 -2.8389660342e+00 -3.5200596966e+00  4.5977559362e+00 -1.3733483079e+00 -2.5131695092e+00  6.7249654167e-01 -3.3388532090e+00 -1.0817389455e+00  4.9443310935e+00 -2.5554036177e+00  7.2335908754e-01 -1.0266726969e+00 -2.3955582911e+00 -1.0328498911e+00 -7.5995343925e-01 -3.7610802987e+00 -1.4799007904e-01 -3.0680057887e-02 -2.6354802160e-01  1.0587492582e+00 -1.3075351412e-01  1.4174582219e-01  4.1494624923e-01  1.4893035407e+00 -1.1965900610e-01 -6.9949229994e-01  1.2109954232e-01 -2.0998570728e+00  2.2728013611e+00  6.8949012438e-01 -3.3586760313e+00  1.5190556232e+00  1.7211357833e+00 -1.7230076676e+00  1.7533321079e+00  2.3645168318e+00 -4.9497538560e-01 -5.9763379951e+00  2.0205843897e+00  2.4560927585e-01 -4.3799989656e+00  2.3417565851e+00 -5.5531027914e-01 -4.7151865038e+00  7.6686340605e-01
ENERGY -5.365631458277e+02
GRADIENT  3.7988209734e-03  4.7117875122e-04  1.6024643601e-03  2.9245842192e-05 -1.0222160995e-04 -2.9195900102e-05 -4.5072212140e-06 -7.0122537098e-05  3.8000611981e-05 -4.8478216029e-03 -7.0766701197e-04 -4.3124284686e-04 -2.1154769430e-05  4.4363033203e-05  4.5706401664e-05 -7.0027832969e-06 -5.7299587673e-06  5.0442710498e-06 -8.6048709174e-06 -5.8280327545e-06 -4.7412663222e-06  6.8818173859e-06 -8.8767332074e-06  2.2273461767e-06  1.6473346258e-03 -1.8602598447e-04  3.7112880581e-03  1.4229758765e-05 -2.4953715632e-06 -7.5393843673e-05  2.2665544837e-05  8.1511283713e-06 -2.0274814783e-05 -6.1979655642e-04  5.1952469752e-04 -4.8441133523e-03  8.5776529546e-07 -9.4038985491e-06 -2.6859699112e-06 -5.9396338293e-07 -2.3176530983e-06 -2.7822504300e-07  3.8660256981e-06 -2.4700404729e-06 -1.3607831213e-06  1.2383625019e-06 -1.3038453072e-06 -2.2268288381e-07 -1.6098742862e-06 -8.2656768100e-07  9.8239945353e-07  1.7142706021e-06 -1.7230031544e-06 -4.7373225944e-07  5.2442256104e-06 -1.5511875126e-06  2.2995668894e-06  4.0251546581e-06 -7.8643600614e-06  1.4878763200e-07  3.6444837042e-06  5.3278304825e-06 -6.2606276894e-06  6.6941835911e-06 -2.1987388945e-06  4.0051831971e-06  1.1450978482e-06 -3.6716042605e-06 -2.5606356195e-06  3.2868150730e-06 -7.4434148459e-06  5.2871434420e-06  9.6144353044e-07 -6.3640950653e-06 -7.3631414821e-07  8.2640669153e-07 -4.7840537151e-06 -5.4439687687e-06 -3.3460626421e-06 -3.9157494150e-06 -2.5121904025e-06

JOB 3
COORDS -2.6154411826e+00 -2.8319689384e+00  3.7620006328e+00 -1.8240430141e+00 -2.2362670922e+00  1.5576985037e+00 -2.8709716329e+00 -1.4829037958e+00  3.9817246389e+00 -2.0889215031e+00 -3.2247142281e+00  2.5222565102e+00 -2.1262528291e+00 -9.2420803267e-01  1.9095814017e+00 -2.7674745391e+00 -4.7609287383e-02 -3.1186880333e-01 -4.4239890951e-01  2.2603187531e-01  5.0066060928e-01 -2.2618363057e+00  1.5382170642e+00  1.4907728218e+00 -5.3473890957e-01 -4.9617173890e+00  1.9863476062e+00 -2.6270170988e+00 -5.3091614021e-01  3.0613758994e+00 -1.8986610034e+00  1.9047819250e-01  9.0331125629e-01 -1.8851421080e+00 -4.5397032401e+00  2.2800214098e+00 -2.8245128451e+00 -3.5787197608e+00  4.5207793785e+00 -1.4302176477e+00 -2.5194032302e+00  5.8817058331e-01 -3.2795032673e+00 -1.1385046354e+00  4.9279657921e+00 -2.6208348933e+00  7.7603408580e-01 -1.0111446805e+00 -2.4861376188e+00 -9.8789367498e-01 -7.8179336251e-01 -3.8067866974e+00 -9.0617872886e-02  1.2355642646e-02 -2.9404893720e-01  1.0522196850e+00 -1.9512789088e-01  1.5932129322e-01  3.7233582179e-01  1.3971929336e+00 -1.7314420610e-01 -7.1236921369e-01  2.0349575620e-02 -2.0720849378e+00  2.2844158120e+00  7.1925794991e-01 -3.3099088940e+00  1.5338622338e+00  1.7780955648e+00 -1.6487377074e+00  1.7229808542e+00  2.3692752284e+00 -5.9104760224e-01 -6.0378366282e+00  1.8288003947e+00  1.1810413591e-01 -4.7397795181e+00  2.8359820051e+00 -1.5121107360e-01 -4.4808990281e+00  1.0803229419e+00
ENERGY -5.365611545230e+02
GRADIENT  2.1394193401e-03  1.3777620369e-04  7.9758429864e-04  1.9427945630e-05  4.2886252039e-05 -4.2921134432e-06 -1.2011123324e-05  5.1961477452e-05  7.9500264304e-06 -3.0750798877e-03 -4.0305330225e-04 -2.5227750358e-04  4.4174754776e-05 -3.5853069899e-05 -6.9157139474e-05 -7.3020202477e-06  4.4438328927e-06 -2.6694116693e-06  1.6592245425e-06 -6.8200963877e-07 -1.2585575662e-05  5.8939672940e-06 -6.4837716819e-06  3.7662026417e-06  3.5340586075e-04 -3.4850736922e-04  2.0762457821e-03 -3.2312048890e-05 -2.7712545497e-05  4.7360251354e-05  2.7477338375e-06 -4.2450778961e-06  1.8102118684e-05  5.5721224028e-04  5.6260992436e-04 -2.6281140916e-03  1.1833310795e-06  6.4233264384e-06  3.8237005826e-06 -9.3804478951e-06 -1.9952381780e-06 -1.3640994299e-07  1.1856360659e-06 -9.6921066076e-06  7.4069548636e-06  1.3795056503e-06 -3.3331979175e-06 -1.9998511254e-06 -4.1889983925e-06 -3.2698705067e-06  3.2844697050e-06 -2.5197896209e-07  2.9435762050e-06  4.8172671516e-07 -1.2820618255e-06 -6.2411051542e-06 -4.8868613551e-06  5.3531713796e-07  6.6452538512e-07 -2.1853598291e-06  7.3009334480e-07 -1.9729029139e-06  3.5693944322e-06  4.9712928738e-06 -1.2535093944e-06  9.7593184553e-07  1.7748842525e-06 -2.8754711557e-07 -1.5390575927e-06  2.6617189689e-06 -4.4160789629e-06  1.5728772993e-06 -4.1107766797e-06  1.9390130833e-06 -2.7826897490e-05 -1.1393336511e-05 -2.5811259138e-05  5.5012957525e-06  1.7932792666e-05  9.8607307230e-06  1.6947671786e-05

JOB 4
COORDS -2.5777790628e+00 -2.8626508537e+00  3.6955940206e+00 -1.8335911188e+00 -2.2214613812e+00  1.4888020767e+00 -2.8151678703e+00 -1.5152470358e+00  3.9523229827e+00 -2.0799290714e+00 -3.2280468155e+00  2.4372246827e+00 -2.1173379217e+00 -9.1487257780e-01  1.8749943506e+00 -2.8105541136e+00  9.8547997698e-03 -3.0983399606e-01 -4.6430330241e-01  2.5591772848e-01  4.4863376288e-01 -2.2516093516e+00  1.5559129970e+00  1.5123209569e+00 -5.2683006296e-01 -5.0031712525e+00  2.1216406123e+00 -2.5866608543e+00 -5.4552120845e-01  3.0480216098e+00 -1.9101421705e+00  2.1946052886e-01  8.8767380606e-01 -1.8954304784e+00 -4.5353646555e+00  2.1264401524e+00 -2.7839277315e+00 -3.6244916874e+00  4.4402766604e+00 -1.4670968660e+00 -2.4964367684e+00  5.0576235711e-01 -3.2035835396e+00 -1.1888391738e+00  4.9133020275e+00 -2.6774789095e+00  8.4703817722e-01 -9.9558769160e-01 -2.5454612921e+00 -9.2188062227e-01 -8.0555699763e-01 -3.8415829215e+00 -3.5285252480e-02  3.9584032423e-02 -3.2920891760e-01  1.0955003839e+00 -2.3368707150e-01  1.6094268626e-01  3.8076185954e-01  1.3322284874e+00 -2.1307234645e-01 -6.7391442381e-01 -5.7500864955e-02 -2.0781972814e+00  2.3175928657e+00  7.5220582758e-01 -3.2920445400e+00  1.5499213481e+00  1.8263013299e+00 -1.6152482223e+00  1.7195726421e+00  2.3784366582e+00 -5.7378471077e-01 -6.0547171840e+00  1.8417304802e+00 -8.8493729949e-02 -4.8994819881e+00  3.1193672532e+00  7.3454228562e-02 -4.4513774022e+00  1.3896745402e+00
ENERGY -5.365602257788e+02
GRADIENT  6.6792225020e-04  1.4696242431e-04  2.7935021105e-04 -9.8106541812e-05  4.1596450111e-05  9.7177249009e-05  1.6117454193e-04  2.0505450994e-05 -3.1557356919e-04 -9.6930632728e-04 -3.1927098710e-04 -2.0658207534e-05 -1.2179072509e-04  4.0365030869e-06  3.2358015668e-04 -6.7823942880e-06 -2.8652884839e-05  1.8266872182e-05  3.5885345995e-06 -1.9766257193e-05  1.5639704928e-05 -2.5636414254e-06 -2.9907736077e-05  2.1003146070e-05 -9.0171351844e-05 -1.8997200338e-04  7.4276690685e-04 -1.6966164588e-05  2.4679288779e-04 -1.1620307724e-04 -1.9274072511e-05  8.1761739539e-06  6.0353517673e-05  4.2052135875e-04  1.5660399748e-04 -1.0641811738e-03  6.2914371923e-06 -3.2745534350e-05 -3.0618422718e-05 -4.0578139330e-06 -4.2732079596e-05  1.9177703134e-05  9.4826028511e-06  5.2789740612e-05 -4.4583936789e-05  4.1253676591e-06 -3.0327634309e-06  7.8511694053e-06  1.0413813287e-06 -1.0046973577e-05 -1.5231672224e-06 -2.0569603493e-06 -5.1821165367e-06  9.0941728327e-07 -1.5948796044e-06 -4.4946431058e-06  2.2149310228e-08  2.3424249856e-06 -6.5576575934e-06 -3.0307088646e-06 -3.3535160291e-07 -7.7094946982e-06 -6.2177339232e-06 -4.3249397911e-06 -1.0801918346e-06  9.0239062480e-06 -1.1435272961e-05 -1.5438295407e-05  6.9324011959e-06  8.7857210485e-06 -1.0518742128e-05  8.7956635032e-06  1.9675521378e-05 -1.2443735859e-05  3.2086488161e-05  3.5864703184e-05  8.5609376152e-06 -8.3539803639e-06  2.7467500605e-06 -1.4890041904e-05 -1.5402450427e-05

JOB 5
COORDS -2.5151373121e+00 -2.8999158103e+00  3.6296006956e+00 -1.8181148188e+00 -2.2086143183e+00  1.4222061249e+00 -2.7493317691e+00 -1.5590407083e+00  3.9210151304e+00 -2.0376849984e+00 -3.2344587580e+00  2.3544453235e+00 -2.1004417287e+00 -9.1123630629e-01  1.8405937921e+00 -2.8479968843e+00  5.3416449323e-02 -3.0807685325e-01 -4.8569000674e-01  2.9496406415e-01  4.0014489866e-01 -2.2527196443e+00  1.5657396975e+00  1.5312103850e+00 -5.5709278012e-01 -5.0899527350e+00  2.2623705363e+00 -2.5447272813e+00 -5.7002553791e-01  3.0316302093e+00 -1.9207855710e+00  2.4360380614e-01  8.7226661661e-01 -1.8620850406e+00 -4.5288254248e+00  1.9851676685e+00 -2.7116535359e+00 -3.6765071883e+00  4.3617659234e+00 -1.4694833061e+00 -2.4680646843e+00  4.2848943386e-01 -3.1231583090e+00 -1.2547956733e+00  4.8949836343e+00 -2.7335291733e+00  9.0403074650e-01 -9.8053128301e-01 -2.5912289430e+00 -8.6780465436e-01 -8.2728008390e-01 -3.8705249240e+00 -2.1789233399e-03  6.4080752316e-02 -3.7038619614e-01  1.1480005209e+00 -2.6898470672e-01  1.5963156028e-01  4.0605793304e-01  1.2710547160e+00 -2.4259824284e-01 -6.2395037816e-01 -1.2931101466e-01 -2.0994827542e+00  2.3432699889e+00  7.8290782515e-01 -3.2856926591e+00  1.5492697354e+00  1.8686037075e+00 -1.5972668355e+00  1.7146979958e+00  2.3856934740e+00 -5.9585550867e-01 -6.1198794630e+00  1.9100355572e+00 -3.5043047108e-01 -5.0697882391e+00  3.3374287016e+00  2.1969717152e-01 -4.5381662826e+00  1.7215802179e+00
ENERGY -5.365602328669e+02
GRADIENT -8.6808251091e-04 -1.3134143809e-05 -3.1042675490e-04 -3.8257106719e-06 -1.8327499004e-05  1.7520406952e-05  2.5378778381e-05  4.0303744273e-06 -5.3508035124e-05  1.4952128645e-03  1.5303612808e-04  7.9669419370e-05 -3.6418519372e-05 -5.4999605514e-07  7.4610979634e-05 -5.7321135007e-06 -7.7030066163e-06  1.7131523473e-07  1.5057663169e-06 -8.1954136160e-06 -1.6455799437e-06  5.9440453214e-07 -1.2115719562e-05  3.9848507576e-06  2.5851578158e-04  2.6039366121e-04 -7.7454375390e-04  7.1779998002e-06  6.3712598955e-05 -3.7252306121e-05 -5.0845592600e-06 -4.1258664030e-06  1.3768277688e-05 -8.6868448991e-04 -4.3471032910e-04  9.8646167026e-04  2.6010483032e-06 -7.2797934542e-06 -6.1171108748e-06 -2.6236335818e-06 -1.1104694942e-05  4.1554373465e-06  2.9762382511e-06  1.3010517050e-05 -9.0580750008e-06 -5.8024919051e-07 -2.8133550602e-06  1.9202170363e-07 -2.5544962275e-06 -1.8759243968e-06 -1.9338980449e-06 -9.8617557571e-07 -3.8451763404e-06 -1.6193128869e-07  9.4902413705e-07 -4.5998569470e-06 -2.9776737360e-06  1.9668972724e-06 -4.4866709706e-06 -4.4153091296e-06  1.0654672770e-06 -1.6085879460e-07 -3.9182813431e-06 -6.9761172994e-07 -2.9803766578e-06  6.0859868129e-07 -2.9763145803e-06 -7.5812082103e-06  6.0254811558e-07  6.5502164070e-06 -5.2328561767e-06  1.0751088614e-06  3.8701184588e-06  8.3332962760e-07 -1.4085716451e-05 -6.7066240607e-06 -1.4607112090e-05  4.3296467835e-06 -2.6329605197e-06  1.1129735548e-05  1.2075188459e-05

JOB 6
COORDS -2.4276350112e+00 -2.9237193612e+00  3.5779782886e+00 -1.7810583580e+00 -2.1871060409e+00  1.3699265013e+00 -2.6763601923e+00 -1.5919861200e+00  3.8941583869e+00 -1.9612046183e+00 -3.2309444459e+00  2.2902284986e+00 -2.0789861150e+00 -9.0145032599e-01  1.8126251102e+00 -2.8774887599e+00  8.0838359128e-02 -3.0945707386e-01 -5.0812709037e-01  3.5147495536e-01  3.6361672583e-01 -2.2766916217e+00  1.5768801751e+00  1.5413215657e+00 -6.1908496607e-01 -5.1957948715e+00  2.3935133501e+00 -2.5054375983e+00 -5.8518328389e-01  3.0167550015e+00 -1.9343335077e+00  2.6984088865e-01  8.5832427378e-01 -1.7813054360e+00 -4.5075177848e+00  1.8715385655e+00 -2.6057300068e+00 -3.7098012429e+00  4.3046381229e+00 -1.4430640968e+00 -2.4282617684e+00  3.6814973538e-01 -3.0415798852e+00 -1.3101510219e+00  4.8780893517e+00 -2.7876150315e+00  9.4238870228e-01 -9.7165187816e-01 -2.6144899076e+00 -8.2889298894e-01 -8.4549598611e-01 -3.8927887286e+00  3.6090241824e-03  7.8308321557e-02 -4.1801069207e-01  1.2155373652e+00 -2.9516467515e-01  1.4946695383e-01  4.6129072421e-01  1.2254544968e+00 -2.5874342782e-01 -5.5597217903e-01 -1.8236284516e-01 -2.1484552915e+00  2.3672445276e+00  8.0180787384e-01 -3.3035525733e+00  1.5387478181e+00  1.8952503571e+00 -1.6097647156e+00  1.7246628380e+00  2.3870656512e+00 -6.6327864875e-01 -6.2035580686e+00  1.9828495927e+00 -6.4718137017e-01 -5.2390573720e+00  3.4868580680e+00  2.9523366925e-01 -4.6935878641e+00  2.0611262219e+00
ENERGY -5.365612478951e+02
GRADIENT -2.3758470696e-03 -6.7235470750e-05 -8.7624939169e-04  1.5147568537e-05 -3.9522355953e-05 -3.6062385717e-05 -2.7268289469e-05 -3.6600557477e-05  1.2785399083e-04  4.2857003312e-03  5.3262876118e-04  4.4823341199e-04  2.7740410768e-05  3.0645925156e-05 -6.6973243730e-05 -9.2883786870e-07  3.9102672946e-06 -6.0222918906e-06 -1.0880546397e-06  4.5898771985e-06 -9.5836222748e-06  1.0157714276e-06  9.3561747254e-06 -9.6048809891e-06  1.2990457133e-03  7.7061353420e-04 -1.8059163675e-03  3.9137054752e-06 -6.7696628170e-05 -1.5692627328e-05  8.3510626851e-06 -5.8969117347e-06 -2.0823299159e-05 -3.2223046539e-03 -1.1529128110e-03  2.2256138299e-03  3.2701491960e-06  1.3218258347e-05  8.4516210806e-06 -4.6803353848e-07  6.7310270878e-06 -3.7736374408e-06 -5.7968862201e-07 -1.2086153776e-05  8.9738864202e-06 -1.4149995438e-06 -6.2366521499e-08 -2.0130131295e-06 -1.1225780208e-07  2.1257058525e-07 -2.3644259382e-06 -1.2511015421e-08 -9.2282798221e-07 -1.9226093494e-07  2.2210608785e-06 -8.9102616216e-07 -4.3157230473e-06  3.2117472048e-07 -1.2965214837e-06 -4.2538715893e-06 -1.0924766731e-06  3.5669897247e-08 -2.8414347075e-06  1.0752994230e-06 -1.4217356156e-06 -5.4402586374e-06  4.3657711987e-06  2.3102091504e-06 -3.3644755765e-06  2.7491295674e-07  1.9516396286e-06 -5.6872652538e-06  9.7390930436e-06  5.7172292729e-06 -2.0781717118e-05 -1.6047467831e-05 -2.3724174297e-05 -8.1397704543e-06 -3.0459273974e-06  4.5425421500e-06  1.5747642443e-05

JOB 7
COORDS -2.3189486806e+00 -2.9342917938e+00  3.5299213545e+00 -1.7291125233e+00 -2.1640946626e+00  1.3179459843e+00 -2.5933635319e+00 -1.6113103623e+00  3.8592143107e+00 -1.8625655334e+00 -3.2218780511e+00  2.2322613652e+00 -2.0502370028e+00 -8.9077724924e-01  1.7757601691e+00 -2.8999972401e+00  9.0299054327e-02 -3.2710960894e-01 -5.2773994048e-01  4.0705465909e-01  3.1475027793e-01 -2.3053362373e+00  1.5845067799e+00  1.5269855099e+00 -6.9675675648e-01 -5.2961806003e+00  2.4771635918e+00 -2.4626087477e+00 -5.9181594079e-01  2.9895752008e+00 -1.9447763871e+00  2.9060928140e-01  8.2872398039e-01 -1.6614418448e+00 -4.4769811286e+00  1.7732714867e+00 -2.4677439237e+00 -3.7220908549e+00  4.2605955679e+00 -1.3991940111e+00 -2.3894672204e+00  3.0997821796e-01 -2.9499543535e+00 -1.3480931080e+00  4.8514661075e+00 -2.8382779983e+00  9.5881849452e-01 -9.8340974659e-01 -2.6249597221e+00 -8.0923698445e-01 -8.7415785288e-01 -3.9077666285e+00 -1.2112094223e-02  7.4229917376e-02 -4.6576260324e-01  1.2780786623e+00 -3.3810522966e-01  1.3933708786e-01  5.2435579006e-01  1.1682621790e+00 -2.6641792310e-01 -4.9053621500e-01 -2.4174018763e-01 -2.2050845966e+00  2.3831489370e+00  7.9204484923e-01 -3.3258365872e+00  1.5212758223e+00  1.8954552439e+00 -1.6295778963e+00  1.7402220123e+00  2.3642208525e+00 -6.8123246546e-01 -6.2480832806e+00  1.9485128795e+00 -9.9494119606e-01 -5.4595113248e+00  3.5167073232e+00  2.9011858086e-01 -4.8257972870e+00  2.4363619601e+00
ENERGY -5.365630594714e+02
GRADIENT -3.5089539151e-03 -1.1762735491e-04 -1.1931700591e-03 -1.8768252187e-05  2.8438279993e-06  9.7019672654e-06  4.1518157874e-07 -1.8966029000e-06  1.3970594349e-05  6.7397538820e-03  7.3754381404e-04  8.7934350658e-04 -5.7082821856e-06 -6.9524622779e-06 -1.4568600988e-05  4.8789745798e-06  3.5209626416e-07 -1.0780702472e-06 -3.4976855690e-07  2.9060238166e-06 -4.2121167171e-08 -1.9688946229e-07  2.1218306603e-07 -6.0035460913e-07  2.4345580359e-03  1.1224555888e-03 -2.0302890332e-03  3.7960503160e-06 -1.0289500066e-05  2.8699194335e-06 -2.6584521619e-06  6.0639136786e-06 -1.3843832930e-05 -5.6602591390e-03 -1.7266544459e-03  2.3353841861e-03 -3.2925733038e-07  8.2124460482e-06 -4.3223488518e-06  3.3116158837e-06 -1.2272940046e-06 -3.7056688405e-06 -1.5407682674e-06  2.0273924306e-06 -1.7370121044e-06  3.9944275253e-07  8.8720763204e-07 -8.5859918379e-07  9.3414664142e-07  2.2068621962e-06 -2.5622165519e-06  8.2593838453e-08 -1.4727215941e-06 -2.2240828533e-06  2.9832683113e-07  4.6546914524e-07 -4.6084547565e-06 -3.4796458978e-07  5.3263005396e-06 -8.6786122420e-07  2.3409962646e-06  7.8159927823e-07  3.4445169273e-06 -2.3668090860e-06  1.2784984652e-06 -2.2520683791e-06 -1.3210030455e-06 -9.2942852644e-07 -1.7453124933e-06 -1.8534059461e-06  2.4208459179e-06 -3.0908949048e-06  6.9026338477e-06 -5.1946814057e-07  6.0436593909e-06  7.8400213504e-06  1.7538327106e-06 -4.4553642237e-06  5.6943721926e-06  2.4344633324e-06  1.0424722376e-06

JOB 8
COORDS -2.1926860748e+00 -2.9254058166e+00  3.5090713521e+00 -1.6822938370e+00 -2.1355719271e+00  1.2827088128e+00 -2.4893704298e+00 -1.6092285958e+00  3.8470856479e+00 -1.7617947171e+00 -3.1996998355e+00  2.1989926475e+00 -2.0193124598e+00 -8.7299599186e-01  1.7523349056e+00 -2.9184901029e+00  9.2136637335e-02 -3.3938843626e-01 -5.4903928298e-01  4.6900423041e-01  2.7972271349e-01 -2.3452423110e+00  1.5952041194e+00  1.5133017229e+00 -7.9080790858e-01 -5.3615091785e+00  2.5449677763e+00 -2.4061337135e+00 -5.8458626640e-01  2.9785686737e+00 -1.9574099906e+00  3.1341251319e-01  8.0738389126e-01 -1.5347709365e+00 -4.4356972738e+00  1.7165848611e+00 -2.2955725936e+00 -3.7121505189e+00  4.2481149654e+00 -1.3713573588e+00 -2.3508679282e+00  2.6659676905e-01 -2.8241607731e+00 -1.3578441309e+00  4.8500485535e+00 -2.8882716144e+00  9.6554968417e-01 -9.9137180724e-01 -2.6240408327e+00 -7.9596285987e-01 -8.9480090477e-01 -3.9187220371e+00 -4.0971952567e-02  7.1678797393e-02 -5.1642499849e-01  1.3434411289e+00 -3.7075194741e-01  1.2293742695e-01  6.0101500029e-01  1.1272061032e+00 -2.6983820572e-01 -4.2016283376e-01 -2.8164240889e-01 -2.2772711870e+00  2.3976640928e+00  7.7880757125e-01 -3.3587674889e+00  1.5022511366e+00  1.8946758297e+00 -1.6636772419e+00  1.7684375289e+00  2.3421984690e+00 -5.1694240130e-01 -6.1839484411e+00  1.8858533537e+00 -1.4095219957e+00 -5.7413279917e+00  3.3629606293e+00  1.0746150800e-01 -4.8778492640e+00  2.9382833336e+00
ENERGY -5.365656056610e+02
GRADIENT -4.7068942197e-03 -4.6555601163e-04 -1.4525358631e-03 -3.3202624656e-05 -3.9558751818e-05 -5.2729056831e-05 -6.1265355296e-05  3.8106201575e-06  1.9513634621e-04  9.4776225841e-03  1.3478147530e-03  1.5194718559e-03  6.9095615172e-05  2.5835117238e-05 -3.6550922187e-04  3.2762329018e-05  1.8402700508e-05 -1.0120745703e-05  6.2505284155e-06  2.3321539851e-05  3.2895339847e-06 -7.8886802907e-06  3.8089711249e-05 -2.8202749610e-05  3.8888712488e-03  1.4439155563e-03 -1.8488827890e-03  4.5834892369e-05 -2.5506394509e-04  1.6668716515e-04 -1.6222875313e-05  7.1085781644e-06 -7.8530320859e-05 -8.6640462367e-03 -2.1847021660e-03  1.9691033864e-03 -7.6255233139e-06  2.4923288247e-05  2.1681683411e-05  4.7687660923e-06  2.2963383363e-05 -1.4210015806e-05 -6.7030305422e-06 -4.7056880398e-05  3.2430058938e-05 -5.3984212184e-06  8.2306142246e-08 -3.9697627238e-06  3.9563653902e-06  8.7065018217e-06 -5.6174298269e-06  7.2603212804e-07 -5.6399187097e-06 -8.7056653215e-07  7.0559090260e-06  4.5019549757e-06 -4.5947473146e-07 -2.9189400893e-06  1.3055185629e-06  3.7072126991e-06 -8.0189475695e-07 -6.2329790903e-07  6.2732628940e-06 -5.3959703709e-06 -3.6467776101e-06 -1.6865139814e-05  6.4681814892e-06  8.1743772920e-06 -3.7600379272e-06 -1.2962262475e-05  1.4031884045e-05 -1.7461539706e-05  1.4437542281e-05  1.9337714442e-05 -1.1619024487e-05 -3.3275025528e-05  7.6987307061e-06 -1.2898935534e-05 -5.8315431965e-06  6.5398313952e-07  2.6742920334e-05

JOB 9
COORDS -2.0874562596e+00 -2.9215274043e+00  3.4984129388e+00 -1.6293231981e+00 -2.1159425349e+00  1.2657152354e+00 -2.4154519437e+00 -1.6133074604e+00  3.8398612389e+00 -1.6695596158e+00 -3.1852065665e+00  2.1813803405e+00 -1.9911604869e+00 -8.6455859797e-01  1.7418927405e+00 -2.9268674775e+00  8.1805604724e-02 -3.4352250986e-01 -5.6511142566e-01  5.1923678577e-01  2.6510382315e-01 -2.3845102978e+00  1.5941188038e+00  1.5104042778e+00 -8.8323963089e-01 -5.4102477296e+00  2.5930550111e+00 -2.3708064285e+00 -5.8537970381e-01  2.9735381478e+00 -1.9662887234e+00  3.2491829228e-01  7.9902162993e-01 -1.3920969643e+00 -4.4025902144e+00  1.6895939818e+00 -2.1557535419e+00 -3.7061577535e+00  4.2429707987e+00 -1.3233437114e+00 -2.3206913399e+00  2.4595535761e-01 -2.7409253480e+00 -1.3724215814e+00  4.8485094263e+00 -2.9234201381e+00  9.5791860786e-01 -9.9256791130e-01 -2.6116817187e+00 -7.9606716065e-01 -9.0372620514e-01 -3.9210429122e+00 -7.9462610056e-02  7.2115172622e-02 -5.5886489864e-01  1.3958773413e+00 -3.8321197551e-01  1.0707003873e-01  6.6680863506e-01  1.1098420595e+00 -2.6500711605e-01 -3.6099777064e-01 -2.9957315878e-01 -2.3427310645e+00  2.3997952103e+00  7.7746747812e-01 -3.3928624583e+00  1.4726823716e+00  1.8974881832e+00 -1.7031047173e+00  1.7837684322e+00  2.3357625072e+00 -5.0742607372e-01 -6.2077259460e+00  1.9541067196e+00 -1.6821277971e+00 -5.7992792498e+00  3.2309019001e+00 -7.1961870046e-02 -5.0005212188e+00  3.2011524158e+00
ENERGY -5.365683186329e+02
GRADIENT -3.9957722833e-03 -3.8346233223e-04 -1.2563347670e-03  5.6489234129e-07 -6.2477721592e-05 -1.1880836617e-05 -4.9382038420e-05 -3.9297721856e-05  2.1835138473e-04  8.2342765855e-03  1.3191789348e-03  1.5207471148e-03  6.7036464867e-06  4.3261617153e-05 -8.0619704352e-05  1.4119832383e-05  5.7178422014e-06 -1.2434965299e-05  5.5469137423e-06  6.0622723495e-06  9.8771786104e-06 -8.5854428007e-06  8.3776969365e-06 -1.1967376967e-05  3.5602725314e-03  1.1267118515e-03 -7.3779345562e-04  5.1120744644e-05 -8.8487361480e-05 -1.6141958004e-05 -6.6762397498e-06 -1.0761452722e-06 -3.0191596541e-05 -7.7983513482e-03 -1.9590064266e-03  4.2709751780e-04 -4.5377450487e-06  1.3630400523e-05  1.7344954526e-06  1.1152507511e-06  7.0679323257e-06  6.2409066993e-06 -1.0941102658e-05 -7.2480967052e-06  1.5657133558e-05 -8.0724950668e-07 -3.3522516885e-06 -2.5856048559e-06  2.6684387312e-06  3.0476505543e-06 -2.9009993974e-06  1.4652527011e-06 -4.6959521731e-06 -2.0235103107e-06  1.4016984373e-06 -7.9025371044e-07 -1.1273024481e-06 -1.6879048310e-06  2.5827928152e-06  1.5713740491e-06  7.9270101524e-07 -6.4539859215e-06  4.8937780478e-06 -5.3541379859e-06 -2.5134904009e-06 -8.2612199864e-06  2.9111219128e-07  1.9481177784e-06 -1.8773296535e-06 -4.7970268398e-06  5.6307666709e-06 -8.7373932206e-06  6.6826736924e-07  7.7041944776e-07  1.9185082810e-06  1.9975515279e-06  1.0998558789e-05 -5.2833944949e-06  6.5500795276e-06 -1.7715928001e-06  1.1291825605e-05

JOB 10
COORDS -1.9898911712e+00 -2.9085797501e+00  3.5074816356e+00 -1.5738396088e+00 -2.1018913615e+00  1.2661322534e+00 -2.3519334843e+00 -1.6070502969e+00  3.8423978911e+00 -1.5817203032e+00 -3.1696114769e+00  2.1867214615e+00 -1.9634734964e+00 -8.5906630693e-01  1.7389708157e+00 -2.9224378745e+00  5.3349566641e-02 -3.5229160776e-01 -5.7564264593e-01  5.6014750727e-01  2.6040646709e-01 -2.4284413023e+00  1.5858168740e+00  1.4981010501e+00 -9.6690213358e-01 -5.4433886246e+00  2.6242158369e+00 -2.3424836161e+00 -5.8250330931e-01  2.9723054512e+00 -1.9720009774e+00  3.2702542747e-01  7.9158943951e-01 -1.2412134090e+00 -4.3699041100e+00  1.6988680681e+00 -2.0274247433e+00 -3.6857118729e+00  4.2612738882e+00 -1.2673719404e+00 -2.3026566332e+00  2.4570743289e-01 -2.6715494124e+00 -1.3696368509e+00  4.8537825746e+00 -2.9426344015e+00  9.2748470724e-01 -1.0036906456e+00 -2.5809778637e+00 -8.1639812512e-01 -9.0969568154e-01 -3.9125628666e+00 -1.3528486736e-01  6.1487197630e-02 -5.9319083259e-01  1.4342580729e+00 -3.9113503051e-01  8.9654786622e-02  7.3016675385e-01  1.1063651709e+00 -2.4858295954e-01 -3.1327989614e-01 -2.9991199081e-01 -2.4099839260e+00  2.3897169073e+00  7.6225695202e-01 -3.4331399454e+00  1.4356687847e+00  1.8846961494e+00 -1.7539013436e+00  1.7985535793e+00  2.3233927303e+00 -5.8413774656e-01 -6.2590379960e+00  2.0133425019e+00 -1.8835404163e+00 -5.7612511406e+00  3.1296563803e+00 -2.1218028632e-01 -5.1354046313e+00  3.3535565930e+00
ENERGY -5.365702135381e+02
GRADIENT -2.1949517944e-03 -4.0358386349e-04 -5.8559089283e-04  5.2339884283e-06 -7.6414937544e-06 -2.6598691047e-05  1.7859946478e-05  1.9716748390e-05 -6.9422322491e-05  4.5594159839e-03  9.4148018990e-04  1.0058585869e-03 -1.2960846289e-05 -2.1093123430e-05  6.3621509358e-05  4.1215593709e-06 -3.3232885661e-06 -6.3564321014e-06  5.3820907633e-06 -5.4014655100e-07  4.2736748866e-06 -1.8839180663e-06 -1.3913480066e-05  5.2516330110e-06  2.0176670480e-03  5.4582781233e-04  4.5326506049e-05 -4.2734870819e-06  6.1893889208e-05 -1.6587958340e-05 -5.0630384529e-06 -6.4373702973e-06  1.8811751517e-05 -4.3892587717e-03 -1.0886508396e-03 -4.3666439648e-04  5.5115472378e-06  4.9413541393e-06  2.4171838065e-06  6.1271427356e-06 -6.9801661061e-06  4.1854434318e-06 -3.1771630017e-06  1.1012238265e-05 -8.5492750099e-06  5.8057210749e-06 -5.0770947845e-06 -3.8690798713e-06 -9.9174219858e-08 -4.6820007785e-06  4.4512218244e-07  7.5859324005e-07 -2.3232038335e-07 -3.6423563345e-06  4.2468654411e-07 -3.8863307262e-06 -4.5824592613e-06  2.9134083986e-07  4.0328963331e-06 -9.5036735388e-07  4.1988803779e-06 -2.9010527402e-06  3.7194012264e-06 -3.0162304548e-06 -1.6327910416e-06 -2.1705893793e-06 -3.5888677055e-06 -5.3277436194e-06 -1.2261377516e-06  2.7852602213e-06 -4.4451751390e-07 -1.4961178641e-06  6.1213601406e-06 -2.6806192749e-06  1.3490361148e-05  3.4950557049e-06 -2.3959190937e-06  3.8665835637e-06 -4.9668100232e-07 -3.3268018361e-06  6.5628336560e-06

JOB 11
COORDS -1.9028983671e+00 -2.8862911800e+00  3.5274724080e+00 -1.5155973298e+00 -2.0880423337e+00  1.2775492524e+00 -2.3013142910e+00 -1.5923275238e+00  3.8509759720e+00 -1.4973846556e+00 -3.1492801738e+00  2.2062214646e+00 -1.9361988037e+00 -8.5218756157e-01  1.7407160784e+00 -2.9147815405e+00  1.9806126716e-02 -3.5970304915e-01 -5.8385160997e-01  5.9289581112e-01  2.5451666358e-01 -2.4661718393e+00  1.5774946555e+00  1.4807845636e+00 -1.0439359800e+00 -5.4632444410e+00  2.6303437277e+00 -2.3216898757e+00 -5.7553484199e-01  2.9724259606e+00 -1.9747913701e+00  3.2620087445e-01  7.8438631393e-01 -1.0873278272e+00 -4.3333847691e+00  1.7345476844e+00 -1.9130423568e+00 -3.6548287539e+00  4.2905650893e+00 -1.2032361167e+00 -2.2885495522e+00  2.5884341052e-01 -2.6205848889e+00 -1.3541111629e+00  4.8623019750e+00 -2.9508260509e+00  8.8597959826e-01 -1.0209822926e+00 -2.5530630097e+00 -8.4872092304e-01 -9.0607146998e-01 -3.9023581697e+00 -1.8490643495e-01  5.2553827311e-02 -6.2459027486e-01  1.4573905798e+00 -4.0870726298e-01  7.3173304368e-02  7.9338254519e-01  1.1002679564e+00 -2.2944686616e-01 -2.7811481976e-01 -2.9277600192e-01 -2.4680469410e+00  2.3760895253e+00  7.3891936788e-01 -3.4671529876e+00  1.4032256942e+00  1.8669177073e+00 -1.7990227900e+00  1.8144279315e+00  2.3054618375e+00 -6.8611571611e-01 -6.2952435931e+00  2.0265842144e+00 -2.0432482362e+00 -5.6867333774e+00  3.0152923827e+00 -3.4748499782e-01 -5.2747489371e+00  3.4526481931e+00
ENERGY -5.365708791243e+02
GRADIENT -1.6816169736e-05 -4.2189774991e-06  4.2865673849e-05  3.6263241774e-06 -2.7681631656e-05 -8.0650346400e-06  4.5147010705e-06 -2.1511804477e-05  4.7538475288e-06 -1.0720832643e-05  9.5234461478e-05 -3.1773950293e-05  1.7951959895e-05 -1.2698897879e-05 -5.3416205034e-05 -6.1734778929e-06  4.5055202437e-05 -2.2075407115e-05 -3.0043791667e-07  5.0372475161e-05 -1.7486692018e-05 -4.9217388488e-06 -2.8255773790e-05  3.8322659112e-05  1.3236341930e-05  1.8784573071e-06 -5.8268329628e-05  3.4076421869e-06  1.7885023252e-05 -1.6696051158e-06 -1.1096145257e-06 -4.0280231211e-05  1.9908769191e-05 -6.3830920535e-06 -2.2113664326e-05  5.6453982313e-05 -9.2554477185e-07  1.0381621762e-05  9.6766527298e-07  1.0897774229e-06  1.2282451615e-06 -3.8280223264e-06  4.1519399876e-08  2.6515475497e-06 -3.0081289733e-06  3.4290581056e-05 -1.7749861746e-05 -2.6406823542e-05 -2.5272613783e-05 -2.8432282021e-05  2.9217243382e-05 -1.3760236369e-05  4.0929001232e-05 -6.5567325041e-06 -6.0771325166e-06 -2.6156535617e-05 -3.5406823704e-05 -3.9997330615e-06  4.1153602195e-05 -3.8670764759e-06  1.6778723451e-05 -1.9265997270e-05  3.9641949614e-05 -3.3708267810e-07  3.8624276259e-06 -3.4679985665e-06 -8.2070460740e-06 -7.9308824093e-06 -6.7508843162e-06  1.1470775527e-05 -3.3203336723e-06 -1.5894300164e-06 -3.2139082323e-06 -2.8840653556e-05  2.6990805416e-05  2.0861838550e-06  6.8296791867e-07  6.5897802970e-06 -2.0217122522e-06  9.9051431510e-07  5.1241686862e-09

JOB 12
COORDS -1.8185034147e+00 -2.8666798540e+00  3.5521932714e+00 -1.4577074245e+00 -2.0737797224e+00  1.2963721101e+00 -2.2550514734e+00 -1.5832591234e+00  3.8675932570e+00 -1.4136671396e+00 -3.1286897591e+00  2.2306018608e+00 -1.9112571570e+00 -8.4647056610e-01  1.7524477579e+00 -2.9108731715e+00 -1.3293132619e-02 -3.5360510974e-01 -5.9607397939e-01  6.2404532309e-01  2.5887452613e-01 -2.5046366730e+00  1.5668864029e+00  1.4777755256e+00 -1.1079321751e+00 -5.4777423615e+00  2.5882373096e+00 -2.3048748003e+00 -5.7329406315e-01  2.9819593118e+00 -1.9802807400e+00  3.2474670134e-01  7.8916846532e-01 -9.3360010420e-01 -4.2950279934e+00  1.7791174532e+00 -1.8004224103e+00 -3.6301553683e+00  4.3205192803e+00 -1.1381798107e+00 -2.2715118573e+00  2.7936671495e-01 -2.5756923327e+00 -1.3459443848e+00  4.8786769974e+00 -2.9747036178e+00  8.4999487433e-01 -1.0165673953e+00 -2.5221573001e+00 -8.7094044613e-01 -8.9865600155e-01 -3.8912588726e+00 -2.4816870391e-01  5.9733563261e-02 -6.5730524586e-01  1.4874910513e+00 -4.0413110433e-01  5.6384656033e-02  8.3959341885e-01  1.1044399773e+00 -2.2158042251e-01 -2.3827358614e-01 -2.8882442030e-01 -2.5271147678e+00  2.3606669421e+00  7.3113628019e-01 -3.5008583451e+00  1.3688191243e+00  1.8647573316e+00 -1.8442746785e+00  1.8262379715e+00  2.3011851877e+00 -7.7037212474e-01 -6.3044984384e+00  1.9657528893e+00 -2.1620275068e+00 -5.6105882309e+00  2.8482942447e+00 -4.9273317798e-01 -5.4221095442e+00  3.4911048033e+00
ENERGY -5.365702125486e+02
GRADIENT  2.1464417884e-03  6.5006297359e-04  5.4208057591e-04  7.2877891126e-06 -1.1472135971e-05 -3.0168108165e-05  8.6317095209e-06  1.5725344992e-05 -6.5511782165e-05 -4.4053933902e-03 -1.2338937490e-03 -1.3163971952e-03 -9.9307774038e-06 -1.9826366799e-05  5.7383718509e-05 -1.1987517476e-06 -2.4778940315e-06 -2.1072567736e-07  3.5169736271e-06 -2.2578346735e-06 -3.5630017647e-06  2.7994132793e-06 -1.0948639780e-05  6.1376124276e-06 -1.8229401440e-03 -3.8923197977e-04 -9.4912005368e-04 -6.6863078007e-06  5.3015648349e-05 -1.4444699563e-05 -6.0223011082e-06 -7.0963169239e-06  1.6418566070e-05  4.0726193213e-03  9.7746491650e-04  1.7571737881e-03 -9.1023855996e-06  1.1911627736e-06 -4.7504183966e-07 -4.0702754684e-06 -8.1404053587e-06  4.1579604200e-07  2.4129554516e-06  1.0914540979e-05 -6.3689492754e-06  3.4092356870e-06 -3.3429877578e-06 -3.4207399119e-06 -3.8849431351e-06 -3.5120644112e-06  1.0692117352e-06 -1.3654938137e-06  3.7140047637e-06 -1.3531700460e-06 -6.7711566661e-07 -6.3932823901e-06 -5.4466061226e-06  6.9572106213e-07  2.0621895980e-07 -3.6233178159e-06  1.3641611624e-06 -5.8988828430e-06  1.9665949867e-06  2.4342819243e-06 -3.6676142140e-07 -9.6231121939e-07 -3.2587587230e-07 -1.0746784545e-06 -1.2464444270e-06  5.0707145272e-06 -1.6575327055e-06 -7.9354385156e-07 -8.8999499434e-06 -5.8542314423e-06  8.8911936988e-06 -8.1913790518e-07 -2.4966177546e-06  6.2234498854e-06 -2.7774651976e-06 -3.8735056723e-06  1.8674659966e-06

JOB 13
COORDS -1.7347617894e+00 -2.8350596761e+00  3.5907537485e+00 -1.4074401075e+00 -2.0622544908e+00  1.3237819811e+00 -2.2047003718e+00 -1.5613479306e+00  3.8947977174e+00 -1.3361113184e+00 -3.1039855119e+00  2.2688272419e+00 -1.8889237709e+00 -8.3990496652e-01  1.7683721808e+00 -2.9044446817e+00 -5.5011785683e-02 -3.4906193469e-01 -6.0918680553e-01  6.4906395968e-01  2.6383724858e-01 -2.5461918156e+00  1.5540057161e+00  1.4671454498e+00 -1.1716640198e+00 -5.4806955872e+00  2.5194975136e+00 -2.2843101777e+00 -5.6405223556e-01  2.9958046248e+00 -1.9870286146e+00  3.1920287905e-01  7.9302568410e-01 -7.9685679857e-01 -4.2576385692e+00  1.8455655899e+00 -1.6860099507e+00 -3.5908254731e+00  4.3660710852e+00 -1.0847485127e+00 -2.2632847425e+00  3.0844346178e-01 -2.5225609775e+00 -1.3182361321e+00  4.9053372204e+00 -2.9891483084e+00  7.9960441256e-01 -1.0208441403e+00 -2.4910332680e+00 -9.0710776788e-01 -8.8452945220e-01 -3.8796314040e+00 -3.1187470895e-01  6.3514395340e-02 -6.9064473568e-01  1.5037516921e+00 -4.0827474545e-01  3.4595052210e-02  8.9018757143e-01  1.1091493033e+00 -2.1065434623e-01 -2.0897224072e-01 -2.7357738099e-01 -2.5883764249e+00  2.3388797619e+00  7.1199650903e-01 -3.5376925251e+00  1.3333040132e+00  1.8541391516e+00 -1.8950513337e+00  1.8399583828e+00  2.2890663359e+00 -8.2199462699e-01 -6.2848578224e+00  1.8741163930e+00 -2.2579348213e+00 -5.5341523175e+00  2.6334863882e+00 -6.7951649791e-01 -5.5541089104e+00  3.4935664607e+00
ENERGY -5.365683168740e+02
GRADIENT  3.8394633400e-03  1.5389216766e-03  7.7327164773e-04  2.2886545665e-05 -4.5374515361e-05 -2.0427344304e-06 -4.5200568899e-05 -3.2400210720e-05  2.1044864010e-04 -7.6376594174e-03 -2.5743764341e-03 -2.6094381651e-03  1.0573782568e-05  3.8314846166e-05 -6.9068980776e-05 -8.1240136192e-06  1.7315678556e-06  6.4239372361e-06 -6.4969747030e-06  7.3942743310e-07 -1.4874445296e-05  7.7990571756e-06  1.4288023686e-05 -7.1115120120e-06 -2.9011239010e-03 -4.4903728015e-04 -2.4199785602e-03  7.2426043205e-06 -9.2743219427e-05 -2.2883150423e-05  1.6509743775e-05  3.9235207135e-06 -2.1600668363e-05  6.6865671801e-03  1.5693761759e-03  4.1932420267e-03 -3.6803499970e-06  1.3439089740e-05  4.4455959929e-07 -6.2920525992e-06  3.9947809883e-06  3.7626775340e-06  5.1121125036e-06 -1.0696601865e-06  1.8647132476e-05  1.7266395683e-08 -7.5433744480e-07 -4.5584936505e-07  1.5315649003e-06 -7.5527089384e-06  3.9524721813e-06 -5.6050670238e-07  2.3949931195e-06  2.2876697758e-06  2.8424029637e-06 -2.3313882552e-06 -1.7953391155e-06  1.4698153818e-06 -3.9782865395e-06 -1.6037621869e-06 -2.3216752923e-06 -7.9489090651e-07 -3.5714540596e-06  8.1246444018e-06  9.0686697129e-07 -4.9496180838e-06  5.5261222322e-06  8.2231078109e-06 -4.9483839329e-06 -1.0958493105e-06  2.8613554509e-06 -2.8179446334e-06  2.3560088171e-07  3.3237966500e-07  1.5890674983e-06 -1.1119805137e-05 -6.6122239687e-06  6.8331906350e-06 -4.9634407395e-06  9.4987555532e-06 -8.6205754869e-06

JOB 14
COORDS -1.6572213407e+00 -2.7944411291e+00  3.6494268728e+00 -1.3654517911e+00 -2.0587612029e+00  1.3657729116e+00 -2.1536335424e+00 -1.5268281485e+00  3.9346025912e+00 -1.2665451966e+00 -3.0789435121e+00  2.3289630855e+00 -1.8683872212e+00 -8.3644819185e-01  1.7914870873e+00 -2.9023351705e+00 -1.0834675233e-01 -3.3769038135e-01 -6.2214492148e-01  6.5384397848e-01  2.6179196889e-01 -2.5776921085e+00  1.5377466734e+00  1.4514266968e+00 -1.2416863239e+00 -5.4716977896e+00  2.4293180956e+00 -2.2604021408e+00 -5.4886887740e-01  3.0162615863e+00 -1.9927312112e+00  3.0409850056e-01  7.9747504665e-01 -6.8407044172e-01 -4.2283014778e+00  1.9395651526e+00 -1.5784874180e+00 -3.5364952039e+00  4.4361307386e+00 -1.0431706948e+00 -2.2717726781e+00  3.5272182337e-01 -2.4668397560e+00 -1.2696923128e+00  4.9430622964e+00 -3.0053946667e+00  7.3305363664e-01 -1.0234250054e+00 -2.4709387028e+00 -9.5994005871e-01 -8.5956936376e-01 -3.8718088979e+00 -3.7895820736e-01  7.9557295696e-02 -7.2177627150e-01  1.4949018682e+00 -4.2490432847e-01  1.6612792234e-02  9.2303374658e-01  1.1024364021e+00 -2.0580628057e-01 -2.0487763314e-01 -2.6088290631e-01 -2.6378818488e+00  2.3085788329e+00  6.8315695521e-01 -3.5637999963e+00  1.3022538383e+00  1.8435773661e+00 -1.9319568309e+00  1.8517867059e+00  2.2673215005e+00 -7.9276472046e-01 -6.2516573580e+00  1.8161520960e+00 -2.3280438098e+00 -5.4726476147e+00  2.3054783161e+00 -9.7651566568e-01 -5.6352705067e+00  3.4777019353e+00
ENERGY -5.365656040459e+02
GRADIENT  4.5196579720e-03  1.7286063096e-03  1.0174369515e-03  5.8856602933e-05 -2.4289080571e-05  2.5228305701e-06 -1.7765328108e-05 -1.5573990265e-05  1.2086011841e-04 -8.6266471838e-03 -3.0411777862e-03 -3.1934540025e-03  9.3682571065e-05  6.9811290340e-05 -3.7311052756e-04 -1.2949133443e-05  2.1383236324e-05 -4.4856739043e-06 -2.8744055848e-05  6.1277517904e-06 -2.5063751556e-05  1.7527459333e-06  4.4567553979e-05 -3.0563613915e-05 -2.7799819943e-03 -1.8830945690e-04 -3.5837393413e-03  2.8676800627e-06 -2.6592104174e-04  1.5994941015e-04  4.1654381429e-05  3.0699310581e-05 -7.2119131495e-05  6.7326737196e-03  1.5895019774e-03  5.9910762658e-03 -1.3310828705e-05  1.4493122623e-05  2.3239739226e-05 -8.4143861704e-06  2.4692032511e-05 -1.5278777565e-05  1.2112944389e-05 -4.5538455198e-05  3.1632455752e-05 -7.8827524855e-06  5.6112755291e-07 -4.3201417942e-06 -2.9409076958e-06  1.3453487553e-06  4.8365899342e-06  3.8211658260e-07  1.6009564844e-06  4.3732032117e-06  6.4622458283e-06  2.7606564060e-06 -1.1937364727e-06  1.8027121941e-06 -4.7603285029e-06 -5.3702728780e-07 -3.9381818481e-06  7.0830933977e-06 -6.8098032543e-06  1.2718788493e-05  9.2703426547e-07 -1.3132525690e-05  1.3040660002e-05  2.1082673993e-05 -1.1043074759e-05 -8.5304467436e-06  5.8697315477e-06 -9.6958993560e-06 -1.4183968559e-05  1.2099695330e-05 -1.8935036918e-05 -7.2413595819e-06  3.7436716857e-07  2.5787877799e-05  2.7686613430e-05  2.2279458043e-05  2.4954126630e-06

JOB 15
COORDS -1.5673058180e+00 -2.7523791724e+00  3.7485563884e+00 -1.3384140903e+00 -2.0712507643e+00  1.4425091012e+00 -2.0815644770e+00 -1.4879529699e+00  4.0151978888e+00 -1.1971539362e+00 -3.0614404113e+00  2.4286780190e+00 -1.8542052406e+00 -8.4559300542e-01  1.8492874982e+00 -2.9176035621e+00 -1.8391199495e-01 -2.8821342195e-01 -6.5162913989e-01  6.3968355121e-01  2.8323467073e-01 -2.6208553407e+00  1.5040844703e+00  1.4661852263e+00 -1.3115763601e+00 -5.4490343028e+00  2.3413898813e+00 -2.2245643852e+00 -5.3596106502e-01  3.0741026062e+00 -2.0117396301e+00  2.7104139017e-01  8.3341153080e-01 -5.9608864289e-01 -4.2187427896e+00  2.0739131650e+00 -1.4470184513e+00 -3.4740219114e+00  4.5494450871e+00 -1.0309181781e+00 -2.3025571426e+00  4.2880327815e-01 -2.3775941184e+00 -1.2097746330e+00  5.0231784771e+00 -3.0432819460e+00  6.4155186882e-01 -9.8931736749e-01 -2.4696479925e+00 -1.0349531104e+00 -7.9684227266e-01 -3.8786168817e+00 -4.6823601887e-01  1.3938923296e-01 -7.7326410350e-01  1.4624901897e+00 -4.2179965760e-01 -1.5604117371e-02  9.4221570902e-01  1.1145651019e+00 -2.1838501894e-01 -2.2150759188e-01 -2.2151669901e-01 -2.7057871961e+00  2.2568125744e+00  6.8246806730e-01 -3.5980818551e+00  1.2533948783e+00  1.8712337754e+00 -1.9766314032e+00  1.8507808674e+00  2.2698683182e+00 -6.6888295598e-01 -6.2466068874e+00  1.9717078557e+00 -2.2631710700e+00 -5.4505139929e+00  1.8016582661e+00 -1.4844647727e+00 -5.5849787999e+00  3.4127942539e+00
ENERGY -5.365630597698e+02
GRADIENT  3.3476451209e-03  1.5117964413e-03  5.1802904179e-04 -2.4490966071e-05  8.7733560397e-05 -2.5774903445e-05 -4.0615303410e-05  1.0925498796e-04  2.0290580219e-05 -5.9503352190e-03 -2.3646435122e-03 -2.3422530957e-03  6.0465991147e-05 -7.6324357479e-05 -1.4745855782e-04  5.8517099990e-06  1.2927623935e-06  8.9284818199e-06 -1.7853044609e-05 -6.5378664274e-06  4.8123237036e-06 -7.6725624560e-06  2.4636013687e-05 -1.4402194934e-05 -1.4411484030e-03  1.8727869000e-04 -3.0738516705e-03  3.8006226803e-06 -9.6477820892e-05  1.6514845321e-04  6.5020183303e-06  1.7322350716e-05 -2.0740879244e-05  4.0619600947e-03  6.1385089330e-04  4.8931753688e-03 -6.2768065796e-06  1.2470971473e-05  1.2740662783e-06  3.3119137322e-06 -2.7395232202e-06 -1.4243831109e-05 -2.0373314371e-06 -1.4592136949e-05  1.4676719346e-05  1.7339227405e-06  5.2299201578e-06  3.6821403974e-07  9.9663251315e-06 -6.3482274624e-06  5.3290748124e-07  1.0004340738e-06  2.3843822484e-06  2.2242524086e-06  6.2631852601e-07  1.6735560920e-06  3.6464153551e-08  5.7843806505e-07 -1.3320036433e-06 -5.8106387376e-07 -2.4746237071e-06 -1.2624115464e-05 -4.1499398828e-06  1.5554758547e-06  3.1178746972e-06 -7.7681969162e-06  9.2455886227e-06  1.6259044071e-05 -4.4381650962e-06 -1.1094335470e-05  8.0353816561e-06 -9.0255760079e-06 -4.6768286766e-06  4.0921123643e-07 -7.7445494500e-06 -1.1769135910e-05 -2.3352771020e-06  6.0078058964e-06  3.9831168787e-06  1.0881171862e-05 -6.7654197883e-07

JOB 16
COORDS -1.5126873061e+00 -2.6973380439e+00  3.8247260729e+00 -1.3104665066e+00 -2.0702324373e+00  1.5005477529e+00 -2.0431231229e+00 -1.4343128057e+00  4.0669843406e+00 -1.1451759381e+00 -3.0293423020e+00  2.5113193741e+00 -1.8413026088e+00 -8.4121371649e-01  1.8818729372e+00 -2.9279332982e+00 -2.3828188364e-01 -2.6123908476e-01 -6.6670457240e-01  6.2206563489e-01  2.7418454809e-01 -2.6361018138e+00  1.4912092552e+00  1.4534002783e+00 -1.3795894532e+00 -5.3794839030e+00  2.2047762399e+00 -2.2054096118e+00 -5.0933578885e-01  3.1021773776e+00 -2.0186438447e+00  2.5096325590e-01  8.4297158956e-01 -5.3742430292e-01 -4.2014821525e+00  2.2045190863e+00 -1.3703105303e+00 -3.4048382471e+00  4.6351879221e+00 -1.0039918902e+00 -2.3194908913e+00  4.9064784488e-01 -2.3376006512e+00 -1.1347579776e+00  5.0692290630e+00 -3.0668037261e+00  5.6950989725e-01 -9.8019985945e-01 -2.4750353742e+00 -1.0962621977e+00 -7.5368163344e-01 -3.8830759123e+00 -5.2207873614e-01  1.7968624672e-01 -8.0269152534e-01  1.4280352107e+00 -4.4745976783e-01 -2.7596289503e-02  9.4930961246e-01  1.0937043465e+00 -2.2797921492e-01 -2.4506266247e-01 -2.1544150363e-01 -2.7351693204e+00  2.2255566608e+00  6.5407284753e-01 -3.6074533787e+00  1.2392058067e+00  1.8715882076e+00 -1.9893091664e+00  1.8622951768e+00  2.2440358233e+00 -7.1866989139e-01 -6.2153156671e+00  1.9794796243e+00 -2.1501537539e+00 -5.2899823925e+00  1.4321882288e+00 -1.8455365752e+00 -5.5283341751e+00  3.1839629000e+00
ENERGY -5.365612480588e+02
GRADIENT  2.2818811772e-03  1.1240633948e-03  3.3440665933e-04  4.9206071756e-05 -5.7445495389e-05  1.7281626366e-05 -3.0952703330e-05 -4.7892443294e-05  1.9816600250e-04 -3.8740126404e-03 -1.4824941771e-03 -1.6779149853e-03  2.0947861649e-05  6.3646806493e-05 -1.3305494844e-04  5.1919711287e-06  8.9248815475e-06 -7.1952651011e-06 -1.8524145262e-06  6.4448598840e-06 -6.4386628760e-06 -4.6458362251e-06  2.3043890784e-05 -1.7116361503e-05 -5.0360413125e-04  3.4510489469e-04 -2.2587196375e-03  4.1880634245e-05 -1.2632565956e-04  1.1487754304e-05  5.4368701423e-06 -6.1084074958e-06 -3.8631823484e-05  2.0263984230e-03  1.1670087994e-04  3.5426126938e-03 -1.3751709640e-06  1.4276158532e-05  2.6775458947e-06 -2.7391776667e-06  1.2666702719e-05 -5.2943018802e-06  1.6511609705e-06 -1.4291349461e-05  1.6299549729e-05  8.0444464709e-07 -1.4262227167e-06 -5.1227983181e-06  4.7982859025e-06 -4.4634957537e-07 -2.5321525699e-06  2.4895170725e-06  2.5907439079e-07 -2.9964359886e-06  2.1239997844e-06  1.4377053554e-06 -7.8713164627e-07 -2.8031004843e-07 -7.6720326136e-07  4.0361407001e-07  9.6689913794e-08 -2.2604787043e-06 -2.1557773193e-06  2.7742346897e-06 -1.3588179492e-06 -8.9355557639e-06  4.5974576056e-06  8.1389390862e-06 -7.7790173023e-06 -8.1935884788e-06  3.5423772994e-06 -1.0101697344e-05  9.0674681592e-07  3.1775384049e-06 -2.1280172118e-05 -4.2964460197e-06  1.1209712944e-05  1.2927869357e-05  1.7146378629e-05 -1.9282909922e-05  5.7697472962e-07

JOB 17
COORDS -1.4788814738e+00 -2.6408094993e+00  3.9053478451e+00 -1.2980686992e+00 -2.0744689913e+00  1.5636974077e+00 -2.0130422204e+00 -1.3732643064e+00  4.1191076825e+00 -1.1145202594e+00 -3.0022903133e+00  2.6005854961e+00 -1.8348671815e+00 -8.3935567550e-01  1.9162029405e+00 -2.9407223633e+00 -2.9704531200e-01 -2.3329740143e-01 -6.8117101214e-01  5.9047811254e-01  2.6375822658e-01 -2.6474871733e+00  1.4765551852e+00  1.4354802971e+00 -1.4136868091e+00 -5.2923267418e+00  2.0436876225e+00 -2.1889248064e+00 -4.7677141633e-01  3.1309515833e+00 -2.0266336871e+00  2.2518659443e-01  8.5147474427e-01 -5.1893029174e-01 -4.1939062852e+00  2.3398433403e+00 -1.3286990567e+00 -3.3330168894e+00  4.7275844648e+00 -9.9640408471e-01 -2.3451291888e+00  5.5768329402e-01 -2.3054073481e+00 -1.0495325189e+00  5.1144220171e+00 -3.0903798156e+00  4.9166079021e-01 -9.7102732230e-01 -2.4856241689e+00 -1.1638525312e+00 -7.0800891692e-01 -3.8906773547e+00 -5.7616175269e-01  2.2161550165e-01 -8.2735708445e-01  1.3777348995e+00 -4.7631116993e-01 -3.8127938406e-02  9.4143252177e-01  1.0702831948e+00 -2.4060046737e-01 -2.8565160201e-01 -2.0788787238e-01 -2.7569929873e+00  2.1901220534e+00  6.1888630773e-01 -3.6141714500e+00  1.2290361043e+00  1.8669971473e+00 -1.9972867055e+00  1.8711509857e+00  2.2117916558e+00 -7.7431050868e-01 -6.1550899851e+00  1.8614071596e+00 -2.0084613732e+00 -5.0715962675e+00  1.1504807311e+00 -2.0748064634e+00 -5.4894965839e+00  2.8939254843e+00
ENERGY -5.365602324544e+02
GRADIENT  8.3533061895e-04  3.8787095914e-04  1.4133275862e-04  2.2118573868e-05 -1.0706330910e-05  2.3528264536e-05  8.6064862674e-06 -2.8929932567e-05 -2.8481128383e-05 -1.3092122700e-03 -4.8836020060e-04 -6.2319401367e-04 -1.9531129483e-05  3.6841496715e-05  2.3520595497e-05  5.3157653379e-06 -4.8055770471e-06 -1.7979586785e-06  5.0866702036e-06 -2.7699156283e-06  1.3134200887e-06  2.1472799655e-06 -8.8241593718e-08 -5.6162012918e-06  2.3955742401e-05  1.9424967166e-04 -8.5065715840e-04  3.7618653329e-06  1.2697353140e-05 -3.0778037968e-05 -2.3805871273e-07  9.7662865520e-07 -2.1231978744e-06  4.2857378117e-04 -1.1865220559e-04  1.3384171223e-03 -2.8250413214e-06 -1.9126140917e-06  2.6124337561e-06  1.6401754614e-06 -1.0626940514e-05  8.9446311440e-06 -1.1425229466e-06  3.0982136921e-06 -5.5099201855e-06  1.3869214345e-06 -3.0433506478e-06 -1.8456391556e-06  3.7267729637e-06 -5.6370550016e-07 -3.3773871347e-06  3.1844537475e-06 -4.8699739447e-06 -3.1783123896e-06  2.9128920117e-06 -9.3028627527e-07  9.3944855695e-07  2.0749926539e-06 -3.6948934055e-06  1.3179571834e-06  2.2880281173e-06 -8.2471684836e-07 -1.4101554717e-06  2.2074884795e-06 -2.0536176759e-06 -2.1630056148e-06 -8.0261742690e-07 -2.9649743902e-06 -3.8117809881e-06  2.6770667046e-07 -2.9262646646e-06 -1.4239380681e-06  6.9143592611e-06  6.4313726699e-06 -2.2118185219e-05 -1.3687521104e-05  1.5022425514e-05  2.1112512791e-05  2.0557995740e-05 -1.9244921431e-05  1.2779381737e-05

JOB 18
COORDS -1.4721694191e+00 -2.5942579310e+00  3.9922943409e+00 -1.3055441339e+00 -2.0962258285e+00  1.6341147053e+00 -1.9916061121e+00 -1.3158809663e+00  4.1745780794e+00 -1.1163306268e+00 -2.9950374240e+00  2.6969224759e+00 -1.8315240582e+00 -8.4849329755e-01  1.9558020863e+00 -2.9550220012e+00 -3.6030084983e-01 -1.9803525811e-01 -6.8538923547e-01  5.2681867507e-01  2.5164913808e-01 -2.6345752651e+00  1.4581331527e+00  1.4161303104e+00 -1.4015727411e+00 -5.2206501511e+00  1.9036867985e+00 -2.1710156786e+00 -4.4708447021e-01  3.1626741464e+00 -2.0270381001e+00  1.8642462260e-01  8.6229945669e-01 -5.4924487354e-01 -4.2088560011e+00  2.4876353167e+00 -1.3266324353e+00 -3.2698054320e+00  4.8288899985e+00 -1.0152619051e+00 -2.3902840422e+00  6.3135074387e-01 -2.2774533932e+00 -9.6357972224e-01  5.1620541702e+00 -3.1073449074e+00  4.0808039991e-01 -9.5638106292e-01 -2.5100348975e+00 -1.2429949998e+00 -6.5267004164e-01 -3.9020124107e+00 -6.2054359484e-01  2.7391768413e-01 -8.3398591539e-01  1.2940197860e+00 -5.0873311446e-01 -3.2348558259e-02  8.9605310160e-01  1.0418100590e+00 -2.5453386183e-01 -3.6472854258e-01 -1.9964961309e-01 -2.7473642308e+00  2.1486496476e+00  5.8037745713e-01 -3.5985385983e+00  1.2292670953e+00  1.8636635492e+00 -1.9745726665e+00  1.8705349919e+00  2.1746776999e+00 -7.7659338355e-01 -6.1054428689e+00  1.7903988295e+00 -1.7738053046e+00 -4.9019849688e+00  9.2363037777e-01 -2.2419966556e+00 -5.4372821919e+00  2.5708543849e+00
ENERGY -5.365602293606e+02
GRADIENT -8.3112576395e-04 -2.0825295379e-04  1.0757383521e-05 -4.4734013180e-05 -8.1388310000e-05  2.1507441818e-04  8.2742425562e-05 -1.2435493188e-04 -5.1251003425e-05  1.2199999248e-03  1.8739365161e-04  3.3420542327e-04 -3.2471249024e-05  1.5319404577e-04  8.7712001282e-06  3.7754536441e-06  7.4785399685e-06  1.4831919467e-05 -1.3176476998e-05  5.6900114096e-06  5.0442277791e-06 -7.1915055562e-06  2.1376263899e-05 -8.1637453144e-06 -1.4579336342e-04 -1.8680242319e-04  7.3535894235e-04 -1.8770676473e-05  1.2911873892e-05 -8.6119609742e-05 -1.3393245138e-05 -4.3800603144e-06 -3.7116501563e-05 -2.2591419806e-04  1.6167703073e-04 -1.0681473382e-03  1.9337428211e-05 -3.1912142272e-05 -3.1165390687e-05 -9.6317033568e-06  3.5558195676e-05  9.2010418945e-06 -8.3356225172e-06  9.4265943411e-06 -9.7731438833e-06  8.2841199721e-06 -2.9316136776e-06  5.2015755295e-07  5.9741493919e-06 -6.1553072571e-06 -3.0927402780e-06  2.5638785370e-06 -1.5488329193e-06 -7.4744152071e-07  8.1159471914e-06 -3.1552746396e-06 -1.2453648284e-06  2.7248281046e-06 -2.3912308867e-06  1.4089236537e-06  5.9172992176e-06 -2.9365788793e-06  2.5034037414e-07  4.0775524703e-06 -1.3011057352e-06 -3.6753401969e-06  5.5387763001e-06 -5.6543948686e-07 -3.5543777118e-06 -4.0424643578e-06  7.7163918376e-07 -3.2111913040e-06  7.5220532481e-06  5.6176142360e-06  9.8975805994e-06  4.8221920421e-06 -3.7122814504e-06 -1.7079463325e-05 -1.0540590670e-06  3.0724705594e-06  4.7498177654e-06

JOB 19
COORDS -1.4937073728e+00 -2.5518498132e+00  4.0611370142e+00 -1.3451002417e+00 -2.1123879683e+00  1.6889776653e+00 -1.9812393071e+00 -1.2595983621e+00  4.2202163095e+00 -1.1581461352e+00 -2.9906111441e+00  2.7709924231e+00 -1.8414393376e+00 -8.4754419215e-01  1.9904958088e+00 -2.9910672841e+00 -3.8862267804e-01 -1.5718293130e-01 -6.9784844334e-01  4.6497104970e-01  2.3456532540e-01 -2.6094398762e+00  1.4606089443e+00  1.4070337525e+00 -1.3593082049e+00 -5.1567593045e+00  1.7770237168e+00 -2.1564783768e+00 -4.0939781251e-01  3.1907135793e+00 -2.0351146958e+00  1.6443694253e-01  8.7446836865e-01 -6.3415841945e-01 -4.2267172330e+00  2.6116382045e+00 -1.3589350399e+00 -3.2151783422e+00  4.9090368768e+00 -1.0795044268e+00 -2.4261061712e+00  6.8580172894e-01 -2.2519539411e+00 -8.8162061385e-01  5.2024169501e+00 -3.1420616280e+00  3.6488593040e-01 -9.3057847178e-01 -2.5708667624e+00 -1.2898762931e+00 -5.9872938958e-01 -3.9344673759e+00 -6.1993873495e-01  3.3650700928e-01 -8.4446995953e-01  1.2172061778e+00 -5.4101183723e-01 -2.4985367227e-02  8.3966687920e-01  1.0052813623e+00 -2.9113947972e-01 -4.4465370625e-01 -2.0284116425e-01 -2.7226577187e+00  2.1329164957e+00  5.5660383115e-01 -3.5700305051e+00  1.2610960811e+00  1.8752655274e+00 -1.9295116521e+00  1.8780999475e+00  2.1448842093e+00 -7.7257549605e-01 -6.0742412171e+00  1.7802644285e+00 -1.4516997891e+00 -4.7877447616e+00  7.5011709188e-01 -2.3507461963e+00 -5.3430991054e+00  2.2009409396e+00
ENERGY -5.365611526371e+02
GRADIENT -2.1824750847e-03 -8.2560987299e-04  1.0554094603e-04  4.8762542917e-05 -2.3034128262e-04  6.3844774126e-05  8.0773013760e-05 -1.5290956184e-04 -5.4497185979e-05  2.7773353770e-03  8.0523869619e-04  9.7506754381e-04  5.5336702428e-05  1.1063041592e-04 -2.5949315475e-05  5.4963283378e-06  1.6173298951e-05 -1.7664269417e-05 -1.2009794097e-05  1.2078259040e-05  1.2983805212e-05 -2.2816814856e-05  6.9817602553e-06 -8.1699834661e-06 -9.9386225990e-04 -6.9621681435e-04  1.8212773581e-03  1.8031987156e-05  2.0535555863e-05 -2.7354373267e-05 -2.4123608718e-05 -4.2681751567e-05 -4.4494641104e-05  2.9976692532e-04  9.7122446436e-04 -2.6726584502e-03  2.3360892018e-05 -1.5932165142e-05 -2.2609086174e-07 -1.3703220408e-05  4.8716176883e-05 -4.7498174745e-05 -1.7069824198e-05 -2.3280747680e-05 -3.4306330450e-07  7.0728197332e-06 -4.6212402528e-06 -4.6373691856e-06 -2.9739846530e-06  1.8958364128e-06 -4.2686335851e-06  1.4381588574e-06  1.9686844520e-06  4.8400947254e-07  1.1838278764e-06 -2.6694798829e-06  1.7736866006e-06  3.2854885202e-07  3.6125192801e-07  1.3129671803e-06  3.8018511429e-06 -1.3587893020e-05  3.9399174104e-06 -3.6594229194e-06 -4.3996884557e-06 -2.5964796594e-06  5.3976486033e-06  1.2958805142e-06 -1.5132361388e-06 -4.6756871528e-06  1.8437717600e-06 -4.9306590951e-06 -5.4099998333e-06 -1.5078984399e-05 -6.2349821097e-05 -2.1520293521e-05  1.6252243464e-05 -1.1200285316e-05  1.0063235282e-05 -4.1830781986e-05  1.2565752398e-06

JOB 20
COORDS -1.5267986787e+00 -2.5107685856e+00  4.1192736377e+00 -1.3939939369e+00 -2.1196289565e+00  1.7367865000e+00 -1.9800818753e+00 -1.2067811634e+00  4.2605180382e+00 -1.2077729628e+00 -2.9807625833e+00  2.8334722350e+00 -1.8554575168e+00 -8.3713663525e-01  2.0237458730e+00 -3.0467657775e+00 -3.9174784394e-01 -1.0357334825e-01 -7.2029201998e-01  4.0327406514e-01  2.0839142134e-01 -2.5698794027e+00  1.4795048390e+00  1.4072852650e+00 -1.2871865075e+00 -5.0720486239e+00  1.6644996729e+00 -2.1451152691e+00 -3.6839372831e-01  3.2170611645e+00 -2.0476687957e+00  1.5560128475e-01  8.8946473153e-01 -7.4718916083e-01 -4.2410181779e+00  2.7142022534e+00 -1.4074862517e+00 -3.1656375005e+00  4.9759121334e+00 -1.1640333669e+00 -2.4556059368e+00  7.3269054713e-01 -2.2371913898e+00 -8.0790314090e-01  5.2379934986e+00 -3.1985672750e+00  3.4924279681e-01 -8.8884790165e-01 -2.6642054570e+00 -1.3137843088e+00 -5.3637330448e-01 -3.9819951595e+00 -5.8596735487e-01  4.2069466723e-01 -8.6592249877e-01  1.1434875142e+00 -5.7885276590e-01 -1.6188709786e-02  7.7364794733e-01  9.5283987923e-01 -3.5178151818e-01 -5.2633118664e-01 -2.2057126080e-01 -2.6833764390e+00  2.1369779504e+00  5.4535736467e-01 -3.5241306870e+00  1.3192025098e+00  1.9025462898e+00 -1.8598036475e+00  1.8911723498e+00  2.1196371905e+00 -9.6901451820e-01 -6.0858729615e+00  1.9033137763e+00 -8.8503784312e-01 -4.7911761781e+00  6.8558007257e-01 -2.3795775744e+00 -5.0128852224e+00  1.6608403346e+00
ENERGY -5.365631459067e+02
GRADIENT -3.8793389535e-03 -1.3422962969e-03 -4.9052262247e-04  6.1681930863e-05 -1.1930622386e-04 -2.8238832349e-05 -1.2342099350e-05 -6.2650407247e-05  2.1998025369e-04  4.2081443191e-03  1.5461450956e-03  1.9465626665e-03 -4.0257315319e-05  4.6833300596e-05  2.8850518483e-05  1.4650777908e-05  1.1356521178e-06  2.9259731604e-06  8.2750839714e-06 -1.2218606687e-06  6.2102192133e-06 -1.1678213207e-07 -1.3602387830e-05  7.4581584775e-07 -2.9066020126e-03 -1.3230912699e-03  2.5168739636e-03  4.7173551615e-05 -4.4703279358e-05 -1.1150842283e-04 -4.7357038251e-06  2.0979725768e-06 -4.9338061973e-05  2.5371725634e-03  1.2637118629e-03 -4.0448434144e-03  2.1525908171e-06 -2.8922193117e-07 -6.0669502585e-06  2.6315960914e-06 -6.6216927308e-06  5.0896786847e-06 -4.7454982014e-08 -4.3562725339e-07  6.8148292358e-06 -7.5160421696e-06 -6.0263995698e-06 -2.4695281356e-06 -4.8028891647e-06  7.2487794662e-06 -9.2956343760e-06 -4.6620330167e-07 -9.5430100294e-06 -2.5624635330e-06 -1.0193571672e-06 -1.0581324098e-06 -4.6434393482e-07 -2.4981542904e-07 -1.9829732960e-06 -9.3105636745e-07  1.4511320154e-06  1.9555849251e-06  2.3025089296e-06 -6.1806727225e-06 -5.8298329568e-06  1.5192181563e-06 -4.0273090965e-06 -9.7287330028e-06  4.9506495304e-06  3.8929349691e-06 -4.4529221209e-06 -2.9948655132e-06 -8.8786087926e-06 -1.4087373102e-05 -2.5519330973e-06  8.9488410468e-07 -9.4195971276e-07  5.7699335437e-06  5.3824924531e-06 -2.6971808600e-06 -1.2524025044e-05

JOB 21
COORDS -1.5666351655e+00 -2.4849469970e+00  4.1573871348e+00 -1.4585172664e+00 -2.1347026692e+00  1.7659386916e+00 -1.9757432484e+00 -1.1675337510e+00  4.2851282401e+00 -1.2829579176e+00 -2.9862287172e+00  2.8726031491e+00 -1.8739838448e+00 -8.3328251216e-01  2.0429483463e+00 -3.0907260243e+00 -3.8483295049e-01 -6.9613387811e-02 -7.3529653218e-01  3.4204703209e-01  1.8612637844e-01 -2.5275462217e+00  1.4944227355e+00  1.4004966702e+00 -1.1930230217e+00 -5.0112929235e+00  1.5911564975e+00 -2.1301828150e+00 -3.3725217517e-01  3.2313760003e+00 -2.0562709541e+00  1.4662135743e-01  8.9546316979e-01 -8.8059079837e-01 -4.2636923646e+00  2.7825545384e+00 -1.4570034339e+00 -3.1310709339e+00  5.0219155644e+00 -1.2607532432e+00 -2.4877611285e+00  7.6149002108e-01 -2.2049823332e+00 -7.4725148200e-01  5.2604737790e+00 -3.2343500756e+00  3.4796723153e-01 -8.6406446307e-01 -2.7455817933e+00 -1.3253203886e+00 -4.9401270151e-01 -4.0212586059e+00 -5.4117223607e-01  4.7525472097e-01 -8.7271749129e-01  1.0740095216e+00 -6.1025918272e-01 -6.0607964753e-03  7.0183805692e-01  9.1133058446e-01 -4.0385169888e-01 -6.0512985948e-01 -2.3453323611e-01 -2.6357876678e+00  2.1412882187e+00  5.2988940454e-01 -3.4772460070e+00  1.3720847655e+00  1.9148747804e+00 -1.7923979596e+00  1.8946879267e+00  2.0936347292e+00 -1.0024261560e+00 -6.0532399177e+00  1.8436251825e+00 -5.4405407051e-01 -4.7183822408e+00  7.5916323511e-01 -2.2457586331e+00 -4.8778012624e+00  1.3235702786e+00
ENERGY -5.365657391911e+02
GRADIENT -3.7052798086e-03 -1.1462937269e-03 -4.1113621994e-04  3.7808277434e-06 -2.4114428531e-06 -1.9308330180e-06 -1.4407785026e-05  1.9562985320e-05  8.4634631102e-05  3.7328502682e-03  1.1064152468e-03  1.4180283284e-03  1.0332173669e-05 -8.4111223666e-06 -8.1361898617e-05  1.6890251516e-06  3.4201971665e-06 -3.7616662151e-06 -5.7269360220e-07  7.5981442338e-07 -7.3411923206e-07 -3.8412398496e-06  6.4862367097e-06 -5.0209547140e-06 -3.3354116890e-03 -1.1651218826e-03  1.5973840064e-03  1.8888036294e-05 -5.8449849160e-05  4.3588787174e-05 -3.2623879602e-06 -8.0102430973e-06 -8.3055862548e-06  3.2825860277e-03  1.2165343885e-03 -2.6161182277e-03 -2.7607518607e-06  4.3326552043e-06  1.8545313944e-06 -4.4959522451e-07 -1.7179416307e-06 -4.6842849051e-07 -2.5868084230e-07 -7.6511645400e-06  1.1539912554e-05  4.1205753865e-07 -3.5352659704e-06 -4.7142391406e-07 -1.5565681455e-06 -4.2661592448e-06  3.5226292044e-06 -1.6031744641e-06  1.3702522392e-06  1.8020248439e-06 -6.8402315001e-07 -3.4558032947e-06  5.1218150727e-07 -7.2632190123e-07 -3.6264756363e-06  7.5399884884e-07 -1.9081017992e-06 -5.9617878304e-06  1.9673636596e-06 -8.7588490283e-07 -3.3681580364e-06 -2.1019917864e-06  3.8547165401e-06  1.7790161229e-06  7.9479913108e-07 -1.8563405433e-06  5.4944846660e-07 -4.3148888578e-06 -5.6142997683e-06 -3.5247860839e-06  7.4265234969e-07 -6.2741412838e-06 -7.8138999454e-06 -3.7997069195e-07 -2.1830576189e-06 -2.5712444970e-06  3.4124954843e-07

JOB 22
COORDS -1.6118869165e+00 -2.4765361572e+00  4.1760291145e+00 -1.5299414556e+00 -2.1557606540e+00  1.7785426770e+00 -1.9704312215e+00 -1.1456166155e+00  4.2967153537e+00 -1.3742765161e+00 -3.0044446670e+00  2.8906495612e+00 -1.8943971386e+00 -8.3714153014e-01  2.0513040776e+00 -3.1298274367e+00 -3.7027244425e-01 -4.6672294837e-02 -7.4808606293e-01  2.8154342104e-01  1.6395380922e-01 -2.4819313442e+00  1.5038887595e+00  1.3943431514e+00 -1.0875067208e+00 -4.9747446208e+00  1.5543869987e+00 -2.1132001756e+00 -3.1936138873e-01  3.2365510074e+00 -2.0628217473e+00  1.3649523274e-01  8.9606088579e-01 -1.0268390331e+00 -4.2964570253e+00  2.8211972813e+00 -1.5087608657e+00 -3.1168912975e+00  5.0456559210e+00 -1.3622565569e+00 -2.5199192042e+00  7.7324360318e-01 -2.1623567501e+00 -7.0652394042e-01  5.2717368828e+00 -3.2633294221e+00  3.5963520337e-01 -8.4553979138e-01 -2.8222630332e+00 -1.3251389656e+00 -4.6772565940e-01 -4.0555168316e+00 -4.9189609405e-01  5.1502353671e-01 -8.7436060704e-01  1.0095838676e+00 -6.3786800314e-01  4.1250299669e-03  6.2457629400e-01  8.7365894480e-01 -4.5452378865e-01 -6.8009152281e-01 -2.5203057945e-01 -2.5830483058e+00  2.1452871194e+00  5.1884182922e-01 -3.4267773699e+00  1.4175639514e+00  1.9247359091e+00 -1.7233213531e+00  1.8867476999e+00  2.0718367485e+00 -9.0282054516e-01 -6.0240707289e+00  1.7779094056e+00 -3.1104368410e-01 -4.6066164600e+00  8.7546164446e-01 -2.0793274712e+00 -4.8599272085e+00  1.1052283822e+00
ENERGY -5.365677187309e+02
GRADIENT -2.1664617351e-03 -4.7101701576e-04 -2.1335856863e-04 -1.4472461609e-05 -4.2865005079e-05 -1.4317903608e-04  9.3720203744e-06  1.6260728955e-05 -3.8574367022e-07  2.0328801780e-03  4.9289196522e-04  4.4512726217e-04  3.1601354404e-05 -6.5460427645e-05  2.7125059658e-04 -8.4752333873e-06 -1.3926671085e-05  6.5639979673e-06  4.7187747572e-07 -9.0450216876e-06  1.5375390664e-05  2.2429792682e-07 -1.8643244148e-05  3.2142550216e-05 -2.1001695148e-03 -6.0629582001e-04  4.3745830195e-04 -3.9098683924e-05  1.2933883653e-04 -1.1399195972e-04  5.7106657466e-06 -2.5060688081e-05  4.4803908817e-05  2.2126103293e-03  6.3654389537e-04 -7.5940602393e-04  4.8645944936e-06 -1.4415542491e-06 -6.8023770309e-06  2.2495191185e-05 -4.2432029970e-06 -8.7628475285e-06 -4.7257605697e-06  2.1833010547e-05 -1.4065491423e-05  4.2762256131e-06  2.2353339689e-06  3.3351987729e-06 -3.2008019539e-06 -4.9626476951e-06  8.3847680585e-06 -2.2533840250e-06  6.1553111665e-06  1.4221987545e-06 -3.3709733932e-06 -6.9463126469e-07  1.9672363825e-06  1.1190701962e-06 -2.9003380371e-06 -1.5496433653e-06 -3.5567247610e-06 -5.5315048286e-06 -3.6130512700e-06  5.8157017194e-07  1.7663044644e-06  9.3131823239e-06 -1.9684791035e-06 -4.0317846385e-06  9.3428837722e-06  1.0624145914e-05 -3.1236346016e-06  9.3725671364e-06 -8.1602798933e-06 -1.9761685434e-06 -2.7813076340e-06 -1.2864622177e-05 -1.2475063824e-05 -8.7121197676e-07 -1.0096111994e-05  6.8724439269e-06 -3.4283873120e-06

JOB 23
COORDS -1.6753474046e+00 -2.5079199993e+00  4.1717454584e+00 -1.6029855137e+00 -2.1985578915e+00  1.7709867915e+00 -1.9829808869e+00 -1.1648024463e+00  4.2907504970e+00 -1.4782676073e+00 -3.0500899298e+00  2.8848969151e+00 -1.9171777692e+00 -8.6659342642e-01  2.0430243415e+00 -3.1803263057e+00 -3.5536777716e-01 -2.5930546142e-02 -7.6619434111e-01  1.8586769555e-01  1.1824013440e-01 -2.4075799172e+00  1.4962834171e+00  1.3829167435e+00 -9.7028857004e-01 -4.9682326692e+00  1.5396353855e+00 -2.1054233111e+00 -3.3743754058e-01  3.2282400868e+00 -2.0664176479e+00  1.0726898283e-01  8.8505591452e-01 -1.1830876918e+00 -4.3544502895e+00  2.8217045557e+00 -1.5836360615e+00 -3.1479192522e+00  5.0429298657e+00 -1.4607924894e+00 -2.5707685736e+00  7.6496919581e-01 -2.1413889740e+00 -7.1391508787e-01  5.2664012599e+00 -3.2997603058e+00  3.7369300204e-01 -8.2783609018e-01 -2.9291899825e+00 -1.3274570995e+00 -4.4514463963e-01 -4.0958102999e+00 -4.2843276429e-01  5.6036350673e-01 -8.7896463216e-01  9.1518888806e-01 -6.8439825628e-01  1.9993862840e-02  4.9628300842e-01  8.0580193250e-01 -5.2955752060e-01 -7.9020079968e-01 -3.0015112590e-01 -2.4986295721e+00  2.1362361183e+00  5.0524302280e-01 -3.3423564401e+00  1.4591743719e+00  1.9361881566e+00 -1.6152836560e+00  1.8464018325e+00  2.0393797248e+00 -7.5043493146e-01 -6.0131266924e+00  1.7512311959e+00 -1.1753357727e-01 -4.5100536592e+00  1.0276588129e+00 -1.8730437566e+00 -4.9011040320e+00  9.2341315061e-01
ENERGY -5.365684757121e+02
GRADIENT  4.5151071711e-05 -1.5591310667e-04  7.6315946189e-05  9.6160515988e-05 -1.8150457916e-04 -3.2856867833e-04 -2.6198374205e-05  7.1509599338e-06  1.5485263399e-04 -7.6792151052e-05  3.5576046989e-04  5.8868385709e-05 -1.3234039552e-05 -1.2367958503e-04  6.5748480395e-06  4.9077264184e-07  1.0465400501e-05  3.0963836529e-06  7.6994866887e-06  1.5053253269e-06 -9.0545750901e-06  2.7936236297e-06  3.7869018383e-06  1.0841809083e-05  1.3905858821e-05  4.4015915075e-05 -3.9689206404e-05  1.4302133885e-05 -3.9276394370e-05  3.3788152915e-05  1.9705019759e-05 -4.4434656293e-05 -1.2038344164e-05 -4.4788266905e-05  1.6337147179e-04  4.7847154406e-05 -1.1146767420e-05  2.1952713755e-05  3.9577982759e-05 -1.0985386617e-05 -9.7986792964e-06 -5.7913048187e-05  6.3949770478e-06 -2.2318717669e-05  2.3981762192e-05 -6.2114078676e-06  2.3080767418e-06 -6.9611319269e-07  1.5427320399e-06  6.3473759357e-06 -1.8307174437e-06 -5.4116446773e-07  1.8228756863e-06  8.8978809170e-07 -5.0048852174e-06  4.4104728808e-06  8.3339141448e-07 -2.9038878610e-06  5.5108439217e-06  1.7582796781e-06 -1.3121322434e-06  2.5682431397e-06  8.5013475460e-06 -5.4915934763e-07 -8.6423982058e-07 -1.2137529533e-06 -5.6543195973e-07  5.7410572476e-06  1.9264797534e-06 -1.8750093543e-06  4.6891929115e-06 -1.6950367049e-06 -3.1504502802e-05 -4.5918406427e-07  1.3397665399e-05 -1.5484394541e-06  2.7267731014e-05 -9.5944235440e-07  4.5583908975e-06  8.9052607426e-07  6.4621954881e-06

