JOB 0
COORDS  2.1969001811e+00 -6.2187662345e-01  7.9646372061e-02  1.1646180916e+00  3.7796625978e-02  7.3429720788e-01  4.5232558633e+00 -3.6248057487e+00 -8.2486840735e-03  4.6725490196e+00 -1.5322778091e+00 -1.1238880576e+00  1.3505351541e+00 -1.5525831878e+00  2.5339609582e+00  5.6345671352e+00 -4.0320656914e+00 -7.5056054750e-01  5.7763887144e+00 -2.0319806768e+00 -1.8121347589e+00  2.8373342482e+00 -1.7781738300e+00  5.7878189852e-01  3.9822484712e+00 -2.3397180630e+00 -1.9498991856e-01  7.2781183153e-01 -4.3624757085e-01  1.9758080461e+00  2.3876848200e+00 -2.1945935621e+00  1.8562496894e+00  6.2718867257e+00 -3.2669434999e+00 -1.6455206234e+00 -2.8424280583e-01  1.4466956215e-01  2.6896614055e+00  3.1267785464e+00 -3.5038167832e+00  2.7766695874e+00  2.4797540296e+00 -2.5213223964e-01 -8.9859080694e-01  7.0056368228e-01  9.0927450956e-01  2.7685687077e-01  4.0698060447e+00 -4.3402178412e+00  6.6095383131e-01  4.3919496133e+00 -5.0045329890e-01 -1.3000383912e+00  1.0347870547e+00 -1.9029834905e+00  3.5102996618e+00  6.0324779226e+00 -5.0357704766e+00 -6.0786524948e-01  6.2979629279e+00 -1.3972395646e+00 -2.5271855664e+00 -6.2335789571e-01  9.1127042233e-01  2.2004504296e+00
ENERGY -1.014214726913e+03
GRADIENT  4.6828688266e-03  4.2296440097e-03  3.7663004376e-03  2.4352942102e-05 -7.2735936393e-05  1.7445387920e-05  5.0043401215e-03  2.8972760324e-03  5.3971970529e-03 -5.9437692437e-05  6.5130086317e-05  3.1699206872e-06 -9.7244743112e-07 -3.5557910515e-05  2.9882019716e-05  9.6098769237e-06 -7.0854502759e-05  1.0996058973e-05 -5.8748930395e-06  3.1187443037e-05 -2.5728871263e-05 -4.0220590919e-03 -4.5090481034e-03 -2.6491182474e-03 -5.5212541079e-03 -2.6107277879e-03 -6.5555066451e-03 -1.9106647926e-05  2.0852329953e-05  2.2048447567e-05  1.3664973663e-05  2.7619183419e-05 -2.7785479261e-05 -1.4004175410e-05  1.6217056380e-05  2.5314001449e-05 -1.4916880606e-05  4.0961467885e-06  1.7142602391e-05 -4.2531838824e-05  3.2896879572e-05 -9.5188086950e-07  6.0211954908e-06 -1.1891852773e-05 -7.2038085252e-06  3.6273350456e-07 -1.0907986822e-05  2.4289446069e-06  1.5739358860e-05 -4.4478290227e-06 -2.1475800842e-05 -4.2282497074e-06  5.8587158211e-06 -4.6355876312e-06 -6.2278131343e-06  2.0739570793e-06  6.4270765586e-06  4.0312718820e-06 -4.2788018049e-06  9.4665897795e-06 -1.8485434654e-06  1.1781501895e-05  2.1027406942e-07 -1.0039764114e-07 -5.9300560855e-06  2.0953087935e-06

JOB 1
COORDS  2.1329926178e+00 -6.7820550423e-01  2.3920832440e-02  1.0832383368e+00 -4.1106633405e-02  6.7681498054e-01  4.4083201165e+00 -3.6531693660e+00 -1.0065695325e-01  4.7725725427e+00 -1.4780987310e+00 -1.0058211969e+00  1.4395239503e+00 -1.4846446240e+00  2.5802151662e+00  5.5092294778e+00 -4.0830908004e+00 -8.4444174911e-01  5.8577591610e+00 -2.0052730183e+00 -1.7059580133e+00  2.8567404017e+00 -1.7483693114e+00  5.8803258453e-01  3.9967521756e+00 -2.3125037123e+00 -1.7976368649e-01  7.2621946385e-01 -4.5293156385e-01  1.9658648632e+00  2.4881625251e+00 -2.1069059486e+00  1.9041497225e+00  6.2389183107e+00 -3.2891145557e+00 -1.6405092484e+00 -2.9584029659e-01  1.1418353231e-01  2.6781931133e+00  3.3760167065e+00 -3.3032289287e+00  2.8423349867e+00  2.3731819305e+00 -3.6845411270e-01 -9.8806381068e-01  5.4350153034e-01  7.6426668160e-01  1.8270819665e-01  3.8634985330e+00 -4.3755721460e+00  4.9328588219e-01  4.5627725527e+00 -4.1594164175e-01 -1.0829093210e+00  1.1834433358e+00 -1.7791544956e+00  3.5919504611e+00  5.8194283149e+00 -5.1257678524e+00 -7.9325489182e-01  6.4583210323e+00 -1.3575752349e+00 -2.3432063819e+00 -7.0160458932e-01  8.2035423120e-01  2.1503591433e+00
ENERGY -1.014218810170e+03
GRADIENT  3.3590614366e-03  3.5500610325e-03  1.9179944475e-03  2.1425345791e-04 -2.9583199373e-04  1.8845319496e-04  3.5957545040e-03  1.4935347188e-03  4.0444981164e-03  5.4903350142e-05 -1.4212161323e-04 -6.5917978032e-06  4.5196458547e-05  3.9388040444e-05 -1.1769635083e-04  3.7533383576e-05 -3.0840476406e-04  7.3173182272e-05  7.1083797128e-05  1.9324703125e-04 -9.2136403875e-05 -3.0183633250e-03 -4.2891476552e-03 -9.9991909551e-04 -4.0643283964e-03 -3.1501085000e-04 -5.3122211803e-03 -1.8938500840e-04  1.1180952603e-04  1.0082883371e-04 -4.4620657884e-06 -2.7435143844e-05  1.1226872042e-04 -1.3464197545e-04  5.2909996166e-05  7.7881697868e-05 -5.6145845662e-05  2.6578649143e-05  4.1396054549e-05  3.2907519774e-05 -4.0730608281e-05  1.6864471448e-05  2.0619300695e-05  1.1403568535e-05 -5.4011793555e-05  3.6072974189e-05 -3.8888105561e-05  1.1642722357e-05  1.5621539567e-05  1.0084427800e-05  2.3562302801e-06 -1.5346585267e-07 -2.7449625683e-05 -6.5751035519e-06  1.1817109539e-06  2.1486280667e-05 -1.8024141743e-05 -5.0676344206e-06 -3.0800436609e-05  1.8040224958e-05 -2.6282284538e-06  2.2094076374e-05 -1.4701575051e-05 -1.1111940588e-06 -1.0082150334e-07  9.4928470744e-06

JOB 2
COORDS  2.1002948345e+00 -7.2295813542e-01 -7.3578145940e-03  1.0227089654e+00 -1.1768640358e-01  6.3424579716e-01  4.3259759313e+00 -3.6446853569e+00 -1.6763328803e-01  4.8884441814e+00 -1.4401614339e+00 -8.9796879642e-01  1.5202073081e+00 -1.4103205185e+00  2.6195319801e+00  5.4000922461e+00 -4.1085459181e+00 -9.2931513049e-01  5.9382888670e+00 -2.0045764044e+00 -1.6253106129e+00  2.9081288913e+00 -1.6914688295e+00  6.1554697860e-01  4.0443041478e+00 -2.2704213558e+00 -1.4346165215e-01  7.2757669173e-01 -4.6840945134e-01  1.9569167711e+00  2.5910163990e+00 -2.0028481071e+00  1.9532056317e+00  6.2061721342e+00 -3.3176306448e+00 -1.6531034070e+00 -3.1455531854e-01  7.5604174169e-02  2.6595798468e+00  3.5793119310e+00 -3.1107894210e+00  2.8961505466e+00  2.3096251270e+00 -4.6402774407e-01 -1.0410775087e+00  4.1455209703e-01  6.1442731416e-01  1.0664986161e-01  3.7098801379e+00 -4.3517525346e+00  3.7647961108e-01  4.7481744931e+00 -3.6294112026e-01 -9.0155046744e-01  1.3022259930e+00 -1.6591965891e+00  3.6523286731e+00  5.6216014943e+00 -5.1743408611e+00 -9.6056059283e-01  6.6008889733e+00 -1.3668734357e+00 -2.2089178119e+00 -7.8025913022e-01  7.1562956314e-01  2.0980277873e+00
ENERGY -1.014220981053e+03
GRADIENT  1.0774137383e-03  1.2916731191e-03  5.4750725838e-04  2.0894191579e-05 -2.2636809670e-05  1.5001546053e-05  1.0869840353e-03  2.1763383304e-04  1.4951798789e-03 -1.8894514407e-05 -4.0953852371e-06  6.7309156634e-06 -4.2554555555e-06  8.9277866905e-06 -1.5182387473e-05 -1.2189300464e-05 -7.4894499334e-05  2.1699803161e-05  3.9969036785e-05  6.3012375219e-05 -3.3786000904e-05 -1.0164564663e-03 -1.7298879820e-03 -9.2158169650e-05 -1.1553435064e-03  2.7217924214e-04 -1.9627973896e-03 -1.3624110621e-05  7.0467262758e-06  7.5521535045e-06  2.7715228749e-05 -2.3077694229e-05  1.8117986221e-05 -3.5439534441e-05  2.3393913224e-05  2.7619050526e-05  4.5886708425e-06  6.4505325172e-06 -3.3260077633e-07  8.2508331639e-06 -1.3715013993e-05 -6.3209763813e-08 -2.8045317848e-06  6.2642589930e-07 -9.8776095007e-06  5.9717882516e-06 -3.5928658125e-06 -2.7556741167e-06  3.7230761567e-06 -3.4969960433e-06  2.8111426542e-06  6.9231849134e-06 -4.9787014928e-06 -3.2435547880e-06  1.7157292566e-06  2.5194846374e-06 -3.2930204756e-06 -2.4077642144e-06 -8.0399667652e-06  1.2993661616e-05  8.6448365052e-07  1.2371936009e-05  1.9652385478e-07 -3.9568632661e-06 -5.8614791612e-07 -3.1140088041e-06

JOB 3
COORDS  2.0490503393e+00 -7.8723071969e-01 -3.9002297563e-02  9.5296061096e-01 -2.1182536202e-01  6.0204137613e-01  4.2290602965e+00 -3.6265296856e+00 -2.6245924521e-01  4.9974008313e+00 -1.4234491829e+00 -7.9001632329e-01  1.5939735553e+00 -1.3335013751e+00  2.6520444774e+00  5.2851392429e+00 -4.1177031462e+00 -1.0322383583e+00  6.0198978825e+00 -2.0169096047e+00 -1.5354593482e+00  2.9390212445e+00 -1.6447595558e+00  6.2729457042e-01  4.0719710983e+00 -2.2401910825e+00 -1.2617411691e-01  7.2379745776e-01 -4.8869171564e-01  1.9551588504e+00  2.6793744427e+00 -1.8990491918e+00  1.9864802867e+00  6.1768773399e+00 -3.3411568329e+00 -1.6660398955e+00 -3.3037058283e-01  3.5683622217e-02  2.6561795406e+00  3.7586708342e+00 -2.9175174809e+00  2.9280078751e+00  2.2173320967e+00 -5.8389725149e-01 -1.0928361946e+00  2.7938256380e-01  4.4079971545e-01  5.0133763304e-02  3.5391774804e+00 -4.3137791370e+00  2.1726542329e-01  4.9336487350e+00 -3.4130560219e-01 -7.1502272942e-01  1.4188946781e+00 -1.5321069061e+00  3.7037648574e+00  5.4183663049e+00 -5.1920922306e+00 -1.1499360916e+00  6.7504298108e+00 -1.3947837865e+00 -2.0507564218e+00 -8.5353434349e-01  6.0485221618e-01  2.0695626156e+00
ENERGY -1.014221207517e+03
GRADIENT -2.9687342881e-04 -6.3528378921e-04 -7.1172878216e-04  2.8758851471e-04 -2.5632743833e-04  1.8786865138e-04 -6.6709823207e-04 -1.5624322824e-04 -6.1966354923e-04 -4.2001947668e-05  2.6332649157e-04 -4.5456157478e-05  4.7796675374e-05  2.1351184275e-05 -1.6602688190e-04  8.7609182299e-05  5.2377574795e-04 -3.7767450639e-05 -2.4928093130e-04 -4.1433031929e-04  1.9768873467e-04  3.1836722119e-04  1.0593476832e-03  1.8247045039e-04  4.9522013249e-04 -2.4130010687e-04  8.0422695330e-04 -2.1101883705e-04  1.1375299579e-04  1.3679822353e-04  2.1133736785e-05 -1.4046805523e-04  1.5731409095e-04  2.2971199267e-04 -1.2802883344e-04 -1.6690501584e-04 -6.8103272267e-05  2.2385154965e-05  2.7805303848e-05  4.5265071791e-05 -2.2869160815e-05  1.2048683387e-04  1.4666265093e-05  7.9505144246e-06 -6.3987499777e-05  4.1683506843e-05 -3.4918533697e-05  6.7182851511e-06 -2.4760574607e-05 -1.0632894189e-05  1.2191512198e-05 -2.3568388148e-05  3.5322840413e-05  6.3734420532e-06  2.4318873812e-06  1.8867873286e-05 -2.3173839261e-05  3.0250843958e-05  5.4974440400e-05 -1.0576339122e-05 -1.6802259266e-05 -6.7996225082e-05  1.1748861500e-06 -5.5985440226e-06  5.8589210218e-06  1.4401764823e-05

JOB 4
COORDS  1.9649125245e+00 -8.8286822801e-01 -7.6389832678e-02  8.6839508889e-01 -3.1540758456e-01  5.7341461496e-01  4.1277951231e+00 -3.6035872221e+00 -3.8358989784e-01  5.1031479646e+00 -1.4357634121e+00 -6.5426238815e-01  1.6803234834e+00 -1.2093468675e+00  2.6763197208e+00  5.1919351920e+00 -4.1153316818e+00 -1.1295090233e+00  6.1243954860e+00 -2.0466687094e+00 -1.3884489292e+00  2.9389024125e+00 -1.6174934198e+00  6.1484956036e-01  4.0747947286e+00 -2.2272400946e+00 -1.2919720986e-01  7.2733762543e-01 -4.8077587861e-01  1.9565614129e+00  2.7634407762e+00 -1.7675973863e+00  2.0005746198e+00  6.1825165041e+00 -3.3630530394e+00 -1.6319573089e+00 -3.2042326705e-01  4.5444170271e-02  2.6668330272e+00  3.9443214243e+00 -2.6636194146e+00  2.9421409863e+00  2.0715659951e+00 -7.6193213259e-01 -1.1508211295e+00  1.2870379464e-01  2.4632953866e-01  6.2933062655e-03  3.3554078288e+00 -4.2662156129e+00 -3.9217942482e-03  5.1149710541e+00 -3.6235778199e-01 -4.8638090023e-01  1.5672449838e+00 -1.3282855420e+00  3.7484146166e+00  5.2489597553e+00 -5.1828270081e+00 -1.3375535797e+00  6.9351137797e+00 -1.4468034467e+00 -1.7997936951e+00 -9.0767980292e-01  5.2580224777e-01  2.0617816288e+00
ENERGY -1.014220406179e+03
GRADIENT -7.3432642098e-04 -1.1558207836e-03 -2.0213290069e-04  2.7272208318e-05 -1.7831087908e-05  1.6515110504e-05 -6.6968441422e-04  2.1686985805e-04 -1.2194672396e-03  3.2691693178e-06 -2.2958080189e-05 -3.0785020576e-06  9.5346585093e-06  4.0194140134e-07 -4.1718374226e-05  2.2918017874e-05  3.9273023869e-05 -7.0298188773e-06 -2.8852696728e-05 -4.9004253861e-05  1.4187715889e-05  7.1759597494e-04  1.8048252850e-03 -3.1057402808e-04  6.5101745289e-04 -8.1792339889e-04  1.7294429937e-03 -3.7100634529e-05  1.6193485842e-05  2.0241358806e-05  1.1997187307e-05 -1.0223075496e-05  1.1035616466e-05  2.2409653622e-05 -1.8163762318e-05 -1.7678749298e-05 -1.6229760681e-05  1.4691617350e-05  7.0670276192e-06  4.3435919516e-06 -3.1714207855e-06  5.5219316124e-06  3.4955136237e-06  1.6211890505e-07 -7.9623998616e-07  1.6018577580e-06 -9.3403841193e-07  3.4036330537e-06 -2.1674580223e-06  7.6862142089e-06  3.0420177692e-06 -7.2769727125e-06 -4.5291423537e-06  5.8695150365e-06 -4.5465317186e-06  2.5465764017e-06 -5.4133279443e-06  7.6594199209e-06  3.4274759648e-06 -4.1121781852e-06  8.7818169677e-07 -1.4986507518e-05 -2.1904711692e-06 -3.4676789769e-06 -9.8788164703e-07  1.3872298704e-06

JOB 5
COORDS  1.8573072021e+00 -1.0193705147e+00 -9.2474797313e-02  7.7734837096e-01 -4.4086188316e-01  5.7607179260e-01  4.0269237155e+00 -3.5748405335e+00 -5.4652567106e-01  5.1769238058e+00 -1.4768287062e+00 -5.0479956719e-01  1.7856752315e+00 -1.0572351558e+00  2.6942624883e+00  5.1091144776e+00 -4.0920807610e+00 -1.2640785545e+00  6.2070187909e+00 -2.0891634428e+00 -1.2242628113e+00  2.9167501901e+00 -1.6241973198e+00  5.9714111244e-01  4.0522850048e+00 -2.2319740591e+00 -1.5256972496e-01  7.4381018576e-01 -4.6121725327e-01  1.9756501450e+00  2.8509440932e+00 -1.6269865747e+00  1.9997029488e+00  6.1884797891e+00 -3.3741466796e+00 -1.6061638302e+00 -2.8121333630e-01  8.5345031548e-02  2.7039775960e+00  4.1426859786e+00 -2.3666547228e+00  2.9303876265e+00  1.8848132986e+00 -1.0046379148e+00 -1.1784986424e+00 -3.0084172834e-02  2.1144187803e-02  1.1306819124e-02  3.1816040512e+00 -4.2089660752e+00 -2.9437881026e-01  5.2523989931e+00 -4.3136279617e-01 -2.1919101372e-01  1.7525246314e+00 -1.0689069218e+00  3.7783029675e+00  5.1074665199e+00 -5.1346596030e+00 -1.5791340299e+00  7.0901666837e+00 -1.5179463412e+00 -1.5071023509e+00 -9.3729053168e-01  4.6444638129e-01  2.0977416084e+00
ENERGY -1.014219933523e+03
GRADIENT -1.2499457114e-05 -3.8684381830e-05  5.3936035332e-05 -4.2356487231e-05  2.3269169937e-05 -1.3777507430e-05  9.0762523157e-06  4.5357178987e-05 -3.7065506795e-05  4.8078983505e-06  2.8083800501e-05  1.1228659557e-05  2.3671115162e-06 -2.8357977192e-06  3.6992618588e-05 -2.4723037106e-05 -8.4103025449e-05 -1.6573464734e-05 -6.5987951505e-07  3.4834269927e-05  1.7948652412e-06  3.7589007870e-05  6.0751195691e-05 -5.6929496604e-05  2.6798300430e-05 -6.8517773384e-05  6.4699642472e-05  1.7064890963e-05 -9.5989262776e-06 -2.6334182594e-05 -2.2712824957e-05  1.3682316561e-05 -1.6325174084e-05 -2.2911835232e-05  1.4922525417e-05  2.9668482781e-05  6.0870443862e-06  2.4349217167e-06 -1.5721285355e-06 -1.7456398488e-05  8.5300965590e-06 -1.2656676009e-05 -3.0122957226e-06 -4.3302138345e-07  9.4346641727e-06 -7.1379343245e-06  4.7616771491e-06 -3.9680076282e-06  3.9009270163e-06 -2.5720679018e-06  4.7862342590e-07  4.4577322800e-07  1.0205459913e-06  3.8661326328e-06 -7.1589868381e-06  2.4639413369e-06  5.7857572125e-06 -1.0957408792e-05 -6.4303287030e-06  2.3456703128e-06 -3.3167682721e-06  8.8565076110e-06  5.8155656337e-06 -4.7023201926e-06 -1.1265563588e-06 -2.9465253891e-06

JOB 6
COORDS  1.7854905276e+00 -1.1646659980e+00 -8.8398393421e-02  7.0805391813e-01 -5.7500565440e-01  5.7362275086e-01  3.9471484783e+00 -3.5285424515e+00 -7.0310730912e-01  5.2445064875e+00 -1.5510793726e+00 -3.3894860550e-01  1.8463860789e+00 -9.2295026891e-01  2.6865940574e+00  5.0353074679e+00 -4.0461670308e+00 -1.4124907527e+00  6.2722816400e+00 -2.1580102754e+00 -1.0643314193e+00  2.9075979892e+00 -1.6452602683e+00  6.0121874402e-01  4.0426697000e+00 -2.2453005828e+00 -1.5226721035e-01  7.4120336461e-01 -4.5452833428e-01  1.9680929418e+00  2.9095684168e+00 -1.5047210967e+00  1.9990456687e+00  6.1853093362e+00 -3.3845540195e+00 -1.6004659645e+00 -2.7646556026e-01  1.1172639416e-01  2.6912926412e+00  4.2719848275e+00 -2.0917559550e+00  2.9386189535e+00  1.7645235241e+00 -1.2531363224e+00 -1.1710919636e+00 -1.4672036116e-01 -2.0958644059e-01  7.8033075432e-03  3.0434974163e+00 -4.1184338920e+00 -5.7689395903e-01  5.3782895029e+00 -5.5567657546e-01  7.4799555249e-02  1.8618150969e+00 -8.3094620628e-01  3.7671521762e+00  4.9792968607e+00 -5.0432302689e+00 -1.8472647932e+00  7.2124399829e+00 -1.6318257237e+00 -1.2234138579e+00 -9.8060805072e-01  3.9344707362e-01  2.0858880436e+00
ENERGY -1.014220330242e+03
GRADIENT  6.0847242396e-04  1.0853515636e-03 -1.4051978285e-04 -4.9760968025e-05  2.0526921928e-05 -1.6983653254e-05  3.6404162893e-04 -4.8901084481e-04  1.0946684962e-03 -2.9800898172e-05  9.1439705488e-05  1.4406648541e-05 -2.9644532705e-05 -1.2515024119e-06 -1.3601307761e-04  6.9023297474e-05  8.4571668208e-05  5.3388709877e-06 -9.9939222662e-05 -7.7099151717e-05  1.0893889070e-05 -6.6168883667e-04 -1.7831734581e-03  7.7426032315e-04 -3.6997498487e-04  1.2025253215e-03 -1.7014633156e-03  6.9542032189e-06  5.9562296374e-07  9.2218156219e-06  1.1266813259e-04 -5.5589515104e-05  1.2172962880e-04  3.0803001259e-05 -3.9346118834e-05 -2.7282716993e-05  2.9426300723e-06 -3.2692670038e-07 -2.1887039987e-05  7.5510441154e-05 -2.6835222714e-05  3.7976898895e-05 -1.3490577022e-05 -5.1505777668e-06 -1.5923537432e-05 -2.4640645994e-06 -2.5961428085e-07 -7.8111134521e-06 -1.1813642295e-05  8.5541116775e-06 -4.6644098058e-06 -9.7847714137e-06  1.9564592337e-05  1.6823955775e-05  1.2960075750e-05 -5.8116078055e-06 -1.8493080443e-05  9.5578491357e-06  9.7349092342e-06  8.4868104420e-07 -7.9675405363e-06 -1.0666276018e-05 -2.5987477612e-06 -7.4869229250e-06 -7.5089750665e-08 -1.5877077188e-06

JOB 7
COORDS  1.7548166346e+00 -1.2880819174e+00 -6.3109453225e-02  6.6939361178e-01 -7.0036244156e-01  5.8529590334e-01  3.8930594291e+00 -3.4482903517e+00 -8.3165234536e-01  5.3166759642e+00 -1.6256423593e+00 -2.1997424860e-01  1.9021651712e+00 -7.8736625250e-01  2.6706063714e+00  4.9658645016e+00 -3.9725203987e+00 -1.5582790162e+00  6.3231486838e+00 -2.2317113386e+00 -9.7420183925e-01  2.9327457344e+00 -1.6371201449e+00  6.1602689981e-01  4.0595913517e+00 -2.2403527779e+00 -1.4142311947e-01  7.4601290619e-01 -4.4783993918e-01  1.9602037858e+00  2.9734890402e+00 -1.3693645629e+00  1.9963393199e+00  6.1681242973e+00 -3.3863837496e+00 -1.6397641355e+00 -2.7515838723e-01  1.2655777023e-01  2.6709411447e+00  4.3831320216e+00 -1.8079954993e+00  2.9491824060e+00  1.7007903988e+00 -1.4720045541e+00 -1.1324757166e+00 -2.2439418891e-01 -4.3591935940e-01  2.3611083974e-02  2.9463053129e+00 -3.9801941373e+00 -7.9438745231e-01  5.5088980013e+00 -6.8777241584e-01  2.9194778700e-01  1.9488100494e+00 -6.0092217206e-01  3.7379996618e+00  4.8528049888e+00 -4.9124668751e+00 -2.0968404676e+00  7.3035982460e+00 -1.7637345159e+00 -1.0497818724e+00 -1.0173439255e+00  3.1008406923e-01  2.0732481482e+00
ENERGY -1.014221123055e+03
GRADIENT  3.8434929905e-04  8.9643111752e-04 -1.7741516894e-04 -2.4030300350e-05  1.0153799254e-05 -2.0168904651e-05  2.7750681224e-04 -5.1230849228e-04  8.0968753321e-04 -8.6094545882e-07  9.0869300114e-06 -6.3831536500e-06 -4.8152937222e-06  4.3899923517e-06  3.9525944164e-05 -3.3330815853e-05 -4.0377560577e-05 -1.0341653146e-05  4.8947154351e-05  2.7026262108e-05  9.8431268985e-06 -4.1630239262e-04 -1.5641443989e-03  6.5624902444e-04 -2.3300887131e-04  1.1523712325e-03 -1.3260068535e-03  3.1645700321e-05 -1.9811942552e-05 -1.5906583716e-05 -1.6268252357e-06  9.0558174066e-06  1.0902550817e-05 -1.8190873919e-05  2.2224308690e-05  1.9880259921e-05  1.5653508419e-05 -2.2955620376e-06 -7.5084032830e-06 -2.0027855476e-05 -6.5314895119e-06  1.9882746223e-05  8.8840513016e-09 -3.3331546847e-07  3.7391978129e-07  1.0025678381e-07  4.7853194985e-06 -6.1202376696e-06 -6.0697132424e-08 -4.8585995563e-07 -7.6200256427e-06  6.4439243304e-06 -6.5815404261e-06 -4.3854680379e-06 -7.2553414355e-07 -5.0436548617e-06  6.7118539409e-06 -4.0645538567e-06 -1.6036373291e-06 -2.2128307287e-06  3.8159533549e-06  6.2955491650e-06  7.8480867871e-06  2.7689455458e-07 -5.3932933994e-06 -4.4851147723e-06

JOB 8
COORDS  1.7371687986e+00 -1.3893641197e+00 -2.4180102711e-02  6.3832780503e-01 -8.1226330008e-01  6.0801687456e-01  3.8489992896e+00 -3.3538239703e+00 -9.3017477323e-01  5.3780519130e+00 -1.7070668984e+00 -1.1648787060e-01  1.9301197347e+00 -6.6325672495e-01  2.6505261522e+00  4.9024950002e+00 -3.8884248546e+00 -1.6749397213e+00  6.3608840682e+00 -2.3155728489e+00 -8.9921672279e-01  2.9597335974e+00 -1.6096945203e+00  6.3453434679e-01  4.0777254537e+00 -2.2339622353e+00 -1.1570545065e-01  7.3766449871e-01 -4.4253234678e-01  1.9545381682e+00  3.0148601986e+00 -1.2394822593e+00  1.9928938643e+00  6.1470605020e+00 -3.3909683010e+00 -1.6720860920e+00 -2.9313390549e-01  1.3263457431e-01  2.6492986520e+00  4.4474415953e+00 -1.5503494841e+00  2.9642567907e+00  1.6620093977e+00 -1.6537046156e+00 -1.0748678203e+00 -2.8383227032e-01 -6.4527178734e-01  5.4883640181e-02  2.8695009548e+00 -3.8224957506e+00 -9.6580150892e-01  5.6246504905e+00 -8.2761652935e-01  4.6829284190e-01  1.9934156911e+00 -3.9615416852e-01  3.6997210826e+00  4.7367829422e+00 -4.7631936318e+00 -2.3023184626e+00  7.3724442743e+00 -1.9123203689e+00 -9.0946641560e-01 -1.0618154156e+00  2.2491129009e-01  2.0641048428e+00
ENERGY -1.014221146127e+03
GRADIENT -4.0132952555e-04 -1.0664943369e-03  3.5374187645e-04  2.6433742892e-05 -1.1235481867e-05  3.6145112707e-06 -2.9009336436e-04  6.6920945957e-04 -9.7352502694e-04 -1.2005382155e-05 -2.3320396308e-05 -1.1101904369e-05  3.2763593551e-06 -6.3378659423e-06  6.3825593965e-06 -3.8628184391e-05  4.3899144585e-05  4.3632297059e-05  9.4395931440e-05  2.9439076235e-05 -2.3542597774e-06  4.8315254396e-04  1.8868538571e-03 -9.8485930321e-04  2.0168239382e-04 -1.5872540055e-03  1.5537680873e-03 -1.5220215666e-05  5.9866427814e-06  1.2837210146e-05 -3.3941456485e-05  1.8807964481e-05 -2.1346338784e-05  1.8634430524e-06  2.3234959128e-05  2.2763189361e-05 -6.9456082916e-06  8.1729971421e-06  2.5289897800e-06 -2.4051819293e-05 -1.2775613202e-06  2.8250711399e-06  4.6816722405e-06 -5.0053030957e-06  7.3348850600e-06  1.5545981515e-06  1.6213533730e-06  3.4769489746e-06 -9.1296047979e-06 -4.3657539148e-06 -1.3313712003e-06  1.2229485649e-05 -4.7317390769e-06 -7.5634606913e-06 -7.1864742638e-06 -3.8345113197e-07  2.6811710070e-06 -3.4723013958e-06  3.5947488908e-06  8.2317147662e-06  5.5771601604e-06  1.1592736013e-05  1.0944957948e-05 -1.2633545903e-06 -6.3744316292e-06  8.0720577411e-07

JOB 9
COORDS  1.7197931713e+00 -1.4865842324e+00  2.0072794882e-02  6.1048136827e-01 -9.2066931495e-01  6.4081086227e-01  3.8275747491e+00 -3.2654593860e+00 -1.0211130522e+00  5.4241285503e+00 -1.8016431581e+00 -2.3087839049e-02  1.9479352669e+00 -5.5676964876e-01  2.6209695953e+00  4.8702065882e+00 -3.8085315633e+00 -1.7727033411e+00  6.3940712291e+00 -2.4092146191e+00 -8.2262074921e-01  2.9803928738e+00 -1.5853047682e+00  6.4095025807e-01  4.0919411958e+00 -2.2430741552e+00 -9.2549337186e-02  7.2692521134e-01 -4.4335096243e-01  1.9512949270e+00  3.0429008063e+00 -1.1285296966e+00  1.9757766871e+00  6.1448319842e+00 -3.4020659840e+00 -1.6885222661e+00 -3.1086131912e-01  1.3225390555e-01  2.6336915607e+00  4.4864719975e+00 -1.3253008091e+00  2.9635356653e+00  1.6215165673e+00 -1.8205312050e+00 -1.0076983253e+00 -3.3394449612e-01 -8.4563078866e-01  1.0546344149e-01  2.8281750304e+00 -3.6752579972e+00 -1.1312256788e+00  5.7117873313e+00 -9.8101614673e-01  6.2222403345e-01  2.0257357320e+00 -2.1743816254e-01  3.6480029739e+00  4.6682176370e+00 -4.6129097027e+00 -2.4787048092e+00  7.4273351060e+00 -2.0694533088e+00 -7.6856436614e-01 -1.0998434030e+00  1.4261288929e-01  2.0686012439e+00
ENERGY -1.014219328093e+03
GRADIENT -1.2610711929e-03 -4.2498545820e-03  1.9237347925e-03 -2.0908953537e-06  2.3932414276e-05  9.1396835339e-06 -4.1353222709e-04  3.3770110704e-03 -3.5391217604e-03  5.7485886341e-06  7.0628752957e-05  4.2946656547e-05  1.6505559602e-05 -1.6355621646e-05 -4.8678458652e-05  1.1459219173e-05 -4.4176202865e-05 -3.4880235907e-05 -3.3787698534e-05  1.2937724890e-05  4.8438813093e-05  1.6026278004e-03  7.8418203144e-03 -4.5192532629e-03  1.0818945534e-04 -6.9700707384e-03  6.1517535173e-03 -4.6041589950e-05  4.1468432029e-06 -7.3398950350e-07  5.9865139162e-05 -6.4128559188e-05  1.9707750558e-06 -1.1791390921e-05 -1.7611062543e-05 -2.0495339916e-05 -2.3342459143e-05 -5.3111701117e-06  1.4429785365e-05  3.8738147953e-06 -1.1726767275e-05 -4.2773746252e-05  8.8342585684e-06  9.2517647385e-06  5.7738084892e-06 -1.6442698280e-06  5.0556092709e-06  5.1424416577e-06  6.2402198602e-06 -1.2981347138e-06 -7.2730039086e-06 -5.9112848278e-06  6.5653467185e-06  2.1743442204e-05 -8.6345128645e-06 -8.0977310767e-06 -4.9533779919e-06 -4.1268795328e-06  5.0762530557e-07 -1.1915130161e-05 -1.1006468932e-07 -2.7607973096e-06 -1.9309913885e-06  6.3657166753e-07  5.7467622121e-06 -4.4818676012e-07

JOB 10
COORDS  1.6786693185e+00 -1.5697143407e+00  7.7509941634e-02  5.6100228158e-01 -1.0074652122e+00  6.8284997963e-01  3.8090004723e+00 -3.1557114947e+00 -1.1064875536e+00  5.4367345677e+00 -1.8977484377e+00  8.5203540201e-02  1.9355133501e+00 -4.1270568206e-01  2.5727971630e+00  4.8511458126e+00 -3.7084002892e+00 -1.8493067390e+00  6.4068327717e+00 -2.5051495778e+00 -7.1511856337e-01  2.9706412742e+00 -1.5498425431e+00  6.4589409949e-01  4.0804819208e+00 -2.2404369382e+00 -6.9586992463e-02  6.9117968071e-01 -4.0941760373e-01  1.9408168308e+00  3.0387074066e+00 -9.9035730084e-01  1.9452137942e+00  6.1450897675e+00 -3.4053475006e+00 -1.6719425580e+00 -3.5109801729e-01  1.7658072916e-01  2.6055848853e+00  4.4883189152e+00 -1.0467165246e+00  2.9461040563e+00  1.5516690610e+00 -1.9879309196e+00 -9.1387358687e-01 -4.0109718971e-01 -1.0299871177e+00  1.7492965988e-01  2.8006099623e+00 -3.4976536915e+00 -1.3114672015e+00  5.7544869621e+00 -1.1478246542e+00  7.9499255563e-01  2.0281640564e+00  1.2596349388e-02  3.5659415174e+00  4.6302906642e+00 -4.4329464424e+00 -2.6319102662e+00  7.4542428304e+00 -2.2381913438e+00 -5.8182270831e-01 -1.1568373217e+00  1.0083111599e-01  2.0698019095e+00
ENERGY -1.014215398287e+03
GRADIENT -1.4699553049e-03 -6.5167358937e-03  3.7746252921e-03 -1.6192637418e-04 -7.1726135229e-06 -6.4015666132e-05 -6.5339697317e-05  5.8830677905e-03 -5.1235844716e-03 -6.4786761939e-05  2.2651426550e-04  2.1743042901e-04 -3.5544618199e-05  1.5782192449e-05  6.4741252227e-05  2.2609005812e-05  1.7172649552e-05 -1.3257550717e-05 -6.2130449883e-06  2.1268887553e-05 -1.1985775077e-06  2.1550528938e-03  1.2510979296e-02 -8.0980185491e-03 -6.9280378798e-04 -1.2004850911e-02  9.3165836724e-03  1.0707317351e-04 -5.5195552621e-05 -7.2379168518e-05  2.0749933677e-04 -5.0312886163e-05  5.6799576993e-05 -1.6976067282e-05 -2.0754265577e-05 -5.2155793976e-06  4.2733600300e-05 -2.6048422668e-05 -1.9264921784e-05  2.7909301349e-05 -2.1545990595e-05 -3.5520295491e-05 -3.0833278992e-05  6.8619418509e-06  1.5052007425e-05 -1.6585498370e-05 -4.7935887286e-06 -7.8654357249e-06  9.2005145269e-06 -4.3681405846e-06 -2.4132793253e-05 -1.4085889113e-05  9.7166259064e-06  2.2242751779e-05  1.9926632741e-05 -4.6291859279e-06  8.9735169102e-06 -1.4107338856e-06 -6.0565943805e-07  1.2926764119e-06 -3.3211156146e-07 -1.7004848505e-06  1.9051887707e-07  5.0555671254e-07 -2.4101842236e-06 -6.7995010477e-06

JOB 11
COORDS  1.6560016936e+00 -1.7168507037e+00  1.8145020534e-01  5.2816869556e-01 -1.1869010471e+00  7.9284068382e-01  3.8260469198e+00 -2.9302269260e+00 -1.2887600048e+00  5.4589231181e+00 -2.1242418559e+00  2.2565481553e-01  1.9505311288e+00 -2.3896053727e-01  2.4815330433e+00  4.8573704846e+00 -3.5240966980e+00 -2.0119484592e+00  6.4201265234e+00 -2.7563802427e+00 -5.6803256207e-01  2.9784118204e+00 -1.5547206184e+00  6.5803883335e-01  4.0937566222e+00 -2.1896655113e+00 -1.1481607874e-01  6.7241641898e-01 -4.3510740079e-01  1.9625941895e+00  3.0685625093e+00 -7.8306575273e-01  1.8464355728e+00  6.1541956760e+00 -3.4541851824e+00 -1.6777656112e+00 -3.7802041046e-01  1.2558881010e-01  2.6348038960e+00  4.5722296283e+00 -3.9785966895e-01  2.6875155874e+00  1.4863777581e+00 -2.2892775675e+00 -7.1941624263e-01 -4.5457274811e-01 -1.3599468528e+00  3.5884200409e-01  2.8240627483e+00 -3.0672990728e+00 -1.6731894155e+00  5.8061718278e+00 -1.5937545925e+00  1.0957065248e+00  2.0692841521e+00  3.4379951285e-01  3.3880613888e+00  4.6229527996e+00 -4.0889646757e+00 -2.9131604386e+00  7.4690488059e+00 -2.6901561224e+00 -2.8229127514e-01 -1.2047787523e+00 -8.4821855415e-02  2.1719080192e+00
ENERGY -1.014211586770e+03
GRADIENT -1.3014107643e-06  5.6575356853e-05 -2.2366769969e-05  3.0747121551e-05 -2.7002678340e-06  5.3473978026e-06 -4.1218236644e-05 -5.9468358400e-05  8.7304512127e-06  1.5577631958e-05  5.3526494049e-06  2.5820390218e-05 -1.5925042229e-06 -2.7895647818e-05 -4.0689642341e-05  1.3611008760e-05  2.2021899704e-05  4.6706144159e-05 -3.2624816869e-05 -1.6725877674e-05 -3.0931199488e-05 -7.0121919323e-06 -1.1397745507e-04  5.7529730165e-05  4.5036552405e-05  1.1075772239e-04 -8.3180849131e-05 -2.8535100429e-05  1.7440258103e-05  2.1367209285e-05  1.9254896208e-05 -1.4033958995e-05  8.9648587600e-06  2.6241567317e-05 -7.1538379020e-06 -1.2330370243e-05 -1.5707650051e-05  4.6690718506e-06  5.3691745876e-06 -5.4288491592e-06  2.4042049332e-05  7.5874629043e-06  3.7818923103e-07  1.2248722394e-05  7.5565067534e-07  2.6260913953e-06  6.0741654234e-06  2.9851151583e-06  1.1996081071e-06 -1.1062177823e-05  1.4767084588e-06  3.8867611347e-06 -1.5396021573e-05 -1.2047150066e-05 -6.2833011342e-08 -1.8519359722e-06 -5.1424306355e-06  3.6650051012e-06  2.7175595243e-06  1.7459134921e-06 -1.8517914693e-06 -4.2744191990e-06 -3.3048043458e-06  6.1699245457e-08  1.2502674921e-06  4.2272613501e-06

JOB 12
COORDS  1.6401359934e+00 -1.8731155765e+00  2.8024057139e-01  5.1694970924e-01 -1.3630945193e+00  9.2050346558e-01  3.8596772400e+00 -2.6791022817e+00 -1.4169909639e+00  5.3837706441e+00 -2.3366601343e+00  3.7407866095e-01  1.9686893719e+00 -9.6357167875e-02  2.3695653815e+00  4.8928421291e+00 -3.3056739804e+00 -2.1120372404e+00  6.3491104461e+00 -2.9830703189e+00 -4.0107309628e-01  2.9649462448e+00 -1.5700410863e+00  6.6234713319e-01  4.0889789106e+00 -2.1318242215e+00 -1.3831481315e-01  6.8042067090e-01 -4.7290848244e-01  1.9872363748e+00  3.0780292795e+00 -6.1810844400e-01  1.7049176301e+00  6.1345417035e+00 -3.4652674611e+00 -1.6321583432e+00 -3.6660892013e-01  6.9741834945e-02  2.6806947975e+00  4.6144647052e+00  8.1309617706e-02  2.2117702453e+00  1.4781898024e+00 -2.5916688796e+00 -5.1431572543e-01 -4.7694891288e-01 -1.6628030574e+00  5.9425273208e-01  2.9020838326e+00 -2.5744522752e+00 -1.9148515283e+00  5.6524682035e+00 -2.0298844638e+00  1.3744778256e+00  2.0959644309e+00  6.2577251978e-01  3.1683804789e+00  4.7083454782e+00 -3.7030369850e+00 -3.1091641332e+00  7.3497258802e+00 -3.1292222805e+00  3.2842100480e-03 -1.2015448247e+00 -2.5886437122e-01  2.3106736012e+00
ENERGY -1.014215399354e+03
GRADIENT -1.0116400452e-04  6.1073368991e-03 -4.5611996890e-03  3.2860882455e-05  1.0954217265e-06  2.0119555553e-05 -1.2508793682e-03 -6.9701189814e-03  3.2250796351e-03 -2.4220328866e-05  3.8407816912e-05  1.9196162063e-05 -1.0021482314e-05 -2.8031867759e-05 -9.4523907932e-06  2.9366924630e-05  1.8512643553e-05  1.8334406790e-05 -1.1545365066e-05  6.9964099030e-06 -2.6322715843e-05 -5.2714230177e-04 -1.2244250565e-02  8.0997285571e-03  1.7765377202e-03  1.3065912991e-02 -6.8029151495e-03 -1.6026864182e-05  1.5668032217e-05  6.2030705911e-06  8.4175407168e-05  1.4721023531e-05  7.7816321100e-06  7.3466721072e-06 -1.8122041672e-05 -8.5309976820e-06 -4.2349452393e-06  4.3184020230e-06  7.7578912884e-07  2.2832483559e-05 -3.8678927969e-06  1.8221168855e-06 -6.9626637015e-06 -6.8399650989e-06  8.4850135373e-07  6.7436857513e-06  1.7721698084e-06 -1.2136009681e-06  8.3665080916e-06  5.1535845101e-06 -1.6427289248e-06 -5.0097117402e-06  9.6665186702e-06 -3.5752817911e-07  3.0329411099e-06 -8.2360622747e-07 -6.2699072593e-06  6.1482136726e-06 -3.8971116039e-06  2.1240061418e-06  7.1321518663e-07 -2.3443653916e-06 -7.7183121177e-06  9.1798435147e-07  3.0019688791e-06  3.9914641726e-07

JOB 13
COORDS  1.6459420388e+00 -1.9679828677e+00  3.4804562381e-01  5.2699965361e-01 -1.4549041887e+00  9.9669310002e-01  3.8953948566e+00 -2.5445273899e+00 -1.4672733412e+00  5.3307082936e+00 -2.4534159642e+00  4.3500645499e-01  1.9771023813e+00 -2.9988407672e-03  2.2740304753e+00  4.9315747316e+00 -3.1765613648e+00 -2.1554067828e+00  6.3012253199e+00 -3.0928053142e+00 -3.3861251990e-01  2.9609511119e+00 -1.5586527898e+00  6.4420709909e-01  4.0847938931e+00 -2.1395231383e+00 -1.3394620301e-01  6.9405532907e-01 -4.6860556434e-01  1.9755186339e+00  3.0804488566e+00 -5.3382938660e-01  1.6084984586e+00  6.1277668462e+00 -3.4546257487e+00 -1.6178715432e+00 -3.5000615051e-01  8.5565333224e-02  2.6659971392e+00  4.6264981849e+00  2.1922789207e-01  1.9842541290e+00  1.5018128669e+00 -2.7561062666e+00 -3.8380240474e-01 -4.6511825616e-01 -1.8258490582e+00  7.4714352990e-01  2.9675015506e+00 -2.3314759036e+00 -1.9893082457e+00  5.5471234141e+00 -2.2307173325e+00  1.4724025957e+00  2.1002430281e+00  7.8570596495e-01  3.0080473887e+00  4.7908982861e+00 -3.4738317093e+00 -3.1937147960e+00  7.2678178321e+00 -3.3348143767e+00  1.0087289451e-01 -1.1821592190e+00 -3.1013353141e-01  2.3612481002e+00
ENERGY -1.014219327995e+03
GRADIENT -3.8279271784e-04  3.6024194283e-03 -3.1410618038e-03 -4.2581629935e-05 -1.1734701151e-05 -2.3117491349e-05 -1.2601592616e-03 -4.4955603530e-03  1.4665912988e-03 -1.2372689401e-05 -7.3312154827e-05 -1.2600810130e-04 -1.2568971091e-05 -4.0250307964e-05 -6.1602935908e-05 -6.1511410289e-05  1.5861091922e-05 -1.5020876856e-05  1.7491413161e-04 -3.8144471393e-05  1.1104873173e-04  2.4753298121e-05 -7.3907165974e-03  5.4196568286e-03  1.6414138619e-03  8.3454188740e-03 -3.7297657400e-03 -1.8932778058e-08  1.9168597955e-06  1.4506003144e-05 -5.6150584993e-06  3.6890947833e-05  1.3423339247e-05 -5.3588966622e-05  3.6112522318e-05  5.3280757552e-05 -7.9458144464e-06 -3.2458097910e-06 -5.6579757535e-06  1.3295285606e-05  2.5256367350e-05 -7.2941657160e-06  1.0317583431e-05  4.9096118416e-06 -9.9917819883e-06 -6.9168841800e-06 -1.2898370835e-06  7.0568373575e-06 -2.0205315470e-05 -1.0410348052e-05  7.9432005396e-06  1.5741620465e-05 -8.0064965306e-06 -1.2322291880e-05  8.0461410436e-07  1.0892019611e-06 -1.0992248727e-05 -1.1644896412e-05 -3.0750652168e-06  1.3564119441e-06  1.4447723161e-05  8.7020954977e-06  1.8848023805e-05 -1.2651129314e-06  1.4661654754e-06 -3.4262526252e-06

JOB 14
COORDS  1.6427948115e+00 -2.0506263183e+00  4.2218934354e-01  5.3594422660e-01 -1.5308522221e+00  1.0891720567e+00  3.9361133175e+00 -2.4348492336e+00 -1.5095738773e+00  5.2603960059e+00 -2.5762263041e+00  4.7482321417e-01  1.9872447199e+00  6.3628724031e-02  2.1919494392e+00  4.9804237219e+00 -3.0656391133e+00 -2.1892588017e+00  6.2431355180e+00 -3.2016282729e+00 -2.9454319381e-01  2.9447297308e+00 -1.5570237607e+00  6.1822427555e-01  4.0659660718e+00 -2.1682743989e+00 -1.3781060272e-01  7.1107777309e-01 -4.6856120343e-01  1.9839012050e+00  3.0774447241e+00 -4.7741249310e-01  1.5138029488e+00  6.1249502593e+00 -3.4502813802e+00 -1.6075082626e+00 -3.2237260694e-01  9.8223352900e-02  2.6815597532e+00  4.6318498736e+00  3.0162938185e-01  1.7772455319e+00  1.5049636556e+00 -2.8894565528e+00 -2.5371881283e-01 -4.5201737354e-01 -1.9542455492e+00  9.1916631997e-01  3.0441672062e+00 -2.1320746386e+00 -2.0509284731e+00  5.4228631664e+00 -2.4268491251e+00  1.5366630142e+00  2.1128361812e+00  9.0160455463e-01  2.8688460612e+00  4.8923793797e+00 -3.2678672525e+00 -3.2558699315e+00  7.1724667619e+00 -3.5251988572e+00  1.7194557257e-01 -1.1507679261e+00 -3.4992567856e-01  2.4475352679e+00
ENERGY -1.014221145910e+03
GRADIENT -1.7705624726e-04  7.6545221011e-04 -9.0173295492e-04 -5.1478886344e-05 -5.5365042755e-06  2.7908794452e-06 -4.3373377238e-04 -1.0939278059e-03  2.7816864849e-04 -3.3218285314e-06  3.4388242324e-05  7.0166591870e-06 -2.7992869457e-08  9.7563767557e-05  8.6396071182e-05 -1.5313318193e-05 -4.0903730459e-06 -7.7450325851e-05  3.6129953774e-05  9.3523634231e-07  6.3356550773e-05  3.9821418244e-05 -1.6475764888e-03  1.4001935496e-03  5.6301236194e-04  1.9586258401e-03 -7.7622234371e-04  7.2946166622e-05 -4.8374480814e-05 -5.5110676004e-05 -4.1300462891e-05 -1.7174587429e-05 -9.0381754383e-06 -3.7717503778e-05  2.0516790577e-05  1.3278071073e-05  4.4570939867e-05 -5.4403075270e-06 -2.5664993458e-05 -5.9825846572e-06 -2.2066800846e-05 -3.0332465409e-06 -8.5188736343e-06 -7.4423344190e-06  4.0318234666e-06 -1.1615776811e-06 -1.0685989230e-05 -1.1975023415e-05  1.2260563960e-05 -8.8492071697e-07 -5.9642584834e-06  2.7430715724e-06  9.4177247851e-06  4.8085733484e-06  5.0035359223e-06  1.1844684766e-05  5.7241757474e-06 -7.9584347113e-06  3.6493288659e-06 -7.0269762531e-06  4.1690789494e-06  7.5990497126e-06  1.1828226851e-05  4.4731942333e-07 -9.3912418835e-06 -4.6125141217e-06

JOB 15
COORDS  1.6366572420e+00 -2.1228686892e+00  5.0340748242e-01  5.4272087256e-01 -1.5955846294e+00  1.1883058851e+00  3.9970164889e+00 -2.3119785888e+00 -1.5473818912e+00  5.1736086706e+00 -2.6877407469e+00  5.0239551078e-01  1.9783939753e+00  1.3701404316e-01  2.0907402845e+00  5.0600134297e+00 -2.9335136814e+00 -2.2087305044e+00  6.1806203994e+00 -3.2920610820e+00 -2.5240205641e-01  2.9174147888e+00 -1.5541207645e+00  5.8660189630e-01  4.0418458243e+00 -2.1832663537e+00 -1.5275470408e-01  7.1729258124e-01 -4.5930237867e-01  1.9872699088e+00  3.0549799804e+00 -4.1391248608e-01  1.3990577798e+00  6.1416742210e+00 -3.4225407206e+00 -1.5872090064e+00 -3.0477839246e-01  1.2042805904e-01  2.6922767993e+00  4.6047864389e+00  4.0225161051e-01  1.5388789005e+00  1.5050329936e+00 -3.0128611213e+00 -1.0556748827e-01 -4.3367020898e-01 -2.0689673233e+00  1.1054961987e+00  3.1539629775e+00 -1.9232019996e+00 -2.1120273342e+00  5.2681886716e+00 -2.6180300964e+00  1.5816456098e+00  2.1022944198e+00  1.0246895585e+00  2.7014373770e+00  5.0415541907e+00 -3.0380993399e+00 -3.2927127847e+00  7.0635530917e+00 -3.6948020543e+00  2.4173595421e-01 -1.1229031269e+00 -3.7828685637e-01  2.5382664323e+00
ENERGY -1.014221120898e+03
GRADIENT  2.7968623059e-04 -5.4511824038e-04  8.1498613148e-04 -1.7548373770e-04 -1.1086915714e-04 -1.9884638252e-05  1.8060407491e-04  1.0815239201e-03 -3.0462935644e-04  1.7562707082e-04  7.1333835069e-05  3.7031852006e-04  1.5307166809e-05  3.5576894225e-05  2.6318074705e-05  7.0578062135e-05  7.5132221404e-06  2.8047597338e-04 -2.4598343664e-04  1.2717184600e-04 -1.4619640592e-04 -8.9185919585e-06  1.4644261607e-03 -1.4575386829e-03 -6.0845570683e-04 -2.1653658175e-03  4.3217759442e-04  1.2151953215e-04 -3.4741908763e-05 -8.9360415554e-05  7.9317343225e-05  5.4442511352e-05  1.6509435567e-04  1.0487042867e-04 -7.6508578744e-05 -1.1072511508e-04  6.7142925819e-05 -3.2223295902e-05 -5.2849943917e-05 -1.4505484447e-05  1.1506341954e-04  5.6662082373e-05 -9.1193449352e-06 -1.0466064161e-05  3.7240520340e-05 -1.5203204290e-05 -1.8170892308e-05 -6.3594934023e-06 -1.9111354613e-05  2.8078179439e-05 -4.6663478555e-05  3.2166220930e-05 -2.0871941004e-06  1.7695541130e-05  1.4235954440e-05  1.3026502433e-05 -6.2408736893e-06 -4.5344717914e-06  2.7884663994e-06  2.8650120157e-05 -2.7787456926e-05  1.3318434828e-05 -1.1291755168e-05  4.1736938730e-07 -1.7084898211e-05 -2.9390988874e-07

JOB 16
COORDS  1.6471805617e+00 -2.2063656918e+00  6.0888914876e-01  5.6359964105e-01 -1.6675681852e+00  1.3034058937e+00  4.0808962082e+00 -2.1788387086e+00 -1.5626003973e+00  5.0798826714e+00 -2.8261997026e+00  5.1288027460e-01  1.9519578059e+00  2.0583946526e-01  1.9702270544e+00  5.1587692775e+00 -2.7904977444e+00 -2.2100994218e+00  6.1111801900e+00 -3.4081984946e+00 -2.2771864816e-01  2.8954850113e+00 -1.5692058439e+00  5.7123210909e-01  4.0280454226e+00 -2.1962033926e+00 -1.6396172571e-01  7.1935707006e-01 -4.5558060275e-01  1.9867933531e+00  3.0176825165e+00 -3.5702382071e-01  1.2709798586e+00  6.1644021985e+00 -3.4006446252e+00 -1.5681244548e+00 -2.9578254221e-01  1.3820351664e-01  2.6912181648e+00  4.5439991731e+00  5.1118696112e-01  1.2636209010e+00  1.5300175195e+00 -3.1501355090e+00  8.3492779753e-02 -3.9133178911e-01 -2.1893802055e+00  1.3150769665e+00  3.2995171013e+00 -1.6914706922e+00 -2.1391352462e+00  5.0963505220e+00 -2.8616281927e+00  1.5983902836e+00  2.0628157306e+00  1.1471902451e+00  2.4973920441e+00  5.2167447084e+00 -2.7857368130e+00 -3.2977325789e+00  6.9351420854e+00 -3.9061993968e+00  2.8138545112e-01 -1.0935553726e+00 -4.1045742066e-01  2.6262071035e+00
ENERGY -1.014220330193e+03
GRADIENT  4.0357595021e-04 -6.9539390166e-04  9.4323155606e-04 -6.3376090845e-06 -2.0170656301e-06  1.7548875037e-06  6.8389400013e-04  1.0200925083e-03  1.2115749943e-04 -1.9802726661e-06 -4.0939546584e-05 -6.1906960284e-05 -1.8630750083e-05 -2.1899032533e-05 -9.5515918829e-06  4.2728772117e-06  1.8302942061e-05 -1.5959003447e-04  6.0111701761e-05 -1.8682755891e-05  1.1000214216e-04 -2.9521534131e-04  1.4874293561e-03 -1.3711168702e-03 -8.9281351021e-04 -1.9167674659e-03  3.9552583817e-04  2.8137526991e-05 -3.1562898094e-06 -1.2969548895e-05  6.8747220418e-05  1.1321735735e-04  5.4287333998e-05 -7.9212408382e-05  3.2985035574e-05  2.4287316388e-05  1.2877908641e-05 -1.1095615807e-05 -7.0368337867e-06  3.1700473632e-05  5.7312756428e-05  1.5283890083e-05 -1.3165067177e-05 -9.1385198686e-06 -1.0230358404e-05  4.1551727648e-06 -9.5554425589e-06 -4.0433598264e-06  7.3903933264e-06 -1.5841037458e-05  5.6223777595e-06 -5.5005320342e-06 -8.7937683598e-07 -8.0888445715e-06  6.7943187171e-06 -2.2209385374e-06 -1.7921245801e-06 -4.7908958291e-06  5.0988141884e-06 -1.3360325224e-05  3.1653349773e-06 -4.8443709108e-06  1.3106402089e-05 -3.4582035985e-06 -1.1911692172e-06 -2.8804660692e-06

JOB 17
COORDS  1.6984758050e+00 -2.2796111918e+00  7.3974914388e-01  6.1367916901e-01 -1.7322241952e+00  1.4263957674e+00  4.1806281706e+00 -2.0299717939e+00 -1.5447831083e+00  4.9916184984e+00 -2.9823975392e+00  4.9539676395e-01  1.9095529954e+00  2.7843424687e-01  1.8280762954e+00  5.2535485613e+00 -2.6461239181e+00 -2.1950093576e+00  6.0276536117e+00 -3.5552075694e+00 -2.4768507847e-01  2.9015180524e+00 -1.5793676298e+00  5.7784904414e-01  4.0374499615e+00 -2.1976537556e+00 -1.6256832329e-01  7.2228113282e-01 -4.4735197977e-01  1.9719978817e+00  2.9760367099e+00 -2.9371711147e-01  1.1373578030e+00  6.1700766588e+00 -3.4003622405e+00 -1.5717255202e+00 -2.9770254454e-01  1.5836123914e-01  2.6594559294e+00  4.4521202979e+00  6.4252191906e-01  9.7440578935e-01  1.6158482138e+00 -3.2764500748e+00  3.1558663689e-01 -3.0724870712e-01 -2.3018544802e+00  1.5348685856e+00  3.4724379153e+00 -1.4257001219e+00 -2.1047797313e+00  4.9326447910e+00 -3.1404373933e+00  1.5686291627e+00  1.9859947774e+00  1.2731188556e+00  2.2536756449e+00  5.3817993593e+00 -2.5271630817e+00 -3.2700059742e+00  6.7797644626e+00 -4.1686565729e+00  2.4651053307e-01 -1.0611472132e+00 -4.3982350030e-01  2.6911453553e+00
ENERGY -1.014219933507e+03
GRADIENT -1.4982510707e-05  4.5254858032e-05 -1.8212119675e-05 -3.5879778557e-05 -1.7546054989e-05  9.3247715798e-06 -1.0247699270e-04  3.2056963621e-05 -4.9792667264e-05  1.3234784696e-06 -1.9163810038e-05  1.1393821638e-04 -1.9153987937e-06  2.3925746280e-05  1.1592833041e-05  6.5645030245e-06 -2.0201369458e-05  7.7372966466e-05 -5.1678947080e-05  4.1050434551e-05 -2.8016546592e-05  3.3858736909e-05 -6.3745244393e-05  2.5224401814e-05  1.0831838568e-04  3.0388869697e-05 -7.9096557124e-05  1.7148286977e-05 -1.5102360066e-05 -1.7593799226e-05 -1.1550207145e-05 -1.0364642361e-05  3.6675591384e-06  2.3084567537e-05 -7.8115133210e-06 -2.7211090156e-05  9.3368092838e-06 -7.7597887402e-06 -1.1150440509e-07 -1.3775634475e-05 -6.1139150003e-06  1.4034498303e-06 -3.4071901485e-06  5.5996965849e-06  3.6585037025e-06 -6.4938187835e-06 -2.8704538620e-06  1.1240615650e-06 -6.8746485461e-06  9.2801467248e-06 -1.0647511592e-05  1.0982077740e-06 -6.5869523073e-07  1.3809324075e-05 -4.1988630388e-06  3.9996502501e-06  2.1630896553e-06 -6.3075887207e-06  4.7793813833e-06  9.5206421177e-06 -7.9909889818e-06  8.2051013368e-06  4.1713711361e-07 -5.0112480717e-06 -1.4075794255e-06 -2.9316474851e-06

JOB 18
COORDS  2.7407063375e+00 -2.7543750693e-01  6.4452715592e-01  1.7034106293e+00  3.3522131026e-01  1.3500137030e+00  5.0790878105e+00 -2.8602669696e+00  4.8792829845e-01  4.0642254393e+00 -2.2195984665e+00 -1.5817861010e+00  8.3603111570e-01 -1.8549170365e+00  1.9265414345e+00  6.1475518958e+00 -3.3662132792e+00 -2.5570319483e-01  5.1799685103e+00 -2.7556180109e+00 -2.2322086327e+00  2.8580555495e+00 -1.6699076608e+00  5.5617366317e-01  3.9999581786e+00 -2.2725603369e+00 -1.8442007895e-01  7.4767626826e-01 -4.6036690817e-01  1.9933929576e+00  1.8846744320e+00 -2.4371962024e+00  1.2175365801e+00  6.2134422482e+00 -3.3223688533e+00 -1.5948912964e+00 -3.0020668419e-01  6.3258390091e-02  2.7053782957e+00  1.9528262224e+00 -4.1905160969e+00  1.1464582239e+00  3.4874935037e+00  3.4051303263e-01  1.5125412744e-01  1.6434209602e+00  1.4206086031e+00  1.4015406730e+00  5.0854178945e+00 -2.9262023021e+00  1.5720966691e+00  3.2546802886e+00 -1.7773489860e+00 -2.1558800628e+00  8.8586716932e-02 -2.4643935612e+00  2.4227228198e+00  6.9953066157e+00 -3.8259270401e+00  2.5030733571e-01  5.2440180888e+00 -2.7276533560e+00 -3.3191413393e+00 -2.5420897361e-01  1.0321384021e+00  2.6761119448e+00
ENERGY -1.014220406161e+03
GRADIENT  7.7154055011e-04 -1.0885686940e-05  1.1529014734e-03 -4.8622686287e-06 -4.3026350937e-06  4.8378756193e-06  6.8928781636e-04  1.2274813235e-03  1.9581229584e-05  1.3433330811e-05 -1.3352789587e-05  2.3810528525e-05 -2.3129486232e-05 -2.1303410880e-05  1.8079065503e-05 -5.4670723938e-05  3.0988429256e-05 -4.5733098298e-05  4.3823497121e-05 -2.4993677772e-05  7.0935851844e-05 -7.9100734810e-04  6.3589620090e-04 -1.6836955803e-03 -6.7968078719e-04 -1.8144356508e-03  5.0296435712e-04  1.8216922607e-05 -1.3746795095e-06 -1.5726227904e-05 -8.1721881876e-06  1.2655944340e-05  1.0559217545e-05  3.0463648490e-05 -1.7929005925e-05 -3.7935317754e-05  5.9984428743e-06 -5.9520461385e-06  3.3479318783e-06 -6.6383080143e-06  9.4271528352e-06  2.8085583863e-06 -8.1625225335e-07  1.5751162316e-06 -2.6663101678e-06  2.2567711568e-06  4.6097204605e-08 -1.8617652169e-06 -9.1645361246e-06  5.7341090227e-06  1.1812874165e-06 -1.7897769160e-06  1.3889521410e-06  6.4311276905e-06 -4.4992253099e-06 -3.0446887144e-07  2.2933020176e-06  4.5290243660e-07  1.7745598881e-06 -1.3700289679e-05  9.9119943949e-06 -7.1318784420e-06  8.7209308251e-06 -3.2028051889e-07  1.6439184020e-07 -5.3338224554e-06

JOB 19
COORDS  2.6675721287e+00 -3.0183167563e-01  5.3292301223e-01  1.6320572757e+00  3.2175810544e-01  1.2274247603e+00  5.0110776967e+00 -3.0170100066e+00  4.6738614473e-01  4.1410061645e+00 -2.0766766543e+00 -1.5520628692e+00  9.1025105809e-01 -1.8406873083e+00  2.0466739800e+00  6.0830951632e+00 -3.4992998765e+00 -2.8581795938e-01  5.2536423368e+00 -2.6035764786e+00 -2.2137378365e+00  2.8623571711e+00 -1.6917611627e+00  5.7233091338e-01  4.0011726609e+00 -2.2858138236e+00 -1.7334936802e-01  7.4946814625e-01 -4.5235014650e-01  1.9902400470e+00  1.9559736931e+00 -2.4387252910e+00  1.3468445202e+00  6.2195402988e+00 -3.3061456200e+00 -1.6064404416e+00 -2.9142157868e-01  8.4508032287e-02  2.7016435497e+00  2.0783991571e+00 -4.1901629982e+00  1.4249696036e+00  3.3606569630e+00  3.0195650848e-01 -4.6144239692e-02  1.5182084055e+00  1.4029665563e+00  1.1802985745e+00  4.9683955287e+00 -3.2045940296e+00  1.5357330227e+00  3.3865562718e+00 -1.5254832875e+00 -2.1067525719e+00  2.1468343641e-01 -2.4364906242e+00  2.6275316547e+00  6.8766101773e+00 -4.0663242982e+00  1.9869151697e-01  5.3713363340e+00 -2.4547770551e+00 -3.2862474588e+00 -3.0050425629e-01  1.0470983735e+00  2.5787364446e+00
ENERGY -1.014221207293e+03
GRADIENT  9.3851615850e-04  3.9516284959e-04  3.2968088983e-04  1.0976950599e-04 -6.9789104856e-04 -4.3557375107e-06  4.4388837314e-04  7.3674797352e-04  1.9423904514e-04  2.8423923794e-05  5.8500199029e-05 -1.8539755047e-05  2.1344015327e-04  1.1282980270e-04 -1.7409468031e-04 -1.9787411207e-04  1.6411811928e-04 -2.9258515449e-04  6.3022228965e-05 -1.1842675985e-04  2.9954980088e-04 -7.7078897689e-04  2.5934454747e-04 -8.0956374977e-04 -5.5376118020e-04 -9.0259350795e-04  1.6333462813e-04 -3.7144624082e-04  2.2669031295e-04  2.4366283678e-04 -7.5094875696e-06 -1.3925551871e-04  9.2976214698e-05  1.7626818882e-04 -8.4041790190e-05 -9.9791041811e-05 -1.2258993021e-04  8.2603749895e-05  9.9501159425e-05 -2.8036419029e-05 -8.4772333203e-05  2.6425654118e-06  6.2289143820e-05  2.5590268832e-05 -4.5127940303e-05  2.0069950013e-05 -8.2626392773e-05 -2.7010984067e-06 -2.0892706417e-05  8.5380404956e-06  1.3201209819e-05 -1.3989777088e-05  1.1325935289e-05  1.9652020150e-05  5.6894049493e-06  4.7439393342e-05 -2.4230501516e-05 -1.0162440890e-05  6.3008959931e-06 -5.3049300101e-05  4.3249933285e-05 -2.3489658699e-05  3.3230565935e-05 -2.4553291535e-05 -8.9353226853e-06  1.2615006154e-05

JOB 20
COORDS  2.6117624605e+00 -3.2071864836e-01  4.6733980470e-01  1.5604692163e+00  3.0710316227e-01  1.1305119566e+00  4.9679057383e+00 -3.1425583823e+00  4.3590584422e-01  4.2135227284e+00 -1.9531888673e+00 -1.4949531666e+00  9.7092043384e-01 -1.8145052496e+00  2.1362120725e+00  6.0195445563e+00 -3.6264787312e+00 -3.4438300458e-01  5.2989740516e+00 -2.4928022168e+00 -2.1879191743e+00  2.8956415842e+00 -1.6900711249e+00  6.1899823925e-01  4.0289380860e+00 -2.2738594241e+00 -1.4055988361e-01  7.3685197389e-01 -4.4556566872e-01  1.9758988370e+00  2.0316111683e+00 -2.4170212075e+00  1.4627470522e+00  6.1995700637e+00 -3.3192226209e+00 -1.6376255830e+00 -3.1535275124e-01  9.3019516242e-02  2.6676139284e+00  2.1930877571e+00 -4.1571570593e+00  1.6609882925e+00  3.2614531933e+00  2.7324646544e-01 -1.6869282209e-01  1.3892122565e+00  1.3732884051e+00  9.9587396577e-01  4.9018446787e+00 -3.4245447245e+00  1.4807518287e+00  3.5079482215e+00 -1.3107506059e+00 -2.0141402256e+00  3.1384329502e-01 -2.3973703943e+00  2.7723342889e+00  6.7578972603e+00 -4.2948457131e+00  9.6193133589e-02  5.4465677877e+00 -2.2534383249e+00 -3.2401714724e+00 -3.7888630808e-01  1.0405616828e+00  2.4676630337e+00
ENERGY -1.014220980821e+03
GRADIENT -1.1066108340e-03 -3.6005834940e-04 -1.3178358024e-03 -9.6845744397e-06  3.4369385130e-05 -8.5171440622e-06 -1.0691094974e-03 -1.4678504539e-03 -3.9696820010e-04 -3.8675761741e-05  3.7313263371e-05 -4.2423354681e-05 -1.8200083326e-05 -5.7722776714e-06  1.1415542483e-05  8.9034030234e-05 -1.2702192089e-04  1.5715758705e-04 -7.2298111988e-05  1.1013762642e-04 -1.8517962903e-04  1.0954208602e-03 -2.6278347028e-04  1.6706646998e-03  1.2086435307e-03  2.0003405713e-03  3.3086477502e-05  3.2210327851e-05 -1.7662604563e-05 -1.6613192438e-05 -3.1989884541e-05  2.0540322704e-05  1.8856872257e-05 -1.0685530312e-04  4.3580926439e-05  8.6605073658e-05  2.4383580448e-05 -1.1840102434e-05 -9.1133843537e-06 -3.8822390874e-07  1.9605286467e-06 -4.3563546205e-06 -6.1442083057e-06 -1.8252692526e-06 -5.3041795271e-06  2.1738340046e-06  3.3573003752e-06 -2.2877972280e-06  1.2524608592e-05 -2.6550470035e-05  1.4963836169e-07  7.7815097395e-06 -3.6542951920e-08 -2.6395798474e-05 -2.5408112256e-06 -4.2095147521e-06 -1.1624501625e-06 -1.0006841036e-05 -1.2141907225e-05  4.6346200575e-05 -3.0503328629e-05  2.3433858348e-05 -1.5719806313e-05  1.6127918984e-06  2.2053165528e-06 -7.6883386565e-06

JOB 21
COORDS  2.5652639474e+00 -3.4052878094e-01  4.2376534907e-01  1.4908012862e+00  2.8076891229e-01  1.0512530479e+00  4.9342127742e+00 -3.2446908345e+00  3.9415772129e-01  4.2982147450e+00 -1.8397033936e+00 -1.4246712219e+00  1.0327557400e+00 -1.7819532281e+00  2.2222886489e+00  5.9548236215e+00 -3.7378520585e+00 -4.2149626984e-01  5.3453592415e+00 -2.3987617276e+00 -2.1573278276e+00  2.9427022155e+00 -1.6748713358e+00  6.7706015353e-01  4.0733670619e+00 -2.2494141138e+00 -9.7251693968e-02  7.2005962661e-01 -4.4493122783e-01  1.9666961632e+00  2.1153691346e+00 -2.3806479830e+00  1.5792275461e+00  6.1756505595e+00 -3.3377793290e+00 -1.6814869108e+00 -3.5059479113e-01  8.7262017564e-02  2.6331081113e+00  2.3168729362e+00 -4.0995568837e+00  1.9016373436e+00  3.1726058514e+00  2.4728379296e-01 -2.5685299591e-01  1.2606809418e+00  1.3220101325e+00  8.3445040579e-01  4.8528565307e+00 -3.6095265248e+00  1.4098599757e+00  3.6466620764e+00 -1.1168240050e+00 -1.9053807311e+00  4.1333805387e-01 -2.3515889054e+00  2.9062471750e+00  6.6308743541e+00 -4.4995863688e+00 -3.5900986962e-02  5.5170544869e+00 -2.0823928348e+00 -3.1852677341e+00 -4.6953311107e-01  1.0117610976e+00  2.3627685950e+00
ENERGY -1.014218811016e+03
GRADIENT -3.3827605838e-03 -1.7062796650e-03 -3.7196703621e-03  1.8464274053e-05  5.6071907834e-06 -2.1991416174e-06 -3.4330184483e-03 -4.0340913872e-03 -1.8838460437e-03 -1.1182489395e-04  1.5221081203e-04 -4.4303586616e-05  2.2429009570e-05 -8.7825407295e-06 -1.2818447205e-05 -6.8936240497e-05  1.0380247361e-04 -7.6018424073e-05  2.0101979708e-05 -7.3545522678e-05  1.5406833691e-04  3.0787085378e-03  4.1332793630e-04  4.2857525672e-03  3.8448914635e-03  5.1757365634e-03  1.3234419448e-03 -2.5567220678e-05  6.7837149384e-06  5.3718292619e-06  4.1296947236e-05 -5.7322869191e-05 -1.3750977595e-05  6.4442404066e-05 -3.7740419172e-05 -6.2264722283e-05 -1.9477315235e-05  1.0055013371e-05 -7.6270857084e-07 -7.6420974586e-05  2.2933903956e-05  2.6583660854e-05 -4.3798278467e-07 -4.3946401812e-06  1.7701349585e-05 -4.0214148690e-06  1.6891087087e-06  5.2255233609e-06  3.5963789105e-05  1.4343524529e-05 -1.7194108314e-05 -7.2358559859e-07  1.5644816636e-05 -5.8859493742e-06 -7.0923162595e-06  3.0060931329e-06 -3.4890770227e-06 -6.1076718384e-06  7.2629623049e-06 -1.3200196652e-05  7.4576392604e-06 -4.0044682541e-06  1.6371914752e-05 -1.1395634562e-06  1.1540071444e-06  3.5526477560e-06

JOB 22
COORDS  2.4980902084e+00 -3.8129376180e-01  3.5962267775e-01  1.4106832058e+00  2.4068638984e-01  9.5968360366e-01  4.8636681671e+00 -3.3555988564e+00  3.2374379980e-01  4.4051877644e+00 -1.7369461474e+00 -1.3543889332e+00  1.0920552246e+00 -1.7272272297e+00  2.3118430930e+00  5.8707974949e+00 -3.8468221337e+00 -5.1073050363e-01  5.4289839980e+00 -2.3025030025e+00 -2.1119115291e+00  2.9637001600e+00 -1.6695209753e+00  7.0600606135e-01  4.0983578056e+00 -2.2440334050e+00 -7.3678271520e-02  6.9991190555e-01 -4.3684611237e-01  1.9559591989e+00  2.1866744071e+00 -2.3292699394e+00  1.6901234922e+00  6.1702277282e+00 -3.3476092309e+00 -1.7163116629e+00 -3.7907000658e-01  9.6724855930e-02  2.6058983538e+00  2.4459169599e+00 -4.0008680667e+00  2.1858663273e+00  3.0501333012e+00  1.8959354614e-01 -3.7717426702e-01  1.1250604333e+00  1.2464681948e+00  6.5813348195e-01  4.7351858966e+00 -3.8175392724e+00  1.2908410674e+00  3.8366888545e+00 -9.2764138068e-01 -1.7974197965e+00  5.2349647541e-01 -2.2661366679e+00  3.0615491890e+00  6.4668305530e+00 -4.6973246528e+00 -1.8291786716e-01  5.6550923500e+00 -1.8991490951e+00 -3.0979982869e+00 -5.5334328061e-01  9.8721969928e-01  2.2614450058e+00
ENERGY -1.014214725507e+03
GRADIENT -4.9863044903e-03 -3.1728200715e-03 -4.4255558579e-03 -1.3802570794e-05  1.9284063879e-04 -6.3408253289e-05 -5.0117898826e-03 -4.9645829997e-03 -3.5502059929e-03 -8.1775646122e-05  1.5751007162e-04 -7.9567925462e-05  2.3187196861e-05 -6.2714784376e-05  1.1255515248e-05 -1.1221124882e-04  2.4022380593e-04 -1.6627408108e-04  6.8828094516e-06 -1.3240396092e-04  2.2848785781e-04  4.3511552265e-03  1.7831997763e-03  4.5873184523e-03  5.7959218899e-03  5.8133586475e-03  3.5540187439e-03  3.1064151334e-05 -4.6863606618e-05 -2.3654091335e-05  5.6368727537e-05  1.0423660253e-04 -7.5194529754e-05  1.1833613729e-04 -8.5178927026e-05 -1.0243760142e-04 -1.7937880603e-05  1.6478765168e-05  3.0734957569e-06 -1.5137454813e-04  1.1293085020e-04  4.8894240875e-05 -3.8716878898e-05 -3.8537103210e-05  7.0140320665e-05 -2.6690720578e-05  2.7038863796e-05  1.9272967201e-05  5.8514873885e-05  2.3574286958e-05 -5.3487841557e-05  1.5387909902e-07  3.5330673200e-06 -2.4401797713e-05 -1.2228570838e-05 -3.8094146176e-06  1.4690176831e-05 -4.7879698466e-06  2.0160871534e-05 -3.1368922146e-05  4.0497400320e-06 -2.1890193797e-05  1.8190658065e-05  2.1697651404e-06 -2.7798517350e-06  4.2997959289e-06

JOB 23
COORDS  2.3443455888e+00 -4.9419653760e-01  2.1746489656e-01  1.2846183692e+00  1.5418242891e-01  8.3649965960e-01  4.6954467782e+00 -3.5107903253e+00  1.7212705911e-01  4.5534545871e+00 -1.6283821362e+00 -1.2580712472e+00  1.1935403981e+00 -1.6305294518e+00  2.4418593895e+00  5.7570155073e+00 -3.9572411378e+00 -6.1979894226e-01  5.6179612170e+00 -2.1576268285e+00 -1.9833322551e+00  2.8940787234e+00 -1.7244055627e+00  6.4956723876e-01  4.0392285678e+00 -2.3005987750e+00 -1.2580040153e-01  6.9547997939e-01 -4.1892083947e-01  1.9673176022e+00  2.2609780706e+00 -2.2623800774e+00  1.8009966837e+00  6.2346611717e+00 -3.3116095736e+00 -1.6894843946e+00 -3.5124927724e-01  1.4513595230e-01  2.6425235037e+00  2.7133095583e+00 -3.7778309733e+00  2.5857135269e+00  2.7609168454e+00 -6.0991988501e-03 -6.5213460977e-01  9.2233313210e-01  1.0998139173e+00  4.3830125916e-01  4.4076801933e+00 -4.1263610322e+00  1.0071368156e+00  4.1502629995e+00 -6.8725888660e-01 -1.6076562998e+00  7.4188736292e-01 -2.0804165439e+00  3.3188365122e+00  6.2471235811e+00 -4.8965586661e+00 -3.6730315802e-01  5.9945408160e+00 -1.6187729116e+00 -2.8516863592e+00 -5.9980274045e-01  9.7857037530e-01  2.2116177682e+00
ENERGY -1.014211586147e+03
GRADIENT  1.1193655788e-04  1.8844481514e-04 -2.1955797350e-04  1.2431084465e-04 -3.1303338684e-04  1.1431569366e-04  4.1546192126e-05  2.1932614767e-05  6.6581529857e-06  3.7161234555e-05  2.5447425710e-05 -4.4881366791e-05  7.9586055615e-05  5.7187279960e-05 -1.5557367067e-04  1.7083561047e-05 -4.4948246874e-05  1.7435334976e-05 -9.7697261388e-06  2.6548093443e-05  7.5763535367e-06 -8.5002160740e-05  6.2729296585e-06  7.1680692309e-05 -7.2224944873e-05 -6.5531585310e-06 -5.0480683998e-05 -1.8459718930e-04  1.1524887423e-04  1.0694376858e-04 -1.7777489189e-05 -6.7265024288e-05  5.6942531733e-05 -2.7694575291e-05  2.2691099056e-06  3.2808798129e-06 -6.3208794652e-05  3.7009886078e-05  4.4297863553e-05  2.2331800413e-05 -1.6876351430e-05  2.6167788183e-05 -6.8210489708e-06  1.0250692494e-05  1.1546469268e-05  2.1572840564e-05 -3.7253370907e-05  2.2679617740e-05  6.8696344293e-06 -4.0386837498e-06 -1.6597110707e-05  2.6726875504e-05 -3.1451435238e-05 -1.2322095821e-05  3.3907354633e-06  2.0651030500e-05 -1.8578643836e-05  4.6268566472e-06  2.9195988074e-07  7.8597643586e-06  8.2691623419e-07  3.0906370826e-06  2.0112267325e-06 -7.6892618672e-06 -9.9981471652e-06  6.6576954728e-06

