JOB 0
COORDS -1.7225688687e+00 -3.2024552020e+00  2.1933579708e+00 -2.0185479631e+00 -1.6740583188e+00  4.0458016711e+00 -1.7670708287e+00 -2.1343441094e+00  1.3094259594e+00 -2.0627553250e+00 -6.0353087180e-01  3.1577541338e+00 -1.8456932645e+00 -2.9969533305e+00  3.5872515863e+00 -1.9365399641e+00 -8.2707394300e-01  1.7843711542e+00 -3.1265249860e+00  1.0003622334e-01 -1.7510357390e-01 -6.7150367861e-01  3.4852139097e-01  1.5443861408e-02 -2.1611833636e+00  1.6448796525e+00  1.4448562288e+00 -1.7486880823e+00 -4.0472919658e+00  4.4665741538e+00 -1.9742691200e+00  3.0172765531e-01  7.8717543127e-01 -1.5855831418e+00 -4.2078349647e+00  1.8049806510e+00 -2.1138668963e+00 -1.4801883822e+00  5.1105490712e+00 -1.6668034397e+00 -2.3492251987e+00  2.4999633310e-01 -2.1969462301e+00  3.8689350223e-01  3.5739278884e+00 -3.1490499976e+00  9.3340876438e-01 -8.7861887849e-01 -2.9871789550e+00 -8.3477309264e-01 -7.1280534549e-01 -4.0494904899e+00  5.8156181876e-02  4.0194294156e-01 -7.0799389358e-01  1.1809022279e+00 -6.8865957579e-01  1.4209077151e-01  4.8153848617e-01  7.2745814550e-01 -5.3834463698e-01 -5.8671999803e-01 -5.2307831445e-01 -2.1776433983e+00  2.4035169121e+00  6.6297684853e-01 -3.1067397882e+00  1.6555514592e+00  1.9843841796e+00 -1.3299908783e+00  1.8356051717e+00  2.1216142169e+00 -2.0643013104e+00 -3.9147292220e+00  5.4186025666e+00 -1.8560926932e+00 -4.9889297289e+00  4.1126970735e+00
ENERGY -4.613422287802e+02
GRADIENT -4.0805862856e-05 -8.4817800870e-06 -1.0333558152e-06 -1.5957960637e-06  6.2582497114e-06  1.2206743429e-05 -1.2432680220e-07  1.3872898232e-05  1.2703707051e-05 -6.1339694532e-06 -2.8389233281e-05  1.6588986597e-05  4.2050108070e-05 -9.6873762517e-06 -3.2622772529e-06  8.4715998241e-06  1.0011367667e-05 -2.2395164293e-05  1.5956530152e-07  5.4910698752e-06  5.1092224037e-06 -6.6721207031e-06  1.6407443051e-06  1.4502758883e-06  3.9737105339e-06  1.2145587992e-05 -1.0284482764e-05  5.5533126951e-05  3.1449462903e-05  2.1802384816e-05 -1.6472223942e-06  9.7414353530e-07 -3.7119088125e-06 -7.6490335804e-07 -1.9305605991e-07 -9.7105175699e-07 -4.8223774000e-07 -3.1906705237e-06  1.8241140607e-06 -5.2188544008e-07  4.7753670056e-06 -4.3671970810e-06  2.4898566744e-06 -2.0684360630e-05  4.5434499646e-06 -7.9998849074e-08  1.4073527932e-06  1.0847021534e-06  4.7384510875e-06 -5.4733741992e-06  7.0093015380e-07  3.2222003794e-07 -2.6114682113e-07  1.5444879651e-06 -1.3609394947e-06 -3.2124638556e-07 -3.3870865895e-07 -6.5772930335e-07  1.8603176971e-06  1.4356387160e-06 -2.3058674308e-06 -5.2330031100e-06  8.5292957695e-07  8.1961596284e-07  9.5674192253e-07  3.3137209133e-08  7.3619121109e-07  5.3738724443e-06 -6.5626930505e-06 -2.5222978740e-06  2.5287043963e-06 -2.9953345531e-06 -5.4190544589e-05 -2.1126256444e-05 -1.8018324457e-05 -3.2128095774e-06  1.8275620594e-06 -2.5410055639e-06

JOB 1
COORDS -1.5983360482e+00 -3.1816544289e+00  2.2249744762e+00 -2.1761862354e+00 -1.6884780640e+00  4.0373777712e+00 -1.6367114404e+00 -2.1149967633e+00  1.3373704157e+00 -2.2245463455e+00 -6.2065962748e-01  3.1460376682e+00 -1.8566896525e+00 -2.9902298668e+00  3.6006217565e+00 -1.9504542394e+00 -8.2793895689e-01  1.7916285733e+00 -3.0152051162e+00  1.6215263888e-02 -2.7495205054e-01 -6.1566553013e-01  4.5043433525e-01  1.5017225152e-01 -2.3307077027e+00  1.6218246647e+00  1.4271627989e+00 -1.7646043400e+00 -4.0350677019e+00  4.4983038766e+00 -1.9792848818e+00  3.0029359622e-01  7.9305794273e-01 -1.3587138756e+00 -4.1735773686e+00  1.8517610514e+00 -2.3780275726e+00 -1.5081389557e+00  5.0894767456e+00 -1.4264889184e+00 -2.3172889382e+00  2.9170815978e-01 -2.4735021791e+00  3.5462083324e-01  3.5447018978e+00 -3.0339446390e+00  8.4945908791e-01 -9.7866815134e-01 -2.7537674524e+00 -9.0197431705e-01 -7.9547172540e-01 -3.9833548903e+00 -9.9207468659e-02  2.1082579429e-01 -6.4787284575e-01  1.2820582532e+00 -5.5499123833e-01  1.1338426866e-01  6.4048201051e-01  9.3692942659e-01 -3.6067914788e-01 -4.6866862107e-01 -3.7197907712e-01 -2.3302871869e+00  2.3810052145e+00  6.4565523428e-01 -3.3216245870e+00  1.5574077263e+00  1.8734983090e+00 -1.5851414960e+00  1.8720441888e+00  2.1800102642e+00 -2.3688297672e+00 -3.9963745760e+00  5.3107701584e+00 -1.7123094390e+00 -4.9662418577e+00  4.1021012143e+00
ENERGY -4.613416254715e+02
GRADIENT -1.9063705054e-03 -4.4239026832e-04 -3.4638528978e-04  5.6725867156e-06 -4.2904157586e-05  2.3722280445e-06  1.2009492585e-05 -2.8176041437e-05  5.5229672996e-06  7.1356174447e-06  3.6674231323e-05 -1.5183277283e-05  2.2565790776e-03  2.3591460740e-04  3.7834621865e-05 -1.1062481295e-05  1.1630962975e-05  2.5980957373e-05  6.8184618364e-07  9.5907367149e-07 -9.4326584911e-07  2.0627237594e-06  3.9658697036e-06 -8.9206190028e-08 -2.1752035986e-06  3.2437688529e-06  2.4021784071e-06  1.5892305382e-03  1.5310161064e-03  1.6456932232e-03  3.5053328680e-07 -1.4183454759e-05  8.5074035480e-06  2.6270486944e-06 -3.6822708263e-06  2.4229023616e-06 -8.3235142365e-07  5.3705010950e-06 -1.8862876654e-06 -2.6793397631e-06  1.6499587626e-06 -3.3466825216e-06 -4.1366014246e-06 -6.5198068828e-07  3.8398403690e-06  8.8917412409e-07 -1.2205602969e-06 -1.7716857925e-07 -1.1885756738e-06 -8.9352649872e-07 -2.4939193956e-07 -5.7739700258e-07  1.6420055875e-06 -3.5534613224e-07 -2.9859024302e-06  4.6731922986e-07  5.1105638061e-07 -2.4943862461e-07  1.3121925621e-06  1.2818884103e-06 -9.2191163589e-07 -4.1676384861e-06  1.7585337980e-06  9.1578075131e-07  7.0637291290e-07  1.9329372668e-06 -3.5172437838e-07  9.0333041289e-07  4.1699630662e-07 -1.1512580318e-06 -5.6988224808e-08  2.0990915387e-06 -1.9054201510e-03 -1.3109502576e-03 -1.3600302465e-03 -3.8910343656e-05  1.3607857111e-05 -1.8132343061e-05

JOB 2
COORDS -1.6003816242e+00 -3.1787331707e+00  2.2359195499e+00 -2.1626816859e+00 -1.6786903268e+00  4.0452490198e+00 -1.6369128187e+00 -2.1140007146e+00  1.3437360922e+00 -2.2196309368e+00 -6.1392855954e-01  3.1503932076e+00 -1.8431157756e+00 -2.9804297945e+00  3.6116394704e+00 -1.9487611164e+00 -8.2676626362e-01  1.7959763392e+00 -3.0199124419e+00  1.2742359906e-02 -2.6935650119e-01 -6.1809062132e-01  4.4569073442e-01  1.4669427803e-01 -2.3279048532e+00  1.6231746535e+00  1.4255610806e+00 -1.7629666642e+00 -4.0227340572e+00  4.5254800260e+00 -1.9799971805e+00  2.9919758598e-01  7.9420204986e-01 -1.3729131180e+00 -4.1738205890e+00  1.8633347398e+00 -2.3524171679e+00 -1.4971121400e+00  5.0992009392e+00 -1.4352769979e+00 -2.3201703969e+00  2.9717509795e-01 -2.4659797322e+00  3.6314096924e-01  3.5461755552e+00 -3.0409831112e+00  8.4462071677e-01 -9.7455627142e-01 -2.7605098818e+00 -9.0644374070e-01 -7.8910845664e-01 -3.9863771948e+00 -1.0131687931e-01  2.2010413510e-01 -6.5126992396e-01  1.2765492296e+00 -5.5927632846e-01  1.1397609492e-01  6.3552030408e-01  9.3071571913e-01 -3.6659564837e-01 -4.7449599757e-01 -3.7521303123e-01 -2.3294595329e+00  2.3797380684e+00  6.4153776096e-01 -3.3173416930e+00  1.5613308646e+00  1.8755058901e+00 -1.5793879291e+00  1.8751028160e+00  2.1749021450e+00 -2.5185036663e+00 -4.0741647328e+00  5.2007190910e+00 -1.5944984936e+00 -4.9346919545e+00  4.1137202849e+00
ENERGY -4.613398834141e+02
GRADIENT -3.7141837032e-03 -7.3696173056e-04 -5.3005428132e-04  2.9314190402e-06  3.2873157655e-05 -4.0700222241e-05  1.8699467117e-06  1.8734618573e-05 -3.5421969722e-05 -1.4916071225e-05  2.9076687962e-05  2.8532208507e-05  4.9335301329e-03  1.9485683391e-04 -1.0233833472e-04  5.7979862994e-06 -3.9193377344e-05  1.0998296117e-05 -3.0194667964e-07 -4.1360914086e-06 -4.1111270647e-07 -2.4144308990e-06 -6.4249596251e-06  7.8237778427e-06 -2.6431412563e-06 -1.9968609538e-06  2.0148228552e-06  1.2374257528e-03  3.4697936801e-03  3.6757524804e-03  3.7899907005e-06 -6.6537932316e-07  3.7935371263e-06 -1.0923371397e-06  2.4438364921e-06 -3.8984741430e-06  3.3486132971e-06 -2.3676470906e-06 -1.0475082196e-06  2.6132908132e-06 -1.8838256236e-06 -4.9305474014e-06  1.4030841060e-06  7.0650999257e-06  1.1979461853e-06 -1.9655762653e-06  2.1838655861e-06  1.9360631458e-06  2.2401064409e-06  6.6107586383e-07 -1.7580393653e-06  1.9117021547e-07 -1.9853030708e-06  5.9820439872e-07  7.2477309111e-09  2.2752295667e-06  1.8412470886e-06  5.3922834794e-07 -1.6378420878e-06  6.0774428680e-07 -1.7107314120e-06 -1.0483245022e-06 -3.1449084555e-06 -2.7749310861e-06  3.7387325134e-08  5.6299151356e-07  1.3648444939e-06 -5.6456601849e-07  4.0980672732e-06  1.9153753816e-06  1.8331379868e-06 -1.8351373666e-09 -2.5326657421e-03 -2.9498791540e-03 -3.0702778749e-03  6.9475580294e-05 -6.3780267459e-06  5.5553611211e-05

JOB 3
COORDS -1.6051918908e+00 -3.1751657504e+00  2.2490978247e+00 -2.1528741628e+00 -1.6665174989e+00  4.0533859417e+00 -1.6400674386e+00 -2.1135000073e+00  1.3510780791e+00 -2.2150803797e+00 -6.0437569229e-01  3.1544656903e+00 -1.8359612443e+00 -2.9683519539e+00  3.6238547647e+00 -1.9484367203e+00 -8.2517714509e-01  1.8007112933e+00 -3.0242142752e+00  9.0173348331e-03 -2.6443426607e-01 -6.1957340173e-01  4.3812253492e-01  1.4276256171e-01 -2.3231113774e+00  1.6252686492e+00  1.4216498646e+00 -1.7730196725e+00 -4.0079150162e+00  4.5577995960e+00 -1.9801943466e+00  2.9767141835e-01  7.9460081648e-01 -1.3868777816e+00 -4.1735164022e+00  1.8796384979e+00 -2.3328022911e+00 -1.4842086880e+00  5.1087036987e+00 -1.4449412834e+00 -2.3237512053e+00  3.0413815179e-01 -2.4574707036e+00  3.7522027037e-01  3.5462942390e+00 -3.0456251153e+00  8.3841276146e-01 -9.7245547577e-01 -2.7684856164e+00 -9.1254889809e-01 -7.8174479464e-01 -3.9894444000e+00 -1.0086406255e-01  2.2843821246e-01 -6.5307953997e-01  1.2665180763e+00 -5.6600190884e-01  1.1522496852e-01  6.2934786714e-01  9.2390917467e-01 -3.7176383967e-01 -4.8451509621e-01 -3.7651324557e-01 -2.3245584066e+00  2.3784312394e+00  6.3437710714e-01 -3.3116331008e+00  1.5680198048e+00  1.8741982250e+00 -1.5720299028e+00  1.8784113206e+00  2.1679881776e+00 -2.6396924173e+00 -4.1636814254e+00  5.0652508215e+00 -1.4761498674e+00 -4.8896110061e+00  4.1488116257e+00
ENERGY -4.613372229126e+02
GRADIENT -4.9259088041e-03 -9.8514529575e-04 -7.0237936543e-04  1.0163366518e-05 -4.0318212902e-05 -1.2332742274e-05  4.6304097193e-06 -5.8808738443e-06 -2.0498724609e-05 -1.8174525670e-05  1.0251521797e-04  1.6679464228e-05  6.9749949797e-03  2.1444328918e-04 -3.8646631916e-04 -7.4253543211e-08 -4.9601896522e-05  4.9514981411e-05 -1.9662722228e-06 -3.2876679153e-06  4.2267156976e-06  5.6350550420e-06 -6.7105741399e-07 -3.7088468852e-06  4.0026642159e-07 -3.2851588355e-06  1.5160697804e-05 -9.2255794865e-06  4.9904940818e-03  5.7338957485e-03 -3.0156484325e-06 -1.8517870489e-05  2.0857575015e-05  1.3482331105e-06 -2.6915865678e-06 -5.4534925906e-06 -3.8795540192e-06  1.0404604502e-05 -6.0317095134e-06  6.0955318392e-07 -7.3244737539e-06 -2.5264879255e-06 -5.1502719550e-06  1.6768300202e-05  2.0762205773e-06  2.0995758624e-06 -1.6333116349e-07  3.9333647883e-07 -7.9261421783e-07 -1.7767821282e-06  1.6029802913e-06 -4.9180692768e-07  2.4522400743e-06 -1.4848144761e-07 -2.5776647831e-06 -1.5337609357e-06 -5.8277861359e-07 -8.7120623667e-07  3.0125341057e-06 -6.7241655863e-07  8.5403690399e-07 -1.0612023322e-06  3.0964611448e-06  2.6560141920e-06 -3.3154085115e-07  7.5572446411e-07 -1.8426557343e-06 -1.5084422095e-06  1.5670480753e-06 -2.0125254961e-06 -3.9773080929e-06  5.3908628750e-06 -1.9678260045e-03 -4.2144008124e-03 -4.6448662844e-03 -5.5525283786e-05  6.0817252215e-06 -7.0044449161e-05

JOB 4
COORDS -1.6148169166e+00 -3.1713922633e+00  2.2596496828e+00 -2.1485867602e+00 -1.6570635296e+00  4.0597173275e+00 -1.6480888358e+00 -2.1119472168e+00  1.3571381453e+00 -2.2120278434e+00 -5.9482266629e-01  3.1588735601e+00 -1.8369432752e+00 -2.9588282284e+00  3.6335084243e+00 -1.9506706304e+00 -8.2222272873e-01  1.8058646729e+00 -3.0296010854e+00  1.0272674971e-02 -2.5832712427e-01 -6.2149571127e-01  4.3127097338e-01  1.4066691495e-01 -2.3169777821e+00  1.6298978631e+00  1.4202046717e+00 -1.7955419960e+00 -3.9974780265e+00  4.5865938999e+00 -1.9811063990e+00  2.9862036500e-01  7.9650402802e-01 -1.4032100835e+00 -4.1722157221e+00  1.8928868622e+00 -2.3220674700e+00 -1.4766788010e+00  5.1161910135e+00 -1.4579549470e+00 -2.3246181719e+00  3.0981246385e-01 -2.4490624621e+00  3.8697294757e-01  3.5483055985e+00 -3.0504228668e+00  8.3810905090e-01 -9.6809323692e-01 -2.7785856897e+00 -9.1329184672e-01 -7.7434534970e-01 -3.9936908708e+00 -9.4947874272e-02  2.3782244688e-01 -6.5377266659e-01  1.2581776012e+00 -5.6980350582e-01  1.1631867154e-01  6.2152420216e-01  9.1923425043e-01 -3.7906661456e-01 -4.9357825777e-01 -3.7717015532e-01 -2.3174680593e+00  2.3801664425e+00  6.3019377774e-01 -3.3045360700e+00  1.5783922667e+00  1.8755260994e+00 -1.5627982301e+00  1.8826997339e+00  2.1635035455e+00 -2.7208330582e+00 -4.2742769577e+00  4.9083225037e+00 -1.3486433833e+00 -4.8317374629e+00  4.2122446654e+00
ENERGY -4.613340250486e+02
GRADIENT -5.5082277784e-03 -8.8825922153e-04 -7.8576541946e-04  3.8767236410e-05 -5.3273879716e-05 -2.9353668937e-04  5.7344605094e-06 -5.8439532191e-06  7.1800872700e-05 -3.8964096588e-05  2.0253246452e-04  8.0325185909e-05  8.3623326036e-03 -3.4940367258e-06 -2.7665015524e-04 -8.2069661117e-06 -7.5859978501e-06  1.5197879081e-05  1.3214225926e-09  7.4984342218e-06  6.3820652695e-06  5.1018263759e-06  5.8081811277e-06 -7.0860618583e-06  1.0615814658e-05  1.9396003045e-05 -2.9407299769e-06 -2.3416849425e-03  5.6209002670e-03  6.5055035259e-03 -1.2629383075e-05 -1.4498967804e-05  3.1015610875e-05  3.3102497299e-08 -8.0904418143e-06  1.7137200746e-05  3.8200868637e-06 -2.4492634396e-06 -3.0582353444e-05 -8.2593902649e-06  3.7295902257e-06 -1.8583317667e-06 -7.6030760245e-06  1.3317937699e-05 -8.6750527341e-06  2.9224349870e-06 -2.7123906943e-06 -2.0760142839e-06  1.4363453356e-06 -5.1751072236e-06  1.0749449933e-06 -7.1079233652e-07  4.0188246213e-06 -1.1536134996e-06 -6.8440651441e-06 -2.9760351255e-06 -3.9546441317e-07 -1.1212553103e-06  4.4813631113e-06  1.3197864165e-06 -1.8707351329e-08 -1.0117231341e-05  5.6480817789e-06  2.8565610834e-06  1.9230974412e-06  2.4369756599e-06 -1.9393139869e-06  7.4815241723e-06 -7.2732870227e-06 -7.3001945560e-06 -8.6872875781e-07  5.4030768117e-07 -4.3915387736e-04 -4.8299922292e-03 -5.2675508126e-03 -5.4205657759e-05 -5.2266050795e-05 -6.4330184600e-05

JOB 5
COORDS -1.6238731989e+00 -3.1956493719e+00  2.1223935888e+00 -2.1152996907e+00 -1.7471109338e+00  3.9851718143e+00 -1.6832864566e+00 -2.1099886692e+00  1.2558615998e+00 -2.1518163327e+00 -6.4391634279e-01  3.1270733880e+00 -1.8679262340e+00 -3.0393718360e+00  3.4994138718e+00 -1.9458739320e+00 -8.3038353767e-01  1.7611556036e+00 -3.0527355926e+00  9.1348597530e-02 -2.4831426463e-01 -6.2975420628e-01  4.6111724940e-01  1.1409179947e-01 -2.2801895717e+00  1.6400204106e+00  1.4701243194e+00 -1.7077602102e+00 -4.1695088072e+00  4.3455824154e+00 -1.9778570088e+00  3.2689495888e-01  7.9345056031e-01 -1.3772063628e+00 -4.1822668519e+00  1.7428388085e+00 -2.2854939520e+00 -1.5916768160e+00  5.0472305666e+00 -1.4916182297e+00 -2.2825042130e+00  2.0154834780e-01 -2.3496582507e+00  3.2908050222e-01  3.5581979275e+00 -3.0739676079e+00  9.4357864672e-01 -9.2850627815e-01 -2.8280431807e+00 -8.1789856946e-01 -8.0044363436e-01 -4.0081230145e+00 -1.5264809079e-02  2.6417349823e-01 -6.6298976574e-01  1.3141208760e+00 -5.6468156460e-01  1.2713855787e-01  6.1074639069e-01  8.8314247399e-01 -4.1367328750e-01 -4.4750659471e-01 -4.4262028012e-01 -2.2932163536e+00  2.4163878620e+00  7.0587389939e-01 -3.2554444414e+00  1.5839343056e+00  1.9508490742e+00 -1.5027278457e+00  1.8598861885e+00  2.1997687649e+00 -2.5717118369e+00 -4.7033410513e+00  4.4387687865e+00 -1.4625530507e+00 -3.8723502407e+00  5.2889854548e+00
ENERGY -4.613313618072e+02
GRADIENT  5.2113261246e-03  1.2351257543e-03  7.4635881898e-04 -1.9746678662e-05 -6.2957373621e-06  1.5540128776e-04 -6.4067416145e-07 -1.3155370549e-05  2.9079011185e-05  2.0898058073e-05 -7.3943648511e-05 -8.0377312232e-05 -8.1840684269e-03 -7.1873968021e-04  3.2593114869e-04 -3.9951534903e-06  3.2620814359e-05 -7.2145560020e-06 -4.9311191832e-06  3.7404912260e-06 -1.4125260215e-05  3.1817501351e-06  2.0364092524e-06 -3.3039355013e-06 -1.3847415213e-06 -1.6632265073e-05  1.4973177361e-05  4.8950773483e-03 -4.5029789328e-03 -6.8037080509e-03  3.1250069228e-08  4.8252879916e-06 -2.2885575182e-06  1.8076305375e-06 -4.0935065419e-06 -1.2020567833e-05 -4.0706408999e-06  1.0286714015e-05  1.6158202065e-05 -5.9236880337e-07 -8.1699963846e-06  1.3369568282e-05 -6.1472104789e-07  9.4274009214e-06 -5.5828910797e-07 -3.8642118050e-07 -1.5856547121e-06 -3.1242196157e-06 -1.0298998569e-05  8.5792426033e-06  1.3494864677e-06 -1.5711823010e-06  3.4127789126e-06 -2.1053049862e-06 -1.3881805347e-06 -8.3916247595e-08 -2.2636223214e-06  4.0409875228e-07  3.6539836964e-06 -6.4001243324e-07  5.7002301621e-06  9.6112078977e-06  3.7950831910e-06 -1.6462038397e-06  9.5815612711e-08 -1.3664052945e-08 -2.6598004079e-06 -6.5082561737e-06  6.8998017618e-06  3.1633983175e-06 -4.1107021513e-06  5.9537294890e-06 -1.8776312693e-03  3.9893309434e-03  5.6079941557e-03 -4.3026451291e-05  6.2509670507e-05 -8.9593032095e-07

JOB 6
COORDS -1.6214783290e+00 -3.1930184308e+00  2.1342813279e+00 -2.1015562125e+00 -1.7353945528e+00  3.9951171774e+00 -1.6849282229e+00 -2.1107851441e+00  1.2663144966e+00 -2.1389819489e+00 -6.3725343814e-01  3.1324106725e+00 -1.8597718704e+00 -3.0321045900e+00  3.5145336335e+00 -1.9417548447e+00 -8.2667253579e-01  1.7655168899e+00 -3.0571494950e+00  8.9319373072e-02 -2.4180369416e-01 -6.3191161858e-01  4.5385965564e-01  1.0529480865e-01 -2.2710582733e+00  1.6422691853e+00  1.4660109525e+00 -1.6871933122e+00 -4.1381608750e+00  4.3691682259e+00 -1.9761603457e+00  3.2573196013e-01  7.9311292422e-01 -1.3758542573e+00 -4.1789532725e+00  1.7515958782e+00 -2.2669496531e+00 -1.5739023427e+00  5.0570049156e+00 -1.4991902657e+00 -2.2888207660e+00  2.1180538029e-01 -2.3336179857e+00  3.3703039179e-01  3.5621441115e+00 -3.0799801011e+00  9.3857326202e-01 -9.2575703959e-01 -2.8378572603e+00 -8.2296958798e-01 -7.9117131559e-01 -4.0099121143e+00 -1.2765802447e-02  2.7642355419e-01 -6.6651413747e-01  1.3037622680e+00 -5.7737960593e-01  1.2972314829e-01  6.0468647795e-01  8.6938519493e-01 -4.2145967196e-01 -4.5798344204e-01 -4.4838357858e-01 -2.2856618863e+00  2.4158957592e+00  6.9899597954e-01 -3.2439544424e+00  1.5908574966e+00  1.9520043893e+00 -1.4893103671e+00  1.8624085160e+00  2.1909785635e+00 -2.4398916342e+00 -4.8205552967e+00  4.3011845551e+00 -1.6341874830e+00 -3.8515313909e+00  5.3442352907e+00
ENERGY -4.613348091882e+02
GRADIENT  5.4510995683e-03  1.3089766952e-03  7.8292550105e-04 -4.1750060404e-05  1.8400714577e-06  1.3758918874e-04 -3.1458363684e-05  4.5697056983e-05  2.2616056300e-04  7.3562298731e-05 -2.5200351903e-04 -4.0621775056e-05 -9.1230879741e-03 -1.1755142454e-03  3.7220388523e-04  1.0906433392e-05  1.6099486245e-04 -1.5283278337e-04  4.7048652293e-06  1.6365882402e-05 -2.0976664126e-06 -1.1605010996e-05  9.9404412460e-06  8.3910195932e-07 -3.5226184209e-06  2.1017301375e-05 -4.1490832836e-05  7.2230274010e-03 -3.7138283134e-03 -6.5264025736e-03 -9.3089430927e-06  5.8731278834e-05 -4.7201005062e-05  8.2149835549e-06 -1.5025886474e-05  6.9532018882e-06  7.5070689592e-06 -1.1876376588e-05  9.5212546882e-06 -1.7020724334e-05  9.8548240574e-06  2.6903799295e-05 -3.6223165214e-06 -5.3434214163e-05 -8.7902915543e-06 -4.9233771946e-06  1.9476980281e-06 -3.5980672587e-07  6.7320241173e-07  6.4161580949e-06 -3.4667072963e-06  6.2249277394e-07 -2.0443744096e-06  2.2496783261e-06  4.4738742105e-06  2.9899067579e-06  1.0843459177e-06 -1.3232889578e-06 -2.4892503217e-06  1.9149210812e-06 -3.9700876530e-06 -1.7731990057e-07 -2.7589691849e-06 -6.1471297571e-07  3.6719711017e-06  1.3702343835e-06  6.4355269569e-07  1.0391973947e-05 -1.3126681408e-05 -1.1135427377e-06  6.2995788085e-06 -7.4101062189e-06 -3.6165745757e-03  3.6418670490e-03  5.3404791961e-03  6.3719617990e-05 -6.8883930913e-05 -5.7943756391e-05

JOB 7
COORDS -1.6278047406e+00 -3.1839802094e+00  2.1473753206e+00 -2.1010443926e+00 -1.7159843299e+00  4.0047109765e+00 -1.6899307554e+00 -2.1048072644e+00  1.2771512002e+00 -2.1402286794e+00 -6.2345071336e-01  3.1373364901e+00 -1.8587950996e+00 -3.0166082872e+00  3.5300464943e+00 -1.9439012554e+00 -8.1740758316e-01  1.7703749993e+00 -3.0677392157e+00  9.3004376488e-02 -2.3470775339e-01 -6.4028992985e-01  4.5269541861e-01  9.7226251138e-02 -2.2680140291e+00  1.6496509663e+00  1.4632168662e+00 -1.6915667590e+00 -4.1031349616e+00  4.3931225394e+00 -1.9806020457e+00  3.3009152663e-01  7.9341058628e-01 -1.3898950059e+00 -4.1710445741e+00  1.7620367150e+00 -2.2648633622e+00 -1.5490468673e+00  5.0659645331e+00 -1.5100951908e+00 -2.2888620948e+00  2.2258432419e-01 -2.3351585681e+00  3.5226141821e-01  3.5638955233e+00 -3.0914889388e+00  9.3887991480e-01 -9.2290392888e-01 -2.8544265065e+00 -8.2283990787e-01 -7.8059336899e-01 -4.0179929964e+00 -3.5537622283e-03  2.8911487497e-01 -6.7742671444e-01  1.2983658585e+00 -5.9062582701e-01  1.2576779893e-01  6.0702177838e-01  8.5616133158e-01 -4.3397335332e-01 -4.6280139225e-01 -4.5196311702e-01 -2.2821437906e+00  2.4212537610e+00  6.9413257303e-01 -3.2394485425e+00  1.6034388650e+00  1.9526404389e+00 -1.4830755560e+00  1.8684302274e+00  2.1851666178e+00 -2.2922325712e+00 -4.8976363933e+00  4.1888794688e+00 -1.8098368395e+00 -3.8530818001e+00  5.3712057226e+00
ENERGY -4.613380217076e+02
GRADIENT  4.5411397844e-03  1.1611253959e-03  6.3414513032e-04  1.2144560137e-05 -2.6061263964e-05 -3.1162818573e-05  1.3284627459e-05  5.1358294982e-06 -3.5928974048e-05 -3.4619832794e-05  8.0945520943e-05  1.8538051556e-05 -8.2097488164e-03 -1.0024907402e-03  1.8684709177e-04  2.4005313295e-05 -4.9755035915e-05  3.6298853174e-05 -1.1535398411e-05 -2.2012686467e-06  5.3470959178e-07 -9.0997448489e-07 -5.0133687128e-06 -7.4185482337e-06  8.5176170757e-06 -7.2840749625e-06  1.7450112310e-05  8.2014303558e-03 -2.5945357978e-03 -4.6070778514e-03 -5.6898093890e-06 -1.0880846061e-05  1.5840486262e-05  3.0566889124e-07  2.0843662167e-06 -2.1599207213e-06 -1.3328581758e-06  6.7395568097e-06 -6.1007088388e-06  1.1380242338e-07 -8.2871446364e-06 -3.2589325023e-07 -1.8133151845e-06  2.4040927588e-05 -2.5968388285e-06  2.2790960538e-08 -2.8826677576e-08  2.6611776965e-07 -2.1650127258e-06 -5.8415616565e-07  2.1138902440e-06 -5.2763785418e-07  3.8203007667e-07 -7.3326400319e-07 -2.5367836886e-06 -2.7755617959e-06 -2.2512193923e-06 -5.0835305928e-07  4.8742069553e-06 -3.7000431470e-07  3.2231270457e-06  3.5129909471e-06  2.8661135128e-06  3.6953078881e-06 -2.7500112708e-07  1.7022440341e-07 -4.4997741202e-06 -3.5793319011e-07 -1.7659349240e-06 -2.6389769000e-06 -7.0093451293e-06  1.0252484187e-05 -4.4707577224e-03  2.3986536605e-03  3.7959040503e-03 -6.7776977876e-05  4.1821625081e-05 -1.5353778068e-05

JOB 8
COORDS -1.6373398645e+00 -3.1811842445e+00  2.1581079139e+00 -2.0956835808e+00 -1.7023286634e+00  4.0130504938e+00 -1.6952270340e+00 -2.1042028225e+00  1.2857294504e+00 -2.1366279950e+00 -6.1553727350e-01  3.1410552286e+00 -1.8545888463e+00 -3.0070996168e+00  3.5435243361e+00 -1.9430948319e+00 -8.1354953358e-01  1.7733943616e+00 -3.0689861790e+00  9.3320940753e-02 -2.3271757690e-01 -6.4037160303e-01  4.4713647244e-01  9.2854614105e-02 -2.2616528453e+00  1.6521063741e+00  1.4590490946e+00 -1.7049352834e+00 -4.0783040981e+00  4.4121507018e+00 -1.9792161629e+00  3.3000769970e-01  7.9250749810e-01 -1.4142548066e+00 -4.1708769096e+00  1.7700380776e+00 -2.2544991978e+00 -1.5302449068e+00  5.0741484988e+00 -1.5248052901e+00 -2.2944988035e+00  2.3065253245e-01 -2.3295613836e+00  3.6184593025e-01  3.5648333467e+00 -3.0919186305e+00  9.3708010974e-01 -9.2361334356e-01 -2.8594357807e+00 -8.2471337437e-01 -7.7638287694e-01 -4.0183612613e+00  8.2406617502e-04  2.9338990545e-01 -6.7642046321e-01  1.2906234804e+00 -5.9782992097e-01  1.2776410329e-01  6.0155428987e-01  8.4964552226e-01 -4.3789188783e-01 -4.7089926088e-01 -4.5359828983e-01 -2.2756958641e+00  2.4217116578e+00  6.8794550434e-01 -3.2319613759e+00  1.6096094868e+00  1.9510396308e+00 -1.4744943848e+00  1.8707505045e+00  2.1786315517e+00 -2.1248158066e+00 -4.9523739701e+00  4.1132783057e+00 -1.9431279955e+00 -3.8801076474e+00  5.3783962537e+00
ENERGY -4.613404693370e+02
GRADIENT  3.1072443652e-03  9.3168536847e-04  3.5730706067e-04 -9.4671683343e-06 -7.8254350718e-05 -1.3694827892e-04  3.3724723585e-05 -1.0436859006e-04 -1.3973788625e-04  1.2119472949e-05  1.5763686405e-04 -3.5541050964e-05 -5.7923069692e-03 -9.1247255668e-04  2.5898851642e-04 -2.8496727685e-05 -5.5403134223e-05  1.4387098576e-04 -6.8679709077e-07 -1.5167445877e-05 -1.6927129943e-06  1.0571179480e-05 -1.0439198703e-05  2.0626918542e-06 -5.8038321844e-07 -2.8719795542e-05  2.7124913946e-05  6.1477559759e-03 -1.0196026050e-03 -2.5016252313e-03  1.6365832056e-06 -1.3654287740e-05  9.6225313472e-06  9.6247446543e-06  1.7079199028e-05  1.5622680341e-05 -1.9796299329e-06  8.7807704037e-06 -1.9456425491e-05 -2.2294100407e-07 -4.4796446964e-07 -1.4071310664e-05 -1.4138616090e-05  4.2731395142e-05  9.4331834641e-07 -2.6507556704e-06 -2.8530901196e-08 -1.3998072380e-06 -6.0902013175e-06  1.0329541454e-05 -2.8943956797e-06 -2.7832340905e-07 -1.1378308204e-07 -2.2878201017e-06 -9.2792370120e-07  3.5215191016e-06  2.6990277462e-06 -1.6604254417e-07 -1.4670590210e-06 -1.0548174708e-07  1.0007641399e-06  6.8917109746e-06 -6.6937804547e-07  1.6852727656e-07 -1.4008393654e-06  2.1119644927e-07 -4.7308295691e-06 -7.7749958494e-06  9.2286461838e-06  4.5728036287e-07 -7.7889106327e-06  1.0769540671e-05 -3.6129057222e-03  1.0942538290e-03  2.0171673345e-03  1.4113361197e-04 -1.2200917403e-05  1.3941467145e-07

JOB 9
COORDS -1.6484485756e+00 -3.1783054793e+00  2.1668403345e+00 -2.0969761539e+00 -1.6907685590e+00  4.0200538709e+00 -1.6993886459e+00 -2.1018247434e+00  1.2934929480e+00 -2.1400801341e+00 -6.0885773681e-01  3.1443863078e+00 -1.8535439969e+00 -2.9983475108e+00  3.5540139737e+00 -1.9440012222e+00 -8.0915051693e-01  1.7763492119e+00 -3.0722925192e+00  9.5641249604e-02 -2.2957508045e-01 -6.4222520422e-01  4.4273007906e-01  8.8536503326e-02 -2.2556198306e+00  1.6561515459e+00  1.4558323546e+00 -1.7290626907e+00 -4.0594945969e+00  4.4262563698e+00 -1.9792663712e+00  3.3136852069e-01  7.9227022572e-01 -1.4414318186e+00 -4.1707029533e+00  1.7762633476e+00 -2.2518579061e+00 -1.5154738252e+00  5.0811102773e+00 -1.5363558481e+00 -2.2968054384e+00  2.3806374100e-01 -2.3326971754e+00  3.6965399509e-01  3.5657265287e+00 -3.0943499607e+00  9.3737157514e-01 -9.2303371483e-01 -2.8670472933e+00 -8.2472416958e-01 -7.7099725740e-01 -4.0205600234e+00  7.5774812585e-03  2.9925334007e-01 -6.7778248543e-01  1.2836285119e+00 -6.0538489633e-01  1.2832167064e-01  5.9789761859e-01  8.4270910190e-01 -4.4358668962e-01 -4.7798659194e-01 -4.5483481772e-01 -2.2672401078e+00  2.4240637914e+00  6.8298502560e-01 -3.2256183323e+00  1.6188858221e+00  1.9488185797e+00 -1.4669532262e+00  1.8730474132e+00  2.1743013757e+00 -1.9512647163e+00 -4.9812996263e+00  4.0696299240e+00 -2.0621559792e+00 -3.9151063982e+00  5.3721329730e+00
ENERGY -4.613418843280e+02
GRADIENT  1.3914408341e-03  3.2867811140e-04  1.2787194678e-04  3.6808750529e-06 -6.1740456929e-05 -4.7113508399e-06  1.5859797431e-05 -4.8991274609e-05 -1.0860070507e-05  1.7717946005e-05  3.5160318699e-05 -3.8387372767e-05 -2.7291936222e-03 -3.4796907340e-04 -1.3093803637e-05 -2.0421391772e-05  1.4442866163e-05  5.0753225746e-05  3.9035353183e-06 -5.2376867213e-06  3.4683174354e-06  2.4387348948e-06 -2.2395183779e-06  4.3526011265e-06 -1.3140119232e-06 -3.2491833327e-06  7.6329917286e-07  3.1106268778e-03 -1.4550144131e-04 -6.8164950797e-04 -1.6977439720e-07  2.0374866192e-06 -5.4914321169e-06  3.4080523381e-06  4.7284972840e-07  3.2217477391e-06 -2.9972523374e-06  9.5794045096e-06 -2.7547842935e-06 -4.1335593947e-06  3.1336817486e-06 -3.8891395174e-06 -6.7337072043e-06 -3.1554067313e-06  6.7701486813e-06 -8.3650308817e-07  1.7018992398e-07 -2.1339733266e-07 -9.6323253964e-08  2.4582752305e-06 -1.5063080532e-06 -2.6943539652e-07  5.9352377053e-07 -1.7617783052e-07 -4.5984060267e-07  2.6692866969e-06  2.0070747227e-06 -5.5698451722e-07 -9.8433816416e-07  1.0581727162e-06 -2.1453397309e-06 -9.3264931915e-07 -4.2665656903e-07  4.8253502260e-07  7.6635100588e-07  2.2832486748e-07 -1.5648340338e-06  1.1926163352e-07 -4.0254203374e-07 -1.6875019170e-06 -7.6223987056e-08  2.5202979210e-07 -1.8224822642e-03  2.2696540108e-04  5.5737228284e-04  3.7176443782e-05 -6.0219220727e-06  1.2936371131e-05

JOB 10
COORDS -1.6635932404e+00 -3.1765160461e+00  2.1698519761e+00 -2.1049945666e+00 -1.6846998248e+00  4.0243180692e+00 -1.7055243686e+00 -2.0999265326e+00  1.2963889591e+00 -2.1474794626e+00 -6.0607829283e-01  3.1461739101e+00 -1.8593830100e+00 -2.9938628309e+00  3.5589298586e+00 -1.9471213239e+00 -8.0644309393e-01  1.7779981380e+00 -3.0744864977e+00  1.0169434126e-01 -2.2710520502e-01 -6.4327569994e-01  4.4055004974e-01  8.8042617141e-02 -2.2504540841e+00  1.6592356371e+00  1.4573218926e+00 -1.7700343628e+00 -4.0510824183e+00  4.4283193558e+00 -1.9795809140e+00  3.3353233074e-01  7.9356891074e-01 -1.4714777266e+00 -4.1711997235e+00  1.7773424030e+00 -2.2587271051e+00 -1.5083088586e+00  5.0852677035e+00 -1.5473358740e+00 -2.2971917853e+00  2.4058095662e-01 -2.3396111375e+00  3.7316403672e-01  3.5661192521e+00 -3.0938089778e+00  9.4280895877e-01 -9.2143989191e-01 -2.8735708074e+00 -8.2010227945e-01 -7.6774941240e-01 -4.0225455326e+00  1.7884351648e-02  3.0276395850e-01 -6.7755483878e-01  1.2799123823e+00 -6.0785595713e-01  1.2845562121e-01  5.9560839888e-01  8.4102330802e-01 -4.4729013486e-01 -4.8191624446e-01 -4.5332317600e-01 -2.2580170871e+00  2.4275565342e+00  6.8481273946e-01 -3.2209957066e+00  1.6261988894e+00  1.9495213215e+00 -1.4614609457e+00  1.8720666894e+00  2.1766577426e+00 -1.7903690051e+00 -4.9939410509e+00  4.0631235817e+00 -2.1227422371e+00 -3.9463619096e+00  5.3703456618e+00
ENERGY -4.613422171004e+02
GRADIENT -2.9383867155e-04  1.1628973798e-04  3.1929709793e-05 -5.3218113158e-05  3.0372799634e-06  4.1802257493e-04  7.7497418510e-05 -7.3056858617e-05 -2.8436499942e-04  8.3991393032e-05 -1.9079230111e-04 -1.5988144024e-04  4.1629770350e-04  2.2147351747e-04 -3.6435535183e-05  6.7139931342e-07 -2.3687971352e-05  7.7696806738e-05 -4.6480532450e-07  3.6717860521e-07 -1.1565179392e-05  2.7680233816e-06  4.1260677251e-06 -7.7104956541e-08  4.1499978737e-06 -2.5872640495e-05  3.6893786304e-05 -4.9505255359e-04  8.4843393927e-05 -1.0317732950e-04  1.2125145226e-06 -5.8064282603e-05 -2.0448228539e-05  1.2842986996e-05  2.3543445387e-05 -2.0278879352e-05 -1.6085962071e-05  7.5798920612e-06  3.9740489218e-05 -9.9789835397e-06  6.6082065127e-06 -3.7600481366e-05 -1.8474280827e-05 -2.0280810056e-05  2.0409323372e-05  5.0810273990e-06 -3.3504800807e-06 -1.0758520962e-06 -5.4390049580e-06 -2.1226757594e-06  4.8075692361e-06 -1.7690034497e-06  6.7422553338e-06 -1.5119730002e-07 -9.4531950517e-07 -1.2505637373e-06 -4.1578715941e-06 -3.3348158483e-07  5.7429262278e-06  3.4427891895e-07  1.2915396874e-06 -5.8543436336e-06  6.6665649758e-06  2.3229841450e-06 -2.6036785500e-06  1.3403345255e-06 -5.7701087112e-06 -2.8663673003e-06  2.4708705373e-06 -2.1207985704e-06 -6.1386403712e-06  1.1423595364e-05  2.9043560489e-04 -4.9149550578e-05  4.1362754751e-05  1.2650402180e-07 -1.6957129258e-05 -9.8700832827e-06

JOB 11
COORDS -1.6833484444e+00 -3.1786403795e+00  2.1678117077e+00 -2.1315643056e+00 -1.6845697955e+00  4.0203574651e+00 -1.7136376098e+00 -2.1002687196e+00  1.2967048830e+00 -2.1612984014e+00 -6.0555529662e-01  3.1430096062e+00 -1.8925374519e+00 -2.9967740559e+00  3.5561699625e+00 -1.9526471594e+00 -8.0512969249e-01  1.7756813746e+00 -3.0707119310e+00  1.0708190288e-01 -2.3210889635e-01 -6.3898451369e-01  4.3540316311e-01  8.7599293817e-02 -2.2429983930e+00  1.6617037874e+00  1.4530481110e+00 -1.8629766933e+00 -4.0571393465e+00  4.4155676718e+00 -1.9768279395e+00  3.3446411089e-01  7.9071499568e-01 -1.4965469684e+00 -4.1741362484e+00  1.7749153962e+00 -2.2955842619e+00 -1.5083522193e+00  5.0797394549e+00 -1.5469412984e+00 -2.2974954111e+00  2.4217648348e-01 -2.3493641447e+00  3.7450325670e-01  3.5629413643e+00 -3.0858077898e+00  9.4829357675e-01 -9.2649785564e-01 -2.8720931283e+00 -8.1556567678e-01 -7.7221269759e-01 -4.0199472153e+00  2.6431385714e-02  2.9611832619e-01 -6.6796022475e-01  1.2748886669e+00 -6.0842545742e-01  1.3208670678e-01  5.8682919370e-01  8.4198402357e-01 -4.4625233409e-01 -4.8784047623e-01 -4.5358545199e-01 -2.2449696249e+00  2.4297532061e+00  6.8022424569e-01 -3.2148983440e+00  1.6335864332e+00  1.9428178342e+00 -1.4548398408e+00  1.8709435800e+00  2.1743740476e+00 -1.6917926488e+00 -4.9959615652e+00  4.0854151522e+00 -2.0130002673e+00 -3.9343733994e+00  5.4066387689e+00
ENERGY -4.613419941232e+02
GRADIENT  3.2845475366e-05 -7.8129098596e-05 -7.4303963934e-06 -1.7578124281e-05  5.8792498044e-05  1.9185806861e-04 -1.7335256087e-05  2.7498827602e-05  1.3943284822e-04  6.4040487056e-06 -2.4832844167e-04 -5.8846797890e-05 -2.6447249495e-05 -1.9134867673e-05 -6.3760992441e-05  6.9478400335e-06  1.3095357792e-04 -1.2349339047e-04  2.9492027996e-07  1.5571945504e-05 -1.8981111564e-06 -1.1007455986e-05  8.7805940729e-06 -3.9317335160e-06  3.2252966483e-06  1.3190872669e-05 -2.9632802569e-05 -1.5278117766e-05  8.0020867726e-05  1.0713734469e-05  3.6796859237e-06  3.5513540752e-05 -2.9484651134e-05 -5.7403689662e-06 -7.9871474273e-06 -1.4567883497e-07  1.0953579933e-05 -1.2427077840e-05  2.3537287145e-05 -1.4445668826e-06  6.4162107523e-06  1.7880356811e-05  1.6597528832e-05 -4.4257841312e-05 -1.5986813170e-06 -4.3488255204e-06  2.2633386890e-06 -1.5729250900e-07  8.5885012886e-07  3.1300813252e-06 -3.7542082373e-07  7.4827449792e-07 -3.1740641274e-06  1.6049471902e-06  2.7767628474e-06  1.1829643412e-06  3.7670429187e-07  8.3798767178e-08 -1.6094448258e-06  9.2292725564e-07  2.2076199400e-07  6.1737348145e-06 -1.2308677106e-06 -3.6492182314e-06  1.6190875947e-06  3.2724830020e-07  3.7857739304e-06  3.5489610269e-06 -4.5678223470e-06  2.6127052456e-06  5.4931685013e-06 -8.2009276727e-06  1.6333400319e-05  2.4382913136e-05 -2.9534333865e-05 -4.8843603326e-06 -1.0695369371e-05 -1.5994650931e-05

JOB 12
COORDS -1.7059250667e+00 -3.1822167905e+00  2.1643002214e+00 -2.1567179564e+00 -1.6916955342e+00  4.0174677565e+00 -1.7248144260e+00 -2.1025167746e+00  1.2938749926e+00 -2.1744573136e+00 -6.0970324524e-01  3.1426232647e+00 -1.9254605535e+00 -3.0028147595e+00  3.5502488899e+00 -1.9599047638e+00 -8.0814950984e-01  1.7763223879e+00 -3.0678403679e+00  1.1314599084e-01 -2.3233220904e-01 -6.3543690050e-01  4.3105441828e-01  9.5188258216e-02 -2.2386549346e+00  1.6608528708e+00  1.4588619617e+00 -1.9546701026e+00 -4.0760441049e+00  4.4040230776e+00 -1.9757722102e+00  3.3405916348e-01  7.9407351276e-01 -1.5254023446e+00 -4.1784613072e+00  1.7702518546e+00 -2.3300837236e+00 -1.5179525061e+00  5.0758238573e+00 -1.5514299683e+00 -2.2977321385e+00  2.4007432256e-01 -2.3579813001e+00  3.7069555830e-01  3.5637186935e+00 -3.0772146591e+00  9.5586001408e-01 -9.2495324089e-01 -2.8716413593e+00 -8.0929315659e-01 -7.7366309237e-01 -4.0189510290e+00  3.5581379929e-02  2.9298994289e-01 -6.5958796197e-01  1.2715200002e+00 -5.9978008110e-01  1.3392214133e-01  5.7913570626e-01  8.5199720073e-01 -4.4419605281e-01 -4.9205175147e-01 -4.4673109111e-01 -2.2347100841e+00  2.4307134296e+00  6.8786075665e-01 -3.2123675921e+00  1.6356933303e+00  1.9451794136e+00 -1.4520644291e+00  1.8650763036e+00  2.1833386817e+00 -1.5967373727e+00 -4.9678142383e+00  4.0887409132e+00 -1.8935982136e+00 -3.9154559355e+00  5.4006575236e+00
ENERGY -4.613422171755e+02
GRADIENT  2.3706012537e-04  2.0310240039e-04  1.0086505982e-04 -5.1290829052e-05  7.0658526750e-08  3.9465129038e-04  2.0962949500e-05 -8.1326280117e-05 -2.9150847286e-04  1.3729958812e-05 -1.9234156673e-04 -1.6453256390e-04 -4.4671662905e-04  9.8624488785e-05 -1.4663783322e-04 -1.5097850417e-05 -2.7842892288e-05  7.5862904942e-05 -3.5174357750e-06  1.2283278130e-06  2.8135127937e-07  3.5956987165e-06  2.0258094037e-06 -1.2068797495e-05 -8.9085954573e-06 -2.6038965525e-05  3.4371313859e-05  4.6574857693e-04  2.0289486912e-04  3.7671808338e-05  1.9199460262e-05 -5.4333490753e-05 -1.8194491415e-05 -1.4269002939e-05  2.1028254762e-05 -2.1153062925e-05  4.1187784515e-06  8.3548531971e-06  4.0052083568e-05  1.6468273433e-05  1.2014772950e-05 -3.4162829733e-05  1.6116529408e-05 -1.5207020682e-05  2.3725003534e-05  2.5948372996e-06 -1.0645119210e-06 -3.8460886630e-06 -1.6504623212e-06 -5.4834214024e-06  6.4216507029e-06 -1.0414337845e-06  6.3511291113e-06 -7.1487984776e-08 -3.3104229374e-06 -4.4300178428e-06 -1.5898708761e-06 -2.8834719364e-07  6.4669500358e-06 -1.6806959358e-07  4.0446571786e-06 -7.7393331527e-07  6.1567979232e-06  1.0412868040e-06 -2.9998870436e-06  1.2157890426e-06  2.6101111847e-08 -5.3992709803e-06  1.0355737598e-05  4.0476767723e-06 -1.5121984843e-06  4.2273245702e-06 -2.6709312639e-04 -1.2624765656e-04 -3.4047180253e-05  8.1522953806e-06 -1.7720312060e-05 -2.7333113635e-06

JOB 13
COORDS -1.7188230946e+00 -3.1879071949e+00  2.1575797794e+00 -2.1616241839e+00 -1.6995222420e+00  4.0114464684e+00 -1.7293489755e+00 -2.1059138793e+00  1.2895855791e+00 -2.1802591467e+00 -6.1438231294e-01  3.1389622859e+00 -1.9284580766e+00 -3.0085629023e+00  3.5441258728e+00 -1.9617570579e+00 -8.1155110193e-01  1.7738460195e+00 -3.0695658871e+00  1.1500571990e-01 -2.3239578966e-01 -6.3531754463e-01  4.2470726296e-01  9.2291971952e-02 -2.2326799124e+00  1.6592481151e+00  1.4587106118e+00 -1.9900967406e+00 -4.0947584177e+00  4.3919025271e+00 -1.9752257397e+00  3.3191328725e-01  7.9264234828e-01 -1.5531624567e+00 -4.1858774107e+00  1.7615051779e+00 -2.3337410035e+00 -1.5265613057e+00  5.0702298532e+00 -1.5611970040e+00 -2.3002895662e+00  2.3485180595e-01 -2.3635786539e+00  3.6540142818e-01  3.5614904879e+00 -3.0786073736e+00  9.5946831329e-01 -9.2283045265e-01 -2.8758255936e+00 -8.0637547040e-01 -7.7640618719e-01 -4.0199192748e+00  3.7850183982e-02  2.9436039490e-01 -6.5730932581e-01  1.2664427586e+00 -6.0116193158e-01  1.3560011926e-01  5.6878537456e-01  8.4830467241e-01 -4.4826964148e-01 -4.9812797874e-01 -4.5151745474e-01 -2.2248570095e+00  2.4297909047e+00  6.8843932174e-01 -3.2068879219e+00  1.6381089121e+00  1.9442135174e+00 -1.4456375798e+00  1.8592175469e+00  2.1838982228e+00 -1.4519326376e+00 -4.9139435699e+00  4.1357717096e+00 -1.9586628594e+00 -3.9010700947e+00  5.3858746625e+00
ENERGY -4.613418843379e+02
GRADIENT -1.4223094080e-03 -7.3518805865e-05 -2.3270089253e-04  5.7519649998e-06 -1.8542628303e-05  7.4204510624e-07 -3.2815199958e-06 -1.9212335916e-05  3.6976933303e-05 -3.1720346647e-06 -2.0815805701e-05 -3.3808916841e-05  2.6469284020e-03  3.4738852249e-04  6.7669756945e-04  4.1548030547e-06  4.3113721915e-05  3.1014297777e-07 -1.5533576190e-06  2.2958744288e-06  2.4243152063e-07 -3.3588504696e-06 -8.4875422082e-07  4.9202744823e-07  3.4316409498e-06 -4.8835063542e-08 -3.8285088027e-06 -2.6907306156e-03 -9.2617689626e-04 -1.4446228720e-03 -3.2705937143e-07  1.1031035275e-05 -9.1890734055e-06 -9.7658048794e-07 -3.3278686247e-06  3.4702790574e-06  7.3989070294e-07  1.6027559426e-06  8.7397517777e-07  3.9818478944e-07  4.0385100403e-06  4.9066229207e-06  3.7680578239e-06 -3.5989392788e-06  8.2367449446e-07 -1.6687962879e-06  1.4488299404e-06  8.0384526400e-07 -3.9180898392e-08  1.6409980936e-06 -4.8897707311e-07  3.4230632655e-08 -1.0447122544e-06  9.4240803307e-07  7.6013519087e-07  6.2445794746e-07  1.3696500029e-07  6.0062465494e-07  2.4304283581e-08  6.1958556067e-07  5.5111250379e-07  2.6805341682e-06 -1.3451781899e-06 -6.4180940579e-07  9.8310688783e-07  8.3283411942e-07  3.7047409276e-07  9.0343397026e-07  6.3708225245e-08  1.3580113007e-06  1.9742949411e-07  8.5216311953e-07  1.4971679567e-03  6.7216586109e-04  1.0018884269e-03 -3.2564611396e-05 -1.9999617647e-05  3.6609738047e-06

JOB 14
COORDS -1.7259909664e+00 -3.1931370776e+00  2.1464241408e+00 -2.1580266535e+00 -1.7107238554e+00  4.0048373440e+00 -1.7303824423e+00 -2.1089556998e+00  1.2810847316e+00 -2.1808511105e+00 -6.2150431568e-01  3.1352134532e+00 -1.9225102171e+00 -3.0162491718e+00  3.5345788900e+00 -1.9605404377e+00 -8.1591301269e-01  1.7710913304e+00 -3.0735447161e+00  1.1857011859e-01 -2.2855593847e-01 -6.3696861920e-01  4.2171215289e-01  8.8543499046e-02 -2.2266912851e+00  1.6568160494e+00  1.4636716832e+00 -2.0041077600e+00 -4.1186764985e+00  4.3726619160e+00 -1.9748878179e+00  3.3058222717e-01  7.9308057033e-01 -1.5766439664e+00 -4.1927917485e+00  1.7486280525e+00 -2.3257021857e+00 -1.5398243917e+00  5.0647630684e+00 -1.5703008487e+00 -2.3006598684e+00  2.2464410862e-01 -2.3641721947e+00  3.5718284898e-01  3.5602475147e+00 -3.0837416023e+00  9.6554873165e-01 -9.1582436084e-01 -2.8832911010e+00 -8.0111537165e-01 -7.7662501246e-01 -4.0220654844e+00  4.1183358778e-02  3.0147130080e-01 -6.5939502933e-01  1.2655395698e+00 -6.0228532143e-01  1.3690265670e-01  5.6190992068e-01  8.4228424156e-01 -4.5400913227e-01 -4.9991248530e-01 -4.5863419746e-01 -2.2175992040e+00  2.4295474304e+00  6.9562648733e-01 -3.2001794763e+00  1.6377138815e+00  1.9506810552e+00 -1.4376637291e+00  1.8518850852e+00  2.1880628352e+00 -1.3090023850e+00 -4.8421908148e+00  4.2210767036e+00 -2.0804859878e+00 -3.8986276518e+00  5.3602817207e+00
ENERGY -4.613404693274e+02
GRADIENT -3.2282583048e-03  8.2016520431e-05 -4.7746102083e-04  6.3697627410e-05 -6.8184536578e-05 -1.2405005837e-04  3.2538263778e-05 -1.0558960995e-04 -1.4629710664e-04 -4.2874996020e-05  1.4848526863e-04 -4.3726246638e-05  5.5652314131e-03  6.2090928007e-04  1.7588989796e-03  4.4472144434e-06 -5.3918396116e-05  1.4939138727e-04 -7.7820468358e-06 -1.3372946946e-05 -5.9631764083e-07  5.2553500581e-06 -1.4798358545e-05 -1.0674494043e-06  1.0715190692e-06 -2.8883587869e-05  2.7990400626e-05 -4.8203985392e-03 -2.4999638845e-03 -3.9500232965e-03 -3.0392199288e-07 -1.5161892847e-05  9.0520265901e-06 -1.7483890684e-05  1.4380803045e-05  1.1959978943e-05  4.4746619664e-06  9.6277214313e-06 -1.8331998023e-05  3.9408264042e-06  4.8321192283e-07 -1.4053381157e-05  1.6809089736e-06  4.5232800472e-05  3.2976993587e-06 -7.2515821309e-07  3.5856413098e-06  2.7785669740e-06 -2.6156730766e-06  6.5823167543e-06 -1.0525753196e-06  6.0445567438e-07 -1.3228247599e-06 -2.4294446658e-08  2.7867212792e-06  7.7569876956e-07 -6.5209162880e-07  8.6031460979e-07  8.1732343127e-08 -2.1340222701e-06  3.7187017227e-06  1.1780589770e-05 -1.5301923592e-06  1.5617891109e-07 -1.4280187684e-06  2.5113327826e-07 -1.2522213201e-06 -8.1186721042e-06  1.0782233404e-05  4.1538238550e-06 -6.6684928389e-06  1.0633038752e-05  2.5640057276e-03  1.9284477791e-03  2.8331917761e-03 -1.2821140695e-04 -4.8801293141e-05 -3.5403523585e-05

JOB 15
COORDS -1.7313960702e+00 -3.1979676646e+00  2.1336930735e+00 -2.1473391302e+00 -1.7222401651e+00  3.9985965638e+00 -1.7329684932e+00 -2.1106174902e+00  1.2714697654e+00 -2.1744867940e+00 -6.2807725495e-01  3.1328182605e+00 -1.9126683081e+00 -3.0238869951e+00  3.5229319688e+00 -1.9580148875e+00 -8.1931426081e-01  1.7685187099e+00 -3.0761900454e+00  1.2377708268e-01 -2.2453274862e-01 -6.3754403569e-01  4.2116942896e-01  8.6324681052e-02 -2.2211979463e+00  1.6559716046e+00  1.4694234932e+00 -2.0052149253e+00 -4.1454923524e+00  4.3516904727e+00 -1.9738538854e+00  3.3100618791e-01  7.9431549482e-01 -1.5972338519e+00 -4.1990396355e+00  1.7346472967e+00 -2.3090514673e+00 -1.5550202966e+00  5.0601283934e+00 -1.5834111560e+00 -2.2987577840e+00  2.1290315269e-01 -2.3562238080e+00  3.4941549902e-01  3.5611215987e+00 -3.0866684380e+00  9.7305198525e-01 -9.0885716883e-01 -2.8894707930e+00 -7.9436167610e-01 -7.7631728545e-01 -4.0232983504e+00  4.6764440428e-02  3.0810005237e-01 -6.6045214506e-01  1.2671625345e+00 -6.0175509137e-01  1.3878707716e-01  5.5775386507e-01  8.3822217307e-01 -4.5809087026e-01 -4.9924339390e-01 -4.6403888854e-01 -2.2130629400e+00  2.4305865488e+00  7.0328637203e-01 -3.1932579628e+00  1.6374932041e+00  1.9592820600e+00 -1.4294987343e+00  1.8478368388e+00  2.1917498919e+00 -1.1866685691e+00 -4.7483577207e+00  4.3349187474e+00 -2.2097972353e+00 -3.9070966375e+00  5.3183720929e+00
ENERGY -4.613380217048e+02
GRADIENT -4.6926964842e-03 -8.5116931781e-05 -5.8622052973e-04  3.7259905226e-06 -2.7830621806e-05 -3.3805527457e-05 -4.4031048679e-06  2.7305049932e-06 -3.8264820214e-05  6.0666769020e-06  8.7890468258e-05  2.4656606511e-05  7.8576175830e-03  1.1660868356e-03  2.3101412253e-03 -1.8659549402e-05 -5.5988022312e-05  3.0623374619e-05  4.0702338649e-06 -4.2905870988e-06 -6.8363964988e-06  1.1235107884e-05  8.6893747726e-07  3.4277751472e-06 -1.0464110029e-05 -1.0194130844e-05  1.5099178432e-05 -5.7843044113e-03 -4.4833517755e-03 -6.4543839677e-03  4.1378265852e-06 -9.5228497449e-06  1.7197208673e-05 -3.6119864027e-07  2.0854935022e-06 -2.1706622681e-06  1.0234944261e-06  7.1333990889e-06 -5.8887592145e-06  2.1183087058e-06 -8.0674110357e-06  6.2019665759e-09 -3.9674405366e-06  2.4281138325e-05 -2.8933265096e-06  3.6616509829e-06 -1.9208602191e-06 -1.4245409999e-06 -4.6860687574e-06  2.4460497036e-06  1.8088219525e-06 -7.7155535971e-07  4.7984696700e-06 -3.5770811055e-07 -1.2329590508e-07 -5.2574964065e-08  2.9026688897e-07  6.0182706689e-07  5.0895255269e-07 -5.4537197432e-07  1.6665530846e-06  1.6220190336e-08  2.6284977860e-06 -3.4467887004e-06 -1.2106989182e-06 -6.6804082861e-07  1.6195495762e-06 -6.4764750712e-06  1.0943318890e-05  4.7557317105e-06  8.4339268063e-07 -4.0265970608e-07  2.5688505429e-03  3.3492717174e-03  4.7259020227e-03  5.6169154727e-05  5.8548409034e-05  7.8431424237e-07

JOB 16
COORDS -1.7315786204e+00 -3.2079157953e+00  2.1196419690e+00 -2.1394596688e+00 -1.7405132714e+00  3.9900047667e+00 -1.7333177077e+00 -2.1173063616e+00  1.2598886209e+00 -2.1708534965e+00 -6.4144953128e-01  3.1282288036e+00 -1.9038126421e+00 -3.0380747967e+00  3.5086275101e+00 -1.9564089994e+00 -8.2866296628e-01  1.7636288234e+00 -3.0863877784e+00  1.2236504794e-01 -2.1891171410e-01 -6.4466656760e-01  4.1495944161e-01  7.6913892536e-02 -2.2171662473e+00  1.6495138195e+00  1.4731222976e+00 -1.9941708108e+00 -4.1796754562e+00  4.3285923941e+00 -1.9768191287e+00  3.2558820390e-01  7.9305554555e-01 -1.6054452872e+00 -4.2099775124e+00  1.7211267132e+00 -2.2984512794e+00 -1.5781950794e+00  5.0527474114e+00 -1.5908630688e+00 -2.3011278355e+00  1.9964982476e-01 -2.3533623416e+00  3.3446628581e-01  3.5595862392e+00 -3.1016036703e+00  9.7484760981e-01 -8.9907141608e-01 -2.9033529049e+00 -7.9320835070e-01 -7.7616575562e-01 -4.0297944214e+00  4.3015364260e-02  3.1993753548e-01 -6.7037614530e-01  1.2637837500e+00 -6.0746956267e-01  1.3686665679e-01  5.4708527574e-01  8.2423408817e-01 -4.7084297232e-01 -5.0351058727e-01 -4.7839616964e-01 -2.2096080545e+00  2.4261115264e+00  7.0901357003e-01 -3.1873900937e+00  1.6331242871e+00  1.9666466428e+00 -1.4218833957e+00  1.8368525636e+00  2.1926987486e+00 -1.0980432434e+00 -4.6394944016e+00  4.4784790752e+00 -2.3667112600e+00 -3.9503519518e+00  5.2475170812e+00
ENERGY -4.613348093806e+02
GRADIENT -5.6163708236e-03 -1.8437534780e-04 -6.9242433956e-04 -2.4698189691e-06  9.5575903574e-06  1.0282362095e-04 -3.4434744439e-05  4.3444943223e-05  2.1010695881e-04  8.4803340153e-06 -2.0207491479e-04 -2.9689711487e-05  8.7052487789e-03  1.2554365226e-03  2.7122502827e-03 -1.2434497987e-05  1.3574064824e-04 -1.3455541151e-04  7.7667577573e-06  1.1557201057e-05  3.3693662990e-06 -7.4552825015e-06  1.1919767672e-05 -7.9644475617e-07  7.3021921599e-06  2.2962803677e-05 -3.6680557649e-05 -4.1234800536e-03 -5.2738066301e-03 -8.0435806086e-03  3.8903226253e-06  4.9470896892e-05 -3.5618410194e-05 -1.3951338539e-06 -1.7350021543e-05  3.4990901584e-06 -4.6468457814e-06 -9.4498640654e-06  6.9016431551e-06  4.5477681249e-06  1.0955206747e-05  2.5873245162e-05  1.5908158064e-05 -4.3382463893e-05 -4.3633054773e-06 -4.7904510437e-06  1.1357160160e-06 -4.0573212797e-07  4.8584969080e-06 -2.3731575544e-08 -1.8471106218e-06  1.1859585651e-06 -2.0808849620e-06  2.0049326104e-06  2.3676792317e-06  3.1071167814e-06  1.6129438311e-06 -2.2703236061e-07 -2.4166747657e-06  2.4052221915e-06 -2.3690049710e-06  1.7335072731e-06 -3.7481612528e-06 -1.1494398026e-06  3.5040702402e-06  1.2693881555e-06  1.5631587770e-06  7.0523070369e-06 -6.4666443454e-06 -2.8278773834e-08  9.5909590852e-06 -1.2073998325e-05  1.0826926985e-03  4.2506713113e-03  5.9813477209e-03 -1.9721361133e-05 -7.6389442469e-05 -4.0827865770e-05

JOB 17
COORDS -1.7256464298e+00 -3.2093883414e+00  2.1089934513e+00 -2.1209631440e+00 -1.7478871094e+00  3.9843815202e+00 -1.7323826520e+00 -2.1166113934e+00  1.2494217909e+00 -2.1557535049e+00 -6.4441766391e-01  3.1265643779e+00 -1.8904143461e+00 -3.0424508524e+00  3.4964883115e+00 -1.9504492545e+00 -8.3098123780e-01  1.7605662327e+00 -3.0924968517e+00  1.2856683834e-01 -2.1122597911e-01 -6.4760909864e-01  4.1611695809e-01  6.9391980155e-02 -2.2091067705e+00  1.6496392556e+00  1.4794911756e+00 -1.9607040380e+00 -4.2036983616e+00  4.3122301671e+00 -1.9755859875e+00  3.2721075054e-01  7.9374933364e-01 -1.6012295298e+00 -4.2125075129e+00  1.7132777112e+00 -2.2739495694e+00 -1.5901213902e+00  5.0487098862e+00 -1.5969145094e+00 -2.2967266334e+00  1.8768688966e-01 -2.3352386590e+00  3.3105105683e-01  3.5601293653e+00 -3.1108297814e+00  9.8357390788e-01 -8.8804166345e-01 -2.9147462921e+00 -7.8523983410e-01 -7.7298933363e-01 -4.0324285481e+00  4.9079351673e-02  3.3368138931e-01 -6.7655607540e-01  1.2672965274e+00 -6.1182973243e-01  1.3901439573e-01  5.4473998973e-01  8.1199153594e-01 -4.7888068410e-01 -5.0069349234e-01 -4.9011872609e-01 -2.2044672481e+00  2.4283793780e+00  7.1756152487e-01 -3.1764533386e+00  1.6339105435e+00  1.9786515628e+00 -1.4090581032e+00  1.8332862387e+00  2.1947246709e+00 -1.0408542859e+00 -4.4966622320e+00  4.6410459433e+00 -2.5071534176e+00 -4.0134340360e+00  5.1510570943e+00
ENERGY -4.613313618442e+02
GRADIENT -5.3660899603e-03 -1.8024125176e-04 -6.4765684755e-04 -1.5041610355e-05 -1.0230362052e-05  1.2174315593e-04 -3.8545081507e-06 -1.5179833009e-05  3.2134464112e-05  1.7088640251e-05 -6.0261250357e-05 -7.2227529870e-05  7.7253944859e-03  1.4116354307e-03  2.4433994145e-03 -3.0016552965e-06  3.2629211633e-05 -6.4286293922e-06 -2.6772603188e-06  1.6311901828e-06 -4.0279320352e-06  7.2188300077e-06  5.8128984919e-06 -1.2674085930e-05  1.9040364809e-06 -1.5515787806e-05  1.4538434181e-05 -1.6481827359e-03 -5.3933497975e-03 -7.6630575975e-03 -9.4088149505e-07  6.2468087638e-06 -1.4160951390e-06  1.7905972682e-06 -3.4052735016e-06 -9.0745641854e-06 -2.3614320490e-06  9.2117167272e-06  1.2668403690e-05 -7.5163449347e-07 -7.8077162151e-06  1.3614707035e-05 -1.6993048129e-06  1.0922164493e-05 -1.9753518799e-06  1.9014315964e-06  2.7189763140e-07 -1.7534154463e-06 -8.8466364328e-06  7.8658415524e-06  1.9588974787e-06 -1.0472275474e-06  3.4401142695e-06 -8.8393647263e-07  1.6279916673e-06 -1.4362372423e-06 -2.8256812656e-06  9.6941306310e-07  3.7508390357e-06 -1.8657471790e-06  7.0597559850e-06  1.1347370461e-05  3.7248339582e-06  1.5160502374e-06  5.0906965551e-07  4.3101314139e-07 -3.1641125360e-06 -4.8644416770e-06  4.7982257161e-06  2.1970652059e-06 -5.7166029258e-06  7.2240005206e-06 -7.2292548544e-04  4.1450767177e-03  5.7601294390e-03  2.4231180891e-05  7.0568433395e-05  7.9979339537e-06

JOB 18
COORDS -1.7773871344e+00 -3.1927817564e+00  2.2361074871e+00 -2.1341962891e+00 -1.6563036473e+00  4.0604130312e+00 -1.7923484498e+00 -2.1307833938e+00  1.3360818220e+00 -2.1222765666e+00 -5.8376275057e-01  3.1696644369e+00 -1.9762967781e+00 -2.9785978790e+00  3.6132773526e+00 -1.9613161529e+00 -8.2328953898e-01  1.8031260496e+00 -3.1008174615e+00  9.8302898787e-02 -1.8768635519e-01 -6.4712919332e-01  3.3371298647e-01  5.6006580234e-02 -2.1613757882e+00  1.6516084503e+00  1.4411471107e+00 -1.9869433431e+00 -4.0250432957e+00  4.5587532100e+00 -1.9677259628e+00  3.0156280080e-01  7.9772806734e-01 -1.6198855803e+00 -4.2006772954e+00  1.8615925779e+00 -2.2891127871e+00 -1.4737887008e+00  5.1194054198e+00 -1.6468069998e+00 -2.3491154051e+00  2.8278989746e-01 -2.2568780442e+00  4.1160390380e-01  3.5732281312e+00 -3.1050637153e+00  9.2948652562e-01 -8.9387241610e-01 -2.9532253235e+00 -8.3897393250e-01 -7.1871867621e-01 -4.0360758688e+00  6.2255742554e-02  3.6974090183e-01 -6.6247732131e-01  1.1628287801e+00 -6.5240565422e-01  1.5131532147e-01  4.6594921221e-01  7.8518603268e-01 -5.0831040258e-01 -6.0459829060e-01 -4.7555078491e-01 -2.1551132801e+00  2.4033298057e+00  6.5254361067e-01 -3.1191174023e+00  1.6728064236e+00  1.9583186457e+00 -1.3446016776e+00  1.8433757285e+00  2.1349362479e+00 -1.1352388090e+00 -4.0622518472e+00  5.1151225152e+00 -2.0899259499e+00 -4.9332860582e+00  4.1111365994e+00
ENERGY -4.613340249318e+02
GRADIENT  5.5215070126e-03  8.5017751804e-04  7.5844266922e-04  4.6558621371e-05  1.7075732131e-06 -2.2875936255e-04 -5.2748967711e-06 -4.0498089487e-05 -2.4978313744e-05 -1.1440354349e-05 -9.7814015544e-06  3.3033565307e-05 -7.7242613672e-03 -2.2662256365e-03 -2.3571407072e-03  7.8392433331e-06  6.5823842671e-05 -4.6842952923e-05 -2.1033100312e-06  1.4781340552e-05 -1.3473494842e-05 -6.0872650720e-06  1.6843320050e-05  7.3347677660e-07 -1.3466911812e-05  1.7801399947e-05 -1.9133050141e-05 -9.5272623635e-04  5.7639317960e-03  6.7584019899e-03  1.0147007523e-05 -2.0793998399e-06 -6.9061081555e-06 -3.5425421037e-06  1.3437085235e-05  2.5145335950e-05  4.2080812920e-06 -2.7301238808e-05 -2.2181930465e-05  4.9479765919e-06  2.6635775575e-05 -1.0606321810e-05  8.0852716977e-06 -1.5093440110e-05 -9.2259339326e-06  5.6854870236e-06 -9.1907640578e-07  3.9136136661e-07 -3.0213540054e-07 -5.6841731070e-06  5.9758712515e-06 -4.0285474109e-07  4.8713605753e-06  1.8536995522e-06  1.4525779239e-06 -2.4212160776e-06 -3.6888608394e-06 -2.8076404209e-07  3.8980104277e-06 -1.0929316001e-06  5.3577114449e-07 -3.2857877926e-07  1.4949901267e-06 -4.5030353871e-06  1.3123061574e-06  1.7917832529e-06  7.3459822181e-06  3.4450329285e-06 -1.7045301926e-06  2.2600796798e-06  1.0768182213e-05 -1.1311814417e-05  3.0217721163e-03 -4.3738450753e-03 -4.8006000967e-03  8.6896829321e-05 -4.6499283472e-05 -4.0061890908e-05

JOB 19
COORDS -1.7824315935e+00 -3.1988892528e+00  2.2232657954e+00 -2.1261182223e+00 -1.6639403329e+00  4.0554172299e+00 -1.7977175273e+00 -2.1341065090e+00  1.3283861173e+00 -2.1158604225e+00 -5.9154460528e-01  3.1666279717e+00 -1.9721619107e+00 -2.9875126805e+00  3.6035944612e+00 -1.9612460899e+00 -8.2649762162e-01  1.7979020037e+00 -3.1049583138e+00  1.0415276531e-01 -1.8615928796e-01 -6.5027097008e-01  3.3115096015e-01  4.8831432248e-02 -2.1547502276e+00  1.6486536106e+00  1.4443245276e+00 -1.9978998999e+00 -4.0396421090e+00  4.5251577466e+00 -1.9678110439e+00  3.0039685982e-01  7.9582527914e-01 -1.6311193412e+00 -4.2060532204e+00  1.8443379469e+00 -2.2753189101e+00 -1.4780781778e+00  5.1148989167e+00 -1.6574993068e+00 -2.3511876622e+00  2.7407170639e-01 -2.2455618004e+00  4.0301306446e-01  3.5739591152e+00 -3.1089495467e+00  9.3697239576e-01 -8.9050671279e-01 -2.9625952278e+00 -8.3239069545e-01 -7.1995289161e-01 -4.0382836534e+00  6.9762017755e-02  3.7456212764e-01 -6.6597949937e-01  1.1617775912e+00 -6.5789559043e-01  1.5132787355e-01  4.5939839255e-01  7.7523306528e-01 -5.1605486034e-01 -6.0647876340e-01 -4.8514363678e-01 -2.1490036617e+00  2.4032796450e+00  6.5847349934e-01 -3.1104797361e+00  1.6709439904e+00  1.9651995342e+00 -1.3348780767e+00  1.8352213491e+00  2.1358844802e+00 -1.2797672237e+00 -3.9818489796e+00  5.2419838319e+00 -1.9400480372e+00 -4.9533361620e+00  4.0840124310e+00
ENERGY -4.613372229923e+02
GRADIENT  5.0166676158e-03  3.9912710014e-04  6.2704168159e-04  3.3776225829e-06 -3.5076034007e-05 -2.6008730232e-07  4.0388323330e-06 -1.0894835843e-05 -2.9617575514e-05 -9.1704574810e-06  5.8074715074e-05  7.3142746698e-06 -6.4523856631e-03 -1.6200963063e-03 -2.1477356696e-03  1.1414371645e-07 -2.8665650276e-05  3.0885324955e-05 -3.2060459606e-06  1.0031284608e-06 -6.4414141325e-06  1.0303474223e-06  2.1866360196e-07  3.1116859863e-06 -3.0473683039e-06 -3.6153246624e-06  1.0517814730e-05 -2.7561208667e-03  4.6113175078e-03  5.3841009366e-03  2.8587904378e-06 -1.3326043258e-05  1.2799873464e-05  1.7110647290e-07  1.1876893540e-06 -2.7916026267e-06  2.2965447451e-06  6.0199627250e-06 -3.3545613559e-06  1.8077181418e-06 -3.0869341330e-06 -3.5518718584e-06  7.1134404361e-07  1.1316687605e-05  1.9612626140e-06  2.4443541416e-06 -5.1231069776e-07 -5.6240582832e-07 -1.7872157552e-06 -6.3339229938e-07  2.5941079896e-06 -2.4474270398e-07  3.1491246099e-06 -5.6680231129e-08 -1.4457145282e-06 -2.5063816768e-07 -5.6836612727e-07  9.7979304896e-08  2.4047908615e-06  4.4544828489e-07  1.0634690389e-06 -7.3193881856e-07  1.6743813739e-06 -2.7159656523e-06 -7.4278140481e-07 -2.8814551625e-07  1.0412718127e-06 -3.0179638596e-06  5.1794945448e-06  2.2652488957e-06 -3.2870850762e-07  1.1923765121e-06  4.1163841789e-03 -3.3917757238e-03 -3.8422789253e-03  6.8807482165e-05  2.2438100978e-05 -5.2989433375e-05

JOB 20
COORDS -1.7826802643e+00 -3.2032578841e+00  2.2093814557e+00 -2.1116678325e+00 -1.6728825510e+00  4.0504865333e+00 -1.7987496923e+00 -2.1351639157e+00  1.3206135656e+00 -2.1080331644e+00 -5.9945715612e-01  3.1642125115e+00 -1.9592343494e+00 -2.9968968779e+00  3.5939705361e+00 -1.9593580816e+00 -8.2774926811e-01  1.7934856618e+00 -3.1092922417e+00  1.1092498734e-01 -1.8303963079e-01 -6.5398258581e-01  3.3383043731e-01  4.2910327918e-02 -2.1508209508e+00  1.6477871467e+00  1.4493550799e+00 -1.9951583397e+00 -4.0554422335e+00  4.4918120549e+00 -1.9683136350e+00  3.0185765293e-01  7.9534059005e-01 -1.6399938512e+00 -4.2095447038e+00  1.8249473723e+00 -2.2511336480e+00 -1.4851457123e+00  5.1111899045e+00 -1.6658110582e+00 -2.3499867056e+00  2.6485634823e-01 -2.2343434227e+00  3.9354452686e-01  3.5764964236e+00 -3.1149031901e+00  9.4591276709e-01 -8.8488308002e-01 -2.9703120414e+00 -8.2413806372e-01 -7.2036401980e-01 -4.0404709695e+00  7.5826629597e-02  3.8115964189e-01 -6.7134673001e-01  1.1666640857e+00 -6.6126297652e-01  1.5069375017e-01  4.5849287545e-01  7.6650538077e-01 -5.2315797676e-01 -6.0237581599e-01 -4.9443339193e-01 -2.1467594221e+00  2.4055786439e+00  6.6652758386e-01 -3.1045955207e+00  1.6694313274e+00  1.9738563778e+00 -1.3282231149e+00  1.8303310286e+00  2.1387526460e+00 -1.4504679127e+00 -3.9318448065e+00  5.3388451785e+00 -1.8091964771e+00 -4.9647759369e+00  4.0817816959e+00
ENERGY -4.613398834255e+02
GRADIENT  3.7887255873e-03  2.5490375579e-04  4.5464222106e-04 -4.6329701820e-06  3.7045373270e-05 -7.8702947306e-06 -3.3274195977e-06  2.4713001458e-05  1.9440818052e-05  7.6140503665e-06 -3.3297842205e-05  1.1126385014e-05 -4.6188836423e-03 -1.0828872734e-03 -1.3745115506e-03  6.7245763433e-07  5.3097015855e-06 -2.7126308313e-05  3.5297003520e-06 -2.0497140583e-06  6.8965214331e-06  1.3695284706e-07 -1.0776471668e-07 -1.0476680746e-06  2.3061939195e-06  2.3402472918e-06 -6.0694658282e-06 -2.9960394956e-03  2.8956018173e-03  3.1207620159e-03 -4.5047547584e-06  1.2653354103e-05 -7.8807391667e-06  1.6002342324e-06 -2.6658114380e-08 -1.8352148456e-06 -2.3188056567e-06 -6.0118866628e-06  1.8684262255e-06 -1.9262107914e-06  5.1783315969e-07  2.2837048282e-06 -2.1938175652e-06 -5.4061868112e-06 -2.0156826618e-06 -1.7181153074e-06  1.9297398314e-06  1.1717509095e-06  1.6454088452e-06  1.4707754066e-06 -2.5338256841e-06 -1.6103011633e-07 -1.5982159282e-06  4.4134563072e-07  1.7069389005e-06  2.7608048196e-06  2.0709460880e-06  1.1083446249e-07 -2.1867683066e-06  5.2281160217e-07 -1.3585953363e-06  2.1487435741e-06 -2.2589119620e-06  1.9142134342e-06  1.4480498852e-06  1.4762064899e-06 -1.7286267537e-06  2.2318382069e-06 -2.4033843046e-06 -2.0232313778e-06  3.5599521295e-07  9.5241352649e-07  3.9110156563e-03 -2.0786245732e-03 -2.2216001013e-03 -7.6601499553e-05 -2.5279347061e-05  3.6161106008e-05

JOB 21
COORDS -1.7811504877e+00 -3.2066402141e+00  2.1966691054e+00 -2.0932216325e+00 -1.6803730620e+00  4.0462625419e+00 -1.7975678020e+00 -2.1356868379e+00  1.3134252199e+00 -2.0996765176e+00 -6.0564594993e-01  3.1620955918e+00 -1.9403038149e+00 -3.0040192563e+00  3.5855712165e+00 -1.9564478568e+00 -8.2854891276e-01  1.7900330570e+00 -3.1133641688e+00  1.1617080890e-01 -1.7969968782e-01 -6.5762276793e-01  3.3770040396e-01  3.8039449428e-02 -2.1488256942e+00  1.6471256331e+00  1.4542580901e+00 -1.9819333281e+00 -4.0680890929e+00  4.4642198136e+00 -1.9690414227e+00  3.0344705721e-01  7.9533965341e-01 -1.6506884125e+00 -4.2126537986e+00  1.8074128543e+00 -2.2200144049e+00 -1.4916307394e+00  5.1085585772e+00 -1.6746238344e+00 -2.3483133474e+00  2.5597638245e-01 -2.2236946087e+00  3.8592362133e-01  3.5786233818e+00 -3.1206270490e+00  9.5265216957e-01 -8.7980003860e-01 -2.9771731546e+00 -8.1780614870e-01 -7.1963270248e-01 -4.0426235293e+00  8.0568431232e-02  3.8759571482e-01 -6.7737246851e-01  1.1723559823e+00 -6.6398300980e-01  1.4967807958e-01  4.6017729876e-01  7.5906594062e-01 -5.2888195207e-01 -5.9723727978e-01 -5.0205103243e-01 -2.1477892640e+00  2.4076143561e+00  6.7402382057e-01 -3.1004932876e+00  1.6670191587e+00  1.9826598352e+00 -1.3235278333e+00  1.8271928344e+00  2.1410837130e+00 -1.6360477677e+00 -3.9028428006e+00  5.4021599682e+00 -1.6886653291e+00 -4.9665792398e+00  4.0988072938e+00
ENERGY -4.613416253428e+02
GRADIENT  1.9528757620e-03  9.5770703403e-05  2.8547091048e-04 -7.6219383061e-06  3.2572671917e-05 -2.0908472590e-05  7.1797971888e-06  4.7930033120e-05 -3.6798339099e-05  1.1063402339e-05  1.2180029864e-05  4.6863545672e-05 -2.1697145269e-03 -3.9398581875e-04 -6.5897700350e-04 -6.9098744282e-07 -5.8074605615e-05 -1.2156992476e-05  4.1831993293e-06 -5.8024509030e-06  3.4933182107e-06  4.3795560430e-06 -2.8209847084e-06  2.2425284616e-06  1.4554072684e-06 -2.9244948149e-06  2.6802319767e-06 -2.2596880794e-03  1.0189419478e-03  1.1571006230e-03 -6.8591958033e-06  6.9563538306e-06  1.3706993927e-06  2.3467131608e-06  7.0176997595e-06 -8.0584580268e-06 -1.0901640301e-06 -7.8323747853e-06 -2.9461541231e-07 -3.1297790045e-06 -6.9650840078e-06 -2.0265444225e-06 -5.8835434612e-06  5.7653681172e-06 -3.0150269677e-06 -2.3275366607e-06  1.0225960850e-06 -3.3746922485e-08 -4.3869456895e-07  5.3955952005e-06 -3.0107235671e-06  2.0681311327e-07 -6.5312275205e-07 -5.5446719084e-07  1.0774712309e-06  4.3753057036e-06  3.8598491857e-06 -9.5087850824e-08 -3.4713940190e-06  1.0159938929e-06 -2.4644703715e-06  1.5209853537e-06 -2.6202249797e-06  1.6337189364e-06 -5.6035835336e-07 -2.8573731249e-07 -2.8412653595e-06 -7.3308627454e-07  5.5196277057e-08 -1.5261168791e-06 -2.5905772094e-06  2.4343833242e-06  2.4572677927e-03 -7.4063666449e-04 -7.6878254495e-04  2.1509750400e-05 -1.1983212987e-05  6.7112044500e-06

JOB 22
COORDS -1.7748798884e+00 -3.2075003702e+00  2.1891482143e+00 -2.0723281793e+00 -1.6792155985e+00  4.0414378712e+00 -1.7931470150e+00 -2.1368770151e+00  1.3073251744e+00 -2.0906727562e+00 -6.0622630893e-01  3.1554518593e+00 -1.9164555802e+00 -3.0037541757e+00  3.5815468095e+00 -1.9520415904e+00 -8.2857093711e-01  1.7830739720e+00 -3.1174344236e+00  1.1295698469e-01 -1.8341751608e-01 -6.6156572397e-01  3.3742803127e-01  2.5209045053e-02 -2.1489551838e+00  1.6460421379e+00  1.4458113297e+00 -1.9517062933e+00 -4.0667870899e+00  4.4501913154e+00 -1.9700269196e+00  3.0212627905e-01  7.8747220961e-01 -1.6554718604e+00 -4.2145752350e+00  1.7993632307e+00 -2.1862093505e+00 -1.4871033762e+00  5.1046793499e+00 -1.6808391982e+00 -2.3506295869e+00  2.4887697028e-01 -2.2143658955e+00  3.8521480462e-01  3.5724580517e+00 -3.1272253729e+00  9.4792712167e-01 -8.8532574716e-01 -2.9829501587e+00 -8.2211576618e-01 -7.2189088595e-01 -4.0447519321e+00  7.8307125617e-02  3.8708756731e-01 -6.8516112314e-01  1.1706892493e+00 -6.7840655974e-01  1.4813508941e-01  4.6241637365e-01  7.4309734730e-01 -5.3327915365e-01 -5.9847634772e-01 -5.1334862800e-01 -2.1522368432e+00  2.4059584448e+00  6.6500853366e-01 -3.0984020278e+00  1.6650071960e+00  1.9782153993e+00 -1.3210925395e+00  1.8277622870e+00  2.1291116443e+00 -1.8226021128e+00 -3.8914638970e+00  5.4381871480e+00 -1.6131560946e+00 -4.9655860063e+00  4.1324017835e+00
ENERGY -4.613422287427e+02
GRADIENT  4.2156491259e-05 -1.9673416206e-06  4.6209234872e-06 -1.6871127587e-06  7.4406309716e-06  1.3473206636e-05 -7.3442402814e-06  1.2416816285e-05  2.1530696707e-05  1.6009848630e-05 -3.4769377372e-05  1.2856696646e-05 -3.9179703559e-05 -1.7186907044e-05 -8.7069383634e-06 -1.2621064140e-05  1.5867572977e-05 -2.8890667764e-05  7.4626027792e-06  2.4167952670e-06  7.0150895969e-07 -4.8205486120e-07  6.6811918860e-06  5.6405814929e-06 -7.9149299172e-06  1.0234121350e-05 -1.1390491934e-05 -6.2251557900e-05  1.7544180210e-05  1.2457743135e-05  3.6482203163e-06  4.1337894082e-06 -4.5540489093e-06  7.6141882861e-07 -4.6882659110e-07 -1.6179085997e-07  6.9870234333e-07 -3.7786265964e-06  2.2189786973e-06  2.9630208584e-07  4.7908943775e-06 -2.0863839585e-06 -4.3055388803e-08 -2.0401155111e-05  3.0561280472e-06  1.3873412184e-06 -4.5584111900e-07 -3.4781422933e-07  1.9934185415e-06 -2.8148882677e-06  8.9459840474e-07  2.2420704195e-08  2.1846882508e-06  1.2285618757e-06  3.8779375958e-08  1.6333810511e-06  1.1939017796e-06 -5.1902780441e-07 -6.6456805117e-07  1.2630413293e-06 -3.3191763025e-06 -5.5739905727e-06  4.4085209800e-07 -1.2420726445e-06  7.8849587052e-07  7.7720382305e-08  2.7612484755e-06  1.7206122828e-06 -1.0424494116e-06 -1.2846458034e-07  5.8981501330e-06 -7.6650854691e-06  5.9363229453e-05 -9.2488498662e-06 -8.9337287630e-06  2.6043207587e-06  1.7412305797e-06 -1.9551657051e-06

JOB 23
COORDS -1.7459065957e+00 -3.2048295504e+00  2.1890886131e+00 -2.0475926947e+00 -1.6774159945e+00  4.0438236128e+00 -1.7770939968e+00 -2.1343397860e+00  1.3083691612e+00 -2.0784470265e+00 -6.0593766404e-01  3.1572928925e+00 -1.8808090798e+00 -3.0021565374e+00  3.5837818151e+00 -1.9432072821e+00 -8.2660105985e-01  1.7840547540e+00 -3.1231770842e+00  1.1064160248e-01 -1.7621298819e-01 -6.6762015445e-01  3.4609683954e-01  1.9824589702e-02 -2.1530121563e+00  1.6464206106e+00  1.4493895505e+00 -1.8503607644e+00 -4.0547436776e+00  4.4527159924e+00 -1.9718670427e+00  3.0398893975e-01  7.8898408417e-01 -1.6162003070e+00 -4.2104095748e+00  1.7988893898e+00 -2.1542136898e+00 -1.4851840988e+00  5.1077328335e+00 -1.6691751846e+00 -2.3476100288e+00  2.4932238915e-01 -2.2090857304e+00  3.8453459521e-01  3.5746692231e+00 -3.1399062689e+00  9.4540429679e-01 -8.7830894481e-01 -2.9877202502e+00 -8.2406619619e-01 -7.1511876446e-01 -4.0474681130e+00  7.2369764969e-02  3.9893616314e-01 -6.9892608055e-01  1.1793292492e+00 -6.8356686630e-01  1.4513284074e-01  4.7478460541e-01  7.3358478747e-01 -5.3735999733e-01 -5.8903914798e-01 -5.1954179810e-01 -2.1620692112e+00  2.4073146302e+00  6.6956998119e-01 -3.1004234204e+00  1.6613644156e+00  1.9855422041e+00 -1.3232186193e+00  1.8300485063e+00  2.1298479941e+00 -1.9460437237e+00 -3.9165684613e+00  5.4484922510e+00 -1.7306462529e+00 -5.0026206862e+00  4.1257873514e+00
ENERGY -4.613419943488e+02
GRADIENT  7.0416546767e-06  1.0884921399e-06 -1.5967583014e-05  3.6682962897e-06 -3.6147349516e-06 -7.8570011349e-08  6.1404819081e-06 -2.4557058804e-05  3.1766639661e-05 -2.3543111756e-05 -1.8064078943e-05 -4.4295883709e-05 -9.3931020615e-07 -4.3621330870e-05  3.5152996011e-05  1.7624441246e-05  3.4016915342e-05 -7.3033179121e-07 -1.0848151724e-05  6.6155293354e-06 -6.6152996922e-06 -2.9513344063e-07 -1.6391590310e-06 -1.2130274488e-05  1.2827488939e-05 -1.6844640944e-05  1.5132465117e-05  3.1761323617e-06  3.3984108057e-05 -1.8320145011e-05 -4.9463809541e-06  6.2973227460e-06  5.1444299217e-07 -5.2953729868e-06 -2.5053558810e-06  4.0700057161e-06  1.5301104900e-08 -2.6129016660e-06 -1.2016029458e-06 -7.7531776782e-07 -4.2757606328e-06  1.3897684166e-05  4.0082221194e-06  2.6780315394e-05 -9.1427079687e-06 -2.5830301152e-06  4.5590262601e-07 -7.6555237452e-07 -8.0804885694e-06  8.5542652556e-06  1.1538094021e-06 -6.2769413218e-07 -7.2188241872e-07 -6.2882593847e-07  3.4355821811e-07 -2.0380718532e-06 -2.4800162400e-06  1.0728327644e-06  3.0909070522e-06 -6.9223091911e-07  8.7168643596e-06  1.4373363153e-05  1.5893947552e-06 -6.1686126175e-07 -2.3973185032e-07  2.2184205304e-06 -3.9789461307e-06 -4.2901170558e-06  5.7340049324e-06  2.6796248058e-06 -9.0400494365e-06  1.2616262247e-05 -2.4970210271e-06 -1.1177967358e-05 -1.0987666009e-05 -1.3895555903e-11  9.6926716070e-06  6.7533171605e-06

