JOB 0
COORDS  1.3048060378e+00 -7.4236207703e-01 -6.9823605015e+00  5.6736042791e-01  1.5803019236e+00 -3.6030678137e+00  2.0879021124e+00  2.4010307274e-01 -4.8882942814e+00 -3.8448023815e-01  1.3367065314e+00 -4.5942990504e+00  1.0543142787e+00  6.7709461883e-02 -5.8070208711e+00  1.8572862572e+00  1.0267585453e+00 -3.7386657580e+00  3.6817350284e+00  2.3516825486e+00  7.4011222280e-01  3.9002010538e+00  1.7840207596e+00 -6.6568983317e-01  2.6113930738e+00  1.7647686336e+00 -1.4869775696e+00  1.5450875544e+00 -1.3997088474e+00 -7.9128822984e+00 -1.7940478277e-01  5.9789373443e-01 -5.6905118811e+00  2.8629818434e+00  1.2430098008e+00 -2.8271803523e+00  3.0165949202e-01  2.1900954305e+00 -2.7470613669e+00  3.0546250561e+00 -2.2331382115e-01 -5.0651869445e+00 -1.3806442988e+00  1.7645779076e+00 -4.4927904979e+00  3.3165844142e+00  3.3836828302e+00  6.9780986105e-01  2.9485387468e+00  1.7596007704e+00  1.2987029178e+00  4.6149289522e+00  2.3518922402e+00  1.3111870658e+00  4.2958498000e+00  7.6211204748e-01 -5.9089097114e-01  4.6524695465e+00  2.3779110849e+00 -1.1981262248e+00  1.8455110530e+00  1.1653473822e+00 -9.7060430350e-01  2.2206122638e+00  2.7859748951e+00 -1.5701309088e+00  3.6550518126e+00  6.1649814251e-01 -2.9035738151e+00
ENERGY -5.139098654004e+02
GRADIENT -7.6217450710e-06 -4.0363406288e-06  9.0449612219e-06  2.3817765685e-05 -9.2529243594e-06  7.8227624692e-06 -2.4440576130e-04 -5.0652988781e-04  2.5922131326e-04  2.6888711849e-05 -4.8940986071e-05 -7.3272042203e-05  3.8911248172e-05 -1.9137986635e-05  1.0788620946e-05  2.5424656298e-04  4.6581107432e-04 -2.8832606897e-04  2.3380355173e-06  5.8861839365e-06 -1.6563369971e-06  1.9172667922e-06  3.0430966425e-05 -1.6468663982e-05 -4.2661506443e-05 -5.2720082136e-04  1.9711801615e-04 -5.4547671537e-06 -6.7520983778e-06  2.6504195768e-06 -5.2634945412e-05  3.4126260341e-05  2.2163853588e-05  2.7282786288e-05  6.2446913384e-04 -1.5570147686e-04 -1.6472968178e-07  1.2145742419e-06 -8.8231030135e-06  1.1507093165e-06  1.1552049548e-05  6.4530120905e-06  2.2573667152e-07 -4.2453551489e-06  2.2752105963e-06  3.6297171895e-06  2.4799443081e-06 -2.3635027967e-06 -8.2409610192e-07  4.2178104636e-06 -1.1554138135e-06  8.4848307028e-07 -6.2850162481e-07 -4.2116797250e-07 -6.3709635733e-06 -6.1942576779e-06  1.1728933996e-05  3.3328043138e-06 -1.7155089771e-05 -8.0346593475e-06  9.5627957258e-06 -2.0999183411e-05  5.8037349626e-06 -2.4145518049e-05 -2.1925166614e-05  1.5622640496e-05 -2.6839633467e-05 -3.7941500278e-05 -3.0845140717e-07

JOB 1
COORDS  1.3236912008e+00 -8.9658727403e-01 -6.8841914369e+00  6.0679010469e-01  1.7063495989e+00 -3.7115873847e+00  2.1198706263e+00  2.6280910530e-01 -4.8861629787e+00 -3.5264074287e-01  1.3772712822e+00 -4.6695407647e+00  1.0810112795e+00  1.4180065022e-02 -5.7833565890e+00  1.8985718636e+00  1.1519590876e+00 -3.8141413792e+00  3.6337472948e+00  2.1944336659e+00  7.6463068129e-01  3.8967286525e+00  1.8190754709e+00 -6.9704609459e-01  2.6125829071e+00  1.7855345816e+00 -1.5247359308e+00  1.5584621591e+00 -1.6335320709e+00 -7.7545357334e+00 -1.5171814688e-01  5.5031289031e-01 -5.7025850226e+00  2.9084061325e+00  1.4446735251e+00 -2.9192361684e+00  3.4854280677e-01  2.3871426676e+00 -2.9079934908e+00  3.0830319601e+00 -2.2104536635e-01 -5.0240503279e+00 -1.3498567227e+00  1.8082379841e+00 -4.5968175095e+00  3.1802184012e+00  3.1886387080e+00  8.4251405255e-01  2.9563360429e+00  1.4789821920e+00  1.2436003571e+00  4.5650862521e+00  2.2076455540e+00  1.3386457640e+00  4.3807002151e+00  8.3388583215e-01 -7.4069484668e-01  4.5926689524e+00  2.5346625146e+00 -1.1503160671e+00  1.8996172686e+00  1.0679307278e+00 -1.0906112541e+00  2.1394907579e+00  2.7734621609e+00 -1.4909530859e+00  3.7168453032e+00  8.3988148164e-01 -3.0157681129e+00
ENERGY -5.139088775598e+02
GRADIENT  3.6085506050e-05  5.4547305152e-06  2.2526672824e-05 -8.5464202737e-05  1.4799256177e-05 -5.5937877407e-06 -7.6294289444e-04 -2.1089366903e-03  1.6344192557e-03  8.7729899863e-05 -1.6445160041e-05  3.3153280850e-05 -1.1238406298e-04  1.4964652531e-05  1.5428294420e-05  1.2292862755e-03  1.9223131094e-03 -2.1495735433e-03  3.0478619177e-06 -2.4758029468e-06  1.3786238247e-05 -6.6989948801e-06 -3.1859832644e-05 -6.5510909685e-06  2.3356084943e-04 -2.6587135992e-03  6.4504222964e-04 -1.8291845521e-05 -8.5208539132e-06  5.2325579941e-06  1.0859363760e-06 -2.8833217395e-05 -4.4898897086e-05 -7.4996415105e-04  2.7227618430e-03 -1.9738659405e-04  5.7874519974e-06  4.4141951521e-06  1.5391807917e-05 -1.8338787457e-06 -3.6215790827e-05  2.6175465293e-06  3.4636501679e-06 -1.4610965963e-05 -5.2128729354e-06  4.8895294891e-06  7.1539589535e-06 -1.1501539866e-06  1.3141715047e-06  6.3404603316e-06 -1.6786257012e-06  3.1049335940e-06  5.5502253753e-06  3.7602142854e-06 -1.1567522760e-06  2.4539698601e-05 -2.4769054802e-05 -1.7621607711e-05  1.7035423820e-05  7.6531393484e-06  1.2456205084e-05  1.9599002001e-05  4.5428835448e-06  3.3624123797e-05  2.0525109944e-05 -6.1349479383e-05  9.1045941130e-05  1.0183370183e-04  1.2400238761e-04

JOB 2
COORDS  1.2568828903e+00 -1.0536180299e+00 -6.7217965513e+00  6.3417768149e-01  1.8402462974e+00 -3.7913803176e+00  2.0911576305e+00  2.4109816893e-01 -4.8221087064e+00 -3.3636980427e-01  1.4664949907e+00 -4.7205612117e+00  1.0470368566e+00 -4.1674080486e-02 -5.7060248901e+00  1.9027417466e+00  1.2302040191e+00 -3.8377976126e+00  3.6347488734e+00  2.1004970595e+00  7.7594805220e-01  3.9053385263e+00  1.9064138751e+00 -7.1939683241e-01  2.6171929066e+00  1.7203112144e+00 -1.5197922217e+00  1.4670176958e+00 -1.8726715758e+00 -7.5222167379e+00 -1.6262017205e-01  5.4619898364e-01 -5.6779128858e+00  2.9191637982e+00  1.5644764568e+00 -2.9517268689e+00  4.0576345662e-01  2.6033808313e+00 -3.0550236216e+00  3.0329699743e+00 -2.9428135173e-01 -4.9070596492e+00 -1.3159698416e+00  1.9406497961e+00 -4.6931602838e+00  3.0204935312e+00  2.9898740905e+00  9.5496264631e-01  3.1076113850e+00  1.2391084540e+00  1.2007696650e+00  4.5700495355e+00  2.2251933755e+00  1.3298876465e+00  4.5509688046e+00  1.0290792775e+00 -8.6290390912e-01  4.4502202138e+00  2.7681865573e+00 -1.1214095407e+00  2.0555093732e+00  8.5234101761e-01 -1.1416631765e+00  1.9818544648e+00  2.6012508198e+00 -1.3843333662e+00  3.7365267135e+00  9.7684417876e-01 -3.0882206940e+00
ENERGY -5.139068152491e+02
GRADIENT -1.8283718976e-05  4.3467423810e-06 -1.8531474975e-06  4.4421034254e-05  3.6569788789e-06  2.2408089590e-05 -1.2414081936e-03 -2.7673888530e-03  2.4832653365e-03 -4.7749167753e-05  1.2245117543e-05 -7.2917640798e-06  3.1095068595e-05 -4.9499385443e-06  3.5137617151e-05  2.3047022347e-03  2.2022668883e-03 -3.5483157569e-03 -4.5097322933e-08  1.4262153820e-05 -3.3832039045e-06  5.4114761243e-06  6.7662823831e-06  1.0230283836e-06  6.4703583338e-04 -3.5438689815e-03  5.6152342796e-04  2.1758235038e-06 -2.7552115064e-06  9.5296275796e-06 -1.0437002032e-05  2.8748982819e-05  1.4904235979e-05 -1.6710013838e-03  4.1742399263e-03  5.9298462510e-04 -1.1352180268e-05  4.0729165343e-06  7.4630702458e-07  3.9183552370e-06  5.4150461389e-06 -2.5057965841e-06 -4.0533702553e-06  6.5970840233e-06  1.0364107060e-05  4.3758953250e-06  1.7408017797e-06  9.5846467019e-07  1.6594112809e-06  2.0300367218e-06  1.3733902641e-06  3.2689083875e-06 -1.1671884944e-06 -5.9366854633e-07 -3.7067828295e-06 -8.2187307723e-06  1.7544200943e-05  7.9786590248e-06 -1.2191181435e-05 -1.6222969579e-05  1.4054474799e-05 -1.1640977195e-05 -9.5046178789e-06 -1.9427681052e-05 -1.8463337871e-05  2.2741259146e-05 -6.9661638606e-05 -8.6443208429e-05 -1.3930792568e-04

JOB 3
COORDS  1.2353383801e+00 -1.2388567033e+00 -6.5466394353e+00  7.1892172143e-01  1.9457062411e+00 -3.9123440837e+00  2.1053916186e+00  1.8323935277e-01 -4.7533025410e+00 -2.5794819121e-01  1.5340072177e+00 -4.8180028326e+00  1.0620438771e+00 -1.2851484141e-01 -5.6321253855e+00  1.9513389492e+00  1.2680912402e+00 -3.8732369403e+00  3.5927638432e+00  2.0295913050e+00  7.8493540916e-01  3.8736707490e+00  2.0412653783e+00 -7.2122047161e-01  2.6544488619e+00  1.6188626441e+00 -1.5388737940e+00  1.4161621827e+00 -2.1379510751e+00 -7.2639812776e+00 -1.1463778843e-01  5.1843371205e-01 -5.6805034030e+00  2.9621493062e+00  1.6440707208e+00 -2.9825050044e+00  5.3134228116e-01  2.7939900586e+00 -3.2617486752e+00  3.0182053963e+00 -4.0617867536e-01 -4.7650452962e+00 -1.2113084155e+00  2.0577825747e+00 -4.8587231192e+00  2.7823181391e+00  2.7207047857e+00  1.0421844147e+00  3.3012348098e+00  1.0309756415e+00  1.1289160699e+00  4.4791606922e+00  2.3312460397e+00  1.3512064362e+00  4.7104927303e+00  1.3644856780e+00 -9.4205874454e-01  4.1856623584e+00  3.0407455318e+00 -1.0439958722e+00  2.3151042362e+00  6.1838835217e-01 -1.2275575943e+00  1.8296938836e+00  2.3113075182e+00 -1.3463724943e+00  3.8056080985e+00  1.1028518430e+00 -3.1570572659e+00
ENERGY -5.139044143889e+02
GRADIENT -2.5630746717e-06 -1.1770406846e-07  3.0487321004e-06  1.9712811344e-05 -1.4904816409e-05 -1.3863702023e-05 -1.5979091452e-03 -2.5184808328e-03  2.8379422208e-03 -1.9923532889e-05  2.8085728206e-06 -1.1076635408e-05  9.2473877007e-06 -1.2940337397e-05 -6.8474420356e-06  2.9760205219e-03  2.1310121726e-03 -4.2290191022e-03  5.4085694393e-06 -8.7280947956e-06  3.0168065465e-06 -4.0896474953e-06 -1.3409075901e-05  4.3496987302e-06  1.1918418626e-03 -3.5854416868e-03  1.9693735470e-04 -1.2949345034e-05  4.9836299648e-06 -5.1574848301e-06 -1.7637674522e-06  1.5511252415e-05  1.1470468099e-05 -2.6319298437e-03  3.9123677543e-03  1.1489469891e-03  2.1634273637e-06  4.0976023199e-06  1.3622655980e-06 -7.0617131801e-06  3.0024461804e-06  4.9476574232e-07 -2.3423430138e-06  8.0689525887e-06  4.8194944029e-06  2.1242143325e-06 -1.2171589782e-06 -1.2419883761e-07 -8.9289369828e-07 -1.7057064281e-06 -1.1652048741e-06  1.5804848415e-06 -3.3505454770e-06  8.4589604255e-07  4.0295369007e-06  1.7152442433e-06 -8.6360849089e-06 -5.2848140420e-06  3.0892171723e-06  8.4473521884e-06 -2.0560789740e-05  8.2339899200e-06  1.0249015884e-05  8.9180369370e-06  2.2686849757e-05  7.1773429375e-06  4.7017727950e-05  6.2864268449e-05  4.5482138915e-05

JOB 4
COORDS  1.1399988196e+00 -1.3253970928e+00 -6.3507341675e+00  7.4745166966e-01  2.0907885719e+00 -4.0001589377e+00  2.0670647203e+00  2.1285616706e-01 -4.6826812351e+00 -2.4891400209e-01  1.6385085625e+00 -4.8654132765e+00  1.0104303127e+00 -1.3610686445e-01 -5.5339288566e+00  1.9518893780e+00  1.3746002031e+00 -3.9043933104e+00  3.5830588270e+00  1.8791539041e+00  7.7433497783e-01  3.8385063341e+00  2.0896858358e+00 -7.2180521749e-01  2.6878449419e+00  1.5717912651e+00 -1.5821738872e+00  1.2863688179e+00 -2.2887767914e+00 -6.9880005388e+00 -1.4091749614e-01  5.4764447295e-01 -5.6361268315e+00  2.9640990695e+00  1.7959862189e+00 -3.0187704779e+00  6.0337620394e-01  2.9986770663e+00 -3.4222148058e+00  2.9581974865e+00 -4.0754628569e-01 -4.6407302945e+00 -1.1834729697e+00  2.1894192058e+00 -4.9535453880e+00  2.6792487790e+00  2.4062380990e+00  1.0999995790e+00  3.4532501531e+00  8.1737425030e-01  1.0119666670e+00  4.4198951067e+00  2.2539487585e+00  1.3716320017e+00  4.7661927424e+00  1.5768869116e+00 -1.0104633386e+00  3.9889326699e+00  3.1529690137e+00 -9.3870070901e-01  2.5092078468e+00  5.0401596718e-01 -1.3766083134e+00  1.7660269954e+00  2.1035309476e+00 -1.3260255910e+00  3.8358528289e+00  1.3249056303e+00 -3.2544772011e+00
ENERGY -5.139019051038e+02
GRADIENT -6.7841991550e-07  1.0208250134e-05 -1.3887268509e-05  5.7242398239e-06  1.2186975202e-05  1.1417277549e-05 -1.8468721659e-03 -2.3547349688e-03  3.2735504333e-03  5.0120463138e-06  4.5249852420e-06  1.3839648342e-05 -1.6283179507e-05  5.0418967246e-06 -6.6673502774e-06  3.6414850123e-03  1.9814346060e-03 -5.1565226416e-03 -1.4200611261e-06  2.5453436897e-06 -2.1001026580e-06 -3.7114264429e-06  7.7690372525e-06  1.0397430104e-05  1.6379251470e-03 -3.5229346872e-03 -2.5848743330e-04  6.6913989568e-06  2.3562474558e-06  7.1645103358e-07  8.9219081438e-06 -1.0066139555e-05 -6.5666366672e-06 -3.3774649757e-03  3.9618386904e-03  2.2131173260e-03 -8.5029146961e-07 -2.6731816695e-06  3.5543449082e-06 -8.3602828664e-07  5.4045835639e-06 -2.0440245024e-06 -8.4463751775e-07 -2.8025930167e-06 -1.5147581765e-06  3.4917867511e-07 -2.7965051245e-06  9.7549293673e-07  4.2006475356e-07 -3.2152715290e-06 -7.4793328294e-07  8.9009202851e-07 -3.3387477631e-06  4.9125250536e-07  1.2836512562e-06 -3.1121893524e-06  3.8148344943e-06  1.5246728265e-06 -8.6167309026e-07 -6.0351651135e-06  1.0800104577e-05 -6.8720128530e-06  7.5507560133e-08 -8.9273018209e-06 -1.6922790860e-05  1.6714486462e-05 -5.1832815706e-05 -4.0122692086e-05 -1.1188044835e-04

JOB 5
COORDS  1.1138878770e+00 -1.4340753004e+00 -6.1133223144e+00  7.5263187328e-01  2.2037454983e+00 -4.1163922636e+00  2.0402165336e+00  2.3913848362e-01 -4.5784485111e+00 -2.3658920517e-01  1.6918604258e+00 -4.9593181058e+00  9.9486502632e-01 -1.6913502356e-01 -5.4182020219e+00  1.9335416948e+00  1.4740189933e+00 -3.9234753801e+00  3.6037022176e+00  1.7260314220e+00  7.4737509775e-01  3.8073553192e+00  2.1123592128e+00 -7.2150081900e-01  2.7048880873e+00  1.5596436579e+00 -1.6221075628e+00  1.2517148683e+00 -2.4572086340e+00 -6.6517103174e+00 -1.3568264971e-01  5.2897266888e-01 -5.6151893667e+00  2.9259101593e+00  1.9613237942e+00 -3.0315908650e+00  6.2431511340e-01  3.1643567175e+00 -3.6265541283e+00  2.9159556943e+00 -3.9192983320e-01 -4.4532686914e+00 -1.1555366946e+00  2.2509127271e+00 -5.1253193432e+00  2.6532428622e+00  2.1138531218e+00  1.1307517743e+00  3.5958541840e+00  6.3798119410e-01  8.7710591911e-01  4.4046931056e+00  2.1301305217e+00  1.3741103916e+00  4.7801642376e+00  1.7372598435e+00 -1.0677552739e+00  3.8362932047e+00  3.2020676539e+00 -8.3016046311e-01  2.6465550439e+00  4.6311250070e-01 -1.5231691383e+00  1.7336535975e+00  1.9581686293e+00 -1.3096688517e+00  3.8327880368e+00  1.5931479493e+00 -3.3175443413e+00
ENERGY -5.138992596945e+02
GRADIENT  1.2753274820e-04  2.9339499421e-05  9.0539216501e-05 -3.7436013781e-05  9.3844446480e-05  2.0202827405e-05 -1.9869486310e-03 -2.0990151392e-03  3.3192783129e-03  1.6343945264e-04 -1.6121555590e-04 -1.2115677035e-05 -1.7240954223e-04  2.0595918335e-04  1.2535833441e-05  3.9176569915e-03  1.5952858379e-03 -5.4311626214e-03  9.1499313383e-08 -6.5536131775e-06  6.7807760859e-06  7.9676815983e-06 -5.2905717765e-06 -2.1956971594e-05  2.0776980740e-03 -3.2222094147e-03 -5.4721869299e-04 -1.0528427615e-05  2.2551834923e-05 -1.6196304065e-05 -1.3408403925e-04  3.8925988161e-05 -5.9352982398e-05 -3.9935343841e-03  3.5733924569e-03  2.5985785024e-03  1.6514550603e-05  1.4912596425e-05  1.4338138024e-05  2.9241919955e-05  3.0302595633e-06  3.7756230041e-07  1.0519231558e-05 -3.1969788641e-05 -1.2911971664e-05  1.0658111705e-06 -2.6550222523e-06  2.7326156324e-06 -5.5641945192e-07 -2.1719113358e-06 -2.8058611618e-06  6.9955002499e-07 -4.6200941931e-06  2.9321313101e-06 -2.0526054641e-06  8.5172740928e-06 -1.8019237044e-06 -7.4603865637e-06 -1.8157367676e-06  5.8295182434e-06 -2.1278594494e-06  5.0608486645e-07 -1.3453940892e-05  2.3605995159e-06  1.7009513654e-05 -2.4063580115e-05  2.3864758646e-05 -2.5306343423e-05  3.7815125033e-05

JOB 6
COORDS -1.7454003215e+00  2.0716818213e+00 -5.2003364378e+00  2.0647619325e+00  4.9128524916e-01 -4.6461093152e+00 -6.2564755463e-03  1.2282637863e+00 -3.6980903601e+00  1.5403351639e+00  8.0415808648e-01 -5.9043853962e+00 -4.1831262988e-01  1.5270481380e+00 -4.9990014648e+00  1.2870092279e+00  7.1596279119e-01 -3.5001715104e+00  3.5499675794e+00  3.6266859939e-02  2.1248095940e-01  2.3298561669e+00  9.6156467973e-01  1.2117580201e-01  2.0372908410e+00  1.4634814600e+00 -1.2928423936e+00 -2.8165784922e+00  2.5118134985e+00 -5.3203211947e+00  3.2607799426e-01  1.3246719139e+00 -6.1035538128e+00  1.7090763210e+00  3.4554343153e-01 -2.2079021413e+00  3.0686610209e+00  8.1231770477e-02 -4.5636105309e+00 -6.7735755630e-01  1.3807918545e+00 -2.8590460736e+00  2.1372808089e+00  6.3406243203e-01 -6.7987705372e+00  3.3864159394e+00 -9.0952945117e-01 -3.1615956095e-01  4.4434769801e+00  5.1305233651e-01 -2.0850313589e-01  3.7701361365e+00 -2.1692115661e-01  1.2541477861e+00  2.4915087018e+00  1.8388113864e+00  7.5878216946e-01  1.4418861117e+00  4.4613486209e-01  5.0386743778e-01  1.1782703449e+00  2.1402884340e+00 -1.2712314929e+00  2.8938078800e+00  2.0424985935e+00 -1.6747811111e+00  2.5257277949e+00 -2.5600069814e-01 -2.2885459644e+00
ENERGY -5.139019175807e+02
GRADIENT  9.2619207323e-06 -3.8420923459e-05  6.2935970811e-05  1.4253726374e-05 -1.6951687749e-05 -2.5353396890e-05 -1.6626872066e-03 -4.3543673693e-03 -7.5881788051e-04 -1.0094368141e-04  3.7005986881e-05  7.7092690147e-05  1.1834380860e-04 -2.1638322503e-05 -7.3632079197e-05  4.3694500760e-03  6.5347781392e-03  4.4849325707e-04  9.6520038504e-07  7.2926624955e-06 -6.4507807971e-07  1.1777720878e-05  6.7689114642e-07 -1.3969188966e-05  4.0940998778e-03 -1.7593359594e-05 -1.3511343391e-03  1.5581390645e-05  1.2113062580e-05 -8.8837714879e-06  2.6017084331e-05 -8.1502332813e-06 -8.6025550875e-05 -6.8174975047e-03 -2.1302959253e-03  1.7910163213e-03  8.9075376174e-06 -1.0511386341e-06  1.5487274224e-05  4.6937861755e-06 -1.7067535015e-06  1.0653698350e-05 -1.5871474823e-05  4.7328966436e-06  7.9501945322e-07 -2.8244550577e-06 -5.8476629871e-06  1.1359215443e-05 -2.6376320096e-06 -4.2079932918e-06 -4.3901833365e-06  1.9967231809e-06  8.8806678084e-06  3.9105628678e-06 -1.2992603749e-05 -3.2106411507e-06  1.3689325213e-05 -1.8281416581e-06 -4.0143827184e-06 -1.0783798652e-05 -8.2004183994e-06 -1.0470001465e-06  1.1744901952e-05 -2.1640435700e-06 -3.7134753612e-06 -6.3085823529e-06 -4.6690279443e-06 -8.6141046765e-06 -9.5995271558e-05

JOB 7
COORDS -1.6625468193e+00  2.1885603039e+00 -5.1809838952e+00  2.0502765958e+00  3.7908820498e-01 -4.6895042899e+00  7.5943381918e-02  1.3080560419e+00 -3.7036276048e+00  1.4971310792e+00  6.6223739246e-01 -5.9399029627e+00 -3.6781641737e-01  1.5626213950e+00 -5.0032387596e+00  1.3393891836e+00  7.1482317148e-01 -3.5240207558e+00  3.5995265083e+00  1.1869753383e-01  2.0777809461e-01  2.2654973268e+00  8.7328822456e-01  1.3846500416e-01  1.9441828728e+00  1.4419349548e+00 -1.2443058241e+00 -2.7060361368e+00  2.6951607187e+00 -5.2811961651e+00  3.1202119043e-01  1.2542806994e+00 -6.1239941317e+00  1.8013639643e+00  3.7013103228e-01 -2.2504288265e+00  3.0274968607e+00 -9.3860373203e-02 -4.6246655973e+00 -5.5506716465e-01  1.5579766551e+00 -2.8575875771e+00  2.0462737317e+00  4.0666468210e-01 -6.8445353517e+00  3.5837339351e+00 -7.9855587479e-01 -3.9165100984e-01  4.4288886179e+00  7.4326919224e-01 -1.4533687023e-01  3.8248431744e+00 -1.7977510613e-01  1.2362130726e+00  2.2870419534e+00  1.7116123065e+00  8.4456367678e-01  1.4474518949e+00  2.1356266069e-01  4.4866360847e-01  1.0020804870e+00  1.9935983471e+00 -1.1980617816e+00  2.7230202049e+00  2.1588647217e+00 -1.5495125324e+00  2.6719553653e+00 -1.4846735965e-01 -2.3254536948e+00
ENERGY -5.139045217427e+02
GRADIENT -1.7057064654e-06  4.0822420788e-06 -5.3530548491e-06  4.0391845525e-05 -1.1230980815e-05 -8.6291682742e-05 -1.5138417825e-03 -3.5893704610e-03 -2.9786540725e-04  9.1415843709e-05 -5.0974899528e-05  5.7728548444e-05  2.2457725941e-05 -7.3645786106e-06 -1.0488917532e-04  3.9973855606e-03  5.6889234009e-03  6.3585625500e-05  3.2372050524e-05 -5.3312787810e-05 -4.1471680929e-05 -5.9868316262e-05  6.4574480307e-05  5.7620489217e-05  3.4410599969e-03  5.2203571302e-04 -1.0398198371e-03  2.1029839487e-06 -3.3595033885e-06 -8.2963971659e-06 -8.8108139549e-05  4.4522366497e-05  4.1486685107e-05 -5.8604940114e-03 -2.6100927626e-03  1.3293634298e-03  6.2178445149e-06 -9.0428283091e-07  1.0353006480e-05 -1.2856695995e-05  9.1808873482e-06 -1.7957030451e-05  2.0501177921e-06 -1.4971669263e-06 -3.7946861962e-06 -2.9229225417e-05  5.7802519191e-06  1.3558154717e-05 -3.1639715892e-06  8.9669854861e-06  7.6519929470e-06  1.4264866079e-05  2.8263893425e-05  8.3013346507e-06  8.9615539828e-06 -4.0702109114e-06 -4.5760135643e-06  1.4744797742e-05 -1.9016365996e-05 -3.8703018957e-05 -2.6451700724e-06 -1.4783874429e-05 -1.4258135524e-05 -1.2421850159e-05  1.8570707746e-06  5.5787603073e-06 -3.1259911573e-05 -3.5100930990e-05  4.4535237401e-05

JOB 8
COORDS -1.4766691170e+00  2.6412928655e+00 -5.1760003390e+00  1.9231913367e+00  3.0441942524e-01 -4.6577117590e+00  1.0972702587e-01  1.5307687338e+00 -3.6844798272e+00  1.4216177118e+00  6.5450248104e-01 -5.9096561262e+00 -2.9119884808e-01  1.8281923862e+00 -4.9900181137e+00  1.2676308615e+00  7.5238417611e-01 -3.4938888988e+00  3.7518256492e+00  3.0321412937e-01  5.0374771677e-02  2.2713443252e+00  6.9436389218e-01  1.5246401128e-01  1.6953915075e+00  1.3175015338e+00 -1.1206689839e+00 -2.4314517955e+00  3.2990955219e+00 -5.2821459532e+00  3.3379162747e-01  1.4114648478e+00 -6.1056475122e+00  1.6861793297e+00  3.5179577420e-01 -2.2315265182e+00  2.8185305944e+00 -3.0885093865e-01 -4.5855940464e+00 -4.7243738262e-01  1.9003221959e+00 -2.8481998342e+00  1.9299671412e+00  3.1281207721e-01 -6.8096298208e+00  3.9224274509e+00 -5.1113969503e-01 -6.6350742784e-01  4.3668886901e+00  1.1561131853e+00 -2.5875020658e-01  4.1270590643e+00 -4.5760925040e-02  1.0172480228e+00  2.1499434166e+00  1.4263807494e+00  9.5868584572e-01  1.6690348310e+00 -1.7976689330e-01  4.2534387347e-01  6.6654598335e-01  1.6315662418e+00 -9.2439230269e-01  2.2665767473e+00  2.2190476673e+00 -1.3920695001e+00  2.5622272123e+00 -1.5764663323e-01 -2.2839182957e+00
ENERGY -5.139066854812e+02
GRADIENT -6.2955412462e-05 -3.7823388569e-05 -5.0815163043e-05  8.7700857569e-05 -3.7373882050e-05 -2.1255585359e-04 -1.8894712024e-03 -3.1286950095e-03 -1.6226088797e-04  2.0631899810e-04 -1.4236147974e-04  1.9717998065e-04  7.0812336245e-05 -4.3974927085e-07 -1.9619173585e-04  4.5904663229e-03  5.1263777492e-03  5.9095070813e-05 -8.2157225101e-06  1.0500326332e-05 -8.0248380141e-06 -4.6785367437e-06 -2.0157179300e-05 -2.3179794004e-05  3.1382288035e-03  8.3529632533e-04 -7.6353526168e-04  1.6212693300e-05  1.4369905975e-05  1.1821665756e-05 -2.2417497610e-04  1.4106993959e-04  9.5372436909e-05 -5.8423021344e-03 -2.8635888451e-03  1.1676059694e-03  2.1704306780e-05  6.9419236985e-06  3.7438479126e-05 -7.1921004652e-07  1.6051719364e-05 -4.9747557665e-06 -2.4605958210e-05  1.0580890253e-05 -7.0753169967e-06  7.0237601700e-06  1.1168257457e-05 -6.6131221302e-06  7.9805948203e-07  5.2049795921e-06  1.9595118005e-05 -6.3318327062e-06 -1.7707407353e-05 -2.8701778679e-06  1.4590588916e-05  2.9463154532e-05 -1.7178777161e-05 -2.9732943531e-06  1.5029814652e-05  3.0798051882e-05 -6.0385526308e-06  5.0406135756e-06 -2.3662770975e-05 -9.4661550057e-06  1.8780382018e-05  8.7341108043e-06 -5.0143069317e-05 -6.2821354119e-05 -1.6073613540e-04

JOB 9
COORDS -1.2994912963e+00  2.7717907660e+00 -5.1829267050e+00  1.8509395147e+00  1.1021361999e-01 -4.6502799073e+00  1.9115679321e-01  1.5462757790e+00 -3.6836616137e+00  1.3682058293e+00  4.7993347116e-01 -5.9019296128e+00 -2.0170611663e-01  1.8444012841e+00 -4.9922197228e+00  1.2623755306e+00  6.5202181040e-01 -3.4881649552e+00  3.7993658949e+00  5.6396247655e-01 -1.7293927702e-02  2.2735093471e+00  5.9656462702e-01  1.4539568825e-01  1.5224447585e+00  1.1426874621e+00 -1.0707461770e+00 -2.1834194764e+00  3.5216212926e+00 -5.2926891963e+00  3.5699309669e-01  1.3374516390e+00 -6.1044700616e+00  1.6714874499e+00  2.5722520313e-01 -2.2303773363e+00  2.6776394407e+00 -5.9233640224e-01 -4.5744274592e+00 -3.2857921285e-01  2.0054017089e+00 -2.8510572101e+00  1.8248828127e+00  6.5690471708e-02 -6.7991260383e+00  4.1268700052e+00 -1.4000716882e-01 -7.9134175292e-01  4.1891230543e+00  1.5531437450e+00 -2.8208820876e-01  4.2807961167e+00  2.5199368523e-01  9.1452114606e-01  2.0186585770e+00  1.2328209316e+00  9.9978999199e-01  1.8958900792e+00 -4.0608905394e-01  3.7878573270e-01  4.5829640790e-01  1.2209549153e+00 -8.2355160331e-01  1.8789814876e+00  2.1567707894e+00 -1.3085715926e+00  2.5499681497e+00 -2.4728374005e-01 -2.2413134193e+00
ENERGY -5.139086245059e+02
GRADIENT -1.8222175129e-05 -2.4704229713e-05 -3.9840794005e-05  8.3100942045e-06 -6.8456938869e-07  2.7738970640e-05 -1.6047587999e-03 -2.0083900393e-03 -1.3043095436e-04 -2.5479844651e-05  1.0884129629e-05  1.2913388219e-05 -2.7137094275e-05  2.5996077596e-05  2.6564294497e-05  3.7503612447e-03  3.5980912873e-03 -9.0513999754e-05  1.4814160868e-05 -2.7517367385e-05 -1.7815762603e-05  9.5457218025e-06 -9.6664214503e-06 -1.7383411622e-05  2.2591603230e-03  9.3929052196e-04 -3.9959756919e-04  6.1913976160e-06  4.6334551012e-06  9.8288360498e-06  4.2007419361e-06 -1.0898288953e-05 -3.7326095153e-07 -4.2856738946e-03 -2.4493976436e-03  5.3333572921e-04  7.5176993284e-06 -3.3895040073e-06 -3.8635769208e-06 -2.0423667675e-05 -2.4856587255e-05 -6.8914392523e-06 -3.6000718389e-07 -5.5406358930e-06  3.1203483074e-06 -9.3199369412e-06 -1.1905100072e-05  2.0920430556e-05 -3.1939235482e-06 -9.7889003331e-07 -1.3819565336e-05  4.1573535071e-06  2.6256963160e-05  9.2303391876e-06  2.2956132357e-05  1.0222330536e-05  8.1236291995e-06 -2.3330057826e-05  1.1560623974e-05  4.7003574495e-06  1.5815296846e-06 -5.6503407768e-05 -1.6447625814e-05 -2.9448309387e-05 -3.6165198510e-06  4.6064196490e-06 -3.3490562911e-05 -3.9509143479e-05  8.6955201783e-05

JOB 10
COORDS -1.7384912437e+00  1.7519420287e+00 -4.4328852219e+00  2.0854588546e+00  2.1917156118e-01 -4.9920268854e+00  5.0021748704e-01  1.3143052783e+00 -3.5620181674e+00  1.0980902555e+00  1.7952428681e-01 -5.9698977258e+00 -4.0374521259e-01  1.2191432990e+00 -4.6245122471e+00  1.8042326011e+00  8.0507450462e-01 -3.7371328910e+00  2.6605348948e+00 -3.2074052453e-01  8.9597529670e-02  1.9346803197e+00  9.4475312861e-01 -3.7564528946e-01  2.6487030686e+00  1.6520912502e+00 -1.5371071630e+00 -2.7987539904e+00  2.1920122896e+00 -4.2383574125e+00 -1.4360191052e-01  6.6677133866e-01 -5.8213875981e+00  2.7515264408e+00  8.3512243942e-01 -2.7456954764e+00  3.0684890225e+00 -1.9786521237e-01 -5.1979736784e+00  1.8199832687e-01  1.7708511581e+00 -2.6329516601e+00  1.3176215671e+00 -2.6962493151e-01 -6.9369653595e+00  2.7320809587e+00 -1.0510373183e+00 -7.2262973875e-01  3.6775723475e+00 -9.1597395389e-02  4.3020589354e-01  2.1305206521e+00 -7.9580432373e-01  9.2084665804e-01  1.8503244628e+00  1.6590125520e+00  4.5279214159e-01  9.1123349107e-01  6.9229168267e-01 -6.7466523072e-01  2.1467401283e+00  2.5976785893e+00 -1.7757595235e+00  3.6685020473e+00  1.9080304950e+00 -1.2314662544e+00  3.6781430225e+00  5.4029962849e-01 -3.0198275143e+00
ENERGY -5.139096679060e+02
GRADIENT  2.9913187783e-06  8.0709303631e-06 -5.4188814632e-06  1.1066864543e-05 -8.7685710640e-06 -2.0620683527e-05 -3.2777541032e-04 -9.5935601464e-04  3.0769601177e-04 -2.8774047101e-05  3.7075692225e-05  5.8367154071e-05  1.4322618245e-05 -7.1525876644e-06 -1.6601822896e-05  8.6864155298e-04  1.9482617445e-03 -8.1435316000e-04 -1.1057573108e-05 -1.0963689561e-05 -8.2449200619e-06  1.7258461461e-05 -3.9928751187e-07  7.4938893209e-06  4.2887961912e-04  7.9189832143e-04 -4.8976606186e-04  1.3426490575e-06  9.8070673048e-07  1.1531299324e-05 -2.3240542937e-05 -6.2720976846e-06 -2.5230258090e-05 -8.8476975031e-04 -1.7259314999e-03  1.1606291014e-03  1.8308317691e-06 -1.3933049264e-06  7.5341514567e-06  3.9185333291e-06 -2.3998459798e-06  5.2310103717e-06 -1.0624367243e-05  9.5844982457e-06  1.9030242841e-06 -1.5953842190e-05 -6.2914885221e-06  5.7989643683e-06  7.2775981594e-06 -7.3428961395e-06 -1.5898832660e-05  9.8771879089e-06  8.7328390277e-06  1.2688292391e-05 -1.2704429666e-05 -1.5797801839e-05  1.0703058054e-05  1.9750601793e-06  4.3350956457e-06 -1.3263284941e-05 -1.0796295317e-05 -7.4006525867e-06 -5.3884859428e-06 -7.8304043296e-07  7.9974329844e-06  2.5739564346e-06 -5.2841731211e-05 -5.4354246120e-05 -1.5026458856e-04

JOB 11
COORDS -1.7328093591e+00  1.7781307445e+00 -4.4153778242e+00  2.0768489172e+00  1.9138264595e-01 -4.9189616866e+00  5.2405721253e-01  1.4154373955e+00 -3.5580251406e+00  1.0685760116e+00  6.7686066968e-02 -5.8674456242e+00 -4.0243282717e-01  1.2278545790e+00 -4.5881258990e+00  1.8241501778e+00  8.8833052530e-01 -3.7148430509e+00  2.6605226920e+00 -3.8279168726e-01 -5.0434034209e-02  1.9258538749e+00  9.1128642994e-01 -4.1263902693e-01  2.6473176779e+00  1.7277385734e+00 -1.4970699434e+00 -2.7882946853e+00  2.2357693377e+00 -4.2358155690e+00 -1.6960898623e-01  5.6940304583e-01 -5.7361147357e+00  2.8015724136e+00  1.0307975311e+00 -2.7686656741e+00  3.0552172634e+00 -2.4384305765e-01 -5.1088267694e+00  2.2708999118e-01  1.9582830479e+00 -2.6692540966e+00  1.2663381561e+00 -4.6802097192e-01 -6.7943563279e+00  2.7408070081e+00 -1.0465145748e+00 -9.1766003881e-01  3.6742860684e+00 -1.7580334169e-01  3.1344937566e-01  2.1305361411e+00 -9.2946259095e-01  7.3544842186e-01  1.8237389914e+00  1.5481544790e+00  4.7476805276e-01  9.0912018568e-01  6.7600861004e-01 -7.4605249392e-01  2.1271951927e+00  2.6765056313e+00 -1.6709729470e+00  3.6529767773e+00  1.9864674066e+00 -1.1498485604e+00  3.6816203081e+00  5.7048534509e-01 -2.9503715037e+00
ENERGY -5.139101334379e+02
GRADIENT -5.4950061373e-05 -4.7546512064e-05 -1.1453010270e-04  3.7905486289e-05 -4.3658808090e-07 -2.6820140314e-06 -2.5812171545e-04 -6.4023472457e-04  4.2034142109e-04  1.2400354606e-05 -4.4463403248e-05 -7.2479350845e-05 -2.6968628753e-05  6.1880014181e-05  6.7090447276e-05  5.1235938818e-04  1.3723440007e-03 -6.4133542715e-04  1.4288389188e-07 -4.3569953466e-05  9.4409633869e-06 -6.4300885068e-05  3.6801838370e-05  3.0811688245e-06  1.6378613110e-04  6.9931795704e-04 -3.3437347787e-04 -2.3484316568e-05  4.2622513747e-05  6.9491819314e-05  4.5669556707e-05 -1.8163493723e-05  1.8481311063e-05 -4.0602071461e-04 -1.4764313193e-03  5.7911884315e-04  1.2362984715e-06 -9.6476789838e-06 -1.6672218076e-05  3.0178054473e-06  1.6805564138e-05 -2.3157229626e-05  1.1632459951e-05 -1.2954454556e-05 -1.0018229143e-05  1.8269096930e-05  4.7466367461e-06  1.4827914417e-06  1.0903666729e-05 -6.8772094445e-06  1.3602965347e-05 -6.7241531243e-07  7.4466282598e-07 -7.2285320833e-06  1.7682809690e-05  5.4108382978e-06  8.7692797926e-06  3.9644048270e-06  9.3440599196e-06  3.4195315108e-05  1.7605578346e-05  2.9498013575e-05  9.6466496400e-06 -8.9468860715e-06 -4.9575084625e-05  2.8240041467e-05 -1.8190757689e-05  3.7553709380e-05 -1.7909850890e-05

JOB 12
COORDS -1.6829732208e+00  1.8051091881e+00 -4.4554227857e+00  2.1126876783e+00  1.4893730587e-01 -4.8171402106e+00  5.7768925914e-01  1.5143755659e+00 -3.5792728936e+00  1.0986617296e+00 -6.0269783607e-02 -5.7451485120e+00 -3.5716724355e-01  1.2316142811e+00 -4.5795525384e+00  1.8714767047e+00  9.6277539437e-01 -3.6877175384e+00  2.6523260101e+00 -4.2350075527e-01 -1.9474009939e-01  1.9077701611e+00  8.8700520679e-01 -4.6747819507e-01  2.6415803991e+00  1.8031773957e+00 -1.4600971878e+00 -2.7353703812e+00  2.2837145255e+00 -4.3175137137e+00 -1.3510174036e-01  4.6012917011e-01 -5.6572160960e+00  2.8689291525e+00  1.2158428485e+00 -2.7783323727e+00  3.0869247819e+00 -3.1045745123e-01 -4.9670680564e+00  2.9088487149e-01  2.1485218302e+00 -2.7494079230e+00  1.2871025060e+00 -6.8744481294e-01 -6.6148076778e+00  2.7398669622e+00 -1.0283520666e+00 -1.1037081202e+00  3.6633220078e+00 -2.3550144480e-01  1.8674271089e-01  2.1239120569e+00 -1.0277642673e+00  5.4880154492e-01  1.7739349741e+00  1.4446938190e+00  4.6757070579e-01  9.0307978368e-01  6.6745156395e-01 -8.4525848089e-01  2.0973609767e+00  2.7449344299e+00 -1.5848205395e+00  3.6252393987e+00  2.0700840878e+00 -1.0602226087e+00  3.6905544034e+00  6.3316726034e-01 -2.8680929312e+00
ENERGY -5.139104496619e+02
GRADIENT -5.1153624741e-05  5.9440278028e-06 -6.2287082348e-05 -5.9354335597e-05  1.7583473017e-05  4.6372813990e-05  2.1440573742e-05 -1.3019289309e-04 -4.5752729778e-05  1.0806685322e-05 -2.3774604313e-05 -4.2599651798e-05 -6.6784610662e-05  6.1783502448e-05  1.0271558075e-04  1.9366789967e-04  2.1117494198e-04 -1.4498756258e-04 -2.5127133644e-05  1.7796757726e-05 -3.4347824299e-05  5.8131003099e-05 -5.7697030196e-05  4.9547565812e-05  5.7291232894e-05  9.3110361958e-05  3.3010237531e-05 -8.1142713826e-06 -9.6935421253e-06  1.6890502673e-05  2.7537986189e-06  1.3132614201e-05  2.4561993305e-05 -7.7099601982e-05 -1.7766742454e-04  2.5016754393e-04 -1.2395953897e-05 -1.4090810603e-05  1.0125862269e-05 -1.6371189680e-05 -3.0947762553e-05  6.5451217500e-06 -1.9396298238e-06  1.5011235016e-06 -6.7036062254e-06 -6.9283132141e-06 -1.2720316972e-05  7.2134347478e-06  5.7431004941e-06  2.4824273286e-06 -1.2173454662e-05  3.8654725091e-06  8.4293029605e-06  6.9795242483e-06 -8.5232356635e-06 -2.6246355356e-05  3.2010395367e-06  8.3031210077e-06  4.6599059487e-05 -5.1820542117e-05 -3.8854091459e-05 -2.5417375238e-05 -1.7008334782e-05 -1.0379708205e-05  6.8417572700e-05 -6.3521347895e-05 -2.4108474570e-05 -3.1830287773e-05 -8.1395257816e-05

JOB 13
COORDS -1.6854900237e+00  1.8334245180e+00 -4.4700554611e+00  2.0900482321e+00  1.0684160361e-01 -4.6893098173e+00  5.8334290683e-01  1.6142737958e+00 -3.5918762493e+00  1.0643370974e+00 -1.8774317822e-01 -5.5827220664e+00 -3.6721126643e-01  1.2348232739e+00 -4.5435422870e+00  1.8661346735e+00  1.0329942400e+00 -3.6489048820e+00  2.6713945700e+00 -4.7181336123e-01 -3.7036857454e-01  1.9055346370e+00  8.4666529265e-01 -5.1908357315e-01  2.6183617740e+00  1.8637118895e+00 -1.4238282641e+00 -2.7312719477e+00  2.3362441165e+00 -4.3745976507e+00 -1.6317200312e-01  3.4978896568e-01 -5.5349235876e+00  2.8829475487e+00  1.3942254307e+00 -2.7881712601e+00  3.0578820929e+00 -3.7718781925e-01 -4.7977491756e+00  3.1836173633e-01  2.3428782921e+00 -2.8349426168e+00  1.2372659814e+00 -9.0472054460e-01 -6.3834870964e+00  2.7501845114e+00 -9.9865134068e-01 -1.3275621782e+00  3.6864947215e+00 -3.0332972809e-01  9.3967600339e-03  2.1630306993e+00 -1.1435553547e+00  3.2784041826e-01  1.7677394015e+00  1.3135322618e+00  4.6385773008e-01  9.0187144505e-01  6.4699914278e-01 -9.1068467631e-01  2.0442267745e+00  2.7940698585e+00 -1.4762071085e+00  3.5893002580e+00  2.1297830270e+00 -9.9379482405e-01  3.6975574842e+00  7.9641597296e-01 -2.8601256899e+00
ENERGY -5.139100120277e+02
GRADIENT -6.5854440748e-05 -2.3345151866e-05 -6.4085278489e-05 -4.9786548252e-05  4.0178446898e-05  1.2199937626e-05  6.1789873982e-04  1.1677061051e-03 -1.0410228349e-03  1.3311034257e-04 -1.5672253830e-04 -1.3740171820e-04 -9.8129436722e-05  9.1955779465e-05  9.1700009742e-05 -7.1782665739e-04 -2.6675505981e-03  1.9883872884e-03  3.0930261648e-07 -1.2795926512e-05 -4.9722748526e-06 -1.4725872328e-05  7.7379445653e-06 -2.0450770655e-05  7.1259079082e-05 -1.4873753058e-03  5.5489957202e-04 -5.2528196015e-07  5.4253670184e-06 -2.4803111384e-06  1.8293258100e-05  9.2834126928e-05  1.1060204972e-04  1.2794600017e-04  2.9782578634e-03 -1.5322200518e-03 -1.5529196012e-05  5.7568426623e-06 -8.5829888560e-06 -9.8036739346e-06 -8.5838522866e-06 -3.0964177982e-06  2.6508257507e-05 -1.9128809369e-05 -7.2876211294e-06 -9.3984154957e-06 -7.7319835423e-06  1.2639850695e-06  2.1366302168e-06 -3.3844456857e-06 -4.3135350449e-06  3.7828137924e-06 -1.3658333567e-06  6.7660299304e-06  9.5762227060e-06 -5.4664394328e-06  1.2177659544e-07 -9.3730432599e-06 -5.2601195700e-06  5.6104162300e-06 -1.4236964227e-05 -1.1484273899e-05  4.9674604082e-06 -5.7347429676e-06  9.6216195120e-06  1.4294806756e-05 -6.3075194138e-06 -1.9782636395e-05  4.5613912560e-05

JOB 14
COORDS -1.6604680692e+00  1.9260883585e+00 -4.5818642852e+00  2.0536017800e+00  5.7298804009e-02 -4.5336828252e+00  5.8744076356e-01  1.7299048865e+00 -3.6436486568e+00  1.0323543433e+00 -2.9649209449e-01 -5.4138240877e+00 -3.6392123544e-01  1.2786803312e+00 -4.5615225837e+00  1.8441389129e+00  1.0948161950e+00 -3.6046960913e+00  2.7687995824e+00 -5.2430568759e-01 -5.0120526471e-01  1.9280726135e+00  7.5574322766e-01 -5.4750510890e-01  2.5737742830e+00  1.8817121468e+00 -1.3679940686e+00 -2.6904873449e+00  2.4685820818e+00 -4.5642634560e+00 -1.7468914364e-01  2.8256364784e-01 -5.4462710887e+00  2.8621148345e+00  1.5367249597e+00 -2.7706203693e+00  3.0037735912e+00 -4.7079883366e-01 -4.5668146236e+00  3.4664576014e-01  2.5531506467e+00 -2.9805263058e+00  1.1919434848e+00 -1.1010307545e+00 -6.1296653269e+00  2.8659029851e+00 -9.7712658465e-01 -1.4940045163e+00  3.7771841973e+00 -3.2636542733e-01 -1.1784694001e-01  2.3070413409e+00 -1.2724310631e+00  1.5016379528e-01  1.7658781167e+00  1.1338968426e+00  4.6928946740e-01  9.3603327592e-01  5.3151465527e-01 -9.5604422060e-01  1.9398073622e+00  2.7733703487e+00 -1.3478724412e+00  3.5284706528e+00  2.1763313622e+00 -9.2044297536e-01  3.6874564213e+00  9.5185793310e-01 -2.8482743794e+00
ENERGY -5.139084631899e+02
GRADIENT  9.7401014843e-06  3.1251712422e-05  4.9150918642e-06 -3.5893888391e-05 -1.0679963805e-05 -1.4923057806e-05  1.2078647635e-03  2.1695640784e-03 -2.5740481200e-03  3.5557840025e-05 -6.6647664685e-07  1.9461067763e-05  4.7108316135e-06 -4.6948434712e-05 -5.5265630330e-05 -1.5099129430e-03 -4.9647133239e-03  4.4420602507e-03  1.4147138638e-06  8.1649190707e-06  4.8000865956e-06 -1.3520110046e-06 -1.6205131788e-06 -8.1997263148e-06  6.4796985019e-04 -3.1652629460e-03  9.3495608421e-04  4.0704782092e-07 -6.2919370006e-06  2.9352689421e-06 -3.0002342404e-05  2.6774559063e-05  1.8539632074e-05 -3.8843460739e-04  5.9248877812e-03 -2.8034218835e-03  3.6528945391e-06  5.6562024273e-07  4.9612196063e-06 -2.4381502128e-06  8.6424776653e-06 -3.9160062437e-06 -1.6488385912e-05  8.7141045924e-06 -2.7138923428e-06 -6.8925529473e-06 -1.1698224561e-06 -2.1993607959e-06 -8.4926280210e-07 -1.3276630371e-06 -6.5555001179e-06 -3.3406255118e-06  6.4038170039e-06  5.1352633998e-06 -1.3529888884e-05  6.8404451749e-06  2.2970062655e-06  8.5027450359e-06  2.8469371720e-06 -1.2678215362e-05  1.5285655330e-05 -3.3750298390e-06 -6.8389482465e-07  8.9147435932e-06 -1.3062827410e-05 -9.1224436084e-06  3.4799713054e-05  6.5188161542e-05  4.8586377138e-05

JOB 15
COORDS -1.6440178507e+00  2.1174126838e+00 -4.7754629868e+00  1.9168244748e+00  8.1953377401e-03 -4.3590105728e+00  5.5177473648e-01  1.8712877938e+00 -3.7279696515e+00  9.0159418805e-01 -3.7146694491e-01 -5.2391817656e+00 -4.0300618516e-01  1.3850559310e+00 -4.6234428810e+00  1.7504928246e+00  1.1530301736e+00 -3.5605477274e+00  2.9835489754e+00 -5.4602900670e-01 -5.5868138005e-01  1.9783311832e+00  6.1055323051e-01 -5.5069680293e-01  2.4641056095e+00  1.8559740994e+00 -1.3054797966e+00 -2.6290513769e+00  2.7315765790e+00 -4.8650639085e+00 -2.5676613150e-01  2.8174977890e-01 -5.3819025488e+00  2.7687147712e+00  1.6384209731e+00 -2.7348418022e+00  2.8258386663e+00 -5.8504295145e-01 -4.2939398679e+00  3.6476242049e-01  2.7882769579e+00 -3.1795457485e+00  1.0252865495e+00 -1.2598748729e+00 -5.8561872883e+00  3.1449556017e+00 -9.3559220689e-01 -1.5699054477e+00  3.9550724382e+00 -2.3322969853e-01 -1.5742825246e-01  2.6251931686e+00 -1.3803770485e+00  5.1801464620e-02  1.7657726888e+00  9.0868728714e-01  4.8334791167e-01  1.0256121839e+00  2.7757700659e-01 -9.7915953981e-01  1.7172561115e+00  2.6517486145e+00 -1.2293382908e+00  3.3791622563e+00  2.2461272631e+00 -8.4750077317e-01  3.6015826732e+00  1.0637540290e+00 -2.8276771013e+00
ENERGY -5.139059547366e+02
GRADIENT  1.2919832103e-05  5.2615464801e-06 -8.7518824063e-06 -2.6849416059e-05  4.3098712904e-05  2.1065135176e-05  1.9255774233e-03  2.3454205079e-03 -3.7223411622e-03  1.0179284719e-05 -4.7331151143e-05 -3.2114723473e-05 -6.4644243130e-06 -1.1894947143e-05 -1.0977533690e-05 -2.3298314151e-03 -5.6299330393e-03  6.1065800363e-03 -2.2864631353e-06  1.2347451123e-06  6.0185934984e-06 -1.4522542848e-06  4.0353297197e-06 -2.8439411326e-05  1.2639980817e-03 -4.1972584371e-03  9.2485291531e-04 -3.1148196393e-06 -1.0478852858e-05  1.3176028413e-06  2.1843335968e-05  1.4865137281e-06  1.4808155161e-05 -9.2882868176e-04  7.3993752766e-03 -3.3441232766e-03  2.1308710148e-06  7.1490354448e-08 -1.1651552245e-05  5.1363759819e-06  8.4337342305e-06 -1.7639475474e-05  1.1786059362e-06 -6.4247643047e-06 -1.2197319507e-06  1.3683811736e-05  1.6072102979e-05 -4.5171306868e-06 -6.3262459260e-06 -1.2792369225e-06  1.2606135215e-05 -8.5403981678e-06 -1.4219048961e-06 -1.2543359824e-05  7.9468515120e-06  1.3815696997e-05  4.5180371551e-06 -5.5701591888e-06 -3.0560181200e-06  2.1484828985e-05  9.7389403145e-06  3.8251021531e-07 -1.5871489794e-05  4.9270309532e-07 -6.4514445213e-06 -1.3840868648e-06  3.6851724885e-05  6.1046071773e-05  5.8865094480e-05

JOB 16
COORDS -1.5682797736e+00  2.2881884048e+00 -5.0536127640e+00  1.7702154631e+00 -4.0336876665e-02 -4.1865363419e+00  5.4426069825e-01  1.9879478427e+00 -3.8534106519e+00  7.7056883570e-01 -4.3675841187e-01 -5.0802808241e+00 -4.0675847872e-01  1.4806612601e+00 -4.7419214308e+00  1.6606732470e+00  1.1967669384e+00 -3.5327491176e+00  3.2284245050e+00 -5.2976946657e-01 -5.8306373421e-01  2.0474786042e+00  4.4730680922e-01 -5.7162885955e-01  2.3455637702e+00  1.7911174624e+00 -1.2517564405e+00 -2.4899061633e+00  2.9643062635e+00 -5.2749587452e+00 -3.1668473738e-01  2.8742770524e-01 -5.3610232141e+00  2.6689958106e+00  1.7128176659e+00 -2.6949933241e+00  2.6195488503e+00 -6.9302054990e-01 -4.0012398929e+00  4.2453803215e-01  2.9774546873e+00 -3.4242991387e+00  8.4698021117e-01 -1.3965047071e+00 -5.5885350863e+00  3.4956694471e+00 -8.3844122060e-01 -1.6000436971e+00  4.1185513746e+00 -8.3126822107e-02 -1.2436327851e-01  2.9890233591e+00 -1.4409891250e+00 -2.6507079192e-02  1.7570314203e+00  6.5658507300e-01  4.6525819701e-01  1.1756081824e+00 -1.5037326470e-02 -1.0496205845e+00  1.4871995594e+00  2.4604931563e+00 -1.1381706824e+00  3.1941461811e+00  2.2832171785e+00 -7.6399674312e-01  3.5170153201e+00  1.1626293333e+00 -2.8116736458e+00
ENERGY -5.139027739078e+02
GRADIENT  3.4745656493e-05  2.8246879988e-05  4.3016642228e-05 -2.4853456367e-05  1.9393447902e-05 -1.9019450652e-05  2.6562606095e-03  2.0340092430e-03 -4.5781542454e-03 -3.6213325897e-05  2.4130988817e-05 -2.9734122222e-05  5.8049411358e-05 -3.8387302660e-05  1.7724797244e-05 -3.1191660201e-03 -5.2188592389e-03  7.2151601136e-03 -5.0776819864e-07 -1.2095104237e-05  8.8467777821e-06 -5.4838792691e-06  3.0249821536e-06  6.1191900790e-05  1.9137503614e-03 -4.7598668253e-03  5.5297054003e-04  1.1256388581e-05  5.6862954652e-06 -1.1605569074e-05  2.3968124838e-05 -6.1653121994e-05 -3.0397095885e-05 -1.4147978457e-03  8.0427241826e-03 -3.1164479350e-03 -5.4310435821e-07  3.0821178315e-06  6.6406765799e-06  1.4849647448e-05  5.6761135090e-06  1.5621201787e-06 -2.1311193657e-06  7.3823262869e-07  5.2179620887e-07 -1.9722161688e-05 -1.8223432055e-05 -1.7639588588e-06  8.5909664399e-06  7.7534213449e-06 -2.0301451311e-05  1.0589581660e-05  7.9680997077e-06  2.0390285864e-05 -3.5308144510e-05 -2.6047773654e-05 -1.2028709987e-05  1.7781513427e-05 -3.5582363174e-06 -4.6109337884e-05  7.4238588813e-06  1.9225187046e-06  2.2962255773e-05  4.4133408437e-06 -4.4727225018e-07  5.7873456315e-06 -4.9007594398e-05 -4.0553841973e-05 -5.4612536130e-05

JOB 17
COORDS  1.7845382418e+00  4.2679859692e-01 -7.0809195696e+00  1.5241600963e-01  5.3947822407e-01 -3.2500369298e+00  2.0886275400e+00  3.7386837659e-01 -4.6481129487e+00 -6.1540861469e-01  6.4181118672e-01 -4.4124007009e+00  1.2226252625e+00  4.6313284226e-01 -5.7466129670e+00  1.5414551353e+00  3.8689509505e-01 -3.3574749900e+00  4.0233862573e+00  2.8883793231e+00  1.4286976768e-01  3.5968432422e+00  1.5271531902e+00 -4.1699099445e-01  2.7421054444e+00  1.6624629553e+00 -1.6752156765e+00  2.2792637289e+00  3.9376810943e-01 -8.1343975210e+00 -1.1021913931e-01  6.0028931871e-01 -5.6516421688e+00  2.3376131662e+00  3.2982497488e-01 -2.1824939405e+00 -3.1543892772e-01  5.5835478259e-01 -2.2702733979e+00  3.1602190032e+00  2.8590659653e-01 -4.8055575262e+00 -1.6960438557e+00  7.5251228986e-01 -4.3450591970e+00  4.6116872245e+00  3.4545711641e+00 -5.8793406236e-01  3.1524121608e+00  3.4964435113e+00  4.1197405782e-01  4.6357561736e+00  2.7684898974e+00  1.0419298382e+00  3.0304533461e+00  9.6507319203e-01  3.3359394811e-01  4.4894225350e+00  9.2968289792e-01 -6.4782064773e-01  1.8297509607e+00  2.2240870358e+00 -1.4473365766e+00  3.2855107863e+00  2.2352691967e+00 -2.4447446000e+00  3.1890264995e+00 -1.9206172292e-01 -2.3886089430e+00
ENERGY -5.138992597347e+02
GRADIENT  1.0743036792e-04 -1.2764388649e-05  1.0503606123e-04 -6.9080347708e-05 -5.2743978267e-06  7.0590674722e-05  3.3852422201e-04  4.3884647561e-03 -5.1995487253e-05  2.0977285688e-04 -2.5515408711e-05 -8.2321131251e-05 -2.3094084668e-04  9.1139936608e-06  1.0705568516e-04  9.2202107195e-04 -6.7370988596e-03 -1.0883364239e-03  5.1803178299e-06  7.8129457617e-06 -8.6355180046e-07  2.1554969956e-06 -1.8319762383e-05 -1.5673420929e-05  3.2017862391e-03 -9.2110912478e-05 -2.1691393868e-03 -2.3533907144e-05 -1.5044082521e-05  3.3978374741e-06 -1.4127482452e-04  9.6165101863e-06 -4.3647316193e-05 -4.3960116386e-03  2.4576228899e-03  3.1812362953e-03  9.8924974252e-06 -4.2665431468e-06  2.4429293330e-05  2.0614276006e-05 -1.6022951057e-05  1.0561947201e-05  2.0930227472e-05 -1.2915039570e-06 -2.8045423810e-05 -8.5927652498e-08 -6.1546901727e-07 -3.6123113850e-06  2.9192016636e-06  2.2828313840e-06 -1.3605482353e-08  3.9450082173e-06  3.5806179625e-06 -1.6151718134e-06 -3.5823160195e-06  8.6225146328e-06 -7.8644068061e-09 -5.6976240431e-06 -3.7523339931e-06  4.7777933731e-06 -1.3090600700e-05 -2.3596447040e-05  2.6648938118e-07 -5.7872687054e-06 -9.9155956361e-06 -9.7385806925e-06  4.0442051598e-05  2.1813989411e-05  7.0719323431e-06

JOB 18
COORDS  1.6864980635e+00  1.9036724525e-01 -7.1387952136e+00  2.3730640405e-01  6.7702148128e-01 -3.2640945591e+00  2.0962093023e+00  2.9381721059e-01 -4.7242096966e+00 -5.7283435650e-01  7.4098016304e-01 -4.3978873390e+00  1.1875256083e+00  3.5508210625e-01 -5.7888744658e+00  1.6125100489e+00  4.3422826317e-01 -3.4146832042e+00  3.9349228121e+00  2.8534625259e+00  2.6759826827e-01  3.6341644715e+00  1.5206115041e+00 -4.2598977104e-01  2.7324489431e+00  1.6955752324e+00 -1.6461687964e+00  2.1310148135e+00  5.3736881871e-02 -8.2062083481e+00 -1.2944979133e-01  5.7951879866e-01 -5.6521069820e+00  2.4569813895e+00  3.9037896887e-01 -2.2870503991e+00 -1.9270402209e-01  7.9215835241e-01 -2.2737076826e+00  3.1525620713e+00  1.3147906342e-01 -4.9205362211e+00 -1.6411236600e+00  9.2118365912e-01 -4.2932217748e+00  4.4386123035e+00  3.5518097874e+00 -4.1012064712e-01  3.0146962384e+00  3.3344251035e+00  6.1775210679e-01  4.5841293056e+00  2.7059108595e+00  1.1360961286e+00  3.1519519196e+00  8.2646312987e-01  2.7105954094e-01  4.5764173023e+00  1.0486774006e+00 -7.3635671184e-01  1.7767205354e+00  2.1326531878e+00 -1.3401395936e+00  3.1911745348e+00  2.3974479081e+00 -2.3611948015e+00  3.3462962899e+00 -3.2081202164e-02 -2.5479464555e+00
ENERGY -5.139019050374e+02
GRADIENT -2.7962872046e-05 -1.8524300194e-05 -1.4170599548e-05 -1.6064052600e-05 -3.4856465653e-06  2.2180151684e-05  6.1126309331e-04  4.3750789223e-03 -1.7983967410e-04 -2.3113164673e-05  1.4345474943e-05  4.4554529150e-05 -7.7695250961e-06  2.4395472363e-05 -2.9225742952e-05  5.2281603247e-04 -6.5341774392e-03 -7.7201323125e-04 -3.4399202107e-06 -3.0410238360e-06  2.6063661309e-06  4.2458465480e-06  8.0821990773e-06  1.6442668200e-05  3.0859140671e-03  4.3405650462e-04 -2.3753426309e-03  8.0522446238e-06 -3.7924507019e-06  3.8835008218e-06  4.9070885643e-05 -2.6429919851e-05 -9.9799375215e-06 -4.1872920697e-03  1.7028870068e-03  3.4127152384e-03 -7.6997490486e-07  7.2185044500e-06 -2.4947863516e-06 -2.7125781209e-06 -2.6876777804e-06 -5.7271396770e-06 -9.4363383573e-07  3.6801979225e-06 -6.4762284511e-07  1.3210969984e-06  3.9441265736e-07 -2.9558560477e-06  1.2888354786e-06  3.0969945345e-06 -6.0695847262e-07  2.3174993946e-06  1.6545142572e-06 -1.9076879435e-06  2.4744817622e-07 -5.6467398927e-06 -3.2757674155e-06  2.6852585877e-06  4.6790021975e-06 -6.0424822826e-07  5.7350866737e-06  1.3849542246e-05 -6.5705607067e-06  1.1478774856e-05  1.4400563406e-06  2.1710659063e-06 -4.3515043217e-05 -2.6025594561e-05 -9.0298489622e-05

JOB 19
COORDS  1.6666294992e+00 -4.0914780284e-02 -7.1692469422e+00  3.1247619799e-01  8.1875256059e-01 -3.3254294914e+00  2.1235487981e+00  2.3450268672e-01 -4.7795349086e+00 -5.1375839092e-01  8.2523682038e-01 -4.4485061195e+00  1.1989150954e+00  2.5238316479e-01 -5.8296800768e+00  1.6754294164e+00  5.0322556195e-01 -3.4748683459e+00  3.8683213199e+00  2.7920446135e+00  3.8844866347e-01  3.6874049430e+00  1.5236521975e+00 -4.5178969514e-01  2.6929325078e+00  1.7249395922e+00 -1.5937125547e+00  2.0845507921e+00 -2.8202290303e-01 -8.2288957536e+00 -1.0535487024e-01  5.4545602443e-01 -5.6937933077e+00  2.5437207654e+00  4.8344111032e-01 -2.3784325517e+00 -1.0267674778e-01  1.0355430369e+00 -2.3462990986e+00  3.1672006364e+00  8.0077127430e-03 -4.9802138503e+00 -1.5706954190e+00  1.0617150042e+00 -4.3396181990e+00  4.2372702501e+00  3.6249552676e+00 -2.2038727125e-01  2.9214853400e+00  3.1047901414e+00  8.4268334156e-01  4.5865636944e+00  2.6270996504e+00  1.1973236326e+00  3.3403648719e+00  6.9558172954e-01  1.7617929020e-01  4.6580965025e+00  1.2182386974e+00 -8.6597725272e-01  1.7163796939e+00  1.9962857884e+00 -1.1820427260e+00  3.0150830139e+00  2.5590705392e+00 -2.2367264972e+00  3.4624644212e+00  1.5110417455e-01 -2.6617537958e+00
ENERGY -5.139044143593e+02
GRADIENT -9.3881537136e-07  2.6987039016e-06  2.3853602475e-06  1.9963455670e-05 -1.3833957117e-05 -1.0468120189e-05  7.4965677239e-04  4.0097901112e-03 -5.6564093280e-04 -9.7110395585e-06 -3.7453422126e-06 -1.9065992307e-05  1.4334615215e-05 -5.1674453115e-06 -8.5178491017e-06  1.8994830610e-04 -5.5824274046e-03 -2.0673829669e-04  9.6928665908e-06  3.5009641080e-06 -3.6331772570e-06  5.1312159532e-06  1.0003740513e-05 -9.0226598929e-06  2.8718702399e-03  1.0652540080e-03 -2.2242645762e-03 -1.4860374978e-05  1.6459420233e-06 -2.1430853598e-06 -1.4098585462e-05  5.7193980462e-06  1.8569113677e-05 -3.8505563449e-03  5.3468049504e-04  2.9031754601e-03  1.6492110652e-07 -1.6838608803e-06  4.8244531190e-06 -7.1638924997e-06  2.2807572220e-06  1.6222420026e-06 -3.9412834425e-06  9.6429689797e-07  7.8653075342e-06 -2.0456762350e-07  2.8543392318e-07 -2.1089206543e-06  2.4348630326e-06 -6.3163171441e-07 -2.9042383024e-07  3.1404727331e-06  1.2007600744e-06 -1.6474185127e-06 -3.7581471753e-06  8.0204479105e-06  6.0707061878e-06 -2.7067634872e-07 -9.6349361968e-06 -2.6351802318e-06 -2.6324178993e-06 -1.0451055249e-05  2.2613505658e-05 -1.8744770920e-05  1.4516304941e-05  6.4578370824e-06  2.0567172376e-05 -1.4957302911e-05  9.2377422601e-05

JOB 20
COORDS  1.6115450152e+00 -3.0031857867e-01 -7.1438110389e+00  3.4817620882e-01  9.6637563421e-01 -3.3823459068e+00  2.1032276869e+00  1.3907742600e-01 -4.7887671528e+00 -4.8534940725e-01  9.2690517376e-01 -4.4995982277e+00  1.1737223226e+00  1.3187020459e-01 -5.8317742207e+00  1.6868623596e+00  5.4635447701e-01 -3.5069441399e+00  3.8392314971e+00  2.7489791203e+00  4.3689180151e-01  3.7693755769e+00  1.5710716215e+00 -5.4014685509e-01  2.6069462566e+00  1.7043002658e+00 -1.5227945339e+00  2.0038368425e+00 -6.5440351965e-01 -8.1813109777e+00 -1.0991014757e-01  5.1731293104e-01 -5.7183525075e+00  2.5672536529e+00  5.4831145823e-01 -2.4325285278e+00 -4.6191341737e-02  1.3061092579e+00 -2.4305957194e+00  3.1272245685e+00 -1.7412626865e-01 -4.9736620305e+00 -1.5227585234e+00  1.2435735172e+00 -4.4065309638e+00  3.9692643621e+00  3.6990961880e+00 -9.2888931234e-02  2.9241430786e+00  2.8221911868e+00  1.0349039128e+00  4.6798571868e+00  2.6348209832e+00  1.1279028071e+00  3.6624876226e+00  6.2862889551e-01  8.9896112501e-03  4.7119612335e+00  1.5051449675e+00 -1.1008276775e+00  1.6681080039e+00  1.7473708232e+00 -9.6161804723e-01  2.6919281087e+00  2.6447742839e+00 -2.0885473538e+00  3.5044479379e+00  2.8097841876e-01 -2.7190113187e+00
ENERGY -5.139068155001e+02
GRADIENT  2.2342594122e-05 -2.3992137151e-06  1.3367971950e-05 -9.2757897388e-05  3.6230796447e-05 -5.4561987602e-05  1.1081983633e-03  3.7097091551e-03 -7.1337288090e-04 -1.0281011554e-05  3.3759135103e-05  1.4526911730e-04 -1.5655231888e-04  5.2005353064e-05 -2.8047158447e-05 -2.4553641530e-04 -4.8763133924e-03  8.3954146059e-05  1.1206210992e-05  7.1375911178e-06 -5.9349803259e-06  1.6013946673e-05 -5.6264911613e-07 -1.1787675030e-05  2.6594193984e-03  1.5926433295e-03 -2.1783807568e-03 -9.6312343778e-06  8.2544719261e-06  2.3385265235e-07  1.0308129577e-04 -4.2185166941e-05 -6.5352740424e-05 -3.4519203093e-03 -4.7203110083e-04  2.7213084410e-03  3.2269010688e-06  7.2348055736e-07  4.4337935282e-06  6.8478233689e-06  1.4883615499e-05 -3.0260285253e-05  7.1686235015e-07  5.0378337548e-06 -7.4978463877e-06  3.2812954416e-06 -6.7480640636e-07  2.9928739529e-06  1.8848607372e-07  5.0845955423e-07  1.4771436874e-06 -2.2084828256e-07 -3.9232503160e-06  2.3626487016e-06 -5.7431484959e-06  1.0306360342e-05  1.8347274829e-05 -7.1250480465e-06 -2.3159650835e-05 -2.4817955705e-06 -1.1824738318e-07 -5.3879606527e-05 -3.5940189349e-06 -1.3679634063e-05  2.2031766202e-06  2.0542320579e-05  4.2718621966e-05  4.4856931228e-05  1.1414828973e-04

JOB 21
COORDS  1.4733261419e+00 -4.7845270162e-01 -7.1010212628e+00  3.9873032916e-01  1.1287827226e+00 -3.4107097305e+00  2.0606106659e+00  9.7874667591e-02 -4.7998445419e+00 -4.7009421332e-01  1.0521912099e+00 -4.4998768711e+00  1.1023918612e+00  7.2571640703e-02 -5.8130082549e+00  1.7090583872e+00  6.2640423012e-01 -3.5402233300e+00  3.8109984436e+00  2.6839536282e+00  5.1093539567e-01  3.8261624868e+00  1.6234062002e+00 -5.9430526877e-01  2.5772845416e+00  1.6869261889e+00 -1.4726542405e+00  1.8099964710e+00 -9.2883430439e-01 -8.1205900760e+00 -1.5656696927e-01  5.3680001165e-01 -5.6944516356e+00  2.6202226672e+00  6.4606393885e-01 -2.5035645445e+00  5.2554118359e-02  1.5658037914e+00 -2.4805916639e+00  3.0573569112e+00 -2.9304998861e-01 -4.9855379636e+00 -1.4850269068e+00  1.4339628874e+00 -4.4013061717e+00  3.7584816692e+00  3.6947865070e+00  9.1864793818e-02  2.9496282535e+00  2.5515879552e+00  1.1748066380e+00  4.7155575998e+00  2.6233782238e+00  1.1234351509e+00  3.9005631537e+00  6.2197269554e-01 -1.5449596100e-01  4.7170113919e+00  1.7617172244e+00 -1.2220555347e+00  1.6911968643e+00  1.5337022636e+00 -8.4631422604e-01  2.4843867996e+00  2.6843043668e+00 -1.9292289605e+00  3.5638719591e+00  4.1521290681e-01 -2.7948104893e+00
ENERGY -5.139088764910e+02
GRADIENT -2.6282994596e-05  8.3808101050e-06 -1.6579573727e-05  1.2046174986e-04 -3.3721347286e-05  6.5640106910e-05  8.9586479066e-04  2.5175076893e-03 -9.6958399981e-04 -1.5692390757e-04  1.4146189161e-05 -1.2017174710e-04  2.9110973175e-04 -9.0811760758e-05  6.8306767529e-06 -5.2470754202e-04 -2.9932217581e-03  6.3370453369e-04  5.2808394224e-06  1.7699898793e-05 -8.3165397021e-06 -1.0087268985e-05 -2.3015768829e-05 -1.7625186183e-05  1.7191173932e-03  1.4301676686e-03 -1.4615144294e-03 -7.4630633233e-06  1.6331096042e-05 -1.6068798528e-05 -6.7078858016e-05  7.3334791359e-05  1.3446233729e-04 -2.1813866365e-03 -8.0777363582e-04  1.5315135895e-03 -2.7605527563e-05  1.3997780331e-06  4.5503105859e-06  9.1984509848e-06 -1.5551830335e-05  1.5465584052e-05 -1.2045887696e-05  2.2613058097e-05  4.4387956598e-05 -3.6765031816e-06 -4.7849448033e-06  5.0272693137e-06  1.5391993974e-06 -4.5240386763e-06  9.6340339416e-06 -2.7051495872e-07 -2.6162488686e-06  2.9414566223e-06 -8.5982137012e-06  9.3405652957e-06  1.4842909732e-05  4.6115532945e-06 -2.4427990208e-05  2.5624910978e-07 -1.4020601342e-05 -2.2070772205e-05 -2.7942722701e-05 -2.2953723802e-05  8.0188313860e-06  1.5427998682e-05  2.5673215826e-05 -6.0733635046e-05  1.5437601038e-04

JOB 22
COORDS  1.3524286446e+00 -6.1192013174e-01 -7.0498204141e+00  4.6021337804e-01  1.2829721260e+00 -3.4482443398e+00  2.0445844135e+00  1.1974080099e-01 -4.8253486614e+00 -4.5481151806e-01  1.1408891123e+00 -4.4924789396e+00  1.0456039935e+00  4.3107144719e-02 -5.7939740810e+00  1.7595299454e+00  7.5538637715e-01 -3.5971899061e+00  3.7623184089e+00  2.5749614758e+00  6.2438347249e-01  3.8560782332e+00  1.6614401356e+00 -6.0156032248e-01  2.5966107260e+00  1.7235382257e+00 -1.4651598771e+00  1.6377511356e+00 -1.1452527058e+00 -8.0447358869e+00 -2.0100572970e-01  5.3753545655e-01 -5.6591341139e+00  2.7113081579e+00  8.2216896964e-01 -2.6079260913e+00  1.5893826432e-01  1.7944219611e+00 -2.5411323755e+00  3.0232075530e+00 -3.1069971376e-01 -5.0193251583e+00 -1.4592687718e+00  1.5457662239e+00 -4.3791260935e+00  3.6199561854e+00  3.6208683649e+00  3.3117250295e-01  2.9220866650e+00  2.2899128339e+00  1.2669649875e+00  4.6749727508e+00  2.5182758239e+00  1.2250705312e+00  4.0201420689e+00  6.2437162951e-01 -2.8585610246e-01  4.7245935511e+00  1.9506613910e+00 -1.2085694165e+00  1.7302001673e+00  1.4257456152e+00 -8.6256329905e-01  2.4199079421e+00  2.7580546169e+00 -1.7984223646e+00  3.6584521082e+00  6.2564279204e-01 -2.9079557076e+00
ENERGY -5.139098653308e+02
GRADIENT  2.0138429739e-05  1.4741605441e-05  1.8363392581e-05 -4.9791307128e-06  1.4456579634e-05  2.3134687871e-05  1.1957001514e-04  5.3640243746e-04 -3.0603107219e-04  1.0984989269e-04 -8.5906087945e-05 -1.0403465791e-04 -9.8474420301e-06  1.6866913260e-05  2.7413950158e-05 -1.0652891334e-04 -5.5574631250e-04  2.3567440119e-04 -2.7671378149e-06 -4.2600021634e-06  2.5946161079e-06 -1.2885504782e-05 -3.1222598929e-05  1.0717627313e-05  2.9526795917e-04  3.9108505691e-04 -2.8588543222e-04 -2.9492091655e-06  9.1775369597e-06 -3.0208503093e-06 -9.2948190011e-05  3.5395386041e-05  3.9201647250e-06 -3.3552014165e-04 -3.7091326918e-04  4.0873905826e-04  1.9417852403e-06 -5.6199597887e-06  1.1851338804e-06  6.1214008932e-07  5.4541046553e-08  1.4097456429e-05  8.4276601970e-06 -3.3334299195e-06 -1.0363526554e-05 -3.0669286310e-06 -1.8674833167e-06  2.4181175002e-06  2.5475228609e-07 -4.0555004150e-06  2.6740784379e-06  4.4038634236e-07 -1.2691361210e-06 -9.3764600791e-07  9.9965418838e-06  7.3387058327e-07 -1.7338108860e-05  1.7258320154e-06  1.3604296039e-05  2.0265284646e-06 -2.7461520741e-06  2.8171153124e-05 -2.3727916635e-05  1.9442035822e-05  3.1951157507e-06 -1.4260721184e-05 -2.6822406343e-06  2.6440153233e-05 -3.3064934908e-05

JOB 23
COORDS  1.3701973023e+00 -6.4645417513e-01 -7.0083711068e+00  5.3574320284e-01  1.4551187329e+00 -3.5087535918e+00  2.0977348349e+00  2.0758742155e-01 -4.8406461524e+00 -3.9229790226e-01  1.2618261443e+00 -4.5322765849e+00  1.0850193613e+00  8.3734296136e-02 -5.7892140386e+00  1.8336976527e+00  9.1733870137e-01 -3.6473576743e+00  3.7381188748e+00  2.4742802068e+00  7.3208158611e-01  3.8956077286e+00  1.7351679751e+00 -6.0016275015e-01  2.6157699285e+00  1.7727106226e+00 -1.4350428265e+00  1.6380044156e+00 -1.2397013122e+00 -7.9738223059e+00 -1.5723313961e-01  5.9316846428e-01 -5.6673034902e+00  2.7986221883e+00  1.0602118505e+00 -2.6907943840e+00  2.4824994316e-01  2.0136715653e+00 -2.6251922848e+00  3.0716677253e+00 -2.3771003381e-01 -5.0242586279e+00 -1.3939477133e+00  1.6760102728e+00 -4.4273603336e+00  3.4838375733e+00  3.5279237325e+00  5.7333786313e-01  2.9464152283e+00  2.0265905381e+00  1.3426258947e+00  4.6658512369e+00  2.4387698583e+00  1.3108194624e+00  4.1712818623e+00  6.8951576830e-01 -4.1348821842e-01  4.7140230659e+00  2.1834223975e+00 -1.1777974723e+00  1.7914913895e+00  1.3203484056e+00 -8.6572962963e-01  2.3359767975e+00  2.8171869875e+00 -1.6335014262e+00  3.7057977649e+00  6.5390779193e-01 -2.8732926455e+00
ENERGY -5.139097597989e+02
GRADIENT  1.2076253586e-05  9.8002481360e-07  9.6054136561e-06  5.8516731681e-05 -3.6201331865e-05  6.4328799198e-06 -3.0540905972e-05 -1.0497247311e-04  2.5703242194e-05 -4.1619585973e-05 -7.7214041409e-06 -5.1667924628e-05  1.8522291005e-05 -1.1781180207e-05  2.9910476889e-06 -5.5288425931e-05  1.2356963951e-04 -1.4077206628e-04  1.6921802113e-06 -7.3507831308e-06 -2.2522245325e-06 -2.4168184261e-06  9.0090242086e-06  3.4135794511e-06  4.0035900726e-05 -6.9306642945e-05  5.5169251218e-05 -6.6609120768e-06  1.0742239785e-06 -2.3389804760e-06 -2.5993044974e-05  3.1869039944e-05  4.0837695433e-05  4.8959958264e-06  2.5134563430e-05 -1.4112729939e-06 -6.7466678960e-06 -1.3185077863e-06 -1.2644042884e-05  5.3104597124e-07  7.1351783535e-06  1.5038234829e-06 -3.3409866850e-06  5.7492416656e-07  5.8163887659e-07 -1.3944713922e-05 -3.3172032878e-06 -1.9597374088e-06  8.9962563011e-06 -9.5490529640e-06  3.9316433650e-06  4.0675369767e-06  1.2251254854e-05 -7.0242099438e-06 -1.0928594552e-05 -5.4468133278e-06 -7.3929938879e-06  9.6201373460e-06 -7.7839051087e-06  4.5929427476e-06 -4.6543664958e-07  3.1401990562e-06  5.3453664720e-06 -1.2672902603e-06  2.0269502679e-06 -5.8869477103e-06  1.3579277240e-05  3.4958747756e-05  2.8889119877e-05

