JOB 0
COORDS -6.3919915846e-01 -2.2404642067e+00  3.2360592432e+00 -6.5088049203e-01 -1.1552791283e+00  2.3594588522e+00 -2.9997544548e+00 -2.5032367141e+00  2.8209760747e+00 -1.8317815504e+00 -2.9381229982e+00  3.4747735544e+00 -1.8667418247e+00 -8.2701099740e-01  1.7632165786e+00 -1.0413187446e+00  9.1496772382e-02 -3.7933393361e-01 -1.5602835440e+00  1.6134934238e+00  1.5038259409e+00 -3.3690187005e+00  5.0104037315e-01  2.7610530185e-01 -2.9989175191e+00 -1.4686180488e+00  1.9796406581e+00 -1.9575514290e+00  3.3588347473e-01  7.9882143169e-01 -1.9451182302e+00 -4.0079330559e+00  4.2928107312e+00  2.8835767031e-01 -2.5368933397e+00  3.7194123038e+00  2.6876327260e-01 -6.1209406693e-01  2.1688422323e+00 -3.9412640936e+00 -3.0188588029e+00  2.9914030945e+00 -1.1396893780e+00  9.2365436536e-01 -1.0770530673e+00 -1.2579510976e-02  2.1513727977e-02 -3.1293702119e-02 -1.3370127714e+00 -8.4209710870e-01 -8.5683969945e-01 -1.6573978477e+00  2.4438868835e+00  8.0379828316e-01 -2.2231940390e+00  1.7557296607e+00  2.3566883778e+00 -5.2919497085e-01  1.5354538447e+00  1.8431828911e+00 -3.3597292417e+00  1.3493260957e+00 -4.0818764292e-01 -3.6698717056e+00 -4.0861490572e-01 -2.3749378563e-01 -4.0416092663e+00  6.8267973810e-01  1.1105268146e+00 -1.1704763561e+00 -4.0969021879e+00  4.8733170006e+00
ENERGY -4.972496952036e+02
GRADIENT -3.0199222640e-04  1.0255049488e-04 -1.5510858213e-04  2.3740407939e-04  1.5387568447e-04 -6.3890017885e-05 -2.9055611896e-04  1.0338305333e-03  1.1605458757e-03  2.6432434004e-04 -1.2515384134e-03 -1.2527069096e-03  6.8389528866e-05 -7.3040959454e-05  7.5629061744e-05 -1.4155927315e-06  1.0258958067e-05 -9.2464775848e-06 -4.7941943331e-06  9.4654510381e-06 -5.5671164281e-06 -8.4718460981e-06 -1.6894240472e-05  1.0341195803e-05 -7.6726955030e-05 -1.9640675199e-05  7.9125698773e-06  2.2175372701e-05 -2.5519543137e-05  2.3651802378e-05  1.0631912289e-03 -1.1687598602e-03 -1.2840927793e-03 -2.4688759407e-05  1.6868600863e-05 -2.2672466841e-05  1.5393984851e-05  2.8484585358e-05 -1.7285327195e-05  1.6309174897e-05 -9.6898229635e-06  8.5046102798e-06  6.6152316691e-06  6.4892387322e-06  1.8436712289e-06 -2.6946054328e-06 -8.5278573549e-06  5.8543912733e-07 -6.7224362261e-06  7.1410005760e-06 -7.2900245615e-06  6.4874655542e-06 -4.9949109383e-07 -6.3754768716e-06 -6.8540976721e-06  5.5813594426e-06 -7.3341102713e-06 -2.8978980106e-06 -4.7318401812e-06  6.3357153111e-06  1.7972681660e-06  1.6191381338e-06 -1.2955322826e-06 -1.0607447191e-06  1.5186548960e-06 -2.4704243107e-06 -1.0641806053e-06  9.5826642988e-07 -2.2588000938e-06 -9.8921239393e-04  1.2503060297e-03  1.4945833036e-03

JOB 1
COORDS -6.2504563167e-01 -2.2557513100e+00  3.2203241281e+00 -6.4254302793e-01 -1.1639758665e+00  2.3520048756e+00 -2.9873701043e+00 -2.5171968055e+00  2.8153592736e+00 -1.8158108404e+00 -2.9570913690e+00  3.4565723739e+00 -1.8612160209e+00 -8.3560572090e-01  1.7607075388e+00 -1.0428508390e+00  9.4830232933e-02 -3.7896917720e-01 -1.5586451114e+00  1.6070076135e+00  1.5133203235e+00 -3.3694553032e+00  4.9871410048e-01  2.8452458200e-01 -2.9918894135e+00 -1.4787407338e+00  1.9769336214e+00 -1.9563947063e+00  3.3262046881e-01  8.0274254330e-01 -1.9149605705e+00 -4.0422206139e+00  4.2619962571e+00  3.0414052780e-01 -2.5581972013e+00  3.6962546081e+00  2.7504518040e-01 -6.1754698720e-01  2.1607735319e+00 -3.9276997789e+00 -3.0339967259e+00  2.9885737439e+00 -1.1450311076e+00  9.2974247795e-01 -1.0728036437e+00 -1.2986268169e-02  2.5477041453e-02 -3.4176071029e-02 -1.3380464075e+00 -8.3732649867e-01 -8.5959791285e-01 -1.6599404427e+00  2.4409695730e+00  8.1816790468e-01 -2.2186682633e+00  1.7435488053e+00  2.3693582722e+00 -5.2612318833e-01  1.5290689750e+00  1.8482769923e+00 -3.3628628373e+00  1.3503688496e+00 -3.9558930383e-01 -3.6705811838e+00 -4.0872423369e-01 -2.3283365188e-01 -4.0400951216e+00  6.7545475222e-01  1.1215586733e+00 -1.2677917101e+00 -4.0095818285e+00  4.9863691896e+00
ENERGY -4.972483276026e+02
GRADIENT -3.3746346719e-05 -3.2812201407e-05  2.9814155202e-05 -1.9637597304e-05  3.8501145598e-05 -5.7373388095e-05 -5.5685922671e-04  1.7661765394e-03  2.0390736320e-03  2.2217632216e-04 -1.9769057120e-03 -2.5370393551e-03  5.2702059196e-05 -1.9739609863e-05  2.2500213726e-05  5.3945572299e-07  2.5083607144e-06 -4.0971626829e-07 -6.4646951120e-06  1.0377990437e-05 -5.1535506380e-06 -6.6394782288e-06 -3.3969268253e-06  6.3644787866e-07 -6.5476161531e-05 -5.1598099082e-05  1.1751769258e-05 -1.0689879562e-05 -1.7110566739e-05  1.9315570782e-05  2.9122617226e-03 -1.5158847171e-03 -1.7329973820e-03  2.6758360208e-06  6.7702301132e-06 -8.6938038345e-06  5.5853319465e-06  3.5416039865e-06  6.7259423040e-06  2.6607692600e-06  2.6915305531e-06  5.6988129908e-06 -6.2148779604e-07  5.5310743003e-06  3.9487071910e-06 -2.5398217680e-07 -5.4545110405e-06  6.1430819355e-07 -3.1747196361e-06  3.1839585281e-06 -4.1950490385e-06  3.7148743135e-06  2.7408991688e-06 -1.7611498154e-06 -2.2024478336e-06  3.5395186920e-06 -4.8719188488e-06  3.2208076926e-08 -5.2678034581e-07  4.3741138741e-07 -3.6833112328e-07  1.0961678074e-06 -2.8469619531e-06 -4.9327313949e-07  9.8403975158e-07 -2.3999643001e-06 -9.4267008452e-07  4.0595039470e-07 -2.2824029914e-06 -2.5188161340e-03  1.8327462830e-03  2.1663560154e-03

JOB 2
COORDS -6.0798729357e-01 -2.2748048253e+00  3.2149310101e+00 -6.3022136903e-01 -1.1764306081e+00  2.3552687811e+00 -2.9681550895e+00 -2.5453071058e+00  2.8117270821e+00 -1.7951139712e+00 -2.9834282331e+00  3.4469243236e+00 -1.8518864293e+00 -8.5124856873e-01  1.7669607546e+00 -1.0437750255e+00  8.6442417643e-02 -3.7295301680e-01 -1.5498951115e+00  1.5929452533e+00  1.5269589769e+00 -3.3672364588e+00  4.9007393655e-01  3.0294356647e-01 -2.9790511561e+00 -1.5005166637e+00  1.9781174592e+00 -1.9517698316e+00  3.2133358907e-01  8.1381186778e-01 -1.8728023248e+00 -4.0863573095e+00  4.2389740360e+00  3.2125898041e-01 -2.5819031667e+00  3.6870340270e+00  2.8431238203e-01 -6.2453621943e-01  2.1650933360e+00 -3.9055248231e+00 -3.0689039502e+00  2.9803672299e+00 -1.1502138301e+00  9.2266451862e-01 -1.0645445983e+00 -1.2184834894e-02  1.7141736396e-02 -3.3326392687e-02 -1.3407531214e+00 -8.4493719636e-01 -8.5400878242e-01 -1.6553245534e+00  2.4292456143e+00  8.3528639433e-01 -2.2051569669e+00  1.7265980594e+00  2.3871209607e+00 -5.1546375376e-01  1.5142832298e+00  1.8556309810e+00 -3.3635468092e+00  1.3449616873e+00 -3.7311427291e-01 -3.6711244369e+00 -4.1476383663e-01 -2.1725730571e-01 -4.0338862349e+00  6.6318692121e-01  1.1439549521e+00 -1.4033511409e+00 -3.9560016148e+00  5.0797768518e+00
ENERGY -4.972464569370e+02
GRADIENT -1.7604292029e-04  1.0286525843e-04 -1.3518093274e-04  1.1197639453e-04  1.1823179490e-05  2.9026431546e-05 -5.8980234606e-04  1.7806806199e-03  2.5760640314e-03 -2.7748281283e-05 -2.4261433948e-03 -3.1578346488e-03 -1.9203567676e-05  5.8113896028e-05 -5.5604770633e-05 -9.1817158501e-06  1.2189697250e-05  6.5813227640e-07 -9.4093153358e-07  4.8181281734e-06 -8.6297864720e-06 -1.9942649291e-06  1.9162683737e-05 -1.3078048092e-05  5.6270639162e-05 -2.6598611180e-06  1.8031824340e-05  3.4250606915e-05  3.9721217901e-05 -2.7067011568e-05  4.3165173603e-03 -1.1461834982e-03 -1.0133619750e-03 -2.7075550100e-05 -2.5338376718e-06 -8.8675784561e-06 -9.7173003687e-06  2.1313136098e-05 -2.2291666327e-05  1.5281521980e-05 -2.6450662889e-06  1.0455565783e-05 -1.0537494009e-06  1.4598130952e-09 -6.6843452500e-06 -4.8686840176e-07  7.2483428981e-06 -1.3602650448e-06 -1.0231257007e-06  1.2925747535e-06  4.5886454682e-07 -1.3584009336e-06  3.9637679766e-06 -3.1314281810e-06 -2.6184717885e-06  2.1000209690e-06 -3.2266535008e-06 -2.8574391576e-06  1.9355960164e-06 -2.7100270097e-06  2.8900255573e-06  5.5925500052e-06 -3.8816400891e-06 -4.1479400650e-06  1.1454514511e-05 -6.2878900256e-07 -6.1786755936e-07  6.4651360448e-06 -1.2037416827e-05 -3.6778199763e-03  1.5551288313e-03  1.8067818935e-03

JOB 3
COORDS -5.8965189261e-01 -2.2779529045e+00  3.2078515691e+00 -6.1964259691e-01 -1.1766922809e+00  2.3521251469e+00 -2.9490432377e+00 -2.5599093218e+00  2.8062611652e+00 -1.7740101596e+00 -2.9905851456e+00  3.4389612522e+00 -1.8450151294e+00 -8.5505241472e-01  1.7683710431e+00 -1.0490315047e+00  8.5027710560e-02 -3.7488708995e-01 -1.5448610296e+00  1.5897539932e+00  1.5297107344e+00 -3.3690655062e+00  4.8839401125e-01  3.1418314836e-01 -2.9685475959e+00 -1.5100126921e+00  1.9764417250e+00 -1.9507605693e+00  3.1913269430e-01  8.1701330396e-01 -1.8248223119e+00 -4.1089619465e+00  4.2203002528e+00  3.3943924783e-01 -2.5884020689e+00  3.6774859911e+00  2.9155625423e-01 -6.2036696085e-01  2.1590455679e+00 -3.8824359945e+00 -3.0924356576e+00  2.9692212118e+00 -1.1601911608e+00  9.2143624059e-01 -1.0654766007e+00 -1.5525534587e-02  1.6398443799e-02 -4.1032220535e-02 -1.3481374742e+00 -8.4636387343e-01 -8.5462497729e-01 -1.6543942020e+00  2.4267827187e+00  8.3961300369e-01 -2.1953567464e+00  1.7224722039e+00  2.3936455438e+00 -5.0860179918e-01  1.5110757716e+00  1.8524237609e+00 -3.3693470230e+00  1.3449103783e+00 -3.5980788441e-01 -3.6754909885e+00 -4.1530755541e-01 -2.0642612675e-01 -4.0311672229e+00  6.5945930317e-01  1.1592469662e+00 -1.5704577814e+00 -3.9150863477e+00  5.1379022568e+00
ENERGY -4.972445921305e+02
GRADIENT  5.2302978713e-04 -6.6513583718e-05  2.0612003211e-04 -3.4390304576e-04 -3.0788300055e-04  2.1552037741e-04 -6.1870029262e-04  1.3081007064e-03  2.4596940324e-03 -1.4938293153e-04 -1.8573393966e-03 -3.4105427704e-03 -1.9960939505e-04  1.9203919627e-04 -1.4749329493e-04 -1.2318943514e-06  3.5048311257e-06  9.5650631583e-06  5.2455096980e-06 -3.6006712572e-06  3.0899517157e-06  2.8111640889e-06  2.0487971833e-05 -1.9836835870e-05  1.9660857901e-04  9.9073449624e-05 -5.7424634947e-05 -3.6041004408e-05  6.2390876510e-05 -1.1484438715e-04  4.2390173597e-03 -1.5782977442e-04  1.2524012809e-05  2.1256944128e-05 -4.0477580777e-05  5.3036546843e-05 -3.3952613949e-05 -5.9179696312e-05 -1.7291429231e-05 -3.1754016897e-05  2.4270867853e-05 -3.7273981677e-05 -2.9302913654e-06  7.0198981566e-07 -8.1010379716e-07 -1.2873148439e-07  1.4742500591e-05 -9.1489768096e-06 -2.1261793223e-06  1.5637661982e-06 -1.2371071071e-06 -9.1530646990e-07  6.1003976696e-06  2.2417570938e-06 -1.9641410071e-07  4.0084861611e-06 -4.2160393501e-07 -4.8613345942e-06  2.9740702653e-07  4.4967649275e-06 -2.7485923656e-06  6.9667705363e-06 -1.9477322754e-06 -2.9215727187e-06  7.8566508742e-06  3.4141067165e-06 -1.3189669656e-06  1.0065308438e-05 -9.4247389497e-06 -3.5705369083e-03  7.9325897315e-04  8.2661262661e-04

JOB 4
COORDS -5.7311249194e-01 -2.2772236880e+00  3.2071097423e+00 -6.0712049106e-01 -1.1751356485e+00  2.3521320156e+00 -2.9290619111e+00 -2.5727038479e+00  2.8051722936e+00 -1.7537135122e+00 -2.9935880505e+00  3.4419911927e+00 -1.8362011097e+00 -8.5835574922e-01  1.7736389631e+00 -1.0541654318e+00  7.8333224627e-02 -3.7581044560e-01 -1.5381539704e+00  1.5864435889e+00  1.5295739421e+00 -3.3700253698e+00  4.8278375078e-01  3.2757729558e-01 -2.9566893426e+00 -1.5186852787e+00  1.9795292082e+00 -1.9484555431e+00  3.1467481729e-01  8.2148307687e-01 -1.7732937598e+00 -4.1254277333e+00  4.2118789036e+00  3.5548015848e-01 -2.5892261033e+00  3.6760595416e+00  3.0129800592e-01 -6.1499012035e-01  2.1568075196e+00 -3.8587476612e+00 -3.1141538649e+00  2.9605354857e+00 -1.1701653218e+00  9.1332805301e-01 -1.0672976364e+00 -1.8573594107e-02  1.0546217146e-02 -4.8328677056e-02 -1.3561247343e+00 -8.5410456346e-01 -8.5173033676e-01 -1.6526148920e+00  2.4220983327e+00  8.3866411524e-01 -2.1830062050e+00  1.7205965466e+00  2.3975191724e+00 -4.9973843369e-01  1.5089550895e+00  1.8454673059e+00 -3.3752699319e+00  1.3392632236e+00 -3.4641784890e-01 -3.6791154700e+00 -4.2116692595e-01 -1.9095580649e-01 -4.0267828380e+00  6.5353316637e-01  1.1769320880e+00 -1.7585636840e+00 -3.9141029886e+00  5.1603130403e+00
ENERGY -4.972432822036e+02
GRADIENT  1.3236703855e-04  5.5505436813e-05  5.0346062156e-05 -1.7303274632e-05 -1.4103749953e-06  4.0569343679e-05 -1.5200577759e-04  9.6669687012e-04  1.1376602680e-03 -2.5468645891e-05 -1.2670021632e-03 -1.9424477905e-03 -1.8242151950e-04 -1.5275131488e-04  9.3332983376e-05  5.9119276681e-06 -6.5897250144e-06  5.6065558359e-06  6.6505678338e-07  3.1445767456e-07  2.0480866112e-05  1.2440484456e-05 -2.9296027838e-05  2.3499462123e-05 -6.0986838036e-05  1.5621254149e-04 -1.5464320384e-04 -4.0615075340e-05 -3.4755943834e-05  2.2202640002e-06  2.2747655414e-03  3.4070819351e-04  6.5887256559e-04  1.6758502795e-06 -1.2216058454e-05  5.2164259465e-06  1.0551128365e-05 -1.7965283485e-05 -4.4874900745e-06  2.3051854876e-06  4.7443480490e-05 -1.4207759858e-05 -2.6776172441e-06  1.0426444934e-06  7.6714804961e-08 -2.7774205097e-06  6.8102377705e-06 -1.0647883288e-05  2.0561623223e-06  1.4620217898e-06 -1.5192168026e-06 -5.3485008433e-07 -1.3071193574e-06 -3.9898665322e-06 -4.8661828884e-07  5.0345531127e-06 -1.0922914716e-06 -3.4350740036e-06  3.5340102227e-06  2.6992204947e-06 -1.0216280072e-05 -5.1859999718e-06  1.0716721434e-06  3.0365657418e-06 -1.7797916183e-05  2.1289801162e-06  1.4357523080e-07  9.8903518417e-08  1.7857197068e-05 -1.9562016957e-03  2.2122997972e-05  4.9268141223e-05

JOB 5
COORDS -5.5578859165e-01 -2.2699595960e+00  3.2084596887e+00 -5.9507586161e-01 -1.1706487620e+00  2.3503398625e+00 -2.9100512432e+00 -2.5803802483e+00  2.8103719762e+00 -1.7329857603e+00 -2.9878932963e+00  3.4526334714e+00 -1.8281009392e+00 -8.5774693109e-01  1.7784438056e+00 -1.0600319938e+00  7.3382689123e-02 -3.7849391804e-01 -1.5330717333e+00  1.5865132656e+00  1.5256288959e+00 -3.3717367440e+00  4.7929809363e-01  3.3762001139e-01 -2.9448979879e+00 -1.5236692053e+00  1.9877236622e+00 -1.9472598254e+00  3.1266406111e-01  8.2354997873e-01 -1.7164267853e+00 -4.1274230270e+00  4.2132440003e+00  3.7289652716e-01 -2.5810377983e+00  3.6773683762e+00  3.1083766491e-01 -6.0821891963e-01  2.1499825439e+00 -3.8366339577e+00 -3.1293122882e+00  2.9597189021e+00 -1.1807435488e+00  9.0630711779e-01 -1.0716723902e+00 -2.2491752909e-02  7.1068153594e-03 -5.6920029696e-02 -1.3643301952e+00 -8.6061797561e-01 -8.4984128600e-01 -1.6517936146e+00  2.4200885555e+00  8.3294448447e-01 -2.1728480493e+00  1.7230622151e+00  2.3969518258e+00 -4.9282404296e-01  1.5102297922e+00  1.8356706415e+00 -3.3812209612e+00  1.3346479799e+00 -3.3777062575e-01 -3.6836015838e+00 -4.2556702741e-01 -1.7755313953e-01 -4.0236226353e+00  6.5147080484e-01  1.1904506818e+00 -1.9421601043e+00 -3.9439568901e+00  5.1405353992e+00
ENERGY -4.972429544150e+02
GRADIENT -5.5523104918e-05  8.5793854700e-05 -4.6906684107e-05  9.4131666186e-05  2.5811146498e-05  1.3793606823e-05 -7.9806009456e-05 -4.1506118066e-04 -1.7367130780e-04  1.9802878270e-05  3.6151139218e-04  3.5649972397e-04  6.0874590426e-05  5.3289257890e-05 -3.3134105731e-05 -6.5817920966e-06  1.5608712331e-05  4.4631650356e-06 -1.3717963686e-06  1.2733005756e-05  8.3055252614e-07 -9.5326506755e-06  1.6502169364e-05 -1.2800099842e-05  7.7810784783e-05 -2.2139221858e-05  5.8998039497e-05  3.6586795188e-05  5.1440926287e-06 -1.6721921926e-05 -6.1251979474e-04 -1.8988419663e-04 -2.7245830711e-04  3.9623895840e-06  6.4923983047e-06 -5.3322960103e-06 -7.9815211802e-07  1.6216254251e-05 -2.0175768506e-05 -7.2702810063e-06 -1.7950515604e-05  2.1027030444e-05 -1.8306108733e-06  1.7944822585e-06 -2.1093441856e-06  2.6117232100e-06  6.7300951462e-06  3.7928222507e-06 -2.5735032548e-06  2.5428934534e-06 -1.9477233749e-07 -2.1999553768e-06  2.2379611183e-06 -3.6466112112e-06 -3.6417899291e-06  1.2525414102e-06 -2.1020508993e-06 -7.3941128901e-07 -5.8247675885e-06  2.2768116039e-06  2.7366066425e-06  4.4877201282e-06 -2.7965045797e-06 -5.9471470798e-06  1.0990941106e-05  2.3250325424e-06 -1.5324785303e-06  7.0359149810e-06 -1.3226981382e-05  4.9447887570e-04  7.2704843558e-05  1.2044826935e-04

JOB 6
COORDS -5.3495952875e-01 -2.2561274384e+00  3.2067997398e+00 -5.8210625193e-01 -1.1620572771e+00  2.3429855299e+00 -2.8904114633e+00 -2.5739075510e+00  2.8240346755e+00 -1.7096916427e+00 -2.9721746756e+00  3.4673514660e+00 -1.8200635502e+00 -8.5034529005e-01  1.7813221263e+00 -1.0662095796e+00  7.6633518686e-02 -3.8292067415e-01 -1.5342667684e+00  1.5932466514e+00  1.5194702175e+00 -3.3753074929e+00  4.7652137491e-01  3.4393802493e-01 -2.9339649741e+00 -1.5178497505e+00  2.0018189530e+00 -1.9479579262e+00  3.1609926653e-01  8.2310855515e-01 -1.6586556221e+00 -4.1106008817e+00  4.2248213876e+00  3.9584503390e-01 -2.5647457720e+00  3.6727284359e+00  3.2187691097e-01 -5.9970772672e-01  2.1338687921e+00 -3.8160689700e+00 -3.1244418754e+00  2.9753665866e+00 -1.1933583506e+00  9.0726132446e-01 -1.0777086752e+00 -2.6778965043e-02  1.4819808264e-02 -6.6732871021e-02 -1.3697263665e+00 -8.5970209193e-01 -8.5011325123e-01 -1.6590818212e+00  2.4246211259e+00  8.2518738996e-01 -2.1699002317e+00  1.7300832033e+00  2.3937615817e+00 -4.9221043048e-01  1.5207919217e+00  1.8244548832e+00 -3.3909888595e+00  1.3290437785e+00 -3.3490448670e-01 -3.6870477168e+00 -4.3139401762e-01 -1.6594578491e-01 -4.0232965776e+00  6.5025556045e-01  1.1994108496e+00 -2.0999422915e+00 -3.9920064316e+00  5.0825688955e+00
ENERGY -4.972437190102e+02
GRADIENT -1.1310746745e-04 -6.8662849959e-05 -1.3313128649e-05 -5.7099340842e-06  7.6248403561e-06 -5.5864981064e-05  5.2816087002e-04 -1.1516777394e-03 -1.7320210291e-03 -2.1928392766e-04  1.9988269442e-03  3.0414841856e-03  1.1629423462e-04  9.9134942469e-05 -5.5848216118e-05  3.5133162985e-06  2.3803709891e-05  6.2873622426e-06 -2.1799976577e-05 -3.5523071588e-06 -3.2716452222e-07 -1.0102412348e-05  1.5309429487e-05 -3.1447475486e-05 -7.0658105371e-06 -9.7583484462e-05  1.2822767803e-04  2.5545351638e-05  2.9535649369e-05 -2.2233124264e-05 -2.7183964157e-03 -1.7319074005e-03 -2.3603344733e-03 -7.0682877615e-06  1.2898186345e-05 -9.4046612267e-06 -6.2539736089e-06  1.8136251049e-05 -3.1678657191e-06  9.1493010659e-06 -1.4968270260e-05  7.8654552656e-06 -1.6155798280e-06  3.1565204254e-06 -1.5806660200e-06 -2.4600598505e-06  4.7828668778e-06 -1.9390326329e-06 -3.1977192408e-06  2.2981575360e-06 -4.5586540983e-07 -4.5427099260e-06  5.2003928974e-06  1.0940558099e-06 -2.1354711200e-07 -3.8073825128e-07 -7.8417850343e-07  9.4903546845e-06 -5.8307116177e-06 -2.1980708241e-06  6.6155656849e-06  1.5828185691e-06 -9.3733024442e-06 -8.0583983688e-06  1.2742916154e-05  4.1976236175e-06  1.5818250414e-07  9.3984999227e-06 -1.6642999953e-05  2.4236934839e-03  8.8322621656e-04  1.1078444069e-03

JOB 7
COORDS -5.2162398789e-01 -2.2568273226e+00  3.2225680397e+00 -5.7227057133e-01 -1.1677577040e+00  2.3543657935e+00 -2.8761632614e+00 -2.5850098644e+00  2.8372002394e+00 -1.6951771696e+00 -2.9749705082e+00  3.4871760769e+00 -1.8111652114e+00 -8.5975215207e-01  1.7914765937e+00 -1.0666326567e+00  5.5498469770e-02 -3.8034719644e-01 -1.5229019886e+00  1.5823335135e+00  1.5164319531e+00 -3.3714054845e+00  4.6225420735e-01  3.5667913069e-01 -2.9223039345e+00 -1.5307054813e+00  2.0138097229e+00 -1.9419201331e+00  3.0213925447e-01  8.2892469723e-01 -1.6214324599e+00 -4.1026538815e+00  4.2514855636e+00  4.0839623391e-01 -2.5596564916e+00  3.6936384575e+00  3.3031568601e-01 -6.0332091024e-01  2.1448677307e+00 -3.8025541863e+00 -3.1354483125e+00  2.9868912785e+00 -1.1946437057e+00  8.8352108426e-01 -1.0781271219e+00 -2.5968583385e-02 -8.0060246684e-03 -6.8447610880e-02 -1.3747888600e+00 -8.8203331900e-01 -8.4204928168e-01 -1.6493814776e+00  2.4101658306e+00  8.1822465891e-01 -2.1541986770e+00  1.7249238492e+00  2.3929323720e+00 -4.7961064144e-01  1.5099573825e+00  1.8170524801e+00 -3.3902537427e+00  1.3126396143e+00 -3.2475513113e-01 -3.6865724894e+00 -4.4702786944e-01 -1.4861054965e-01 -4.0146130159e+00  6.3924705427e-01  1.2151522249e+00 -2.2465035767e+00 -4.0741215149e+00  4.9952377569e+00
ENERGY -4.972453216483e+02
GRADIENT  2.6478168974e-05  2.1301454913e-05 -7.3706484097e-06  2.1012709157e-05 -8.7687734502e-06  1.0281876408e-05  8.7196965829e-04 -1.6973206254e-03 -2.5512843392e-03 -5.8548797491e-04  3.0994608216e-03  4.5913885186e-03 -4.1176722564e-05 -2.4673746740e-05  7.0812709257e-06  1.1883636531e-07  5.2557427801e-06  1.4360665174e-06 -2.5710257067e-06  8.6449246070e-06  3.3175979364e-06  8.5042011559e-07 -4.5369629430e-06  3.6900717295e-06  7.4647358717e-06  4.1489043072e-05 -2.4341687136e-05 -1.8793810435e-06 -7.5823731508e-06 -2.2439432519e-06 -3.2228075864e-03 -3.2094165448e-03 -4.4313827367e-03 -2.1783161419e-06 -2.7110831492e-06  2.0170715145e-06  9.2479309142e-07  1.8523896915e-06 -3.3603977718e-06  1.1624144623e-06  6.5576827089e-06 -2.0632707292e-06 -4.7099522998e-07  3.3307500332e-06  6.2226173751e-07 -2.2817369107e-06  1.8515946075e-06 -3.6390663468e-06 -1.9678012562e-06  3.0527941934e-06 -2.1586891213e-06 -3.0505094977e-07  1.6934554233e-06 -1.1432788538e-06 -1.3326191847e-06  2.9184863832e-06 -1.2397779735e-06 -2.1884358477e-06  1.0720261945e-06  1.6774259550e-06 -2.1124741036e-06  3.3545968801e-07 -5.5088660641e-07 -9.2113635564e-07 -1.9099236049e-06  9.6943909894e-07 -3.3045932885e-07  2.1436563574e-06  1.9819930225e-06  2.9294899433e-03  1.8094600248e-03  2.3907866084e-03

JOB 8
COORDS -5.0584944906e-01 -2.2491564892e+00  3.2291315913e+00 -5.6345596420e-01 -1.1664138802e+00  2.3556263142e+00 -2.8646261392e+00 -2.5792657697e+00  2.8578366924e+00 -1.6793618947e+00 -2.9658755326e+00  3.5036230674e+00 -1.8051158239e+00 -8.5946950806e-01  1.7963739734e+00 -1.0687294570e+00  4.9775388765e-02 -3.8086697526e-01 -1.5214108154e+00  1.5816965537e+00  1.5122261230e+00 -3.3716132447e+00  4.5475557347e-01  3.6220089159e-01 -2.9141172170e+00 -1.5294624816e+00  2.0297418876e+00 -1.9405322288e+00  2.9848109091e-01  8.3037087976e-01 -1.5893577349e+00 -4.0752420789e+00  4.2836730986e+00  4.2598060570e-01 -2.5472728555e+00  3.6995718282e+00  3.3792267947e-01 -6.0235487646e-01  2.1401043387e+00 -3.7930575917e+00 -3.1247258106e+00  3.0159824507e+00 -1.1992501968e+00  8.7598528627e-01 -1.0803562060e+00 -2.7102329232e-02 -1.2160577420e-02 -7.1850843419e-02 -1.3773951043e+00 -8.8916561423e-01 -8.3933309022e-01 -1.6509642884e+00  2.4071138975e+00  8.1168978334e-01 -2.1502662939e+00  1.7261495555e+00  2.3901609080e+00 -4.7716691793e-01  1.5115735102e+00  1.8101354753e+00 -3.3941113583e+00  1.3023345908e+00 -3.2261602836e-01 -3.6870620204e+00 -4.5702018644e-01 -1.3845374857e-01 -4.0122672325e+00  6.3422356114e-01  1.2220541006e+00 -2.3473404872e+00 -4.1498255236e+00  4.8877526052e+00
ENERGY -4.972472936729e+02
GRADIENT  5.5691916587e-04 -1.6613726510e-04  2.6757681930e-04 -3.6009993514e-04 -2.7139938928e-04  1.1140737501e-04  6.8513634659e-04 -2.0899739000e-03 -2.5881472349e-03 -9.3132318071e-04  3.8578646317e-03  4.8591336023e-03 -5.5961277105e-05  1.3009871337e-04 -1.4332339913e-04 -8.6648071464e-06  8.3447772422e-06  3.3450957027e-06 -2.1536157616e-06  8.5102338196e-06 -6.6000990703e-06 -7.7016193576e-07  2.2375509009e-05 -1.5307500197e-05  1.6370524387e-04  9.5980022534e-06  4.2204341734e-05 -2.4840613815e-05  2.7217138084e-05 -3.1856191509e-05 -2.2273433475e-03 -3.8349702248e-03 -5.5841381042e-03  4.7385590557e-05 -1.5253337156e-05  2.7254024746e-05 -2.2720712872e-05 -3.7744095926e-05  2.6091237296e-05 -3.5954396394e-05 -3.5951601449e-06 -1.8141861027e-05  1.2264067443e-06  2.6090720642e-06  4.9514544940e-07  1.1785746463e-06  1.3396533508e-06 -1.2859877783e-06 -2.8000413298e-06  2.8753750726e-06 -2.2860794925e-06 -1.4297123622e-06  1.7014967744e-06 -1.1181753911e-06 -1.2015405190e-06  1.6452527100e-06 -1.4535942339e-07 -1.1937966853e-06  1.4400671782e-06  1.3204545293e-06 -3.9473327067e-06  3.9146624663e-06 -2.0978949675e-06 -2.2102507650e-06  6.0102085896e-06 -2.9084073979e-07 -1.1669984651e-06  3.3474525642e-06 -6.0225099048e-06  2.2123491800e-03  2.3884816708e-03  3.0424214530e-03

JOB 9
COORDS -4.9599143719e-01 -2.2439983152e+00  3.2365536215e+00 -5.5593911605e-01 -1.1665447404e+00  2.3585476729e+00 -2.8572799294e+00 -2.5716857855e+00  2.8802653727e+00 -1.6689365205e+00 -2.9605680777e+00  3.5198638429e+00 -1.7998604931e+00 -8.6091658490e-01  1.8016624095e+00 -1.0689455094e+00  4.2490669390e-02 -3.7999046235e-01 -1.5198442239e+00  1.5792303349e+00  1.5092964298e+00 -3.3707054045e+00  4.4586169034e-01  3.6681322479e-01 -2.9079828067e+00 -1.5277967753e+00  2.0454500042e+00 -1.9385157946e+00  2.9325208659e-01  8.3230922865e-01 -1.5723271627e+00 -4.0460446321e+00  4.3245292884e+00  4.3730899937e-01 -2.5385849968e+00  3.7061948382e+00  3.4540128930e-01 -6.0455597761e-01  2.1374362282e+00 -3.7889798225e+00 -3.1090703578e+00  3.0491544560e+00 -1.2011793539e+00  8.6697588909e-01 -1.0812158646e+00 -2.6678765378e-02 -1.8005210383e-02 -7.2845002957e-02 -1.3777388154e+00 -8.9774651033e-01 -8.3568480640e-01 -1.6518697684e+00  2.4024258973e+00  8.0657829866e-01 -2.1470223119e+00  1.7253183877e+00  2.3881472625e+00 -4.7490665479e-01  1.5112345194e+00  1.8053347392e+00 -3.3960463999e+00  1.2906177071e+00 -3.2138365451e-01 -3.6859939137e+00 -4.6836690551e-01 -1.2952816244e-01 -4.0096275441e+00  6.2783953806e-01  1.2274106577e+00 -2.4143666758e+00 -4.2321588607e+00  4.7738542358e+00
ENERGY -4.972491408285e+02
GRADIENT  4.9627702648e-05  2.5640958640e-05  1.7851075087e-06  5.4438457959e-06  1.7906733668e-06  4.1260296262e-05  7.0716434954e-04 -1.6024631751e-03 -2.2422799336e-03 -8.1538828722e-04  3.0582183154e-03  4.1718858493e-03 -6.1441460236e-05 -1.0980048091e-05  8.2080971605e-06 -3.8423130002e-06  6.2483536234e-06 -5.8617444087e-06  1.5218512475e-06 -5.0484017849e-07  3.2118898617e-06  7.2122378829e-07 -8.3201886923e-07  8.6860973765e-07  4.3113618615e-07  5.3036645493e-05 -6.6803794298e-06 -1.1772910612e-07 -9.4665217386e-06 -8.7487252140e-06 -8.9462300482e-04 -3.6026015043e-03 -4.7523701121e-03 -1.7851415067e-06 -6.7467859429e-06 -6.4844989303e-08  1.0761689695e-06 -4.3364912625e-06 -1.1349305742e-05 -1.8122103317e-06  1.1406862384e-05 -1.2872238693e-06  3.8736475138e-06  1.6642223776e-06 -3.6430055741e-06 -1.1927242760e-06  1.0741214370e-06 -1.9845729560e-06 -1.8512973833e-06  3.9172548043e-06 -2.4643821357e-06 -4.0871888997e-06 -2.6153172977e-06 -4.4692764925e-06 -5.2244105493e-07  1.5238050734e-06  3.4621420466e-07 -1.0904431725e-06  1.9258220422e-06 -7.5928585519e-07 -3.0882919559e-06  2.0067990571e-06  1.9476541843e-07 -1.1398328736e-06  8.7251609343e-07 -1.2967864211e-06 -4.9346039287e-07  7.3137449966e-07  1.4518405695e-06  1.0052194012e-03  2.1251896595e-03  2.7877660094e-03

JOB 10
COORDS -4.9248986240e-01 -2.2288415800e+00  3.2442089924e+00 -5.5365158971e-01 -1.1562144169e+00  2.3616984668e+00 -2.8552357134e+00 -2.5562477821e+00  2.8974318535e+00 -1.6643136831e+00 -2.9474418846e+00  3.5311280950e+00 -1.7985536270e+00 -8.5452789448e-01  1.8035254195e+00 -1.0734131497e+00  3.9934897941e-02 -3.8330996850e-01 -1.5186432250e+00  1.5844459140e+00  1.5007956829e+00 -3.3729503745e+00  4.4672801130e-01  3.6859844573e-01 -2.9059076815e+00 -1.5196038135e+00  2.0540994922e+00 -1.9394899089e+00  2.9570530354e-01  8.3036211659e-01 -1.5672273517e+00 -4.0067876470e+00  4.3646037039e+00  4.4146816125e-01 -2.5190547407e+00  3.7152052408e+00  3.4733313989e-01 -5.9483757321e-01  2.1375345811e+00 -3.7893709108e+00 -3.0869372175e+00  3.0758384867e+00 -1.2073119173e+00  8.6157854299e-01 -1.0875743813e+00 -3.0333304074e-02 -1.9606039601e-02 -7.8644946922e-02 -1.3836129129e+00 -9.0210698173e-01 -8.3428312236e-01 -1.6526145269e+00  2.4048656996e+00  7.9519064775e-01 -2.1430769005e+00  1.7341044563e+00  2.3809908103e+00 -4.7281931083e-01  1.5175819235e+00  1.7939068338e+00 -3.4004301233e+00  1.2890043840e+00 -3.2254520861e-01 -3.6896844258e+00 -4.6926524697e-01 -1.2358140361e-01 -4.0092637296e+00  6.3173133856e-01  1.2304915368e+00 -2.4444955323e+00 -4.3130730085e+00  4.6520633925e+00
ENERGY -4.972504359164e+02
GRADIENT -4.0272155595e-04  1.2087037974e-04 -2.0147664166e-04  3.3192147881e-04  2.3525079300e-04 -1.1026481054e-04  4.4253863867e-04 -7.7004670939e-04 -1.3280018261e-03 -4.5646986402e-04  1.5849293618e-03  2.5422661049e-03  3.1005833016e-05 -1.7575661212e-04  1.6767746186e-04  5.3538577633e-06 -1.9510715525e-05 -8.8582124384e-06  1.1638712957e-05 -3.0263866060e-06  1.7784278489e-06 -2.0442697038e-07 -2.0530704940e-05  2.7293912955e-05 -1.3773875403e-04  1.2163198273e-05 -8.1233301330e-05  9.6563139034e-06 -3.4887683996e-05  5.0747762087e-05  5.7277754476e-05 -2.2035926819e-03 -2.6701455946e-03 -3.1925637755e-05  2.4203246914e-05 -2.0526263871e-05  2.4350316866e-05  3.8163116176e-05 -1.1708777103e-05  1.7439703265e-05  9.4042760264e-06  9.4079757253e-06 -9.1267818423e-06  9.5291732517e-07 -2.4198968572e-06 -1.6323592706e-06  4.7118738316e-06  8.7283547327e-07  2.6077701867e-06 -4.3870261735e-07  2.4681617538e-06  1.8075712729e-06  2.8412722517e-06 -9.3396202411e-07 -2.5897583314e-07  4.3223465128e-06 -2.2891105908e-06 -2.1183000594e-06  6.1319562732e-06 -3.9195264984e-06 -1.6342958121e-06  1.2474208377e-06  5.7382736866e-06  2.5458762653e-06 -5.0950093203e-06 -3.6901305545e-06 -1.8823745381e-06 -3.1865663923e-06  1.1786945274e-05  8.6247928124e-05  1.2500673549e-03  1.6009363692e-03

JOB 11
COORDS -4.9139096285e-01 -2.2261418301e+00  3.2536365928e+00 -5.5309318097e-01 -1.1579687074e+00  2.3662530774e+00 -2.8567061587e+00 -2.5449025341e+00  2.9192310248e+00 -1.6636231812e+00 -2.9433637185e+00  3.5442126208e+00 -1.7978617492e+00 -8.5595355023e-01  1.8072936096e+00 -1.0721119141e+00  3.2555429424e-02 -3.8216028385e-01 -1.5167648583e+00  1.5817770627e+00  1.4980663890e+00 -3.3714361133e+00  4.4226338199e-01  3.6835061626e-01 -2.9061690261e+00 -1.5156230160e+00  2.0668144354e+00 -1.9381574042e+00  2.9152780038e-01  8.3074747915e-01 -1.5731877421e+00 -3.9747238918e+00  4.4111872822e+00  4.4299539253e-01 -2.5152646374e+00  3.7244536037e+00  3.4894904007e-01 -6.0051905561e-01  2.1366637092e+00 -3.7940887989e+00 -3.0656967936e+00  3.1099749647e+00 -1.2047492930e+00  8.5305491442e-01 -1.0879989665e+00 -2.9157557448e-02 -2.7636681583e-02 -7.7203945033e-02 -1.3832807379e+00 -9.0991624251e-01 -8.3156024740e-01 -1.6504777736e+00  2.4005595535e+00  7.9050662165e-01 -2.1410578944e+00  1.7336614346e+00  2.3779787772e+00 -4.7095398307e-01  1.5150331636e+00  1.7912925301e+00 -3.3981064436e+00  1.2822289287e+00 -3.2564032254e-01 -3.6888657996e+00 -4.7507770597e-01 -1.2090647209e-01 -4.0077448329e+00  6.3061931013e-01  1.2294776760e+00 -2.4367378398e+00 -4.4021359424e+00  4.5448339869e+00
ENERGY -4.972509007197e+02
GRADIENT -2.8054614180e-04  2.3353477662e-04 -1.8438766224e-04  4.7689038650e-05  6.6771543692e-05  6.0595599785e-05  3.3916953387e-04  1.8015211591e-04 -1.3734309560e-04  8.1840226454e-05 -4.4517425620e-04  1.0818335461e-04 -5.9505155683e-05  1.1489450160e-04 -3.0344840993e-05 -1.0561667455e-05  1.2046805169e-05 -2.3636178833e-05  3.9901362091e-06 -1.7128625942e-05 -1.3460683833e-05 -4.1235814001e-06  2.4567079174e-05 -1.5372967389e-05 -2.3425469375e-05  1.3461109333e-05  1.1477191454e-05  1.3947287299e-05  2.5450574612e-05 -2.8034561390e-05 -1.2486710928e-04 -1.5923243340e-04  1.9487605126e-04 -5.1602731737e-05 -2.3273887523e-05 -7.1386127131e-06 -1.0025793339e-05  1.2652893410e-05 -4.3315990335e-05  3.8846734395e-05  3.4151996575e-05  3.4193764893e-05  2.4618620319e-07 -2.9942638639e-06 -1.2097900467e-05 -2.7828879415e-06  4.6098057198e-06 -1.1622144777e-06  1.0239138358e-06  9.3794496879e-07  2.3040395957e-06 -2.5680799169e-08 -3.0028109716e-06 -5.0267100913e-06 -2.5923793014e-06  2.9018670757e-06 -1.2074273749e-06  9.3171561211e-08  5.4238093876e-06 -3.6699033303e-06  2.0127987615e-06  1.0475732691e-05  9.7740842007e-07 -2.8989487190e-06  1.7699688340e-05 -4.9554801013e-06 -3.7934437067e-07 -1.5648003733e-06 -6.0322381113e-06  2.7712220654e-05 -5.2837774237e-05  7.3316761699e-05

JOB 12
COORDS -5.1243601464e-01 -2.1709781071e+00  3.3133033369e+00 -5.6897165545e-01 -1.1107493282e+00  2.4156224710e+00 -2.8634098576e+00 -2.5335664727e+00  2.9238467553e+00 -1.6774235882e+00 -2.9098985915e+00  3.5755638074e+00 -1.8036716999e+00 -8.3996172604e-01  1.8202689396e+00 -1.0119062508e+00  8.3276404570e-02 -3.3361921102e-01 -1.6025101752e+00  1.6058406247e+00  1.5281862813e+00 -3.3572529261e+00  3.9948268127e-01  3.0983066754e-01 -2.9074975038e+00 -1.5157136482e+00  2.0575801380e+00 -1.9422584360e+00  3.0305593191e-01  8.3836395017e-01 -1.5997562958e+00 -3.9118741374e+00  4.4791846693e+00  4.1371320861e-01 -2.4382150692e+00  3.8124592843e+00  3.2796548395e-01 -5.3730964085e-01  2.2061815170e+00 -3.7969776079e+00 -3.0659788873e+00  3.1000855515e+00 -1.1449651140e+00  9.0069421143e-01 -1.0428690057e+00  1.7829592412e-02  6.4196795541e-02  1.7683703604e-02 -1.2641230424e+00 -8.6895023260e-01 -7.9914119747e-01 -1.7347419294e+00  2.4223560208e+00  8.1766879551e-01 -2.2724415790e+00  1.7291601598e+00  2.3784955556e+00 -5.6969454828e-01  1.5767546702e+00  1.8699959722e+00 -3.3827064086e+00  1.2359376730e+00 -3.8842247979e-01 -3.6170860246e+00 -5.3047325610e-01 -1.8982502933e-01 -4.0395522336e+00  5.6602331405e-01  1.1394883755e+00 -2.3887942449e+00 -4.4797591703e+00  4.4476638179e+00
ENERGY -4.972504351576e+02
GRADIENT -4.8314562961e-04  1.5759946388e-04 -2.6860903046e-04  4.4257330548e-04  3.3522674763e-04 -1.6084206344e-04 -2.8215355077e-04  1.1857953349e-03  1.0768195800e-03  8.3593102277e-04 -2.0787290259e-03 -1.9915452153e-03  8.7958586889e-05 -2.7223872304e-04  2.1330424692e-04  1.5485645917e-05 -5.7084922185e-06  1.4910344461e-05 -6.8454599012e-07  6.8043072943e-06  1.7553860326e-05  4.7987622314e-07 -3.0878813910e-05  1.6307729987e-05 -1.6712040879e-04  2.8188458347e-05 -6.8047187317e-05  1.1782304853e-05 -7.8017993757e-05  6.7381320830e-05 -1.4070131934e-03  1.9590305047e-03  2.4770586528e-03 -3.1834383106e-05  2.7583173801e-05 -4.1760372378e-05  4.3506537872e-05  3.9530271696e-05 -3.9669010962e-05  2.3123223721e-05 -1.8251359239e-05 -1.4549185622e-05 -3.1970143592e-06  4.2515629174e-06  1.7615286465e-06  1.7606385076e-06  4.3868859862e-06  5.5294775190e-07 -8.1979294377e-07  2.8571627968e-06 -3.5353262414e-06 -8.6835669990e-06  2.0259421856e-06 -1.9782806826e-06  4.0371504442e-06 -2.5155624648e-06  5.2220184819e-07  1.4800307449e-06 -2.4146042024e-06 -5.9519712033e-06  1.1212323029e-06 -6.3012398875e-06 -2.0780884739e-06  8.3251999988e-07 -1.1975050171e-05 -1.3793472052e-07 -2.3804634219e-06  4.0163019202e-06  6.1327162137e-06  9.0554040586e-04 -1.2196713463e-03 -1.3526482327e-03

JOB 13
COORDS -5.2184794618e-01 -2.1683362279e+00  3.3275979793e+00 -5.7511261695e-01 -1.1105633013e+00  2.4255689401e+00 -2.8745034131e+00 -2.5217366150e+00  2.9400041325e+00 -1.6883561998e+00 -2.9039699358e+00  3.5876076642e+00 -1.8073629741e+00 -8.3961684022e-01  1.8263962272e+00 -1.0118015585e+00  7.3616172599e-02 -3.3034463728e-01 -1.5966980020e+00  1.6048378132e+00  1.5264044100e+00 -3.3560792115e+00  4.0176122747e-01  3.1159098541e-01 -2.9143697615e+00 -1.5098202886e+00  2.0661351891e+00 -1.9414741216e+00  3.0115275741e-01  8.4066969607e-01 -1.6268885235e+00 -3.8851504396e+00  4.5195672615e+00  4.0215590884e-01 -2.4354090235e+00  3.8308679763e+00  3.2316266291e-01 -5.3948398681e-01  2.2155533423e+00 -3.8106520390e+00 -3.0459065475e+00  3.1250524134e+00 -1.1413243074e+00  8.8929867049e-01 -1.0422288761e+00  1.7762937277e-02  5.1226291555e-02  2.1290605787e-02 -1.2680155837e+00 -8.7897803621e-01 -7.9293702578e-01 -1.7255454152e+00  2.4194048430e+00  8.1306083333e-01 -2.2664460512e+00  1.7336799294e+00  2.3760479796e+00 -5.6412094390e-01  1.5729645088e+00  1.8685954947e+00 -3.3779604688e+00  1.2364343533e+00 -3.8891767305e-01 -3.6195679865e+00 -5.2845133429e-01 -1.8564916133e-01 -4.0378808016e+00  5.7321092944e-01  1.1406384252e+00 -2.3017000981e+00 -4.5675247527e+00  4.3629133273e+00
ENERGY -4.972491408468e+02
GRADIENT  3.6745418886e-05  1.5204871807e-05 -5.1439374946e-06  2.4238148164e-05 -2.2812070461e-05  6.1692789757e-07 -4.9098489951e-04  1.8776126076e-03  2.0538418986e-03  1.3704770602e-03 -3.4262725414e-03 -3.7578645344e-03 -4.8423816978e-05 -2.2246723873e-05  4.3669477463e-07  2.7653989957e-06  7.6027457913e-07 -1.2530499409e-06 -4.0721718132e-06  3.2175084450e-06 -3.9569070828e-06 -8.9408507017e-07 -1.7075002340e-07 -1.9197378375e-06  1.6595914822e-05  2.2141058611e-05 -3.2149458728e-05 -2.5268370781e-07  2.8897757726e-06  6.2072471674e-06 -3.2509467417e-03  3.4059373744e-03  3.7883526194e-03 -3.4501255079e-06 -1.9372100478e-06  3.2506362954e-06 -2.4813633674e-06  8.7374228871e-06  1.7473318994e-06 -1.3237071421e-07  5.2066479645e-06 -3.1432469464e-06 -4.3800652751e-06  1.8161523863e-06  3.6825214329e-07 -6.5353872979e-07  8.8100769809e-07 -1.3299032117e-06 -1.3087496078e-07  2.2607880185e-07 -1.4232147338e-06  1.7074196307e-06  2.9620039001e-06 -1.1078457409e-06 -1.5862339975e-06  2.1444807199e-06 -3.7603741363e-06 -3.9836733285e-07  8.2719371046e-07 -1.3011627043e-06 -1.2394348472e-06 -4.8922444065e-07 -3.2861891481e-06 -8.2033250437e-07  7.3234560832e-08 -9.4863332228e-07 -9.5609313395e-07  1.4115658368e-06 -2.5427810137e-06  2.3495430346e-03 -1.8456075099e-03 -2.0870525181e-03

JOB 14
COORDS -5.3468575374e-01 -2.1617799048e+00  3.3229069946e+00 -5.8255188247e-01 -1.1064612694e+00  2.4156244766e+00 -2.8894160073e+00 -2.5000913548e+00  2.9422381432e+00 -1.7038615939e+00 -2.8894091068e+00  3.5861104796e+00 -1.8134928864e+00 -8.3261326200e-01  1.8171954267e+00 -1.0126832891e+00  7.5248022173e-02 -3.4046820076e-01 -1.5974553283e+00  1.6105807595e+00  1.5133734158e+00 -3.3574170663e+00  4.0911120495e-01  2.9723066683e-01 -2.9256025276e+00 -1.4934179607e+00  2.0618267517e+00 -1.9437001416e+00  3.0659750190e-01  8.2865410786e-01 -1.6623195431e+00 -3.8549605478e+00  4.5420164633e+00  3.8779052075e-01 -2.4306023447e+00  3.8280991635e+00  3.1826311361e-01 -5.4070334820e-01  2.2021516278e+00 -3.8280772026e+00 -3.0149254567e+00  3.1379630198e+00 -1.1399061078e+00  8.8989824920e-01 -1.0539145807e+00  1.6409799937e-02  5.1882979045e-02  1.2395913016e-02 -1.2699121435e+00 -8.7761837412e-01 -8.0195626036e-01 -1.7257662461e+00  2.4245385055e+00  7.9925850014e-01 -2.2670205575e+00  1.7408189822e+00  2.3629577917e+00 -5.6486342686e-01  1.5779093821e+00  1.8554389162e+00 -3.3760959825e+00  1.2418098708e+00 -4.0570608854e-01 -3.6223474516e+00 -5.2191434731e-01 -1.9778305764e-01 -4.0400478237e+00  5.8449899453e-01  1.1247309942e+00 -2.1828821236e+00 -4.6346698261e+00  4.2849813406e+00
ENERGY -4.972472948315e+02
GRADIENT  6.0329438370e-05 -9.7943158731e-05  8.5411118856e-05 -1.3273228835e-04 -1.7970185004e-05  1.1264439695e-05 -3.3777503989e-04  2.5354990544e-03  2.2679059724e-03  1.7921351722e-03 -4.1571256857e-03 -4.2899614422e-03 -7.8294118857e-05 -8.1705409214e-05  6.3309975653e-05  4.4893543155e-06 -9.7840135866e-06  3.2246630251e-06  3.1659016013e-06 -3.5357385901e-06  1.3584410412e-05  1.0164820495e-05 -1.8163484233e-05  1.4690100492e-05 -9.5089704827e-05  8.2434188739e-05 -9.7643979460e-05 -4.3194825890e-05 -1.6405012157e-05 -1.1056555796e-05 -4.8001726929e-03  3.5240493275e-03  3.8710398953e-03  8.1026219308e-06 -5.1399454039e-06  7.9949394315e-08  3.5879679366e-06 -2.6193156780e-05  7.8977857662e-06  9.6485470881e-06  3.7806571602e-05 -1.6045393120e-05  1.1609024273e-06 -4.5036631479e-07 -2.8224278275e-06 -1.4447757368e-06  4.1103421162e-06 -1.0849069203e-05  2.2568440739e-06  2.0664332985e-06 -3.9875811279e-06 -5.1702859687e-06 -9.2107363744e-07 -2.3598061074e-06  2.4496476252e-06  9.4526636259e-07  5.6943713893e-07 -4.8194025234e-06  9.1065740550e-06 -5.4614434065e-06 -6.3358270615e-06 -3.9124169581e-06  3.6479728096e-07  5.1358094882e-06 -1.3495265621e-05 -1.0141366614e-06  2.1211207755e-07 -1.5596869823e-06  1.3966143692e-05  3.5980248317e-03 -1.7149915023e-03 -1.9702684561e-03

JOB 15
COORDS -5.5281475450e-01 -2.1645802989e+00  3.3342306521e+00 -5.9156310531e-01 -1.1110754018e+00  2.4226741038e+00 -2.9086075002e+00 -2.4898241356e+00  2.9531950070e+00 -1.7261135344e+00 -2.8834716297e+00  3.5981538655e+00 -1.8204834309e+00 -8.3299395723e-01  1.8234861876e+00 -1.0115796481e+00  6.6338639448e-02 -3.3506816644e-01 -1.5909626388e+00  1.6085272617e+00  1.5150609295e+00 -3.3556114561e+00  4.1484203311e-01  2.9777655524e-01 -2.9378838367e+00 -1.4852106582e+00  2.0690693909e+00 -1.9432622477e+00  3.0523044721e-01  8.3198889665e-01 -1.7089331681e+00 -3.8426203254e+00  4.5682047821e+00  3.6647958927e-01 -2.4355223943e+00  3.8441804927e+00  3.1202004741e-01 -5.4972682149e-01  2.2092037792e+00 -3.8492366995e+00 -2.9980287292e+00  3.1545991646e+00 -1.1333315069e+00  8.8031092724e-01 -1.0502056532e+00  1.6811201859e-02  3.8011498299e-02  1.9445042790e-02 -1.2734319855e+00 -8.8590553465e-01 -7.9527229447e-01 -1.7137285277e+00  2.4217329360e+00  7.9914829903e-01 -2.2613137328e+00  1.7440631759e+00  2.3632084628e+00 -5.5913637702e-01  1.5708833879e+00  1.8589010144e+00 -3.3678755723e+00  1.2462190371e+00 -4.0687199777e-01 -3.6251498354e+00 -5.1555633328e-01 -1.9590153707e-01 -4.0388003048e+00  5.9590863275e-01  1.1235488234e+00 -2.0366007465e+00 -4.6953784932e+00  4.2363153237e+00
ENERGY -4.972453216351e+02
GRADIENT  4.5943501591e-05  4.5541293408e-05 -2.1233624817e-05  2.7655705066e-05 -2.0847460886e-05  1.8382320842e-05 -5.3704032511e-04  2.1577192269e-03  2.3046961250e-03  1.7142104395e-03 -3.7048991636e-03 -3.7817708569e-03 -1.3015455406e-05  1.9750568860e-05 -2.0248254428e-05  7.0865684761e-07  6.6427790096e-07 -8.3712719407e-06 -2.0320171904e-06  1.6449683382e-06 -1.2873965263e-05 -5.0339010990e-06  6.0927773409e-06 -8.7382349930e-06  5.8590385811e-05 -1.0301633694e-05 -6.4965277261e-06  1.0572496762e-05  1.2113428291e-05  9.6013046711e-06 -5.1791228964e-03  2.5878855314e-03  2.6094916489e-03  1.5171694263e-06 -3.7627601542e-06  3.3658273013e-06 -2.4860457622e-06  1.0089183172e-05 -5.7949067428e-06 -7.5438851654e-06 -9.8496958760e-06 -1.8484048650e-06 -3.4739294872e-06  3.0226719318e-06  5.3763309165e-07 -3.2779959607e-07 -2.9226400393e-06  2.7064521207e-06 -2.4504416070e-06  3.0028915527e-07 -1.8531847389e-06  1.9479604387e-06  1.9601675883e-06 -1.8112837228e-06 -2.5951039852e-06  1.8293008043e-06 -4.2921914611e-06  2.4820453565e-06 -1.6716019713e-06 -1.2549575605e-06 -2.6552204356e-07  1.7781417960e-06 -2.6707015749e-06 -2.1723944614e-06  6.2712555157e-06 -2.9030639800e-06 -1.6880363039e-06 -6.4060062599e-07 -6.9697738630e-06  3.8967705802e-03 -1.0770778379e-03 -1.1102311479e-03

JOB 16
COORDS -5.7149580858e-01 -2.1629971072e+00  3.3357018330e+00 -6.0227765366e-01 -1.1117326079e+00  2.4196740036e+00 -2.9271556779e+00 -2.4770581109e+00  2.9495538829e+00 -1.7497250417e+00 -2.8718682175e+00  3.6008939334e+00 -1.8293409808e+00 -8.2825155762e-01  1.8200861460e+00 -1.0134951947e+00  6.2143874536e-02 -3.3994903050e-01 -1.5864625440e+00  1.6113306721e+00  1.5068092609e+00 -3.3564337972e+00  4.2451856902e-01  2.9011626836e-01 -2.9516208324e+00 -1.4725043035e+00  2.0644453788e+00 -1.9449675100e+00  3.0862242415e-01  8.2570760799e-01 -1.7607959325e+00 -3.8336466741e+00  4.5741713639e+00  3.4536316738e-01 -2.4345807874e+00  3.8498861743e+00  3.0405505513e-01 -5.5477601146e-01  2.2063640619e+00 -3.8684293831e+00 -2.9823029858e+00  3.1532868586e+00 -1.1307413072e+00  8.7496980619e-01 -1.0571129000e+00  1.4497698224e-02  2.9628958903e-02  1.5323272554e-02 -1.2798165960e+00 -8.8980543156e-01 -7.9821965160e-01 -1.7054334348e+00  2.4237583398e+00  7.8940591233e-01 -2.2563165557e+00  1.7515708058e+00  2.3545958690e+00 -5.5485394865e-01  1.5695251334e+00  1.8507811637e+00 -3.3635954247e+00  1.2544652182e+00 -4.1627481159e-01 -3.6304921524e+00 -5.0551533200e-01 -2.0176417793e-01 -4.0392860999e+00  6.1091624064e-01  1.1149845487e+00 -1.8657960319e+00 -4.7241030728e+00  4.1992032147e+00
ENERGY -4.972437192740e+02
GRADIENT  1.1655281673e-04  2.2905791060e-06  3.1042713045e-06 -1.2097357453e-05 -2.2497793624e-05  8.7448780566e-06 -1.5897807966e-04  1.5971304895e-03  1.3755627118e-03  1.1452695871e-03 -2.3007947942e-03 -2.2577900738e-03 -1.3643869396e-04 -1.2825549817e-04  6.8396996520e-05  6.4599254043e-06 -1.4825467552e-05 -8.2039828075e-06  6.5379955159e-06 -1.8416391494e-06  3.3907160878e-06  9.1989930095e-06 -2.3331624563e-05  2.4204789386e-05 -5.6723542285e-05  1.2446984133e-04 -1.2793690427e-04 -3.9984440255e-05 -2.1757884202e-05  2.2577926313e-05 -3.6593992419e-03  1.0630336162e-03  1.0362739875e-03  7.6658486529e-07 -9.7375262511e-06  8.8084056427e-06  5.8612556498e-06 -4.2122732788e-06  1.3654581715e-05  5.4085014615e-06  2.4875051599e-05 -2.5774040168e-05 -6.6303280413e-07  1.6939087676e-06  4.3581246884e-07 -1.7095698456e-06 -3.1661984846e-06 -5.5262887409e-06  9.2261475702e-07  1.7032132856e-06 -4.3359549016e-06  3.6891430464e-07 -1.6171421324e-06 -3.2947226423e-06 -1.9160500844e-08  3.3082231887e-06 -2.1849796641e-06 -5.6260805737e-06  8.6978222408e-06 -3.0366529565e-06 -8.0789847701e-06 -4.0888206532e-06  1.9799628290e-06  5.4196709309e-06 -1.3684718631e-05 -2.4608252314e-06 -9.8248571929e-07 -5.4287260033e-06  1.5880129929e-05  2.7838887579e-03 -2.4631723539e-04 -1.9666617534e-04

JOB 17
COORDS -5.9154354163e-01 -2.1638313389e+00  3.3375011565e+00 -6.1432747433e-01 -1.1144818253e+00  2.4183844204e+00 -2.9466330428e+00 -2.4715022340e+00  2.9415667022e+00 -1.7749922909e+00 -2.8637222731e+00  3.6030212038e+00 -1.8394045303e+00 -8.2468452364e-01  1.8178707836e+00 -1.0166054061e+00  5.6356990660e-02 -3.4366512835e-01 -1.5799848672e+00  1.6126941548e+00  1.5001526852e+00 -3.3574235010e+00  4.3600242961e-01  2.8445156087e-01 -2.9651485439e+00 -1.4641573566e+00  2.0587466082e+00 -1.9469446846e+00  3.1132085113e-01  8.2108136803e-01 -1.8148531358e+00 -3.8370920080e+00  4.5665205864e+00  3.2371604976e-01 -2.4353177245e+00  3.8549085668e+00  2.9481760912e-01 -5.6161983114e-01  2.2063979504e+00 -3.8873027242e+00 -2.9787055242e+00  3.1416832347e+00 -1.1283503109e+00  8.6842055818e-01 -1.0625636612e+00  1.1007855286e-02  1.7926648765e-02  1.2120719808e-02 -1.2890204286e+00 -8.9474570632e-01 -8.0012603291e-01 -1.6935783036e+00  2.4246313602e+00  7.8134445637e-01 -2.2490528234e+00  1.7588123020e+00  2.3475723408e+00 -5.4868672939e-01  1.5648365511e+00  1.8442818542e+00 -3.3584030553e+00  1.2652302183e+00 -4.2282327113e-01 -3.6375347733e+00 -4.9266973495e-01 -2.0651570054e-01 -4.0395336119e+00  6.2795677722e-01  1.1086669215e+00 -1.6803004484e+00 -4.7224214911e+00  4.1889311906e+00
ENERGY -4.972429545759e+02
GRADIENT  1.0738500165e-04  1.9281790558e-05 -3.2532787331e-05  1.2432285924e-05 -3.8066884391e-05  1.6872585894e-05 -1.1476305969e-04  1.5636679191e-04  3.1539468714e-04  1.7821755181e-04 -2.0811698741e-04 -3.8302775642e-04 -4.1524105094e-05 -1.6870885359e-05  2.7477734493e-06  7.3223938032e-06 -6.4166709562e-06 -1.0905861396e-05  1.2849749428e-06 -2.9420259802e-06 -8.2225068143e-06  1.2906949489e-06 -3.2941750501e-06  8.0098009171e-07  3.9227643058e-05  5.1136372204e-05 -4.7534673148e-05 -8.2364482972e-06  9.8977865777e-06  1.6178523209e-05 -6.7225170345e-04  4.1515994528e-05  1.9738259821e-05  9.4706852788e-06 -3.1759025189e-06  7.2888471777e-06 -2.5451358334e-06  8.5375656154e-06  5.2351985323e-06 -5.4803129742e-06 -4.6368505547e-06 -1.0130063123e-05 -2.6633045788e-06  2.9939282779e-06 -8.7443787704e-07 -2.8217791137e-06 -3.8851250496e-06 -9.3482673898e-07 -1.4193030847e-06  1.0378410082e-06 -3.1050502794e-06 -9.6664472546e-07  5.4338608676e-07 -1.9951014049e-06 -7.7881723088e-07  1.7427896136e-06 -2.6060563022e-06  1.7463708127e-06  3.6372941746e-06 -5.4967773114e-06 -3.2267612422e-06 -1.8205222310e-07 -1.3225147283e-06  4.9531732800e-07  8.0770938240e-07 -4.4607201716e-06 -1.2233887327e-06 -3.6037712540e-06  1.2421414108e-06  5.0890661828e-04  2.6739937546e-05  7.6004766654e-05

JOB 18
COORDS -6.1002516478e-01 -2.1689452207e+00  3.3384975809e+00 -6.2586451191e-01 -1.1203411376e+00  2.4182377696e+00 -2.9641422345e+00 -2.4704718364e+00  2.9299058214e+00 -1.7987162536e+00 -2.8610196498e+00  3.6032582645e+00 -1.8485957950e+00 -8.2261774878e-01  1.8166885280e+00 -1.0198210666e+00  5.1359998707e-02 -3.4552452404e-01 -1.5726196124e+00  1.6126451107e+00  1.4972252939e+00 -3.3580216986e+00  4.4700307221e-01  2.8265882561e-01 -2.9771637194e+00 -1.4589659873e+00  2.0522986076e+00 -1.9482607002e+00  3.1332663305e-01  8.1915416360e-01 -1.8659813868e+00 -3.8499582377e+00  4.5474621656e+00  3.0503684780e-01 -2.4406769593e+00  3.8565347912e+00  2.8659858542e-01 -5.7221937345e-01  2.2082012057e+00 -3.9038567672e+00 -2.9820977551e+00  3.1218045737e+00 -1.1263724695e+00  8.6342956709e-01 -1.0652209976e+00  7.5662838732e-03  6.6459656936e-03  1.0243289773e-02 -1.2984640261e+00 -8.9839547184e-01 -8.0102669746e-01 -1.6805315717e+00  2.4247945319e+00  7.7778045457e-01 -2.2408102567e+00  1.7640098203e+00  2.3444142337e+00 -5.4171752651e-01  1.5581616977e+00  1.8415771723e+00 -3.3537919657e+00  1.2763725057e+00 -4.2444010266e-01 -3.6441578362e+00 -4.7981780895e-01 -2.0827330374e-01 -4.0387670461e+00  6.4319033311e-01  1.1070443378e+00 -1.4985882845e+00 -4.6866442787e+00  4.2167619373e+00
ENERGY -4.972432827210e+02
GRADIENT  7.9325581713e-05 -5.0300441591e-06 -9.2326868368e-06  1.9327843386e-05 -1.0585598385e-05  5.5887305736e-07  3.3166918215e-04 -9.7202609993e-04 -1.0497341366e-03 -9.0110890252e-04  1.4592962810e-03  1.3835353070e-03 -9.9131493426e-05 -9.2908475276e-05  5.2997575390e-05  3.9825879692e-06 -1.1227978915e-05 -3.2881280457e-06  2.1875728714e-06 -6.1061385060e-06  9.3979949691e-07  3.0429240281e-06 -1.2179417843e-05  1.0726591066e-05 -2.1394108416e-05  8.1523658241e-05 -7.9785067537e-05 -1.6780777712e-05 -8.3314767127e-06  1.0668466486e-05  2.3602693292e-03  1.1361131688e-04  3.0627632099e-04  3.4412895629e-06  5.3081985013e-07  3.6748565616e-06  4.4056224709e-06  4.0711048061e-06  5.3198845628e-06  2.4900466889e-06  1.3857861762e-05 -2.0449236397e-05 -1.8281639373e-06  3.1464661442e-06  5.9774896023e-07  3.4622194477e-07 -1.8295926587e-06 -3.4439608154e-07 -8.9954137184e-07  2.1485138729e-06 -3.6433801514e-06 -2.8722446493e-06  3.1576988375e-07 -2.3424654667e-06  6.7073081933e-07  1.1343395955e-06 -1.0513767533e-06 -5.0289163424e-08  5.3115346313e-06 -5.2738470826e-06 -5.3418877638e-06 -1.2370739932e-06 -2.4064910101e-07  1.9707882414e-06 -5.5323080186e-06 -2.8241379375e-06 -1.8583173817e-06 -3.0768591375e-06  5.6614602740e-06 -1.7609040765e-03 -5.2289802275e-04 -6.5975589107e-04

JOB 19
COORDS -6.2472070641e-01 -2.1753071136e+00  3.3352114764e+00 -6.3730211184e-01 -1.1248770682e+00  2.4170936148e+00 -2.9783259296e+00 -2.4731879220e+00  2.9120927128e+00 -1.8171172249e+00 -2.8639523804e+00  3.5949422585e+00 -1.8567730667e+00 -8.1995992554e-01  1.8128369291e+00 -1.0244802372e+00  4.9589076126e-02 -3.4960529893e-01 -1.5655604600e+00  1.6137243566e+00  1.4938499437e+00 -3.3594235837e+00  4.5948868602e-01  2.8134357205e-01 -2.9866148523e+00 -1.4571560538e+00  2.0414663280e+00 -1.9499346987e+00  3.1690173170e-01  8.1623024371e-01 -1.9067449600e+00 -3.8667879925e+00  4.5167713231e+00  2.9134872159e-01 -2.4468652980e+00  3.8521276887e+00  2.7783937254e-01 -5.7986329818e-01  2.2107698150e+00 -3.9169198613e+00 -2.9903061106e+00  3.0938391885e+00 -1.1265542312e+00  8.6243882604e-01 -1.0691109725e+00  2.9335826596e-03 -1.7118611361e-03  5.2970353112e-03 -1.3095162529e+00 -8.9836730904e-01 -8.0487659772e-01 -1.6682297252e+00  2.4265931939e+00  7.7443434668e-01 -2.2323576595e+00  1.7696205782e+00  2.3413062713e+00 -5.3490718256e-01  1.5525846642e+00  1.8378475011e+00 -3.3512781474e+00  1.2900900488e+00 -4.2428023300e-01 -3.6514307867e+00 -4.6486303409e-01 -2.1069853251e-01 -4.0381221698e+00  6.5815971325e-01  1.1068836161e+00 -1.3367849183e+00 -4.6185044054e+00  4.2836944826e+00
ENERGY -4.972445916987e+02
GRADIENT  4.4000448778e-04 -1.7236898385e-04  3.8694849656e-04 -4.0868640664e-04 -1.4806072235e-04  1.0834365674e-04  5.4387298933e-04 -1.6484915865e-03 -1.9828984995e-03 -1.5220032441e-03  2.2681215674e-03  1.9977582963e-03 -1.3374547165e-04  4.4266108215e-05 -1.7166205349e-05 -2.8913448845e-07 -7.6060599518e-06 -1.4731905312e-07 -1.9042839521e-06 -9.3972208948e-06  2.4885814131e-06  1.1234942185e-05 -5.9190160428e-06 -2.3349421940e-06  1.6559394622e-05  4.5548721404e-05 -1.0047241302e-04 -5.1581853007e-05 -2.3776984673e-08 -3.4724198555e-05  3.9120845373e-03  1.2087806566e-03  1.5083276775e-03  3.9792754167e-05 -1.8167263797e-05  3.0266699268e-05 -9.2150590240e-06 -6.3217433996e-05  1.1925466825e-05 -3.0366365882e-05  4.0838373181e-05 -1.9706474320e-05  5.1810976254e-07  2.2564364125e-06  1.8952618787e-06 -8.5861247813e-07  2.5416560763e-06 -1.0231112205e-05  5.6463080961e-07  2.5214524290e-06 -4.5336288416e-06 -3.5479938124e-06  1.1900722887e-06 -1.5292439425e-06  2.5467881585e-06  3.2763474192e-06  1.2237418499e-06 -1.2441251464e-06  6.8160684649e-06 -1.7538776525e-06 -1.0546170276e-05 -2.5524791317e-08  2.0253429516e-07  3.4276141731e-06 -6.5699705860e-06 -1.0805842841e-06 -1.9483139072e-06 -7.6589999252e-07  9.2801304583e-06 -2.8012787318e-03 -1.5063954534e-03 -1.9414778536e-03

JOB 20
COORDS -6.3837429852e-01 -2.1772104680e+00  3.3167285621e+00 -6.4753519378e-01 -1.1216073682e+00  2.4046934737e+00 -2.9896567046e+00 -2.4766938731e+00  2.8803298424e+00 -1.8312435626e+00 -2.8682178540e+00  3.5707640238e+00 -1.8642933333e+00 -8.1257269400e-01  1.7980713668e+00 -1.0334471468e+00  5.8265176463e-02 -3.6371369222e-01 -1.5619864091e+00  1.6209783202e+00  1.4839722306e+00 -3.3645404343e+00  4.7825999123e-01  2.7445894753e-01 -2.9936379519e+00 -1.4552058143e+00  2.0185147361e+00 -1.9544101549e+00  3.2735045327e-01  8.0529688597e-01 -1.9366214520e+00 -3.8874177779e+00  4.4650612844e+00  2.7966318107e-01 -2.4492142671e+00  3.8304732737e+00  2.6923426130e-01 -5.7696662561e-01  2.2046358810e+00 -3.9265575609e+00 -3.0009316673e+00  3.0497285760e+00 -1.1328149561e+00  8.7330703151e-01 -1.0811782348e+00 -5.5436159178e-03  4.8469438138e-04 -1.1060730652e-02 -1.3245656817e+00 -8.8720505049e-01 -8.2026963697e-01 -1.6606902018e+00  2.4355156897e+00  7.6586895547e-01 -2.2268263470e+00  1.7795140078e+00  2.3324624430e+00 -5.3128737904e-01  1.5537084562e+00  1.8266477133e+00 -3.3545565524e+00  1.3119022750e+00 -4.2756707305e-01 -3.6619273829e+00 -4.4265097239e-01 -2.2067596905e-01 -4.0402672152e+00  6.7638733673e-01  1.1026162905e+00 -1.2074866516e+00 -4.5227534892e+00  4.3700045901e+00
ENERGY -4.972464572313e+02
GRADIENT -5.3537868542e-05 -1.3610961971e-05  2.9268982304e-06 -2.1989787447e-05  2.0859665717e-05 -1.5728158510e-05  5.7628916948e-04 -2.1391684254e-03 -2.3088372542e-03 -1.5579893647e-03  2.5038149206e-03  2.6648008034e-03  1.1186900269e-04  9.6919392461e-05 -4.0972148561e-05 -6.3049972344e-06  8.9209869164e-06 -1.0906705483e-05  1.8143994881e-06  9.0186156940e-06 -1.2662951537e-05 -5.7193364291e-06  1.2414419679e-05 -9.2099887550e-06  1.5105763074e-05 -8.8907576221e-05  6.3261047885e-05  9.5143239073e-06  7.6635196760e-06 -2.4757235171e-06  3.3096550991e-03  1.8884823137e-03  2.5298942457e-03  8.2759300319e-07  6.9930721715e-06 -8.2713448547e-06 -4.5944625098e-06  2.0168136696e-06 -7.5955317828e-06  4.4237803943e-07 -1.5529931479e-05  1.4524132726e-05 -6.7455198380e-07  2.7142016745e-06 -3.0555469452e-06 -1.5477599607e-06  2.0638039429e-06 -1.5565170514e-06 -1.5340825954e-06  2.5623589721e-06 -2.2687816769e-06  3.1824814066e-06  3.0902562534e-06 -2.0434868036e-06 -3.9239683190e-06  3.5890068580e-06 -4.5958983698e-06 -4.6414455474e-06  1.1774132502e-06  1.4353559679e-06  1.7163242866e-06  5.0760691648e-06 -1.5235337273e-06 -1.4049356256e-06  8.2187744641e-06 -2.8459478992e-06 -8.4638149490e-07  2.2931619089e-06 -6.6801993028e-06 -2.3753329452e-03 -2.2863453882e-03 -2.8959132341e-03

JOB 21
COORDS -6.4479286628e-01 -2.1998226510e+00  3.3082145804e+00 -6.5196672836e-01 -1.1380454474e+00  2.4034974490e+00 -2.9985347759e+00 -2.4862504710e+00  2.8704222678e+00 -1.8402287499e+00 -2.8885143532e+00  3.5584837148e+00 -1.8667076557e+00 -8.2058437028e-01  1.7979709608e+00 -1.0327332552e+00  5.7571086743e-02 -3.5927932125e-01 -1.5573292282e+00  1.6133559012e+00  1.4949168968e+00 -3.3626774666e+00  4.8039279680e-01  2.8056417900e-01 -2.9981876781e+00 -1.4614286025e+00  2.0152658063e+00 -1.9530478734e+00  3.2375871201e-01  8.1085015407e-01 -1.9578481174e+00 -3.9206034730e+00  4.4284984293e+00  2.7574415971e-01 -2.4778557235e+00  3.8148822323e+00  2.6741287640e-01 -5.9672808450e-01  2.2064236949e+00 -3.9370186652e+00 -3.0090946723e+00  3.0351329324e+00 -1.1294895284e+00  8.7612787830e-01 -1.0731255050e+00 -5.0807553795e-03 -4.7535387815e-03 -6.6144955374e-03 -1.3263055415e+00 -8.8508815727e-01 -8.2002441105e-01 -1.6538307132e+00  2.4314701580e+00  7.8054554727e-01 -2.2215846001e+00  1.7698062452e+00  2.3442365307e+00 -5.2674451621e-01  1.5417312387e+00  1.8371733137e+00 -3.3507421916e+00  1.3168036182e+00 -4.1813326534e-01 -3.6623012835e+00 -4.3785173918e-01 -2.1819256256e-01 -4.0379167380e+00  6.7678134075e-01  1.1095482975e+00 -1.1306750701e+00 -4.4263730481e+00  4.4962641744e+00
ENERGY -4.972483271423e+02
GRADIENT  1.4883303406e-04 -1.5739720105e-05  4.1772375734e-06 -1.2246364639e-05 -3.2163653457e-05  1.4076493088e-05  7.5418306607e-04 -1.6456586702e-03 -2.1211327120e-03 -1.2473133505e-03  2.0812436633e-03  2.3595062552e-03 -1.9685091792e-04 -1.8762576553e-04  8.6751216589e-05  4.2611327815e-06 -1.3368856189e-05  9.2572687080e-06 -2.3752931828e-06 -1.1231343393e-05  1.6442620418e-05  3.7230974851e-06 -2.2381934903e-05  1.9877982182e-05 -5.9988112850e-05  1.4339071003e-04 -1.3222101689e-04 -3.2921185978e-05 -2.3259719413e-05  1.3009569951e-05  1.7441230181e-03  2.0130575818e-03  2.5294796433e-03  1.2239574586e-05 -6.6818373945e-06  3.3438781394e-06  1.1249854355e-05 -4.4775502832e-06  1.1948005422e-05 -5.5479710290e-06  3.9812904411e-05 -3.5416291838e-05 -1.3517495104e-06  2.0003333851e-06  9.4438960860e-08  3.2135469708e-06  1.5167348097e-06 -5.9423330996e-07  1.5101455126e-06  2.5083172339e-06 -3.1087448091e-06 -3.1894388016e-06 -2.4928322439e-06 -4.8536869425e-06  5.8857049173e-07  1.9248203387e-06 -9.0691120410e-07  3.2443354969e-06  2.2538723192e-06 -2.7851530779e-06 -7.4858206899e-06 -3.2149074540e-06 -1.2338057471e-06  1.1603844086e-06 -1.1131079120e-05 -1.6695553770e-06 -1.4779833441e-06 -1.5684061824e-06  8.7985552558e-06 -1.1396699956e-03 -2.2534853302e-03 -2.8314372523e-03

JOB 22
COORDS -6.4852640052e-01 -2.2133088221e+00  3.2842289079e+00 -6.5559960784e-01 -1.1436730331e+00  2.3888088237e+00 -3.0043077583e+00 -2.4916137752e+00  2.8492921614e+00 -1.8435538177e+00 -2.9046773079e+00  3.5293156585e+00 -1.8691519825e+00 -8.2093657991e-01  1.7846593810e+00 -1.0364479667e+00  6.9552781170e-02 -3.6773223590e-01 -1.5574824355e+00  1.6149533226e+00  1.4957556318e+00 -3.3650558950e+00  4.9103604913e-01  2.7686509419e-01 -3.0010191720e+00 -1.4631726481e+00  2.0001820604e+00 -1.9551856691e+00  3.2963937134e-01  8.0500163695e-01 -1.9658850777e+00 -3.9480716805e+00  4.3795637969e+00  2.7445483054e-01 -2.4966697069e+00  3.7839342310e+00  2.6474249580e-01 -6.0263070468e-01  2.1956059094e+00 -3.9440805058e+00 -3.0125907860e+00  3.0128632963e+00 -1.1327289965e+00  8.9259548025e-01 -1.0764927323e+00 -8.5564110826e-03  3.6225922807e-03 -1.6395152318e-02 -1.3316523830e+00 -8.6995690718e-01 -8.3381447263e-01 -1.6529440665e+00  2.4372537345e+00  7.8603020228e-01 -2.2211916279e+00  1.7676532251e+00  2.3461749961e+00 -5.2688396493e-01  1.5399539554e+00  1.8372572464e+00 -3.3527857621e+00  1.3316262364e+00 -4.1680778279e-01 -3.6661226612e+00 -4.2384386835e-01 -2.2716896555e-01 -4.0393974334e+00  6.8314448780e-01  1.1075702339e+00 -1.0986419543e+00 -4.3140548594e+00  4.6222869308e+00
ENERGY -4.972496955991e+02
GRADIENT  1.7246276665e-05  3.4466147869e-05 -8.5079547552e-06  1.5405364414e-05 -4.9601489314e-05  2.7828730299e-05  2.8104044886e-04 -1.1447713208e-03 -1.0524505088e-03 -5.5826983595e-04  1.1454536426e-03  1.2108997371e-03 -2.0057753973e-05  5.6191611514e-05 -5.0209962190e-05  1.8752620809e-07  7.5225497727e-06  1.9104813579e-06 -5.3857556396e-06  5.9571679731e-06 -6.9133618369e-06  3.7922407494e-06  7.5341673617e-06 -7.4738514313e-06  9.0008240918e-05  2.0799158380e-05  4.0725896226e-06  1.4321539111e-05  3.2063738284e-05 -2.2978477442e-05  2.7933588064e-04  1.2628694380e-03  1.5953098863e-03 -2.7580943264e-06 -2.0725467772e-06 -2.2086271357e-06 -1.1827132839e-05  5.5090003280e-06 -3.8273171598e-06 -3.9706665252e-06 -3.0778210054e-06  8.7611272660e-07 -1.9817152303e-06  2.9834442098e-06 -2.4334833517e-06 -3.8953928564e-06  2.7972271291e-06 -6.3507793845e-06 -1.4555982095e-06  1.5294896760e-06 -2.7297310323e-06  5.3300840790e-07  6.8958243914e-06  5.9358596151e-07 -1.2270144390e-06  2.5835506898e-06 -3.1759208825e-06 -2.7651692110e-06  4.0213788672e-06 -3.5781347598e-06  2.6958307401e-07  2.7886733073e-06 -4.0363818738e-06 -5.5543539133e-07  4.3946583715e-06 -3.5878824685e-06 -3.4203519947e-07  3.1529692442e-06 -5.2749961124e-06 -1.0378277505e-04 -1.3612784171e-03 -1.7059428928e-03

JOB 23
COORDS -6.4707301588e-01 -2.2288692189e+00  3.2590026381e+00 -6.5535247160e-01 -1.1512545255e+00  2.3730303160e+00 -3.0047757677e+00 -2.4964963167e+00  2.8336736134e+00 -1.8410101115e+00 -2.9230006648e+00  3.5013419282e+00 -1.8692119224e+00 -8.2388997495e-01  1.7724890138e+00 -1.0385050258e+00  8.1408409760e-02 -3.7408495816e-01 -1.5591536823e+00  1.6143188923e+00  1.4996925076e+00 -3.3668897632e+00  4.9718658344e-01  2.7479226025e-01 -3.0017249883e+00 -1.4652603519e+00  1.9887696599e+00 -1.9565800982e+00  3.3328676086e-01  8.0097256794e-01 -1.9623667122e+00 -3.9790287361e+00  4.3340033771e+00  2.7837771489e-01 -2.5184472243e+00  3.7506652169e+00  2.6543767033e-01 -6.1031197342e-01  2.1816183325e+00 -3.9461629920e+00 -3.0135586137e+00  3.0003253680e+00 -1.1354557610e+00  9.0922711118e-01 -1.0771640780e+00 -1.0364016213e-02  1.3425580330e-02 -2.3864501548e-02 -1.3336538362e+00 -8.5505612954e-01 -8.4627386572e-01 -1.6546784336e+00  2.4411342688e+00  7.9521723360e-01 -2.2229280535e+00  1.7615352934e+00  2.3510285969e+00 -5.2856309647e-01  1.5372038437e+00  1.8407821262e+00 -3.3554389550e+00  1.3416995915e+00 -4.1411934137e-01 -3.6679101629e+00 -4.1495046148e-01 -2.3425385182e-01 -4.0407458823e+00  6.8422578162e-01  1.1070159580e+00 -1.1133973723e+00 -4.2043359405e+00  4.7506992601e+00
ENERGY -4.972501940196e+02
GRADIENT -2.9760009475e-04  1.2347639433e-04 -2.1458536534e-04  1.2136775541e-04  2.7806717286e-05 -1.0357177358e-05  2.7086697218e-04  1.8368330255e-04 -1.6316212005e-05 -1.7799439428e-05 -3.2419271917e-04  2.2212314456e-04 -4.0763274127e-05  5.1408146923e-05 -4.0928437984e-05 -1.6572395239e-06 -4.4901367855e-07 -2.2376311879e-06 -6.4195858628e-06  8.3803588176e-06 -1.2533549540e-05 -3.7746415874e-06 -1.2549162217e-06 -3.3252915842e-06 -3.7942539324e-05 -1.8367452326e-06 -4.7423611775e-05  2.8418262468e-05  5.4162806449e-05 -2.4918757995e-05  2.5387846851e-05 -1.3672225125e-04  1.1957964333e-04 -5.3762663994e-05  2.0545074159e-05  1.3860402231e-05 -3.6413225984e-06  2.1403844016e-05 -2.7144069048e-05  3.7367183214e-05  7.4448367799e-06  2.8809600017e-06 -3.6814131829e-07  5.0170884439e-06  1.4826006021e-06 -1.9621526313e-06  3.1915314210e-06 -4.7421096611e-06 -3.3735736302e-06  3.1545521819e-06 -3.8793796100e-06  3.7905304564e-06  8.1121881418e-06  1.8191434723e-06 -2.3920192542e-06  4.0698266608e-06 -3.5421727362e-06 -4.5075394245e-06  1.1809224224e-06  1.8838720342e-06  2.2060757934e-06  3.3225221424e-06 -4.3963135611e-06 -1.5145194431e-06  5.5132604256e-06  1.8568143151e-06 -4.3098148972e-07  3.7393904291e-06 -8.7620467044e-06 -2.0260268910e-05 -2.0240847456e-05  1.0255194278e-05

