JOB 0
COORDS  2.0187146274e+00 -8.8906563682e-01  1.3991264193e-01  3.2271015202e+00 -1.8400534230e+00  2.0273900875e+00  1.1589972634e+00 -2.3998086990e-01  1.0092661074e+00  2.3649227899e+00 -1.1868945171e+00  2.8995112386e+00  3.0748960383e+00 -1.6984591994e+00  6.2817644918e-01  1.3354407294e+00 -3.8935835049e-01  2.3921317589e+00  4.8269126281e+00 -3.3890290683e+00  1.2932581045e-01  3.9333602635e+00 -2.3083111170e+00 -2.6054402136e-01  4.3347256137e-01  2.9001100447e-01  3.3089631171e+00 -4.6850880432e-01  9.9101844929e-01  2.8254908806e+00  6.1229853034e-01  1.3357654112e-01  4.5263878821e+00  1.8873111940e+00 -7.7419070830e-01 -9.3373123955e-01  4.0201100907e+00 -2.4585096950e+00  2.4323921695e+00  3.5012852798e-01  3.7959734734e-01  6.3977894066e-01  2.4758490420e+00 -1.2894490885e+00  3.9728737091e+00  4.2952415375e+00 -4.2231476008e+00  6.0854975580e-01  5.5968744025e+00 -3.0255882886e+00  8.1761358119e-01  5.3322981794e+00 -3.7630563568e+00 -7.6307761559e-01  3.6111498599e+00 -2.3286671274e+00 -1.2188577869e+00
ENERGY -5.315181824506e+02
GRADIENT -4.2462495896e-04 -5.5472073700e-04 -2.3294935944e-05  1.5485445163e-05 -1.8045378986e-05 -7.8781674153e-06 -1.6879479963e-05  7.0878057521e-06 -1.9315218975e-05 -2.9657913441e-05  1.0750142704e-05 -5.8255571371e-06  2.8320031582e-04  6.2081683390e-04 -8.0737919246e-05 -7.0993822810e-06 -3.7443594553e-05 -8.0361706326e-06 -4.9015938653e-04 -4.5522487954e-04 -1.2729357139e-04  7.4934857694e-04  3.3339143147e-04  2.3699039746e-04  4.8425722545e-05  8.9743422747e-05 -1.1365570086e-05 -3.9062403105e-05 -3.6160959155e-05 -7.4934991871e-06 -3.6599713704e-05 -2.6879262159e-05 -1.6443000386e-05  1.1091077479e-06  9.7637840884e-07 -4.2324008224e-06 -4.4167349371e-06  5.5855994322e-06  7.7212310928e-06 -8.6470135397e-06 -2.9397974307e-06 -1.0050325034e-05 -8.1439713270e-06  2.2788983074e-06 -2.3547194337e-06 -2.5307299017e-06 -1.1936094868e-06  3.5370086820e-07 -7.6657470611e-06  6.3303299155e-06  1.4449219072e-05  1.7309007896e-05  1.6512896915e-05  1.0133708830e-05 -1.3435132226e-04  7.1503647511e-05  3.2794963690e-05

JOB 1
COORDS  2.0154908970e+00 -8.8151258766e-01  6.5631939440e-02  3.1883238477e+00 -1.6570356419e+00  2.0508201241e+00  1.0807845695e+00 -2.3791088294e-01  8.6099506185e-01  2.2489842368e+00 -1.0163082891e+00  2.8486808667e+00  3.0972476916e+00 -1.5897465636e+00  6.4159856869e-01  1.2009538768e+00 -3.0635312796e-01  2.2548944719e+00  4.7358364456e+00 -3.4091732598e+00  2.5808901579e-01  4.0339956634e+00 -2.2023711251e+00 -1.7284569736e-01  2.1769462288e-01  3.6252975922e-01  3.0949035222e+00 -6.9416983239e-01  9.8942032946e-01  2.5351470132e+00  3.4418914588e-01  2.7229155496e-01  4.3251497537e+00  1.9210267329e+00 -8.3833240593e-01 -1.0171995978e+00  3.9997315268e+00 -2.2026235214e+00  2.5199890820e+00  2.5160035854e-01  3.0634079814e-01  4.2408760728e-01  2.3149257342e+00 -1.0579705478e+00  3.9297470853e+00  4.0518468568e+00 -4.1747062619e+00  6.4984022000e-01  5.4755217390e+00 -3.1747219773e+00  1.0294473360e+00  5.2758123236e+00 -3.8208045538e+00 -5.9694705794e-01  3.7620149576e+00 -2.2165372622e+00 -1.1481571044e+00
ENERGY -5.315171254276e+02
GRADIENT -1.4596018577e-03 -2.3703533950e-03 -8.9905008644e-05  2.7342493007e-04 -1.5433488756e-04  1.8823605860e-04  1.0707121216e-04 -6.7997662368e-05  1.1320201097e-04  2.6941617184e-07 -2.2920940635e-05 -4.4338574384e-04  9.9006066593e-04  2.7960368412e-03 -6.4139351728e-04 -2.6588017807e-04  1.9907159769e-04  7.0273773169e-05 -1.9630931046e-03 -1.4985552826e-03 -1.0387035675e-03  2.3690409762e-03  9.3161963582e-04  1.7605215330e-03 -1.5646443972e-04 -5.8870048364e-05  1.1254394096e-04  5.0085718193e-05 -4.3957365852e-06 -9.5792267550e-05  3.0676027412e-06  3.9673156060e-05  7.5927180961e-05 -1.6387194640e-05 -1.4411172742e-05 -1.3195655690e-05  3.7897771625e-05 -2.4997585967e-05 -8.4786321058e-06 -1.8282027262e-06 -1.1046180873e-05  2.1508199365e-05 -1.2431784706e-05  9.7864099847e-06 -5.9405410153e-05  7.8392429687e-06  1.7311191650e-05  1.2542332776e-05  1.4955735985e-05  8.9789777039e-06 -9.1710205719e-06 -5.1441330636e-06 -7.1413331311e-07  4.6762097624e-09 -6.9618545975e-05  2.0583950832e-04  1.3282098397e-05

JOB 2
COORDS  2.0815269636e+00 -8.8861608508e-01  6.6057741713e-02  3.2964046727e+00 -1.5370324538e+00  2.0677622391e+00  1.1328527975e+00 -2.3912868855e-01  8.4359919349e-01  2.3434544706e+00 -8.9916266736e-01  2.8507627337e+00  3.1921535704e+00 -1.5303979819e+00  6.5888609335e-01  1.2681893231e+00 -2.4877264833e-01  2.2360607767e+00  4.6382887776e+00 -3.4902964696e+00  2.3496534088e-01  4.1492484667e+00 -2.1577982924e+00 -1.3457423027e-01  2.6858710429e-01  4.2149857176e-01  3.0587987333e+00 -6.6622460886e-01  9.9754069870e-01  2.4836066816e+00  4.0746617887e-01  3.8148174135e-01  4.2898093081e+00  1.9721386428e+00 -8.9949515985e-01 -1.0161537218e+00  4.1360751926e+00 -2.0295055043e+00  2.5468072485e+00  2.8058404431e-01  2.5684771472e-01  3.9377949732e-01  2.4211349501e+00 -8.9197585631e-01  3.9318195383e+00  3.8217578079e+00 -4.2011749017e+00  4.2334751620e-01  5.2673519264e+00 -3.4381036945e+00  1.1270966906e+00  5.2604559246e+00 -3.8681287735e+00 -5.7936412022e-01  3.9033813123e+00 -2.1123131109e+00 -1.1174882862e+00
ENERGY -5.315150258700e+02
GRADIENT -2.0565458915e-03 -3.3970855370e-03  2.7240283448e-04 -7.2888845522e-05  4.0263584285e-05 -2.1171769449e-05 -1.0575043478e-04  6.4607870277e-05 -5.3840284827e-05 -1.1735353399e-06  4.7998258449e-06  1.3013657335e-04  1.7466709695e-03  4.2957260235e-03 -1.3811670159e-03  1.1893999168e-04 -5.7755187347e-05 -6.4202896871e-05 -2.7457066240e-03 -1.5808385121e-03 -2.1162491383e-03  2.9794394546e-03  7.1092366824e-04  3.2967550523e-03 -7.6302857540e-05 -1.4036263773e-04 -3.4092175757e-05  4.6805423805e-06  3.5719535655e-05  1.6372915143e-05  3.7464465492e-05  2.2648848336e-05 -4.0663863836e-05 -1.2493140485e-05 -3.2514902593e-06  8.9345590696e-06 -1.0554759974e-05  8.3523287783e-06 -6.1312769163e-07 -1.6435659170e-05 -1.1846458355e-06 -1.1392235164e-05  1.1318126561e-06 -3.0291016502e-06  2.0713335563e-05  4.9621649097e-06  5.6613651714e-06  6.4244253107e-06  1.1229692593e-05  8.8200141476e-06 -3.7460515882e-06 -6.0059900357e-06  2.2302054944e-06 -4.1901600070e-06  1.1357167783e-04 -4.6379403889e-05 -2.4431738481e-05

JOB 3
COORDS  2.0996110531e+00 -9.4222385306e-01  8.4068868294e-02  3.3617258476e+00 -1.4341257786e+00  2.0985571442e+00  1.1179423201e+00 -3.1577555837e-01  8.4375143242e-01  2.3767615431e+00 -8.2707571575e-01  2.8659827109e+00  3.2465164740e+00 -1.4922676886e+00  6.9318319774e-01  1.2614905244e+00 -2.6654388839e-01  2.2328564300e+00  4.5439717194e+00 -3.5240272964e+00  2.0004893006e-01  4.2466370693e+00 -2.1092040743e+00 -7.2298982253e-02  2.2676070550e-01  3.7691962176e-01  3.0381939938e+00 -7.4165371011e-01  8.7541652154e-01  2.4477929824e+00  3.7342898506e-01  3.8964760922e-01  4.2682138064e+00  1.9839839895e+00 -1.0048778489e+00 -9.9567769403e-01  4.2415616321e+00 -1.8473852338e+00  2.5817632576e+00  2.3579808026e-01  1.1292997020e-01  3.8255180074e-01  2.4616943775e+00 -7.6807672425e-01  3.9448512363e+00  3.6606025089e+00 -4.1700572303e+00  9.4577953091e-02  4.9373831371e+00 -3.6404045372e+00  1.2121124100e+00  5.3181313809e+00 -3.8578474624e+00 -4.9522492430e-01  4.0609424252e+00 -1.9806622237e+00 -1.0627619809e+00
ENERGY -5.315125895273e+02
GRADIENT -2.0189758787e-03 -3.6615137615e-03  4.3579943154e-04 -2.5630465406e-05  1.1042621317e-05 -2.0116851318e-05  1.4161745340e-05 -1.2939119862e-05 -3.5604226879e-05 -2.2600414855e-05  9.3158204986e-06 -6.2677064262e-06  1.7823454924e-03  5.0359798537e-03 -1.8616573765e-03 -1.3498902360e-05  5.2744800933e-06  3.7569843082e-05 -2.6539870737e-03 -1.0680502344e-03 -2.6690272593e-03  2.8016686637e-03 -2.6504323931e-04  4.1436954720e-03  7.2678604246e-06 -2.5704077367e-05 -2.8515394617e-06 -1.3356941142e-05  1.1866098212e-08 -7.2823300567e-06 -5.5065174339e-06 -8.3170489819e-07  1.2640979276e-05  2.9858294531e-06 -4.5908537986e-06  2.6468013756e-06 -3.5279012249e-06  2.8582118268e-06  7.5391276060e-07 -7.3471461850e-06 -2.5777834777e-06  8.9039652216e-06 -1.1374346144e-06 -2.6836687878e-06 -1.0968816963e-06  5.0242323923e-07  4.8579334920e-06  9.7315713505e-06  1.3986563275e-05  5.6838970555e-06 -4.6750054416e-06 -7.4209325965e-06  1.5259291635e-06 -7.8906426070e-06  1.0416859801e-04 -5.5024751353e-05 -2.1406974297e-05

JOB 4
COORDS  2.1155129702e+00 -1.0045189082e+00  1.1805491715e-01  3.4108490258e+00 -1.3463693616e+00  2.1405960340e+00  1.0976386929e+00 -4.1301448330e-01  8.6145746729e-01  2.3927990987e+00 -7.7844288363e-01  2.8962323997e+00  3.2938662159e+00 -1.4579151688e+00  7.4095792173e-01  1.2449614638e+00 -3.1104483770e-01  2.2463305465e+00  4.4470795959e+00 -3.5291229481e+00  1.5102330043e-01  4.3368979382e+00 -2.0658397337e+00  6.5058025816e-03  1.7197079315e-01  2.9539130578e-01  3.0362579839e+00 -8.2574676709e-01  7.1184948779e-01  2.4329503348e+00  3.2113691515e-01  3.5784627819e-01  4.2636000709e+00  2.0015612491e+00 -1.1120885323e+00 -9.5827571238e-01  4.3216666419e+00 -1.6889606734e+00  2.6226349259e+00  1.8924229433e-01 -5.3587860336e-02  3.9208371787e-01  2.4763426001e+00 -6.7654154420e-01  3.9719973972e+00  3.5333758431e+00 -4.0583242638e+00 -1.5760515633e-01  4.6538001885e+00 -3.7827840383e+00  1.1934147027e+00  5.2877022958e+00 -3.8804940313e+00 -4.5309709571e-01  4.2301817972e+00 -1.8418360245e+00 -9.8000046027e-01
ENERGY -5.315100145256e+02
GRADIENT -1.8585781697e-03 -4.0014814955e-03  8.0850932710e-04 -3.3522929505e-04  1.3178176153e-04 -1.4756940503e-04 -2.4580077823e-04  1.1976601789e-04 -7.0820507389e-05  3.6865099806e-05  3.0149195150e-05  4.8430244508e-04  1.9206268400e-03  5.8610865437e-03 -2.4823478799e-03  2.5073052056e-04 -1.4630601147e-04 -2.9001961607e-04 -2.4630123765e-03 -4.4624651028e-04 -3.1707179021e-03  2.5278848241e-03 -1.4338914746e-03  4.8231509555e-03 -4.6386942243e-05 -3.1439946092e-05  1.2718493232e-04  1.4142957797e-04 -6.5120238331e-05 -1.5244262267e-04  8.9307790986e-05 -9.4110133832e-06  5.8919972942e-06 -1.2197779218e-05 -5.3741865490e-06  2.3682148562e-05 -3.4025480948e-05  2.1410886742e-05 -6.6430251051e-06 -3.5463948647e-05  1.2017333824e-05 -3.7433023661e-05  1.8646718975e-05  1.4474832613e-05  5.0749450277e-05  6.2741226657e-06 -2.4584928593e-06 -7.8648542825e-06 -9.6115992496e-06  2.5441859167e-05  4.7752017739e-06  4.5872258983e-06 -1.1588851887e-05  2.3709014624e-06  3.8865925819e-05 -3.5697285497e-05  1.3887230932e-05

JOB 5
COORDS  2.1035692442e+00 -1.1809859437e+00  3.2058860311e-02  3.4800628108e+00 -1.1227223177e+00  2.0269452824e+00  1.0774342599e+00 -5.3399574397e-01  7.1262624554e-01  2.4689738527e+00 -4.5547557699e-01  2.7155708110e+00  3.3070011034e+00 -1.5028795925e+00  6.8426422104e-01  1.2732036244e+00 -1.7774916256e-01  2.0508326021e+00  4.2829162485e+00 -3.6053037082e+00 -5.3713973799e-02  4.3460435667e+00 -2.1293568596e+00 -6.2788184576e-02  1.9980707500e-01  5.1584406798e-01  2.7714948872e+00 -8.5320675647e-01  7.4093582859e-01  2.1623580360e+00  4.0670774123e-01  8.3514959149e-01  3.9489385571e+00  1.9943404173e+00 -1.4370601180e+00 -1.0175824203e+00  4.4131746540e+00 -1.3554284749e+00  2.5351082087e+00  1.4481132867e-01 -2.7938776032e-01  2.2282051706e-01  2.5877775183e+00 -1.5786241573e-01  3.7508858520e+00  3.3518139497e+00 -3.9311802607e+00 -5.2521412574e-01  4.3230547155e+00 -4.0345716832e+00  9.5882344232e-01  5.1162475508e+00 -3.9981106206e+00 -6.4276893359e-01  5.2414952322e+00 -1.8514382693e+00  3.3485703010e-01
ENERGY -5.315074034337e+02
GRADIENT  1.6317387585e-03  4.0291245441e-03 -1.0862172459e-03 -1.3710542576e-04  3.4538778181e-05 -7.5379342640e-05  7.2228651809e-05 -1.1836200243e-05  1.6378502355e-05  1.2507569669e-05  2.6110869062e-05  8.5100411534e-05 -1.3607436762e-03 -6.0044928367e-03  3.0074580884e-03  1.8021812405e-05 -1.3027662210e-06  2.6186685334e-05  2.3237915442e-03 -1.1901396977e-04  3.3601115536e-03 -2.4727764969e-03  1.9690888655e-03 -5.4117963772e-03  4.0162176672e-05  1.5680754029e-05 -4.0641777023e-05 -2.5601382999e-05  2.2594980474e-05  3.6908041087e-05 -1.7023110127e-05  4.0977065296e-06 -2.2950325647e-05  1.8011895174e-05 -2.4026611387e-06 -5.1387172866e-06 -1.1926128608e-05  3.6464428546e-06 -3.8874648226e-06  1.6066955769e-05  3.2389203951e-06 -3.0303088404e-06 -3.4419239218e-06  9.9007357476e-06  5.3688011957e-06 -3.9472213740e-06  8.2446235322e-06  8.7371286090e-06  4.4928948077e-06  2.7513432011e-06  1.2036599581e-06 -2.5539764076e-06 -2.9073342826e-06 -3.6577740647e-06 -3.8292738522e-05  4.7137190111e-05  6.9277886999e-05

JOB 6
COORDS  2.1123919636e+00 -1.2761852670e+00  1.0680103690e-01  3.5049269489e+00 -1.0531028285e+00  2.0807938312e+00  1.0756502561e+00 -6.1948732051e-01  7.5695999608e-01  2.4801900027e+00 -3.7410650624e-01  2.7348382937e+00  3.3335296513e+00 -1.5248260391e+00  7.6571391719e-01  1.2693908830e+00 -1.7292742874e-01  2.0694102867e+00  4.2446794213e+00 -3.5873735352e+00 -1.8576007154e-01  4.3899734864e+00 -2.1397027145e+00  5.7329316355e-02  1.8440157893e-01  5.3083567356e-01  2.7546366892e+00 -8.8123326687e-01  6.8599616974e-01  2.1437760862e+00  3.9115544616e-01  9.3163547638e-01  3.9077885523e+00  1.9950347769e+00 -1.5933173653e+00 -9.2519085724e-01  4.4476336919e+00 -1.2265159041e+00  2.5949449879e+00  1.3263569617e-01 -4.2250351063e-01  2.6046334832e-01  2.5995736515e+00 -1.1317947716e-02  3.7491026949e+00  3.3510446639e+00 -3.7726328677e+00 -7.8670417799e-01  4.1622746559e+00 -4.1709246943e+00  7.4281239607e-01  5.1098583841e+00 -3.9380093375e+00 -7.5458129255e-01  5.2646177588e+00 -1.9788042727e+00  5.5131075938e-01
ENERGY -5.315102551652e+02
GRADIENT  1.5772486905e-03  4.2399986889e-03 -1.3589452708e-03  9.3615591519e-06 -7.7282368242e-06  4.7377628325e-06  3.4074269924e-06 -8.2437086031e-06  5.9474687543e-06 -5.5270781886e-06 -6.4099846247e-07  9.3134493545e-06 -1.4446747035e-03 -6.6602508183e-03  3.6659619289e-03  1.2304002319e-05 -7.8144875357e-07  4.0489088226e-06  2.0831036108e-03 -8.0928857530e-04  3.7510275325e-03 -2.2721622422e-03  3.3202520169e-03 -5.9981801145e-03 -3.2630160551e-06  9.0497698509e-06 -5.7290315637e-06 -5.5437995095e-07  4.5615904965e-06  6.6200735927e-06 -6.2215405410e-06 -7.9772769402e-06 -3.3413987314e-06  6.4232207190e-06  1.2735523644e-06 -6.2917119539e-07 -1.8206543045e-06 -1.0363449795e-06  3.2250105209e-06  4.8538292661e-06  4.0901996027e-06 -1.5694921168e-06 -3.6029496248e-06 -1.7274155822e-06  3.8754418238e-06  5.2556010010e-06 -1.8986097660e-06 -1.8300342897e-06 -5.6913740116e-06 -6.4187387908e-06  2.9786076021e-06  3.8925301440e-06 -8.6062563158e-06  2.8361441844e-06  4.7210549167e-05 -4.7972095402e-05 -6.4336929002e-05

JOB 7
COORDS  2.1529054319e+00 -1.3749889577e+00  1.3361807093e-01  3.5285498812e+00 -9.6785756794e-01  2.0916570625e+00  1.1082727322e+00 -6.7323743709e-01  7.1911972359e-01  2.4932750946e+00 -2.4805760849e-01  2.6773282422e+00  3.3751890207e+00 -1.5532106806e+00  8.1786107198e-01  1.2843068851e+00 -1.1316840678e-01  1.9899377176e+00  4.2592667780e+00 -3.5826509003e+00 -2.6374556866e-01  4.4509989401e+00 -2.1962791601e+00  1.8982251574e-01  1.8959764197e-01  6.3309630300e-01  2.6036194108e+00 -8.7368009601e-01  7.2539041812e-01  1.9744658997e+00  3.8266999772e-01  1.1336728684e+00  3.7204421722e+00  2.0334914189e+00 -1.7807074713e+00 -8.6611775450e-01  4.4682133060e+00 -1.0870097601e+00  2.6265249483e+00  1.6676897265e-01 -5.3183435756e-01  2.0119487873e-01  2.6021254224e+00  1.9808145526e-01  3.6590363779e+00  3.4791247282e+00 -3.6257971830e+00 -1.0267686896e+00  3.9823677054e+00 -4.2627082806e+00  5.5430062001e-01  5.1878967460e+00 -3.9320705692e+00 -7.2167974962e-01  5.2831293757e+00 -2.1341628981e+00  7.6943661918e-01
ENERGY -5.315129642038e+02
GRADIENT  1.3561559574e-03  3.7082946939e-03 -1.4812559699e-03  1.1637491504e-05 -6.7472055306e-06 -5.0404692096e-06  5.9904206331e-07 -4.9063237901e-06  5.9462121646e-06 -1.1999616131e-05  1.1467593054e-06  1.1383862611e-05 -1.4207679273e-03 -6.2502909479e-03  4.0056602744e-03  5.7110292362e-06 -2.6791719551e-05  1.2580708818e-05  1.2231610195e-03 -1.3036986388e-03  3.5024844695e-03 -1.1258281206e-03  3.7827500615e-03 -6.0974748366e-03  1.0850423911e-05  5.6405058497e-05 -2.1112577621e-05 -7.1100663742e-06 -2.8423017092e-05  1.9211932322e-05 -8.9100385377e-06 -3.0564277452e-05  1.4175561522e-05  1.5659007180e-06 -5.7412228139e-07  1.8058509811e-08 -1.9284377678e-06 -2.2325084294e-06  2.4348047816e-06 -1.4744184180e-06 -3.6169579159e-06  2.2813855556e-06 -4.9446119902e-07 -5.6384259392e-06  5.6327171813e-06 -6.1017994253e-06 -1.0634218952e-06  1.2974413822e-06  4.4056662903e-06 -2.7908420638e-06 -2.6316506918e-06 -6.2092641232e-07  4.7190616008e-06 -6.8706366042e-06 -5.4370774469e-05  8.3077526541e-05  6.9836106551e-05

JOB 8
COORDS  2.1344303812e+00 -1.4756382326e+00  2.2636949552e-01  3.5404008001e+00 -9.3097323253e-01  2.1300924051e+00  1.0889462410e+00 -7.5926345065e-01  7.9328454161e-01  2.5025383116e+00 -2.0402810297e-01  2.6962936919e+00  3.3769992294e+00 -1.5882340593e+00  8.9002090714e-01  1.2767324095e+00 -1.2605111501e-01  2.0266017619e+00  4.2504604737e+00 -3.5240910463e+00 -3.7810391459e-01  4.4559718598e+00 -2.2368207965e+00  2.9433803717e-01  1.8086362851e-01  6.2987413896e-01  2.6205177575e+00 -8.9732378787e-01  6.6869251576e-01  2.0103121486e+00  3.8570969095e-01  1.1947358142e+00  3.7047211861e+00  1.9915034147e+00 -1.9484661267e+00 -7.3950770158e-01  4.4931411041e+00 -9.9980243824e-01  2.6505318408e+00  1.3298422272e-01 -6.7086268651e-01  2.9017409153e-01  2.6216998754e+00  2.9541252049e-01  3.6507717761e+00  3.6729359526e+00 -3.3910781316e+00 -1.2962926594e+00  3.7336115091e+00 -4.2561888570e+00  2.5771240052e-01  5.2256584145e+00 -3.9247721389e+00 -6.6349721473e-01  5.2575914365e+00 -2.2652481109e+00  9.1541251296e-01
ENERGY -5.315153698295e+02
GRADIENT  1.1380657353e-03  3.5323624844e-03 -1.0096152198e-03 -5.8235930647e-05 -5.8057990151e-05 -1.1306921697e-04 -3.8606266110e-04 -8.7886836981e-06 -3.0509838545e-04 -1.1799912952e-04  4.4665392446e-05  4.0634732134e-05 -1.0946924926e-03 -6.0190727707e-03  3.9801229118e-03  3.2130318381e-04 -1.1991317751e-04  4.1889181618e-05  5.8353077406e-04 -1.6865771839e-03  3.0979648393e-03 -1.5576365404e-04  4.1714209845e-03 -5.7742587346e-03 -9.2655753005e-05  3.8128152801e-06 -1.0590847436e-04 -3.8973579247e-05  5.7021612797e-05  1.5239201021e-04  2.7980715973e-06 -8.1209285713e-05 -9.7605611855e-05  1.1803804349e-05  4.7505487979e-05  6.0691855804e-05 -1.8959225632e-05  2.0287916578e-07 -2.0269956305e-05 -4.5904811525e-05  1.3400151190e-05  1.2827871864e-05  2.1621737943e-05 -5.8212935906e-06  2.2454695936e-05 -1.7518931568e-06 -1.4561619653e-05 -1.6326157795e-05  5.0398426145e-06 -2.1477899210e-05 -2.7446748856e-07  2.2997791965e-06  1.0223022396e-05 -3.2054923619e-05 -9.5529604737e-05  1.0441407627e-04  1.4473386426e-04

JOB 9
COORDS  2.1257352463e+00 -1.5804177075e+00  2.9134195342e-01  3.5428703792e+00 -9.0302143663e-01  2.1488811414e+00  1.0775489590e+00 -8.4459875063e-01  8.2927314441e-01  2.4994084783e+00 -1.6537191362e-01  2.6846210633e+00  3.3784795174e+00 -1.6292057631e+00  9.4496395273e-01  1.2653495477e+00 -1.3988710385e-01  2.0221197068e+00  4.2604969928e+00 -3.4703869523e+00 -4.6095740091e-01  4.4556332606e+00 -2.3021062732e+00  3.9448712868e-01  1.6484381085e-01  6.3063671476e-01  2.5829279709e+00 -9.1753145409e-01  6.2584490590e-01  1.9778448589e+00  3.6768402258e-01  1.2521894025e+00  3.6366744215e+00  1.9737848648e+00 -2.1181780378e+00 -6.3808260029e-01  4.5027621875e+00 -9.2649491871e-01  2.6601073568e+00  1.1368268744e-01 -8.0368904515e-01  3.3516988484e-01  2.6193972675e+00  3.8752143424e-01  3.6090510857e+00  3.8668046986e+00 -3.1740767624e+00 -1.4379031711e+00  3.5774639761e+00 -4.2077235094e+00 -1.7053316211e-02  5.2299964912e+00 -3.9433638679e+00 -6.2954004835e-01  5.2367585530e+00 -2.3910770668e+00  1.0329045234e+00
ENERGY -5.315173277669e+02
GRADIENT  6.7940904878e-04  2.0484457239e-03 -1.2722259348e-03  3.6315490549e-05 -5.4862065702e-05 -3.4169769911e-05  3.2426920486e-05 -1.6291220391e-05  1.0845054960e-05 -3.5856590771e-05  4.0323681263e-05  5.2234507838e-05 -1.0335889132e-03 -3.9183831740e-03  3.0927339618e-03  5.1770712373e-05 -3.0118951134e-05  3.0770990628e-05  7.5517023381e-05 -1.4412119220e-03  1.9339755564e-03  1.9677021304e-04  3.2095415501e-03 -3.8386986374e-03  1.2928081762e-05  6.2255995164e-05 -1.5057356065e-05  3.2313042968e-06 -2.7643532646e-05  3.0307748872e-05  9.9715884728e-07 -4.1601346729e-05  1.9310305443e-05  3.9880475763e-06  2.7476324126e-06 -1.0651596100e-05 -4.0667789462e-06  1.2547210871e-06  1.6064448464e-05  1.1787852065e-06 -3.0488187455e-06  8.3423975760e-06  6.4029625973e-06 -7.6837670577e-06  1.8396066366e-05  1.7540942677e-05  1.0087155442e-05 -1.3006439015e-05 -1.5980028684e-05  1.9518785413e-05 -1.4008236840e-05 -4.3255038291e-06 -1.1535147555e-05  1.0585641728e-05 -3.4080791786e-05  1.4035925648e-04  8.2704226420e-05

JOB 10
COORDS  2.1477636466e+00 -1.7451159576e+00  2.6476993892e-01  3.4852455016e+00 -9.0211450663e-01  2.1160751678e+00  1.0659528706e+00 -9.9882094190e-01  7.1560624231e-01  2.4065065664e+00 -1.6059882175e-01  2.5660349054e+00  3.3816600458e+00 -1.7098594765e+00  9.5581992363e-01  1.1950438323e+00 -2.0962404920e-01  1.8618333694e+00  4.3942575076e+00 -3.4614676475e+00 -4.8842371925e-01  4.4829417519e+00 -2.4071247774e+00  5.1043687918e-01  5.9087406394e-02  5.6778003352e-01  2.3314693895e+00 -9.9962545499e-01  5.0076955624e-01  1.6885838888e+00  2.0818884709e-01  1.2586835579e+00  3.3508962086e+00  2.0349354741e+00 -2.3557132157e+00 -6.2392545921e-01  4.4283906994e+00 -8.6377456933e-01  2.6565840223e+00  1.1724956797e-01 -1.0211631547e+00  1.9177521591e-01  2.4815772878e+00  4.5688450546e-01  3.4535874770e+00  4.0961585037e+00 -3.0511292123e+00 -1.4587860354e+00  3.6807552413e+00 -4.2490898576e+00 -2.0799903659e-01  5.3813795049e+00 -3.9116021934e+00 -6.0944501216e-01  5.2356066881e+00 -2.4947119954e+00  1.1799094812e+00
ENERGY -5.315182146931e+02
GRADIENT  1.1628657173e-04  3.9682447469e-04 -2.0978659044e-04 -5.5468140132e-05 -5.3295880752e-06 -2.5454700300e-05 -1.5561762468e-05 -3.6816686540e-06 -9.7965852993e-06  1.0746420473e-05  3.0807830974e-05  3.5547767844e-05 -1.7405600341e-04 -7.6045798133e-04  6.1052937567e-04  1.8430966878e-05  4.4816032283e-06  5.2428987857e-06 -9.1943768904e-05 -3.0499301435e-04  3.5161065469e-04  2.4284626162e-04  6.3387092496e-04 -8.0534099191e-04  1.2146817654e-06 -2.6187419180e-05  3.4335892498e-05  8.5165590099e-06  9.9549289085e-06  6.6611314035e-06  9.8334926450e-06  6.3478653843e-06  1.5256434875e-05 -8.2410839864e-07  6.6001893975e-06  1.1862760475e-05 -4.8825415362e-06 -8.1651348185e-06  4.4887108279e-07 -5.8488416516e-06  5.4021151336e-06  1.3471094114e-05  1.9023381229e-06 -4.2701964992e-06  1.5984642640e-05 -1.2003752281e-05  5.3455608455e-06 -2.9733659272e-06 -3.4154378078e-06  1.2615807823e-06  5.2339385693e-08 -7.9917349923e-07  1.7742742519e-05 -2.2017443786e-05 -5.4842336772e-05  3.4122850393e-05  7.5953184503e-05

JOB 11
COORDS  2.0981921338e+00 -1.7836827531e+00  3.6882343062e-01  3.4969216757e+00 -9.2356701412e-01  2.1692737655e+00  1.0438791887e+00 -1.0037549036e+00  8.2611946116e-01  2.4451505370e+00 -1.4712344586e-01  2.6221515544e+00  3.3485502347e+00 -1.7604237465e+00  1.0331377052e+00  1.2154581210e+00 -1.8828521422e-01  1.9486014055e+00  4.3622061140e+00 -3.4086990801e+00 -5.4288355215e-01  4.4041636640e+00 -2.5211921871e+00  6.0412509523e-01  1.0910222658e-01  6.2591024339e-01  2.4222032421e+00 -9.6595543063e-01  5.6632125128e-01  1.8054447286e+00  2.9592889141e-01  1.3391364063e+00  3.4203244321e+00  1.9535894702e+00 -2.4109931195e+00 -5.0355637166e-01  4.4518440304e+00 -8.9474899780e-01  2.6893484026e+00  8.3856641859e-02 -1.0162441581e+00  3.2295794021e-01  2.5547006167e+00  4.9316533038e-01  3.4897512056e+00  4.1536034717e+00 -2.8627890642e+00 -1.4719712318e+00  3.6015953681e+00 -4.1899357114e+00 -4.2019809812e-01  5.3336158672e+00 -3.8954558813e+00 -6.4573456850e-01  5.2716284597e+00 -2.4415542025e+00  1.1137811949e+00
ENERGY -5.315181437135e+02
GRADIENT  4.9366116234e-05  8.8368150644e-05 -6.8227433502e-05 -3.3371052005e-05  1.3516305156e-05  2.2294130691e-05  3.9283277213e-05  2.4389045566e-05  6.6676574361e-05  2.2517663592e-05 -3.7198589962e-05 -2.3964683353e-05 -8.9912435860e-05 -1.3908677535e-04  1.8307598995e-04 -6.1810331613e-05 -9.5950726994e-06  2.2603591745e-05  6.7802715082e-05 -9.2344511951e-05  5.9090763524e-05  4.2425941604e-06  9.5670776997e-05 -1.8727884389e-04 -8.3851032482e-07  1.1626395842e-04 -2.1781162357e-05  8.7891539952e-06 -2.2681044725e-05  3.9037625428e-05 -7.5174960461e-06 -1.5238423347e-05  2.8799062013e-05 -8.2840938558e-06  1.9402403816e-05  1.0705089005e-05  1.2390223467e-05 -9.4316780377e-07 -1.7648835208e-05  7.2832918629e-06  1.5350973597e-05  1.3390709511e-05  8.5647424856e-07  2.7120183171e-06 -3.6913219065e-06  4.3841911225e-06  5.4680668428e-06 -5.7854380662e-06 -1.9202853597e-05  1.0494647761e-05 -6.2092930483e-07 -1.6862012966e-05 -2.6489111645e-05  7.2574841624e-06  3.1195038274e-05  1.6503023036e-05 -3.8307719041e-05

JOB 12
COORDS  2.0833681821e+00 -1.9013688022e+00  3.9202421721e-01  3.4611631802e+00 -9.6707267674e-01  2.1685290071e+00  1.0211640067e+00 -1.1082597674e+00  8.0833234049e-01  2.4031259138e+00 -1.7568387469e-01  2.5811107559e+00  3.3258683008e+00 -1.8480232996e+00  1.0662345462e+00  1.1804203011e+00 -2.4864088855e-01  1.8987157574e+00  4.4291502219e+00 -3.3657929380e+00 -5.6465172960e-01  4.3841816706e+00 -2.6509311155e+00  7.0193187471e-01  6.6441532624e-02  5.8152853353e-01  2.3291615269e+00 -1.0009152022e+00  4.9589186724e-01  1.7030068408e+00  2.4154960453e-01  1.3325967629e+00  3.3007822312e+00  1.9485986696e+00 -2.5621971762e+00 -4.5679404794e-01  4.4100689830e+00 -9.1709811634e-01  2.6979003527e+00  6.6367654223e-02 -1.1432895226e+00  2.9641202472e-01  2.5032827842e+00  5.0014969418e-01  3.4224604815e+00  4.2956133214e+00 -2.7005339343e+00 -1.4293292548e+00  3.6565565274e+00 -4.1408619320e+00 -5.9917082903e-01  5.3980035475e+00 -3.8612020053e+00 -6.5167070675e-01  5.2786875327e+00 -2.3857373904e+00  1.0916782125e+00
ENERGY -5.315182146876e+02
GRADIENT -1.3511486085e-04 -3.4157314326e-04  3.0162985324e-04  2.9502309800e-05  1.5928048203e-05  2.3511186592e-05  6.1899014697e-05  2.9385582547e-05  4.5600008588e-05  1.3258736817e-05 -6.1969808061e-05 -6.1413627517e-05  3.4518251064e-04  7.6622316323e-04 -5.3946344611e-04 -8.2926234761e-05  6.5091265270e-05 -6.6480609463e-06  2.1228557129e-04  3.6784562425e-04 -2.0828708113e-04 -3.8927605908e-04 -8.9519463661e-04  3.9534810690e-04 -3.9116700778e-05 -9.9945006140e-06  8.0452402082e-05  2.7347877423e-05  1.3166706562e-05 -1.7483148810e-05  1.2245473578e-05  5.4478561398e-05  2.2263189597e-06 -4.2085063451e-06  6.9466067014e-06  6.3715108658e-06  1.0677567714e-05 -8.6184366114e-06 -3.5255516505e-06  4.3849607499e-06  1.4733770470e-05  1.6032231490e-05  1.9789813672e-06  2.4507530404e-06 -1.2540760588e-05  5.6617535338e-07 -3.8345207346e-07  7.4306556234e-07 -1.1982438715e-05  6.7806242203e-06 -3.5913606863e-07 -1.5236227336e-05 -2.2607785323e-05  6.3267407690e-06 -3.1300302240e-05  8.7157411520e-05  3.2862397077e-05

JOB 13
COORDS  2.6706394079e+00 -1.0065098837e+00  3.4859008873e-01  2.3413590461e+00 -2.6705923059e+00  2.0918041102e+00  1.7451796917e+00 -1.7834199956e-01  9.7079836858e-01  1.4151060301e+00 -1.8474142751e+00  2.7116715015e+00  2.9921290778e+00 -2.2677431593e+00  9.0089823033e-01  1.1202306772e+00 -5.9898364325e-01  2.1486000955e+00  4.9455991868e+00 -2.6380264887e+00 -5.7961136230e-01  3.8614906978e+00 -3.1358184030e+00  2.6386979826e-01  1.5041016421e-01  2.7086622200e-01  2.7981259526e+00 -8.4246052629e-02  1.3719841214e+00  2.2783056963e+00 -3.9144013280e-01 -1.3539909550e-01  3.8370071968e+00  3.1453300262e+00 -6.7561724661e-01 -5.6862931498e-01  2.5741288846e+00 -3.6405423244e+00  2.5257517984e+00  1.4948914276e+00  7.9049440825e-01  5.5417305660e-01  9.1898666967e-01 -2.1497105522e+00  3.6266245777e+00  5.5355857415e+00 -1.8530633824e+00 -8.6702730393e-02  4.5536570926e+00 -2.2406859953e+00 -1.5207652353e+00  5.6045907610e+00 -3.4726625668e+00 -8.2689253054e-01  4.1228909117e+00 -3.9305727285e+00  8.3440451027e-01
ENERGY -5.315173270129e+02
GRADIENT -2.0010772199e-03 -1.0338447793e-03 -1.1775744195e-03 -2.2960387427e-06  5.6790317258e-05  4.4400745772e-06 -1.8170058521e-06  6.9230394025e-05 -1.5959390815e-05 -3.1640822668e-05 -3.0569740616e-05  3.9791270153e-05  3.8459999423e-03  1.5782516930e-03  2.9000991932e-03  3.0859474764e-05 -1.7426212639e-05 -2.8084358984e-05  1.4983339626e-03  3.0935423261e-06  1.9626213335e-03 -3.3706156622e-03 -4.8838814576e-04 -3.5003874780e-03  1.8192225150e-05 -8.5156647141e-06  4.1700378689e-05  2.5582119303e-05 -2.6135667095e-05 -2.8477568948e-05  9.0741567626e-06 -1.0822027639e-05  3.6640613103e-05 -1.0667184795e-05 -2.2197920691e-06  4.2453313869e-07  4.3156176935e-06  1.5373870809e-06  9.1225082864e-06 -3.6179324066e-06  1.2232210824e-05  6.2902559897e-06  1.2414242865e-05  7.9510629873e-07  1.8658379838e-05 -2.9529347475e-05  6.6613447522e-06 -7.5435496274e-06 -1.7361277355e-05 -2.1462059858e-05 -1.1319332318e-05  5.0557656285e-06  3.8927408415e-06  1.4470879885e-05  3.9612465205e-05 -8.6287041166e-05 -1.5572867766e-04

JOB 14
COORDS  2.5734185650e+00 -1.0215108081e+00  3.0274523093e-01  2.3844511252e+00 -2.6537830514e+00  2.0924933897e+00  1.6814033802e+00 -1.9086575115e-01  9.6750819470e-01  1.4836886235e+00 -1.8321075287e+00  2.7554247872e+00  2.9537292323e+00 -2.2634938256e+00  8.5949056401e-01  1.1399999520e+00 -5.9888104641e-01  2.1913077856e+00  4.9819987273e+00 -2.6263894314e+00 -5.0911502150e-01  3.7848269261e+00 -3.1392837609e+00  1.6543534078e-01  2.0024194737e-01  2.7160614903e-01  2.8869579060e+00 -7.3814042463e-02  1.3637090631e+00  2.3687065960e+00 -2.7629672634e-01 -1.2732103397e-01  3.9594973792e+00  2.9757394712e+00 -7.1066132138e-01 -6.5562606140e-01  2.6601114474e+00 -3.6107498127e+00  2.5301934720e+00  1.3865566293e+00  7.6391082594e-01  5.4767989077e-01  1.0501422472e+00 -2.1240499393e+00  3.7048900676e+00  5.6183784889e+00 -2.0263365596e+00  1.5594916041e-01  4.7056964181e+00 -2.0149907136e+00 -1.3717085101e+00  5.5580806642e+00 -3.4751570331e+00 -8.8425302072e-01  3.9936447265e+00 -3.9647192555e+00  7.1697065641e-01
ENERGY -5.315153706940e+02
GRADIENT -3.0745294223e-03 -1.6450576617e-03 -1.4509053701e-03  9.7371710844e-05 -9.9522439222e-05 -4.3044013293e-05 -7.3202487928e-05  2.3339941410e-04 -1.3920680929e-04 -9.4002479494e-05  9.0377255979e-05  8.8798462133e-05  5.5763692693e-03  2.2149188922e-03  4.1023950272e-03  1.8436013841e-04 -2.6139876115e-04 -6.8290143402e-05  1.8712936613e-03 -4.7835875542e-04  3.0083310476e-03 -4.4070194020e-03 -1.3335026748e-04 -5.5785286774e-03  3.2333243124e-05  1.2251290119e-04  4.3011583509e-05 -4.5946569700e-06 -4.1772133262e-05  3.2556235626e-05  4.5761845105e-05 -4.2362835287e-05 -8.3456371735e-05 -2.4758353140e-05  8.8063271779e-06  1.2079142303e-05 -1.4357282027e-05 -3.1136998275e-06  1.9272860088e-05 -1.4654588082e-06  2.9499645398e-05 -4.9744980614e-06  1.5469870273e-05 -3.4433741899e-05  2.5460252846e-05  1.2574110262e-05 -1.4400881163e-05 -2.0721773036e-06 -8.9172072839e-07  1.0530187177e-05  1.7773913560e-06 -1.3204193673e-05  1.5726682356e-07 -3.2002427628e-05 -9.9395265632e-05  6.3604133161e-05  1.4944418635e-04

JOB 15
COORDS  2.4659038535e+00 -1.0368181630e+00  2.4916116479e-01  2.4375561750e+00 -2.6374671433e+00  2.0738189609e+00  1.5996391254e+00 -2.1357049251e-01  9.5518097945e-01  1.5555145003e+00 -1.8272162240e+00  2.7796947653e+00  2.9174395172e+00 -2.2540707920e+00  8.0433884805e-01  1.1488770550e+00 -6.1384781772e-01  2.2185779910e+00  5.0269258916e+00 -2.6066674597e+00 -4.1925271811e-01  3.7303452594e+00 -3.1155879981e+00  5.4712499047e-02  2.3040669798e-01  2.4646663255e-01  2.9588347267e+00 -1.0231050438e-01  1.3215642532e+00  2.4407379258e+00 -1.6555169092e-01 -1.4391844832e-01  4.0660796438e+00  2.7903841407e+00 -7.4760044778e-01 -7.4552579347e-01  2.7677766356e+00 -3.5777265485e+00  2.5098227240e+00  1.2482603797e+00  7.2247168946e-01  5.3680973263e-01  1.1886498289e+00 -2.1124583224e+00  3.7588258460e+00  5.6756557819e+00 -2.2679207352e+00  4.0093303372e-01  4.8765547701e+00 -1.7718456299e+00 -1.1071721975e+00  5.5332928388e+00 -3.4018876567e+00 -9.7182615202e-01  3.8643106503e+00 -3.9927254085e+00  5.4956218923e-01
ENERGY -5.315129643266e+02
GRADIENT -3.4531665746e-03 -2.0004937360e-03 -1.4880949892e-03 -3.0013322190e-05  3.3801023589e-05  7.2004924103e-06 -1.1655009714e-05  6.7394501703e-05  8.4067088117e-06  1.0603544384e-05 -3.6254355247e-05  8.2497574166e-05  6.0474657824e-03  2.3778170232e-03  3.8621896385e-03  9.0269624461e-05  1.9143656841e-06 -2.5223694661e-06  1.7637012034e-03 -1.3175585229e-03  3.3469714270e-03 -4.4302350833e-03  9.6128712627e-04 -5.6491601715e-03 -1.8328169553e-04 -1.6331889673e-04 -1.6466775954e-04  6.8393099315e-05  6.7299921031e-05  6.9416139644e-05  9.4215393898e-05  5.2840665284e-05  4.2797809242e-05 -2.9664944672e-06  1.1091997658e-05  5.9140940387e-06  8.8365122439e-07  4.2816079460e-06  7.5953707129e-07  4.6172751059e-06  6.4910168693e-06 -4.0645706701e-06  8.7957999691e-07  1.2842740387e-06  1.5573428180e-05 -6.5534010851e-06  3.6720518850e-06 -6.5949754897e-06 -3.4222326909e-06 -5.0131113178e-06 -1.1021702289e-05 -1.4668914163e-06 -2.2966101288e-06  2.5696476539e-06  6.7548935651e-05 -3.6400094897e-05 -7.8951616998e-05

JOB 16
COORDS  2.3695969945e+00 -1.0299969127e+00  1.8997456946e-01  2.4958216901e+00 -2.5902668939e+00  2.0432353667e+00  1.5412608850e+00 -2.0182655202e-01  9.3616235807e-01  1.6481705990e+00 -1.7786693831e+00  2.7926962896e+00  2.8793675658e+00 -2.2239121375e+00  7.3939515622e-01  1.1868077215e+00 -5.8471214703e-01  2.2350963833e+00  5.0491648091e+00 -2.6214914590e+00 -3.2039987213e-01  3.6687709169e+00 -3.0750905797e+00 -6.5786977717e-02  3.0394443597e-01  2.7827810790e-01  3.0211200820e+00 -8.1474197044e-02  1.3355291654e+00  2.5049049551e+00 -8.3925620080e-03 -9.5575483486e-02  4.1594634666e+00  2.6219228018e+00 -7.6988373141e-01 -8.3375615732e-01  2.8712462969e+00 -3.5161684517e+00  2.4732089674e+00  1.1432683820e+00  7.1820776111e-01  5.2418660159e-01  1.3509228238e+00 -2.0485845418e+00  3.7993680116e+00  5.6352368722e+00 -2.4963198680e+00  6.0177904721e-01  5.0316421340e+00 -1.6643168211e+00 -8.4721216004e-01  5.5464955985e+00 -3.3503396361e+00 -9.6575308393e-01  3.7028092855e+00 -4.0003282003e+00  3.5574246094e-01
ENERGY -5.315102551946e+02
GRADIENT -3.8935012710e-03 -2.2968805231e-03 -1.3904898078e-03 -9.0628518062e-06  2.1018573529e-05 -3.4446739589e-06  1.5191177789e-05 -8.5796655241e-06  4.8221899645e-06  6.0581494096e-06 -1.5710432084e-06  3.3803920399e-06  6.3987471406e-03  2.4376213682e-03  3.6529508093e-03 -1.0133322698e-05 -3.4477562075e-06  1.5013197204e-05  1.3433894234e-03 -2.1576202035e-03  3.5442206515e-03 -3.9176004237e-03  2.0050925307e-03 -5.7506415599e-03 -9.6573756286e-06 -1.0754380231e-06 -1.4711394081e-05 -1.2500936628e-05  6.8422521480e-06  1.9506737802e-05  5.1770579524e-06  1.4740221287e-05 -4.0416705754e-06 -4.5720011602e-07 -1.0616336201e-05  4.4989739764e-07 -5.0294141711e-07  3.8780338388e-06 -3.1427674044e-06 -1.8124479377e-06 -6.2546137882e-06  2.3414036862e-06  8.9554698942e-07  8.1030483491e-06  4.0135092851e-06  2.8738584912e-06  7.2235955121e-06  5.0151525863e-06  3.7966321416e-06 -7.6369568233e-06 -9.8004156034e-08  1.2153275074e-05 -1.2109341831e-06  1.5571492250e-06  5.3386492234e-05 -2.4409652800e-05 -6.1371956502e-05

JOB 17
COORDS  2.2722297706e+00 -1.0349293027e+00  1.1792717383e-01  2.5575222890e+00 -2.5480513225e+00  1.9907530100e+00  1.4562973583e+00 -2.1744964568e-01  8.9297776829e-01  1.7250052525e+00 -1.7498912297e+00  2.7727899368e+00  2.8499511984e+00 -2.1961494006e+00  6.6112509945e-01  1.1915680708e+00 -5.8621493562e-01  2.2158274559e+00  5.0790721468e+00 -2.6657390649e+00 -1.9194174791e-01  3.6461150873e+00 -3.0248549286e+00 -1.8121126075e-01  3.2193583483e-01  2.6457313270e-01  3.0358939154e+00 -1.2934567046e-01  1.2950301225e+00  2.5210642903e+00  9.0089357358e-02 -9.4752528583e-02  4.1970488028e+00  2.4659842884e+00 -7.9382783176e-01 -9.2302534325e-01  2.9890068858e+00 -3.4520190651e+00  2.4147326070e+00  1.0040803316e+00  6.8016565522e-01  4.8761987292e-01  1.4920087835e+00 -2.0075919566e+00  3.7993651858e+00  5.5416466491e+00 -2.6987852848e+00  8.0608399442e-01  5.1961021540e+00 -1.6534657451e+00 -5.8826934362e-01  5.6104875338e+00 -3.3528897401e+00 -8.5613255494e-01  3.5663285310e+00 -3.9865582739e+00  1.4429632833e-01
ENERGY -5.315074035225e+02
GRADIENT -3.6553582636e-03 -2.3408320999e-03 -1.1128548352e-03 -5.3755615375e-06  1.6596180261e-05 -3.4654918739e-06 -6.8721051070e-07 -1.7682306212e-05 -6.6620909538e-06 -1.5414443329e-06  6.5464544803e-06 -1.8289607460e-05  5.6683071216e-03  2.3467203252e-03  3.0161329142e-03 -9.4605150784e-06  1.3853480064e-05  8.4067760469e-06  6.8635663338e-04 -2.5102783523e-03  3.1517743622e-03 -2.6062963970e-03  2.4413532240e-03 -5.1281006735e-03 -3.6914785212e-05 -1.6945463782e-05 -2.7088285137e-06  7.5565674986e-06 -4.5748139864e-06 -1.2971495209e-05 -5.3951335761e-06 -2.9161428452e-06  2.5492759578e-06  1.0717949066e-06 -9.7492060147e-06 -4.1039890563e-06  1.8411930694e-06 -2.8136753164e-06 -2.6004830212e-08 -6.5427909210e-06 -7.6314957552e-06 -2.7461686594e-06 -3.3814860945e-06 -2.8322399693e-06 -6.5817468303e-06  1.7870780755e-06 -6.6736078114e-06 -5.5785699443e-07 -5.5480999365e-06  5.0653371430e-06  1.0148660133e-05  2.7222741929e-06  5.5730719863e-06 -4.7338314140e-06 -5.5202975983e-05  2.0966675913e-05  7.4233420623e-05

JOB 18
COORDS  2.1020324136e+00 -1.0961147266e+00  2.0335703774e-01  2.7580518441e+00 -2.4463667075e+00  2.1094396745e+00  1.3400099876e+00 -2.7984573126e-01  1.0350627771e+00  2.0189475447e+00 -1.6254660428e+00  2.9519608075e+00  2.8019435836e+00 -2.2018645069e+00  7.2259968679e-01  1.3103725724e+00 -5.4986857742e-01  2.4047645633e+00  5.0442707050e+00 -2.8618381860e+00  1.2298142273e-02  3.5850589361e+00 -3.0403499456e+00 -1.0222742888e-01  5.2392169559e-01  3.1367935598e-01  3.2874751865e+00 -1.0275810345e-01  1.2496851359e+00  2.7736535590e+00  5.2956661186e-01  6.1024543470e-02  4.4993515201e+00  2.1521970491e+00 -8.8056442419e-01 -8.6157539439e-01  3.2912119964e+00 -3.3027510501e+00  2.5115513442e+00  7.9127989742e-01  5.6978038608e-01  6.4561278370e-01  1.9681148074e+00 -1.8101293051e+00  4.0186814557e+00  5.3658571137e+00 -3.0908073535e+00  1.0310394020e+00  5.3693214450e+00 -1.8390949723e+00 -2.2971480964e-01  5.5393313093e+00 -3.5655745226e+00 -6.6208067669e-01  3.3146018897e+00 -2.9065660306e+00 -1.0737022709e+00
ENERGY -5.315100156635e+02
GRADIENT  3.5776829412e-03  2.5842031910e-03  7.1667042740e-04 -2.4513946077e-05  2.1179892578e-05 -1.2040363368e-05 -1.1087354720e-06 -1.8948162114e-05  5.4957811412e-05  6.0226244651e-06 -2.7277167988e-05 -2.7303698859e-06 -5.4478205599e-03 -2.7760326318e-03 -2.4445171690e-03  2.7563916979e-06  8.5862243254e-06 -4.6409777796e-05 -1.8533886780e-04  2.7261461276e-03 -2.9451877195e-03  1.9767314974e-03 -2.5050424427e-03  4.6454697291e-03 -3.5260122106e-05  3.4538949754e-05  4.0494689784e-05  2.0639596959e-05 -2.1790298022e-05  1.3563686815e-05 -8.3463212304e-06  1.8192873036e-06 -1.3308494401e-05  5.7487177779e-07  7.8496378534e-06  2.8670534750e-06 -6.3052176001e-06 -3.1099901808e-06 -6.2022697493e-06  5.2419198821e-06  1.8675714310e-06 -1.5569972076e-06 -1.8166658436e-06  7.8751299989e-08 -2.4400750045e-06  9.7401875662e-06  9.9908068488e-06  9.5793164607e-07  1.8579466825e-05  8.5793924801e-06 -1.0950954723e-05  2.4170673226e-05 -1.1266487431e-05  1.6803730104e-06  4.0308091180e-05 -3.9964018461e-05 -1.1418754785e-05

JOB 19
COORDS  2.0343051449e+00 -1.0701290455e+00  1.7612708160e-01  2.8294317358e+00 -2.3658490508e+00  2.0688326160e+00  1.2555691819e+00 -2.9300958065e-01  1.0264573219e+00  2.0693538606e+00 -1.5823714766e+00  2.9267261873e+00  2.8165536579e+00 -2.1311109914e+00  6.7725002753e-01  1.2822100371e+00 -5.5224688407e-01  2.3992497770e+00  5.0431100875e+00 -2.9621496608e+00  4.0894126505e-02  3.5890880845e+00 -2.9279864911e+00 -1.8050676212e-01  4.7802263418e-01  2.6977408534e-01  3.2998337291e+00 -2.1845114490e-01  1.1650818306e+00  2.8016579286e+00  5.3584907529e-01  2.7274221797e-02  4.5132703251e+00  2.0366030802e+00 -8.5991602232e-01 -8.9109567621e-01  3.4213848975e+00 -3.1829754557e+00  2.4691749082e+00  6.4861990080e-01  5.2145260862e-01  6.4838862399e-01  2.0644172213e+00 -1.7617203730e+00  3.9955870972e+00  5.2670612865e+00 -3.3972060172e+00  1.0171373507e+00  5.5023008469e+00 -1.9643552535e+00 -7.9787297187e-03  5.4967878756e+00 -3.6039878514e+00 -7.1833096939e-01  3.3930204705e+00 -2.6911761746e+00 -1.1488174855e+00
ENERGY -5.315125890733e+02
GRADIENT  3.2348377218e-03  2.5906553431e-03  4.8256599741e-04  9.7817457592e-06 -7.5421735930e-06 -1.0671280431e-06 -3.2588732910e-06  1.4325877340e-05  1.4603576748e-05  4.7090599861e-06  3.5139814476e-06 -2.9650623291e-06 -4.7096316812e-03 -2.4257911422e-03 -1.9261799507e-03  9.2953854283e-06 -2.2217073972e-07 -1.0717102860e-05  4.3656005975e-04  3.0209035642e-03 -2.3614737197e-03  1.1219666860e-03 -3.2585428631e-03  3.7793386273e-03 -2.0195300627e-05  9.4453638003e-06  7.3445091855e-06  1.4345631105e-05  4.8867259193e-06  8.2339517733e-06  1.0093418464e-05  1.0774257008e-05 -5.2132128694e-06 -2.4681668577e-06  4.5624171848e-06  1.9758010546e-06  6.6275275206e-08  2.7640660905e-06  2.5367069788e-06  4.5232563828e-06  5.4821618121e-06 -1.5144697811e-06  1.8982465262e-06  5.8756051886e-06  9.2615620855e-07 -6.8702621782e-06  8.4971824265e-07  8.1171997011e-07 -9.7144489526e-07 -3.3139487235e-06 -3.4835031215e-06 -5.7070878681e-06 -6.9478488300e-06  1.0679288388e-06 -8.5172131978e-05  7.7131191594e-05  3.0176014090e-05

JOB 20
COORDS  1.9774473623e+00 -1.0783707603e+00  1.5509665097e-01  2.9168462569e+00 -2.2901756814e+00  2.0409599267e+00  1.1756938032e+00 -3.4413229639e-01  1.0179335980e+00  2.1251098967e+00 -1.5490295791e+00  2.9081155190e+00  2.8459547849e+00 -2.0791956638e+00  6.4587328696e-01  1.2541543478e+00 -5.8233264444e-01  2.3943092641e+00  5.0415091419e+00 -3.0626771509e+00  7.5774637956e-02  3.6273497142e+00 -2.8252179840e+00 -2.3280933619e-01  4.2286225031e-01  1.9420877922e-01  3.3061629453e+00 -3.4518621060e-01  1.0355767085e+00  2.8175566123e+00  5.2720244482e-01 -2.8737761334e-02  4.5209548483e+00  1.9332134516e+00 -8.8501686126e-01 -9.1446517501e-01  3.5815327229e+00 -3.0480492540e+00  2.4421405518e+00  5.0577555479e-01  4.2287866009e-01  6.4704220720e-01  2.1664793670e+00 -1.7106349801e+00  3.9790396742e+00  5.1436578504e+00 -3.7539370601e+00  9.1602773944e-01  5.5810799508e+00 -2.1363036889e+00  3.1707562984e-01  5.5102192822e+00 -3.5338019999e+00 -7.9102997242e-01  3.5035571002e+00 -2.5177254374e+00 -1.1913335342e+00
ENERGY -5.315150254079e+02
GRADIENT  2.9353954809e-03  2.6867181554e-03 -1.2703139686e-05  2.3699477695e-04 -2.6343146433e-04  9.7197571445e-05  1.5126421595e-04 -1.5834468240e-04  1.1083473039e-04 -1.7332161797e-05  6.7272006587e-05 -2.9418770105e-04 -4.1319421338e-03 -2.2375044537e-03 -1.1844805907e-03 -1.4042112226e-04  1.4903932229e-04  7.2296590127e-05  9.4932739849e-04  3.1436427058e-03 -1.8965809186e-03 -1.1661574806e-04 -3.2218960075e-03  3.0805253798e-03 -1.1302399939e-05  7.5674708712e-05  1.1076864112e-04  3.5070272661e-05 -2.2808716550e-05 -6.9133647978e-05 -1.1628763020e-05  2.0601259231e-06  4.6875515364e-05 -3.6724350772e-06  2.4742973799e-05 -3.4591854463e-05  2.9204703493e-05 -3.6928200219e-05  2.0737850842e-05  1.5414669783e-05 -9.1705236514e-06  9.6608449661e-06  3.1450752191e-06  3.3083858163e-06 -4.0115701419e-05  1.0836077809e-05 -2.3952045119e-06  1.0445363723e-05 -6.9868134400e-06 -2.4798467202e-05 -5.5667277986e-06  2.1359842673e-05  5.3713038008e-06  8.1111648850e-06  6.3305758064e-05 -9.1123542817e-05 -2.7046966804e-05

JOB 21
COORDS  1.9445266420e+00 -1.0461439181e+00  1.5857854038e-01  3.0052036761e+00 -2.1826018768e+00  2.0294272866e+00  1.1373677145e+00 -3.4046733291e-01  1.0366330410e+00  2.2002727902e+00 -1.4726055192e+00  2.9111435863e+00  2.8828051525e+00 -1.9934535537e+00  6.3372054136e-01  1.2673345065e+00 -5.5729052827e-01  2.4143991672e+00  5.0000906169e+00 -3.1644114344e+00  9.6346706046e-02  3.6600118204e+00 -2.7060559968e+00 -2.6296236554e-01  4.2604337667e-01  1.8653823690e-01  3.3410591204e+00 -3.9554400627e-01  9.8551945887e-01  2.8673399335e+00  5.7412297129e-01 -1.8103150462e-02  4.5550554640e+00  1.8532271627e+00 -8.7479507195e-01 -9.1174291389e-01  3.7242095526e+00 -2.8929552013e+00  2.4225530863e+00  4.1681709101e-01  3.8496719741e-01  6.7716755000e-01  2.2839335730e+00 -1.6163860270e+00  3.9822064387e+00  4.9499340143e+00 -3.9970357192e+00  8.0437561527e-01  5.6121711686e+00 -2.3657114118e+00  5.3773050590e-01  5.4943515712e+00 -3.5323483719e+00 -8.0500083789e-01  3.5920665837e+00 -2.3587864005e+00 -1.2117282857e+00
ENERGY -5.315171267949e+02
GRADIENT  1.9991451118e-03  1.9496602091e-03  6.7821402589e-05 -3.6341947263e-05  2.9218038744e-05  3.5026074743e-05  1.4253457917e-06  1.1241527421e-05  5.9856341253e-05  4.4135336942e-05 -2.1205202587e-05  1.9457563333e-05 -2.4182326596e-03 -1.7468601048e-03 -7.0934582220e-04  1.3858161298e-07  4.5730113824e-05 -6.7793399383e-05  1.0463557966e-03  2.3377867038e-03 -9.8000344685e-04 -6.7675289400e-04 -2.4390221110e-03  1.6006465800e-03 -3.5280672125e-05  8.3894241196e-07  3.2570976361e-05  3.6978374440e-05  1.2028009850e-05 -2.4837039137e-05  9.0234958016e-06  1.7199613168e-05 -6.1068922112e-06  4.3875313528e-06  2.0682996668e-05 -2.5875082873e-06 -2.1049394274e-06  2.3217281123e-06 -4.8791667088e-06  4.3057143764e-06  6.4916671053e-06 -1.1042938182e-05 -8.7126299964e-06  9.7511999793e-06  1.3994871586e-06 -6.8364600876e-06 -1.7337730354e-05 -6.4632531651e-06 -7.9821883226e-06 -1.0146175387e-05  7.4945437003e-06  1.9872496652e-07  6.1593449555e-06  8.8965017729e-07  4.5133887501e-05 -1.1376469153e-04 -3.4979256304e-05

JOB 22
COORDS  1.9549850317e+00 -9.6476467126e-01  1.3492480474e-01  3.0676795246e+00 -2.0233307813e+00  2.0235446005e+00  1.1408757823e+00 -2.5751148789e-01  1.0028386230e+00  2.2490616237e+00 -1.3146247583e+00  2.8942621520e+00  2.9322138004e+00 -1.8673716512e+00  6.2413033538e-01  1.2887697840e+00 -4.3571075253e-01  2.3856234110e+00  4.9242660193e+00 -3.2712463757e+00  1.3711575098e-01  3.7078125005e+00 -2.5801453942e+00 -2.6421687487e-01  4.3603529150e-01  3.0629651661e-01  3.3010214986e+00 -4.0591917225e-01  1.0775890601e+00  2.8162992190e+00  5.9429573300e-01  1.2983446068e-01  4.5185588460e+00  1.8420746569e+00 -8.3155960180e-01 -9.3870010046e-01  3.8111311929e+00 -2.6997926155e+00  2.4297990805e+00  3.9277465899e-01  4.3366716621e-01  6.3232642455e-01  2.3461405731e+00 -1.4298966172e+00  3.9676743598e+00  4.6919040864e+00 -4.1099972548e+00  8.0132380918e-01  5.6367249655e+00 -2.6080802353e+00  6.4767634117e-01  5.4038916206e+00 -3.6797089684e+00 -7.5441331590e-01  3.6909130478e+00 -2.2374012773e+00 -1.2154553904e+00
ENERGY -5.315181824691e+02
GRADIENT  4.6520867039e-04  5.0570494688e-04  7.1515193803e-05 -5.0183805478e-05  4.7481570804e-05 -7.6784898117e-06 -3.2694196358e-07  5.1575977404e-06 -1.7170249914e-05  1.0594318632e-05  1.1623759091e-05 -1.7224958362e-05 -4.7900230790e-04 -4.4562914838e-04 -1.6515007710e-04 -6.5139731743e-06  4.2235329211e-05  1.5232830562e-05  3.6146748601e-04  5.7701440535e-04 -1.1497302784e-04 -2.1387619252e-04 -8.0663881201e-04  1.9387356633e-04 -5.8352635003e-05 -5.0975121358e-05 -1.7170599506e-05  1.8082091408e-05  4.9845244512e-05  2.7490835202e-06  1.5316258921e-06  3.9358768143e-05 -3.6534713192e-06  8.2414703707e-06 -4.0250699510e-06  3.8894214113e-06 -1.0856459231e-05  1.2382748337e-05 -3.9139962124e-06  2.5367794077e-06  8.8378394717e-06 -1.6038408135e-06 -1.1150640627e-05  1.4224736574e-05 -4.2333389177e-06 -5.1612063203e-06  3.7072480840e-06  1.3695319332e-05 -2.0800547573e-06 -3.3486613700e-06 -3.5795166074e-06 -7.6581993235e-06 -2.2764788965e-05  9.7680803347e-06 -6.9648689447e-05  1.0449446032e-04  2.5075845976e-05

JOB 23
COORDS  2.0856257729e+00 -1.0336705865e+00  4.8111439314e-01  3.5613840704e+00 -2.2810513047e+00  1.9659752865e+00  1.4129423629e+00 -5.1810849574e-01  1.5747706851e+00  2.8850025864e+00 -1.7613851076e+00  3.0619092992e+00  3.1742690600e+00 -1.9275828284e+00  6.5036409465e-01  1.8136870784e+00 -8.8417481365e-01  2.8680986304e+00  4.9465948704e+00 -3.3438289069e+00 -3.8809585588e-01  3.8245459040e+00 -2.4259016019e+00 -4.4763676167e-01  1.1098001963e+00 -3.4347884746e-01  4.0183469735e+00  1.5883955694e-01  4.2622011650e-01  3.8106072654e+00  1.4950867838e+00 -6.7797361887e-01  5.1494681557e+00  1.7795184265e+00 -7.4975294931e-01 -5.2331226360e-01  4.3913472670e+00 -2.9594774069e+00  2.1283756967e+00  5.8069137551e-01  1.6477554702e-01  1.4493232394e+00  3.1755270037e+00 -2.0265931628e+00  4.0719802584e+00  4.6743181959e+00 -4.2847708128e+00  1.0673612276e-01  5.8001882965e+00 -2.9050653111e+00  1.4394072138e-01  5.2645774302e+00 -3.5757682179e+00 -1.4060523461e+00  3.4918504667e+00 -2.1372727496e+00 -1.3556833160e+00
ENERGY -5.315181434986e+02
GRADIENT  1.0006534327e-05 -9.5890652277e-05 -2.9415445914e-05 -7.9193656902e-05 -7.4693726922e-05  8.8948049731e-05  5.4639304936e-05  9.6884756713e-05  6.3931464345e-05  7.7752121543e-05 -2.5788292254e-05 -4.1011270445e-05 -5.6520794251e-05  1.4416604320e-05 -5.9296530677e-05 -1.3037259699e-04 -2.2243489951e-05 -2.7685632097e-05  5.2665714423e-05  1.4201053583e-05  2.9732039853e-05 -4.8674077317e-05 -2.0846408692e-05  1.5231610703e-05 -3.2623666009e-06 -5.5310645184e-05 -4.3186488202e-05 -3.4266248069e-05 -4.8653857548e-06 -6.0523712087e-06  1.6382723419e-05  7.1068888689e-05  1.4560152311e-05  5.6517927347e-05  9.2697581386e-05  4.7801844819e-06  5.1562289291e-05  7.1470312900e-05 -9.2142188595e-06 -1.1112904405e-05 -5.0464050886e-06 -2.4458816917e-05 -2.2527092469e-05  1.6331335539e-05  4.6284088837e-06 -7.7533660294e-06  5.3380827813e-06  4.5914850995e-06 -4.6321507371e-06  8.6562486070e-06 -1.1940424298e-06 -9.0741857731e-06 -6.2122228766e-06  7.4226342901e-06 -4.0234064882e-06 -2.5311402399e-05 -3.8109106283e-06

