JOB 0
COORDS  1.7373204978e+00 -1.1347436686e+00 -8.6702391720e-02  2.7518921444e+00 -1.7803072018e+00  1.9908200832e+00  6.6229089226e-01 -5.7650598762e-01  5.9913021470e-01  1.6648707477e+00 -1.2432971704e+00  2.6816695151e+00  2.7956898069e+00 -1.7590180830e+00  5.8954636943e-01  5.7986367918e-01 -6.3911036786e-01  2.0093322928e+00  4.8989920284e+00 -3.1331807097e+00  1.5368990801e-01 -1.4345927350e+00  7.5221150036e-01  1.9909518800e+00 -4.0203972274e-01  6.8083240765e-02  4.1377266323e+00  4.6751450349e+00 -3.9525038342e+00  1.2553285175e+00  3.8810057878e+00 -2.2554845412e+00 -1.8049490326e-01 -5.2496649736e-01 -1.3534337846e-01  2.7013184710e+00  5.9379557924e+00 -3.1800234524e+00 -5.0271913427e-01  1.7544972234e+00 -1.0853914945e+00 -1.1734469177e+00  3.5818112657e+00 -2.1898032190e+00  2.5554270285e+00 -1.1918755702e-01 -9.9266291974e-02  2.0330382370e-02  1.6866225789e+00 -1.2844330832e+00  3.7641106520e+00 -2.2327790061e+00  1.0620937256e+00  2.6676770010e+00 -1.9066068660e+00  2.3409933213e-01  1.1500032336e+00 -9.3778044904e-01  1.6566966935e+00  1.6038858132e+00 -1.3421825661e+00  4.6565431775e-01  4.5240283506e+00  4.0650136749e-01  7.6748996750e-01  4.4054358902e+00 -2.1720808696e-01 -8.8139064941e-01  4.6503813082e+00  5.3236063520e+00 -4.7312933235e+00  1.2719361397e+00  3.7126084634e+00 -4.2077890850e+00  1.4496709457e+00  4.1264486851e+00 -1.7184514324e+00 -1.0038122346e+00
ENERGY -5.903918653136e+02
GRADIENT  8.6890615296e-04  1.6875430340e-03  2.6894514181e-04 -2.9235634570e-05 -6.8767093496e-06 -3.2644618237e-05 -6.1433307527e-06  1.5668254068e-05 -3.4382284707e-05 -3.5329114530e-06  1.1864642518e-05 -2.4200728675e-05 -4.1729597324e-04 -1.3703610609e-03  1.1102221503e-04 -2.7794384325e-05 -1.0151422888e-05  2.8306621253e-05  1.2880799650e-03  1.7029188973e-03  6.2238874528e-04 -1.0649130647e-05 -3.6555386824e-05  4.0301489946e-06 -3.0927123130e-05 -3.3637609172e-05 -1.9532890142e-05 -4.9468664222e-05  3.7418282107e-05  3.7592230342e-05 -1.5375467111e-03 -2.1128079138e-03 -9.0085540045e-04  4.0112703680e-05  8.6851777778e-05  7.0243719474e-06  3.6785734070e-05 -3.5428348313e-06 -1.4704256742e-06  1.3755202859e-05 -5.3893524479e-07  1.4563276555e-05  3.7160189734e-06 -1.3819214752e-06 -3.6025745549e-06  9.6239648916e-07 -1.1423865345e-06  4.8071860594e-06 -5.4744949503e-06 -2.0574623486e-06 -9.6231446492e-07  5.9595140775e-06  9.9908630070e-06 -4.3643221058e-06 -4.5914405482e-06 -1.0835410753e-06 -3.8617225976e-06  4.9669692889e-06 -3.3390360873e-06 -1.1504200339e-05 -7.4330767359e-07  7.1076268302e-06 -4.5824161698e-06  1.6616031328e-06 -3.6148830235e-06  1.4546725482e-06 -7.4192006633e-06 -2.5747670048e-06  2.3240214532e-06  8.1776780169e-06  6.9781348553e-06  1.9492594013e-06 -3.2165683132e-06 -8.7305423158e-06  5.0401285002e-06 -6.8287650619e-05  1.3731226840e-05 -1.9465540491e-06

JOB 1
COORDS  1.7677660509e+00 -1.1210332535e+00 -7.5628246431e-02  2.8250087051e+00 -1.6764135586e+00  2.0085527145e+00  6.7545548778e-01 -5.9366478997e-01  6.0886502887e-01  1.7210860195e+00 -1.1775049909e+00  2.6989968868e+00  2.8574404923e+00 -1.6792431580e+00  6.0668473497e-01  6.0740636306e-01 -6.3164137317e-01  2.0209343662e+00  4.8594817050e+00 -3.1710074300e+00  1.3391800846e-01 -1.4673932951e+00  6.6819680921e-01  1.9913644634e+00 -3.8827142093e-01  7.5971253671e-02  4.1432044610e+00  4.5204984807e+00 -4.0201949019e+00  1.1817209917e+00  3.9695978071e+00 -2.1481819716e+00 -1.4209427995e-01 -5.1166225203e-01 -1.6139605865e-01  2.7116687709e+00  5.8961280231e+00 -3.3055229163e+00 -5.1468873171e-01  1.7751391322e+00 -1.0983848483e+00 -1.1631223516e+00  3.6751899715e+00 -2.0507666825e+00  2.5689529884e+00 -1.3196629785e-01 -1.6404418207e-01  2.8421551618e-02  1.7495729351e+00 -1.1991537543e+00  3.7817857776e+00 -2.2731710971e+00  9.5539410548e-01  2.6690164485e+00 -1.9220443455e+00  1.1112220632e-01  1.1659997992e+00 -1.0157327456e+00  1.5858426132e+00  1.5810975412e+00 -1.3423243749e+00  4.3992790693e-01  4.5283627654e+00  3.9055270827e-01  8.1524002655e-01  4.3903752641e+00 -1.5889413625e-01 -8.5387494827e-01  4.6733315983e+00  5.0552455820e+00 -4.8801661597e+00  1.1500750958e+00  3.5332795805e+00 -4.1447156846e+00  1.3787529884e+00  4.2754435125e+00 -1.5878024890e+00 -9.2822088241e-01
ENERGY -5.903928132512e+02
GRADIENT  4.9758145648e-04  1.0457308670e-03  1.2362900422e-05  9.1496940003e-06  1.5694407759e-05 -1.8611369785e-06  4.1471241549e-06 -3.6698348721e-06  8.9389169593e-06 -8.7512952022e-06  6.6360562713e-06  4.5302911992e-05 -2.4922316725e-04 -1.0057356381e-03  3.6169454766e-04  6.3896561028e-05 -2.1010774433e-06 -1.2567345340e-05  7.9436671999e-04  9.0827110145e-04  7.0778065932e-04  7.1561905865e-06  4.5752100210e-05 -1.7319344191e-06  2.4746668389e-05  2.8198525137e-05  8.5710838408e-06  5.0696585761e-05 -4.3240677007e-05 -4.9889560859e-06 -1.1405336177e-03 -8.8235563075e-04 -1.1426188109e-03 -4.5415957539e-05 -8.7529157463e-05 -2.8132767567e-05 -3.7236720049e-05  3.3153229052e-06  1.6026350030e-05  2.2851872710e-06  5.2521188541e-07 -6.3482011731e-06 -2.9723177367e-06 -1.3634100303e-06  6.3337274174e-06  3.8776106891e-06 -2.8990266691e-06 -7.2662740886e-06 -7.1233203582e-08  2.0319496894e-07  7.9185039155e-06 -2.7419474239e-06 -4.9360303125e-06 -3.5664042617e-06  2.2634819164e-06  2.0185891024e-07 -5.2952337905e-07  3.6366217648e-07 -1.1068429938e-06  1.8544498571e-07 -4.8163561795e-06 -7.8103702370e-06 -2.8242560007e-06 -6.0303454616e-06  4.9913769762e-06 -2.7030087507e-06  5.0590151625e-06  1.5548285898e-06 -6.8774003305e-06 -1.5805432370e-06 -7.6725769928e-06  9.7875313852e-06  5.6656735264e-06  2.7030472987e-06 -2.7727482258e-06  5.4990963996e-05  9.8367109361e-06  1.9721784776e-05

JOB 2
COORDS  1.8298164569e+00 -1.1016039643e+00 -3.1229703453e-02  2.8787801105e+00 -1.5563484991e+00  2.0812591154e+00  7.0814622247e-01 -5.9971557971e-01  6.2558394756e-01  1.7475985333e+00 -1.0870670117e+00  2.7464070131e+00  2.9322736503e+00 -1.5921509110e+00  6.8060810540e-01  6.2360888965e-01 -6.0219370502e-01  2.0375823751e+00  4.8269783572e+00 -3.1942879159e+00  1.8485682990e-01 -1.5038261473e+00  6.0713694846e-01  1.9458802927e+00 -4.3053225816e-01  1.1456558752e-01  4.1288008134e+00  4.3908818664e+00 -4.0399919479e+00  1.1986286572e+00  4.0809861947e+00 -2.0475353743e+00 -2.0115748179e-02 -5.2017772069e-01 -1.5642331359e-01  2.7006847127e+00  5.8373006754e+00 -3.4251967817e+00 -4.7803701192e-01  1.8509811291e+00 -1.1102817421e+00 -1.1186351556e+00  3.7358742647e+00 -1.8904067895e+00  2.6575761498e+00 -1.0934021865e-01 -2.2001507461e-01  2.4794403123e-02  1.7598038685e+00 -1.0820802064e+00  3.8296761533e+00 -2.3260207820e+00  8.8397351472e-01  2.6077831077e+00 -1.9283658728e+00  3.7638243302e-03  1.1370339414e+00 -1.0868724016e+00  1.5279053677e+00  1.5073325270e+00 -1.4018403829e+00  4.5745282568e-01  4.4890456763e+00  3.2075093874e-01  8.8246034367e-01  4.3730389757e+00 -1.8252987458e-01 -7.9625300232e-01  4.6832809249e+00  4.8109539886e+00 -4.9587209613e+00  1.1247374290e+00  3.3994958296e+00 -4.0424653477e+00  1.4122873741e+00  4.4111208757e+00 -1.5076387300e+00 -8.1023857363e-01
ENERGY -5.903932863651e+02
GRADIENT  1.6175736899e-04  4.0685228372e-04  1.3799885355e-04 -3.5800252005e-04  1.0663977167e-04 -2.2641658608e-04  4.5311076034e-05 -7.4827371397e-06 -1.8719750451e-05 -2.5054762268e-05  1.7889605492e-05  2.9436211009e-04  2.7991155508e-04 -7.0952357368e-04  1.7276047775e-04  1.2506078945e-04 -7.8769755727e-06 -1.4508687836e-05 -1.5572086877e-04  2.1457237603e-04  3.5932933141e-04  1.4189366111e-05  2.5920556712e-05  9.6698418191e-06  1.0491933876e-05  2.8472671513e-05  8.0274556394e-06  2.2819350429e-04 -1.4017922330e-04  1.7872614621e-04 -2.1391785487e-05 -8.7691809832e-06 -1.0260033181e-03 -5.9044665095e-05 -8.0237134242e-05  4.3210076192e-07 -1.2203374823e-04  1.2364551065e-04  1.5253681217e-04  2.6599075937e-05 -1.7875757617e-05  2.1572720474e-05 -3.4065157228e-05 -9.9087551217e-08 -3.7216153010e-05 -3.4132155580e-06 -4.8856904615e-06  3.3603400541e-06 -1.9871082508e-05  4.9554440821e-06  2.8796581432e-05  3.9418097353e-06 -1.7514673325e-06  1.0589793799e-06 -1.2596051542e-06 -5.4709005072e-06  1.8371809137e-06  4.1075708891e-06 -2.3326925515e-06 -4.7521374175e-06  1.9439120648e-06  1.9433734926e-06 -4.6860190580e-06  7.3598547942e-06 -7.5897031508e-06 -6.7356642714e-07 -3.0783198637e-06 -4.3487066094e-06 -1.8266894762e-06 -1.8860094127e-05 -4.6441430064e-05  2.5071717899e-05 -7.9695960387e-06 -1.6014641611e-05 -5.6440759542e-05 -2.2746162080e-05  7.8962700635e-05 -3.1030558500e-05

JOB 3
COORDS  1.9010167037e+00 -1.1116812724e+00 -1.0199934301e-02  2.9582138857e+00 -1.4706829662e+00  2.1181894839e+00  7.5831404890e-01 -6.3539400012e-01  6.3004606327e-01  1.8083188371e+00 -1.0277816243e+00  2.7682869369e+00  3.0185546055e+00 -1.5366037728e+00  7.1949571972e-01  6.7032295772e-01 -6.0246140508e-01  2.0419221293e+00  4.7935917600e+00 -3.2288904348e+00  1.4269397508e-01 -1.5048016004e+00  5.1656510339e-01  1.9119126751e+00 -4.2285464074e-01  1.1605808362e-01  4.1133679112e+00  4.2755724888e+00 -4.0854059445e+00  1.1050997023e+00  4.1937918930e+00 -1.9829528881e+00  5.3041913717e-02 -4.8891374773e-01 -1.7917610951e-01  2.6889815612e+00  5.7574272706e+00 -3.5278900080e+00 -5.6081445021e-01  1.9272773716e+00 -1.1497778571e+00 -1.0968381857e+00  3.8259108737e+00 -1.7650397945e+00  2.7013219529e+00 -7.1792342902e-02 -3.0368570017e-01  1.8233507924e-02  1.8138069423e+00 -9.9609546339e-01  3.8511121663e+00 -2.3356519833e+00  7.8352874027e-01  2.5668657133e+00 -1.9066659539e+00 -1.3101272089e-01  1.1257695781e+00 -1.1261429813e+00  1.4373051587e+00  1.4403622936e+00 -1.4076661719e+00  4.3482309516e-01  4.4584941502e+00  3.0178772219e-01  9.1045544213e-01  4.3524456771e+00 -1.5249759814e-01 -7.7782567803e-01  4.6849709469e+00  4.5787084270e+00 -5.0413829967e+00  9.6655046371e-01  3.3015783833e+00 -3.9747167108e+00  1.3631719537e+00  4.5337088712e+00 -1.4498539404e+00 -7.3768932770e-01
ENERGY -5.903933949999e+02
GRADIENT -6.8185668114e-05 -1.1988826056e-04 -5.6924589124e-05  1.8692418940e-05 -4.3013737392e-06 -1.5696933168e-05  3.7839111338e-05 -1.4453681525e-05  2.0917718948e-05  1.0015154724e-05  5.7491857439e-07 -4.1142999767e-06 -1.7936221664e-05  1.4082832126e-04 -4.7552579084e-05 -5.4805517245e-05 -4.3496321677e-06  1.3543555926e-05  5.7247989201e-05  1.2108238349e-05  9.5928265858e-05 -8.5320853764e-06 -3.1164129736e-05  4.1545326363e-06 -1.6446523111e-05 -3.1037791179e-05 -3.1380774566e-06 -5.1564554190e-05 -2.6996192296e-05 -1.0261626251e-04  5.7818941333e-05  3.4987288861e-05  1.4049376042e-04  5.0818031806e-05  7.4097955755e-05  9.4928014160e-06 -5.3724187459e-05 -4.4755338770e-05 -8.0708972458e-05  3.8474694269e-07  2.5940995352e-06 -6.5541471081e-06  3.2992722695e-06 -3.0099168417e-06  3.9728755058e-07  4.5926552953e-06 -3.9800332276e-07  3.1302654450e-06  1.5011189218e-07 -2.8265040297e-06 -2.4301785157e-06  2.9263370275e-06  5.9242084745e-06  4.0078841062e-06 -4.0896623543e-06  1.9859077064e-06  3.1460260167e-06  9.9085144970e-07 -5.9466008654e-07  1.4618126834e-06  3.7924773295e-06  4.1611934704e-06  3.4113676561e-06  4.0901495021e-06 -4.3604296417e-06  2.6027296368e-06 -9.9498886978e-07 -2.5144216353e-06  3.9333849147e-06 -3.5537905799e-06 -1.6346410173e-06  6.2610464384e-06  2.0322098093e-06  3.5871617781e-06  7.9225014728e-06  6.7835541965e-06  5.6454492814e-06 -7.7233475841e-06

JOB 4
COORDS  1.9516108139e+00 -1.1378552876e+00  3.7016185155e-02  3.0176568620e+00 -1.3837613524e+00  2.1781256373e+00  7.8979504793e-01 -6.8439470551e-01  6.5921438418e-01  1.8525028252e+00 -9.5929506603e-01  2.8128903031e+00  3.0835686620e+00 -1.4896668419e+00  7.8301435906e-01  7.0125257548e-01 -6.0238358960e-01  2.0696995137e+00  4.7334770306e+00 -3.2470456351e+00  9.6419536676e-02 -1.5142421075e+00  4.3031893104e-01  1.9001021218e+00 -4.1974996457e-01  1.4938734445e-01  4.1137829183e+00  4.1116342586e+00 -4.1299878897e+00  9.6789199091e-01  4.2789826112e+00 -1.9369531402e+00  1.4556614145e-01 -4.7280886487e-01 -1.9886681214e-01  2.7004596326e+00  5.6672643364e+00 -3.5786675416e+00 -6.3215072191e-01  1.9828275155e+00 -1.2143987562e+00 -1.0474119267e+00  3.8942819338e+00 -1.6362610578e+00  2.7680350592e+00 -5.2763000396e-02 -4.0821416527e-01  3.6951911317e-02  1.8526949747e+00 -8.9253521757e-01  3.8940922821e+00 -2.3546031823e+00  6.8876525772e-01  2.5461948002e+00 -1.8913562124e+00 -2.5930066708e-01  1.1379629222e+00 -1.1699823165e+00  1.3472230670e+00  1.3961936040e+00 -1.4161577112e+00  4.4366297049e-01  4.4470033415e+00  2.7472208080e-01  9.7803514452e-01  4.3236640258e+00 -1.1747166885e-01 -7.1279029570e-01  4.7169959029e+00  4.3043246808e+00 -5.0973719183e+00  7.4117000529e-01  3.1593299170e+00 -3.9299343664e+00  1.2506158524e+00  4.6676066757e+00 -1.3721069804e+00 -5.9982565911e-01
ENERGY -5.903931972696e+02
GRADIENT -1.6599149088e-04 -5.7110628712e-04 -7.7602160968e-05  2.0195501920e-04 -5.6101913257e-05  1.6179430011e-04 -1.0599385595e-04  4.5765387821e-05 -4.7052921841e-05 -3.0957241549e-05  1.1556039652e-05 -4.0030662703e-05 -8.8057768612e-05  8.8165828176e-04 -2.5756821180e-04  2.0198032686e-04 -4.1960167238e-05  8.9429096400e-06  2.3812228900e-05 -2.1118807602e-05 -4.7435607495e-04 -4.9364875895e-05  8.2551421624e-05  5.5984912252e-05  7.2295751267e-05  5.8403379018e-05 -1.1797262193e-05 -8.1603258998e-05  1.3817230588e-04  1.0201042166e-04  1.1850964395e-04 -2.8211902218e-04  9.0492352574e-04 -2.8489214728e-05 -1.6005199928e-04 -1.5462664472e-04 -2.4154496655e-05 -6.3370849668e-05 -1.2861299091e-04 -2.9255366409e-05  1.5935545711e-05 -2.2450851379e-05  1.0136079275e-05 -1.1316788488e-05  3.2484082976e-05  7.3809213127e-06 -1.1056935775e-05 -2.4863608610e-05  6.0772991623e-06 -1.0779530508e-05  2.8512067009e-05 -1.1543684813e-05 -3.5596228368e-06  5.6786157077e-06 -9.1692553621e-07  6.5746630419e-06  1.7032387916e-05 -7.6666754349e-07  3.8757876167e-06  1.0888723735e-05 -4.4046194137e-06 -9.2101723699e-06 -2.5720500809e-06 -1.5682725880e-06  3.9243512418e-06  1.1506612681e-06  1.9140285635e-05 -6.2232793929e-06 -8.3768260859e-06 -1.3746909651e-05 -1.0824535509e-05 -4.2784946157e-05 -6.0237577493e-05 -3.8645418832e-05 -3.1679383004e-05 -9.6291326749e-06  6.8756401704e-07  3.3989062825e-05

JOB 5
COORDS  1.9752896061e+00 -1.2023522694e+00  8.7948603555e-02  3.0510217999e+00 -1.3124922385e+00  2.2348639318e+00  8.0011568750e-01 -7.5732564681e-01  6.9028296911e-01  1.8779718444e+00 -8.8455138658e-01  2.8526695648e+00  3.1193917753e+00 -1.4810356687e+00  8.4694734399e-01  7.1479735823e-01 -6.0115808975e-01  2.0956241490e+00  4.6475343783e+00 -3.2761112904e+00  2.3522399201e-02 -1.5398899726e+00  3.3453864547e-01  1.8806364040e+00 -4.2979594012e-01  2.0485526483e-01  4.1068697076e+00  3.9071464648e+00 -4.1882845098e+00  7.6030309295e-01  4.3268160368e+00 -1.9421844253e+00  2.3474738345e-01 -4.6622414083e-01 -1.9754961121e-01  2.7078118326e+00  5.5712949336e+00 -3.6115712859e+00 -7.1600690868e-01  2.0094421499e+00 -1.3307003883e+00 -9.9143667375e-01  3.9343965720e+00 -1.5208011612e+00  2.8320706886e+00 -5.3297892507e-02 -5.4071880546e-01  5.9218705791e-02  1.8768644092e+00 -7.6500061305e-01  3.9293034815e+00 -2.3813581809e+00  6.0824239922e-01  2.5187047324e+00 -1.9000388216e+00 -4.2003252922e-01  1.1733333298e+00 -1.2353482757e+00  1.2252493242e+00  1.3093359464e+00 -1.4331888073e+00  4.9443322789e-01  4.4222828009e+00  2.4806705959e-01  1.0534246475e+00  4.2879988560e+00 -1.1551846067e-01 -6.2748088306e-01  4.7453615575e+00  4.0038621025e+00 -5.1377608871e+00  4.2472232863e-01  2.9796287052e+00 -3.9202206981e+00  1.0665197726e+00  4.8018490379e+00 -1.3298285374e+00 -4.1774902463e-01
ENERGY -5.903928393047e+02
GRADIENT -1.9014863679e-04 -6.1127900451e-04  7.0818803654e-05  1.8131107369e-05  9.6026562389e-06 -8.4122196862e-06 -4.5994435158e-05  3.8500758724e-06 -1.8882042579e-05 -6.7101586327e-06  6.0031155518e-06  3.0517270178e-05  1.0703575180e-04  9.3385042375e-04 -4.3409420556e-04  4.0177803772e-05 -3.2770026660e-06 -1.9930941259e-05 -2.9138426147e-04  5.3683921803e-05 -6.7932097914e-04 -8.2044438353e-06 -1.2333828996e-05 -6.3552253069e-07  3.9881379546e-06 -1.4880805912e-05  4.8340612618e-06  1.2409040995e-05 -1.4079976868e-05  7.7663601374e-05  3.6985935011e-04 -3.7659543514e-04  9.8439350743e-04  3.6072071676e-05  1.5642337213e-05 -1.7777503917e-05 -7.6496665947e-06  5.4254991993e-06  7.4899685860e-06 -7.1571274817e-06  9.0248767070e-07 -2.0639433340e-06 -9.1629583257e-07 -7.4113949827e-07  4.9476887269e-07 -5.6598609414e-06 -1.0335498990e-06 -5.4682311535e-06  2.5426177988e-06  1.2520244424e-06  7.1247788050e-06  5.1343177635e-06  7.0558324409e-06  2.2122011032e-06 -4.5523508867e-06 -2.9769265624e-06  4.0870729930e-06  1.3500966282e-06 -5.3204205913e-06 -2.8384586767e-06  6.4549918453e-06  8.0690983299e-06 -1.0789255810e-06  6.6430058078e-06 -3.0694424043e-06 -7.7234379567e-07  2.5440061859e-06 -1.7128149264e-06  1.6095392499e-06 -1.3899926569e-05 -4.0302476895e-06 -1.7383041004e-05 -1.8285372638e-05 -2.6225133067e-06 -1.7309877470e-05  1.6412968132e-07  1.3862902920e-05  3.1256494911e-06

JOB 6
COORDS  1.9014292818e+00 -1.3350702367e+00  3.5557779164e-01  2.9522331167e+00 -1.0996900793e+00  2.5044586473e+00  6.9451682433e-01 -8.9051285124e-01  8.9071449943e-01  1.7579733024e+00 -6.2560998306e-01  3.0446364804e+00  3.0447142218e+00 -1.4622693430e+00  1.1548971736e+00  5.8680631738e-01 -5.2877932878e-01  2.2555031101e+00  4.5769157923e+00 -3.2235821809e+00  2.4189301924e-01 -1.7048042645e+00  2.5637483157e-01  1.8952475366e+00 -6.1350408021e-01  5.2675647561e-01  4.1124079418e+00  3.4970126200e+00 -4.0930268818e+00  1.8100972898e-01  4.2756368209e+00 -1.9155066547e+00  5.9409043349e-01 -6.2274333600e-01 -1.0545972137e-01  2.8005092864e+00  5.7217251748e+00 -3.5643092127e+00 -5.1309790394e-02  1.9650150843e+00 -1.5876469533e+00 -6.9911099087e-01  3.8299797157e+00 -1.1854730101e+00  3.1408833730e+00 -1.6035672327e-01 -8.0951886645e-01  2.3033776739e-01  1.7429330337e+00 -3.4342959696e-01  4.0903457166e+00 -2.5728553143e+00  5.6345868417e-01  2.4806243829e+00 -2.0098498490e+00 -6.0261540088e-01  1.2888818848e+00 -1.4358914835e+00  1.0804295764e+00  1.2157815434e+00 -1.6341041588e+00  7.9984899288e-01  4.3849091726e+00  8.3010884718e-03  1.4353557183e+00  4.1441942548e+00 -2.4806781102e-01 -1.6616980141e-01  4.8772331538e+00  3.7828837300e+00 -5.0634834550e+00  1.5135173414e-01  2.6911466042e+00 -3.8937413795e+00  7.6218560838e-01  5.1098745610e+00 -1.3655590765e+00  7.5931806701e-01
ENERGY -5.903932190750e+02
GRADIENT  1.4315605433e-04  5.1991007285e-04 -1.3466849832e-04 -5.9000707453e-05 -2.6245875331e-05 -2.3087680764e-05 -3.6889462559e-05  1.0406859297e-05  5.3374194765e-06 -2.8073810738e-05  3.6973537988e-05  1.0848253438e-04 -8.8806267364e-05 -7.8149014807e-04  5.5867714596e-04  1.5683121502e-06 -1.2092506609e-06 -1.1852816477e-04  1.8360845731e-04  1.3294770355e-04 -2.8550420694e-05  1.2532737629e-04 -1.9728284863e-05 -1.3841757433e-04 -8.8402605761e-06  3.8011775401e-05  4.8249639095e-05 -3.9223221600e-05 -7.3545249654e-05  5.8437835432e-05 -2.1320872264e-04  3.2726420251e-04 -8.0681963812e-04 -5.4066697389e-06 -6.1999935353e-05  1.6309779352e-04  3.7106903841e-05 -9.0921262143e-05  2.5375321006e-04  1.1104963752e-06 -1.6779552368e-05 -1.6728422878e-06 -1.1594674258e-05  4.8438320503e-07  5.7969514937e-06 -4.9849473741e-05  1.2196401878e-05 -5.7190422986e-06  1.2061827663e-05  3.7941979340e-07 -4.3520126386e-06  1.2522643898e-05 -1.8724213223e-05 -7.2207591172e-06  2.0207959889e-05 -8.2169640752e-06 -3.2626017561e-05 -3.7712493913e-06  5.5507034690e-06 -1.4220076338e-06  5.4438768721e-06 -4.7649359634e-06  1.4258539789e-05 -8.9375814755e-06  4.6791228114e-06 -2.3348636411e-06 -8.1350215960e-06  1.5066409227e-05  3.6616889496e-06 -7.4500210125e-06 -3.6078934143e-05  4.0968678403e-05 -3.9300911158e-06 -3.4674462373e-05  6.3225069982e-05 -2.4563822031e-05  3.3723596376e-05 -2.7445779644e-06

JOB 7
COORDS  1.9146024024e+00 -1.4342699847e+00  4.4850811510e-01  2.9511409641e+00 -1.0757240128e+00  2.5869972680e+00  7.0247642959e-01 -9.6958544198e-01  9.5442569041e-01  1.7517380733e+00 -5.7769115359e-01  3.0927777706e+00  3.0546113239e+00 -1.5128205317e+00  1.2602667126e+00  5.8362933447e-01 -5.3325291176e-01  2.2955862411e+00  4.5765113211e+00 -3.2140788658e+00  1.8898700347e-01 -1.7112042582e+00  2.1793054586e-01  1.8817592647e+00 -6.3169467717e-01  6.1737180845e-01  4.0841778993e+00  3.4876850605e+00 -4.0529872280e+00 -9.0507523606e-03  4.2970830735e+00 -1.9771110174e+00  7.4658017865e-01 -6.3254278386e-01 -8.8484278848e-02  2.8107444057e+00  5.7188042024e+00 -3.5201567424e+00 -1.4993847700e-01  1.9819286872e+00 -1.7353491865e+00 -5.9277370353e-01  3.8245100734e+00 -1.1219294888e+00  3.2335474199e+00 -1.4821500043e-01 -9.2922223875e-01  2.8490863750e-01  1.7305657227e+00 -2.3794148524e-01  4.1211523695e+00 -2.5835297193e+00  5.5343784454e-01  2.4448638554e+00 -2.0098282374e+00 -6.7481367016e-01  1.3225912376e+00 -1.4425828685e+00  1.0040387224e+00  1.1583872441e+00 -1.6546505248e+00  9.0086516206e-01  4.3366965334e+00 -1.3940167920e-02  1.5293270705e+00  4.0671589214e+00 -2.6639398313e-01 -2.9241537838e-02  4.8887253754e+00  3.7716429786e+00 -5.0087769144e+00 -1.8478823268e-01  2.6898096967e+00 -3.9468434130e+00  6.0716869379e-01  5.1369431340e+00 -1.4566750002e+00  9.6716865887e-01
ENERGY -5.903934015206e+02
GRADIENT  1.8199892497e-05  6.0185702201e-05 -2.9021263367e-05 -3.2887308126e-06  6.2180072703e-06  7.5307907780e-06 -2.7771233220e-06  2.4304225222e-06  8.2070528673e-07  5.9175592739e-06 -1.7717284640e-07  1.2118408077e-05 -1.3559938253e-05 -9.6633347050e-05  7.0500649786e-05 -1.6053059689e-05 -1.5501011666e-05  1.3339267225e-06 -3.9638437036e-05 -6.8948160944e-05  3.3286978926e-05 -8.5722475429e-06 -3.0204215517e-05  1.3579921265e-05 -1.1124060065e-05 -2.8889384867e-05 -6.4351663825e-07  7.2403731402e-05 -2.7779071284e-05  7.7399078017e-05 -2.8545678773e-05  8.0857703341e-05 -7.9340755960e-05  4.1910434778e-05  6.8543036165e-05 -2.8152606461e-05  5.0821199503e-06  2.7881657710e-06 -1.0589938415e-06 -2.2381955828e-07 -1.4863581960e-06 -7.6720854060e-07 -1.8588312698e-07  1.0828209561e-06  3.3271515804e-06  2.5773379388e-06 -3.4641239878e-06 -2.4187658210e-06 -3.4322666929e-06  2.5841407306e-06  2.7105600970e-06  7.0832314092e-07  6.5152508482e-06 -4.9469042089e-06 -2.7413293054e-06 -4.1906432400e-06 -1.5112332478e-06  7.2433776306e-07 -4.9503140125e-06 -5.3524212965e-06 -1.6989755279e-06  5.0412666430e-06 -5.7459346762e-06  2.2738652216e-07 -1.5855265033e-06 -1.5332485502e-06 -3.5689162100e-06  1.8700850800e-07  1.1410432011e-06 -5.6181400033e-06  1.2040227519e-05 -1.2619052162e-05 -3.5674713136e-06  1.7554537517e-05 -2.9306882892e-05 -1.8104764482e-06  5.8273137212e-06  3.1448370693e-06

JOB 8
COORDS  1.8947910527e+00 -1.5105264594e+00  5.2655678008e-01  2.9309460087e+00 -1.0643603547e+00  2.6476527793e+00  6.8439157278e-01 -1.0210636588e+00  1.0143515407e+00  1.7334257762e+00 -5.4302556738e-01  3.1327191245e+00  3.0358212541e+00 -1.5565700550e+00  1.3399845606e+00  5.6508716818e-01 -5.3021507065e-01  2.3354842395e+00  4.5594340650e+00 -3.1749839781e+00  1.2332302236e-01 -1.7240747741e+00  2.1924070874e-01  1.8893513036e+00 -6.4500051533e-01  7.0149232971e-01  4.0715690085e+00  3.4786359750e+00 -4.0016509682e+00 -1.6205033839e-01  4.2846426038e+00 -2.0425852674e+00  8.6869976255e-01 -6.5239739377e-01 -6.4956444999e-02  2.8335542787e+00  5.6971416698e+00 -3.4131942694e+00 -2.7987548689e-01  1.9565037167e+00 -1.8493201801e+00 -5.0279097005e-01  3.8035575376e+00 -1.0864163939e+00  3.2964969770e+00 -1.6558765908e-01 -1.0066744260e+00  3.4280367053e-01  1.7143012877e+00 -1.6178969755e-01  4.1465040806e+00 -2.5977898276e+00  5.7587530918e-01  2.4373033025e+00 -2.0245293989e+00 -6.8853828842e-01  1.3562446511e+00 -1.4474126881e+00  9.8158638257e-01  1.1436505113e+00 -1.6672569814e+00  9.9383849703e-01  4.3171320342e+00 -2.9698974312e-02  1.6132552094e+00  4.0074325126e+00 -2.7308235707e-01  9.4649709492e-02  4.9034047454e+00  3.7812893514e+00 -4.9184387645e+00 -4.6852893421e-01  2.7071758994e+00 -4.0076027330e+00  4.9624898763e-01  5.1200749716e+00 -1.5135918125e+00  1.0858470894e+00
ENERGY -5.903932341990e+02
GRADIENT -1.7904428058e-04 -5.1284277615e-04  3.4664181852e-04 -1.8409132966e-04 -4.3126126090e-06 -1.5992092580e-04 -1.5594763726e-04  1.7781199783e-05 -1.1528777234e-04 -4.6858222632e-05  1.0162718611e-04  2.2115010978e-04  3.3447924629e-04  1.0100749702e-03 -6.7122936905e-04  2.4410022452e-04 -7.4408647965e-05 -2.4179375564e-05 -1.2378061291e-04  4.7307670401e-04 -6.6898288885e-04 -5.1535595258e-05  3.9799922033e-05  2.8012063734e-05  4.3000058959e-05  1.0977139228e-05 -2.0947767590e-05 -1.1912978466e-05 -4.8649162205e-05 -4.5576679884e-05  1.7906968297e-04 -9.3243013839e-04  9.9014302642e-04  2.5913612090e-05 -7.9281097822e-05 -8.0565083725e-05 -3.1576554553e-07 -3.4117351880e-05  6.5275034525e-05  2.6769125912e-06  2.1718962676e-05  2.0840397328e-05 -2.4166263108e-05  5.6067756962e-06 -1.7897052628e-05 -2.5594265518e-06 -9.5641458331e-06 -1.5936738086e-05 -1.5649461969e-05  1.1980010414e-05  4.7499187842e-05 -4.4578093241e-06  3.7717534667e-08  3.0085388251e-06 -3.7437878181e-06  3.7293556123e-06  1.0685646913e-05  2.0532449140e-06 -4.0482004567e-06  2.7189805369e-06 -1.8038569912e-06 -7.6683531860e-06 -8.7258711012e-06  1.3222430964e-06 -3.9218205620e-06 -2.0861618176e-06  1.5796425568e-05 -1.0551818414e-05 -5.5260691656e-06  3.2864837191e-06 -2.1181884413e-05  1.2839654790e-05  1.1389208652e-05 -2.9274376919e-05  2.2344195695e-05  1.8746328317e-06  3.6219534087e-05  2.5469723785e-05

JOB 9
COORDS  1.9122689223e+00 -1.6161844952e+00  5.8724438068e-01  2.9439159253e+00 -1.0802961656e+00  2.6891790236e+00  7.0287276729e-01 -1.1007973028e+00  1.0528971638e+00  1.7467409703e+00 -5.3763565622e-01  3.1491696499e+00  3.0525437024e+00 -1.6268843853e+00  1.4028116132e+00  5.7948375656e-01 -5.5525101661e-01  2.3507531444e+00  4.6051437710e+00 -3.1448515073e+00  7.8479251020e-02 -1.7036764084e+00  1.8532828427e-01  1.8661775844e+00 -6.3028430934e-01  7.5655246629e-01  4.0273340023e+00  3.5496895128e+00 -3.9670730613e+00 -3.0075639855e-01  4.3091051600e+00 -2.1373673823e+00  9.8015016973e-01 -6.3954494388e-01 -6.8093824305e-02  2.8273400526e+00  5.7454260019e+00 -3.2921769453e+00 -3.5898868137e-01  1.9705291245e+00 -1.9918857081e+00 -4.2869627856e-01  3.8143434984e+00 -1.0767533308e+00  3.3415043434e+00 -1.4476535907e-01 -1.1125334802e+00  3.7827607704e-01  1.7275148850e+00 -1.1470512620e-01  4.1462735076e+00 -2.5799870539e+00  5.6410511621e-01  2.3949692272e+00 -2.0035785618e+00 -7.4029470949e-01  1.3644720358e+00 -1.4197164688e+00  9.1925501004e-01  1.0948774579e+00 -1.6523201669e+00  1.0601223084e+00  4.2602531375e+00 -1.5026721763e-02  1.6644328961e+00  3.9195339745e+00 -2.5750562461e-01  1.8987639125e-01  4.8865778640e+00  3.8828080218e+00 -4.8249481908e+00 -7.2470216522e-01  2.7964915841e+00 -4.0927438197e+00  3.6701435438e-01  5.1330029985e+00 -1.5964512414e+00  1.2137906313e+00
ENERGY -5.903926833786e+02
GRADIENT -3.6488826951e-04 -1.1804110746e-03  4.6359511267e-04  1.3237443978e-05 -1.2754932362e-05 -2.5077346857e-05 -2.2043811124e-05 -1.7190887065e-05 -3.6134778607e-05 -6.4442398467e-06  5.8099617574e-06  1.4389873698e-05  5.4499143672e-04  2.4753855520e-03 -1.3879250669e-03  2.3817341595e-05 -4.7066185985e-06  1.4819013511e-05  9.8557151375e-06  1.0544776606e-03 -1.1702255612e-03  1.2844701428e-05  4.0621317851e-06  7.5656463732e-06  5.9741315920e-06 -1.8649166313e-06 -1.4234929880e-05 -3.6963878534e-06  1.7864688957e-05 -4.6227978134e-05 -2.4492916033e-04 -2.2819091423e-03  2.1777412353e-03 -4.7755937985e-06 -4.3562731230e-06 -4.8400064493e-06  9.8695023721e-06 -1.4635746429e-05  1.9891283238e-06 -2.6630862972e-06  3.5133284585e-06  7.9550668095e-07  7.0210480855e-07  1.1054841204e-06  7.7196638290e-07 -5.7056353832e-06  7.9468717904e-06 -3.8094583141e-06  1.0721539821e-05  1.1469085957e-06 -3.4568084129e-06 -3.1357066329e-06 -2.2856696211e-06  4.8377774946e-06  4.5212378286e-06 -1.0908895156e-06  1.4445592990e-06 -1.5862352509e-06  2.5190531097e-06  3.2259078930e-06 -6.1055905869e-07 -3.3367138794e-06  3.8833016871e-06  1.7327301877e-06  1.2856044664e-06  2.8795075287e-06  2.2959810071e-06  2.9372019409e-07  1.2158071056e-06  7.7897933794e-06 -1.2350530089e-05  4.2160374949e-05  1.4376994143e-05  4.6537770565e-07  4.9255747168e-06  2.8587969044e-05 -1.3678705951e-05 -6.5542570716e-05

JOB 10
COORDS  1.8849575417e+00 -1.7143767484e+00  6.6329163476e-01  2.9277007408e+00 -1.0859710491e+00  2.7310158842e+00  6.8147694524e-01 -1.1659303712e+00  1.1095302949e+00  1.7362532325e+00 -5.1746026979e-01  3.1719847140e+00  3.0310127920e+00 -1.6919782946e+00  1.4700632153e+00  5.6510460986e-01 -5.6258143042e-01  2.3806662978e+00  4.6217972834e+00 -3.1111669200e+00  6.9533201621e-02 -1.7122951565e+00  1.7135542909e-01  1.8693432218e+00 -6.2831450617e-01  8.3639481906e-01  3.9980082830e+00  3.5957048608e+00 -3.9031077595e+00 -4.3459066475e-01  4.2871234702e+00 -2.2384040095e+00  1.0928047033e+00 -6.4956680483e-01 -4.6325752695e-02  2.8403765026e+00  5.7747754442e+00 -3.1797198847e+00 -3.5260384865e-01  1.9320509820e+00 -2.1265896185e+00 -3.3810447823e-01  3.8001274917e+00 -1.0555976440e+00  3.3803139253e+00 -1.6811641076e-01 -1.2024036578e+00  4.3812374674e-01  1.7253635530e+00 -5.0151062100e-02  4.1492368195e+00 -2.5845639269e+00  5.8271009052e-01  2.3802534075e+00 -2.0211554405e+00 -7.7423401615e-01  1.4120599762e+00 -1.4227866427e+00  8.6532687302e-01  1.0636616030e+00 -1.6468172447e+00  1.1596199460e+00  4.2198694657e+00 -6.1364899533e-03  1.7329128238e+00  3.8434532606e+00 -2.5640093058e-01  3.0977672323e-01  4.8828011966e+00  3.9615413889e+00 -4.6837379645e+00 -9.6757915734e-01  2.8492058949e+00 -4.1497647688e+00  2.0667150613e-01  5.1039841172e+00 -1.7229983646e+00  1.3996293597e+00
ENERGY -5.903916947451e+02
GRADIENT -5.9793838041e-04 -1.5853975383e-03  1.3526082351e-03 -2.8305511876e-04 -1.1018473668e-05 -1.9763323785e-04 -3.1073314247e-04  1.6730226518e-06 -2.0171157532e-04  3.4016644747e-05  5.7714809778e-05  9.4304311691e-05  1.4676435207e-03  3.6895623230e-03 -2.3787369522e-03 -4.0712896275e-05 -7.2615913774e-05 -1.5903141102e-04  3.2699210258e-05  1.6876011271e-03 -1.2921160784e-03  1.4766847752e-04 -1.4406626765e-04 -1.0300308589e-04 -5.5442930939e-05 -5.0534307885e-05  7.8036264775e-05  7.4443604642e-05 -8.5141535691e-05 -1.3590931637e-04 -3.3488010003e-04 -3.8089571823e-03  2.6893405579e-03  6.1038735547e-05  1.9263238034e-04  1.2993928089e-04 -1.1188356116e-04  5.8836065755e-05  3.0896065950e-05  1.9597149979e-05  1.3788568576e-05  4.5944864355e-05 -2.0317700206e-05 -2.2107187102e-05 -6.1539809890e-05 -1.1354646032e-04  2.7482379898e-05  4.6779811806e-06  1.4563213796e-05 -6.7599743593e-06 -1.6893598919e-05  2.9615839485e-05  8.9383026110e-08  2.8012755757e-07  9.0163145617e-06 -2.4491167116e-05 -2.5589699547e-05  7.6974897852e-07 -9.3746771417e-06 -8.2720370170e-06  2.2035440473e-05  1.4797183630e-05  9.3278095101e-06  1.2257616882e-05 -2.3296749205e-06  6.8412612085e-06 -1.1828623544e-05  1.3886395919e-05  1.7463288877e-05 -4.4344424859e-05 -2.1197824270e-06 -1.3492563317e-05  7.2334640395e-06  1.7406313697e-05 -1.6876531472e-05 -1.0329353572e-05  2.7081741536e-05  5.2896488718e-05

JOB 11
COORDS  2.4765198427e+00 -5.3735570571e-01  7.7659066358e-01  2.4739329503e+00 -1.8598254972e+00  2.7785006721e+00  1.2918244846e+00  7.5543297647e-02  1.1904000184e+00  1.2864857396e+00 -1.2606799999e+00  3.1871544300e+00  3.0932397685e+00 -1.5171042195e+00  1.5664603996e+00  6.6805772562e-01 -2.5238191064e-01  2.4126698274e+00  5.1586183615e+00 -2.0372002511e+00  1.5333864560e-01 -1.2510851900e+00  1.1652349056e+00  1.8673652481e+00 -1.2569839843e+00 -2.1416098525e-01  3.9247739698e+00  5.1960431296e+00 -7.8403515208e-01 -4.4913539093e-01  4.3127357058e+00 -2.1739018047e+00  1.2461112120e+00 -4.9463848506e-01  3.9489632538e-01  2.8441253301e+00  5.8518657643e+00 -2.9759684884e+00 -2.3268599562e-01  2.8827342480e+00 -2.7857605043e-01 -1.9367220962e-01  2.9290301657e+00 -2.6153972186e+00  3.4158649993e+00  8.5240745578e-01  8.1342530928e-01  5.2985412431e-01  8.5175519750e-01 -1.5814717011e+00  4.1261213944e+00 -2.1277449230e+00  1.5966846138e+00  2.3537660930e+00 -1.5916594485e+00  5.5943130324e-01  1.0118483589e+00 -6.5332717893e-01  1.9971575916e+00  1.4812308609e+00 -2.1343933441e+00  4.0045353056e-01  4.1336234733e+00 -6.6470974974e-01 -2.5442039570e-01  4.8445399691e+00 -1.5973899274e+00 -1.2356559974e+00  3.6887870104e+00  6.0049792980e+00 -6.9329692847e-01 -1.0536090392e+00  5.0442960737e+00  1.4282926447e-02  1.5835400529e-01  4.3929709513e+00 -3.1139498513e+00  1.6176089338e+00
ENERGY -5.903903607025e+02
GRADIENT  1.2824273512e-03  1.8065836308e-03  1.3659446552e-03  2.5955275293e-05 -3.8444085403e-05  3.5289680198e-05  6.7395665044e-06  2.3155413067e-05 -3.7765094717e-05  8.2273698401e-05  2.1949396977e-05 -1.3706891741e-04 -2.9884065659e-03 -4.2223279944e-03 -2.8926707741e-03 -9.7616969035e-05  5.8795568030e-05  3.5691616966e-05 -1.5468490321e-03 -2.0626086813e-03 -1.4838262185e-03  1.8649824535e-05  2.8213960126e-05  3.2410191537e-05  1.6195392177e-05  5.0521157875e-05  1.6153134236e-05 -3.4882593268e-05  7.5841808193e-06  7.6661785427e-05  3.2880219947e-03  4.3628435960e-03  2.9814247360e-03 -6.3489863589e-05 -6.3555096108e-05 -4.0053907318e-05  3.4361391098e-05 -1.3648269870e-05  1.2660696523e-05  1.7886335194e-05 -2.9921221201e-06  2.1377251365e-06  1.5998873811e-05 -6.3424531144e-06 -1.1931968298e-05 -1.1793612288e-05 -1.0152494330e-06  1.2687009923e-05  1.0686058436e-05  3.0599713868e-06 -2.3910949607e-05 -4.8090772875e-06 -1.0177995404e-05 -1.0859921592e-06  9.9192983839e-06  4.7322399642e-06 -2.5487758813e-06 -1.9362370576e-06  1.0280424605e-05  7.5748693579e-06 -2.6307974222e-06 -8.3918900534e-06 -3.6685534525e-06 -9.0524957096e-07  6.2444622317e-06  8.0006007040e-06  8.1529305225e-06 -4.3871249783e-06  5.9280862005e-06 -1.3124925436e-05 -1.1322632098e-05  2.3450861496e-06 -1.6105604472e-05  3.6837537232e-06 -1.0820035170e-05 -4.4688239135e-05 -2.0835643462e-06 -3.5391416559e-06

JOB 12
COORDS  2.4187372915e+00 -6.2567566981e-01  6.9737870880e-01  2.4757104717e+00 -1.8823676648e+00  2.7431992797e+00  1.2574202642e+00  1.4965776448e-02  1.1322467470e+00  1.3054643975e+00 -1.2616213899e+00  3.1701531107e+00  3.0544483268e+00 -1.5821947897e+00  1.5009890442e+00  6.7150679017e-01 -2.7144688792e-01  2.3844501674e+00  5.1712313906e+00 -2.0102599930e+00  1.4110873541e-01 -1.2514392095e+00  1.1494843173e+00  1.8592473396e+00 -1.1989191965e+00 -1.6394851216e-01  3.9605641101e+00  5.2212236361e+00 -7.0505784496e-01 -3.3666923378e-01  4.2431205453e+00 -2.2697602550e+00  1.1370867638e+00 -4.7075325565e-01  3.9845570747e-01  2.8320943746e+00  5.9142433711e+00 -2.8952819502e+00 -2.7958727593e-01  2.8024683420e+00 -4.0086582294e-01 -2.9115282556e-01  2.9493316180e+00 -2.6196528071e+00  3.3880622461e+00  8.0238552874e-01  7.3738347927e-01  4.6523250547e-01  8.9864421678e-01 -1.5478028674e+00  4.1324834090e+00 -2.1080652272e+00  1.6024101502e+00  2.3614127007e+00 -1.6248203834e+00  5.2371972989e-01  1.0324633485e+00 -6.5919301601e-01  1.9646776122e+00  1.4311501370e+00 -2.0640609635e+00  4.6513189305e-01  4.1770342121e+00 -5.7489220944e-01 -1.7580803549e-01  4.8599449836e+00 -1.5546434062e+00 -1.1903220918e+00  3.7740592378e+00  6.0803861844e+00 -5.3306067763e-01 -8.4619654766e-01  4.9684443876e+00  3.1307174966e-02  3.1389973174e-01  4.2997813311e+00 -3.2385146139e+00  1.4291845619e+00
ENERGY -5.903916965114e+02
GRADIENT  1.2494473144e-03  1.5716246137e-03  5.3230784852e-04  9.6923124920e-05 -1.7074110996e-04  8.1656776850e-05  1.1289834543e-04 -1.7348477658e-04  1.7706358724e-04  7.1589891773e-05  1.5913979918e-05 -8.4183603491e-05 -2.7042565712e-03 -3.0270507750e-03 -2.1340292724e-03 -1.2328790101e-04  8.1632938498e-05  2.1219597761e-05 -1.1063980682e-03 -1.2988195615e-03 -1.4637180709e-03  1.6612772625e-05  1.9408018983e-05  2.2878033705e-05  1.0652567748e-05  4.3198255303e-05  1.8742648964e-05 -4.6667853007e-05 -1.5237243151e-06  6.3328050559e-05  2.4874487912e-03  3.0893632973e-03  2.7218074239e-03 -3.4941674330e-05 -7.4325465988e-05 -3.5504090618e-05  2.0094590850e-05 -2.8696899841e-05 -3.5221150473e-05 -3.2996612677e-05  9.2164598772e-06 -3.9589534652e-05  3.4919730043e-06 -2.6678167350e-05  2.0884334854e-05  1.6533074498e-05 -1.1045464854e-05  3.5613541496e-06  2.1799009334e-05 -2.6242603152e-06 -2.7173575840e-05 -3.2919024359e-06 -1.1589417069e-05 -1.5592387454e-06  7.6053382135e-06  1.5471242497e-06 -2.5177311029e-06  1.4298719137e-06  1.1389965204e-05  6.6946661319e-06 -3.4881366531e-06 -1.4115809096e-05  6.1319275797e-07  1.3848009052e-07 -1.1868798339e-07  6.9558023102e-06  6.3109759427e-06 -8.0672166357e-06  4.7528536001e-06 -4.5234431815e-06 -1.1069183502e-05 -1.6530046812e-06  1.0933419957e-05  8.5265306403e-06 -1.1648788735e-05 -5.2383772101e-05  2.3257914181e-05  5.5225309994e-05

JOB 13
COORDS  2.3503530178e+00 -6.8683991600e-01  6.3754436907e-01  2.4637484627e+00 -1.8777842564e+00  2.7203632549e+00  1.2069329578e+00 -2.3866221373e-02  1.0828217739e+00  1.3058294238e+00 -1.2403628628e+00  3.1587388052e+00  3.0073601306e+00 -1.6175216778e+00  1.4545798667e+00  6.5487596359e-01 -2.7166908935e-01  2.3599108911e+00  5.1881421359e+00 -1.9510328627e+00  1.8833515795e-01 -1.2755632512e+00  1.1440011704e+00  1.8451917158e+00 -1.1675423184e+00 -1.0224914101e-01  3.9864198412e+00  5.2386033804e+00 -6.0770985665e-01 -1.6804442681e-01  4.1730828633e+00 -2.3227601521e+00  1.0525245968e+00 -4.7182298695e-01  4.1566514677e-01  2.8168200191e+00  5.9944486757e+00 -2.7764968534e+00 -2.3800847905e-01  2.7179824082e+00 -4.9207193428e-01 -3.6424125523e-01  2.9548968190e+00 -2.5956902014e+00  3.3735047932e+00  7.3657013422e-01  6.8104798907e-01  4.0785363698e-01  9.2361447600e-01 -1.4940662977e+00  4.1400633033e+00 -2.1150778385e+00  1.6162647766e+00  2.3581914574e+00 -1.6755932020e+00  4.9714729205e-01  1.0478665003e+00 -6.9133259169e-01  1.9429413812e+00  1.3773947392e+00 -2.0231567826e+00  5.3851680471e-01  4.2061673427e+00 -5.1639081366e-01 -8.5264316180e-02  4.8662596527e+00 -1.5327673560e+00 -1.1326124294e+00  3.8472669069e+00  6.1392605653e+00 -3.6322414528e-01 -5.6266698776e-01  4.8760463739e+00  6.3611329983e-02  5.0047659856e-01  4.2178024897e+00 -3.3100282869e+00  1.2744510005e+00
ENERGY -5.903926832833e+02
GRADIENT  7.6399982746e-04  9.8447510251e-04  4.6299329767e-04  1.2516087109e-05 -9.8099527972e-06  1.1813611875e-05  5.4831651149e-05 -7.4493704557e-05  4.8507469828e-05  4.1082249120e-05  1.0806197506e-06 -6.7570116375e-05 -1.6782235182e-03 -1.8917905827e-03 -1.4822943475e-03 -8.8804012796e-05  3.9425434516e-05  2.3540079564e-05 -8.3554229503e-04 -5.6366832951e-04 -1.1242055001e-03 -4.5449031509e-06 -2.9076460802e-06  4.2220656765e-06 -1.4670903346e-05  5.3344430160e-06  5.3016137786e-06  4.2801249456e-05  2.1127907196e-05 -7.5525906827e-05  1.7753647509e-03  1.4183346978e-03  2.0895010740e-03 -1.4505991286e-05  2.4293464072e-05  2.2490041447e-05 -2.1634527839e-05  3.4517269978e-05  2.4504992767e-05  6.8930460575e-06 -4.0712060637e-06 -4.6873079448e-07  5.6776854953e-06 -3.6928725194e-06 -5.7421482392e-06  2.9159503956e-06 -8.8749838152e-06  1.2806414035e-05  7.7372924638e-06  2.6859879447e-06 -1.6703526739e-05  3.0256294419e-07 -3.0725175978e-06  2.3797489629e-06  1.9154442149e-06 -6.2535981885e-07  1.4948939685e-06 -8.6991208807e-07  1.6027028751e-06  4.1689346439e-06  4.8513731452e-07 -2.9515882452e-06  3.3150935131e-06 -3.8063705208e-06  2.8088201764e-06  2.3040480809e-06  3.7555011558e-06 -1.8852581189e-06  1.5155449894e-06  1.0216579748e-05  1.5419641937e-05 -3.2187764651e-06  1.6342993327e-05 -4.8041678033e-06  1.1078515168e-05 -8.4945052538e-05 -1.9699517776e-05  3.2090544022e-05

JOB 14
COORDS  2.2543314275e+00 -7.5069974751e-01  5.5808528333e-01  2.4553514609e+00 -1.8953946955e+00  2.6603920170e+00  1.1356871542e+00 -6.9471748296e-02  1.0346192474e+00  1.3184823581e+00 -1.2432722726e+00  3.1331460803e+00  2.9445021370e+00 -1.6635806565e+00  1.3680750379e+00  6.3856482341e-01 -2.8929845706e-01  2.3404182964e+00  5.1763562476e+00 -1.9181621284e+00  1.9594987210e-01 -1.3034927899e+00  1.1295081290e+00  1.8785760057e+00 -1.1091691845e+00 -7.1398391792e-02  4.0417686121e+00  5.2144147315e+00 -5.5164996713e-01 -5.8515016800e-02  4.0827623403e+00 -2.3777723241e+00  9.0713358113e-01 -4.6501582336e-01  4.1139949860e-01  2.8283876696e+00  6.0465747428e+00 -2.6891611586e+00 -2.0644697633e-01  2.5885124023e+00 -5.7932326246e-01 -4.6027932408e-01  2.9718202805e+00 -2.6014915795e+00  3.3066287957e+00  6.3939540905e-01  6.2346690617e-01  3.6589703419e-01  9.7597486795e-01 -1.4732504060e+00  4.1347559173e+00 -2.1185982150e+00  1.6151987760e+00  2.4175735307e+00 -1.7394574786e+00  4.7231351816e-01  1.1092773589e+00 -7.3429991197e-01  1.9169823230e+00  1.3741769197e+00 -1.9525004874e+00  5.7827091992e-01  4.2815619893e+00 -4.1927716609e-01 -3.3069927054e-02  4.8909303925e+00 -1.4828204080e+00 -1.1035963898e+00  3.9469790041e+00  6.1403237349e+00 -2.5087725934e-01 -3.3836964353e-01  4.7524096977e+00  6.0656125151e-02  6.0499741706e-01  4.1404072578e+00 -3.3694728613e+00  1.1023680112e+00
ENERGY -5.903932340106e+02
GRADIENT  2.0746793676e-04  3.9317196577e-04  4.9970689304e-04 -6.9980138250e-05  1.0722016031e-04 -1.2509671644e-04 -9.4106088165e-05  1.8177080139e-04 -1.5147191949e-04 -2.7402045206e-05  1.0974783129e-05  6.6134879354e-05 -5.6387480517e-04 -8.9292174176e-04 -7.1423006323e-04  8.6971534716e-05 -9.9443117256e-05 -4.3131929476e-05 -2.9688917403e-04 -2.8942219823e-04 -4.4275624457e-04  1.3050728150e-06 -1.5750599067e-05 -2.7491013017e-05 -4.4936649487e-06 -2.2849469031e-05  2.3856816568e-06 -1.3820180094e-04  9.5671646270e-05 -9.3159124422e-05  9.0435934472e-04  4.4639834283e-04  9.0742070715e-04  3.5082158234e-05  5.9115606288e-05  2.1420244196e-05  3.4464131563e-06 -4.2918272540e-06 -2.3167318496e-05  7.9382421657e-06 -5.1851090310e-06  4.5776400006e-05  6.4051664268e-06  1.7374028965e-05 -2.6088158664e-05 -3.3554856354e-05  1.9680954315e-05 -6.2140201956e-06 -6.4506651043e-06 -3.8252315672e-06  6.7286027033e-06  6.7411108502e-06 -2.5155470280e-06  1.3566221683e-06  3.3603014304e-06  5.7202417180e-07 -2.1441522002e-06  4.1565235180e-06 -2.1255377783e-06 -2.0083674113e-06  5.4044289519e-06 -1.1597770961e-06 -1.8429326590e-07  3.0768649383e-06 -1.4069978166e-06 -1.0221164153e-06  1.9910741019e-06 -1.9750164427e-06 -3.2464590933e-07  2.0688770783e-05 -1.5620030462e-05  1.7248677460e-05  3.6343179921e-05  1.1817009514e-05  4.1598221601e-05 -3.3555830594e-05 -8.3129658480e-06  7.1133908755e-06

JOB 15
COORDS  2.2063676974e+00 -8.0901858252e-01  4.7821968382e-01  2.4766549045e+00 -1.9034469861e+00  2.6006484894e+00  1.1059536987e+00 -1.1266382063e-01  9.7352182563e-01  1.3568026471e+00 -1.2370408642e+00  3.0948762749e+00  2.9218095509e+00 -1.7019190857e+00  1.2879521684e+00  6.5227917034e-01 -3.0161472893e-01  2.3007978884e+00  5.2170274265e+00 -1.9102105561e+00  2.6475214799e-01 -1.2957311286e+00  1.1208282292e+00  1.8719445607e+00 -1.0345652660e+00 -3.3902994530e-02  4.0565552992e+00  5.2591017977e+00 -5.3265552913e-01  9.4839541157e-02  4.0397746784e+00 -2.4230564447e+00  7.8468657426e-01 -4.3457735594e-01  4.0953028139e-01  2.8062500631e+00  6.1443927514e+00 -2.6471002920e+00 -6.7448619956e-02  2.5135324029e+00 -6.6426146803e-01 -5.5335319738e-01  3.0127843431e+00 -2.5962257444e+00  3.2452912493e+00  5.8831206937e-01  5.6552873464e-01  3.0594191510e-01  1.0456879051e+00 -1.4417116685e+00  4.1121044535e+00 -2.0924343864e+00  1.6179787492e+00  2.4275756322e+00 -1.7573488736e+00  4.5630765490e-01  1.1244504404e+00 -7.3690362686e-01  1.8982445094e+00  1.3407979162e+00 -1.8705240379e+00  6.2203701171e-01  4.3045657686e+00 -3.1549223171e-01  3.2021204075e-02  4.8795900870e+00 -1.4091731675e+00 -1.0687440306e+00  4.0077885112e+00  6.2026264472e+00 -1.9659695503e-01 -5.2962478958e-02  4.6892921693e+00  3.8128880341e-02  7.0890388752e-01  4.1085495853e+00 -3.4124696197e+00  9.8770670087e-01
ENERGY -5.903934016713e+02
GRADIENT -8.8277243275e-05 -7.0091248644e-05  1.9202541436e-05 -3.2800989859e-05 -1.7097087707e-06 -2.7597010956e-05 -1.9574623774e-05  5.0651964574e-05 -2.9775326428e-05 -3.5010220536e-06  1.4107755693e-05  5.0489598006e-05  1.1744507877e-04  6.2092876555e-05  6.8549742637e-05  3.8119579457e-05 -2.2362350098e-06 -1.6654982020e-05  3.5635614967e-05  1.2397792402e-04  8.6259360614e-05  2.0115420252e-05  2.9091215182e-05  1.4908662148e-05  2.6019744077e-05  1.9319354164e-05 -8.9310132143e-06  1.1204619298e-04 -5.2353574585e-05  7.3701151722e-05 -7.3969138245e-05 -9.1892536243e-05 -9.6263895197e-05 -2.4236968745e-05 -7.8500183577e-05 -3.1319922998e-05 -2.7789653771e-05  1.1273317917e-05 -1.0937146066e-05  7.1146654398e-06  1.2403042637e-05  9.5909396890e-06  4.6615845532e-06  7.2874332517e-06  1.7711030864e-06 -2.7986363831e-06 -2.4951362808e-06 -8.9893140084e-06 -1.5102375137e-05 -2.2496603324e-06  9.2713444893e-06 -3.7830334355e-06 -3.2360752364e-06 -5.6519130257e-06 -1.2844346349e-06  2.4112112379e-06 -4.7620410286e-06 -9.2519791396e-07  1.6432915528e-06 -4.1547803750e-06 -2.6271682762e-06 -6.3876502107e-07 -1.4493033760e-06  7.0026768997e-07 -3.0589646964e-06  1.3170423644e-06 -3.4687096941e-06  8.4629871357e-07 -1.2666844562e-06 -1.7570929978e-05  2.2564032341e-06 -2.7294523265e-05 -1.6482654739e-05 -1.5346347762e-05 -4.3208531507e-05 -1.7909746430e-05 -7.0916670315e-06  8.6164569472e-06

JOB 16
COORDS  2.1203711590e+00 -8.5508076273e-01  3.8200851588e-01  2.4987841288e+00 -1.8887167463e+00  2.5186221808e+00  1.0387552525e+00 -1.5177143500e-01  9.0747341331e-01  1.4006052468e+00 -1.2130734377e+00  3.0480982028e+00  2.8773453264e+00 -1.7218705085e+00  1.1806388882e+00  6.5147240296e-01 -3.0612011016e-01  2.2607169852e+00  5.2234932075e+00 -1.9060069221e+00  3.1715450367e-01 -1.3228680130e+00  1.0924713165e+00  1.8838159746e+00 -9.5114573494e-01  4.6630971405e-03  4.0879418824e+00  5.2917478592e+00 -5.2028354550e-01  2.8679403165e-01  3.9807407877e+00 -2.4388534577e+00  6.2960087724e-01 -4.1472964121e-01  4.1177686001e-01  2.7966440506e+00  6.1795335492e+00 -2.6250450943e+00  3.1442787156e-02  2.3862164279e+00 -7.3559960243e-01 -6.6454059302e-01  3.0698037998e+00 -2.5615614124e+00  3.1542731440e+00  4.8563424736e-01  5.0592381960e-01  2.4796064739e-01  1.1396468481e+00 -1.3890222661e+00  4.0845747186e+00 -2.0952297163e+00  1.6020067850e+00  2.4620137623e+00 -1.8151148562e+00  4.0435811068e-01  1.1786513100e+00 -7.9395163272e-01  1.8564953652e+00  1.3049457088e+00 -1.7783714565e+00  6.6392808652e-01  4.3554012894e+00 -1.9389767607e-01  9.9826050113e-02  4.8728875100e+00 -1.3209592240e+00 -1.0328584321e+00  4.0888397212e+00  6.2448857868e+00 -1.7981273590e-01  2.8647862629e-01  4.6427696209e+00  1.7645936242e-03  8.6402970144e-01  4.0235503974e+00 -3.4401354325e+00  7.7551014236e-01
ENERGY -5.903932182510e+02
GRADIENT -3.2869125855e-04 -4.1577625705e-04 -1.3543057052e-04 -2.4278954504e-05  8.4829930910e-05 -1.9189661461e-05 -7.3497057613e-06 -2.0829586556e-06  2.7059324688e-05 -3.3233670228e-05 -7.2896369702e-06  8.2190924493e-05  5.5744452076e-04  4.9021996474e-04  5.8904850472e-04 -5.4905568067e-05  4.4483866932e-05 -1.3044244532e-04  3.0790654905e-05 -2.9806538350e-04 -1.2234201864e-04  1.2580576643e-04 -1.0879188829e-04 -1.6854034733e-04 -5.0727477563e-05 -4.8839529828e-06  6.1204652166e-05 -3.2397621666e-05  6.1663856298e-05  9.3660094579e-05 -3.7273254998e-04  8.1700982285e-05 -8.1976704759e-04  2.3559092799e-05  4.6673106336e-05  2.2389844688e-04  1.4676208794e-04  2.6989209138e-06  2.7578918460e-04  2.3050742335e-05  7.2814703981e-06 -1.4862181660e-06 -3.6444205772e-06  9.7831353865e-06  1.0294596399e-06 -4.9524199686e-05  3.8452227787e-05  1.1846559613e-06  1.1553855671e-05 -1.1324078170e-05 -2.0278674382e-05  2.7927535078e-05 -7.6236822126e-07 -7.9264213928e-06 -7.6742613535e-06 -5.2304801357e-07 -2.6844867243e-06  2.4965024209e-05 -1.2371546134e-05 -4.0458900712e-05  7.4219568287e-06 -4.2388946830e-06  1.9392876577e-05 -2.5019198572e-05 -3.7692368837e-08  6.1378740231e-06 -9.6418490702e-06  4.3743076345e-06 -1.9137471820e-06  2.5393438410e-05  2.0253198370e-05  4.3973156781e-05  1.8407557518e-05  2.7323075137e-05  6.9246352555e-05 -2.7298251723e-05  1.2619928538e-05 -6.5741831395e-06

JOB 17
COORDS  2.0846396463e+00 -9.9927041426e-01  1.0897826158e-01  2.7528299572e+00 -1.8461245966e+00  2.2572887120e+00  1.0190723023e+00 -3.2157375605e-01  6.9820104456e-01  1.7018044712e+00 -1.1604448430e+00  2.8623404068e+00  2.9638353224e+00 -1.7754468275e+00  8.7533467373e-01  8.0765270789e-01 -3.7132088677e-01  2.0980172567e+00  5.3341643645e+00 -1.9413174799e+00  1.0701061745e-01 -1.2689976569e+00  9.0720791463e-01  1.8560605457e+00 -5.6688679862e-01  4.2288650778e-02  4.0840814674e+00  5.6188120225e+00 -8.2137317739e-01  8.7349972603e-01  4.0617045777e+00 -2.4696768379e+00  2.7685018727e-01 -2.2817692603e-01  3.3515475038e-01  2.6984002027e+00  6.1663606826e+00 -2.4770374201e+00 -6.2321074746e-01  2.2352705196e+00 -9.3075449193e-01 -9.6588533585e-01  3.4256362261e+00 -2.4499460289e+00  2.8598980168e+00  3.5789580915e-01  2.5362786847e-01  6.1442926682e-02  1.5776532869e+00 -1.2506266158e+00  3.9346635842e+00 -2.0006986959e+00  1.4149116899e+00  2.4861136417e+00 -1.7961576246e+00  1.4862441938e-01  1.2567683764e+00 -8.5294769787e-01  1.6554882067e+00  1.1731727828e+00 -1.3986843925e+00  6.7781854355e-01  4.3912533539e+00  2.7503076562e-01  2.6470924761e-01  4.7481032183e+00 -8.5910813837e-01 -1.0081250483e+00  4.2377633161e+00  6.4518416991e+00 -3.3518967077e-01  5.6836822434e-01  4.8496493053e+00 -2.3497749607e-01  1.1741545279e+00  3.8615560724e+00 -3.2001209228e+00 -3.9608359219e-01
ENERGY -5.903928394629e+02
GRADIENT  3.5658962477e-04  4.8511692315e-04  6.2126898900e-05  3.7346842588e-05 -7.6576150975e-05  4.4849809023e-06  9.1320542670e-07  3.5747764148e-05 -7.2780036463e-06  6.8052193477e-06  3.0478937593e-06 -3.1787606867e-05 -7.1947433783e-04 -5.7676071865e-04 -4.3423156496e-04 -8.7808206313e-06 -8.0683527010e-06  1.6687098095e-06 -1.7411316154e-04  2.6070970254e-04 -7.1351002501e-04 -1.0348951011e-07  1.9391712086e-05  6.7227589507e-06  1.5215155481e-05  1.0176908442e-05  4.1536757048e-06  2.3944081866e-05  8.1075402527e-06  5.6180138165e-05  5.0010043989e-04 -1.0038504941e-04  1.0446729127e-03 -2.8689347179e-06 -3.7378655565e-05 -2.2460054623e-05 -1.3793077480e-06 -1.5406132092e-05  2.1997045572e-05 -6.2073139165e-06  5.0571071030e-06 -4.9256026552e-06  4.1950265514e-06 -2.4631363488e-06  3.4633466795e-06  1.9014550160e-06  2.5592707295e-06 -1.8079148008e-06  3.4420377649e-06 -3.2422283989e-06 -2.5262821376e-06 -3.4693661351e-06 -7.4780861405e-06  2.6830109147e-06  4.8726089565e-06  1.9669335530e-06 -2.0237609275e-06 -2.3454349080e-06  5.3478758162e-06  7.0527102821e-06 -3.4812927976e-06 -9.7969164026e-06 -1.2676160321e-06  3.4536062639e-07 -7.0344055136e-07  8.9095892581e-07  5.3359193789e-06 -4.2288283832e-06 -1.3891732058e-06 -7.5108003539e-06  7.2039226386e-06 -1.0882417583e-05 -1.4819730879e-06  2.6510429569e-06 -2.6528182480e-06 -2.6779416555e-05 -1.6096277244e-05 -1.1573338422e-05

JOB 18
COORDS  2.0154770855e+00 -1.0187283055e+00  5.5116239931e-02  2.7901076986e+00 -1.7784849967e+00  2.1993228222e+00  9.5098009725e-01 -3.5773749527e-01  6.6559278740e-01  1.7468959821e+00 -1.0979619248e+00  2.8234436377e+00  2.9484242223e+00 -1.7426543903e+00  8.0816143220e-01  7.9844719242e-01 -3.6151947037e-01  2.0729988159e+00  5.3556357054e+00 -2.0298072039e+00  1.7348543001e-01 -1.3349257449e+00  8.2683388715e-01  1.8758797325e+00 -5.1691684734e-01  6.3817455008e-02  4.0954770613e+00  5.6837615723e+00 -1.0290509612e+00  1.0770144956e+00  4.0281594391e+00 -2.4342729122e+00  1.8236734316e-01 -2.3313445196e-01  3.3855576037e-01  2.6935513380e+00  6.1903312312e+00 -2.5745314983e+00 -5.4710850132e-01  2.1210094735e+00 -9.7720243688e-01 -1.0265101761e+00  3.4954152199e+00 -2.3510061122e+00  2.7950924190e+00  2.4712019260e-01  1.7364016137e-01  3.6665314345e-02  1.6678135539e+00 -1.1591158573e+00  3.9020587878e+00 -2.0538500911e+00  1.3415362399e+00  2.5151516740e+00 -1.8613506276e+00  1.9442137608e-02  1.3428352900e+00 -9.8089089053e-01  1.5524389606e+00  1.1364001514e+00 -1.3490435364e+00  6.8993422030e-01  4.4210615715e+00  3.4340478385e-01  3.1498832292e-01  4.7242683030e+00 -7.8290498347e-01 -9.8906822567e-01  4.2789864531e+00  6.5850628609e+00 -6.1196542400e-01  8.8199862086e-01  4.9557768004e+00 -3.8256980863e-01  1.3579003401e+00  3.8178072688e+00 -3.0614791788e+00 -5.8451924084e-01
ENERGY -5.903931977998e+02
GRADIENT  3.3179093549e-04  4.7169968201e-04  1.6458627619e-04 -9.0963279309e-06  3.0998293932e-05 -1.7816189673e-05  3.6759438352e-05 -4.1566117250e-05 -8.2996614161e-06  2.9038826231e-05 -1.0872992958e-05 -1.5128113008e-04 -4.7944980076e-04 -5.9719214773e-04 -3.6946646510e-04 -8.9722408850e-05  2.2525136228e-05  9.0177493584e-05 -1.5773527568e-04  4.1583654889e-04 -7.4202470838e-04 -6.1556458333e-05 -2.0464540953e-05  5.4344110488e-05 -3.8541807368e-05 -3.9427534724e-05 -2.7556645687e-05 -2.8264581267e-05 -7.9070626825e-05  1.6664081144e-04  4.2235918920e-04 -2.5895703403e-04  8.4371891845e-04 -1.7491522287e-05  1.7351032289e-04  2.0556453524e-05  5.1674527326e-05 -5.6809886849e-05  4.3600585539e-05  8.3114986018e-06 -6.8810185961e-06  1.9474891796e-05  9.1631492892e-06  3.4895011457e-06 -2.4211241664e-05  2.0509298694e-05 -1.2909226185e-05  2.7431845113e-05 -2.0201811771e-06  8.0954694977e-06 -2.4031499854e-05 -4.4066166623e-06  7.3009894589e-06  8.2437861783e-06 -1.7200052793e-06 -1.9583620773e-06  6.7693245372e-06 -9.4250509021e-06 -1.9010046699e-06  1.4827160976e-05  1.2962622740e-06  6.4804308524e-06  2.1125363948e-06 -1.1086025445e-06  2.3830154571e-07 -1.4180376300e-06 -1.1944362787e-06 -2.0950289733e-06 -6.2023188445e-07 -3.2919716493e-06  1.3578807696e-05 -2.6100753193e-05 -2.5313013372e-06  3.5821452624e-05 -3.8301906320e-05  4.3700959444e-06  3.8521146872e-06  9.8089967033e-06

JOB 19
COORDS  1.9605064857e+00 -9.7921083822e-01  8.7866930376e-03  2.8306643372e+00 -1.6690446366e+00  2.1404916380e+00  8.8854130708e-01 -3.5197532925e-01  6.4121078779e-01  1.7813754409e+00 -1.0166245253e+00  2.7841983050e+00  2.9479134342e+00 -1.6473148933e+00  7.4400146737e-01  7.8167372088e-01 -3.3246129766e-01  2.0520328232e+00  5.3733475294e+00 -2.0699817185e+00  2.0595162961e-01 -1.4021690124e+00  7.6685814603e-01  1.9021100151e+00 -4.8552963965e-01  7.9842934857e-02  4.1078353498e+00  5.7398434121e+00 -1.1686637397e+00  1.1965808586e+00  4.0154399873e+00 -2.3174290060e+00  8.3775127433e-02 -2.5719032508e-01  3.3917405607e-01  2.6932927080e+00  6.1972787220e+00 -2.6580613945e+00 -4.9306914717e-01  2.0291212477e+00 -9.5347999819e-01 -1.0763613430e+00  3.5683805524e+00 -2.2090709081e+00  2.7267751497e+00  1.4343098105e-01  1.3632882245e-01  2.4918008287e-02  1.7367410119e+00 -1.0641176636e+00  3.8655519302e+00 -2.1208285320e+00  1.2662444865e+00  2.5537984704e+00 -1.9128537476e+00 -7.1093315960e-02  1.4015580406e+00 -1.1002828316e+00  1.4902815127e+00  1.1376615824e+00 -1.3304053774e+00  6.7987166035e-01  4.4495031684e+00  3.8411955110e-01  3.7509087601e-01  4.7039712217e+00 -7.0480412046e-01 -9.7882370821e-01  4.3187524853e+00  6.6935649161e+00 -8.4776762655e-01  1.0852868074e+00  5.0711531241e+00 -4.5286381861e-01  1.4572923963e+00  3.8014359824e+00 -2.8893726042e+00 -7.2372080118e-01
ENERGY -5.903933945920e+02
GRADIENT  8.7557464417e-05  1.1802558456e-04  2.7049998823e-05  4.1894700551e-06 -4.0813477622e-06 -1.2429728720e-05 -1.1704577434e-04  7.8134287215e-05 -5.7198802717e-05 -3.0565106208e-05  1.6140479601e-05  1.2862545204e-04 -2.3136678941e-04 -1.5680492103e-04 -9.8546320441e-05  1.2471414557e-04 -3.2402953097e-05 -7.2452727482e-05  9.1659544628e-05  1.4023746785e-04 -2.4476897888e-04  3.3016098408e-05  1.8802743065e-05 -1.7368850224e-05  3.7763898272e-05  1.8111170422e-05 -5.6033254830e-06 -9.1033244168e-05  6.9645208589e-06 -5.5503328507e-05  5.5295406058e-05  3.8934674026e-05  3.6424054938e-04  2.2641049577e-06 -1.2423793967e-04 -1.6399103975e-05  5.3437097703e-05 -6.5797485967e-05 -2.6800582303e-06 -1.6227033110e-05  4.1843655809e-06 -8.0896624317e-07 -8.2740786689e-06  2.1237826730e-06  1.1310376400e-05 -1.7351509644e-05  1.0931052412e-05 -1.7494626015e-05  5.2223592374e-06 -1.9162032866e-06  2.7314700693e-05 -4.1351481895e-07 -3.4845662568e-06  3.6162456297e-06 -8.8344161093e-07 -7.9203320559e-08  4.0893757110e-06  5.6320788182e-07 -2.6453093689e-06 -3.4985248225e-06  1.6435988442e-06 -3.1707667094e-06  1.8163982623e-06  9.4673522990e-06 -4.4691818041e-06  2.6497512872e-06  2.6741616050e-06  2.9207311164e-07  3.0424876233e-06 -9.3102761318e-06 -2.8812567670e-05 -7.4957577347e-06 -1.0576186773e-06 -2.1560045087e-05  2.4265681031e-05  9.5377037646e-06  1.4112403036e-05  6.4463436759e-06

JOB 20
COORDS  1.9316944437e+00 -9.3328305309e-01 -2.7242206588e-02  2.8765479202e+00 -1.5723046885e+00  2.0864549192e+00  8.5413777461e-01 -3.3718875859e-01  6.2478385310e-01  1.8201057732e+00 -9.4969477923e-01  2.7484761111e+00  2.9627267389e+00 -1.5570276079e+00  6.8715322583e-01  7.8083836207e-01 -3.0528601608e-01  2.0370621677e+00  5.3816892164e+00 -2.1360645750e+00  2.2146419407e-01 -1.4459976159e+00  7.0822667325e-01  1.9319488932e+00 -4.5727990651e-01  7.1150456493e-02  4.1164749581e+00  5.7890071463e+00 -1.2890108558e+00  1.2457089369e+00  4.0199432094e+00 -2.2002944123e+00 -1.1850839538e-02 -2.6330229826e-01  3.4184974432e-01  2.6985868593e+00  6.1749976133e+00 -2.8162803274e+00 -4.2792243128e-01  1.9724032048e+00 -9.1655447164e-01 -1.1139030485e+00  3.6408877817e+00 -2.0836022424e+00  2.6633967687e+00  7.8125977747e-02  1.1771213217e-01  2.1238635314e-02  1.8029995022e+00 -9.9102768343e-01  3.8308800151e+00 -2.1631073242e+00  1.1973347295e+00  2.5932504785e+00 -1.9400107196e+00 -1.5920178389e-01  1.4655940510e+00 -1.1927361284e+00  1.4238308729e+00  1.1432341654e+00 -1.3086850799e+00  6.5052570001e-01  4.4774009882e+00  4.1680670327e-01  3.8497151549e-01  4.6959450248e+00 -6.4739436920e-01 -9.9328496201e-01  4.3276006529e+00  6.7797736756e+00 -1.0857839586e+00  1.1923522687e+00  5.2010058467e+00 -4.9008610233e-01  1.4561046426e+00  3.7898039310e+00 -2.8007776585e+00 -7.9368984886e-01
ENERGY -5.903932794288e+02
GRADIENT -2.5983954282e-04 -3.6461406956e-04  4.6707125743e-04 -2.8161719995e-04  7.7359527939e-05 -1.7280367840e-04 -2.1280690443e-04  1.2144005548e-04 -1.5522545773e-04 -6.7734633002e-06 -1.4964939394e-06  1.5977667579e-04  6.5087129549e-04  2.5694382714e-04  9.6664726719e-05  1.3454246016e-04 -1.0725556654e-04 -6.2816347773e-05 -1.0691724972e-04 -3.7788331650e-04  2.6128860275e-04 -4.6102759087e-05 -4.6279618019e-05 -9.2141958394e-06 -1.3550714413e-05 -6.5837156211e-05  1.3692122877e-05  1.5034909982e-05 -1.1940307110e-05  4.4679966957e-05  8.1135357108e-05  4.9319374806e-04 -7.8359047870e-04  6.5870174615e-05  1.3799888110e-04 -3.3322554867e-05  1.3296431423e-05 -2.1565248633e-05  2.3232137938e-05  2.2127853410e-05 -1.4168959168e-05  6.1943396306e-05  5.4976306005e-06  1.6968305385e-05 -4.5424727420e-05 -2.8040565178e-05  2.2502171366e-05  1.5761667775e-06 -1.0377310994e-05  1.0543655648e-05  2.1310842280e-05  1.0135057206e-05  1.1962143201e-05 -1.3363297222e-06  2.1231446292e-07 -1.7749214372e-06  6.9666228690e-06  2.4545846637e-06 -1.0325296834e-05  1.0951631955e-06  9.9167477472e-06  1.2442459000e-05 -4.1603006577e-06  1.8080099306e-06 -7.0940631359e-06 -8.0496595678e-06 -5.9454152328e-06  2.3103475024e-06 -3.4635761808e-06 -4.3224561699e-06  3.2508181316e-06 -1.0949898371e-06 -7.6840663313e-06 -1.4070850576e-05  7.1668515462e-06  4.2339524767e-05 -1.5265818146e-04  1.0562877428e-04

JOB 21
COORDS  1.9149437162e+00 -8.9622072899e-01 -4.9737060474e-02  2.9217139233e+00 -1.4573192837e+00  2.0576443642e+00  8.2577090285e-01 -3.3262730048e-01  6.1045996306e-01  1.8484569019e+00 -8.6784930631e-01  2.7246897002e+00  2.9859303725e+00 -1.4604205308e+00  6.5685747745e-01  7.7326350553e-01 -2.7698362983e-01  2.0226111164e+00  5.3832126799e+00 -2.1975522542e+00  2.4342701869e-01 -1.4952047744e+00  6.4138358524e-01  1.9375996781e+00 -4.4821654915e-01  8.2125608640e-02  4.1145572789e+00  5.8390988559e+00 -1.4464394205e+00  1.3213982874e+00  4.0413892874e+00 -2.0730844949e+00 -6.9596888072e-02 -2.8578535679e-01  3.4115062742e-01  2.6908196204e+00  6.1205914918e+00 -2.9436680588e+00 -3.9926407296e-01  1.9339324709e+00 -8.9878110428e-01 -1.1373363819e+00  3.7064642845e+00 -1.9344380783e+00  2.6351249318e+00  2.1664337043e-02  7.7157044076e-02  1.1360228958e-02  1.8495956168e+00 -8.9495048723e-01  3.8077262300e+00 -2.2215482668e+00  1.1135578558e+00  2.6012548045e+00 -1.9600956062e+00 -2.5528126613e-01  1.4968572407e+00 -1.2853749336e+00  1.3506509486e+00  1.1305757065e+00 -1.3152971200e+00  6.3409377519e-01  4.4813239784e+00  4.2207311511e-01  4.3618189998e-01  4.6763329897e+00 -5.9491571148e-01 -9.8586445582e-01  4.3427174406e+00  6.8496908745e+00 -1.3741667754e+00  1.3218376790e+00  5.3545278733e+00 -5.7794122148e-01  1.5210187482e+00  3.7917486777e+00 -2.6293983689e+00 -8.7811367850e-01
ENERGY -5.903928134752e+02
GRADIENT -5.4797398070e-04 -1.0306062504e-03  2.3169042721e-05  2.8224988326e-06  4.7952889671e-06  5.9781325456e-06 -1.7543776040e-06  1.0023556083e-05  2.7380357885e-06  1.7182871271e-05 -4.0394223537e-06  1.4130122569e-05  5.8000594369e-04  7.3810727997e-04  3.1851347209e-04  3.5824500071e-05 -2.3503097096e-05  9.4971909895e-08 -2.7271516779e-04 -1.2012773638e-03  6.0806619133e-04 -2.7769252182e-05  7.8591564143e-06  2.2948678932e-05 -1.2807208919e-06  6.1551867623e-06 -9.2850394422e-06  1.7560573752e-05  2.2062743996e-06 -6.6337556656e-06  2.6337218628e-04  1.4565737738e-03 -9.6065835643e-04 -3.6492604190e-06  1.0072776876e-05 -3.3695118296e-05  1.4103586672e-05 -7.3234398392e-06 -3.2399748380e-06 -3.0807198043e-07 -2.9599796828e-06 -5.8989216231e-07 -1.1244807526e-05 -2.6734722601e-06  2.0514368693e-07  7.7286318577e-06 -9.0983411671e-07 -5.5376760579e-06  5.2506772680e-06 -9.5728378693e-07 -6.7450280265e-06 -5.6306233585e-06 -1.6182973959e-07  6.8657759424e-07  1.0024751757e-07  6.6424347234e-08  1.5871240181e-06 -1.3681986853e-06  1.2285537163e-06 -2.8655511703e-07 -2.1483597178e-06  7.9938015112e-06 -6.3278792210e-06 -7.4796244993e-06 -4.6767830007e-06 -2.5032992541e-07 -1.0006091549e-05 -2.5147872244e-07 -1.3522480497e-06 -1.8028238285e-07 -1.9280989667e-06  7.1801904009e-06  5.5083155890e-06 -5.4634897667e-06 -2.4282903640e-06 -5.6928451174e-05  4.5043452019e-06  8.2418280971e-06

JOB 22
COORDS  1.8786161015e+00 -8.2365942841e-01 -7.4462453625e-02  2.9600660475e+00 -1.3129934908e+00  2.0111630811e+00  7.8127666350e-01 -3.0053784845e-01  6.0378174932e-01  1.8728733404e+00 -7.6769394935e-01  2.6952768466e+00  2.9946044619e+00 -1.3273860469e+00  6.0958885834e-01  7.5744404487e-01 -2.3077202591e-01  2.0157181574e+00  5.3517053067e+00 -2.2059590404e+00  1.9813763269e-01 -1.5545808416e+00  5.7171350141e-01  1.9743512218e+00 -4.3451207138e-01  8.9455699651e-02  4.1302508642e+00  5.8609278093e+00 -1.5677442253e+00  1.3243206727e+00  4.0493345626e+00 -1.8933814574e+00 -1.5504705651e-01 -3.1318730604e-01  3.4970553035e-01  2.7025280214e+00  6.0145969471e+00 -3.0026476348e+00 -4.6391124575e-01  1.8687351127e+00 -8.4033550492e-01 -1.1622565228e+00  3.7697695015e+00 -1.7553609249e+00  2.5803119844e+00 -5.4147195134e-02  6.3276249815e-02  1.7944931831e-02  1.8994161284e+00 -7.8708650308e-01  3.7781684454e+00 -2.2875694212e+00  1.0209625066e+00  2.6466803530e+00 -1.9839238221e+00 -3.5650341217e-01  1.5633830554e+00 -1.4010174280e+00  1.2734729755e+00  1.1484595290e+00 -1.3158850727e+00  6.0642503606e-01  4.5138347082e+00  4.3192632205e-01  4.8217272597e-01  4.6717880260e+00 -5.3125175485e-01 -9.8291995624e-01  4.3653685498e+00  6.8718060862e+00 -1.6328823262e+00  1.3585713524e+00  5.4956038527e+00 -6.4464263822e-01  1.5336741272e+00  3.7766847072e+00 -2.3910261653e+00 -9.9439282581e-01
ENERGY -5.903918643311e+02
GRADIENT -8.6915044548e-04 -1.6800070157e-03  5.0377022935e-04 -3.8432675617e-05  2.7313962032e-05 -6.6218453847e-05 -1.0829384542e-04  4.3495324906e-05 -4.6182870381e-05  2.3893034198e-05 -2.6566636208e-05 -1.4384577849e-04  1.1094221017e-03  1.1202388082e-03  1.7051372716e-04 -6.4203634496e-05 -1.8273183072e-05 -4.5665192518e-06 -7.8409185466e-04 -1.9707608929e-03  7.3867416235e-04  7.1146572358e-06 -4.1275970343e-05 -4.5776693005e-05 -4.1292472888e-05  5.6862818121e-06  5.6499146512e-05  1.1501292400e-04 -6.4337246657e-05  3.7763022409e-05  6.8296370500e-04  2.3400872573e-03 -1.2027494078e-03 -3.3835574222e-05  1.3042964617e-04  2.2167209736e-05 -3.7951392352e-05  6.5530734933e-05  4.2414799750e-05  2.2786769479e-05 -3.7613021766e-06  5.5657020920e-05  4.4886236176e-05  1.0761384203e-05 -3.9409843858e-05 -5.1118888140e-05  1.5985818649e-05  2.1871589037e-05  5.3352836280e-06 -4.3395077175e-06 -5.3553550495e-05  1.2872632340e-05 -1.6828060981e-06 -1.3622457596e-05  3.1078756937e-06 -8.9186100365e-06 -5.6615787297e-06  5.8037059342e-06 -4.4035487311e-06 -1.5523457785e-05  2.3891000717e-06 -1.8796301205e-06  5.4990257152e-06 -2.5181513883e-05  7.5169582604e-06  1.0721949139e-05 -8.8844616217e-07 -2.6464671789e-06  5.0954728064e-06  1.7154772264e-05  1.2858869758e-05  4.2219791568e-05 -6.7144283778e-06  1.1892256109e-06 -2.1338638926e-06  6.2249619362e-05  1.5679171664e-06 -7.3543192530e-06

JOB 23
COORDS  1.8836781081e+00 -8.0184541894e-01 -7.4569162167e-02  3.0013266873e+00 -1.1911443640e+00  2.0123085588e+00  7.7044326200e-01 -3.0933724703e-01  5.9966292660e-01  1.8917549314e+00 -6.8371343245e-01  2.6912444649e+00  3.0286365386e+00 -1.2352193258e+00  6.1141695321e-01  7.5096827308e-01 -2.0895528060e-01  2.0096784909e+00  5.3385822939e+00 -2.2534793838e+00  2.1516768099e-01 -1.5939597809e+00  4.9328582927e-01  1.9679449310e+00 -4.3953803048e-01  1.0710631911e-01  4.1251342571e+00  5.8802283656e+00 -1.7387580336e+00  1.3886370464e+00  4.1000998245e+00 -1.7553926332e+00 -1.6428738124e-01 -3.3994800389e-01  3.4005963378e-01  2.6915145886e+00  5.9237276940e+00 -3.0887151147e+00 -4.7122943557e-01  1.8627777228e+00 -8.4810676551e-01 -1.1616464241e+00  3.8258039641e+00 -1.5909177169e+00  2.5901696523e+00 -8.4226023280e-02  1.5332056892e-03  1.1092634733e-02  1.9250487003e+00 -6.8164802816e-01  3.7741816470e+00 -2.3413902517e+00  9.2512092121e-01  2.6358676053e+00 -1.9862905715e+00 -4.6073437926e-01  1.5793800814e+00 -1.4756813288e+00  1.1832314269e+00  1.1263029991e+00 -1.3404958144e+00  5.9268898229e-01  4.5043270856e+00  4.1243193351e-01  5.5019665658e-01  4.6507743174e+00 -4.8636503021e-01 -9.6295621415e-01  4.3852925772e+00  6.8693429631e+00 -1.9503319889e+00  1.4581921824e+00  5.6484595925e+00 -7.7606293653e-01  1.6098913583e+00  3.8196801214e+00 -2.1755003849e+00 -1.0432241416e+00
ENERGY -5.903904844143e+02
GRADIENT -1.0126950566e-03 -2.3365652798e-03  1.7268250060e-04 -2.1182914015e-05 -6.6200575113e-07 -2.7825012998e-06  1.1664697749e-04 -5.2769744585e-05  5.0426965229e-05  3.1572677700e-05 -1.6523111156e-05 -8.7617325786e-05  6.7963664333e-04  1.6081085346e-03 -1.9273318782e-04 -1.4096031559e-04  8.9360760754e-05  5.7732255370e-05 -1.1190521982e-03 -2.7846687927e-03  1.4602818111e-04  3.6873354081e-05  5.0571633965e-05  1.7037529210e-06 -5.4854573391e-06  7.0143890409e-05 -1.0348067502e-05 -1.0088544318e-04  4.3075117305e-05  9.8072993893e-06  1.6301507473e-03  3.4887238309e-03 -1.5866420202e-04 -5.6303395711e-05 -1.2180266578e-04  4.8105243131e-05  1.9112768432e-05 -7.3351236580e-05 -1.8616087712e-05  9.8918653481e-06 -1.0425619917e-05 -2.9087404817e-06  9.5773309507e-06 -6.7737580607e-06 -5.3741488530e-06  1.2125724243e-05 -6.1851033466e-06  1.4995550297e-05 -6.3350194537e-06  2.0119394580e-06 -2.2686435213e-05 -2.5362670519e-06 -9.1284730784e-06 -1.6454065956e-06  3.1338970956e-06  1.9578211157e-06 -9.4803454528e-06 -1.3436713816e-06  8.5200540357e-06 -3.1970224733e-06 -6.0404391576e-06 -7.7808976600e-06 -1.0195530856e-06 -8.7921923665e-06  1.3087916021e-05  5.7528693269e-06  9.0186837340e-06  3.0709136742e-06  1.2280912966e-06 -1.7280899270e-05 -1.5381250552e-05 -1.5107777668e-05 -9.0399519786e-06 -7.1747507910e-06  1.4869211861e-05 -6.2267410481e-05  4.3556099878e-06  1.8870644576e-05

