JOB 0
COORDS  1.7955918762e+00 -1.1722420187e+00 -1.1130034847e-01  7.0697107382e-01 -5.7545617454e-01  5.2469931061e-01  2.8625805473e+00 -1.6899002536e+00  6.2216952821e-01  1.7568449489e+00 -1.0012674118e+00  2.6786393894e+00  6.8305997823e-01 -4.9047327998e-01  1.9283627612e+00  2.8413988250e+00 -1.5973091061e+00  2.0255225213e+00  4.0774160545e+00 -2.4189295256e+00  4.0640816408e+00  5.3797661819e+00 -3.1084836540e+00  4.4446056670e+00 -4.3217521516e-01  4.6541524616e-02  2.5880528279e+00  3.9552745521e+00 -2.1232919250e+00  2.7232444225e+00  3.2272659090e+00 -2.1522512157e+00  4.9088968195e+00  1.8100820813e+00 -1.2401439687e+00 -1.1960541476e+00 -1.2528539589e-01 -1.8725064673e-01 -5.7883232380e-02  3.7026878182e+00 -2.1593750282e+00  1.1505930966e-01  1.7455539733e+00 -9.5398958506e-01  3.7598690867e+00  5.8676660794e+00 -2.5231165075e+00  5.2281084617e+00  6.0776445555e+00 -3.2410035344e+00  3.6127108421e+00  5.1418865045e+00 -4.0888178238e+00  4.8668735139e+00 -9.4311348955e-01  7.3846109002e-01  2.0522696087e+00 -2.4315829203e-01  3.7316911681e-01  3.5287375538e+00  4.7090012502e+00 -2.4431204130e+00  2.1296082081e+00
ENERGY -4.957125749161e+02
GRADIENT -7.4953566522e-06  5.7693002205e-06 -2.1176940805e-05  3.2888023938e-05 -2.6820161304e-05  5.3823016187e-06 -5.8355312389e-04 -1.0790114086e-03  7.2682341799e-05  9.0858782749e-06  3.5282025306e-06 -1.0306817534e-04 -4.8693319178e-05  3.1053662999e-05  5.1855786363e-05  5.5431546180e-04  7.5346227981e-04 -1.8913247260e-04 -4.5449536988e-04 -1.3252676208e-03 -2.6430281941e-04 -6.8305304451e-07 -4.9597228816e-06 -6.7044918409e-06 -2.2115656015e-05  2.1455820741e-05 -1.5243542888e-05  5.1541410384e-04  1.6633885709e-03  3.7296432170e-04 -9.8488400757e-06 -9.4444232988e-06  1.9617801504e-07 -1.7105098881e-06 -1.4918426855e-06 -4.7387618251e-06 -2.6630566467e-07 -2.6834415675e-06  7.8374858104e-06 -4.4294352150e-06  6.1183198732e-08  2.0110835358e-06  5.2101607419e-06  3.2946823403e-06 -1.0939266546e-05  9.3265720961e-06  1.0452926646e-05 -1.1636545150e-05 -1.3475986957e-06 -6.1610296902e-06 -6.6039668818e-06  2.8153106243e-06  8.7112673661e-06  7.2115705588e-06  5.4507349167e-06  1.2175295184e-05  8.1384701798e-06 -2.0026669443e-06 -8.8964335131e-06  2.8880459258e-06  2.6969091105e-05 -1.1320200755e-05  4.6072040403e-05

JOB 1
COORDS  1.7681560914e+00 -1.2390010469e+00 -9.5306365231e-02  6.8555858798e-01 -6.2081040588e-01  5.2991818647e-01  2.8555282795e+00 -1.7055212782e+00  6.4397747860e-01  1.7842467394e+00 -9.1021924926e-01  2.6800878527e+00  6.8675140586e-01 -4.5806751239e-01  1.9273091275e+00  2.8623040258e+00 -1.5280321691e+00  2.0380337367e+00  4.0368045932e+00 -2.4617134384e+00  4.0530834535e+00  5.3506193720e+00 -3.1219025878e+00  4.4453722328e+00 -4.2435818606e-01  9.8131053848e-02  2.5778840198e+00  3.9934867725e+00 -1.9949949775e+00  2.7540709143e+00  3.1124902700e+00 -2.3513541360e+00  4.8520843556e+00  1.7596117932e+00 -1.3691770279e+00 -1.1744223179e+00 -1.6393490702e-01 -2.7700266433e-01 -5.5740663500e-02  3.6881597346e+00 -2.2000474772e+00  1.4883194673e-01  1.7914669944e+00 -8.0681995262e-01  3.7579225408e+00  5.7283050304e+00 -2.6382603955e+00  5.3496054689e+00  6.1216693301e+00 -3.0807119899e+00  3.6705206459e+00  5.1511778578e+00 -4.1688081874e+00  4.6914729871e+00 -9.5393701661e-01  7.5506299708e-01  2.0168217243e+00 -2.2570075338e-01  4.7340917914e-01  3.4981292788e+00  4.7868585754e+00 -2.2357090433e+00  2.1744959064e+00
ENERGY -4.957115080890e+02
GRADIENT  2.4382681424e-06 -2.0580794430e-06 -3.2381470451e-05  6.9515176780e-05 -3.8875036144e-05  4.8331738588e-05 -9.3567378549e-04 -2.0296489028e-03  2.4111720388e-04 -2.5239021647e-05  1.5986919285e-05  6.1642159398e-05 -2.7986308614e-05  1.0013402134e-05  1.0466072619e-05  1.1308607822e-03  1.6177152426e-03 -8.2077218214e-04 -4.5597466374e-04 -2.2898229255e-03 -8.7799639998e-04 -2.6461738661e-06  8.5169956447e-07 -5.7913108837e-05 -1.6726508676e-05  7.4912033056e-06 -6.0499259432e-07  2.2441686501e-04  2.6630208159e-03  1.3038591350e-03 -4.8825014289e-05 -4.1886701181e-05  4.1249376972e-05  1.3681246648e-05 -3.2621862887e-06 -3.0173846804e-06  8.0217079227e-06 -5.1396153737e-06  9.8435206969e-06  3.6672876043e-06 -3.2568948935e-06 -1.0435615468e-05 -1.0904889888e-05 -8.1227948821e-07 -2.5380132447e-06  1.0351752960e-05  1.8298728222e-05 -1.4485164690e-05  2.0235433118e-06 -3.1953272778e-05 -1.4272833861e-05 -1.5085678462e-05  1.4209473951e-05  1.7008524398e-05  9.8606469609e-06  7.8028025675e-06  9.2618344252e-06 -5.7532544865e-06 -1.8009877348e-05  1.1648689401e-05  6.5076582093e-05  4.6801524652e-05  9.6007660689e-05

JOB 2
COORDS  1.8357496741e+00 -1.3326139981e+00 -2.1892158325e-02  7.5673568325e-01 -6.8491628882e-01  5.7897937150e-01  2.9620324269e+00 -1.6910415138e+00  7.2113953399e-01  1.9373126736e+00 -7.1604999427e-01  2.7014673972e+00  7.9804971170e-01 -3.7795269168e-01  1.9516147457e+00  3.0104273093e+00 -1.3655883717e+00  2.0856462626e+00  4.1916376293e+00 -2.3028364422e+00  4.0789614683e+00  5.5344957322e+00 -2.9022608582e+00  4.4700099254e+00 -3.0851784290e-01  2.0989592976e-01  2.5818775757e+00  4.1734759148e+00 -1.7161504279e+00  2.8240725593e+00  3.2205290201e+00 -2.3401388328e+00  4.8245281248e+00  1.7922660041e+00 -1.5744803680e+00 -1.0807411875e+00 -1.2310166762e-01 -4.2811471304e-01 -6.6088333435e-03  3.7915931737e+00 -2.2143513749e+00  2.5157434950e-01  1.9812650569e+00 -4.9721516958e-01  3.7619849744e+00  5.6779914369e+00 -2.7737043441e+00  5.5439624441e+00  6.3791039339e+00 -2.4581194376e+00  3.9345785983e+00  5.5160611052e+00 -3.9769706979e+00  4.2592668944e+00 -8.7807257732e-01  7.8885654193e-01  1.9758435009e+00 -9.2221633745e-02  6.8506653275e-01  3.4505163348e+00  4.9958261911e+00 -1.8810617406e+00  2.2568556389e+00
ENERGY -4.957099659317e+02
GRADIENT  1.7415331499e-04 -1.3371571582e-04 -3.4667053214e-04  2.3335094599e-04 -2.0684386639e-05  3.3834130518e-04 -1.3596477641e-03 -2.3736945586e-03  6.6413617131e-04  9.1715421876e-05  1.3397774606e-04  2.6938045576e-04 -2.4575721770e-04  1.6901741982e-05 -1.5510298064e-04  1.5183667633e-03  1.8357394270e-03 -1.9250529011e-03  1.4016057905e-04 -2.9388638201e-03 -1.3129661136e-03 -2.5828186637e-05 -7.9780363331e-05  1.7673538630e-04  3.5639120176e-05 -1.3536267289e-05  6.1876896925e-05 -8.2287693439e-04  3.4355087462e-03  2.4584228503e-03  2.1160377535e-04  7.8563528335e-05 -1.6397679825e-04  4.9655335018e-06 -3.0958714745e-05 -3.2378743416e-05  4.7965989943e-05 -1.8696521836e-05  2.2910987896e-06  9.4361004264e-06  4.9993925477e-05 -1.4028793145e-05 -1.4067906771e-05  4.4606474456e-05 -3.2063210188e-05  3.4447583681e-05 -2.6305390555e-05  2.3461681417e-05 -2.5074970817e-06  1.1343168485e-05  2.2315744329e-05 -3.2421605815e-06  1.4220811187e-05 -3.5865013137e-05  3.2777350495e-06  1.2732497012e-05 -7.6985651980e-06  4.1228510793e-06  1.7903314028e-05  1.8210464426e-05  1.8442063920e-05 -1.4160761977e-05 -3.1034598201e-05

JOB 3
COORDS  1.8219442082e+00 -1.4057493288e+00  2.2438814042e-02  7.5099321849e-01 -7.2766224377e-01  6.0317951414e-01  2.9621770986e+00 -1.7205401205e+00  7.6635344876e-01  1.9656201558e+00 -6.3535164479e-01  2.7007945064e+00  8.1060308662e-01 -3.4424562494e-01  1.9562425467e+00  3.0315426993e+00 -1.3118006677e+00  2.1054635656e+00  4.1822660740e+00 -2.3857153978e+00  4.0264296918e+00  5.5470634742e+00 -2.9122962819e+00  4.4446918964e+00 -2.9015667102e-01  2.7113207524e-01  2.5699943559e+00  4.1958930749e+00 -1.6195074780e+00  2.8697181449e+00  3.1671601862e+00 -2.6167797252e+00  4.6698045859e+00  1.7603340510e+00 -1.7078523928e+00 -1.0199051951e+00 -1.3900654803e-01 -5.0678489641e-01  1.8046618483e-02  3.7833872207e+00 -2.2738929898e+00  3.1786786602e-01  2.0301507351e+00 -3.5643310572e-01  3.7474943407e+00  5.6010547633e+00 -2.9248658179e+00  5.5344072908e+00  6.3779968639e+00 -2.3229755271e+00  4.0454394653e+00  5.6505267590e+00 -3.9439697015e+00  4.0915177008e+00 -8.7542850211e-01  8.0872074583e-01  1.9412955719e+00 -6.4621401874e-02  7.9778153538e-01  3.4058758574e+00  5.0560202018e+00 -1.6549931193e+00  2.3361127430e+00
ENERGY -4.957080922065e+02
GRADIENT -4.8017838707e-05 -3.4342054645e-07 -2.5929389036e-05  3.4758679102e-06 -1.2403533276e-05 -4.8965349217e-05 -1.4009148793e-03 -2.8448901173e-03  1.0088657484e-03 -4.2286638214e-05  9.8323049515e-06 -5.4963182394e-05  1.0123644129e-05  2.6186031468e-06  6.0041578887e-05  2.3838988474e-03  2.6819598854e-03 -2.4420202229e-03  4.8217350495e-04 -2.8599793634e-03 -1.9905426918e-03 -1.5047002096e-05 -1.3270553869e-05  1.3121988479e-05  3.7315751976e-06  9.2143185115e-07 -2.1775626485e-05 -1.3468152390e-03  2.9259166739e-03  3.5192997406e-03 -3.4009994722e-05  7.6902465352e-06  1.9091869854e-05 -8.4819289766e-07  8.9801093957e-06 -6.0989382749e-06 -2.6535609050e-06  5.2842106623e-06 -1.0601512959e-06 -1.9792790545e-05 -5.7682702769e-06  9.0143975945e-06  6.6315468483e-06 -1.6553890780e-05 -8.5477950536e-07 -8.5394418556e-06 -2.0664517297e-05 -2.9009863380e-07 -8.4199387816e-06  2.5997801374e-06  8.1903157306e-06  2.5113721613e-06 -1.8088627538e-06 -1.3095976367e-05 -5.5825717784e-06 -5.3962295420e-06  6.1403260542e-07 -4.4321356284e-06 -6.2790740879e-06  4.8631529622e-07 -3.1807994399e-05  9.1401234093e-05 -4.4414210504e-05

JOB 4
COORDS  1.7912796181e+00 -1.4838970980e+00  7.2721604173e-02  7.3653700774e-01 -7.5809739325e-01  6.2517227431e-01  2.9347632958e+00 -1.7738720126e+00  8.2280871817e-01  1.9704868856e+00 -5.7169563639e-01  2.7012003428e+00  8.1178402977e-01 -3.0100180967e-01  1.9541736605e+00  3.0204270136e+00 -1.2944045136e+00  2.1355596555e+00  4.1845375980e+00 -2.5132883941e+00  3.9447939793e+00  5.5713947469e+00 -2.9261202055e+00  4.4161318962e+00 -2.7373917685e-01  3.6500785278e-01  2.5419372114e+00  4.1824088248e+00 -1.5738603737e+00  2.9244156418e+00  3.1618703265e+00 -2.9692450248e+00  4.4378423245e+00  1.7138123546e+00 -1.8412917184e+00 -9.5090600189e-01 -1.5496959558e-01 -5.5555911934e-01  3.5475941412e-02  3.7440447999e+00 -2.3643676145e+00  4.0194281456e-01  2.0538469107e+00 -2.3637033227e-01  3.7311041891e+00  5.5359340935e+00 -3.1159655553e+00  5.4900166326e+00  6.3390779223e+00 -2.1760742880e+00  4.2033677424e+00  5.8506624952e+00 -3.8613491060e+00  3.9190312722e+00 -8.6116893353e-01  8.6894437461e-01  1.8878205163e+00 -3.1094996156e-02  9.4159210039e-01  3.3391659209e+00  5.0704093182e+00 -1.4273572767e+00  2.4594347970e+00
ENERGY -4.957061496015e+02
GRADIENT -2.9930740542e-05 -4.8129111356e-07 -9.5389668670e-06 -9.5789685421e-08 -1.4763932716e-05 -4.3063579509e-05 -1.3522829328e-03 -2.3380797334e-03  1.0196411010e-03 -2.8905555210e-05 -8.6614477822e-05 -2.4634307520e-04 -6.4817434863e-05  6.1549248836e-05  7.6064274995e-05  2.4414976018e-03  2.4849589338e-03 -2.3336935579e-03  8.8680395681e-04 -2.0458020553e-03 -2.0393443768e-03 -8.1113954639e-06 -4.9369574716e-05  5.0565318230e-05 -3.0314373188e-05  1.7033932340e-05 -1.4016371393e-05 -1.8194596485e-03  1.9443192713e-03  3.4724192463e-03 -2.0836246169e-05  4.6696920554e-05  3.7596241295e-05 -1.1335509825e-05  2.3527744756e-06 -3.7909355000e-06 -7.3649974132e-06  8.1045085387e-06  8.7241040164e-06 -1.9397087302e-05  2.0306170640e-06  3.2303883641e-05  3.4940095385e-06 -1.0510998416e-05 -2.8361223206e-05 -8.5300982674e-06 -3.0310436828e-05  8.1944402875e-07 -2.2511376966e-05  2.1639082614e-05  3.4512807305e-05  1.6909366878e-05  1.8627673193e-05 -1.5804034438e-05 -8.8790408919e-06  6.0579288282e-06 -4.7385407625e-07 -3.5439386453e-06  1.0078410766e-05 -6.5481803297e-06 -5.9498531750e-06  6.7518868011e-06  1.7051502224e-05

JOB 5
COORDS  1.7539661625e+00 -1.4874764777e+00  1.3845089631e-01  7.1384130472e-01 -7.2507594940e-01  6.6992210615e-01  2.9003092481e+00 -1.7608477284e+00  8.9034386915e-01  1.9603718419e+00 -4.8204570762e-01  2.7301352278e+00  8.0235320661e-01 -2.1690147652e-01  1.9789503838e+00  2.9952649277e+00 -1.2415908762e+00  2.1855328823e+00  4.2739074122e+00 -2.5899908805e+00  3.8129985633e+00  5.6570640529e+00 -2.8069556889e+00  4.4104252673e+00 -2.6958306832e-01  4.8873645756e-01  2.5461803590e+00  4.1650663080e+00 -1.4943083486e+00  2.9794377728e+00  3.3312608155e+00 -3.3272438435e+00  4.0728897020e+00  1.6642729153e+00 -1.8802127502e+00 -8.7109315603e-01 -1.7808484599e-01 -5.3191448025e-01  7.7497595934e-02  3.7030694606e+00 -2.3728991119e+00  4.9001579588e-01  2.0556598923e+00 -1.1283199837e-01  3.7481366717e+00  5.5591196450e+00 -2.8885118290e+00  5.4956018418e+00  6.3715395127e+00 -2.0127556499e+00  4.1745793071e+00  6.0498988422e+00 -3.7596101286e+00  4.0435803025e+00 -8.5566834500e-01  9.7145510369e-01  1.8750013728e+00 -1.1605661251e-02  1.0980701944e+00  3.3137046595e+00  5.0220948708e+00 -1.0374402106e+00  2.6946931749e+00
ENERGY -4.957048076377e+02
GRADIENT -1.7799473380e-05  8.1900489194e-06  1.0498936995e-06 -1.2228647405e-05 -2.3056552332e-05 -1.8814097951e-05 -5.1844648387e-04 -1.0536083621e-03  4.8427521548e-04 -2.3778119157e-07  5.4269186563e-05  4.8065972167e-05  3.9476880713e-05 -2.2999231353e-05  2.0342555599e-05  1.0579676565e-03  1.1891583646e-03 -1.2702970894e-03  5.7154074769e-04 -7.1031424326e-04 -1.0324501144e-03  6.4736739664e-06 -2.5922296447e-05 -2.3596588567e-06 -7.4668807417e-06 -8.4251684303e-06 -4.5771924491e-05 -1.1359741587e-03  6.1046602196e-04  1.7676220464e-03 -1.3036914296e-05 -1.7733123953e-05 -1.3465506542e-05  5.1195568670e-06  7.6907035516e-07 -1.5021176272e-06 -2.1013594670e-06 -2.7211204892e-06  8.2654031359e-07 -5.6533210251e-06 -1.1746753040e-05 -4.1942503383e-06  2.1890992909e-06  1.5207247652e-06  2.6702389833e-06 -4.6779549940e-06  6.7413780786e-06  4.2616872679e-06 -6.1272969129e-06  6.6086850702e-07 -3.4471804301e-06 -6.8737434986e-07 -2.1453036563e-06  8.9441180002e-06  1.8275101397e-05  2.1179984127e-05  1.9818538001e-06 -8.7737058595e-07 -2.4953037920e-05  1.9992868608e-05  1.9694356290e-05 -4.2960644584e-05  8.8177082065e-07

JOB 6
COORDS  1.8863320578e+00 -7.1227370782e-01 -2.2184754047e-01  7.2820943925e-01 -4.3841550848e-01  5.0686022476e-01  3.0449425722e+00 -1.1707812573e+00  4.0950018709e-01  1.8641955626e+00 -1.1143122187e+00  2.5321692549e+00  7.0464147262e-01 -6.3417109853e-01  1.8990974157e+00  3.0186081317e+00 -1.3809231327e+00  1.7910957185e+00  4.6898112178e+00 -3.0998867873e+00  2.3985516443e+00  5.7994770667e+00 -3.4265664135e+00  3.3875732654e+00 -4.7440541834e-01 -4.2534592668e-01  2.6341896115e+00  4.2049633010e+00 -1.8050912066e+00  2.4716748092e+00  4.2826306516e+00 -3.9210026365e+00  1.5871877335e+00  1.8881815155e+00 -5.5210681621e-01 -1.2968921164e+00 -1.6398867140e-01 -7.8018639484e-02 -8.7115763625e-04  3.9501833613e+00 -1.3801833327e+00 -1.4975872087e-01  1.8590042991e+00 -1.3034136197e+00  3.6040623066e+00  5.4476729156e+00 -4.2170614885e+00  4.0567259482e+00  6.1267991878e+00 -2.5712680214e+00  3.9859106618e+00  6.6548006794e+00 -3.8219361035e+00  2.8342979205e+00 -1.1141808876e+00  2.3654048913e-01  2.2098589585e+00 -3.2343593521e-01 -2.0691372102e-01  3.6123592728e+00  4.4597930786e+00 -1.2731490504e+00  3.2942966009e+00
ENERGY -4.957056527159e+02
GRADIENT -3.6597178722e-05  1.1331563737e-05 -1.1588036118e-04  2.0758585956e-04 -5.6558150333e-05  7.0570143243e-05  5.3709744195e-04  2.5126586661e-03  5.0058363219e-04  1.2799597487e-05  4.2981530224e-05 -3.9994911280e-04 -3.0325608498e-04  4.0668902357e-05  1.9247644044e-04 -1.6267197276e-03 -4.0888282994e-03  6.1526393392e-04 -1.3877455886e-03 -4.7418270506e-04  2.3423893918e-03  5.4246662490e-05 -2.1843596908e-04 -3.0715281958e-05 -6.3966365279e-05  4.3746405872e-05  3.3751145690e-05  2.5379981375e-03  2.2119461644e-03 -3.2279809874e-03 -3.0488941348e-05  8.2418665114e-05  5.7895828211e-05  7.8553541842e-06  1.1019265032e-05 -1.2270138931e-05  1.5145417383e-05  3.8783560473e-07  2.9366259304e-05  8.3381229736e-06 -3.8336287074e-06  1.7361601063e-05 -6.1507950609e-06 -1.3884792204e-06 -6.4634543099e-05  1.9455265476e-05 -3.0021859190e-05 -1.9016635050e-07 -1.9187324516e-05 -2.5868960379e-05 -8.1608942943e-06  2.7864836658e-05  3.2466157904e-06  2.0910032754e-05 -1.9385983270e-05 -5.1169540452e-06  1.0363788033e-05 -1.9762874090e-05 -1.9973984406e-06 -5.5707959832e-07  2.1079373412e-05 -5.6602047052e-06 -2.9009836911e-05

JOB 7
COORDS  1.8668153274e+00 -8.0457631623e-01 -2.1030726962e-01  7.2037802182e-01 -4.6246560827e-01  5.0835413905e-01  3.0155262102e+00 -1.2712242749e+00  4.3179547246e-01  1.8475742982e+00 -1.0854936997e+00  2.5563946869e+00  7.0153267945e-01 -5.9581999560e-01  1.9075974853e+00  2.9896779775e+00 -1.4240395168e+00  1.8227785033e+00  4.8054473992e+00 -3.0463957928e+00  2.3030726774e+00  5.8355592068e+00 -3.4208582076e+00  3.3584442623e+00 -4.6519880748e-01 -3.1599716712e-01  2.6403746746e+00  4.1570097417e+00 -1.8417736822e+00  2.5271034170e+00  4.5959871144e+00 -3.7510160666e+00  1.3243910744e+00  1.8690806018e+00 -6.9054831433e-01 -1.2912484543e+00 -1.6268535079e-01 -9.6103364002e-02 -1.0757411687e-02  3.9066692213e+00 -1.5344491334e+00 -1.2514413738e-01  1.8390584644e+00 -1.2239849193e+00  3.6365180338e+00  5.5092813953e+00 -4.3417767385e+00  3.8504663534e+00  5.9958657535e+00 -2.6490382440e+00  4.1168734972e+00  6.7846661657e+00 -3.6334763509e+00  2.8605738816e+00 -1.0859669692e+00  3.4426999883e-01  2.1860446388e+00 -2.9679116945e-01 -4.6962479628e-02  3.6031269916e+00  4.2680863118e+00 -1.4471329758e+00  3.4525401987e+00
ENERGY -4.957074113988e+02
GRADIENT -1.3845175554e-05 -1.3906834364e-05  4.9254318197e-05 -5.4511474289e-05  2.4620942447e-05 -3.4052702828e-05  8.8233641953e-04  2.9752155982e-03  3.5086381350e-04 -5.1912095318e-06  1.3013810856e-05  3.8344573450e-05  4.7752104740e-05 -1.9348355331e-05 -1.7382619072e-05 -2.3158650179e-03 -5.2630967017e-03  6.7900703624e-04 -1.9147544131e-03 -1.4069247947e-03  2.2861911989e-03 -1.0227377460e-06 -1.3795341664e-05 -4.3914408687e-06  3.0095027533e-06 -5.5655976664e-06 -1.5282304330e-05  3.3619651605e-03  3.7274573183e-03 -3.3349618864e-03 -3.3944883567e-05 -1.9282697719e-05  1.2034846530e-05 -3.5544158029e-06  1.1466637540e-06  6.6591117373e-06 -7.5731596479e-06  3.7575152067e-06 -4.0433331536e-06 -8.6291690233e-08 -1.2609969914e-05  2.7297804160e-06  1.2484577798e-06 -6.1696491132e-06  2.4290503859e-06  7.6649860570e-06 -1.8113202075e-05 -2.2346152588e-05 -2.1594921778e-05 -2.0380429448e-05  1.8555119084e-05  8.7900863401e-06  2.0631754179e-05  7.8211894291e-06  8.5812543904e-07  7.6657789706e-06  6.7581108736e-07  2.1042835552e-06  1.2300324015e-06  1.4270850775e-06 -7.3553750581e-06 -9.6132649078e-06 -1.7770543724e-06

JOB 8
COORDS  1.8358827092e+00 -8.5977894960e-01 -1.9173666008e-01  7.0323808463e-01 -4.5120116035e-01  5.1308726219e-01  2.9650545197e+00 -1.3592028616e+00  4.6098094399e-01  1.8045800111e+00 -1.0630676283e+00  2.5784767086e+00  6.8020574567e-01 -5.4626007713e-01  1.9155234296e+00  2.9344757410e+00 -1.4710749700e+00  1.8576461981e+00  4.8716982164e+00 -2.9930735423e+00  2.2679796591e+00  5.8480287390e+00 -3.4047074716e+00  3.3602020825e+00 -4.7403625917e-01 -1.9898585580e-01  2.6398374382e+00  4.0678227211e+00 -1.9133292290e+00  2.5917398104e+00  4.8329978249e+00 -3.5695401274e+00  1.1879508920e+00  1.8444167520e+00 -7.7564175397e-01 -1.2754495522e+00 -1.6375714059e-01 -6.3220919068e-02 -1.7140418746e-02  3.8396829803e+00 -1.6777630341e+00 -9.0512497870e-02  1.7888392866e+00 -1.1660918336e+00  3.6628453727e+00  5.6095912826e+00 -4.4258917510e+00  3.6710787054e+00  5.8362116027e+00 -2.7531942955e+00  4.2388905213e+00  6.8568198783e+00 -3.4166314328e+00  2.9402251327e+00 -1.0669347797e+00  4.7241563874e-01  2.1649293864e+00 -2.9281735181e-01  9.4710612473e-02  3.5930981878e+00  4.0883647478e+00 -1.6264344367e+00  3.5618027024e+00
ENERGY -4.957090657124e+02
GRADIENT -1.8510881592e-05 -5.5536896648e-08 -1.5982014355e-05 -1.4472721903e-04  6.8044267134e-05 -8.2443456251e-05  6.8475229624e-04  2.4764494822e-03  2.7581542049e-04 -5.0082034231e-05  3.4906399862e-05  1.2041090517e-04  1.7744767643e-04 -6.6732933907e-05 -7.9671496300e-05 -2.0496786233e-03 -4.6928092157e-03  5.0055569780e-04 -1.6692130915e-03 -1.6743704696e-03  1.4185067444e-03 -6.8453514705e-05  1.0586869168e-04  3.7569283640e-05  5.0248842380e-05 -2.5963054455e-05 -4.4405214806e-05  3.0660640469e-03  3.9104009171e-03 -2.0886127472e-03  3.0004464836e-06 -9.0839252753e-05 -8.0298773129e-05 -2.1091819998e-05  1.2765062209e-05 -1.0953839817e-06 -1.3760765997e-05  7.3532155595e-06 -2.3345759084e-05 -2.4159299338e-05 -3.3037405555e-06  1.6283321397e-05  1.7928566862e-05 -1.0098822500e-05  1.7863598001e-05 -2.5731892553e-06  3.8192060562e-06 -3.1820148565e-05 -1.9686750899e-05 -8.9481541191e-06  3.0034197000e-05 -9.6833378745e-06  3.4498792613e-05 -3.5497043499e-06  3.5851608415e-06  5.4162993926e-06 -7.5530511755e-06  1.0403500142e-05  2.8129902894e-06  1.0084448241e-06  2.8413090114e-05 -5.9627544064e-05  3.4474151614e-05

JOB 9
COORDS  1.7966791074e+00 -9.1143561552e-01 -1.8451916735e-01  6.8563345594e-01 -4.4209157409e-01  5.1549975896e-01  2.9077688711e+00 -1.4496232298e+00  4.6963237939e-01  1.7716745258e+00 -1.0590844124e+00  2.5858473240e+00  6.6591181763e-01 -5.1019278571e-01  1.9198727777e+00  2.8824279075e+00 -1.5298584277e+00  1.8699180826e+00  4.9189776625e+00 -2.9525599099e+00  2.2371341487e+00  5.8617624696e+00 -3.3976376986e+00  3.3461171370e+00 -4.6910326060e-01 -1.0182022718e-01  2.6429555978e+00  3.9808587730e+00 -2.0147495677e+00  2.6232317158e+00  5.0173480472e+00 -3.3940505771e+00  1.0976814398e+00  1.8034416296e+00 -8.4955826627e-01 -1.2698142140e+00 -1.6694248979e-01 -2.8420255134e-02 -1.8516675828e-02  3.7621041663e+00 -1.8179723326e+00 -8.0587920821e-02  1.7572097159e+00 -1.1359842341e+00  3.6726105564e+00  5.7431630399e+00 -4.4752553713e+00  3.4893193231e+00  5.7001726846e+00 -2.8920551982e+00  4.3027169405e+00  6.8902319817e+00 -3.2210257427e+00  3.0209759448e+00 -1.0361182365e+00  5.8394408895e-01  2.1570516607e+00 -2.7017405320e-01  2.0431529791e-01  3.5887747165e+00  3.9449965165e+00 -1.8087172703e+00  3.6127518110e+00
ENERGY -4.957103164896e+02
GRADIENT  7.1079458682e-06  4.9247005692e-06 -1.9229584371e-04  1.0242750365e-04 -4.5436550721e-05  5.9981781496e-05  3.9774628584e-04  1.7386083500e-03  2.3377395261e-04 -3.4913319627e-05  2.7308827861e-05 -2.1271920787e-04 -1.1194999539e-04  4.4589856492e-05  5.9782711662e-05 -1.3267369813e-03 -3.4358556286e-03  2.9179938979e-04 -1.1561605579e-03 -1.3414619706e-03  7.2549948831e-04 -8.2753177670e-06  3.0712715572e-05  2.0238020262e-05  5.4273283140e-08  1.1627541926e-05  9.7548116530e-06  2.0200989415e-03  2.9302284225e-03 -8.7168406239e-04 -1.3534913069e-05  2.9618212193e-06 -4.7677089672e-05 -6.3929451614e-06  5.0839567390e-06 -2.0739903901e-05  1.9365605394e-05 -8.5243682682e-06  2.8732028660e-06 -4.6478780019e-06 -4.2322277059e-08  2.0454851276e-05  5.2644796440e-06 -8.1308072294e-06 -3.0441335197e-05  4.9393932066e-06  1.2448138696e-05 -2.2523579960e-05 -5.4124555892e-06 -9.2125894157e-06  2.0204405533e-05  9.9761353148e-06  2.0423048817e-05  1.4709458191e-05 -9.2205167881e-06 -9.6318737183e-06 -1.4782636466e-06 -3.7858157138e-06  4.1054134679e-06 -3.4991888799e-06  1.5956151095e-04  1.1293261373e-05 -2.9102252610e-05

JOB 10
COORDS  1.7639921934e+00 -9.5687514490e-01 -1.8211321120e-01  6.7632548652e-01 -4.3652859030e-01  5.1740896608e-01  2.8610748006e+00 -1.5267977367e+00  4.6988892440e-01  1.7585233819e+00 -1.0559036618e+00  2.5895448795e+00  6.6726323514e-01 -4.8134865451e-01  1.9231808272e+00  2.8468062678e+00 -1.5784086606e+00  1.8724549254e+00  4.9707229338e+00 -2.8918251173e+00  2.2177102360e+00  5.8783145653e+00 -3.3761752320e+00  3.3398197984e+00 -4.4605777687e-01 -2.0130194711e-02  2.6482807166e+00  3.9145340509e+00 -2.1087275822e+00  2.6354433218e+00  5.1925878630e+00 -3.1837209656e+00  1.0470851282e+00  1.7634306360e+00 -9.1459191819e-01 -1.2684136836e+00 -1.6565561599e-01 -1.6060204444e-03 -1.6489843250e-02  3.6977147768e+00 -1.9323007959e+00 -8.0283696964e-02  1.7519847704e+00 -1.1085636102e+00  3.6780309058e+00  5.8766151451e+00 -4.4696232981e+00  3.3386555614e+00  5.5925253508e+00 -3.0220930427e+00  4.3347028908e+00  6.8993734456e+00 -3.0492896660e+00  3.1266900574e+00 -9.9097253261e-01  6.7829152724e-01  2.1551281182e+00 -2.2767161491e-01  2.9482411271e-01  3.5869219884e+00  3.8228130133e+00 -1.9889836749e+00  3.6353863412e+00
ENERGY -4.957111034968e+02
GRADIENT  1.1571703134e-05  6.0770197104e-07 -8.6683006506e-05 -3.3574243019e-05  1.9168103558e-05  1.7291225241e-05  3.9486356390e-04  8.6162388618e-04  1.8315719954e-05  1.3348142323e-05 -2.2688892900e-05  3.1532157613e-04  1.3761667210e-04 -6.2004517848e-05 -1.2856014162e-04 -1.0319887085e-03 -1.7733091507e-03 -4.6545636550e-05 -5.5389165551e-04 -8.5397631452e-04  4.2154802108e-05 -1.0360850244e-04  8.0534686581e-05  6.2820545629e-05  6.4805844127e-05 -3.4997657241e-05  1.3035725389e-06  1.0630414106e-03  1.7608010633e-03 -1.2463419319e-04  4.4566477629e-05 -4.9985374764e-05 -7.0435891576e-05 -1.2993340951e-06 -2.0342742434e-07 -7.5368766386e-06  7.6087528083e-06 -1.3610419849e-06 -2.3418178892e-05 -1.6361543249e-05  1.0120203367e-05 -1.1197367218e-05  5.7081538063e-07 -5.7576517778e-06  4.3599347262e-05 -9.9808431521e-06  1.2807369585e-05 -1.9657585745e-05 -1.1816843044e-05 -5.5932323050e-06  2.3399508029e-05 -1.4373184742e-05  1.9969530588e-05 -2.3755728031e-06  5.5581608604e-06 -1.0982396896e-05 -1.4645842100e-05  7.2701969442e-06  3.6510827465e-06 -2.4122584559e-06  4.3416203487e-05  3.2586074693e-05  2.5942603736e-05

JOB 11
COORDS  1.7412996601e+00 -1.0058608852e+00 -1.8062506493e-01  6.7680343389e-01 -4.3684898580e-01  5.1624141111e-01  2.8215417332e+00 -1.6060641174e+00  4.7273322960e-01  1.7514244830e+00 -1.0595442725e+00  2.5907128314e+00  6.7546055730e-01 -4.5937083830e-01  1.9226794267e+00  2.8173160696e+00 -1.6307619986e+00  1.8762646823e+00  5.0084590325e+00 -2.8353593014e+00  2.2212573729e+00  5.8928681075e+00 -3.3576553441e+00  3.3450532002e+00 -4.1595863891e-01  5.2575703488e-02  2.6471777212e+00  3.8535781470e+00 -2.2120953452e+00  2.6443431687e+00  5.3266389119e+00 -2.9747220014e+00  1.0444709144e+00  1.7347365953e+00 -9.8165106917e-01 -1.2674703515e+00 -1.5290696417e-01  1.8804336446e-02 -1.9547909507e-02  3.6430801990e+00 -2.0431469094e+00 -7.5729922500e-02  1.7523896384e+00 -1.0900391608e+00  3.6800991465e+00  6.0112558770e+00 -4.4373590642e+00  3.2197865213e+00  5.5097919718e+00 -3.1576097584e+00  4.3500694289e+00  6.8830815040e+00 -2.9052360871e+00  3.2459138472e+00 -9.3791895054e-01  7.6312154257e-01  2.1465333259e+00 -1.7993553142e-01  3.7399218285e-01  3.5793656901e+00  3.7152202588e+00 -2.1703137254e+00  3.6451402904e+00
ENERGY -4.957113898316e+02
GRADIENT  4.9856037039e-06 -4.8157810473e-06  5.0108454216e-05 -4.1694099736e-05  2.8991007701e-05 -2.0768341117e-05  7.2452634168e-05  3.3658798597e-05 -1.8552880122e-05 -5.2382583005e-07 -8.0474413229e-06  6.8078376296e-05  4.2881091829e-05 -2.3841673323e-05 -3.7678230506e-05 -1.1933400007e-04 -8.8470213718e-05 -1.9784675459e-05 -1.8611798731e-05 -4.3374860124e-05  6.7417400811e-05  4.5083727151e-05 -2.8490317942e-05 -2.3884249008e-05  1.8953226841e-05 -1.1317306260e-05  2.4356681720e-06  1.6306083422e-05  1.4023400268e-04 -7.9353340446e-05 -2.5685650857e-05  2.3536631203e-06  3.3790425418e-05  1.4516793235e-06 -8.1094357290e-07  6.5737025207e-06 -2.8893033106e-06  2.8792935176e-06 -5.0274254443e-06  7.7661935453e-06 -3.3343366986e-06 -5.1602744362e-06  7.9903607629e-07 -3.6165633716e-06  1.1080777879e-05  1.0090609077e-05 -6.5067300368e-06  6.2420396810e-06  1.9593096760e-06 -4.3140538962e-06 -7.0166395669e-06  5.9750868339e-06 -4.1313490346e-06  4.4597465873e-06 -9.2342359483e-07 -6.8246747339e-06 -5.2505615732e-06  4.8051703062e-06  4.5256366380e-06 -2.1333697136e-06  7.3646477670e-06  6.1571541631e-06 -1.0664739767e-05

JOB 12
COORDS  1.7136673125e+00 -1.0557300600e+00 -1.8773062614e-01  6.7549363615e-01 -4.3974053064e-01  5.0941317040e-01  2.7760209116e+00 -1.6860273765e+00  4.6626155365e-01  1.7460694023e+00 -1.0677366839e+00  2.5842678524e+00  6.8487317147e-01 -4.4157543072e-01  1.9158736019e+00  2.7847645456e+00 -1.6856566721e+00  1.8697274572e+00  5.0302853295e+00 -2.7737136999e+00  2.2267788322e+00  5.8988524274e+00 -3.3357811725e+00  3.3436029800e+00 -3.8155272515e-01  1.1962174146e-01  2.6412562464e+00  3.7931622576e+00 -2.3195215994e+00  2.6344438440e+00  5.4249253533e+00 -2.7482072733e+00  1.0655193265e+00  1.6980198979e+00 -1.0478155459e+00 -1.2747012483e+00 -1.4225472642e-01  3.6873312657e-02 -2.6546979138e-02  3.5805877027e+00 -2.1537102519e+00 -8.2426800313e-02  1.7588488205e+00 -1.0776427768e+00  3.6738962925e+00  6.1489296240e+00 -4.3720625648e+00  3.1011854723e+00  5.4343481065e+00 -3.3059470675e+00  4.3335933390e+00  6.8343784448e+00 -2.7707148327e+00  3.3727820962e+00 -8.7971938673e-01  8.4345026191e-01  2.1353847942e+00 -1.2645745415e-01  4.4364737564e-01  3.5675315779e+00  3.6117162593e+00 -2.3601416122e+00  3.6284599117e+00
ENERGY -4.957111782350e+02
GRADIENT  1.1651348335e-05 -5.7716846061e-06  1.3644565483e-04 -6.4080665125e-05  3.8275252842e-05 -4.5040619354e-05 -2.4574012017e-04 -7.7001410969e-04 -6.9402357729e-05  8.3855291640e-05 -8.1958493200e-06  2.8560182171e-05  2.2516518326e-05 -2.4220416702e-05 -9.5169268787e-06  7.2468955678e-04  1.5257672935e-03  6.6066185237e-05  2.2595670262e-04  6.4189740597e-04  2.4205594443e-04  1.7769070967e-04 -2.3234260880e-05 -8.6206210847e-05 -7.5832478036e-06 -2.2599855741e-07  3.4698584119e-06 -9.5205873215e-04 -1.3934234540e-03 -3.6197212089e-04 -4.1930852947e-06  5.6609484345e-05  9.6862632312e-05  2.7204097616e-06 -2.6414960143e-06  1.7835042628e-05 -9.3391596761e-06  7.1759862812e-06  4.2352493084e-06  2.0478640808e-05 -7.5806139033e-06 -9.6108567595e-07  7.6281424463e-06  4.9226215766e-06  1.0495153300e-06  9.5079378531e-06 -1.5779362885e-06  1.0667698239e-05  1.8175152715e-05  1.5926826618e-05 -3.9752642978e-05  4.6588806196e-05 -2.0245442181e-05  2.5359640771e-05  9.7376756297e-06  2.4162967778e-06  3.6735070402e-06 -6.8230318908e-07 -2.8963371735e-06  6.9369964721e-06 -5.9705519100e-05 -3.1774716640e-05 -8.2975723176e-07

JOB 13
COORDS  1.6921497533e+00 -1.1058071220e+00 -1.9080826666e-01  6.8439678517e-01 -4.4229964120e-01  5.0850281133e-01  2.7351731887e+00 -1.7645687740e+00  4.6503835572e-01  1.7546315497e+00 -1.0742347341e+00  2.5830296047e+00  7.0806858691e-01 -4.2241704840e-01  1.9142883570e+00  2.7617076581e+00 -1.7383599443e+00  1.8672420240e+00  5.0517549241e+00 -2.6941145834e+00  2.2519531367e+00  5.9057330989e+00 -3.3076981883e+00  3.3523848364e+00 -3.2971159871e-01  1.8842779038e-01  2.6411964442e+00  3.7490128088e+00 -2.4216819974e+00  2.6204614795e+00  5.5044489086e+00 -2.4851012415e+00  1.1318119434e+00  1.6641542103e+00 -1.1152713574e+00 -1.2774731303e+00 -1.2156707549e-01  5.4907691276e-02 -2.6658810113e-02  3.5182175309e+00 -2.2677544678e+00 -8.4607099513e-02  1.7829002009e+00 -1.0636076904e+00  3.6721973697e+00  6.2885285698e+00 -4.2693489334e+00  3.0006472082e+00  5.3775152481e+00 -3.4614887564e+00  4.2979614650e+00  6.7661954595e+00 -2.6560553692e+00  3.5268659394e+00 -8.0626483537e-01  9.2232452769e-01  2.1289864939e+00 -5.2515176223e-02  5.1762583869e-01  3.5592860371e+00  3.5269199102e+00 -2.5560584849e+00  3.5979201439e+00
ENERGY -4.957104710150e+02
GRADIENT  5.7521503502e-06 -2.2545636420e-06 -1.3147232837e-05 -5.3387719974e-05  2.7040650203e-05 -2.0629817511e-05 -9.8272350246e-04 -1.2594758872e-03  8.8861833112e-05 -2.2726412382e-05  1.8752439520e-05  6.6628021642e-05  6.4050696462e-05 -4.3395941480e-05 -3.8030977786e-05  1.8259957742e-03  2.7815887753e-03  2.4592153372e-04  4.4376467751e-04  1.5332026012e-03  6.7089688190e-04 -2.5276558724e-05 -1.7414972825e-05  1.2799615885e-05  2.5162322311e-05 -1.4706046934e-05 -3.1727523453e-05 -1.2914661439e-03 -2.9093250614e-03 -8.9009511871e-04 -3.0880526275e-05  5.8022450839e-06 -4.5724719008e-05 -6.7017551356e-06  1.4225776480e-06  1.0983064522e-06  1.3209533065e-07 -1.4619858056e-06 -1.0299697480e-05  1.7488499936e-05 -1.0617140404e-05  1.9827187884e-06  1.3831903534e-05 -3.0328649765e-07  1.0234041476e-05 -7.5475181410e-06 -1.6685342138e-05  9.8888386046e-06  6.7604137757e-06  3.5951716877e-06  1.6577197907e-05 -9.2490665960e-06 -7.1561960774e-06 -2.0471768433e-05  8.8094252319e-06  6.1197957093e-06 -2.4577950798e-07  7.4547876509e-06 -9.0051926989e-06  3.6812790016e-06  4.5822877476e-05 -1.2669657795e-04 -2.9649821354e-05

JOB 14
COORDS  1.6650525306e+00 -1.1551390181e+00 -1.9909281835e-01  6.9823117590e-01 -4.4190981767e-01  5.1043763061e-01  2.6872360232e+00 -1.8498212367e+00  4.5118663974e-01  1.7765618722e+00 -1.0905334280e+00  2.5751421738e+00  7.4465506976e-01 -4.0505542838e-01  1.9149400332e+00  2.7408703135e+00 -1.8030438949e+00  1.8507460158e+00  5.0619876092e+00 -2.6194737653e+00  2.2783208096e+00  5.9119976127e+00 -3.2802669597e+00  3.3536819604e+00 -2.5487257215e-01  2.5697376997e-01  2.6506942347e+00  3.7143426400e+00 -2.5368708973e+00  2.5805697148e+00  5.5483332292e+00 -2.2216232512e+00  1.2265687636e+00  1.6168060506e+00 -1.1772384180e+00 -1.2848056767e+00 -9.5540489011e-02  8.1645528682e-02 -1.7864835600e-02  3.4386683475e+00 -2.3960166060e+00 -1.0360789292e-01  1.8283421222e+00 -1.0649307599e+00  3.6629357615e+00  6.4411706915e+00 -4.1266439091e+00  2.9084222512e+00  5.3435605953e+00 -3.6332242298e+00  4.2191239770e+00  6.6653622320e+00 -2.5624816300e+00  3.6899496705e+00 -7.1012237577e-01  1.0032163072e+00  2.1369013943e+00  5.1619290146e-02  5.8638933120e-01  3.5593622492e+00  3.4593248775e+00 -2.7630846507e+00  3.5331304902e+00
ENERGY -4.957093138455e+02
GRADIENT -3.1620297865e-05  2.3761470076e-05 -9.5653094936e-05  1.4547442562e-04 -1.0129110170e-04  4.6198834557e-05 -1.5646964066e-03 -1.7890697681e-03  1.4460202442e-04 -5.4083853293e-05 -2.4942628178e-05 -2.4586039327e-04 -1.3537404112e-04  9.7996599354e-05  1.4255780114e-04  2.7377579021e-03  3.8704006226e-03  6.7054049962e-04  4.4277784073e-04  2.1207693638e-03  1.2972720215e-03 -1.8728565875e-04  4.1754519085e-08  6.1173143140e-05 -5.0614648575e-05  4.1380014507e-05  2.4573596783e-05 -1.4281465292e-03 -4.3351707538e-03 -1.9823897373e-03  1.0462460048e-04  5.2816360880e-05 -1.1340249164e-04  5.7365487022e-07 -1.0037921995e-05 -1.3184656827e-05  1.0915396843e-05 -6.9029695714e-06  2.5209752426e-05 -1.1889270661e-05  2.2222768542e-05  1.7995793349e-05 -6.2645547164e-06  4.9574761289e-06 -3.1008066011e-05 -3.9225283562e-05 -5.9359419772e-06 -1.0837087536e-05 -7.9614063487e-06  4.3773050723e-06  3.8332353785e-05 -1.7680262744e-05  1.5697875623e-06 -3.0207440684e-05 -6.2255187928e-06  4.6839756294e-06  1.0202866899e-05 -1.0991128011e-05  2.3333776103e-06  1.6319322149e-06  7.5764817968e-05  9.2272561057e-06  4.5250940377e-05

JOB 15
COORDS  1.6399283232e+00 -1.2070440744e+00 -2.2036469656e-01  7.2155253547e-01 -4.4571195970e-01  5.0418769570e-01  2.6447279333e+00 -1.9357384726e+00  4.1908714392e-01  1.8231061062e+00 -1.1098061390e+00  2.5533078969e+00  8.0343851159e-01 -3.9182860164e-01  1.9063965023e+00  2.7352117763e+00 -1.8701988216e+00  1.8141088537e+00  5.0746192441e+00 -2.5301025382e+00  2.3182592953e+00  5.9277084333e+00 -3.2530228639e+00  3.3501629492e+00 -1.4948401979e-01  3.2149335290e-01  2.6554442967e+00  3.7080896305e+00 -2.6432753901e+00  2.5134224982e+00  5.5718091402e+00 -1.9228781538e+00  1.3784064357e+00  1.5636369863e+00 -1.2406322985e+00 -1.3041002533e+00 -6.2871344742e-02  1.0353741184e-01 -1.2052567103e-02  3.3587602604e+00 -2.5262177758e+00 -1.4242294649e-01  1.9085599895e+00 -1.0690914088e+00  3.6381648168e+00  6.5955695009e+00 -3.9434524098e+00  2.8289630967e+00  5.3503361670e+00 -3.8104543914e+00  4.0934590871e+00  6.5526566752e+00 -2.5158753553e+00  3.8621853697e+00 -5.8420183519e-01  1.0808071283e+00  2.1429888772e+00  1.9182646141e-01  6.4753545308e-01  3.5528658289e+00  3.4143581889e+00 -3.0035942954e+00  3.4124306617e+00
ENERGY -4.957077864265e+02
GRADIENT  5.5972586217e-06  8.6627477489e-06  1.1135542697e-05 -7.0751701147e-05  4.1852719704e-05 -3.2729159928e-05 -1.8521985491e-03 -2.1355675996e-03  2.4605997793e-04  5.4713926268e-07  8.0344292483e-06  1.2692280389e-04  8.1483475805e-05 -6.0616380128e-05 -5.5563239483e-05  2.7969032509e-03  4.3574115945e-03  7.8626590023e-04  1.1731949047e-04  2.1220925397e-03  2.1495956415e-03 -6.0261652443e-06  2.1946782983e-07  8.6607370408e-07  1.7884815675e-05 -2.4158866872e-05 -2.5379384810e-05 -1.1135726854e-03 -4.3290774090e-03 -3.1877718693e-03 -2.4498218244e-06  2.4064044017e-05  7.9605811620e-06 -5.6998491037e-06  2.9128226057e-06  3.5521219169e-06 -6.9436388826e-06  2.4218090308e-06 -1.2628120210e-05  5.4337524708e-06  4.6928802285e-06  2.7185442187e-07  7.8689471254e-06 -5.4910776658e-07  1.6163979824e-05 -1.2679897005e-05 -1.7703130356e-05  8.3669089577e-06 -5.3342636050e-07  1.8044939084e-05  1.7300008247e-05  8.8698452290e-06  1.1398239211e-06 -1.6579865807e-05  1.7595652818e-06  7.9772248085e-08 -4.2258809524e-06 -2.2175947807e-07 -6.2717806841e-06  2.4691953821e-06 -1.2815616767e-05  1.2797732227e-05  5.5132433491e-06

JOB 16
COORDS  1.5659647565e+00 -1.2782466601e+00 -2.2877454149e-01  7.0071190476e-01 -4.6700148068e-01  5.0653407710e-01  2.5668819484e+00 -2.0223849991e+00  4.0019892234e-01  1.8484679935e+00 -1.1129428463e+00  2.5356942669e+00  8.3306092987e-01 -3.7526018619e-01  1.9032760407e+00  2.7044185856e+00 -1.9252346425e+00  1.7877134679e+00  5.0439912519e+00 -2.4124215957e+00  2.4244492915e+00  5.9097578975e+00 -3.2236717124e+00  3.3776170965e+00 -6.5949826647e-02  3.9479213572e-01  2.6618714478e+00  3.6938582830e+00 -2.7091658325e+00  2.4637256446e+00  5.5223933907e+00 -1.5785715624e+00  1.6657709360e+00  1.4511282727e+00 -1.3367162206e+00 -1.3080012086e+00 -8.1657265828e-02  9.5873515973e-02  1.7554124033e-03  3.2422832220e+00 -2.6554716552e+00 -1.6487958851e-01  1.9791684947e+00 -1.0454436211e+00  3.6141189398e+00  6.6887328262e+00 -3.7261460811e+00  2.7986789478e+00  5.3565198437e+00 -3.9717997708e+00  3.9528163714e+00  6.4063831352e+00 -2.5362987246e+00  4.0681439103e+00 -4.8864010501e-01  1.1569474381e+00  2.1436157244e+00  3.1730507041e-01  7.2982976335e-01  3.5388307160e+00  3.3694012743e+00 -3.2668061362e+00  3.2435900670e+00
ENERGY -4.957062028838e+02
GRADIENT  1.8143856497e-06  3.5533201914e-05  3.7012274012e-05 -6.8466159848e-05  1.8032202797e-05 -4.1715985017e-05 -1.4654596068e-03 -1.5637845108e-03  3.2867820099e-04 -1.2374346466e-06  2.2327657274e-05 -1.0320187203e-04  3.4566240981e-06  4.8973980564e-05  1.8173908052e-05  1.9503369367e-03  3.0241647974e-03  5.8321897835e-04 -3.6328158458e-04  1.0428008901e-03  2.0941024657e-03  2.9945904399e-04  9.6791986038e-05 -4.0894966949e-05  1.2735676775e-05 -2.7969016910e-06 -2.1910891549e-05 -3.7403369226e-04 -2.6330264992e-03 -2.9073179456e-03 -1.2613917709e-04 -6.3668690330e-05  6.6981638713e-05 -1.4408341055e-05 -3.8265559089e-06  9.3296478287e-06 -1.3989150930e-05 -1.7428379273e-06 -1.4849613232e-07  2.3438431672e-05 -1.7520525156e-05  1.1137389679e-05  2.0849185721e-05  2.0243553220e-08 -2.5984449490e-05  2.2174345116e-05 -2.6531381755e-05  2.8995602494e-05  1.8985537038e-05  2.8505035049e-05 -1.7190338732e-05  4.0415078971e-05 -1.0628593820e-05  1.2560448311e-05 -8.5681431252e-06 -4.6487658389e-06  3.3473792640e-06  1.6303414287e-06  2.5292887189e-06  4.9161411699e-07  4.3028929175e-06 -7.6474983111e-06 -2.7181273072e-05

JOB 17
COORDS  2.1233516902e+00 -7.0404423816e-01  8.3256867355e-02  9.0012948432e-01 -2.9587693681e-01  6.1576443860e-01  3.0124571952e+00 -1.4749914037e+00  8.3743465186e-01  1.4286349852e+00 -1.4434455064e+00  2.6792238918e+00  5.4138833608e-01 -6.5413594660e-01  1.9277885989e+00  2.6463171630e+00 -1.8487292482e+00  2.1346694157e+00  4.4853634457e+00 -2.0831588132e+00  3.7654198994e+00  5.4676152843e+00 -3.0721701047e+00  4.3766218797e+00 -7.0659117765e-01 -2.8632348217e-01  2.4578538278e+00  3.5361408300e+00 -2.6426203378e+00  2.9346865281e+00  4.5329810465e+00 -8.8392667197e-01  4.0121271911e+00  2.3899139516e+00 -4.0662239556e-01 -9.2765007505e-01  2.1944705072e-01  3.0633397175e-01  1.7533433212e-02  3.9770718977e+00 -1.7736473188e+00  4.3795621459e-01  1.1807379766e+00 -1.7375969240e+00  3.6959057640e+00  6.4707186545e+00 -2.8405058388e+00  4.0070006090e+00  5.2394576150e+00 -4.1186507328e+00  4.1539418856e+00  5.4764133017e+00 -2.9309607886e+00  5.4600342522e+00 -1.0970259959e+00  5.5302389583e-01  2.0442849522e+00 -7.2145136741e-01 -2.2704530747e-01  3.4700004626e+00  3.6535945862e+00 -3.6130699152e+00  2.6727868558e+00
ENERGY -4.957055657894e+02
GRADIENT  1.5885408241e-05  7.1397968187e-06 -5.0693150738e-05  2.9654964035e-05 -2.3163049363e-05  3.0627101603e-05  5.1193934597e-04  1.1550601152e-03  4.8314546243e-04  2.5036263256e-05  1.5278614952e-05 -5.9777905518e-05 -5.0136423987e-05  1.3012268467e-05  6.4126758682e-07 -2.9985745119e-04 -1.6515675521e-03 -1.1802429382e-03  8.8509548850e-04 -5.5990085716e-06 -1.0669924531e-03 -2.1433546090e-06 -5.1293597646e-06 -7.5387028885e-06 -1.8909732183e-06  7.6731297747e-07  9.1210081688e-06 -1.1661044263e-03  4.9508977759e-04  1.7835681756e-03  1.2555269277e-05  2.6103309161e-05  4.8063430806e-06  1.3737423469e-06  5.0120905942e-06 -6.4339767288e-06  4.6829530475e-06 -2.1679795152e-06  1.0107613714e-06 -6.6616283639e-06 -3.3379275663e-06  1.6395070078e-06  1.5179889562e-06  1.0801348446e-06 -5.2615979189e-06  3.4031938671e-06  8.5550533521e-06  1.3968689092e-06  9.5557321835e-06  1.7674212111e-06 -5.2460797883e-06 -4.0798351013e-06  5.5001161047e-06 -3.8518947313e-06 -4.5070847043e-06 -2.3492763535e-06 -4.9736935712e-06 -1.7892187882e-06  6.2876992756e-06 -1.6480176609e-06  5.7021548364e-05 -4.5601312654e-06  5.6153271153e-05

JOB 18
COORDS  2.0808244970e+00 -7.8775048792e-01  3.7447538495e-02  9.0030308084e-01 -3.1747208396e-01  6.1257135812e-01  2.9789519566e+00 -1.5643807339e+00  7.7492441750e-01  1.4825082254e+00 -1.4276798366e+00  2.6842922539e+00  5.9422780784e-01 -6.2346977961e-01  1.9513128290e+00  2.6576186692e+00 -1.8943427233e+00  2.0972482408e+00  4.3537854897e+00 -2.1403398595e+00  3.8774643395e+00  5.4601341026e+00 -3.0546724915e+00  4.3825055501e+00 -6.1065234536e-01 -1.9097892095e-01  2.5291485379e+00  3.5629485928e+00 -2.6825714126e+00  2.8781309797e+00  4.1708331943e+00 -1.0238555914e+00  4.3457817564e+00  2.3114215823e+00 -5.2995577921e-01 -9.9302731102e-01  2.1399278105e-01  2.9208408183e-01  2.8591565604e-02  3.9145610390e+00 -1.9030647827e+00  3.3837943860e-01  1.2696924557e+00 -1.6834697847e+00  3.7183176535e+00  6.4250212572e+00 -2.5969062660e+00  4.1455842811e+00  5.4297787901e+00 -4.0625120541e+00  3.9584929960e+00  5.3876050607e+00 -3.1228217365e+00  5.4705617048e+00 -9.8865537765e-01  6.5105929564e-01  2.1097313463e+00 -5.7332278688e-01 -1.0361479339e-01  3.5386891612e+00  3.9216488145e+00 -3.5151429279e+00  2.4271639378e+00
ENERGY -4.957069364525e+02
GRADIENT  2.1614657307e-05  1.9524284003e-05 -8.4126662683e-05  3.8090339573e-05 -2.9835966589e-05  3.1509902776e-05  1.1661080863e-03  2.4466421638e-03  9.5588765316e-04  5.1214583741e-05  3.3943990384e-05 -1.6367188162e-04 -8.2814635285e-05  1.8352770565e-05  2.7558980889e-05 -7.0799394368e-04 -3.3931911182e-03 -2.3269895225e-03  2.1232264701e-03  5.5778639842e-04 -2.0222881897e-03 -2.8585879518e-05 -1.6318058591e-05 -2.9292107304e-05 -3.2901714694e-05  2.5367666391e-06  1.6398824557e-06 -2.5274315900e-03  2.9394997792e-04  3.6989570113e-03  3.6645576386e-06  3.3541830486e-05  9.5547283877e-06 -3.9192943705e-06  1.3929522619e-05 -8.9342186248e-06  2.5562587927e-06 -4.0634199721e-06  2.3084324696e-06 -1.9480692702e-05  8.1061340528e-06  1.8832378596e-05  5.4841135089e-06 -3.1227014033e-06 -2.4695366330e-05 -1.2033658293e-05  1.9527514054e-05  2.2762945538e-05  7.0146429237e-06  8.6466887205e-06 -1.6323033292e-05 -2.2703727500e-05 -1.2014568722e-05  2.6432599664e-06 -1.1949288422e-05 -1.1937379529e-06 -1.3474234894e-06 -1.0077559375e-05  2.7684518970e-07 -2.9039873664e-06 -5.2912902191e-05  2.0114107739e-05 -8.4032424649e-05

JOB 19
COORDS  2.0170193242e+00 -8.6260289207e-01 -2.6968082319e-02  8.6494591320e-01 -3.5670618751e-01  5.7491551969e-01  2.9391036638e+00 -1.6152708552e+00  7.0465433691e-01  1.5228682429e+00 -1.3864664999e+00  2.6675268311e+00  6.1298632285e-01 -6.0517296624e-01  1.9367525451e+00  2.6708341609e+00 -1.8877577823e+00  2.0533831823e+00  4.2455546113e+00 -2.1889527363e+00  3.9482084040e+00  5.4276366922e+00 -3.0302396644e+00  4.4061639795e+00 -5.6325740112e-01 -1.3849245787e-01  2.5458712455e+00  3.6044113200e+00 -2.6548759659e+00  2.8114918523e+00  3.8847611718e+00 -1.1940079471e+00  4.5646953067e+00  2.2077084149e+00 -6.5161422240e-01 -1.0760822603e+00  1.5970941809e-01  2.3415244563e-01 -5.4719177261e-03  3.8516782746e+00 -1.9814027170e+00  2.4122137721e-01  1.3483347726e+00 -1.5927973113e+00  3.7183891348e+00  6.3313687130e+00 -2.4163218578e+00  4.3527169279e+00  5.5795843907e+00 -3.9404794564e+00  3.8190274028e+00  5.2778713513e+00 -3.3029969216e+00  5.4536471176e+00 -9.5217573564e-01  6.8969819148e-01  2.1093846507e+00 -4.8390646329e-01 -1.3395025650e-02  3.5489893005e+00  4.0998723472e+00 -3.3662393306e+00  2.2887944659e+00
ENERGY -4.957088067151e+02
GRADIENT -1.0033466025e-05  1.6891874040e-05 -5.2451563160e-05  2.4416393868e-04 -1.8699281089e-04  1.3332393358e-04  1.5479657972e-03  2.6581551566e-03  7.8635442036e-04  1.9892800775e-04  3.6249387492e-05 -4.8692206689e-04 -3.8883663059e-04  1.6600582829e-04  1.9402577813e-04 -8.5583770839e-04 -3.3420421053e-03 -2.1650296026e-03  2.6154453104e-03  9.1881173018e-04 -1.9507120898e-03  1.1566789626e-04  1.0952286801e-04  1.8819147764e-04 -1.3385648541e-04  6.8532750348e-05  7.6043492530e-05 -3.3854801886e-03 -3.6612272838e-04  3.3052207116e-03  2.7006494348e-05 -6.3412273754e-05 -1.7942807507e-04  2.0042843652e-05 -8.5885119789e-06 -1.0539703517e-05  5.6372649060e-06 -2.2137496017e-05  4.7943708469e-05 -9.8024517409e-09 -5.5480975656e-06  9.4768069183e-06 -1.1186558033e-05  1.7433937107e-05 -3.5226838025e-05  2.4040805051e-05  6.1446303343e-06  5.5356196497e-05  2.2047388299e-05  4.5225451073e-05  1.2896627790e-06  1.6716740803e-05 -3.2557749227e-05  1.7895820656e-06 -1.9978246566e-05  1.0316154365e-06  1.5041239843e-05 -2.4886814730e-05  1.7676766992e-05 -3.9556014604e-06  1.2776720151e-06  3.1031934682e-05  4.0786639394e-05

JOB 20
COORDS  1.9553129415e+00 -9.2370026618e-01 -6.3308640739e-02  8.2106714375e-01 -3.9692410518e-01  5.5433774707e-01  2.9099239179e+00 -1.6319929807e+00  6.6907348616e-01  1.5700486641e+00 -1.3132191266e+00  2.6743596863e+00  6.2535695708e-01 -5.8220623464e-01  1.9351763384e+00  2.7013307796e+00 -1.8342805941e+00  2.0422828216e+00  4.1860486629e+00 -2.2195783631e+00  4.0129487807e+00  5.4079200175e+00 -3.0187369387e+00  4.4410251549e+00 -5.3395526193e-01 -1.0101059695e-01  2.5640629802e+00  3.6731428661e+00 -2.5676780000e+00  2.7760425920e+00  3.6968438943e+00 -1.3571036165e+00  4.7337960926e+00  2.1050347681e+00 -7.6679568198e-01 -1.1284147170e+00  8.7624345056e-02  1.5695857612e-01 -2.7377189058e-02  3.8043025183e+00 -2.0184322321e+00  1.8622676861e-01  1.4355828887e+00 -1.4624152159e+00  3.7392750313e+00  6.2437731128e+00 -2.3268451286e+00  4.5776894226e+00  5.7023892112e+00 -3.7981533175e+00  3.7323316205e+00  5.2017314807e+00 -3.4798151401e+00  5.4102360506e+00 -9.4888067746e-01  7.0279191963e-01  2.1066746295e+00 -4.2386904659e-01  6.4525070493e-02  3.5583132986e+00  4.2521075265e+00 -3.1816297057e+00  2.2176612183e+00
ENERGY -4.957105449480e+02
GRADIENT  1.5615122309e-05 -1.6767880598e-05  3.9639483945e-05 -8.4632391896e-06 -9.8033208236e-07  1.6295998457e-05  1.2878503886e-03  2.1950767028e-03  4.7977876933e-04  1.7479363831e-05  8.1035357965e-06 -4.8009315116e-05 -4.4871732495e-05  2.3089638460e-05 -8.2429067735e-07 -6.7163043566e-04 -2.3789050082e-03 -1.4427064095e-03  2.1020517687e-03  1.5101043134e-03 -1.2613993051e-03 -9.4082073014e-06 -2.2555202447e-05 -3.5110175420e-05  3.1693457622e-06  1.1514537690e-05  4.3200737908e-06 -2.7422243424e-03 -1.3896582034e-03  2.2114112240e-03  1.9945407111e-05  2.1087940965e-05 -4.9841724974e-06  7.0789631783e-07  4.0037869194e-06  4.3786147273e-06  1.4398872698e-06 -4.8118960047e-07  2.7728656947e-06  7.0731731257e-06 -7.0894650275e-06 -4.7737054224e-06 -2.9956753191e-06 -2.4461368340e-06 -1.2009307023e-05 -1.4094504482e-05  1.8981984940e-06  1.9117191875e-05  1.9283222369e-05  1.1465995053e-05 -2.0337257930e-05 -8.8865937835e-06 -3.0067280874e-05 -1.6619468294e-05 -2.5388735873e-06 -6.0157022568e-06  5.2873246218e-06 -2.6466409840e-06 -1.1503495472e-05 -1.8410806965e-06  6.3487487282e-05  2.2223931052e-05  2.5900634886e-05

JOB 21
COORDS  1.9002818885e+00 -9.8676402497e-01 -9.6294333398e-02  7.8034637034e-01 -4.4073368474e-01  5.3113618788e-01  2.8847415963e+00 -1.6503247356e+00  6.3633252199e-01  1.6124733187e+00 -1.2403190205e+00  2.6704039930e+00  6.3370067076e-01 -5.6117744446e-01  1.9247611455e+00  2.7293061768e+00 -1.7820088763e+00  2.0269685027e+00  4.1383489445e+00 -2.2733932192e+00  4.0464336143e+00  5.3957899578e+00 -3.0291613922e+00  4.4505425672e+00 -5.1077202285e-01 -6.4858594880e-02  2.5678009384e+00  3.7406599880e+00 -2.4743264463e+00  2.7398665442e+00  3.5339335057e+00 -1.5645076147e+00  4.8451417756e+00  2.0128637713e+00 -8.8406443262e-01 -1.1725160530e+00  2.0928892141e-02  7.4748579629e-02 -5.2365366214e-02  3.7623242669e+00 -2.0582741642e+00  1.3987062528e-01  1.5162501437e+00 -1.3339517735e+00  3.7447119228e+00  6.1431360989e+00 -2.3035172179e+00  4.7829102217e+00  5.8254069461e+00 -3.6436902607e+00  3.6540893931e+00  5.1586232776e+00 -3.6701696746e+00  5.3036769482e+00 -9.5028374265e-01  7.1397961042e-01  2.0908464797e+00 -3.7616442268e-01  1.3860245789e-01  3.5518376433e+00  4.3820926174e+00 -2.9989349925e+00  2.1598540181e+00
ENERGY -4.957119145668e+02
GRADIENT  5.9690710150e-06 -5.0450361111e-05  2.1060062054e-04  3.3330057920e-05 -2.8811472475e-05  4.0363245968e-05  1.1636986370e-03  1.5747857732e-03  6.2468637633e-05  1.4851371488e-04  2.5905597504e-05 -1.7599667190e-04 -2.0504040778e-04  1.0201317956e-04  5.8191376131e-05 -6.5757331166e-04 -1.4889131098e-03 -6.0648943152e-04  1.5324744919e-03  1.5804199616e-03 -7.3855673766e-04 -2.8071530989e-06 -4.4462857218e-05 -1.2251992057e-05 -2.5283338183e-05  5.9059759643e-05  4.3602582438e-05 -1.9297273565e-03 -1.6128926368e-03  1.0084349290e-03 -9.1223206342e-05 -6.7253727285e-06 -1.0277880080e-04  1.2709622000e-05 -6.8130320896e-06  2.2626716774e-05 -5.2433234377e-06 -3.3514697330e-06  2.7670073192e-05  3.3682988383e-05 -4.2414635568e-05 -1.5724234132e-05 -1.1558303439e-05  6.6962419509e-06  2.4211418057e-05 -3.9334174651e-05  1.1526828249e-05  9.5779910804e-06  3.0044347782e-05  8.2153361793e-06 -5.8790525375e-06  7.6937119666e-06 -2.8042648822e-05 -7.4306724542e-06 -8.3863853277e-06 -7.9859316127e-06  1.1134841473e-05 -1.4189852904e-05  2.2723989770e-07 -3.3985967339e-06  6.1503367300e-05 -3.8163083010e-07  1.5030169932e-04

JOB 22
COORDS  1.8636007041e+00 -1.0449582123e+00 -1.1067548568e-01  7.5672297771e-01 -4.8412419316e-01  5.2686486693e-01  2.8799164546e+00 -1.6596362611e+00  6.1976324398e-01  1.6760524112e+00 -1.1610363676e+00  2.6759066188e+00  6.6041276900e-01 -5.3910443460e-01  1.9287713970e+00  2.7795652863e+00 -1.7190849578e+00  2.0215190909e+00  4.1330061671e+00 -2.3224910127e+00  4.0612824003e+00  5.4062012401e+00 -3.0615846438e+00  4.4471946813e+00 -4.7167055752e-01 -3.2759337197e-02  2.5850189662e+00  3.8314932254e+00 -2.3622529226e+00  2.7171449591e+00  3.4448603693e+00 -1.7554954364e+00  4.9056904831e+00  1.9378457983e+00 -9.9751018106e-01 -1.1940668445e+00 -3.1188438231e-02 -1.0779446617e-02 -5.4478041886e-02  3.7424226449e+00 -2.0857807530e+00  1.1201554706e-01  1.6168195446e+00 -1.2054946177e+00  3.7555952363e+00  6.0770416482e+00 -2.3581830541e+00  4.9475468704e+00  5.9334837758e+00 -3.5187276946e+00  3.6048115366e+00  5.1501726755e+00 -3.8414469707e+00  5.1694370361e+00 -9.4135458458e-01  7.1547569964e-01  2.0883542783e+00 -3.1271477215e-01  2.1394093229e-01  3.5553565116e+00  4.5109256424e+00 -2.8189652127e+00  2.1234575733e+00
ENERGY -4.957127761997e+02
GRADIENT -2.6461627626e-06  7.0289108226e-06 -1.2352147397e-05  2.9452634876e-05 -8.3479426545e-07  8.5657904989e-06  4.2299174670e-04  7.6815493989e-04  6.3113023087e-05 -7.6054296919e-06 -2.0386082842e-05 -4.1094361863e-05 -9.4523912748e-06  1.6835488027e-05 -4.2149481632e-06 -2.5132693536e-04 -6.2205619643e-04 -1.5295201517e-04  6.1378668420e-04  8.4797144985e-04 -1.6341575593e-04 -2.5616922530e-06 -5.8294626667e-06 -1.4234930699e-05 -1.9037049990e-05 -2.2475734092e-05  3.9282807851e-05 -7.8833206031e-04 -9.9398429886e-04  2.3232156683e-04 -1.0593130348e-05  6.2883098050e-06 -8.3932254085e-06  2.0078109471e-06  2.2477933683e-07 -3.2657458942e-06  2.9288756194e-06  4.3059902130e-06  1.3620377924e-06  1.9958444889e-06  8.2245026166e-06 -2.5116023606e-06  3.9987285575e-07 -1.9653594624e-06 -2.1876025071e-06 -1.2747381003e-05 -6.3888863793e-06  3.6929784347e-06  4.0230734827e-06  1.1975767777e-06 -5.2699760643e-06 -3.6773092135e-06 -1.3760170867e-05 -1.0748511103e-05 -1.1150234006e-05 -8.6900314061e-06 -1.3651394461e-05  4.1509789798e-06  2.9067313316e-05 -6.7911890132e-06  1.6021440314e-05 -1.1820049705e-05  3.1255667300e-05

JOB 23
COORDS  1.8260466476e+00 -1.1031851822e+00 -1.2212220862e-01  7.2995550639e-01 -5.2422577127e-01  5.1782197814e-01  2.8687528890e+00 -1.6711219474e+00  6.0847230016e-01  1.7197035446e+00 -1.0793022759e+00  2.6716049813e+00  6.7376360308e-01 -5.1140236791e-01  1.9228727562e+00  2.8119754937e+00 -1.6566931321e+00  2.0142357262e+00  4.1060278558e+00 -2.3707027257e+00  4.0607892973e+00  5.3950182272e+00 -3.0855511125e+00  4.4402234517e+00 -4.4791661163e-01  1.0161695971e-02  2.5843533039e+00  3.8979811086e+00 -2.2443100799e+00  2.7051323078e+00  3.3341249490e+00 -1.9525137486e+00  4.9198779037e+00  1.8680819602e+00 -1.1122108463e+00 -1.2082357757e+00 -8.1363249795e-02 -9.2135822403e-02 -6.3388848097e-02  3.7182375414e+00 -2.1190345796e+00  9.7382697026e-02  1.6875192005e+00 -1.0791919319e+00  3.7532644920e+00  5.9790291141e+00 -2.4276213002e+00  5.0890530812e+00  6.0119498133e+00 -3.3834706302e+00  3.5874319457e+00  5.1395351329e+00 -3.9763929213e+00  5.0205553573e+00 -9.3826865716e-01  7.3260907504e-01  2.0699854863e+00 -2.7179635112e-01  2.9384374881e-01  3.5414166135e+00  4.6156442143e+00 -2.6319198549e+00  2.1073979403e+00
ENERGY -4.957130120245e+02
GRADIENT -7.5341349766e-06  7.5989362802e-06  1.2121538770e-05 -9.2422073722e-06  5.0748421121e-06 -1.7198469985e-05 -7.1239400830e-05 -1.5788140081e-04  1.6771457094e-05 -3.0883174933e-05  8.0752842457e-06  1.3665973332e-05  2.6573701000e-05 -9.5316574278e-06  3.7486861722e-06  6.3056993319e-05  1.2529194468e-04 -2.3930089460e-05 -1.0900428812e-04 -2.1330660573e-04 -4.6015123783e-05  1.1088603772e-05  1.5355937475e-05 -1.5759002157e-05 -8.7430720100e-06  9.4602179540e-06  4.7787905214e-06  1.0820134937e-04  1.7885808251e-04  1.1385587576e-05  2.5543979744e-06  2.5571872870e-05  2.6102731884e-05 -1.1141964984e-06 -2.2024998973e-06  2.5538903323e-06 -2.1923347523e-07  1.4224242940e-06 -1.2378722834e-06  7.6016205344e-07  1.5455053304e-06  8.7690668751e-08  8.8319165093e-06 -1.2466428363e-07 -1.5090968442e-07  8.2068853979e-06 -8.7453401979e-06  1.5952135860e-05 -3.9746454233e-06  1.1653149174e-06  5.7956526634e-06 -3.5640449030e-06  7.6720823372e-06  7.8992846602e-06  9.5277323693e-06 -7.4993502736e-06 -1.2510538308e-06  6.5487966670e-06 -1.4794492388e-06 -5.9473872455e-06  8.6635840311e-06  2.0722737190e-05  1.2241515652e-06

