JOB 0
COORDS  1.5036926253e+00 -3.9625724691e-01  1.5523930598e+00  1.7220793588e+00 -9.0726029786e-01  2.8245735047e+00 -8.3007038131e-01 -1.0078191576e+00  1.7987098506e+00  2.0301935931e-01 -4.5562684752e-01  1.0416911212e+00  6.1445914944e-01 -1.4483166442e+00  3.4884936641e+00 -6.1569626473e-01 -1.5117610135e+00  3.0209720606e+00 -8.2697151550e-02  9.3455102998e-02 -2.8726800491e-01 -1.2662225574e+00  2.8100016264e-01 -5.8498072552e-01  8.8228524429e-01  3.4711279059e-01 -1.0160387263e+00  8.0274337410e-01 -1.9521331487e+00  4.7175450510e+00  2.3027986378e+00  3.6099026162e-02  9.6076414076e-01  2.6977382287e+00 -8.9640859741e-01  3.2977234664e+00 -1.8422614246e+00 -1.0468566137e+00  1.4080312141e+00
ENERGY -5.521320137799e+02
GRADIENT -1.9542813814e-04  1.4183061309e-03  5.6879653525e-04 -5.6758409782e-05 -1.2618335877e-05 -4.0914586839e-05 -8.2628175160e-05 -2.7058117092e-05 -3.5634522008e-05  5.1213358039e-04 -1.4296009577e-03 -5.7892581102e-04  1.0880092509e-05  3.5784283769e-05  8.8562465574e-06  1.5195910355e-05  2.5384455718e-05 -1.2640241823e-05 -2.7065401237e-04 -1.5456506740e-03 -5.0563767052e-04  1.1669419092e-04  1.5973025183e-03  5.9748230041e-04 -5.5077658037e-05  1.0621426754e-05 -2.5393389872e-05  2.9894291464e-06 -1.0880052568e-05 -1.6310265547e-05  9.2916905042e-06  2.1114342338e-06 -1.0697567599e-05  4.7138190132e-06 -1.3156171527e-06 -2.4995216141e-05 -1.6759337308e-05  1.5440071302e-05  9.6363634625e-06

JOB 1
COORDS  1.4942192775e+00 -3.7904202370e-01  1.5641030906e+00  1.7106829183e+00 -8.8388526387e-01  2.8396129002e+00 -8.2662526970e-01 -1.0471205777e+00  1.7859744705e+00  2.0230407605e-01 -4.7507153047e-01  1.0394512155e+00  6.1121497693e-01 -1.4584683440e+00  3.4884302740e+00 -6.1137627537e-01 -1.5539098716e+00  3.0066676390e+00 -8.9443417453e-02  9.2083105790e-02 -2.7947920211e-01 -1.2359491985e+00  5.0509552001e-01 -4.7874771780e-01  8.4225509978e-01  1.4916051802e-01 -1.0889970472e+00  7.9882319385e-01 -1.9593633945e+00  4.7191633431e+00  2.2896357145e+00  7.3624665890e-02  9.8201568799e-01  2.6787905753e+00 -8.4275226686e-01  3.3264036057e+00 -1.8353542413e+00 -1.1041435376e+00  1.3872233341e+00
ENERGY -5.521306218228e+02
GRADIENT -5.8764794108e-04  2.8183643236e-03  1.1761454476e-03 -5.8756874781e-05 -4.0249367982e-07 -1.0356480296e-05 -2.4127799529e-04  3.6090466722e-05 -7.7065396860e-05  1.5863649967e-03 -2.9566746738e-03 -1.2737628170e-03  2.2878640913e-05  1.0858525058e-05 -4.0037311323e-05  2.6899351873e-05  1.5622741618e-05 -3.4204851195e-05 -1.6579417248e-03 -3.0677148222e-03 -9.4338143142e-04  9.2169569290e-04  3.1257000564e-03  1.1467431067e-03  3.7015665886e-05 -2.4785370943e-05  6.9007348873e-05 -2.0490807360e-05  2.1641807607e-05 -3.1735207998e-05  4.0105418942e-05  6.7864783888e-06 -1.0508629315e-05  7.2378099984e-06  9.0326511661e-06 -1.7451637199e-05 -1.0450631790e-05 -1.1820383853e-05 -1.0182984870e-05

JOB 2
COORDS  1.4927018783e+00 -3.5578317582e-01  1.5652141083e+00  1.7074681521e+00 -8.5613341749e-01  2.8434731035e+00 -8.1349519768e-01 -1.0737502725e+00  1.7633977794e+00  2.1103759739e-01 -4.8529861155e-01  1.0257307777e+00  6.1618391192e-01 -1.4597648805e+00  3.4788934673e+00 -5.9871185265e-01 -1.5808826636e+00  2.9840581178e+00 -8.2974477341e-02  9.1083940237e-02 -2.8908072189e-01 -1.1370455992e+00  7.2283128640e-01 -4.0592600921e-01  7.6945728354e-01 -5.6286223819e-02 -1.1708133572e+00  8.0303743247e-01 -1.9603176277e+00  4.7105447114e+00  2.2855445677e+00  1.1527431427e-01  9.9350282947e-01  2.6684176847e+00 -7.8952383413e-01  3.3414759213e+00 -1.8192818658e+00 -1.1470202258e+00  1.3582977150e+00
ENERGY -5.521283468828e+02
GRADIENT -1.2657387052e-03  3.7334541429e-03  1.9159795080e-03  4.6149791015e-05  4.2727783201e-06  2.9130619838e-05  9.3936665588e-06  5.6495758820e-05  1.0661381123e-05  2.6260956437e-03 -3.9587958709e-03 -2.3521848053e-03  7.5916374018e-05 -6.5182130188e-05 -4.5926074820e-06 -2.0561359762e-05 -9.5296328748e-06 -3.7401710186e-05 -3.7480230833e-03 -3.7634255951e-03 -9.2066149125e-04  2.2438063596e-03  4.0614744875e-03  1.3169815924e-03  4.4135475654e-05 -1.2719560653e-05  2.6611322930e-05  1.3900752069e-05  8.2023158711e-06  3.5032957156e-06 -8.4906383207e-06  4.9944840133e-06 -3.1966975849e-06  4.5746614716e-06  9.7493905214e-06  5.6301447706e-06  1.2462445852e-05 -4.2503155586e-06 -1.0081256358e-05

JOB 3
COORDS  1.4871078319e+00 -3.2752571140e-01  1.5761622989e+00  1.7042765216e+00 -8.3376822785e-01  2.8524215872e+00 -8.0010438428e-01 -1.1076666976e+00  1.7485501417e+00  2.1504988090e-01 -4.8877659564e-01  1.0251784810e+00  6.2405229765e-01 -1.4701975575e+00  3.4737527561e+00 -5.8248249149e-01 -1.6182941175e+00  2.9675079166e+00 -8.6120217643e-02  9.9197774136e-02 -2.8558916971e-01 -9.9888446960e-01  9.2787496470e-01 -3.3197565605e-01  6.3133327045e-01 -2.3921347858e-01 -1.2314274022e+00  8.1354586109e-01 -1.9758346901e+00  4.7037332403e+00  2.2743255232e+00  1.6964995512e-01  1.0181794325e+00  2.6592574774e+00 -7.4619118063e-01  3.3585763714e+00 -1.8017799239e+00 -1.2033145407e+00  1.3367033880e+00
ENERGY -5.521255845959e+02
GRADIENT -1.4016890894e-03  3.8713363170e-03  2.0368188248e-03  1.0685505884e-04 -8.7155252742e-06  8.0345581838e-05 -3.7211342230e-05 -1.9020442785e-05  2.8286420018e-05  3.3464170667e-03 -4.3031692030e-03 -2.6015521460e-03 -2.6552400890e-05  6.6026787703e-05 -1.6050428275e-04 -3.6546595324e-05 -2.1580728801e-05  2.3202420500e-05 -5.2527634359e-03 -3.3150033463e-03 -2.7407345762e-04  3.3434254636e-03  3.7133960786e-03  8.7303147596e-04  9.4915223751e-07  7.8280936460e-06  6.5998378701e-06 -3.2240243332e-05  2.9893233249e-05 -7.7558514111e-05  1.4092322960e-05 -4.8599831011e-06  5.9208622378e-06  1.8971484991e-05  1.2163536485e-05 -4.0021595701e-06  8.8126091478e-07 -3.9127891357e-06 -1.7285473854e-06

JOB 4
COORDS  1.4803099289e+00 -2.8552071537e-01  1.5902406508e+00  1.7003344810e+00 -8.0971515937e-01  2.8592234484e+00 -7.8446154703e-01 -1.1355613476e+00  1.7272766072e+00  2.1749153004e-01 -4.7182734737e-01  1.0279936761e+00  6.3267827434e-01 -1.4825080137e+00  3.4630387370e+00 -5.6422052972e-01 -1.6538736506e+00  2.9432854268e+00 -8.1964564203e-02  1.0983358624e-01 -2.9001396257e-01 -7.9901254925e-01  1.1124669838e+00 -3.0903597598e-01  4.3773158425e-01 -4.2746705860e-01 -1.2710507790e+00  8.2602669114e-01 -2.0027799491e+00  4.6872057990e+00  2.2601219574e+00  2.4344610611e-01  1.0507780534e+00  2.6502597962e+00 -7.0877650932e-01  3.3722928297e+00 -1.7781605900e+00 -1.2607651339e+00  1.3033325868e+00
ENERGY -5.521232111413e+02
GRADIENT -6.0813017438e-04  2.9364100989e-03  1.1496476659e-03 -3.0975244429e-04 -5.4035850028e-05 -1.6611262991e-04 -3.9330026970e-04  1.7823111457e-05 -9.4669248714e-05  2.6595697925e-03 -3.3629263816e-03 -1.5687668277e-03  9.9892294279e-05 -3.5637993994e-05  1.2207399717e-04  5.1129738857e-05  8.4167242144e-05 -9.6597247659e-05 -4.3082404914e-03 -1.5453908968e-03  4.0110715500e-04  2.7988176413e-03  1.9859077031e-03  2.5860989965e-04 -7.5391037142e-06  1.6591057144e-06 -1.4579550330e-06 -5.9764131163e-06 -1.4772842560e-05  1.1012187449e-05  5.6846944152e-05  2.0743400604e-05 -3.6649045363e-05 -1.2767783595e-05  1.1929408346e-05 -5.1704167660e-05 -3.5770891069e-05 -2.8590814075e-05 -1.1771620505e-05

JOB 5
COORDS  1.4789575324e+00 -2.3407789517e-01  1.5968154845e+00  1.7079032732e+00 -7.8082466697e-01  2.8550652126e+00 -7.5647634947e-01 -1.1597358464e+00  1.6954187336e+00  2.2327747198e-01 -4.3646614741e-01  1.0254073236e+00  6.5415775927e-01 -1.4897859808e+00  3.4411696402e+00 -5.3279526361e-01 -1.6853694243e+00  2.9079489077e+00 -7.2887829252e-02  1.2034208894e-01 -3.0626207777e-01 -5.4729240620e-01  1.2573597052e+00 -3.4477275931e-01  1.7524650990e-01 -5.9435532362e-01 -1.2794260527e+00  8.5340223445e-01 -2.0271701932e+00  4.6574211932e+00  2.2471871729e+00  3.2989146597e-01  1.0763864524e+00  2.6547986902e+00 -6.7143244081e-01  3.3720097835e+00 -1.7377483639e+00 -1.3214984289e+00  1.2549693228e+00
ENERGY -5.521222538286e+02
GRADIENT  1.6016096836e-04  5.0627379503e-05 -7.8032456843e-05 -1.7581197764e-04 -2.6243072747e-05 -1.4328194589e-04 -1.6182238582e-04 -2.8017086635e-05 -1.8383013825e-04 -2.2338054694e-06  2.3868059026e-05  1.3426205794e-04  1.1856013961e-04 -3.1258244816e-05  3.0368630671e-04  7.9286357591e-05  7.0151091951e-05 -1.1361470888e-04 -1.6534121838e-05 -3.5360565872e-05  9.9086021159e-05 -1.8732796056e-06  2.3679203942e-05 -1.5584858567e-05  3.4389156165e-05 -1.4521577112e-05 -3.0018562929e-05  5.9790381024e-05 -4.8735065003e-05  9.8966717058e-05  1.2937230396e-05  8.7296154996e-06 -1.1200405743e-05 -2.4203474330e-05 -1.1250425455e-06  5.8245082403e-08 -1.3881194230e-05  1.3995350944e-05 -1.8525512861e-05

JOB 6
COORDS  1.4599907439e+00 -1.9645452704e-01  1.6220846494e+00  1.6936698089e+00 -7.6319391811e-01  2.8704628186e+00 -7.4703468348e-01 -1.1908132474e+00  1.6777313575e+00  2.1258421771e-01 -4.1389016011e-01  1.0377279982e+00  6.5006226267e-01 -1.5040385907e+00  3.4350427601e+00 -5.2661344436e-01 -1.7223491650e+00  2.8875514415e+00 -7.3663248185e-02  1.2434581037e-01 -3.0153361668e-01 -2.8251121169e-01  1.3370727906e+00 -3.8586955532e-01 -1.2244924530e-01 -6.8449988473e-01 -1.2306023835e+00  8.5009164493e-01 -2.0553981719e+00  4.6443723764e+00  2.2158603178e+00  3.9945791579e-01  1.1196603143e+00  2.6357612989e+00 -6.4703720119e-01  3.3946977711e+00 -1.7120362567e+00 -1.3850281227e+00  1.2154107437e+00
ENERGY -5.521232144017e+02
GRADIENT  9.6620060237e-04 -2.6274548012e-03 -1.2483306635e-03  1.5872375507e-04  2.4086478557e-05  1.2442301408e-04  3.3006129841e-04  4.6289621807e-05  3.0786700826e-04 -2.9568146072e-03  3.5345455866e-03  1.8928207763e-03 -2.1301497215e-04  3.8299271055e-05 -3.7771988803e-04 -1.0379853603e-04 -1.2604216806e-04  1.6846704570e-04  5.4471088051e-03 -3.7272508278e-04 -1.2565804293e-03 -3.4502626928e-03 -5.5325102495e-04  4.2033067075e-04 -1.2135535692e-04 -1.1311717732e-05 -1.3366565893e-05 -7.6672183805e-05  6.0060799270e-05 -1.1449035808e-04 -1.0474710029e-05 -6.0516338398e-06 -1.8183363644e-06  3.0800433492e-05  2.8040080425e-05 -6.6745939051e-08  3.3310987479e-05 -3.2933230821e-05  3.7419751491e-05

JOB 7
COORDS  1.4549696585e+00 -1.6120871941e-01  1.6397249023e+00  1.6941361144e+00 -7.3469783191e-01  2.8832402206e+00 -7.1986922872e-01 -1.2290356862e+00  1.6601739420e+00  2.1913850878e-01 -4.0918272323e-01  1.0408799510e+00  6.6637361981e-01 -1.5101641849e+00  3.4311608869e+00 -4.9836889715e-01 -1.7593153218e+00  2.8698199532e+00 -5.9624992016e-02  1.1491491842e-01 -3.0136139603e-01 -1.1675475572e-02  1.3399416708e+00 -4.4768287415e-01 -3.7291551403e-01 -7.0408248179e-01 -1.1690208283e+00  8.7096496820e-01 -2.0666670120e+00  4.6365282534e+00  2.1939431876e+00  4.6456675847e-01  1.1490719985e+00  2.6285433882e+00 -5.9980993726e-01  3.4166287605e+00 -1.6692669280e+00 -1.4532461978e+00  1.1802638234e+00
ENERGY -5.521255782050e+02
GRADIENT  1.7464732767e-03 -3.7177997920e-03 -1.8948084525e-03  4.8785973486e-06 -1.0317848028e-06 -2.2291870659e-07  4.7344015943e-05  3.5904568525e-05  7.8399022513e-05 -4.3527649561e-03  5.6020725661e-03  3.2289630305e-03 -1.2056339367e-04 -2.2711826686e-06 -2.0310887045e-04 -1.3779571943e-05 -4.9902819519e-05  9.0322987630e-05  7.7078321057e-03 -2.2126436329e-03 -2.3805953450e-03 -4.9475274457e-03  3.3170687095e-04  1.0834840772e-03 -5.9427291108e-05  4.3319633454e-05  1.6760715225e-05 -4.5406415763e-05  2.4916085643e-05 -6.5119815836e-05  1.2956539842e-05  2.8943655564e-06 -8.4650398166e-06  1.2762180653e-05  1.7141369358e-05 -1.6608343474e-05 -6.0930648450e-07 -1.5170011517e-05  2.3427185231e-05

JOB 8
COORDS  1.4456579319e+00 -1.3598733395e-01  1.6433860504e+00  1.6872715933e+00 -7.0833324421e-01  2.8860161085e+00 -7.0199225909e-01 -1.2593319691e+00  1.6370233479e+00  2.2264629611e-01 -4.1354685124e-01  1.0286319906e+00  6.7339656062e-01 -1.5119752826e+00  3.4202992538e+00 -4.7978394691e-01 -1.7883879886e+00  2.8469460710e+00 -5.3840171930e-02  1.1522318519e-01 -3.0950848870e-01  2.3603280201e-01  1.2982210810e+00 -5.1665882064e-01 -6.0022876498e-01 -6.4300607897e-01 -1.1156917938e+00  8.7996297219e-01 -2.0676430525e+00  4.6248447026e+00  2.1700184446e+00  5.1196498361e-01  1.1606314890e+00  2.6122732169e+00 -5.5221698557e-01  3.4299330957e+00 -1.6404914734e+00 -1.5025212127e+00  1.1461957363e+00
ENERGY -5.521283455032e+02
GRADIENT  1.7375065629e-03 -3.6225752535e-03 -1.7833809459e-03  3.0496825924e-05  9.3845867249e-06  1.9246674626e-05  1.2409546575e-04  1.3462875407e-05  1.4945810651e-04 -4.2705224363e-03  5.8890024950e-03  3.1320014872e-03 -9.0808915129e-05  7.3174463477e-06 -1.6111684017e-04 -3.4414025006e-05 -5.2892588747e-05  7.5957535834e-05  6.9970926711e-03 -3.5719324637e-03 -2.8552877085e-03 -4.4551212530e-03  1.3363350574e-03  1.4431231842e-03 -3.4547002944e-05 -5.7666926461e-06 -6.6188079005e-06 -3.5515793111e-05  3.4748309835e-05 -5.0621254791e-05 -1.3538514138e-06 -1.3681811119e-06 -1.3733195570e-05  1.1541746858e-05  2.2802911734e-05 -9.4828503590e-06  9.5807146199e-06 -1.2321168267e-05  2.5996021842e-05

JOB 9
COORDS  1.4312865906e+00 -1.0018922429e-01  1.6391596725e+00  1.6834326841e+00 -6.6675336781e-01  2.8816938331e+00 -6.8638701987e-01 -1.2798200991e+00  1.6233346078e+00  2.2042207522e-01 -4.1330827708e-01  1.0150850118e+00  6.9107125763e-01 -1.5016529761e+00  3.4091917969e+00 -4.5262666794e-01 -1.8081311009e+00  2.8315220008e+00 -7.0331015325e-02  1.2266695401e-01 -3.1699535898e-01  4.2730823671e-01  1.2162553737e+00 -6.0612900916e-01 -8.1864004169e-01 -5.3713013343e-01 -1.0443980414e+00  9.0921887190e-01 -2.0552586967e+00  4.6119980366e+00  2.1374884527e+00  5.6835706399e-01  1.1586959765e+00  2.6001317957e+00 -4.8373227938e-01  3.4312982930e+00 -1.6187068967e+00 -1.5409212592e+00  1.1311763806e+00
ENERGY -5.521306231533e+02
GRADIENT  1.2096370384e-03 -2.6022324672e-03 -1.2485005733e-03  9.6925041269e-05  2.8761667323e-05  6.8041708846e-05  1.4790592764e-04  2.9086030997e-05  9.4200041662e-05 -3.0385141262e-03  4.4066210144e-03  2.2740530780e-03 -2.9676252772e-05  8.6266582224e-06 -7.0743389242e-05 -4.8712393682e-05 -3.9266877522e-05  3.2802325313e-05  4.4323179907e-03 -3.3754597934e-03 -2.4252101494e-03 -2.7527291023e-03  1.6237135155e-03  1.2920221076e-03 -1.7070641655e-05 -3.0477376800e-05 -1.0878435641e-05 -2.4043195836e-06  7.2627180886e-06 -2.6315518647e-05 -2.1908821313e-05  4.0986830438e-06  4.1020969069e-06  1.5837851255e-05 -4.4421745370e-06  5.6975361024e-06  1.8697605333e-05  2.9730010673e-06  8.8503283450e-06

JOB 10
COORDS  1.4180149531e+00 -8.6747731605e-02  1.6549807418e+00  1.6677449673e+00 -6.5124737044e-01  2.8984321832e+00 -6.7439777938e-01 -1.3119084769e+00  1.6125342005e+00  2.2278701486e-01 -4.2777651602e-01  1.0136969911e+00  6.9149447752e-01 -1.5149969838e+00  3.4096043168e+00 -4.3803907313e-01 -1.8461870448e+00  2.8177630284e+00 -7.5984287300e-02  1.2585444108e-01 -3.1043564914e-01  5.9992482688e-01  1.0887681041e+00 -6.8823783230e-01 -9.9335832711e-01 -3.9396696356e-01 -9.5280668396e-01  9.0965218319e-01 -2.0691415230e+00  4.6117663206e+00  2.1135048281e+00  5.9875285329e-01  1.1838400704e+00  2.5709814403e+00 -4.4462169104e-01  3.4617799095e+00 -1.5984667126e+00 -1.5853630200e+00  1.1125871123e+00
ENERGY -5.521320164497e+02
GRADIENT  8.0813882922e-04 -1.0865673431e-03 -7.2679620822e-04 -1.1094564316e-04 -1.2810659384e-05 -6.5964816052e-05 -4.6021772440e-05 -2.4932670332e-05 -3.4921161807e-05 -1.4334777455e-03  2.1242210322e-03  1.3130461907e-03  2.1587966444e-05 -1.5446362592e-05  3.1984270519e-05  1.7946954534e-05  1.9185069972e-05 -2.6368638960e-05  1.8791866759e-03 -2.0353861214e-03 -1.2800106897e-03 -1.1114232427e-03  1.0481617803e-03  7.0479234853e-04 -2.4993985252e-06 -1.9213844762e-05  1.3255324104e-05 -9.4424716932e-07 -1.5975334117e-06  7.6123148126e-06  5.2038134987e-06  1.8923750650e-05 -1.3196937878e-05 -7.6675598376e-06  1.6770032454e-05 -1.7613852748e-05 -4.9340766763e-06 -1.4711826159e-05 -5.5290061820e-06

JOB 11
COORDS  1.4101987707e+00 -5.4006143004e-02  1.6516228439e+00  1.6646888802e+00 -6.1276302603e-01  2.8966694682e+00 -6.4645848793e-01 -1.3368776460e+00  1.5892576887e+00  2.3245756578e-01 -4.2969620613e-01  9.9690833218e-01  7.1317260491e-01 -1.5114080154e+00  3.3939813448e+00 -4.0003253851e-01 -1.8754204439e+00  2.7905124291e+00 -8.0662815242e-02  1.3355899891e-01 -3.2074652540e-01  7.2793530440e-01  9.3270558340e-01 -8.0456428804e-01 -1.1307040108e+00 -2.2631384198e-01 -8.6149807633e-01  9.3792434814e-01 -2.0639714532e+00  4.5954977368e+00  2.0902623741e+00  6.5124609512e-01  1.1875751339e+00  2.5533224069e+00 -3.7606799075e-01  3.4713353962e+00 -1.5610862420e+00 -1.6303720163e+00  1.0837974969e+00
ENERGY -5.521324521549e+02
GRADIENT  1.7560731868e-06  3.0859438933e-05 -5.1319981340e-05 -5.4734721144e-05 -4.0687807073e-05  1.1461237155e-05  9.6898614737e-06 -6.2715391913e-05  1.2166348116e-04  4.1886435326e-05  2.1068935621e-05  1.0118606479e-05  2.4714722077e-05  1.0956153452e-05  2.0230791077e-06 -1.4312544734e-05  2.2941945486e-05 -5.5151613862e-05  2.2609460260e-05 -5.6505956460e-06  3.3898695243e-05 -1.6488782546e-05 -1.0569652182e-06 -1.6216628530e-05  2.1476941413e-05  9.7401962152e-06  7.1011831130e-06 -4.1784136486e-06  2.6587674730e-06 -6.6890465816e-06  9.4108008758e-06  6.3063628556e-06 -5.5693288136e-07  6.7242071545e-06  9.1173693593e-06 -8.1666105551e-06  7.2452334793e-06  5.0495711799e-06 -1.2836764807e-06

JOB 12
COORDS  1.3917324566e+00 -4.5767687922e-02  1.6787437366e+00  1.6388076216e+00 -6.0612875515e-01  2.9245946888e+00 -6.3300990427e-01 -1.3764402521e+00  1.5751124594e+00  2.3589498845e-01 -4.4821389269e-01  1.0018454795e+00  7.0570492788e-01 -1.5371545508e+00  3.3967540365e+00 -3.8709805031e-01 -1.9256150202e+00  2.7717031819e+00 -7.9452698570e-02  1.3126416993e-01 -3.0729875668e-01  8.2424126381e-01  7.3901339735e-01 -8.9105228369e-01 -1.2199274176e+00 -4.0696082013e-02 -7.4795377397e-01  9.2609758616e-01 -2.0947837577e+00  4.5968951451e+00  2.0624461481e+00  6.7836385516e-01  1.2300044294e+00  2.5082849833e+00 -3.4686675504e-01  3.5184657255e+00 -1.5355799529e+00 -1.6834153376e+00  1.0557270013e+00
ENERGY -5.521320164566e+02
GRADIENT -6.7920242845e-04  1.2322335361e-03  6.1815587670e-04 -9.6487442193e-05 -3.5914289892e-05 -7.9472691161e-05 -5.7175613664e-05 -6.8030329699e-06 -2.4454736982e-05  1.3592639072e-03 -2.2304946000e-03 -1.2118223519e-03  1.3779960812e-05 -2.8518485302e-06  3.8769963316e-05  1.2474977072e-05  2.8002149046e-05 -2.1375069060e-05 -1.0440045454e-03  2.5226926131e-03  1.3633424991e-03  4.8084448456e-04 -1.4349898239e-03 -7.3501305661e-04 -9.5623125440e-06 -7.8185222119e-06  1.9909410013e-05  1.5770669562e-06 -5.3364805332e-06  5.0408238780e-06  1.0872312671e-05  9.6988872492e-06 -1.8388072559e-05  5.3483681990e-07  3.5474614529e-06 -2.5335134097e-05 -1.5684623670e-05  2.1948502614e-06  4.3120778214e-06

JOB 13
COORDS  1.3821571047e+00 -2.3585376556e-02  1.6835797688e+00  1.6286053113e+00 -5.8126648508e-01  2.9312650390e+00 -6.1120598621e-01 -1.3970424515e+00  1.5553593139e+00  2.4585352278e-01 -4.5296050983e-01  9.9209110166e-01  7.1510001572e-01 -1.5391194380e+00  3.3874648793e+00 -3.6103005573e-01 -1.9509502952e+00  2.7487039006e+00 -8.1592521022e-02  1.4022709478e-01 -3.0681321561e-01  8.6140306790e-01  5.3941191290e-01 -9.9861491213e-01 -1.2715193546e+00  1.6900459202e-01 -6.3492800685e-01  9.3615666941e-01 -2.0972609887e+00  4.5876409348e+00  2.0421281061e+00  7.1704463007e-01  1.2449158541e+00  2.4820331685e+00 -2.9959288120e-01  3.5380762155e+00 -1.5057607602e+00 -1.7170270573e+00  1.0290556973e+00
ENERGY -5.521306231536e+02
GRADIENT -1.8012879913e-03  2.0921841522e-03  1.4737240265e-03  1.0123501493e-04  2.1783594129e-05  6.3994871670e-05  1.4003185282e-04  4.2151027503e-05  1.0162101177e-04  2.5940753665e-03 -4.3759398403e-03 -2.8185161849e-03 -3.9410931343e-05  2.3996188338e-05 -6.2184596009e-05 -4.0714860565e-05 -5.1962596992e-05  2.5580378485e-05 -1.1638453379e-03  5.3501966521e-03  2.6347050593e-03  2.8471091559e-04 -3.1124300496e-03 -1.4543093383e-03 -3.5950771454e-05 -9.1785379497e-07  6.2985867539e-06 -7.1826570723e-06  1.4750600539e-05 -2.2124284341e-05 -6.8383952121e-06 -1.9412372801e-05 -9.5101662042e-06  7.4681487238e-06  8.4686455696e-06  1.3132603863e-05  1.5863511114e-05  7.3827069765e-06  1.1488322058e-05

JOB 14
COORDS  1.3652863863e+00 -1.0671605636e-02  1.7160533081e+00  1.6019574710e+00 -5.7531155046e-01  2.9631520067e+00 -5.9860128112e-01 -1.4205400217e+00  1.5435407118e+00  2.5262125740e-01 -4.6028359454e-01  1.0015297090e+00  7.0289621512e-01 -1.5579725592e+00  3.3936260131e+00 -3.5434732282e-01 -1.9839701833e+00  2.7335309408e+00 -7.5141038459e-02  1.4843775749e-01 -2.9024902829e-01  8.5841180494e-01  3.2780429134e-01 -1.0793802819e+00 -1.2639776192e+00  3.9192113882e-01 -5.1556417039e-01  9.1704990302e-01 -2.1254716474e+00  4.5913110207e+00  2.0187776259e+00  7.4778116172e-01  1.2973760118e+00  2.4376110454e+00 -2.7988372617e-01  3.5878531706e+00 -1.4827128793e+00 -1.7485306257e+00  1.0035385707e+00
ENERGY -5.521283455100e+02
GRADIENT -2.4986049271e-03  2.9820293208e-03  2.0461169415e-03  3.1305815182e-05  8.3072274056e-06  1.8608888142e-05  1.3901991196e-04 -9.9224886493e-06  1.3540050640e-04  3.3953086585e-03 -6.0635835352e-03 -3.7987630210e-03 -1.1122114107e-04  3.9141485593e-05 -1.4246220490e-04 -2.4604215656e-05 -6.7923702628e-05  6.7144476989e-05 -1.3377986162e-04  7.5464326021e-03  3.5919676140e-03 -7.6293415162e-04 -4.4207109825e-03 -1.8950957917e-03 -2.5196044476e-05 -2.0128186080e-05 -1.4905655794e-05 -1.4816530445e-05  2.4373379206e-06 -6.9172571005e-05 -7.5271353272e-06  8.3059114165e-06 -8.0623646435e-06  1.8852357400e-05  1.1475138872e-05 -1.5986346513e-05  7.1042813729e-06 -8.4505168218e-06  2.8259798761e-05

JOB 15
COORDS  1.3501449654e+00  2.2356564061e-03  1.7345025244e+00  1.5850576320e+00 -5.6462343979e-01  2.9818628323e+00 -5.7597240787e-01 -1.4534010720e+00  1.5300683416e+00  2.5918154404e-01 -4.7161706302e-01  1.0046751530e+00  7.0513077613e-01 -1.5705974313e+00  3.3961167328e+00 -3.3310982524e-01 -2.0169908175e+00  2.7203988738e+00 -7.4961081237e-02  1.3882975529e-01 -2.8749464613e-01  7.8729038968e-01  9.4190817781e-02 -1.1700644553e+00 -1.2111975211e+00  6.0297585508e-01 -4.1109012055e-01  9.1797588869e-01 -2.1399713882e+00  4.5940206239e+00  1.9917310826e+00  7.7985915707e-01  1.3319031071e+00  2.4056268519e+00 -2.5223906460e-01  3.6181782195e+00 -1.4472754461e+00 -1.7993767353e+00  9.7954857486e-01
ENERGY -5.521255782034e+02
GRADIENT -2.6107910536e-03  3.0763862925e-03  2.0450339606e-03  1.6307183990e-06  3.8286085267e-06  2.5605468532e-06  8.4868555558e-05 -2.2492629393e-05  4.4641669930e-05  3.1824242280e-03 -6.1469284452e-03 -3.5839295359e-03 -1.5193629472e-04  4.6696322658e-05 -1.7477406023e-04 -5.5111204736e-06 -6.2879227133e-05  8.2838551483e-05  1.4421855332e-03  7.5569648908e-03  3.2845542063e-03 -1.9138694347e-03 -4.3984185603e-03 -1.6593604746e-03  7.4020386751e-06 -6.1022758823e-05 -4.3729710032e-05 -3.3469129516e-05  6.3347357925e-06 -7.6046651578e-05  5.3743908904e-06  1.4730089263e-05 -1.6458976999e-06  1.2234494287e-05  1.7897654306e-05 -1.6197687711e-05 -1.5306261428e-06 -1.3817163897e-05  2.4212114716e-05

JOB 16
COORDS  1.3194252351e+00  2.2719193183e-02  1.7491774282e+00  1.5584570155e+00 -5.5236976426e-01  2.9927141941e+00 -5.5482215569e-01 -1.4905110221e+00  1.5039404336e+00  2.5091679416e-01 -4.7365534169e-01  1.0030706248e+00  7.0264687750e-01 -1.5860300106e+00  3.3874968628e+00 -3.1337834952e-01 -2.0548269994e+00  2.6947526227e+00 -7.5540911059e-02  1.2727940891e-01 -2.9983360911e-01  6.6815362307e-01 -1.4520439606e-01 -1.2454063112e+00 -1.0904718953e+00  8.2485490275e-01 -3.5536544878e-01  9.1853892772e-01 -2.1621242826e+00  4.5824837345e+00  1.9430246895e+00  8.2486914291e-01  1.3663461320e+00  2.3654484426e+00 -2.2556548516e-01  3.6391001106e+00 -1.4048809599e+00 -1.8639448650e+00  9.3769386510e-01
ENERGY -5.521232144008e+02
GRADIENT -1.9482788796e-03  1.9173681563e-03  1.3867415377e-03  1.5433976405e-04  3.0394188568e-05  1.2786835893e-04  3.3941277270e-04  3.1337565122e-05  2.9864824662e-04  1.8352254470e-03 -3.9372066550e-03 -2.4393782790e-03 -2.4507888319e-04  8.8726993489e-05 -3.4802024884e-04 -7.5775080655e-05 -1.6971473790e-04  1.4301231554e-04  2.0745435414e-03  4.8860107789e-03  1.7927286718e-03 -2.0530790925e-03 -2.7316936875e-03 -8.4265358211e-04 -7.8508403771e-05 -7.8449587424e-05 -5.2285991452e-05 -4.5153917559e-05  1.0965519034e-05 -1.4270676884e-04 -1.0711358422e-05 -5.5545288246e-06 -1.5838623398e-06  3.6849730144e-05  1.8590877704e-05 -5.5237814774e-06  9.2668943230e-06  4.3301640891e-06  5.8961790397e-05

JOB 17
COORDS  1.2910947601e+00  5.8845477253e-02  1.7666721045e+00  1.5464936306e+00 -5.2915896036e-01  3.0009987405e+00 -5.2947959928e-01 -1.5136689718e+00  1.4901813924e+00  2.3476335402e-01 -4.5437139097e-01  1.0150256117e+00  7.1788248130e-01 -1.5891493503e+00  3.3835523986e+00 -2.8082652379e-01 -2.0782429758e+00  2.6801311129e+00 -8.0082816083e-02  1.3156132927e-01 -2.9975432252e-01  4.8699597324e-01 -3.5530931369e-01 -1.2799227806e+00 -8.8753158974e-01  1.0627354691e+00 -3.1851406522e-01  9.4656398818e-01 -2.1724307667e+00  4.5731889310e+00  1.8901272782e+00  8.8662956521e-01  1.3992238091e+00  2.3479592698e+00 -1.9301303500e-01  3.6494334452e+00 -1.3550210404e+00 -1.9182469026e+00  9.0892807855e-01
ENERGY -5.521222538300e+02
GRADIENT  8.9644998522e-05  1.6341411327e-04 -1.3812501371e-05 -1.7503025972e-04 -3.1107530592e-05 -1.4680149040e-04 -1.8442508848e-04  7.3263042334e-06 -1.6326182819e-04  7.3721606953e-05 -9.4668554180e-05  6.6863750317e-05  1.6916241276e-04 -1.1032041759e-04  2.5876497105e-04  4.5481515307e-05  1.2403480927e-04 -8.2958406790e-05  7.5629317220e-06 -7.2985350440e-05  7.7854909570e-05  9.5043062360e-06  5.8670217323e-06 -2.6168794694e-05 -4.8509891137e-06  4.6876489275e-05  5.7237155085e-06  3.7953547337e-05 -1.4788133193e-05  1.1858966139e-04  8.5421726405e-06  1.5773947430e-05 -7.2855762440e-06 -1.3856868713e-05 -1.7685865329e-05 -9.7877202471e-06 -4.9011053795e-06  4.4376262342e-08 -2.6475940981e-05

JOB 18
COORDS  1.2512512775e+00  7.1628774291e-02  1.7973432351e+00  1.5230554393e+00 -5.3329898720e-01  3.0195105161e+00 -5.1298894639e-01 -1.5588434364e+00  1.4818248938e+00  2.0684495447e-01 -4.5522691671e-01  1.0376194746e+00  7.2116589229e-01 -1.6204773483e+00  3.3830336728e+00 -2.5929960343e-01 -2.1293071064e+00  2.6675923485e+00 -8.5685043645e-02  1.1563472614e-01 -2.8665023310e-01  2.6263292110e-01 -5.4285864908e-01 -1.2689202171e+00 -6.2255114421e-01  1.2257342303e+00 -3.1239891698e-01  9.6265511244e-01 -2.2158112155e+00  4.5636742227e+00  1.8226206763e+00  9.2560108584e-01  1.4463434754e+00  2.3182710060e+00 -1.9113548854e-01  3.6724601854e+00 -1.3112489742e+00 -1.9887775975e+00  8.8117543841e-01
ENERGY -5.521232111407e+02
GRADIENT  2.3223693760e-03 -1.6338162285e-03 -1.5002211716e-03 -2.7428225731e-04 -1.0931216316e-04 -1.9813347247e-04 -2.3536954127e-04 -2.2814007146e-04 -2.3773605391e-04 -1.7283926508e-03  3.4788377861e-03  2.3986330225e-03  7.8844266876e-05 -2.4812574021e-06  1.4139911733e-04  4.7871389376e-05  8.9662109309e-05 -9.3595719923e-05 -3.2438007944e-03 -3.2052365125e-03 -5.6129068631e-04  3.0489327037e-03  1.5959730553e-03  3.2539224984e-05 -3.2883333298e-06 -4.9833291032e-06 -5.2261791887e-06 -9.2818090930e-06 -9.4526012193e-06  1.3950056941e-05  2.9688229413e-05  6.2995439326e-05 -1.2081728132e-05 -2.0061375784e-05  2.3171915973e-05 -4.5153427899e-05 -4.4893153748e-05 -1.4293147259e-05 -3.4932097392e-06

JOB 19
COORDS  1.2180259682e+00  9.2029722414e-02  1.8194507473e+00  1.5045930517e+00 -5.2241561022e-01  3.0329654128e+00 -4.9173906078e-01 -1.5884729721e+00  1.4697441427e+00  1.9191309298e-01 -4.5270302818e-01  1.0460973187e+00  7.3019785887e-01 -1.6356953729e+00  3.3777836761e+00 -2.3253928129e-01 -2.1639253524e+00  2.6511110250e+00 -9.3809408166e-02  1.1118231024e-01 -2.7863859915e-01  1.1595702140e-02 -6.4767999778e-01 -1.2455998524e+00 -3.6504785856e-01  1.3143473479e+00 -3.3055491105e-01  9.8286455140e-01 -2.2398294853e+00  4.5506477371e+00  1.7620969989e+00  9.6832028560e-01  1.4813059723e+00  2.2897346230e+00 -1.7002205651e-01  3.6926794724e+00 -1.2673783647e+00 -2.0365596348e+00  8.5352808862e-01
ENERGY -5.521255845950e+02
GRADIENT  2.9667721810e-03 -2.9394271873e-03 -1.9127355185e-03  8.4635383698e-05  2.6509012452e-05  1.0088990938e-04 -2.1939249945e-05 -4.3612648571e-05  1.4053265008e-05 -2.4946220577e-03  4.8043507461e-03  2.6795167079e-03 -3.3900843961e-05  7.7488564476e-05 -1.5380444971e-04 -2.5562248011e-05 -3.9430001433e-05  1.3073877391e-05 -5.3299284961e-03 -3.1947288564e-03 -2.0430269325e-04  4.8667293247e-03  1.3381469474e-03 -5.0444508257e-04  9.0324644654e-06 -4.6341190575e-06 -7.2365448014e-07 -2.8113108853e-05  2.3399183357e-05 -8.1135248664e-05  6.4852682367e-06  7.2205688854e-06  1.2838636916e-05  1.7397977248e-05  1.4910162878e-05 -2.3775552482e-06 -3.2481285961e-06  2.2913753293e-06  1.8308937147e-06

JOB 20
COORDS  1.1955860641e+00  1.0748144210e-01  1.8338495318e+00  1.4860575690e+00 -5.1090527491e-01  3.0436615405e+00 -4.6761201335e-01 -1.6130529262e+00  1.4506711061e+00  1.9257731066e-01 -4.5651614006e-01  1.0424199778e+00  7.3587891264e-01 -1.6463899078e+00  3.3706747758e+00 -2.0662520314e-01 -2.1922239815e+00  2.6295576935e+00 -9.9586195346e-02  1.1698141811e-01 -2.7406435612e-01 -2.4350111406e-01 -6.7039628578e-01 -1.2138242023e+00 -1.3188083047e-01  1.3490830871e+00 -3.5587571300e-01  9.9159110877e-01 -2.2543048364e+00  4.5400689173e+00  1.7176212172e+00  1.0007835324e+00  1.5069867945e+00  2.2554986226e+00 -1.4569230783e-01  3.7148153908e+00 -1.2261307056e+00 -2.0718664406e+00  8.2200504648e-01
ENERGY -5.521283468865e+02
GRADIENT  2.8856671617e-03 -2.7402551954e-03 -1.8373974521e-03  4.0044402553e-05  1.3963877655e-05  3.4804320180e-05  5.1353501803e-05 -8.1460192830e-06 -2.6554338434e-05 -2.5171471326e-03  4.0604775007e-03  2.2972513856e-03 -9.6204717288e-06  6.8121013822e-05  7.2770366419e-05 -3.3786774068e-05  1.1087107616e-05 -2.5391716616e-05 -5.1378171740e-03 -1.5963344446e-03  3.3583408407e-04  4.7291361859e-03  1.8620821914e-04 -9.3015170424e-04  2.5325375389e-05  1.6700856119e-05  4.3564252346e-05  1.4898958951e-05  6.7526846328e-06  2.6163891163e-06 -2.2278398377e-06 -4.8748228848e-06 -8.9053342821e-06  1.1927547666e-05 -1.8268798235e-06 -1.0720202524e-06 -7.9175078996e-07  1.6473629448e-05  1.9082406420e-06

JOB 21
COORDS  1.1788462852e+00  1.1269156009e-01  1.8492477252e+00  1.4657466074e+00 -5.0197697411e-01  3.0610729191e+00 -4.4540724900e-01 -1.6415183202e+00  1.4412980744e+00  2.0130278850e-01 -4.7350895546e-01  1.0403565632e+00  7.3825832527e-01 -1.6565546783e+00  3.3735657597e+00 -1.8390896276e-01 -2.2204200032e+00  2.6201751260e+00 -9.8188617722e-02  1.0571866885e-01 -2.7157325539e-01 -4.8665426778e-01 -6.6321159144e-01 -1.1562220952e+00  9.2265888817e-02  1.3185479919e+00 -4.1089848969e-01  9.9372575058e-01 -2.2632580932e+00  4.5429435549e+00  1.6843294221e+00  1.0174250589e+00  1.5293027178e+00  2.2155044093e+00 -1.2039046101e-01  3.7452841060e+00 -1.1908560155e+00 -2.1090504119e+00  8.0450277650e-01
ENERGY -5.521306218289e+02
GRADIENT  2.2583102958e-03 -1.6189741525e-03 -1.3967428821e-03 -3.5650161943e-05 -3.6035755803e-05 -3.0950609748e-05 -1.3413837426e-04 -1.3130630530e-04 -1.7368673907e-04 -1.8727329869e-03  2.4368660900e-03  1.8531910856e-03  3.0505565785e-06  4.1560892253e-05 -2.2030741439e-05  1.1062399727e-05  4.0016361278e-05 -1.9932866485e-05 -3.5306409829e-03 -1.4778097162e-04  7.4979708569e-04  3.2700397299e-03 -5.3595998289e-04 -9.7672599946e-04  3.0718742077e-05 -1.4823399306e-05  7.4493125910e-05 -8.5156272643e-06  2.7863998456e-06 -4.2449900151e-05  2.1776046580e-05  3.5574396344e-05  6.0141664962e-06  3.1310741995e-06  1.5658152649e-05 -1.3567707433e-05 -1.8544628220e-05  7.7726737741e-07 -2.9292301695e-06

JOB 22
COORDS  1.1662395164e+00  1.2990315314e-01  1.8575001664e+00  1.4482205721e+00 -4.8025417359e-01  3.0721835670e+00 -4.1296360822e-01 -1.6581760395e+00  1.4215849823e+00  2.1690563055e-01 -4.7727912462e-01  1.0291354972e+00  7.4745424676e-01 -1.6556807213e+00  3.3682490866e+00 -1.4916968336e-01 -2.2391710198e+00  2.5991657725e+00 -9.6926832207e-02  1.1563955753e-01 -2.7440399250e-01 -7.1237511401e-01 -5.8256754611e-01 -1.0857418149e+00  2.8979913788e-01  1.2709192044e+00 -4.8034676898e-01  1.0004208186e+00 -2.2603498528e+00  4.5388186097e+00  1.6547063477e+00  1.0466102341e+00  1.5467335647e+00  2.1739436309e+00 -7.9698628289e-02  3.7713120895e+00 -1.1436078173e+00 -2.1362045582e+00  7.7634676061e-01
ENERGY -5.521320137842e+02
GRADIENT  1.1798737758e-03 -7.2578281101e-04 -6.7416319052e-04 -5.6598663911e-05 -1.2629693932e-05 -4.0836401126e-05 -7.9033288107e-05 -3.3698134021e-05 -3.8861954882e-05 -1.0247253037e-03  9.6685140043e-04  8.1017054600e-04  3.5792528766e-05 -3.2878815629e-06 -1.3365556974e-05  2.1313799795e-05  1.6007747205e-05 -1.8283299101e-05 -1.4929891217e-03  3.6013265550e-04  5.9931610269e-04  1.4882942992e-03 -5.4175392342e-04 -6.4297126278e-04 -3.2046934165e-05 -2.4759658399e-05 -4.6140003389e-05 -1.3352256647e-05  1.4549824597e-05 -1.5045571140e-06  1.9488200560e-06  1.3752007482e-05 -4.1385913503e-06 -9.0209186384e-06  2.0320498528e-05 -1.2456355510e-05  6.5534368245e-06 -2.0861258189e-05 -1.1548514478e-05

JOB 23
COORDS  1.1486586160e+00  1.3678325849e-01  1.8704538003e+00  1.4238800494e+00 -4.7154040114e-01  3.0874720567e+00 -3.8678152308e-01 -1.6811243558e+00  1.4030725663e+00  2.2698440978e-01 -4.8738692921e-01  1.0230921954e+00  7.4956690126e-01 -1.6670200636e+00  3.3641483247e+00 -1.2054467906e-01 -2.2672474316e+00  2.5776779159e+00 -9.6750875563e-02  1.1734160773e-01 -2.7346722750e-01 -9.1545472541e-01 -4.6787669181e-01 -9.8884372762e-01  4.7179172847e-01  1.1746650091e+00 -5.6564528587e-01  9.9966611166e-01 -2.2732913367e+00  4.5343667600e+00  1.6228493102e+00  1.0643875439e+00  1.5706417181e+00  2.1248119806e+00 -5.5116329891e-02  3.8024722591e+00 -1.1023980791e+00 -2.1678036166e+00  7.4792814063e-01
ENERGY -5.521324521199e+02
GRADIENT  6.9740471481e-07  2.2901578244e-05 -8.2326574663e-06  5.2234951909e-05  1.8036986932e-05  3.7208895905e-05 -1.0377886960e-04 -6.2576711697e-05 -1.0796015594e-04  5.6131530901e-05 -4.1757942505e-05  9.8844613875e-05 -6.1764179371e-06  6.2450808697e-05 -1.4697864136e-06  1.6843118566e-05  2.3317807329e-05 -5.9953374030e-06 -7.7146470447e-06 -1.0536583139e-05 -7.7262305895e-07 -1.1944276067e-06 -1.0459379055e-05  1.7588567545e-05  1.0659767426e-05 -9.1496897075e-06  3.7811742942e-05  1.3954832775e-05  1.0867851803e-05 -2.2770842271e-05  1.1096800400e-05  7.4409400102e-06  1.1070406562e-05  6.8861838840e-06  9.3770304489e-06  4.2289942223e-06 -5.1529946819e-06 -1.2656246628e-06 -4.6698904890e-06

