JOB 0
COORDS  1.5271035269e+00 -2.0735988603e-01  1.7524427572e+00  1.7877216225e+00 -8.3288678830e-01  2.9603752827e+00 -6.4468418920e-01 -1.2068231271e+00  1.7814776196e+00  2.8393511058e-01 -4.0503785441e-01  1.1158012170e+00  7.6890456345e-01 -1.6198501096e+00  3.5344015098e+00  3.7725927931e-03 -2.9995870761e+00  5.3125136114e+00 -4.1869299173e-01 -1.7944755720e+00  2.9717011628e+00 -1.8946981398e-02  2.8195379251e-01 -9.0435359739e-02  1.0488915426e+00 -2.2109315315e+00  4.7283297947e+00  2.2691149025e+00  4.4088513520e-01  1.2929137055e+00  2.7327990414e+00 -7.1248510874e-01  3.4801923957e+00 -1.6284179562e+00 -1.3808416236e+00  1.3434559459e+00  4.1753242190e-01 -3.3759941371e+00  6.2492446707e+00 -2.7373811850e-01 -3.8301373310e+00  4.6568443109e+00 -8.8503564704e-01 -2.3914748068e+00  5.5047245569e+00 -1.0083817574e+00  2.4953982798e-01 -3.1525260449e-01  5.2997194556e-01 -3.1486412507e-02 -8.8544727266e-01
ENERGY -4.182464801910e+02
GRADIENT -9.0399464481e-04  1.8469379670e-03  1.2222418038e-03 -3.8917212309e-05 -5.1693410338e-06  1.0032720867e-05 -7.8008866919e-06 -5.0833311202e-05  1.6673789587e-05  1.2885724315e-03 -1.9504933868e-03 -1.4610360444e-03  9.9175460692e-06  2.4860514659e-05 -2.6691086291e-05  9.7644312206e-07  1.6996464704e-06 -8.2736526523e-06 -2.1857622485e-05 -3.0356612744e-06 -1.5839249105e-05  1.2404546164e-04 -2.5425503678e-03 -1.3949278553e-03 -1.3905372677e-05  3.0695517024e-06 -9.2655098026e-06 -3.0079695502e-07  1.1881887097e-05 -5.2575499416e-06  3.4882771950e-06 -1.9414469013e-06 -1.2809088789e-05 -4.6451845580e-06  7.0136697921e-06  2.3864774992e-06 -2.4825036754e-06  8.5461928112e-07 -2.9094379029e-06 -1.8612729005e-06  2.3737395134e-07 -3.4226428310e-06 -1.5261087666e-06  1.9555656099e-06 -3.9870732464e-06 -4.4765226642e-04  2.6689748841e-03  1.6225081913e-03 -7.5645912945e-06  1.4634801726e-05  9.9990283386e-06

JOB 1
COORDS  1.5346595289e+00 -1.9442659906e-01  1.7579286875e+00  1.7874939282e+00 -8.1339845883e-01  2.9715761182e+00 -6.2453815093e-01 -1.2190092585e+00  1.7598347407e+00  3.0434513938e-01 -4.0922874046e-01  1.1052017064e+00  7.7033907763e-01 -1.6129238071e+00  3.5307202530e+00 -2.8249955392e-03 -3.0004644886e+00  5.2999507589e+00 -4.0907924795e-01 -1.8040167604e+00  2.9531621239e+00  2.2342038152e-02  2.7110832048e-01 -1.2087714510e-01  1.0399493562e+00 -2.1988318835e+00  4.7277167325e+00  2.2707386980e+00  4.6223353770e-01  1.3017765683e+00  2.7224144454e+00 -6.7968180752e-01  3.5062905851e+00 -1.6005703870e+00 -1.4025812360e+00  1.3089109644e+00  4.0441002294e-01 -3.3703275933e+00  6.2420394231e+00 -2.6109262974e-01 -3.8349086025e+00  4.6416369493e+00 -9.0123028890e-01 -2.4031644749e+00  5.4801963828e+00 -9.7261161473e-01  4.4087051933e-01 -2.3568741877e-01  3.7651435155e-01 -2.2200231416e-01 -9.3638278145e-01
ENERGY -4.182449106343e+02
GRADIENT -1.0347142063e-03  1.9823604823e-03  1.2978369406e-03 -2.8508677300e-05 -7.0794476860e-06  7.0568006434e-06  3.5664157476e-05 -2.5409734026e-05  4.9332739421e-05  1.6421318622e-03 -2.1181607687e-03 -1.5880717088e-03  1.0295808509e-06  1.0967266446e-05 -2.9170464934e-05 -3.1406265592e-06  3.8783293317e-06 -5.7401637322e-06 -2.9285592992e-05 -1.1971173946e-05  1.5105857478e-06 -9.1168607498e-04 -2.7961737950e-03 -1.3105307483e-03 -1.4845312268e-05  5.5649934082e-06 -1.7707634905e-05  5.3881321842e-08  6.1710501720e-06 -4.5347305833e-06  2.2413413761e-06  1.0706096279e-06 -9.6969742544e-06  1.1028021633e-06  7.8308128083e-07  3.0021076934e-06 -2.1311935435e-06  1.2910191290e-06 -3.3525096260e-06 -1.6416372012e-07  1.1462359464e-06 -4.6189822734e-06 -1.7409070531e-06  1.5496440415e-06 -4.1283926389e-06  3.3499067102e-04  2.9596267806e-03  1.5584219953e-03 -9.5525900073e-06  8.3416524667e-06  6.8895297267e-07

JOB 2
COORDS  1.5356751095e+00 -1.8068596791e-01  1.7601811823e+00  1.7799774081e+00 -7.8766354943e-01  2.9826311391e+00 -6.0991956222e-01 -1.2318144105e+00  1.7386356244e+00  3.1571414209e-01 -4.0863467577e-01  1.0966609272e+00  7.6771721198e-01 -1.6021700255e+00  3.5275509273e+00 -7.9301988961e-03 -3.0023477238e+00  5.2866657968e+00 -4.0055271950e-01 -1.8170549620e+00  2.9324197296e+00  5.9896062934e-02  2.4946065780e-01 -1.5815611426e-01  1.0277138738e+00 -2.1805425580e+00  4.7288998771e+00  2.2701448344e+00  4.7533678044e-01  1.3011928014e+00  2.7065543705e+00 -6.4236122388e-01  3.5286883456e+00 -1.5766255193e+00 -1.4301547868e+00  1.2741761565e+00  3.9275442855e-01 -3.3629050604e+00  6.2350771313e+00 -2.3941629096e-01 -3.8422126369e+00  4.6254983208e+00 -9.2028219551e-01 -2.4225565524e+00  5.4526932443e+00 -8.8087201890e-01  6.3542878292e-01 -1.8042071794e-01  1.5664445666e-01 -3.9110951360e-01 -9.4312566062e-01
ENERGY -4.182435832655e+02
GRADIENT -6.7014332298e-04  1.2377643115e-03  7.8667997246e-04 -8.1672818154e-06  5.6930110621e-06 -1.2073807596e-05 -2.3971505208e-05  2.7591921691e-05 -1.8498076094e-05  1.1547680541e-03 -1.4086677708e-03 -9.5711522363e-04  3.5594354321e-05 -2.4015091360e-05  1.0224605470e-05 -2.3965510354e-06 -1.2912889344e-06  1.7620580127e-05  9.1445833683e-06  1.9652614316e-05 -2.5085098353e-05 -1.1829217127e-03 -1.5900623493e-03 -6.1863880705e-04  1.5317717698e-06  4.7979566023e-06  4.8504509184e-06  2.1079966587e-06  8.9699515074e-07 -3.5651756778e-06 -3.6183277790e-06  2.6683680871e-06 -1.6220927251e-06 -3.9886880373e-06  4.7528042721e-09 -9.2559529024e-06 -4.5669776355e-06 -1.4926285713e-06 -7.9369577034e-07 -1.3921150490e-06  2.8004064669e-06 -7.5128697527e-07 -2.6318527969e-06 -5.7913012347e-06 -1.8661046167e-06  6.9830511629e-04  1.7674428429e-03  7.7566517233e-04 -1.1095416909e-05 -5.6137551109e-06 -9.6972594430e-06

JOB 3
COORDS  1.5367350193e+00 -1.7290175307e-01  1.7559893279e+00  1.7697555553e+00 -7.6241865263e-01  2.9896046071e+00 -5.9475909626e-01 -1.2511020443e+00  1.7137675333e+00  3.2467586042e-01 -4.1199913551e-01  1.0839152441e+00  7.6350358190e-01 -1.5911090673e+00  3.5234350203e+00 -1.1855543922e-02 -3.0018455612e+00  5.2745260266e+00 -3.8971226936e-01 -1.8345444153e+00  2.9089250963e+00  9.6410244328e-02  2.0757713435e-01 -2.0069789156e-01  1.0139828049e+00 -2.1575481769e+00  4.7320270644e+00  2.2752713636e+00  4.7499697473e-01  1.2922432489e+00  2.6894703620e+00 -6.0652203421e-01  3.5442405719e+00 -1.5500266385e+00 -1.4699209778e+00  1.2349985585e+00  3.8029752260e-01 -3.3492416362e+00  6.2313520692e+00 -2.1123228160e-01 -3.8492933955e+00  4.6126197984e+00 -9.4049594198e-01 -2.4433598708e+00  5.4219276185e+00 -7.2614458001e-01  8.0715415436e-01 -1.6563896809e-01 -8.5491296070e-02 -5.0069146559e-01 -9.0956242419e-01
ENERGY -4.182431254687e+02
GRADIENT  1.8821142140e-05 -8.4297420064e-05 -4.2222183166e-05 -3.8271450309e-05  1.2053173271e-05 -3.8504912287e-05 -2.6057346285e-05  7.1447074732e-05 -5.8440773581e-05 -7.6176256137e-05  3.4196953034e-05  4.8740174749e-05  4.4851818925e-05 -5.0173553481e-05  8.3079760316e-05  7.9970685033e-07  2.3999679609e-06  2.0847110360e-05  3.9888517571e-05  4.3433413493e-05 -4.3221674191e-05  1.1358364886e-04  1.3509822619e-04 -1.4935257815e-05  1.5648060393e-05 -1.3561427090e-05  4.1640085761e-05 -4.4584676005e-06  1.2498432581e-06 -6.7891718529e-07 -1.0370789120e-05 -5.5823982407e-06  2.8964478204e-07  2.7496275076e-06  4.3759191842e-06 -1.4405874461e-05 -2.4130899067e-06 -3.3524996507e-07 -7.0484744496e-07 -1.4262294345e-06  3.5465725205e-07 -5.8655530821e-07 -8.3000023325e-07 -7.5563568574e-06 -3.8955464371e-06 -8.1380661556e-05 -9.8591907369e-05 -2.6491611949e-05  1.0154185709e-05 -8.2360437401e-06 -7.1373907319e-06

JOB 4
COORDS  1.5316630747e+00 -1.6112394525e-01  1.7451317430e+00  1.7548760136e+00 -7.3420468657e-01  2.9877897999e+00 -5.8486693659e-01 -1.2681327329e+00  1.6854603369e+00  3.2573805095e-01 -4.1257523993e-01  1.0652504040e+00  7.5611953071e-01 -1.5775480336e+00  3.5134003268e+00 -1.4298801757e-02 -2.9976168549e+00  5.2585876652e+00 -3.8122500054e-01 -1.8485667485e+00  2.8825152905e+00  1.1782080396e-01  1.6472815922e-01 -2.3979869543e-01  1.0003379654e+00 -2.1320461583e+00  4.7292484036e+00  2.2752701835e+00  4.7987761124e-01  1.2796759037e+00  2.6685134552e+00 -5.6670270852e-01  3.5490517222e+00 -1.5290494378e+00 -1.5082890568e+00  1.1948791418e+00  3.7034070279e-01 -3.3328894742e+00  6.2227785710e+00 -1.8393846967e-01 -3.8515617075e+00  4.5966767061e+00 -9.5773233227e-01 -2.4600754927e+00  5.3893957163e+00 -5.3211778476e-01  9.4805200745e-01 -1.8419325782e-01 -3.1678459308e-01 -5.2045413100e-01 -8.5562639714e-01
ENERGY -4.182436757020e+02
GRADIENT  6.3486358465e-04 -1.2910155460e-03 -7.3904837393e-04 -2.8066266478e-05 -4.1249895356e-06  4.2261010875e-06 -2.8658784339e-05 -3.2359130278e-06  1.0067493724e-05 -1.3647066918e-03  1.6432593028e-03  9.1428537150e-04  4.0596721560e-05 -1.0903774748e-05  1.2306831372e-05  1.0756807304e-07  2.5220556007e-06 -3.7400820320e-06 -2.0846343748e-06  7.0958687496e-06 -5.5259494153e-05  2.3167708301e-03  9.7824850731e-04  9.6812791399e-05 -3.7709140505e-06  6.8134412855e-07  3.2781195947e-06 -3.9248935838e-06  1.6990201448e-06 -1.9022481495e-06 -1.3315845787e-06  1.2576022486e-07 -6.8416483196e-06  5.5650812801e-06  1.3167664873e-05 -8.1409414395e-06 -1.5708040422e-06  3.9631162923e-06 -3.0301646120e-06  1.7142311585e-07  3.8182528589e-06 -3.7123938301e-06 -3.3192205701e-06  1.0638970032e-06 -3.1225287298e-06 -1.5817152666e-03 -1.2992629221e-03 -3.0357102852e-04  8.9652892324e-06 -1.5696489546e-05  2.2749833403e-05

JOB 5
COORDS  1.5167472843e+00 -1.4697682679e-01  1.7186777879e+00  1.7335012475e+00 -7.0545354235e-01  2.9681348643e+00 -5.8390258559e-01 -1.2838976143e+00  1.6467469170e+00  3.1741253567e-01 -4.1590170476e-01  1.0306033125e+00  7.4390121479e-01 -1.5629005730e+00  3.4897063632e+00 -1.7151198081e-02 -2.9885776545e+00  5.2337059478e+00 -3.7945670797e-01 -1.8577318666e+00  2.8474442224e+00  1.1881095233e-01  1.2492900576e-01 -2.8449358282e-01  9.8585473484e-01 -2.1053601273e+00  4.7125266909e+00  2.2627264925e+00  4.9328765493e-01  1.2554330088e+00  2.6406228004e+00 -5.2245382209e-01  3.5351108028e+00 -1.5193888036e+00 -1.5432289366e+00  1.1490931073e+00  3.6264587124e-01 -3.3126781831e+00  6.2036704499e+00 -1.6248056458e-01 -3.8483533391e+00  4.5733982787e+00 -9.7269838389e-01 -2.4695642237e+00  5.3515964656e+00 -3.2438142634e-01  1.0416996197e+00 -2.3715702797e-01 -5.1724829736e-01 -4.7094620946e-01 -8.1134380742e-01
ENERGY -4.182449137656e+02
GRADIENT  9.6327162658e-04 -1.8744254345e-03 -9.3421316909e-04 -1.8654829852e-05  2.3888089204e-06 -1.7544758204e-05  2.4207464467e-06  3.5301002004e-05 -3.9983448715e-06 -2.1253613350e-03  2.4576153949e-03  1.3467637340e-03 -3.3383791498e-06 -2.5899433182e-05 -4.0202293845e-07 -3.2004157023e-06  5.0686471354e-06 -7.5540559305e-06  8.2665786662e-06 -9.1574739432e-06  7.7692684678e-06  3.8726768667e-03  7.2630613085e-04 -3.2809167723e-04 -7.4446700503e-06  9.8371326857e-06 -2.3432190924e-06 -3.9100097883e-06 -4.8142767818e-07 -6.5795781272e-06 -2.0254843883e-06 -1.2787521070e-06 -5.8888518055e-06  2.7694650240e-06  8.7637278089e-07  1.0003409116e-06  1.4814614207e-07  2.5998462818e-06 -4.8143975506e-06  1.5863169764e-06  3.0141026365e-06 -6.8633267732e-06 -1.7737723529e-06  2.3101001753e-06 -3.1758512729e-06 -2.6993497794e-03 -1.2960025420e-03 -1.0792091024e-04 -7.0996325469e-06 -1.1969576235e-05  1.5911680180e-05

JOB 6
COORDS  1.4980484234e+00 -1.4135804657e-01  1.7084140930e+00  1.7138158313e+00 -6.8878206439e-01  2.9622454895e+00 -5.8600971020e-01 -1.3092178077e+00  1.6308017715e+00  3.0601129020e-01 -4.3200304213e-01  1.0137586984e+00  7.3547886541e-01 -1.5597977119e+00  3.4832170339e+00 -1.2574600213e-02 -2.9882295619e+00  5.2298485968e+00 -3.7795053793e-01 -1.8740306769e+00  2.8354162673e+00  1.0624871370e-01  7.9359118910e-02 -3.0437234437e-01  9.7963132227e-01 -2.0921259662e+00  4.7114383220e+00  2.2417294530e+00  5.0551670256e-01  1.2498756819e+00  2.6143756053e+00 -4.8706735922e-01  3.5333236133e+00 -1.5158656172e+00 -1.5841832358e+00  1.1308827827e+00  3.6561191891e-01 -3.3026886654e+00  6.2036751066e+00 -1.4071601199e-01 -3.8530554577e+00  4.5723831955e+00 -9.7702486095e-01 -2.4838279781e+00  5.3395318121e+00 -1.1382305693e-01  1.0736823950e+00 -2.8917728082e-01 -6.7884809974e-01 -3.8954230829e-01 -7.5119279230e-01
ENERGY -4.182463207284e+02
GRADIENT  9.1591929433e-04 -1.8027962414e-03 -8.4488088797e-04  1.2426600122e-05  4.6875411939e-06  5.4776025756e-06  2.3744309298e-05  3.0568463651e-05  6.5559736548e-07 -2.1489857454e-03  2.5200452888e-03  1.3189393049e-03 -8.0772867226e-06 -1.9034427835e-05 -1.8520440221e-05 -6.2587932265e-06  1.1773493252e-05 -1.5256363051e-05 -6.0242509611e-06 -2.3576470328e-05  2.3926000129e-05  3.9797481383e-03 -1.0104809633e-04 -7.1920610647e-04 -7.7433186720e-06  1.0904309862e-05 -1.2261232314e-05 -4.4058884991e-06 -4.2833143686e-06 -4.5557719245e-06 -1.4085654541e-06  2.5716456012e-06 -2.4292350768e-06  3.8758905684e-06 -2.6267521166e-07  3.3778392824e-06  1.7549628219e-06  4.6439695894e-06 -6.7945210711e-06  3.8161640849e-06  2.8146834524e-06 -9.4856971450e-06 -2.3242482069e-06  3.9865442039e-06 -4.3468619912e-06 -2.7724446569e-03 -6.1615836914e-04  2.0003080577e-04 -8.8154001126e-06 -1.2767543792e-06  2.1721803565e-05

JOB 7
COORDS  1.4809549215e+00 -1.3941536901e-01  1.7128306149e+00  1.6994366952e+00 -6.8062026588e-01  2.9687815239e+00 -5.8622057665e-01 -1.3378398433e+00  1.6313247783e+00  2.9764744663e-01 -4.5294366084e-01  1.0118277527e+00  7.3263401515e-01 -1.5635408136e+00  3.4903654425e+00 -2.4324097064e-03 -2.9939728733e+00  5.2408004228e+00 -3.7423736642e-01 -1.8922263487e+00  2.8398506489e+00  8.9867198269e-02  3.7931333275e-02 -3.0461799362e-01  9.8072006690e-01 -2.0887499651e+00  4.7223808821e+00  2.2184289218e+00  5.2012938037e-01  1.2613958599e+00  2.5934121315e+00 -4.5989213585e-01  3.5431465302e+00 -1.5118099677e+00 -1.6258872889e+00  1.1308854497e+00  3.7628885865e-01 -3.3014306265e+00  6.2167334911e+00 -1.1955501753e-01 -3.8624987007e+00  4.5859729900e+00 -9.7304121121e-01 -2.5003710248e+00  5.3464824461e+00  9.3875041990e-02  1.0543148925e+00 -3.4132955804e-01 -7.9680852175e-01 -2.8484936968e-01 -6.8329462590e-01
ENERGY -4.182474676808e+02
GRADIENT  6.4118999374e-04 -1.2957149391e-03 -5.4282218436e-04  1.6145898463e-05  7.5266357237e-06 -8.7550477258e-06 -4.8041846285e-05 -2.1892232222e-05 -6.2416998099e-05 -1.5252137530e-03  1.9294441572e-03  9.0833764329e-04  3.0024955454e-05  3.0700008367e-06  5.0474716642e-05  6.5845974650e-06 -2.2299355942e-06  6.0197996599e-06  2.8010717536e-05  4.6210824757e-05 -4.5742194075e-05  2.7668402736e-03 -6.6545375868e-04 -6.3302201174e-04  1.9759772399e-05 -1.2619291127e-05  3.6408814340e-05 -1.2368560847e-06  4.8386671857e-07  8.3850377967e-07 -6.2339123662e-06 -2.7886605119e-06  2.8482404506e-06 -7.8988949820e-06  6.6079367258e-06 -2.0426418307e-05 -1.0544793713e-06 -3.5444329323e-07 -1.6183648084e-06 -4.8733057481e-06  2.0632481000e-07  9.2443212561e-07 -7.5243380629e-07 -1.7652584341e-06 -1.9345434743e-06 -1.9337625632e-03  2.7100816807e-05  2.8400200265e-04  4.1765626565e-06  2.5142266807e-06 -2.9336527939e-05

JOB 8
COORDS  1.4563445556e+00 -1.2958259359e-01  1.7048787726e+00  1.6817442708e+00 -6.6914421066e-01  2.9608059534e+00 -5.9264928343e-01 -1.3596056818e+00  1.6212633879e+00  2.8237027069e-01 -4.6610619786e-01  9.9896367682e-01  7.2641764593e-01 -1.5624330133e+00  3.4837418557e+00  3.9978687338e-03 -2.9947364863e+00  5.2376824167e+00 -3.7673126650e-01 -1.9030546807e+00  2.8332506581e+00  5.9611503294e-02  1.4177133381e-02 -3.1257705912e-01  9.7946116011e-01 -2.0825823013e+00  4.7180815889e+00  2.1835287726e+00  5.4704758246e-01  1.2611123110e+00  2.5698868959e+00 -4.3068619046e-01  3.5371039374e+00 -1.5137917937e+00 -1.6608290578e+00  1.1206728152e+00  3.8421129452e-01 -3.2966632974e+00  6.2148273161e+00 -1.0527548840e-01 -3.8661292782e+00  4.5851555068e+00 -9.7120403037e-01 -2.5095974428e+00  5.3413727024e+00  2.7510323641e-01  1.0014066754e+00 -4.1382837340e-01 -8.9148344124e-01 -1.5140701726e-01 -6.2783326731e-01
ENERGY -4.182481077422e+02
GRADIENT  2.6538365601e-04 -5.1465404815e-04 -2.1415328416e-04  1.9363413255e-05  2.5706760693e-06  1.6449677952e-05 -9.5065270687e-06 -2.7467986322e-05  1.3049902082e-05 -6.1434232658e-04  8.1886070207e-04  3.6027427064e-04 -1.1201399683e-05  2.0758862136e-05 -3.4755254674e-05  5.1235705624e-06  2.7533049798e-06 -5.8382711332e-06  6.6349186217e-07  1.0899232211e-05 -9.8396084566e-06  1.0713285296e-03 -4.8881256153e-04 -3.2949145678e-04  3.1803784487e-06 -4.6847387670e-06  1.0649886959e-05 -9.3001600408e-07  4.1193100389e-06 -5.5822020923e-07  1.9379109999e-06  1.2178739352e-06 -3.3145056857e-06 -3.3222664798e-06  1.3588846416e-06 -9.0173764280e-06 -3.0532557340e-06 -6.3850693374e-07 -1.8617424009e-06 -4.5990899558e-06 -9.8129184929e-07 -1.1613531399e-06 -1.8116513840e-06  4.3008853214e-07 -2.5284629563e-06 -7.3427124895e-04  1.8727872604e-04  1.6964998154e-04 -1.2068868284e-06  2.7907375519e-06 -1.8114265861e-05

JOB 9
COORDS  1.4338885539e+00 -1.2079868932e-01  1.6996630348e+00  1.6676540018e+00 -6.6099444036e-01  2.9546495082e+00 -5.9621537549e-01 -1.3819203244e+00  1.6121511557e+00  2.6988716518e-01 -4.7862385334e-01  9.8873371172e-01  7.2200790815e-01 -1.5621818765e+00  3.4788840109e+00  1.0029655726e-02 -2.9961014031e+00  5.2360401000e+00 -3.7830884897e-01 -1.9133306683e+00  2.8281640817e+00  2.8904732553e-02 -1.9856996501e-03 -3.1704432902e-01  9.7883828703e-01 -2.0780849636e+00  4.7149679590e+00  2.1490051540e+00  5.7392804365e-01  1.2634623596e+00  2.5505420210e+00 -4.0740816520e-01  3.5325282709e+00 -1.5109198073e+00 -1.6976555965e+00  1.1091966329e+00  3.9164345848e-01 -3.2926759010e+00  6.2143224178e+00 -9.2313292493e-02 -3.8701851342e+00  4.5859190616e+00 -9.6905791072e-01 -2.5183053308e+00  5.3378409063e+00  4.3466706203e-01  9.1048067858e-01 -4.9470344683e-01 -9.5343675385e-01 -1.9671149539e-03 -5.7039940675e-01
ENERGY -4.182481789735e+02
GRADIENT -1.7394602709e-04  2.3444766323e-04  1.4104883040e-04  2.6795517394e-05 -2.5848835542e-06  1.1354315068e-05 -7.6586771588e-05 -3.8085060151e-05 -5.6862411049e-05  3.5710655969e-04 -4.2281814463e-04 -2.1018621218e-04  3.8196665411e-05  2.3901885901e-05  1.4066815244e-05  5.0348853565e-06  1.4184095002e-07  3.5965361687e-06  1.3327375382e-05  3.7921397954e-05 -5.1412022734e-05 -5.9162584236e-04  3.8540492024e-04  2.6152217960e-04  1.0894603274e-05 -5.3452022713e-06  2.5092249827e-05  3.3874069460e-06  3.2344927330e-06  1.6446725549e-06 -3.1216629846e-06  3.2011943146e-06  3.6670976342e-07 -1.0672982558e-05  1.7057526855e-06 -2.1842500640e-05 -1.9561812875e-06 -9.8827999705e-07 -1.5938665095e-06 -6.0590969717e-06 -1.5349506926e-06  6.4195367979e-07 -2.9197150617e-07 -2.4648494998e-06 -1.9340847385e-06  3.8638750641e-04 -1.8539993127e-04 -1.5712380368e-04 -3.5806994023e-06 -8.3074298877e-06 -1.8836262294e-05

JOB 10
COORDS  1.4063020647e+00 -1.0565973440e-01  1.6805869871e+00  1.6481623173e+00 -6.4770159878e-01  2.9341832173e+00 -6.0364001984e-01 -1.3979743005e+00  1.5866758394e+00  2.5270494674e-01 -4.8350033581e-01  9.6430256215e-01  7.1034108462e-01 -1.5558064843e+00  3.4584603611e+00  6.6244969827e-03 -2.9920419646e+00  5.2171443006e+00 -3.8670470775e-01 -1.9181305101e+00  2.8069197419e+00 -1.0476990211e-02 -3.6588832393e-03 -3.3569312447e-01  9.6931547175e-01 -2.0677622602e+00  4.6956481777e+00  2.1084972473e+00  6.0665951439e-01  1.2513102331e+00  2.5261232542e+00 -3.8202672486e-01  3.5141321257e+00 -1.5094287241e+00 -1.7292588566e+00  1.0784399238e+00  3.8847875777e-01 -3.2827348825e+00  6.1970967539e+00 -8.7255222932e-02 -3.8687405021e+00  4.5693147679e+00 -9.7646358408e-01 -2.5217960363e+00  5.3154475169e+00  5.5569104845e-01  7.9566697584e-01 -5.9630248331e-01 -9.9129391767e-01  1.7470280699e-01 -5.2005534850e-01
ENERGY -4.182477079029e+02
GRADIENT -6.0142653516e-04  9.7279076463e-04  4.7471401491e-04  5.1174880644e-06 -2.5959780466e-06 -6.4013673939e-06  4.1693649300e-05  1.7451704384e-05  2.9947791629e-05  1.2395897648e-03 -1.7563056791e-03 -9.0613687188e-04 -2.5919525188e-05 -7.1322789147e-06 -3.0362981316e-05 -1.0855019680e-05  1.0845377140e-06 -4.7995254469e-06 -1.6230703491e-05 -2.9016088542e-05  3.2367885669e-05 -1.7485598147e-03  1.7817401324e-03  9.8045153528e-04 -8.3219349470e-06  1.0028280967e-05 -3.1531316180e-05  3.0963043792e-06  1.2876709563e-06 -3.6251719394e-06 -2.2780749413e-06  8.3766913729e-06 -9.6117796093e-07  1.9709744457e-06 -3.5912115075e-06  6.9150254138e-06 -2.2962693349e-06  2.1405465633e-06 -4.5234086284e-06  6.5789470017e-07  2.2090469688e-06 -5.7628861815e-06 -2.2188066801e-06  2.6341074043e-06 -4.8400285025e-06  1.1092737845e-03 -9.7927131657e-04 -5.8378088285e-04  4.5296215444e-06 -4.5528919628e-06  2.0317798666e-06

JOB 11
COORDS  1.3870445676e+00 -9.9408741130e-02  1.6915358286e+00  1.6385039216e+00 -6.4143157631e-01  2.9439494699e+00 -6.0117197007e-01 -1.4241779601e+00  1.5924161186e+00  2.4279539832e-01 -4.9710334919e-01  9.7196987120e-01  7.0897516237e-01 -1.5575430368e+00  3.4683300307e+00  1.8364913157e-02 -2.9987276239e+00  5.2285286547e+00 -3.8412928796e-01 -1.9342269632e+00  2.8165866838e+00 -4.8662963459e-02 -1.2021509704e-02 -3.2414396345e-01  9.7148116037e-01 -2.0646406716e+00  4.7058681255e+00  2.0753929185e+00  6.2846713140e-01  1.2658350834e+00  2.5125144675e+00 -3.6532523198e-01  3.5250188153e+00 -1.4964005927e+00 -1.7718282199e+00  1.0774742710e+00  4.0225013939e-01 -3.2821087073e+00  6.2097876090e+00 -6.4233996684e-02 -3.8780453653e+00  4.5828825963e+00 -9.7002847954e-01 -2.5393463185e+00  5.3239553548e+00  6.4250732965e-01  6.4166311770e-01 -6.7416315817e-01 -9.8496668058e-01  3.6330090770e-01 -4.2648393240e-01
ENERGY -4.182467580364e+02
GRADIENT -1.0054607444e-03  1.4787228525e-03  7.6118635749e-04  2.1160773393e-05  5.2935822171e-06  3.3490169980e-05  1.6354401796e-05 -1.6342374686e-05  4.1742416303e-05  1.9073856259e-03 -2.7978541126e-03 -1.4870441439e-03 -3.0525348314e-05  2.6899675164e-05 -7.5607759950e-05 -9.8285474275e-07  1.0147568802e-05 -1.6791034104e-05 -2.1832882733e-05 -2.6809439849e-05  1.9550928824e-05 -2.1731643830e-03  3.2084634763e-03  1.7160832870e-03 -1.3069391900e-05  4.7692002687e-06 -2.4249521298e-05 -1.9886136611e-06  6.7842029695e-07 -1.6037229102e-06  8.5044221946e-06  3.0336974113e-06 -6.9142784794e-06  2.6752966679e-06 -4.8230460868e-07  9.1399686365e-07 -3.7645317249e-06  1.3951274186e-06 -3.8506401190e-06 -1.6503772399e-07 -6.4956890170e-07 -5.6046668316e-06 -3.4548263254e-06  3.0830118038e-06 -5.3206009356e-06  1.2761814702e-03 -1.8828631521e-03 -9.9883479100e-04  2.1575749712e-06  7.0986014231e-07 -7.3852410903e-06

JOB 12
COORDS  1.3681014703e+00 -9.2813391217e-02  1.7054776846e+00  1.6278123554e+00 -6.3155872631e-01  2.9577682340e+00 -5.9853138213e-01 -1.4481381633e+00  1.6016906388e+00  2.3199754692e-01 -5.0920245741e-01  9.8387740147e-01  7.0792961974e-01 -1.5586825243e+00  3.4811122323e+00  3.4343714302e-02 -3.0073621627e+00  5.2424405540e+00 -3.7958683788e-01 -1.9522836148e+00  2.8284520651e+00 -9.1329991667e-02 -1.9674366935e-02 -3.1198441263e-01  9.7486471281e-01 -2.0602610704e+00  4.7182145128e+00  2.0441121865e+00  6.4680113003e-01  1.2803561290e+00  2.4974281022e+00 -3.4535825662e-01  3.5405795878e+00 -1.4836459083e+00 -1.8091834964e+00  1.0796492837e+00  4.2183650419e-01 -3.2824822481e+00  6.2245410108e+00 -3.4486433339e-02 -3.8888555465e+00  4.5984557039e+00 -9.6031633531e-01 -2.5616895579e+00  5.3356657296e+00  6.8691021717e-01  4.5914797541e-01 -7.5319759524e-01 -9.1755263705e-01  5.6990685409e-01 -3.2624690756e-01
ENERGY -4.182455066928e+02
GRADIENT -1.2537838808e-03  1.6241775967e-03  9.3195730774e-04 -4.8562133960e-06  4.3385696863e-06 -5.0029560635e-06 -1.0887529636e-04 -1.1794937264e-05 -1.0211116311e-04  2.1559970696e-03 -3.2409725711e-03 -1.6734587200e-03  8.8955277798e-05  9.2020576510e-06  1.1576818029e-04  1.6721251240e-06 -1.1361895024e-05  1.5151160570e-05  2.8420439942e-05  6.9025549950e-05 -9.2829715989e-05 -1.7841252585e-03  3.9458001431e-03  1.8677594816e-03  2.0917060809e-05 -2.1820320103e-06  3.8181396639e-05  2.3778556891e-06  2.2010916292e-06  6.3082435895e-06 -6.2018777631e-06 -1.1379491802e-05 -1.1683316940e-07 -9.7396076078e-06  7.7765289545e-06 -2.6365977802e-05 -1.2424663506e-06  1.4188026613e-06 -1.5748708251e-06 -3.7667060017e-06  1.3393899797e-06  1.9575967958e-06 -4.4128235787e-07 -2.7896210056e-06 -2.8735531209e-06  9.0581428953e-04 -2.4088646108e-03 -1.1329966275e-03 -4.8692369838e-05  4.1555705013e-05  7.1650812995e-06

JOB 13
COORDS  1.3496779826e+00 -7.8028677972e-02  1.7259083883e+00  1.6151238604e+00 -6.1326958601e-01  2.9780618703e+00 -5.9774149550e-01 -1.4597875293e+00  1.6171752151e+00  2.1909599999e-01 -5.0910191907e-01  1.0036407019e+00  7.0701890613e-01 -1.5564393430e+00  3.4964218733e+00  5.3843876169e-02 -3.0192673169e+00  5.2537029117e+00 -3.7359430524e-01 -1.9671613098e+00  2.8425515259e+00 -1.3200816104e-01 -1.6800136768e-02 -2.9423392689e-01  9.7984467056e-01 -2.0558351980e+00  4.7311243202e+00  2.0157261109e+00  6.7010992165e-01  1.3001643935e+00  2.4795669602e+00 -3.1778618226e-01  3.5639939714e+00 -1.4761318436e+00 -1.8274924491e+00  1.0894982678e+00  4.4564005513e-01 -3.2892881099e+00  6.2354071208e+00 -6.9163433900e-05 -3.9002327091e+00  4.6078774888e+00 -9.4747326244e-01 -2.5891991999e+00  5.3467427377e+00  6.8880631657e-01  2.5966589975e-01 -8.2550699170e-01 -7.7501359441e-01  7.6926276336e-01 -2.4703147608e-01
ENERGY -4.182442596809e+02
GRADIENT -1.0358496787e-03  1.4200643584e-03  8.2086439116e-04 -1.8007767213e-05  1.7336209903e-06 -3.0077506913e-05  1.1044268113e-05  8.8735695834e-06 -1.3684695338e-05  1.6700506157e-03 -2.7489591407e-03 -1.4969536275e-03 -2.0050420255e-05 -1.7183167384e-05  4.6739848871e-07  2.9855430312e-06 -1.1773396920e-06 -1.3664970025e-06  1.4027966583e-05  4.5439180973e-06  6.1264990177e-06 -8.1222066880e-04  3.5594986249e-03  1.5477296714e-03 -1.8476576087e-06 -2.2638015363e-06  4.6314958505e-06 -2.0794724834e-06  2.5798177993e-06 -7.3022446264e-06 -5.8525563652e-06  2.1968807020e-06 -1.7167375153e-06 -5.6867195401e-08 -1.6691936265e-07 -1.2659901654e-06 -3.6347572195e-06  4.2781172362e-08 -1.6843346114e-06 -3.0380738907e-06  2.1353255132e-06 -1.8085523742e-06 -3.5900334490e-06  2.3999905155e-07 -2.0752758937e-06  1.8520899251e-04 -2.2269415235e-03 -8.8282762348e-04  1.8068042036e-06  7.6276326869e-06  9.0474646602e-06

JOB 14
COORDS  1.3224779620e+00 -5.6798403654e-02  1.7314975399e+00  1.5911247151e+00 -5.8847863312e-01  2.9840160059e+00 -6.0920682959e-01 -1.4594075062e+00  1.6176738374e+00  1.9539363299e-01 -4.9766283216e-01  1.0091989813e+00  6.9681822569e-01 -1.5502205818e+00  3.4949351770e+00  6.5197358120e-02 -3.0316345433e+00  5.2444267193e+00 -3.7622084882e-01 -1.9760695336e+00  2.8383250104e+00 -1.7141651728e-01 -7.2001886410e-03 -2.9354546761e-01  9.7589864530e-01 -2.0503554273e+00  4.7264837501e+00  1.9815641742e+00  6.9726913741e-01  1.3054810137e+00  2.4500477950e+00 -2.8396730571e-01  3.5734644140e+00 -1.4853118104e+00 -1.8281996836e+00  1.0876298920e+00  4.6092218947e-01 -3.2989502681e+00  6.2252154469e+00  2.6807852815e-02 -3.9102905065e+00  4.5945450436e+00 -9.4287999020e-01 -2.6181954801e+00  5.3380171964e+00  6.4089112254e-01  4.4137806887e-02 -9.0427271269e-01 -5.7488783844e-01  9.2557874927e-01 -2.3475322028e-01
ENERGY -4.182433660198e+02
GRADIENT -5.8751997202e-04  8.0644590519e-04  4.1558666523e-04 -4.9932152183e-05 -2.0068989565e-05 -2.1068566775e-05  7.3642220994e-05  3.6898856957e-05  5.9910550945e-05  8.9404233961e-04 -1.5243477305e-03 -7.8495224185e-04 -2.3902319894e-05 -1.5225710658e-05 -1.2543183530e-05 -7.0101902156e-06  1.2187018121e-06 -3.0783498558e-06 -2.1190701491e-05 -2.9698044741e-05  2.2178209155e-05 -8.8157292691e-05  1.9595722870e-03  6.8991039928e-04 -1.3967339289e-05 -1.5620090067e-06 -9.2239277830e-06  1.4671643129e-06  2.6350917170e-06 -5.2556430356e-06 -3.5085880587e-06  1.9496261296e-06 -9.8862224059e-06  7.5277927096e-06 -5.5930417802e-06  9.1965078756e-06 -2.3583143759e-06  1.1926859617e-06 -3.0619812264e-06  1.3908769344e-07  4.1171044475e-07 -4.6220059496e-06 -1.3652985314e-06  9.7798434368e-07 -4.7746720228e-06 -2.0759234810e-04 -1.2272310177e-03 -4.0389999614e-04  3.3432931839e-06  1.3531526550e-05  1.0002012046e-05

JOB 15
COORDS  1.2931737960e+00 -2.8792102520e-02  1.7417977004e+00  1.5651296199e+00 -5.6099691573e-01  2.9931488389e+00 -6.2615161689e-01 -1.4477118954e+00  1.6215749884e+00  1.6726307051e-01 -4.7352259235e-01  1.0198017410e+00  6.8603014819e-01 -1.5423891327e+00  3.4940504195e+00  7.7013658276e-02 -3.0485264076e+00  5.2303269040e+00 -3.8051853337e-01 -1.9787097723e+00  2.8338936769e+00 -2.0342156029e-01  1.3936929357e-02 -2.8633817742e-01  9.7284475954e-01 -2.0491125916e+00  4.7206604642e+00  1.9469719742e+00  7.3079755400e-01  1.3174155479e+00  2.4194429861e+00 -2.4947332101e-01  3.5856362576e+00 -1.5038597236e+00 -1.8142323424e+00  1.0928032957e+00  4.7768311422e-01 -3.3190296618e+00  6.2082035970e+00  5.0838912824e-02 -3.9214961152e+00  4.5722748835e+00 -9.3677217635e-01 -2.6505366299e+00  5.3285190354e+00  5.4083256264e-01 -1.6503398119e-01 -9.5837531407e-01 -3.4521617260e-01  1.0223455531e+00 -2.6355084740e-01
ENERGY -4.182430692475e+02
GRADIENT  6.3993646604e-05 -4.5309804443e-05 -2.6370715966e-05  9.4997636224e-07  6.0146046246e-07 -2.7527798151e-06  3.8615424174e-05 -5.4423899086e-06  3.5765605579e-05 -8.8046500438e-05  1.1472898166e-04  2.5350287429e-05 -3.1039014057e-05  2.9280664973e-06 -3.6790431292e-05 -1.6042447934e-06  1.0701900355e-06 -1.1685170330e-05 -1.1490174673e-05 -2.4316994104e-05  2.4409482136e-05 -2.4992437440e-06 -1.2593828582e-04 -2.6291360994e-05 -1.1526090100e-05  4.1299513243e-06 -2.1361364181e-05 -2.9663304772e-06  2.4677660243e-06 -7.2601904558e-06  1.0496867398e-06  2.3059516559e-06 -2.6138308592e-06 -5.1245896835e-07 -9.4001203651e-07  3.1637915507e-06 -2.5562808102e-06  4.1044704155e-07 -3.8898335748e-06 -2.0804991957e-06  7.9608668495e-07 -4.7698316253e-06 -3.0390034998e-06  3.2141276248e-06 -3.5760934094e-06  2.8914560735e-05  8.2043560742e-05  1.8621137626e-05  1.0481255822e-06 -5.5954616027e-06 -9.0009448005e-06

JOB 16
COORDS  1.2762166419e+00 -7.2133175224e-04  1.7638979681e+00  1.5490512171e+00 -5.3580467204e-01  3.0140621944e+00 -6.3199391089e-01 -1.4338280266e+00  1.6339301813e+00  1.5292244260e-01 -4.4743541511e-01  1.0396143978e+00  6.8438578887e-01 -1.5348680511e+00  3.5038385906e+00  9.3145132278e-02 -3.0655520531e+00  5.2248750791e+00 -3.7543314769e-01 -1.9784714310e+00  2.8375898248e+00 -2.1537643603e-01  4.1760680302e-02 -2.6467777745e-01  9.7650006554e-01 -2.0498780885e+00  4.7262738997e+00  1.9264665877e+00  7.6458052589e-01  1.3442060066e+00  2.3985432145e+00 -2.1809834789e-01  3.6101526259e+00 -1.5117194784e+00 -1.7989196269e+00  1.1072998244e+00  4.9629345438e-01 -3.3408876088e+00  6.2004080525e+00  7.8506678264e-02 -3.9323051322e+00  4.5582034321e+00 -9.2577236985e-01 -2.6816106071e+00  5.3261496031e+00  4.0257666806e-01 -3.4303851928e-01 -9.7771265347e-01 -1.0890126633e-01  1.0538953557e+00 -3.0453293371e-01
ENERGY -4.182434215456e+02
GRADIENT  6.1867849923e-04 -7.6384467098e-04 -4.6844249809e-04 -2.1248589703e-05 -2.7099975382e-06 -2.1605705959e-05 -2.1575997922e-05  9.3419686611e-07 -2.4947095481e-05 -7.3916766340e-04  1.4550072464e-03  7.6196608513e-04  1.3726194798e-05 -1.0840717433e-05  2.6219435965e-05  5.8494426863e-07 -2.4386666864e-06  1.1511199153e-06  6.2683351338e-06  1.6512303143e-05 -1.7704896995e-05 -6.9266644272e-04 -1.7138707561e-03 -4.4583858031e-04  7.1876036924e-07 -2.3110213109e-06  8.5832705679e-06 -1.8754551268e-06  1.9711625925e-06 -4.8680806534e-06 -3.9395402472e-06 -2.4394223169e-06 -4.1696884743e-06 -4.5669874374e-06  2.3782177075e-06 -5.3778939224e-06 -1.0293563727e-06 -8.0389752709e-07 -3.0320382532e-06 -3.1037632109e-06  7.9506437852e-07 -2.7267608237e-06 -1.2330503310e-06 -7.4333338762e-07 -1.8686686669e-06  8.1877557114e-04  1.0334656764e-03  1.5381835053e-04 -2.9538169245e-06  1.0657658982e-06 -8.4978632700e-07

JOB 17
COORDS  1.2698335872e+00  2.1030933341e-02  1.7936898024e+00  1.5415960022e+00 -5.1602432683e-01  3.0437670161e+00 -6.2567614606e-01 -1.4279101979e+00  1.6512428207e+00  1.5252271288e-01 -4.3018359931e-01  1.0638314741e+00  6.8951711770e-01 -1.5294182636e+00  3.5232735049e+00  1.0971369590e-01 -3.0793122162e+00  5.2310375305e+00 -3.6214233816e-01 -1.9805408252e+00  2.8489385971e+00 -2.1195022133e-01  6.7887413525e-02 -2.3277734215e-01  9.8325042198e-01 -2.0503179034e+00  4.7440242955e+00  1.9166850631e+00  7.9271140587e-01  1.3802545969e+00  2.3855337314e+00 -1.9135585372e-01  3.6439374552e+00 -1.5050883297e+00 -1.7962024248e+00  1.1257448497e+00  5.1144963400e-01 -3.3573671067e+00  6.2064434749e+00  1.0773125598e-01 -3.9416721208e+00  4.5583435582e+00 -9.1419012468e-01 -2.7081606555e+00  5.3307113575e+00  2.3394588668e-01 -4.7704798011e-01 -9.6905704287e-01  1.0748541093e-01  1.0278389660e+00 -3.4622664137e-01
ENERGY -4.182442538975e+02
GRADIENT  9.3564406030e-04 -1.2601967481e-03 -6.7652525520e-04  6.5371171243e-05  2.1470669294e-05  4.5277236199e-05 -8.3043491918e-05  2.1155412299e-06 -1.0257028370e-04 -1.0391371836e-03  2.1195872135e-03  1.2735388413e-03  5.1445740652e-05  4.0551304127e-05  3.3636534086e-05  1.6693215320e-06 -9.9293774410e-06 -2.8647632345e-06  1.3918932494e-05  4.0847285163e-05 -7.3591608595e-05 -1.7201005901e-03 -2.3063820476e-03 -4.9076461523e-04  1.0765248013e-05  5.1413613194e-06  1.3855104355e-05  1.1607621616e-06  2.1371499712e-06  1.2394015902e-05  8.2473947174e-06 -1.2890509505e-05  1.2686571385e-06 -1.2152493369e-05  1.4409098571e-05 -1.3683031236e-05  8.6089202055e-09  1.6290928903e-06 -3.5552417396e-06 -3.9127830687e-06  7.4360127978e-07  3.2661969047e-06 -2.0287968335e-06  1.2256004667e-06 -2.7361231076e-06  1.7157444344e-03  1.2497013941e-03 -4.1654757713e-05  3.2525029521e-05  1.0182729706e-04 -2.3197434608e-05

JOB 18
COORDS  1.2655350665e+00  4.0321736911e-02  1.8127942563e+00  1.5334985886e+00 -4.9956402224e-01  3.0629257053e+00 -6.1625131319e-01 -1.4251202656e+00  1.6543495395e+00  1.5681372450e-01 -4.1672984031e-01  1.0744672650e+00  6.9089687264e-01 -1.5238067172e+00  3.5331542397e+00  1.1682755460e-01 -3.0890496392e+00  5.2286730195e+00 -3.5152903195e-01 -1.9814950954e+00  2.8491824365e+00 -2.0212262655e-01  9.8842082524e-02 -2.0916969254e-01  9.8300687356e-01 -2.0490556575e+00  4.7539361352e+00  1.9094316551e+00  8.1866445791e-01  1.4071392704e+00  2.3714303229e+00 -1.6869787044e-01  3.6680472885e+00 -1.4917985573e+00 -1.8007752020e+00  1.1268086436e+00  5.1454871677e-01 -3.3694734328e+00  6.2051230302e+00  1.2746596497e-01 -3.9476709771e+00  4.5510437837e+00 -9.1159356427e-01 -2.7290446787e+00  5.3240612960e+00  4.0860777771e-02 -5.5183426889e-01 -9.5300219369e-01  2.9006508107e-01  9.6842485627e-01 -3.9882978798e-01
ENERGY -4.182453398807e+02
GRADIENT  1.1130790784e-03 -1.3408928047e-03 -8.6354643994e-04  1.3923281638e-05 -3.8512204351e-06  3.2461437000e-06 -3.0934644923e-05 -1.5147398433e-06 -5.3703767183e-05 -1.1450215483e-03  2.3179098843e-03  1.3133654579e-03  1.5592869089e-05  2.4298535357e-05  2.8244799252e-05 -2.9490985552e-06 -6.5224542939e-06 -2.3408364325e-06 -1.0531513238e-06  1.8709791172e-05 -3.4887045951e-05 -2.1844878564e-03 -2.0234649797e-03 -2.4234698636e-04  6.6159911554e-06 -3.4095279526e-06 -8.1566563457e-07  1.6668798418e-06 -1.9443449457e-06  2.6399583015e-06 -9.9560528961e-07 -1.4457263187e-06 -2.8253732163e-07 -5.3482262237e-06  6.4222295252e-06 -3.9343990831e-06  9.2590130318e-07  1.1858207668e-06 -4.7079844487e-06 -2.3480881808e-06  4.5157125591e-07 -1.1916271871e-06 -6.7182968629e-07  1.8997054832e-06 -4.1550603585e-06  2.1844101269e-03  1.0204375019e-03 -1.9416623851e-04  1.2727175464e-05  1.1353744986e-05  1.0056127283e-05

JOB 19
COORDS  1.2624064451e+00  6.2123675850e-02  1.8224338715e+00  1.5254363230e+00 -4.8340380335e-01  3.0711924820e+00 -6.0400681888e-01 -1.4206103017e+00  1.6416616001e+00  1.6430017674e-01 -4.0091572434e-01  1.0721574127e+00  6.8879006025e-01 -1.5161946542e+00  3.5314663449e+00  1.1524098141e-01 -3.0949580645e+00  5.2143011595e+00 -3.4344128648e-01 -1.9785726837e+00  2.8361662910e+00 -1.8750491628e-01  1.3830742584e-01 -1.9590402949e-01  9.7635868003e-01 -2.0456444079e+00  4.7530301683e+00  1.9025886610e+00  8.4895264436e-01  1.4273261717e+00  2.3573727518e+00 -1.4857000940e-01  3.6823270028e+00 -1.4717309854e+00 -1.8064127309e+00  1.1075901362e+00  5.0645227163e-01 -3.3778825211e+00  6.1927374308e+00  1.3861736481e-01 -3.9500673393e+00  4.5323171887e+00 -9.1724135397e-01 -2.7445421722e+00  5.3029499489e+00 -1.6328822627e-01 -5.6342683301e-01 -9.3092446887e-01  4.3816208032e-01  8.9248711538e-01 -4.6450261163e-01
ENERGY -4.182464527640e+02
GRADIENT  1.0907045487e-03 -1.2318354136e-03 -8.1767795752e-04 -1.5100900410e-05 -2.0479491891e-07 -7.2143223059e-06  1.5247718601e-05 -2.0400155529e-05  3.3013172119e-05 -1.0980855872e-03  2.0709971108e-03  1.0957820993e-03 -1.9938035679e-05 -2.5486594855e-08 -1.2080900629e-05  6.4229704891e-06  4.2874469324e-06 -6.3701508149e-06 -7.5209388834e-07  2.8472926916e-06  6.4971456590e-06 -2.1532946004e-03 -1.3213950106e-03  9.6546845887e-05 -8.4928574226e-09 -8.9488082267e-06  4.6079836316e-06 -2.2361086793e-06  3.6624487041e-06 -6.7573284614e-06  1.2494080288e-06 -8.5795438758e-07 -6.8898662458e-06 -1.1367989790e-06  1.8208624792e-06 -5.1445282156e-06 -3.1518798330e-06 -2.7039403104e-06 -2.8734187214e-06 -4.0273395941e-06 -1.2981491753e-06 -4.0266351334e-06 -1.7374802663e-06  5.9593470818e-07 -2.9977729218e-06  2.1910730525e-03  5.2217861989e-04 -4.0347708280e-04 -2.2252099633e-05  7.8727903719e-07 -1.2051716719e-05

JOB 20
COORDS  1.2691142346e+00  7.1066904736e-02  1.8535277776e+00  1.5288379839e+00 -4.7793295456e-01  3.1009308747e+00 -5.7835162470e-01 -1.4331252213e+00  1.6518974179e+00  1.8330915651e-01 -4.0288493483e-01  1.0914223289e+00  6.9686058630e-01 -1.5172274648e+00  3.5550609186e+00  1.2315204527e-01 -3.1020375849e+00  5.2318154895e+00 -3.2480385775e-01 -1.9864601251e+00  2.8501804273e+00 -1.6169723445e-01  1.5661594460e-01 -1.6330922930e-01  9.7959457093e-01 -2.0457803694e+00  4.7793024358e+00  1.9021591121e+00  8.6832265514e-01  1.4681145475e+00  2.3538806122e+00 -1.3694644609e-01  3.7179603268e+00 -1.4349363349e+00 -1.8333324729e+00  1.1095287550e+00  5.0727858680e-01 -3.3826710808e+00  6.2137681313e+00  1.5967541847e-01 -3.9567319743e+00  4.5497078340e+00 -9.1316918349e-01 -2.7604710190e+00  5.3111617282e+00 -3.5810395034e-01 -5.4978271845e-01 -8.6601962392e-01  5.6206320209e-01  7.7394631320e-01 -5.1813656858e-01
ENERGY -4.182474155684e+02
GRADIENT  8.4289483880e-04 -9.1951298317e-04 -6.4906262635e-04 -7.4412182263e-06 -5.0679157878e-07 -1.5479033588e-05 -4.1726218426e-05  4.5245716358e-06 -5.4539137778e-05 -8.1282238436e-04  1.3972254027e-03  8.6730781195e-04  3.4151941847e-05 -8.1990068219e-06  4.9854551693e-05 -2.8692145214e-06 -2.2393628617e-06  3.5361137522e-06  1.0826735029e-05  2.7364537407e-05 -2.8692897854e-05 -1.7687932236e-03 -4.7010139212e-04  2.5473873195e-04  7.8925213947e-06 -2.1696582578e-06  1.0734930115e-05 -7.4010978865e-08 -1.0689448117e-06 -2.3174588282e-06 -5.9334290164e-06 -2.0438715857e-06 -3.4430180122e-07 -3.7489771677e-06  4.7140603452e-06 -1.2458693140e-05 -1.0437218234e-06  7.7210247200e-07 -3.7418448879e-06 -1.2033732970e-06  1.6002084874e-06 -3.7532336166e-06 -8.0838725939e-07 -5.5271129782e-07 -4.0242328590e-06  1.7307184554e-03 -7.0496749267e-06 -4.7484110635e-04  3.3951444209e-06 -2.8470006826e-06  2.9590222056e-06

JOB 21
COORDS  1.2713109859e+00  8.9881840597e-02  1.8619182758e+00  1.5264312764e+00 -4.6646530267e-01  3.1060483338e+00 -5.5628275301e-01 -1.4350425619e+00  1.6325365196e+00  1.9974489670e-01 -3.9432231121e-01  1.0845536379e+00  6.9603859450e-01 -1.5119510568e+00  3.5507881583e+00  1.1754903982e-01 -3.1039353459e+00  5.2185288869e+00 -3.1517189971e-01 -1.9851786013e+00  2.8354469119e+00 -1.3555554139e-01  1.8533581446e-01 -1.5932969126e-01  9.7160090783e-01 -2.0416132169e+00  4.7767722025e+00  1.8949371796e+00  9.0044978987e-01  1.4896317892e+00  2.3427922109e+00 -1.2107815298e-01  3.7321338617e+00 -1.3997599712e+00 -1.8475819289e+00  1.0781503952e+00  4.9349063665e-01 -3.3845140138e+00  6.2036891775e+00  1.6597372017e-01 -3.9570126710e+00  4.5350393228e+00 -9.2173355869e-01 -2.7690981282e+00  5.2883574434e+00 -5.4365609765e-01 -4.7935471557e-01 -8.0884287459e-01  6.5128779427e-01  6.4795903810e-01 -6.0280362914e-01
ENERGY -4.182480566929e+02
GRADIENT  4.5256503354e-04 -4.5103359596e-04 -3.2508874150e-04  4.2128721162e-06  9.2939774611e-06  7.3890588108e-06  2.2477495411e-05  4.7970425205e-08  2.7225077024e-05 -4.5710874848e-04  6.3933587315e-04  3.9202433285e-04 -3.4089287807e-05  2.0781964251e-06 -5.1572708967e-05  2.3468681117e-06  6.8075751742e-06 -1.1427422679e-05 -1.4377255329e-06 -1.3244338906e-05  1.9088219240e-05 -8.1912702646e-04  1.1210761975e-05  2.4124481044e-04 -8.2851674387e-06  1.8326681437e-06 -6.5402115420e-06 -2.9753010894e-06  3.8783869448e-06 -3.7897604100e-06  4.8994908827e-06  1.8707700259e-08 -6.3946247494e-06  1.3742054767e-06 -1.7261692976e-07  1.3435936150e-06 -2.4829078518e-06 -5.0546381184e-07 -4.0052923867e-06 -2.0439154689e-06 -1.0738062849e-06 -4.9707341167e-06 -2.1028833676e-06  1.0468139054e-06 -3.7228130456e-06  8.2647832560e-04 -1.9536784464e-04 -3.2444104709e-04 -3.1236480843e-06  6.4651494849e-06 -6.7265842580e-06

JOB 22
COORDS  1.5051618218e+00 -2.3086027147e-01  1.7259295289e+00  1.7783028434e+00 -8.5445674134e-01  2.9327538202e+00 -6.8893115471e-01 -1.1782266349e+00  1.8129102784e+00  2.3833644179e-01 -3.8987449386e-01  1.1264332614e+00  7.6113577413e-01 -1.6224471462e+00  3.5315941888e+00  1.3433607945e-02 -2.9944033323e+00  5.3229892734e+00 -4.3875747324e-01 -1.7784362066e+00  2.9907989861e+00 -9.4374077068e-02  2.8686884670e-01 -6.7390003020e-02  1.0576390131e+00 -2.2194599280e+00  4.7210680786e+00  2.2631927663e+00  3.8342856236e-01  1.2444031715e+00  2.7421569492e+00 -7.5946189202e-01  3.4223690979e+00 -1.6863680659e+00 -1.3338366986e+00  1.3998886565e+00  4.3893780088e-01 -3.3786746144e+00  6.2513522398e+00 -2.8826770493e-01 -3.8201042251e+00  4.6715393340e+00 -8.6369161025e-01 -2.3751003824e+00  5.5332870231e+00 -9.2179464688e-01 -8.9848565947e-02 -5.1844320019e-01  6.7093907321e-01  3.2959020551e-01 -7.3237024687e-01
ENERGY -4.182481965049e+02
GRADIENT -1.5099516788e-04  1.9964585759e-04  1.8264207351e-04  2.0555539497e-05  2.0502813653e-05 -1.5858532061e-05 -1.3463158442e-04  3.8440897185e-05 -1.5024169404e-04  1.2507183305e-04 -3.3543068353e-04 -1.1696838883e-04  9.0140311946e-05 -2.8988899086e-05  1.0488793763e-04 -3.1180770615e-06 -1.1495942136e-05  1.9782099561e-05  4.7847803383e-05  6.9523966419e-05 -7.2539556433e-05  1.8465076844e-04 -1.3289845144e-04 -1.6918747840e-04  3.2007467613e-05 -7.8014209773e-06  2.4812129045e-05 -2.1546177916e-06 -4.8344878415e-06  1.6663420523e-06 -9.2061302763e-06 -7.8891877814e-06  6.0419076912e-06 -1.1853450086e-05  1.1784719424e-05 -2.7059768389e-05 -2.4976304640e-07  1.4506294188e-06 -2.3049683883e-06 -1.5120438360e-06  3.3518051745e-06  1.6372840864e-06 -1.3244959317e-06 -4.2094168466e-06 -2.2538164483e-06 -2.2055439750e-04  2.2619115993e-04  1.7620936521e-04  1.1207483620e-05 -1.1699324982e-05 -1.6776258799e-05

JOB 23
COORDS  1.5135841235e+00 -2.1552839979e-01  1.7322414993e+00  1.7807329565e+00 -8.4207687826e-01  2.9381957654e+00 -6.6969270263e-01 -1.1893530840e+00  1.7892462502e+00  2.5802587439e-01 -3.9381812195e-01  1.1135799489e+00  7.6201409682e-01 -1.6186871214e+00  3.5253047032e+00  5.3652356429e-03 -2.9934115118e+00  5.3106823838e+00 -4.3182347121e-01 -1.7824891150e+00  2.9740926301e+00 -6.0377127162e-02  2.9121100857e-01 -8.2627294895e-02  1.0507465197e+00 -2.2131638647e+00  4.7170034701e+00  2.2638130305e+00  4.1736841936e-01  1.2636976582e+00  2.7356571528e+00 -7.3495020171e-01  3.4426575060e+00 -1.6602107251e+00 -1.3551779678e+00  1.3634242124e+00  4.2485969769e-01 -3.3741284547e+00  6.2431868376e+00 -2.8570877429e-01 -3.8213610681e+00  4.6573954964e+00 -8.7683185834e-01 -2.3785171724e+00  5.5122317900e+00 -9.9207531631e-01  7.5023000237e-02 -4.2231907128e-01  6.2132071243e-01  1.5699679329e-01 -8.2268564748e-01
ENERGY -4.182476764796e+02
GRADIENT -6.0066180000e-04  1.0771080955e-03  8.1883142837e-04  6.4956103724e-05  2.3035636546e-05  9.2407180054e-06 -4.6378010543e-05  2.4785774548e-05 -7.0207437285e-05  6.3463120593e-04 -1.3235230374e-03 -8.7600732688e-04  1.4982828209e-05 -1.6673729398e-07  9.1410949345e-06 -6.0822656399e-06 -7.9567644772e-06  8.4442472543e-06  1.7406086926e-05  1.5013331705e-05 -1.3545887752e-05  6.0302106782e-04 -1.2068105922e-03 -8.9229840246e-04  1.7335375134e-05  8.9941430121e-06 -8.2723299266e-06 -2.4234844612e-07 -4.9547938571e-06  1.9859776774e-08  6.8837408871e-07 -2.5467874689e-06  5.1032042666e-06 -6.4457220080e-06  6.4930558067e-06 -9.1240782177e-06 -2.3558371731e-06  1.3892782441e-06 -2.5472992555e-06 -5.6432814862e-07  3.6914307629e-06 -9.6916490117e-08 -2.8797840492e-06 -6.4992104549e-07 -2.1537724180e-06 -7.1713551706e-04  1.4252764210e-03  9.8921468725e-04  1.0585510722e-05 -1.5412024633e-05 -2.0599770519e-05

