JOB 0
COORDS  2.1394092170e+00 -6.2483116681e-01  1.8287155888e-02  1.0562717255e+00 -6.5451453040e-02  6.2135492902e-01  4.7401739983e+00 -3.4214415935e+00  3.7407328451e-01  4.5677852982e+00 -1.6538790747e+00 -1.2770632457e+00  1.4949322853e+00 -1.4389293670e+00  2.6255184695e+00  5.7589868240e+00 -3.9598489221e+00 -3.5250719447e-01  5.5965692844e+00 -2.2225937141e+00 -1.9641083130e+00  2.9735890441e+00 -1.6303984011e+00  6.4243602305e-01  4.0585140902e+00 -2.2143427811e+00 -4.3068583591e-02  6.5130633663e-01 -4.3069393232e-01  1.9826451770e+00  2.5557110167e+00 -1.9798268332e+00  1.9776908420e+00  6.1958436098e+00 -3.3735715859e+00 -1.5159350135e+00 -3.3339972956e-01  7.5397964476e-02  2.5493262051e+00  3.3086943534e+00 -2.8911431352e+00  2.6711443327e+00  2.3591807803e+00 -3.3035719465e-01 -1.0024468680e+00  4.3960419877e-01  6.6493368157e-01  1.0533293585e-01  4.4377409183e+00 -3.9387750884e+00  1.2712891414e+00  4.1631237892e+00 -7.3327068387e-01 -1.6753773824e+00  1.2643132339e+00 -1.7370376051e+00  3.6431263909e+00  6.2633008818e+00 -4.8735712120e+00 -5.8546375829e-02  5.9959283658e+00 -1.7971502760e+00 -2.8779243678e+00  6.9577530090e+00 -3.7854499474e+00 -2.0370994535e+00
ENERGY -6.538894309197e+02
GRADIENT -7.1239693491e-04 -8.2357912709e-04 -4.6878678434e-04  4.0421350322e-05 -3.8776147134e-05  2.8288011798e-05 -7.9570213455e-04 -6.6815579561e-04 -6.3226889677e-04 -3.7036095673e-06 -3.5216748851e-06  1.0799988407e-05  1.6289952255e-05  3.1880738331e-05 -9.2945322919e-05 -2.9143152994e-07 -1.4542524186e-05 -5.0879504813e-06  7.6933160059e-06  9.3401115945e-06 -4.5490664365e-05  6.2816875665e-04  9.4136242935e-04  2.8051315114e-04  8.4667744512e-04  5.8496568671e-04  8.1246374572e-04 -5.6182958614e-05 -2.8062306035e-06  2.7934892250e-05  3.7511848612e-05 -5.7937926853e-05  5.4898446764e-05 -3.1370842289e-06  3.6650753459e-05  4.5135784068e-05 -1.2025103171e-05  1.4297937238e-05  9.6751528219e-06  4.3786373551e-05 -3.1745402112e-05  3.7067424960e-06 -1.1085887093e-06  5.4473909074e-06 -1.1917479151e-06  5.9008759930e-06 -5.0192387571e-06  7.1573188078e-06 -6.2733505295e-06 -3.0711750612e-06  1.2569478079e-05  4.1137105849e-06 -1.1516354144e-05 -8.1203715143e-06  1.1643579346e-05  8.0971182160e-06 -7.3680890995e-06  4.5405609755e-07 -8.3440806469e-07  4.8242526257e-06 -1.2211980600e-06  8.6799028598e-07 -3.1884797436e-06 -1.1507460837e-05 -7.1465437392e-06 -9.0085438632e-06

JOB 1
COORDS  2.1164382997e+00 -6.7306943927e-01 -1.9008937441e-03  9.9351404803e-01 -1.7164875719e-01  5.8182671948e-01  4.6664421688e+00 -3.4532778291e+00  3.4208615944e-01  4.6706353409e+00 -1.5742266224e+00 -1.1954950986e+00  1.5638221082e+00 -1.3778964625e+00  2.6646659574e+00  5.6484051402e+00 -4.0303919098e+00 -4.0584553198e-01  5.6622420286e+00 -2.1821386934e+00 -1.9047770989e+00  3.0315404238e+00 -1.5613156825e+00  6.7762019743e-01  4.1094321202e+00 -2.1654447096e+00 -2.3464554863e-03  6.3759837687e-01 -4.8003999449e-01  1.9710399973e+00  2.6530158665e+00 -1.8760660134e+00  2.0294549943e+00  6.1546343796e+00 -3.4050972157e+00 -1.5207986899e+00 -3.7868863401e-01 -1.8748476522e-02  2.5210852986e+00  3.4939930779e+00 -2.6860666161e+00  2.7473325067e+00  2.3054480101e+00 -4.4189908596e-01 -1.0462938551e+00  3.0346731411e-01  4.5782674215e-01  2.7217737444e-02  4.2936989707e+00 -3.9972065693e+00  1.1980560824e+00  4.3426220829e+00 -5.9717305356e-01 -1.5279754360e+00  1.3691645446e+00 -1.6243576445e+00  3.7034109703e+00  6.0586821644e+00 -5.0077091728e+00 -1.7764416326e-01  6.1149392729e+00 -1.7361028351e+00 -2.7832130780e+00  6.8882193523e+00 -3.8463986280e+00 -2.0584565081e+00
ENERGY -6.538876151596e+02
GRADIENT -3.0293677832e-03 -3.9490426651e-03 -1.0536075819e-03 -7.0659965442e-05  5.4357338975e-05 -3.3893472093e-05 -3.3048995197e-03 -2.3050012865e-03 -3.3605639441e-03  5.7759759289e-05 -7.4514264511e-05  6.5621295070e-07 -1.6588903585e-05 -3.8556746654e-05  1.3412944990e-04  3.2795001450e-05 -7.0140148574e-05  1.8398087864e-05  1.9354494731e-05  2.2373714467e-05 -3.5648010123e-05  2.7695437502e-03  4.6065765214e-03 -1.4563311234e-04  3.6096682306e-03  1.6132685480e-03  4.5673291456e-03  9.4418729745e-05 -6.0284565972e-06 -4.9030723877e-05 -1.3489166138e-04  1.1025803065e-04 -6.3272947062e-05 -5.6367553588e-05  3.1652675400e-05  3.9695950523e-05  4.1001241750e-05 -3.3527607878e-05 -1.7023659262e-05 -7.0373357004e-06  3.0416794851e-05 -1.1980613790e-05  1.2144700093e-06  9.0215068512e-06  9.8007754598e-06 -2.9828424798e-06  6.2838423844e-06 -1.2261011398e-05  4.2878025964e-06  3.5508495574e-06  4.8931545279e-06  1.4110161074e-06  2.6335188789e-06 -1.0017436847e-06  4.9605483239e-06 -4.3173524443e-06  2.1532704164e-05 -2.1701991432e-06 -7.2955986220e-06  2.9040698172e-06 -6.5795961986e-06  3.3181370226e-06 -6.0123660750e-06 -6.9535879877e-06 -1.2860920396e-06  6.6121271102e-07

JOB 2
COORDS  2.1101741563e+00 -7.0838018750e-01 -1.8566434342e-02  9.4579744884e-01 -2.8171556232e-01  5.4659979818e-01  4.5965900693e+00 -3.4517765169e+00  3.1092718049e-01  4.7739613095e+00 -1.5001868383e+00 -1.1243254859e+00  1.6173397732e+00 -1.3325115124e+00  2.6857204285e+00  5.5341092583e+00 -4.0713104367e+00 -4.6099549636e-01  5.7188913049e+00 -2.1518568412e+00 -1.8601222596e+00  3.0979598951e+00 -1.4678601245e+00  7.0763047598e-01  4.1704819531e+00 -2.1017546539e+00  3.9237093398e-02  6.2190276480e-01 -5.4544973780e-01  1.9526205365e+00  2.7403918846e+00 -1.7710776353e+00  2.0647645201e+00  6.1048562391e+00 -3.4286931970e+00 -1.5347576912e+00 -4.2827666237e-01 -1.4183291943e-01  2.4857481656e+00  3.6440267909e+00 -2.5000082211e+00  2.7937898604e+00  2.2843666832e+00 -5.2176766473e-01 -1.0754336110e+00  1.9645164831e-01  2.4386611389e-01 -3.8379794907e-02  4.1599951572e+00 -4.0038113386e+00  1.1324829134e+00  4.5157640453e+00 -4.8575389428e-01 -1.4055270321e+00  1.4400733207e+00 -1.5490441896e+00  3.7342254127e+00  5.8472007304e+00 -5.0959200577e+00 -2.9474072500e-01  6.2135321713e+00 -1.7041781899e+00 -2.7147550846e+00  6.8027311148e+00 -3.9023173649e+00 -2.0924222418e+00
ENERGY -6.538830887729e+02
GRADIENT -5.2954953983e-03 -8.0674692271e-03 -1.3193856465e-03 -6.5434031422e-06 -2.3069652289e-05  6.4783886482e-05 -6.4871832141e-03 -3.3226619264e-03 -6.9093961140e-03 -1.6393120832e-04  3.9394424416e-04 -5.0074699080e-05 -4.1276811804e-05 -5.6461232798e-05  2.1235537867e-04 -6.9378319559e-06  4.7977988611e-05 -2.2320529471e-05 -2.0382279900e-04 -1.6826645460e-04  3.2372488065e-04  4.3012179158e-03  1.0685440163e-02 -2.2147606093e-03  7.4494707213e-03  8.4644818458e-04  1.0265638762e-02  6.5823371324e-05 -1.9211137125e-05 -9.7465623597e-05  1.6490853042e-04 -8.2711775602e-05 -8.0307577841e-05  2.3816864674e-04 -1.5168203537e-04 -1.7647438269e-04  3.7548659149e-05 -1.7237443254e-05  1.3734544507e-05 -5.2087756135e-05  9.7987780576e-06 -6.2565048470e-05  1.8213634323e-06 -1.2610386136e-05 -8.6451273423e-06  5.9528498572e-06 -1.2160760549e-05 -1.8029526614e-05 -9.3031783771e-06  1.3199248894e-05  1.8854762995e-05 -2.4961582795e-05  1.3867499546e-05  2.2586317898e-05 -6.3910707374e-06 -6.2720986036e-06  2.6270072428e-05  1.2605213117e-05  5.3021562491e-06 -1.7945459117e-05 -1.7741476707e-06 -3.0505914939e-05  2.4636703835e-05  1.7046039707e-05 -3.3279263059e-05  6.7943221825e-06

JOB 3
COORDS  2.0996034806e+00 -7.5060855443e-01 -2.3190361801e-02  9.0407941491e-01 -3.9916425959e-01  5.3215903411e-01  4.5243853281e+00 -3.4329356408e+00  2.7233495277e-01  4.8762761849e+00 -1.4321496624e+00 -1.0527575669e+00  1.6712148179e+00 -1.2850505640e+00  2.7114583807e+00  5.4233048069e+00 -4.0856913297e+00 -5.1960658524e-01  5.7799106360e+00 -2.1154626560e+00 -1.8140005999e+00  3.1564530992e+00 -1.3724508396e+00  7.3264258253e-01  4.2260378174e+00 -2.0391210419e+00  7.9478109650e-02  6.1209029390e-01 -6.1401301090e-01  1.9524488398e+00  2.8201784198e+00 -1.6622568726e+00  2.0962811010e+00  6.0626515052e+00 -3.4311605377e+00 -1.5463321893e+00 -4.6492713859e-01 -2.7132426703e-01  2.4766205345e+00  3.7769090835e+00 -2.3151680285e+00  2.8311954245e+00  2.2560125276e+00 -6.0463295698e-01 -1.0900998309e+00  1.0696190671e-01  2.0762307221e-02 -7.4650517839e-02  4.0229397165e+00 -3.9889877573e+00  1.0547863628e+00  4.6846293896e+00 -3.9079770134e-01 -1.2873332536e+00  1.5148766331e+00 -1.4742664047e+00  3.7685614698e+00  5.6411324649e+00 -5.1426401637e+00 -4.1547492880e-01  6.3155044681e+00 -1.6675099863e+00 -2.6434258510e+00  6.7283144615e+00 -3.9296754083e+00 -2.1218631100e+00
ENERGY -6.538756622600e+02
GRADIENT -7.6829970084e-03 -1.2283262572e-02  5.0813970684e-04  6.0578882807e-05 -7.2881455053e-05  7.7360577969e-05 -8.9436307105e-03 -3.4679841299e-03 -1.1436023452e-02  1.0603723261e-04 -2.0722527577e-04 -1.7943630196e-05  2.0621989357e-05 -3.8775351605e-05  1.2044812580e-05  1.4381251351e-05 -2.6357188913e-06  1.4279105694e-05  1.8889037318e-05  1.5565663823e-05 -2.3798678911e-06  6.7275884040e-03  1.6538923092e-02 -6.9981284274e-03  9.9734239299e-03 -7.8018307142e-04  1.7900938751e-02 -4.0791712511e-05  7.5394756968e-05 -1.8412050759e-05 -2.6246835717e-04  2.2541188605e-04 -3.4147118071e-05 -1.0072299641e-05 -1.2732787135e-05 -1.1408222452e-05 -1.9772230239e-05 -2.8162626463e-05  1.6540085297e-05 -1.2838998640e-05  4.0754441050e-06 -3.3884516795e-05  7.7220331536e-06  1.2852848086e-05 -7.8681292815e-06  1.5322127782e-05  5.6978292540e-06 -3.1682839375e-06 -1.0183705646e-05  8.1082612033e-06  1.0732156578e-05  2.1958496294e-06 -3.6445816932e-06  1.0823984459e-06 -8.8483099617e-06  2.1323400058e-05  5.6092003559e-06 -1.7176673175e-06  2.0112805045e-06 -4.3700685929e-06  4.6908785987e-07 -5.4686448619e-06 -2.1830077684e-07  4.6409154022e-06 -7.4107334975e-07 -2.7186995158e-07

JOB 4
COORDS  2.0781354630e+00 -8.1154951440e-01 -2.4508451748e-02  8.6307639436e-01 -5.2770934347e-01  5.3124174811e-01  4.4368233731e+00 -3.4125354282e+00  2.2476277657e-01  4.9777772760e+00 -1.3806120666e+00 -9.7437862670e-01  1.7237015086e+00 -1.2313343941e+00  2.7388666589e+00  5.3050614816e+00 -4.0941181453e+00 -5.7968916719e-01  5.8483311001e+00 -2.0907996475e+00 -1.7532657121e+00  3.1954602123e+00 -1.2882273034e+00  7.4684399455e-01  4.2652744451e+00 -1.9926266776e+00  1.1301789296e-01  6.0731312736e-01 -6.8205565850e-01  1.9650084537e+00  2.8891870535e+00 -1.5534617963e+00  2.1207874625e+00  6.0232651416e+00 -3.4346773210e+00 -1.5487242545e+00 -4.8668445732e-01 -3.9382513884e-01  2.4894896534e+00  3.8952877829e+00 -2.1259499176e+00  2.8589281729e+00  2.2109574083e+00 -7.1467202265e-01 -1.1008309690e+00  2.6725581667e-02 -2.1473900000e-01 -8.7301615879e-02  3.8627070324e+00 -3.9663852846e+00  9.5858122214e-01  4.8589819079e+00 -3.1849985153e-01 -1.1598841800e+00  1.5942057370e+00 -1.3846156346e+00  3.8054182933e+00  5.4281300968e+00 -5.1704987662e+00 -5.3893127731e-01  6.4352826342e+00 -1.6446640287e+00 -2.5481893636e+00  6.6638179983e+00 -3.9525437289e+00 -2.1362111094e+00
ENERGY -6.538656166611e+02
GRADIENT -8.9064862709e-03 -1.5658586139e-02  3.2462018485e-03 -9.3961072841e-05  4.1268403274e-05 -1.1515874379e-04 -1.0444742224e-02 -2.4102174991e-03 -1.5451275898e-02  6.2148944379e-05 -2.5102276275e-05 -7.3523254177e-05 -4.3960202597e-06  5.6254711116e-05 -1.5438549728e-04  2.1555311129e-05 -9.3513569685e-05  3.4586323331e-05 -9.7623238330e-05 -6.1974972409e-05  1.7564730175e-04  7.7495197197e-03  2.2164104638e-02 -1.2877207566e-02  1.1776219343e-02 -3.9650066630e-03  2.5143205100e-02  1.8658947319e-05 -5.9526462665e-06  5.5876357710e-05 -2.0939665192e-04  6.0009733334e-05  6.1071255573e-05  4.9444771041e-05 -6.4440421352e-05 -6.7079038979e-05  4.6845712135e-07  2.7055996793e-06 -4.3037947671e-05  7.1394517262e-05 -2.4145991709e-05  5.0748627344e-05 -8.7276517564e-06 -1.6594634725e-05  6.5560693756e-06 -1.5733655273e-05  9.0363031848e-06 -7.7164982170e-06  7.0356384235e-06  8.3993344816e-06 -1.0234554415e-05 -6.3719888225e-06  6.7781302646e-06  7.9930802072e-06  1.4840767659e-05  7.8687930298e-06 -1.8639896748e-05  9.2847470413e-06 -1.1271874012e-05 -9.9550516617e-06 -8.8242208169e-06 -2.0338348567e-05  6.7369925617e-06 -2.9320707107e-07 -2.7091872315e-05  1.3467556848e-05

JOB 5
COORDS  1.4509239257e+00 -1.6581957408e+00  8.9524249239e-02  5.4802240587e-01 -8.6239908485e-01  7.4077090000e-01  4.0554990037e+00 -3.7484846690e+00 -6.0754257851e-01  4.9474021405e+00 -1.5135040485e+00 -4.0793048406e-01  2.1636358873e+00 -5.7868948305e-01  2.5814367131e+00  5.2165218455e+00 -4.1428825520e+00 -1.2201024588e+00  6.0920281314e+00 -1.9332961302e+00 -1.0298381332e+00  2.7324103661e+00 -2.0071554967e+00  6.3930863460e-01  3.8283585819e+00 -2.3915849286e+00 -2.2788566171e-01  8.2787697439e-01 -2.8886460600e-01  2.0552835046e+00  3.0438871287e+00 -1.3206135973e+00  1.8562188543e+00  6.2174889971e+00 -3.2325380889e+00 -1.4435598880e+00  4.8072555388e-03  4.0947599841e-01  2.6834610333e+00  4.3069315655e+00 -1.5198283698e+00  2.3634727074e+00  1.2102086428e+00 -2.0378067356e+00 -9.0291031475e-01 -4.0180272024e-01 -6.0539075961e-01  2.8070211957e-01  3.2965765282e+00 -4.4945154826e+00 -3.9594883197e-01  4.8801170997e+00 -4.8346354743e-01 -7.7350241307e-02  2.4343624172e+00 -1.9205726725e-01  3.5589676948e+00  5.4274083311e+00 -5.1700980205e+00 -1.4944315410e+00  6.9350289474e+00 -1.2812551636e+00 -1.2294530905e+00  7.0797638311e+00 -3.5359610950e+00 -1.8786537471e+00
ENERGY -6.538537315199e+02
GRADIENT  5.3036363022e-03  1.7655149382e-02 -1.6080088377e-03  2.9771152050e-04 -7.4730627988e-05  1.3022400982e-04  1.0946210757e-02 -2.4606181925e-03  1.5294809896e-02 -1.2320895237e-04  1.7403311129e-04  1.1727616776e-04 -4.5424731452e-06 -6.5359180370e-05 -1.3724502867e-04  6.5582730065e-06 -2.7125469719e-07  1.3329045141e-05  1.8489917741e-06 -1.4713831646e-05  2.2759178750e-05 -2.5353292061e-03 -2.8074635018e-02  1.0074847582e-02 -1.4004161420e-02  1.2722994222e-02 -2.4040587942e-02 -1.6725501742e-04  1.2142493788e-04  8.2214636065e-05  2.7979369261e-04  2.3987367966e-05  4.8422622010e-05 -1.1188035143e-06  7.4287140093e-06 -2.6683504414e-05 -2.8026718278e-05  3.3894418745e-05  5.2198029020e-05  4.0006433884e-05 -9.8876350126e-06  1.7365702975e-05 -1.2247791806e-05 -2.6896964691e-05 -3.1390863123e-05  3.7112844784e-05 -3.8524406012e-06  2.0809282926e-05  1.4113367622e-06  3.9735683440e-06  6.5356199754e-06  1.9453047337e-06  1.0591596178e-07  1.3748155792e-05 -1.2686941244e-05  1.5690182834e-06 -1.7494428353e-05 -1.2020777268e-06 -4.4717737284e-07  7.7635645314e-07 -3.1197913712e-06  4.3541540139e-06 -2.8052748181e-06  2.3024770136e-06 -6.1662603417e-07  2.8452124981e-06

JOB 6
COORDS  1.4859045469e+00 -1.7394071115e+00  1.3295330820e-01  5.2270289512e-01 -9.9533487729e-01  7.5297072118e-01  4.0001081209e+00 -3.6745176891e+00 -6.6683539554e-01  5.0745820800e+00 -1.5361815584e+00 -3.0980118708e-01  2.1246303565e+00 -4.8050132042e-01  2.5609056933e+00  5.1169197114e+00 -4.1099171057e+00 -1.3249299777e+00  6.1705680843e+00 -1.9987882188e+00 -9.8211449063e-01  2.8047240331e+00 -1.9364385579e+00  6.7749209426e-01  3.8858276380e+00 -2.3322557465e+00 -1.7696086346e-01  7.6482564068e-01 -3.3270979388e-01  2.0346174970e+00  3.0611682821e+00 -1.1788567100e+00  1.8674362637e+00  6.1886290382e+00 -3.2697516941e+00 -1.4976626322e+00 -1.0987662421e-01  3.2265999768e-01  2.6353041429e+00  4.3312402159e+00 -1.2602944045e+00  2.3843831418e+00  1.2727779651e+00 -2.1894424155e+00 -8.3584596725e-01 -4.5040068489e-01 -8.4480796076e-01  2.9443819451e-01  3.1854305301e+00 -4.3724212727e+00 -5.0417573630e-01  5.0990059692e+00 -5.3079730293e-01  9.2505018612e-02  2.3655656553e+00 -2.3095760828e-02  3.5152861390e+00  5.2379609913e+00 -5.1260544547e+00 -1.6826608212e+00  7.0603966779e+00 -1.4015111978e+00 -1.1464579911e+00  7.0177388944e+00 -3.6061941544e+00 -1.9700496584e+00
ENERGY -6.538649077507e+02
GRADIENT  3.6848265687e-03  1.6972159609e-02 -2.6679832229e-03 -5.8817076546e-05  1.7914744083e-06 -3.6785087187e-05  9.8320782503e-03 -4.3924205408e-03  1.4217378613e-02  8.0616330696e-05 -1.7122042318e-04 -8.9872303717e-05 -6.4459241242e-05 -6.2954573843e-05 -1.0032058883e-04 -1.2925998062e-05  6.2949261481e-05  4.0478024937e-07  1.8751360054e-05  2.1998879265e-05 -2.6324107918e-05 -2.7019018748e-04 -2.7682843950e-02  1.1601088655e-02 -1.3087904701e-02  1.5143622920e-02 -2.2936851025e-02  7.2821829472e-06  2.9371666256e-05  4.6146686243e-05 -1.5410962607e-04  5.8566172668e-05  3.6659902076e-05  2.7903556170e-05 -1.2534318597e-05  2.1688535115e-05 -3.2575010532e-05  1.1311465844e-05 -8.5882046556e-07  4.4360130419e-05 -8.2034925935e-06 -3.0708207290e-05  1.5606804167e-05  2.2544083673e-05  3.7924970968e-06 -7.7326702378e-06  7.1921569987e-06  8.4780349697e-06 -7.0173704659e-06 -1.4107353585e-06 -2.9270414787e-06 -2.7761297710e-07  1.3878177616e-05  2.4997598609e-06  1.6047526059e-06 -1.5420149312e-05 -9.4406499615e-06  8.9205092698e-07  3.9355514792e-06  5.2986860643e-06  6.5274618479e-06 -2.1253953593e-06  5.0559654362e-06  2.5022850287e-06  1.0158913571e-05 -3.7957051313e-06

JOB 7
COORDS  1.5359680143e+00 -1.8100458115e+00  1.8303297374e-01  5.2373814525e-01 -1.1229560075e+00  7.8599825058e-01  3.9556957505e+00 -3.5888450970e+00 -7.1906865271e-01  5.1986322550e+00 -1.5674729321e+00 -2.1975526458e-01  2.1018168693e+00 -3.9440498982e-01  2.5448486956e+00  5.0324158067e+00 -4.0617271682e+00 -1.4119766414e+00  6.2497835316e+00 -2.0691012421e+00 -9.3135918248e-01  2.8784088293e+00 -1.8591755408e+00  7.0831300848e-01  3.9509562508e+00 -2.2787789445e+00 -1.2569593670e-01  7.2842895775e-01 -3.8080155840e-01  2.0320871366e+00  3.0842288844e+00 -1.0475549474e+00  1.8738378978e+00  6.1691358614e+00 -3.3002646696e+00 -1.5344309033e+00 -1.8913193975e-01  2.2933898284e-01  2.6135391088e+00  4.3552643648e+00 -1.0184633360e+00  2.3901605587e+00  1.3475653651e+00 -2.3205244480e+00 -7.6011409209e-01 -4.6657568899e-01 -1.0771005186e+00  3.4218735395e-01  3.0891691274e+00 -4.2312927884e+00 -6.0448125781e-01  5.3059818580e+00 -5.9557054685e-01  2.4422848372e-01  2.3137816483e+00  1.2399887664e-01  3.4744999170e+00  5.0682965262e+00 -5.0541200595e+00 -1.8469204841e+00  7.1826668127e+00 -1.5322678870e+00 -1.0619786719e+00  6.9674429595e+00 -3.6664651921e+00 -2.0359768574e+00
ENERGY -6.538749080864e+02
GRADIENT  2.0482693101e-03  1.3898064096e-02 -4.0435713219e-03  1.7215702773e-04  1.2745038286e-05  7.6011536161e-05  7.3427142144e-03 -5.2913930562e-03  1.1799770192e-02  1.0301873526e-04 -1.0877993480e-04 -8.5027506415e-05  2.7759399368e-05 -4.1130366313e-05 -7.9152849106e-05 -2.8124373123e-06  2.9829239010e-05 -2.2188039907e-06 -5.2965165194e-05 -9.2857976762e-06  2.0535009600e-06  7.8654622355e-04 -2.3569398900e-02  1.2151398688e-02 -1.0030819746e-02  1.5076074839e-02 -1.9906306241e-02 -1.2326310198e-04  3.1123552367e-05  3.5585209012e-05 -2.4645556080e-04 -3.8921612396e-06  6.3739845504e-05  5.3520409367e-05 -3.9050889013e-05 -5.8564079613e-06 -5.7081710636e-05  7.3457267698e-05  4.8129897895e-05 -1.6767692709e-05  3.5716860712e-06 -3.8958197192e-05  5.3761285077e-06 -5.6227566290e-06 -6.6766190658e-06  1.8415110759e-05 -5.8223073617e-06  1.9641030736e-05 -5.1011588913e-06  3.0146338521e-06 -6.6245134578e-06 -1.3119620128e-05  7.0105584996e-06  7.0695247762e-06 -2.8967072947e-05 -1.4190217091e-05  2.8622773794e-06  4.9905581766e-06  9.6549586568e-06  3.7931613581e-07 -4.3317121253e-06 -2.0964629731e-06 -3.1015150290e-06  3.5798248210e-06  2.9714392344e-06 -5.3653392531e-06

JOB 8
COORDS  1.5737733029e+00 -1.8647165532e+00  2.2550692643e-01  5.2474766680e-01 -1.2333160720e+00  8.2292444389e-01  3.9179699178e+00 -3.5021276820e+00 -7.7169470739e-01  5.2974128154e+00 -1.6063630547e+00 -1.3707291940e-01  2.0786175273e+00 -3.0778864758e-01  2.5120574808e+00  4.9663178740e+00 -4.0060156465e+00 -1.4826872459e+00  6.3156822557e+00 -2.1388956243e+00 -8.7149740493e-01  2.9294961114e+00 -1.7763292196e+00  7.1427893939e-01  4.0025100341e+00 -2.2375887435e+00 -8.3980882035e-02  6.9882229307e-01 -4.1949490126e-01  2.0299552253e+00  3.0956655477e+00 -9.1875964216e-01  1.8546149294e+00  6.1570065478e+00 -3.3234783364e+00 -1.5498521582e+00 -2.5110885366e-01  1.4537691305e-01  2.6031020132e+00  4.3635771216e+00 -7.8575896203e-01  2.3594091731e+00  1.4019942782e+00 -2.4264951533e+00 -6.9012958716e-01 -4.7705447311e-01 -1.2869994752e+00  4.0653547824e-01  3.0099202625e+00 -4.0909591756e+00 -7.0887998988e-01  5.4703107161e+00 -6.7162098128e-01  3.7834303381e-01  2.2675593814e+00  2.6635669203e-01  3.4133857257e+00  4.9324567109e+00 -4.9655007294e+00 -1.9863747265e+00  7.2845378620e+00 -1.6611088496e+00 -9.6414069220e-01  6.9317665447e+00 -3.7128659980e+00 -2.0699420303e+00
ENERGY -6.538826452405e+02
GRADIENT  1.0155098115e-03  9.1272859231e-03 -4.3624128528e-03 -1.3488098072e-05 -1.0454206775e-05 -3.4615555980e-05  3.9948843703e-03 -4.6254120405e-03  8.2307456905e-03 -3.3059039488e-05  1.9509647843e-04  1.0707060306e-04 -9.2646708615e-05 -1.4013987260e-04 -2.1484331554e-04  1.1629747199e-05 -1.7772818742e-04 -1.0814406981e-04 -1.2961281219e-05  2.2994437222e-06  1.2894277137e-05  2.2618375040e-04 -1.6362461829e-02  1.0872795381e-02 -5.4737403946e-03  1.1855761109e-02 -1.4779763248e-02 -6.9301733602e-06  6.0169056399e-05  8.9963441994e-05  4.6766089011e-04  6.0234892346e-05  8.1402592005e-05 -1.0001586625e-04  3.1954186745e-05  7.4123369063e-05 -6.8986684765e-05  1.5767173783e-06  5.5777327753e-06  8.8580955733e-05  2.5138440806e-05  1.0786842600e-04 -3.7309357452e-06 -8.6269499706e-06 -5.1918720373e-06 -1.4402309686e-06  1.1018305320e-05  3.5339437361e-06  7.6647486549e-06  4.8190587616e-06 -5.0066605831e-06  5.1885470256e-06 -1.9622308927e-05 -2.9855108074e-05  3.3704952216e-06 -1.4271722955e-05 -3.4036404467e-05 -6.7249270240e-06 -1.8695736026e-05  2.4064833286e-06 -4.0287387806e-06  3.4767947634e-06  6.1838048781e-06 -1.6870923289e-05 -8.4117682156e-06 -5.5594659286e-06

JOB 9
COORDS  1.5803407493e+00 -1.9164872356e+00  2.6187099089e-01  5.1022099613e-01 -1.3352423621e+00  8.6983569389e-01  3.8814598799e+00 -3.4290711193e+00 -8.4112783106e-01  5.3563940689e+00 -1.6624359461e+00 -6.6277614756e-02  2.0474001061e+00 -2.2951390759e-01  2.4601567161e+00  4.9177489770e+00 -3.9580658814e+00 -1.5495755839e+00  6.3600605576e+00 -2.2189241892e+00 -8.0142123066e-01  2.9457043319e+00 -1.7053052893e+00  6.8741616330e-01  4.0233870722e+00 -2.2188144908e+00 -6.4407609074e-02  6.6474429971e-01 -4.5302820745e-01  2.0312811206e+00  3.0833265635e+00 -8.0532075714e-01  1.8014664500e+00  6.1520261879e+00 -3.3551700590e+00 -1.5462879977e+00 -3.0378792129e-01  7.3184279499e-02  2.6085984583e+00  4.3473792835e+00 -5.7251563320e-01  2.2775118302e+00  1.4085597402e+00 -2.5278081802e+00 -6.1981227223e-01 -4.9950965460e-01 -1.4852989620e+00  4.9852802597e-01  2.9417807438e+00 -3.9674890897e+00 -8.4625722310e-01  5.5749753173e+00 -7.6527080025e-01  4.9434154268e-01  2.2261756233e+00  3.9647506675e-01  3.3283734036e+00  4.8333513893e+00 -4.8777779416e+00 -2.1174907322e+00  7.3574158168e+00 -1.7957255834e+00 -8.4329921892e-01  6.9144255097e+00 -3.7616525243e+00 -2.0711830403e+00
ENERGY -6.538874357568e+02
GRADIENT  2.6120273134e-04  4.4404651818e-03 -2.9222373144e-03  2.2739739751e-05 -5.1486728912e-06 -2.1094433047e-05  1.5239338335e-03 -2.8474687742e-03  4.2534837067e-03  6.1755603341e-06  6.4444971045e-05  1.9420662352e-05 -6.7056527422e-05 -1.4147144376e-04 -1.8573424679e-04  7.3726912508e-06 -9.0167388091e-05 -7.0097306899e-05  5.0152786247e-05  2.6187990433e-05 -7.3734534156e-08  3.0330068455e-04 -8.3508531594e-03  6.7058533548e-03 -2.2228949698e-03  6.7576442681e-03 -8.0469469229e-03 -3.5404975353e-05  5.5212814067e-05  1.0149568466e-04  2.6257138706e-04  6.0869823940e-05  7.6128697664e-05 -9.5078778854e-05  2.9613951685e-05  7.1964502232e-05 -6.5641595663e-05  6.7998776769e-06  1.4388920302e-05  5.7891454628e-05  3.2369179444e-05  9.5078019734e-05  1.4184262547e-05 -1.8971092047e-05 -1.6834291528e-05  9.5278535879e-07  1.3753410601e-05  8.5119836601e-06 -2.0788008831e-05  8.5665281123e-06 -2.4905935766e-07  1.4826481165e-05 -2.5725699843e-05 -3.9785577265e-05 -1.2614999781e-06 -1.5685051053e-05 -2.6056708259e-05 -1.1134682503e-05 -7.5324131610e-06 -1.9261553860e-06  1.1106568393e-06  6.7407253631e-06  2.2320702827e-06 -1.2517078355e-05  6.0741916925e-06 -9.1192586716e-06

JOB 10
COORDS  1.5853937176e+00 -1.9730262896e+00  3.2230757638e-01  5.0873593497e-01 -1.4289095698e+00  9.5042272570e-01  3.8599716476e+00 -3.3481774189e+00 -9.3228949682e-01  5.4017090195e+00 -1.7313987902e+00  1.1743432483e-02  2.0379125710e+00 -1.4743398280e-01  2.4045530618e+00  4.8921319259e+00 -3.8921426564e+00 -1.6341034338e+00  6.4006100153e+00 -2.3022639151e+00 -7.1778233985e-01  2.9567684705e+00 -1.6545579347e+00  6.6076883633e-01  4.0371365512e+00 -2.2099847333e+00 -5.5152509723e-02  6.5514987089e-01 -4.7129252935e-01  2.0513214611e+00  3.0789496188e+00 -7.0291814422e-01  1.7372661566e+00  6.1607024470e+00 -3.3751936986e+00 -1.5419421263e+00 -3.1895894433e-01  3.0219081218e-02  2.6400035734e+00  4.3382874935e+00 -3.6554296715e-01  2.1597256450e+00  1.4009637536e+00 -2.6481657105e+00 -5.0670729790e-01 -5.0443955749e-01 -1.6740424699e+00  6.4482339979e-01  2.8946912775e+00 -3.8264312346e+00 -1.0301480510e+00  5.6554315418e+00 -8.8509784121e-01  6.3097933041e-01  2.2170797480e+00  5.3882181175e-01  3.2258686859e+00  4.7707127818e+00 -4.7555760601e+00 -2.2785210237e+00  7.4215175351e+00 -1.9380041492e+00 -6.9128919918e-01  6.9178921800e+00 -3.7916825412e+00 -2.0663201735e+00
ENERGY -6.538893983879e+02
GRADIENT -6.4063070726e-05  1.0922834442e-03 -7.6409950131e-04  5.4482240414e-05  6.0412944180e-07 -1.5892207526e-06  1.2482328655e-04 -8.9623351158e-04  9.7846388955e-04  4.5929236735e-05 -1.3912773007e-05 -3.1234071399e-05  6.8234767330e-05 -2.7082481335e-05 -1.3564404440e-05  1.0852908474e-05  5.6722933866e-05  3.8666318943e-05  1.2444998119e-04  3.4262366320e-05  6.6880973499e-06  2.1004593700e-04 -2.0886998950e-03  1.7289921806e-03 -2.6311859353e-04  1.7635337871e-03 -2.0174159350e-03 -6.9721684880e-05 -5.6780633031e-06  3.0807003595e-05 -6.7322111545e-05  1.2677312237e-05 -3.9949559877e-05 -6.6799070355e-05  4.5062843791e-05  1.3965820980e-05 -1.9161187195e-05  3.1100359908e-05  1.9604765313e-05 -7.0258770363e-05 -1.1366837035e-05  3.5205085103e-05  1.9503973513e-05  1.1314348786e-05  2.0657540075e-05  5.1648295534e-06  1.7492498755e-05  1.3556256839e-05 -7.7459732590e-06 -9.1781125005e-06 -6.4225274978e-06  2.6562591092e-05 -2.3547244694e-05 -3.1659840188e-05 -1.4164004835e-05 -1.9853344583e-07  4.8509405721e-06 -9.4971756144e-06  5.8577416163e-06  8.7499828953e-06  9.1154763305e-06  5.6853504700e-06  6.1679640566e-06  8.4611645152e-06  4.7106893297e-06  1.5624028847e-05

JOB 11
COORDS  1.5918205670e+00 -2.0545769315e+00  4.0655045924e-01  5.1542087455e-01 -1.5395455895e+00  1.0579813218e+00  3.8391494323e+00 -3.2401677152e+00 -1.0564686588e+00  5.4288102163e+00 -1.8313360469e+00  1.0793298354e-01  2.0256184187e+00 -4.8453213571e-02  2.3138376828e+00  4.8710510065e+00 -3.8006357080e+00 -1.7449284491e+00  6.4284876735e+00 -2.4212601375e+00 -6.0487606090e-01  2.9579685381e+00 -1.6290349871e+00  6.3842430046e-01  4.0381525551e+00 -2.2005111103e+00 -6.6363082134e-02  6.5205960951e-01 -4.8829129270e-01  2.0705563730e+00  3.0671523002e+00 -5.9253340426e-01  1.6381778322e+00  6.1667313764e+00 -3.4017551561e+00 -1.5304099095e+00 -3.2142291415e-01 -6.6670322300e-03  2.6761254653e+00  4.3126172760e+00 -1.0756018893e-01  1.9418108528e+00  1.4055365573e+00 -2.8292269284e+00 -3.2825235080e-01 -4.9043039018e-01 -1.8922768851e+00  8.4840003011e-01  2.8500760207e+00 -3.6111752710e+00 -1.2850806741e+00  5.7093998910e+00 -1.0693658717e+00  8.1682948904e-01  2.1994844328e+00  7.2891539312e-01  3.0507831729e+00  4.7238975828e+00 -4.5783551961e+00 -2.4858935994e+00  7.4701876901e+00 -2.1484376593e+00 -4.7789795479e-01  6.9228484729e+00 -3.8277164309e+00 -2.0485829225e+00
ENERGY -6.538896522642e+02
GRADIENT  4.7917717028e-05  2.3943114696e-04  2.1607501889e-04 -1.2051863898e-04 -8.3245797077e-05 -4.4019512453e-05 -1.2256830979e-04 -6.1095306759e-05 -2.0489674961e-05  1.0115336197e-04  1.1951570480e-05  8.6169521404e-06  1.0645788762e-04  4.1399021959e-05  8.4755394746e-05  1.7127161216e-05  1.8688522357e-05  1.5752443578e-05  1.1344103373e-04  2.6824115123e-05  1.5182307067e-05  6.8939650914e-05 -1.7203881414e-04 -1.6576441557e-04  1.9553951735e-04 -3.6285176307e-05 -7.3438708603e-05  2.7627379684e-07 -8.6560486172e-06 -3.4581200393e-05 -1.4731403008e-04 -7.7023319048e-05 -7.7926005559e-05 -9.7619333268e-05  6.2165150959e-05  3.0941787074e-05 -6.2613331603e-06 -4.9664551570e-07  1.2128427147e-05 -1.9429792673e-04  3.6689592083e-05  4.1719484866e-05  2.7092789644e-05  4.3611706915e-05  2.2924210297e-05 -2.3236876183e-05  1.8328537862e-05  1.0089237777e-05 -1.3753914215e-05 -1.9934633112e-05 -1.1854799770e-05  4.2202585234e-05 -6.0034219413e-05 -5.6544889943e-05 -2.6224358418e-05  2.2475228840e-05  7.3214673778e-06 -1.3246229377e-05  2.7808149323e-06  9.8981505921e-06  4.7937733530e-06  7.8157974602e-06  1.4188452855e-05  2.8156591980e-07  4.4480313932e-06  1.7453284253e-05

JOB 12
COORDS  1.6070127888e+00 -2.1401384229e+00  4.9021749169e-01  5.3884563001e-01 -1.6449281463e+00  1.1711106489e+00  3.8236073239e+00 -3.1218307732e+00 -1.1717349348e+00  5.4273482378e+00 -1.9334510627e+00  2.0562812255e-01  2.0162232833e+00  3.5917491992e-02  2.2138414547e+00  4.8581655201e+00 -3.6950174293e+00 -1.8462622356e+00  6.4292222241e+00 -2.5394641979e+00 -4.9074501237e-01  2.9501524562e+00 -1.6133813652e+00  6.1261151207e-01  4.0323932784e+00 -2.1956813542e+00 -7.8662796062e-02  6.6300818639e-01 -5.0682859056e-01  2.0875314186e+00  3.0531274111e+00 -5.0294572786e-01  1.5267432315e+00  6.1608077320e+00 -3.4187201420e+00 -1.5119352397e+00 -3.0500047747e-01 -3.8153285984e-02  2.7122413351e+00  4.2777464220e+00  9.2113898599e-02  1.6829073013e+00  1.4469156216e+00 -3.0055050901e+00 -1.4430197464e-01 -4.4740486572e-01 -2.0891814984e+00  1.0713100204e+00  2.8247102757e+00 -3.3621660012e+00 -1.5101450445e+00  5.7070533879e+00 -1.2615586401e+00  1.0021233556e+00  2.1737135976e+00  8.9327692264e-01  2.8601701566e+00  4.7093781142e+00 -4.3752110145e+00 -2.6773650306e+00  7.4769154613e+00 -2.3663830539e+00 -2.7163176120e-01  6.9187476845e+00 -3.8506005368e+00 -2.0226038773e+00
ENERGY -6.538893985522e+02
GRADIENT  2.4059821773e-04 -7.4545097024e-04  1.0883754672e-03  5.1440765114e-05 -3.0914810990e-06  1.1066390520e-05 -1.1473956259e-04  9.9000602244e-04 -9.0255876835e-04  4.1533659007e-05  4.1261434363e-05  4.4507741720e-05  5.9107058847e-05 -3.1209294209e-05  4.1677956365e-06  2.8289472671e-05  9.2561103192e-05  1.1168214097e-04 -5.8875463966e-05 -1.3702389766e-05 -8.7103611333e-06 -3.4115592329e-04  1.7276239312e-03 -2.1279001684e-03  2.3620971640e-04 -2.0569593095e-03  1.8541070242e-03 -7.2802596589e-05  3.8418559570e-05  4.4739225852e-06 -3.6513744339e-05 -1.0239971563e-05 -5.1389333026e-05  8.7543163338e-05 -2.5040584167e-05 -8.6626185472e-05 -2.9350406963e-05  2.1079946730e-05  3.5327211674e-05 -5.7883242785e-05 -1.5497251185e-05 -3.9533723163e-07  2.3886964339e-05  1.7289429235e-05 -1.4010891583e-06  3.0556722008e-06  1.7384657229e-05  1.1453003918e-05 -1.7813286603e-05 -6.5316469254e-06  3.6158968062e-06  1.3782125083e-05 -5.3179713020e-06 -8.2710809508e-06 -1.7471809390e-05  5.9632331612e-06 -1.3507372690e-06  5.6422070438e-06  2.4549812305e-06  1.4152855457e-05 -1.5517762712e-06 -6.2767658899e-06 -5.4054770374e-06  9.9713479235e-06 -1.1967173104e-05  8.6330651919e-06

JOB 13
COORDS  1.6180833357e+00 -2.2005815385e+00  5.4965458883e-01  5.6410316355e-01 -1.7208672154e+00  1.2649065260e+00  3.8206985808e+00 -3.0306437070e+00 -1.2555300281e+00  5.4030004389e+00 -2.0160799239e+00  2.8142241943e-01  2.0067111309e+00  9.2855947631e-02  2.1293423708e+00  4.8621479898e+00 -3.6093591303e+00 -1.9159477926e+00  6.4122694250e+00 -2.6263970145e+00 -4.0149747507e-01  2.9289575044e+00 -1.5913533778e+00  5.6573863270e-01  4.0188261274e+00 -2.2076638265e+00 -8.4392232484e-02  6.7746466172e-01 -5.2183306043e-01  2.1020174644e+00  3.0344627880e+00 -4.4225898453e-01  1.4250722428e+00  6.1551369602e+00 -3.4244401591e+00 -1.4905934520e+00 -2.8096369176e-01 -6.1085150112e-02  2.7480196536e+00  4.2429434297e+00  2.0218590554e-01  1.4772106820e+00  1.4866962486e+00 -3.1163774455e+00 -2.0162368672e-02 -3.9704878987e-01 -2.2269398713e+00  1.2605610038e+00  2.8260644767e+00 -3.1762353600e+00 -1.6585458496e+00  5.6633489135e+00 -1.4060063871e+00  1.1340623638e+00  2.1497304810e+00  9.9542464688e-01  2.7146750889e+00  4.7313361551e+00 -4.2094161403e+00 -2.8094447047e+00  7.4542735650e+00 -2.5224078707e+00 -1.2045154391e-01  6.9192724535e+00 -3.8552734872e+00 -1.9930653971e+00
ENERGY -6.538874350863e+02
GRADIENT  1.2296127177e-03 -2.8816501505e-03  4.2689676901e-03  8.0189514867e-05  8.8808294058e-05  2.7537745331e-05  5.2696050656e-04  4.3323556725e-03 -3.1092259310e-03 -3.7662446222e-06 -9.9881086686e-07 -7.5734832688e-06  2.7033626351e-05  2.5089052720e-04  8.8821653743e-05  7.9824346521e-06  2.2630214380e-05  3.9814185555e-05 -1.5162195123e-05 -1.8476759672e-05  1.6969867952e-05 -1.6729006299e-03  6.4863835395e-03 -8.3117009759e-03 -2.8537901092e-04 -8.0936951034e-03  7.0665325554e-03  3.3331025672e-05 -5.8802366761e-05 -6.2621915769e-05 -2.2438591784e-07 -7.5458166731e-05 -3.0553817215e-05  4.7566505796e-05  7.7108648368e-06 -5.6503915560e-05  5.5815892009e-05  1.8422322542e-05 -2.3826906441e-05 -1.0290930219e-04  3.5859583322e-05  6.2267940599e-05  3.3667142490e-05 -5.4018409683e-05  3.8829321976e-07  2.0598478954e-05 -2.0306348752e-05 -2.2631343362e-06 -1.7716471013e-05  1.1863175694e-05  2.0970274669e-05  2.3306920135e-07 -4.4096578567e-05 -2.0349994983e-05  1.6306908295e-05  1.6026304255e-05  3.6818796108e-05  4.9709199536e-06  2.7500849544e-06 -5.2474866316e-09  6.6116932830e-06  8.1405229296e-06 -1.8727498715e-05  2.1477061360e-06 -2.6553687851e-05  2.0790929387e-05

JOB 14
COORDS  1.6184948926e+00 -2.2422436437e+00  5.9399241404e-01  5.9466274371e-01 -1.7715840630e+00  1.3595759632e+00  3.8339193802e+00 -2.9649470174e+00 -1.3445825319e+00  5.3584020099e+00 -2.0999695547e+00  3.3563277713e-01  2.0164915284e+00  1.3322187611e-01  2.0454988366e+00  4.8915195887e+00 -3.5427878964e+00 -1.9817061735e+00  6.3857865133e+00 -2.7057820313e+00 -3.2555486575e-01  2.8958635580e+00 -1.5770669693e+00  4.8851156263e-01  3.9940517695e+00 -2.2374688214e+00 -1.0979183417e-01  7.1275844983e-01 -5.3103063295e-01  2.1317606409e+00  3.0190752363e+00 -4.0119374864e-01  1.3046122638e+00  6.1621108198e+00 -3.4317249896e+00 -1.4706706840e+00 -2.1933343113e-01 -7.4899659662e-02  2.8195236903e+00  4.2132114136e+00  2.7105001047e-01  1.2554608806e+00  1.4958726328e+00 -3.1873517389e+00  6.9267533599e-02 -3.3969038465e-01 -2.3183549229e+00  1.4482432367e+00  2.8544512085e+00 -3.0412461015e+00 -1.8030254319e+00  5.5850029886e+00 -1.5403316078e+00  1.2327756764e+00  2.1588763159e+00  1.0675919911e+00  2.5788426663e+00  4.7963262716e+00 -4.0730147624e+00 -2.9225658718e+00  7.4138740126e+00 -2.6544714101e+00  1.4939894401e-02  6.9403445303e+00 -3.8536773359e+00 -1.9592188022e+00
ENERGY -6.538826457571e+02
GRADIENT  2.6486514325e-03 -3.7076980026e-03  9.2106650667e-03  1.9319302700e-04  1.1481053435e-04  5.2943876435e-06  2.3401379539e-03  8.5222737628e-03 -5.4014463340e-03  9.1610721911e-05 -1.0505149979e-04 -1.2858732832e-04  9.5734168528e-05  2.3729936352e-05  1.4733699202e-05 -5.8173962560e-08  7.5448576160e-05  1.1887156436e-04 -1.7755303616e-05 -4.0306780498e-06 -7.8036913016e-06 -2.5753814011e-03  9.9954569997e-03 -1.6757124311e-02 -2.2803844706e-03 -1.4871167160e-02  1.2879884265e-02 -1.3804186734e-04 -7.6714547785e-06  2.1104643584e-05 -3.3337371401e-04 -2.4630350045e-05  6.3297308897e-05  7.4577490838e-05 -2.5058487115e-05 -5.5184433044e-05 -1.2800128229e-05  3.3585353347e-05  6.4302416792e-05 -8.8354696951e-05 -1.5780806713e-05 -3.8641418435e-07  2.2647996525e-06  3.1131865251e-06 -2.6191783317e-05  1.7723168928e-05  2.1608025827e-05 -1.3412488197e-05 -1.6571673797e-05 -8.5040062853e-06  1.7222419013e-06  5.3852283028e-06 -1.6979304008e-05 -8.4226774580e-06 -3.7707175639e-05  1.3638340221e-05 -1.5398749254e-06  7.1277896550e-06  9.0695054900e-07  1.4441885938e-05 -2.1494616130e-06 -8.9417978120e-06 -8.5109374823e-07  9.3834581073e-06  3.6707304437e-06  1.6007365198e-06

JOB 15
COORDS  1.6012866598e+00 -2.2845737925e+00  6.5515842769e-01  6.1944012850e-01 -1.8066707788e+00  1.4724512429e+00  3.8546827405e+00 -2.9020772443e+00 -1.4301879292e+00  5.2814651564e+00 -2.1842385895e+00  3.9622603076e-01  2.0271675315e+00  1.6806767355e-01  1.9635102266e+00  4.9415975980e+00 -3.4585609682e+00 -2.0401261078e+00  6.3415785958e+00 -2.7637559276e+00 -2.3890963573e-01  2.8385771527e+00 -1.5828916259e+00  4.1698324730e-01  3.9486361801e+00 -2.2776995505e+00 -1.3816407708e-01  7.5198935185e-01 -5.2549095411e-01  2.1702356241e+00  2.9936812280e+00 -3.8014061103e-01  1.1841619899e+00  6.1768530137e+00 -3.4070089153e+00 -1.4411032896e+00 -1.4471629378e-01 -5.7442756028e-02  2.8975937657e+00  4.1736599996e+00  3.0329271216e-01  1.0321501022e+00  1.4769195130e+00 -3.2573220355e+00  1.8211769862e-01 -2.8498060558e-01 -2.3784807174e+00  1.6592571746e+00  2.9015291228e+00 -2.9214332637e+00 -1.9476321490e+00  5.4551439900e+00 -1.6827712975e+00  1.3394351479e+00  2.1780224055e+00  1.1303695339e+00  2.4422312157e+00  4.9019281511e+00 -3.9129986915e+00 -3.0236119077e+00  7.3477549392e+00 -2.7541833326e+00  1.6490571398e-01  6.9788339178e+00 -3.8077965100e+00 -1.9092183809e+00
ENERGY -6.538749083388e+02
GRADIENT  4.6904407706e-03 -3.6515405275e-03  1.3240139789e-02 -9.3304738362e-05 -5.0168522386e-05  1.9258088564e-05  4.3443684924e-03  1.2517451686e-02 -6.3593168140e-03 -9.3475003454e-05  1.3345334943e-04  1.9573321944e-04 -8.7586288131e-06  3.6375644635e-05  3.4188564503e-05  1.6128782417e-05  1.6576503436e-05  7.2385000150e-06  1.8228898048e-05  1.1971784172e-05 -1.7557284651e-06 -4.9505785084e-03  1.1911356927e-02 -2.3329293478e-02 -4.3381773834e-03 -2.0903929005e-02  1.6327657304e-02  6.4885172887e-05 -1.2594595155e-05 -3.8594446862e-05  3.5407892137e-04  1.0132696665e-05 -6.3289698597e-05 -1.4365553608e-05 -1.5568035931e-06  1.1897388491e-05  1.4623135322e-05 -1.4733266536e-05 -1.9972051412e-05 -8.1171265063e-06  1.6964024657e-05  1.0092530590e-05 -8.2464671181e-06  5.2938774076e-06  1.0417530808e-05 -8.3631951355e-06 -9.8727717104e-06  1.8307945692e-06  4.2489355183e-07 -1.2386344772e-06 -4.4394386097e-06  4.9618807803e-06 -2.1024889806e-06 -9.7238529310e-07  8.8921014210e-06  5.9450899481e-06  2.7103657737e-06 -6.1239446919e-06  2.3611668267e-06  4.0916255694e-06 -3.0837702524e-07  1.3497411764e-06  6.0320320965e-06  1.6648784482e-06  1.4642948809e-06  5.3991855840e-06

JOB 16
COORDS  1.5670052984e+00 -2.3457697788e+00  7.3018737058e-01  6.3864367608e-01 -1.8404315941e+00  1.5954059581e+00  3.8804629633e+00 -2.8533461599e+00 -1.5273238392e+00  5.1766161423e+00 -2.2984900840e+00  4.3891555428e-01  2.0346425800e+00  1.7894260487e-01  1.8694754525e+00  5.0072669714e+00 -3.3672527892e+00 -2.1071237102e+00  6.2811499903e+00 -2.8300249591e+00 -1.6498284152e-01  2.7602193160e+00 -1.6350878512e+00  3.4837539633e-01  3.8837943230e+00 -2.3474165511e+00 -1.8616996675e-01  7.9213453415e-01 -5.2072291058e-01  2.2078962939e+00  2.9528020666e+00 -4.0179048567e-01  1.0537380684e+00  6.1967431684e+00 -3.3724591818e+00 -1.4219883950e+00 -5.8882583144e-02 -2.5236599300e-02  2.9731909019e+00  4.1178288310e+00  2.7774498324e-01  7.9327421736e-01  1.4285541640e+00 -3.3460149371e+00  3.2169087351e-01 -2.3343477049e-01 -2.4207225202e+00  1.8827950969e+00  2.9641398849e+00 -2.8200960216e+00 -2.1073921247e+00  5.2821923355e+00 -1.8696674750e+00  1.4279630415e+00  2.2034001627e+00  1.1688127930e+00  2.2815641989e+00  5.0369024709e+00 -3.7326837243e+00 -3.1272850006e+00  7.2578057715e+00 -2.8575290131e+00  3.0505138429e-01  7.0290625890e+00 -3.7383963329e+00 -1.8659548221e+00
ENERGY -6.538649075821e+02
GRADIENT  6.2973409967e-03 -1.7121282195e-03  1.6306223249e-02 -1.0505841962e-04 -4.0120377765e-05  3.8190575281e-05  7.0218951147e-03  1.5284166560e-02 -5.8881473000e-03  4.1663858520e-05 -1.0093396412e-04 -2.4703292788e-04 -2.8057307442e-05  6.0800697388e-05  2.5001304000e-05 -8.8711258278e-06  6.9970510835e-05  2.2512089062e-04  3.5160839560e-05 -2.4276249559e-05  7.4141123247e-06 -5.6059530368e-03  1.0734593548e-02 -2.7476698312e-02 -7.6503334040e-03 -2.4079602636e-02  1.7001199714e-02  7.1064667746e-05 -2.8138109776e-05 -3.7039630428e-05 -2.2504609816e-04 -5.4350008112e-05  7.0095037172e-05  1.2404914956e-04 -2.0321565204e-05 -6.2417440189e-05  1.3682005044e-05 -1.0713421897e-05 -1.5865098021e-05  9.4279377750e-06 -5.7288715041e-05  2.6370380683e-06  1.7938805289e-05  4.3978032545e-06  2.1229995782e-05 -1.0847395404e-05 -7.5183621880e-06  1.8380433379e-06 -1.9448884871e-05  2.4877244699e-06  5.5488347451e-06 -2.1837002827e-06  6.8372434016e-06  1.3628003452e-05  7.4996623494e-06  1.4041105688e-05 -8.8138222067e-06  8.5376094850e-06  8.2657394681e-06  1.6769241111e-05  1.0788277935e-05  1.0262349978e-06 -1.1263446281e-05  1.8959840877e-05 -5.0200727121e-06  1.8413529783e-05

JOB 17
COORDS  1.5494256522e+00 -2.3909268441e+00  8.1658831133e-01  6.8233479936e-01 -1.8455415600e+00  1.7240329004e+00  3.9172025900e+00 -2.7892574329e+00 -1.6084573574e+00  5.0685980882e+00 -2.4125449945e+00  4.8013889767e-01  2.0565364528e+00  2.0182329758e-01  1.7663150740e+00  5.0864644373e+00 -3.2507740998e+00 -2.1549323280e+00  6.2195932694e+00 -2.8861635531e+00 -8.9154063469e-02  2.6850609682e+00 -1.6851260399e+00  2.8921734481e-01  3.8266828953e+00 -2.4074836599e+00 -2.3629587177e-01  8.5670797142e-01 -4.9040353445e-01  2.2421210387e+00  2.9180223792e+00 -4.1948056585e-01  9.1593664162e-01  6.2228901162e+00 -3.3136290507e+00 -1.3899921470e+00  5.8438212050e-02  4.0890840316e-02  3.0422734881e+00  4.0615425066e+00  2.4617482318e-01  5.3990312674e-01  1.3967076836e+00 -3.4164271281e+00  4.8205007862e-01 -1.5237833223e-01 -2.4212714196e+00  2.1135431987e+00  3.0422269364e+00 -2.7013441466e+00 -2.2440560643e+00  5.0973897092e+00 -2.0668492341e+00  1.5070110996e+00  2.2417284687e+00  1.2168718279e+00  2.1036062654e+00  5.1912051183e+00 -3.5215025083e+00 -3.1992666618e+00  7.1626569581e+00 -2.9535166355e+00  4.4164018082e-01  7.0872406259e+00 -3.6369496041e+00 -1.8062365997e+00
ENERGY -6.538537324758e+02
GRADIENT  7.9003974031e-03 -7.2529150827e-05  1.6819591724e-02 -2.5863426518e-05 -9.0361665864e-06  8.4953826571e-06  8.3789789921e-03  1.6538545588e-02 -4.0021721616e-03 -1.0968671756e-04  1.0778271252e-04  2.3594944935e-04  4.2210159808e-05  8.9183787387e-05  2.3162897078e-05  1.5998836210e-05  8.7481099395e-07 -3.0035291835e-05 -7.6789616698e-05  2.3519925102e-05 -6.6607382982e-05 -7.6010476991e-03  8.7848049331e-03 -2.7562462959e-02 -8.6431841339e-03 -2.5302703458e-02  1.4640266345e-02  5.8327079953e-06 -3.4841771478e-05 -3.0869467769e-06  1.3490606230e-04 -6.8793503793e-05 -4.8905365470e-05  4.2368023794e-05 -4.0090908354e-05 -4.9312934441e-06  5.4460367174e-06  1.6099877332e-05 -6.1187759894e-06 -4.2954104237e-05 -5.2776609648e-05  5.6290480192e-06  1.1277748492e-06  1.9016914440e-05 -1.0221594069e-05  4.1891113092e-07  3.0182431194e-06  8.0275737843e-06  4.6866892202e-06  6.0783028339e-06  7.2619839776e-06 -1.1921578772e-05  1.7512412544e-05  4.8900955666e-06 -1.1075839583e-06  1.4066942852e-05  1.0701335402e-05  5.1878146356e-06  1.5086220958e-07 -1.7004569135e-06 -4.1414646247e-06 -3.6009402925e-06 -4.1971141511e-06  1.7306063892e-06  9.2951941747e-07 -1.0814811125e-05

JOB 18
COORDS  2.4418587333e+00 -4.3360417298e-01  2.0649191933e-01  1.6407411814e+00  2.7694365580e-01  1.0547587873e+00  4.9129452722e+00 -2.9150291107e+00  5.5084801526e-01  4.0650189826e+00 -2.3257066572e+00 -1.6402549683e+00  1.1790181196e+00 -1.7900869590e+00  2.3314115028e+00  6.0988458150e+00 -3.2704798046e+00 -2.6257027184e-02  5.2605923517e+00 -2.7026530871e+00 -2.1857426322e+00  2.6441150458e+00 -1.8521020583e+00  3.3511190291e-01  3.7982550994e+00 -2.4735346599e+00 -2.3636169610e-01  9.1926897502e-01 -3.5802970152e-01  2.1601037155e+00  2.0338720718e+00 -2.4318815349e+00  1.4937393034e+00  6.2652914923e+00 -3.1857903017e+00 -1.3882960553e+00  1.5844187513e-01  2.7412955073e-01  2.9194604495e+00  2.3092349171e+00 -3.7581872193e+00  1.7150397648e+00  2.9860925758e+00  8.6662438856e-02 -5.7989897529e-01  1.5460811106e+00  1.3549685090e+00  9.6026183008e-01  4.8229568131e+00 -2.9636279750e+00  1.6298702348e+00  3.2880598372e+00 -1.9459215367e+00 -2.2949368933e+00  6.8651829281e-01 -2.3168866049e+00  3.1424594738e+00  6.9679525517e+00 -3.5739704501e+00  5.4642307423e-01  5.4736399379e+00 -2.6481222651e+00 -3.2473910554e+00  7.1489910520e+00 -3.4537401816e+00 -1.8017340707e+00
ENERGY -6.538656154518e+02
GRADIENT  9.1653538647e-03  2.6564106067e-03  1.5303867245e-02 -3.4574095270e-05  1.6628904081e-04 -6.9293838438e-06  7.7703253241e-03  1.6733817377e-02 -1.9111859885e-03 -5.6209554529e-04  2.2264973263e-04 -2.5678660445e-04 -7.8914929327e-05 -9.1352327267e-05  1.2813900374e-04  1.6424768339e-04 -4.5581755674e-05  4.5136145947e-05 -7.1329114949e-05 -3.0898792066e-07  3.9787262347e-04 -9.8769270867e-03  5.5201033285e-03 -2.4332661895e-02 -6.9878705024e-03 -2.4894078361e-02  1.0866935645e-02  9.8792471840e-05 -1.3107983744e-05 -8.4267956685e-05  3.0963199193e-04 -2.4500194788e-04 -1.6536698421e-04  1.3834392866e-04 -5.4925099853e-05 -5.7185218652e-05 -1.6457900183e-05 -1.9870654897e-05 -7.9334915373e-06  3.6824329453e-06  1.1867787545e-04 -5.6418513337e-05 -2.3423529730e-05 -2.6864405336e-05  2.2326397537e-05  1.6576363756e-05  2.1128397562e-05  1.5158638942e-05  2.6604482029e-07 -1.0819730847e-05 -3.5832359754e-06 -3.2673344664e-05  1.2181040190e-05  8.3788418185e-06 -2.1740525750e-06 -8.3231637917e-06  2.4648302979e-05  1.5225166728e-05  1.1682196103e-06  8.6512661139e-06  1.1876176535e-07 -2.5880432104e-06  3.4581717667e-05  3.3113787534e-05 -1.5306610487e-05  3.6595682563e-05

JOB 19
COORDS  2.3905327554e+00 -4.4881005820e-01  1.7733558957e-01  1.5379055059e+00  2.5448003394e-01  9.7709521504e-01  4.9245533783e+00 -3.0193394808e+00  5.4131464289e-01  4.1192077128e+00 -2.2078766879e+00 -1.5978200054e+00  1.2226491496e+00 -1.7552468873e+00  2.3856858486e+00  6.0844506924e+00 -3.4001278098e+00 -6.7744906158e-02  5.2878988057e+00 -2.6151536067e+00 -2.1733610123e+00  2.7093539285e+00 -1.8345163742e+00  4.0763915096e-01  3.8419229019e+00 -2.4339764408e+00 -2.0312549105e-01  8.6547518016e-01 -3.5755053174e-01  2.1268356805e+00  2.1186354637e+00 -2.3913762053e+00  1.5898266757e+00  6.2630521051e+00 -3.2174523163e+00 -1.4190667347e+00  6.3246097309e-02  2.6684518590e-01  2.8470603521e+00  2.4518124680e+00 -3.6899711286e+00  1.8802875917e+00  2.8941357263e+00  5.8927774860e-02 -6.4282426963e-01  1.3571897506e+00  1.3123077780e+00  8.0890197307e-01  4.8314321013e+00 -3.1568339955e+00  1.6114968178e+00  3.3669957256e+00 -1.7440374050e+00 -2.2264679248e+00  7.5923389611e-01 -2.2647623899e+00  3.2243460638e+00  6.9267336005e+00 -3.8132093716e+00  4.7572303732e-01  5.5014712985e+00 -2.4965833822e+00 -3.2296742518e+00  7.1281775416e+00 -3.5082148473e+00 -1.8548117462e+00
ENERGY -6.538756623018e+02
GRADIENT  7.9275097523e-03  3.8074120941e-03  1.1520879021e-02  3.2975295664e-05 -1.1973217460e-04  5.5330998867e-05  7.1066960439e-03  1.3123101092e-02 -5.1164806586e-05  1.8958688546e-04 -1.0678239330e-04  4.0381886417e-05  3.2574169878e-05 -2.8473763715e-05  1.1228194318e-05 -1.4282592262e-05 -1.3883005895e-05 -3.7692433739e-06 -8.9743003857e-06 -1.3390584468e-05 -5.0484562004e-06 -7.9950965567e-03  1.3911510494e-03 -1.7375087159e-02 -6.9960904711e-03 -1.8350579251e-02  5.8442558874e-03 -6.3388585620e-05  6.0799832486e-05 -2.5307235694e-05 -2.2575838588e-04  2.6027089174e-04  2.4413415023e-06  2.7048474586e-05  7.1791982207e-06 -2.8491587434e-06  4.2360233177e-06  3.7771935811e-06  4.1165730789e-05  8.2473588388e-06  2.7013547028e-05 -1.2438851664e-05 -3.7523302770e-06  6.7790177798e-07 -2.1065791234e-05  2.0495571026e-06 -1.2304932021e-05 -1.2629323908e-05 -1.3380245151e-05  3.2279797859e-06  5.3327819168e-06  2.0102680707e-06 -2.0051991622e-06  1.4232260945e-06 -2.1819479277e-05  9.0844613128e-06 -3.9736610383e-06  6.3258592040e-07  4.8784420669e-06 -3.6641757288e-06  5.2240071966e-06 -1.1743346246e-06  3.3331267992e-06  1.8843695544e-06 -3.7140573938e-06 -2.2578903873e-06

JOB 20
COORDS  2.3538815753e+00 -4.5172565414e-01  1.5240343109e-01  1.4418009513e+00  2.3342939405e-01  8.9785253623e-01  4.9332225411e+00 -3.1021834578e+00  5.3423801179e-01  4.1904796789e+00 -2.0942549405e+00 -1.5461735526e+00  1.2589719223e+00 -1.7053243238e+00  2.4255257645e+00  6.0634934311e+00 -3.5199723242e+00 -1.0328711111e-01  5.3280609745e+00 -2.5435853861e+00 -2.1485136438e+00  2.7854990697e+00 -1.7887864007e+00  4.7890353926e-01  3.9005372081e+00 -2.3755360168e+00 -1.6150919140e-01  8.0861042830e-01 -3.5339522756e-01  2.0834681807e+00  2.2022723913e+00 -2.3272176481e+00  1.6755993034e+00  6.2622056442e+00 -3.2563234150e+00 -1.4383680795e+00 -4.1197339634e-02  2.5444599728e-01  2.7604505187e+00  2.5868220892e+00 -3.5934719561e+00  2.0341321517e+00  2.8228781009e+00  4.3742855633e-02 -6.9424214971e-01  1.1748793046e+00  1.2583320309e+00  6.5646278020e-01  4.8298420038e+00 -3.3146973267e+00  1.5899595943e+00  3.4713086569e+00 -1.5538291562e+00 -2.1508539397e+00  8.1672672816e-01 -2.1991068968e+00  3.2847378703e+00  6.8662632165e+00 -4.0405916695e+00  4.0661469604e-01  5.5463083969e+00 -2.3767197487e+00 -3.1973299957e+00  7.1045753108e+00 -3.5787153739e+00 -1.8953163773e+00
ENERGY -6.538830898792e+02
GRADIENT  5.7964612427e-03  3.6461774615e-03  7.1124638764e-03  3.3163513451e-05 -6.9730752034e-05  5.1954758160e-05  5.3196850316e-03  8.5941388850e-03  1.0256433547e-03  1.7754240286e-04 -1.1732695384e-04  2.7616810474e-05  2.7278519109e-05 -4.4025601301e-05  4.0749351288e-05  3.8526386897e-05 -3.0271475227e-05  1.5408563395e-05 -1.1355523021e-05  8.7768422775e-06 -3.0411988483e-05 -5.7932288620e-03 -8.4671776157e-04 -1.0144793424e-02 -5.3156503406e-03 -1.1395915052e-02  1.9193053072e-03 -5.4481902398e-05  3.2890811331e-05 -4.8102195512e-05 -1.6322133260e-04  2.2834873259e-04  1.9918783358e-05 -2.8102359576e-05 -1.1615284028e-05  2.3897203805e-05  1.4294042141e-05 -4.7112126745e-07  3.6473716145e-05 -2.1032989855e-05  2.7961528057e-05 -2.1520497916e-05 -1.1706906881e-05 -3.5131635808e-06 -2.0076445176e-05  8.2084299543e-06 -8.4470921015e-06 -6.2572139876e-06 -8.8855291944e-06 -3.3481418739e-06 -7.8256518646e-06 -4.6049694511e-07 -2.2165049210e-06  1.5193794177e-06 -2.0538608883e-05  4.4830289210e-06  1.8694853710e-06  1.7580790101e-07 -4.8506613717e-06 -1.3777171126e-06 -1.0017637444e-07 -2.9514558992e-06 -1.6577678491e-08  1.5834393892e-06  3.4689020084e-06  5.3285163837e-07

JOB 21
COORDS  2.3208014087e+00 -4.5444511061e-01  1.3609321697e-01  1.3479476584e+00  2.0196403220e-01  8.2594884920e-01  4.9280959749e+00 -3.1747974856e+00  5.2027716363e-01  4.2649922191e+00 -1.9814672501e+00 -1.4884589213e+00  1.2947852300e+00 -1.6481902685e+00  2.4666250106e+00  6.0211549477e+00 -3.6368208977e+00 -1.4942078843e-01  5.3636483077e+00 -2.4785964972e+00 -2.1223142281e+00  2.8613469828e+00 -1.7286513826e+00  5.5085550311e-01  3.9597280581e+00 -2.3113068620e+00 -1.1519546690e-01  7.5058759373e-01 -3.5565256964e-01  2.0441659456e+00  2.2861013360e+00 -2.2481926568e+00  1.7627520247e+00  6.2438220141e+00 -3.3019139821e+00 -1.4642326637e+00 -1.4861963033e-01  2.2652490423e-01  2.6772173585e+00  2.7272450906e+00 -3.4708353187e+00  2.1976401505e+00  2.7535628726e+00  2.7566189915e-02 -7.3584514056e-01  9.9589061897e-01  1.1800903116e+00  5.1079999515e-01  4.8115090953e+00 -3.4548769755e+00  1.5572960276e+00  3.5900074396e+00 -1.3615785118e+00 -2.0654178950e+00  8.7690995958e-01 -2.1246440622e+00  3.3475059779e+00  6.7721139391e+00 -4.2632020768e+00  3.1884258360e-01  5.5892702084e+00 -2.2663559853e+00 -3.1613445098e+00  7.0568735921e+00 -3.6607557798e+00 -1.9460481900e+00
ENERGY -6.538876144962e+02
GRADIENT  3.1813473127e-03  2.3047697509e-03  3.1505333399e-03 -2.5914608522e-05  1.1270594305e-04 -5.6839592753e-05  2.8607020584e-03  4.1931155272e-03  1.1810318262e-03 -1.4063572389e-04  1.1825173358e-04 -1.2115714946e-07  3.7242696904e-05  1.2631988070e-04 -1.5547464939e-04  1.8970407335e-04 -1.5273511886e-04  9.7111819396e-05  4.1242011423e-05  1.7783448654e-05 -8.8027620251e-05 -3.3101577880e-03 -1.1151137214e-03 -4.1082388538e-03 -2.7563798015e-03 -5.4088052764e-03 -2.7024576747e-04 -1.0892661124e-05 -5.3046695647e-05  6.4715809522e-05  1.0648247884e-04 -2.3108328679e-04  5.8044939381e-05 -2.2336126624e-04  9.4590833889e-05  1.2153416376e-04 -2.1572641980e-05  3.0312927577e-05 -2.1543059046e-05  6.2012296938e-05 -7.4678600159e-05  1.1187790121e-05  1.2027831527e-05 -3.3602514005e-06 -4.4043953028e-06 -6.5367782821e-06  1.1590689791e-05  8.9525564618e-06  1.1107548316e-05 -8.7895828164e-06  7.2131918075e-06 -1.2052756705e-05  2.5024148885e-05 -8.1799985715e-06  1.6463509948e-05 -5.1679280383e-06 -2.3871615510e-05  3.4177152794e-06 -6.2162893967e-06  2.8095098399e-05 -1.6689173109e-05  1.6958286260e-05 -5.0920043299e-06 -6.8821739495e-06  3.4836123622e-06  1.8888596766e-05

JOB 22
COORDS  2.2735555707e+00 -4.8650815142e-01  1.1377024507e-01  1.2497793452e+00  1.3426818075e-01  7.5899001960e-01  4.9020668748e+00 -3.2545618535e+00  4.8898001127e-01  4.3566588150e+00 -1.8722126999e+00 -1.4271979151e+00  1.3427743712e+00 -1.5964149505e+00  2.5173567704e+00  5.9628514218e+00 -3.7495319527e+00 -2.0781521109e-01  5.4221531961e+00 -2.4029362885e+00 -2.0881964460e+00  2.9219458827e+00 -1.6840707181e+00  6.0570002124e-01  4.0113675628e+00 -2.2633540065e+00 -7.6644350940e-02  7.0047565369e-01 -3.8017259978e-01  2.0176132355e+00  2.3714747632e+00 -2.1704275725e+00  1.8466907102e+00  6.2322523898e+00 -3.3361899723e+00 -1.4902732946e+00 -2.3850597952e-01  1.7315489018e-01  2.6168165030e+00  2.8877343357e+00 -3.3262924309e+00  2.3718506800e+00  2.6502045078e+00 -2.9982300970e-02 -7.9542091383e-01  8.1112952249e-01  1.0485677498e+00  3.6954699550e-01  4.7543916773e+00 -3.6121357537e+00  1.4961653259e+00  3.7473584534e+00 -1.1629670276e+00 -1.9709379772e+00  9.6841034095e-01 -2.0430554676e+00  3.4327517253e+00  6.6464997338e+00 -4.4780123729e+00  2.1358071092e-01  5.6744120572e+00 -2.1293469270e+00 -3.1065591060e+00  7.0207750316e+00 -3.7205062608e+00 -1.9925631658e+00
ENERGY -6.538894309554e+02
GRADIENT  7.5155155656e-04  6.7888573481e-04  6.1357091176e-04  1.4860385759e-05 -2.3054402022e-05  5.7395334281e-06  7.1767143479e-04  8.8127079242e-04  4.3493596398e-04 -5.8057123095e-07 -6.9036230280e-06  1.2967091331e-05  2.4943793843e-05  3.6610434782e-05 -6.3273536577e-05  7.6464923339e-06  8.1055441284e-06  3.3932610376e-06  1.7406268767e-05  1.9311965438e-05 -2.7735293453e-05 -7.5901173911e-04 -5.0456068386e-04 -7.2870893933e-04 -7.2834607621e-04 -1.0483641474e-03 -3.0888653293e-04 -2.1666377006e-05  1.0913256264e-05  3.3864447424e-05  2.2528949424e-05 -5.2817269488e-05  3.4061030414e-05 -4.4715971003e-05 -2.4842528582e-05 -2.2992140538e-06 -1.3377295416e-05  6.8797552778e-06  3.2613640935e-06  1.8470294903e-05 -3.4309185315e-05 -2.3232811522e-06 -4.9853167556e-06 -1.6342109964e-06 -7.1723294450e-07  9.1576775280e-08 -5.8295377511e-06  4.4056540828e-06 -1.7873940566e-06 -7.3551125796e-07  7.6277171855e-06  1.3169407214e-05  8.8567339613e-07  1.2651970295e-07  2.5676445689e-07 -4.1433774374e-06 -1.1711025766e-05 -1.5439161348e-06 -3.0536955175e-06  1.4479516727e-06  1.3686994117e-06  1.4565255529e-06 -1.1491903913e-06  9.9186899856e-06  1.4419973490e-05  5.0744484445e-06

JOB 23
COORDS  2.2014027418e+00 -5.5566696561e-01  6.7530182007e-02  1.1481371438e+00  4.0194464551e-02  6.8705460840e-01  4.8305109629e+00 -3.3504293157e+00  4.3610756120e-01  4.4639866529e+00 -1.7616323762e+00 -1.3546114521e+00  1.4144442572e+00 -1.5176808690e+00  2.5797897926e+00  5.8706264543e+00 -3.8672089210e+00 -2.7563747763e-01  5.5110284362e+00 -2.3108271366e+00 -2.0291902471e+00  2.9475502971e+00 -1.6640609270e+00  6.2964087773e-01  4.0357364970e+00 -2.2430591584e+00 -5.6313957986e-02  6.7091943016e-01 -3.9853109402e-01  2.0019415369e+00  2.4585493516e+00 -2.0800256832e+00  1.9233447451e+00  6.2207455946e+00 -3.3616055022e+00 -1.5037626513e+00 -2.8997463943e-01  1.3660886292e-01  2.5821607119e+00  3.0858872087e+00 -3.1233491461e+00  2.5530883308e+00  2.4911287368e+00 -1.7155734716e-01 -9.0370426546e-01  6.1967048983e-01  8.6884979481e-01  2.2434013348e-01  4.6140049615e+00 -3.7982965234e+00  1.3923762904e+00  3.9591248386e+00 -9.3740581289e-01 -1.8382532105e+00  1.1135632375e+00 -1.8950509156e+00  3.5517342791e+00  6.4676814114e+00 -4.6956898557e+00  8.8828370901e-02  5.8321980703e+00 -1.9516617737e+00 -3.0004712621e+00  6.9970149896e+00 -3.7582275955e+00 -2.0153890463e+00
ENERGY -6.538896526096e+02
GRADIENT  1.9897669672e-05  3.7839583810e-05 -4.0351444473e-05  8.9437423833e-05 -1.2048982153e-04  9.0141103479e-05  4.4693911400e-05 -3.2218019933e-05 -2.2156273678e-05  1.8718743906e-05 -1.1261296302e-06 -1.7506428995e-05  6.0402636595e-05 -7.2803436267e-05  1.2256475269e-04  1.4715415051e-05 -4.9078205096e-06  2.3387229884e-05  2.7695203627e-07  5.7641666988e-06  2.4074457429e-05 -1.4522882219e-05 -4.6473937568e-05 -6.5606302978e-05  3.4404108045e-05  1.4773024127e-05 -1.0492367611e-05 -7.6690788967e-05  6.7600674949e-05 -3.5656087072e-05 -7.2636963370e-05  1.3002344309e-04 -8.2660776165e-05 -3.4708818617e-05 -2.9196357799e-05 -2.2584914373e-05 -1.5759698084e-05  4.4380554927e-06  4.9954224017e-05 -1.2138533876e-04  8.8834132163e-05  5.9544885497e-06  1.7045064796e-06 -2.7403832158e-05 -4.2703946059e-06 -2.8921230932e-06 -2.1779028912e-05  6.1904263500e-06  3.7004046488e-05  1.3262996313e-05 -3.0707088761e-05  1.4117723891e-05  1.0038252627e-05  5.7092748408e-06 -3.9315688651e-05  4.5434321630e-06  7.1581680422e-06 -2.8940396766e-06 -4.1027176909e-06  1.5215323733e-06 -4.2211755403e-06 -6.1477367813e-06  7.7540498178e-07  1.1562092578e-05  1.1487440757e-05  1.5135351922e-05

