JOB 0
COORDS  2.2114377846e+00 -5.8524918231e-01  7.7241791773e-02  1.1661064389e+00  5.5589414129e-02  7.1359958196e-01  4.4941483131e+00 -3.6203443209e+00  2.5563688895e-02  4.6589645115e+00 -1.5197152688e+00 -1.1310436630e+00  1.3219958658e+00 -1.5682528543e+00  2.5079829237e+00  5.5792402405e+00 -4.0708468036e+00 -6.9127779012e-01  5.7451212330e+00 -2.0027949301e+00 -1.8205919916e+00  2.8428043349e+00 -1.7543903455e+00  5.8097868687e-01  3.9664867649e+00 -2.3146379466e+00 -1.7206213439e-01  7.0360075080e-01 -4.4319289197e-01  1.9436564316e+00  2.3677836531e+00 -2.2008684000e+00  1.8526826872e+00  6.1905445531e+00 -3.2649701672e+00 -1.5945047009e+00 -3.1055391491e-01  1.0604728776e-01  2.6396070399e+00  3.1055558287e+00 -3.4979358487e+00  2.7724157134e+00  2.5010866997e+00 -2.0040517731e-01 -8.9287762155e-01  7.0373390760e-01  9.2782238567e-01  2.5865480655e-01  4.0309463180e+00 -4.3186141691e+00  7.0383910270e-01  4.3830987310e+00 -4.9158409658e-01 -1.3197447839e+00  9.8518891904e-01 -1.9202629399e+00  3.4768309999e+00  5.9855588144e+00 -5.0688648093e+00 -5.7282241827e-01  6.2959223420e+00 -1.4110175821e+00 -2.5426307190e+00  6.9987813295e+00 -3.6094306591e+00 -2.1061774941e+00 -6.6953716163e-01  8.8415825041e-01  2.1794380386e+00
ENERGY -1.014595923723e+03
GRADIENT  3.9034706828e-03  3.4076976635e-03  3.0637673964e-03  3.0642002283e-05 -4.9224531626e-05  3.8268461794e-05  4.0325988762e-03  2.2116215271e-03  4.4775334592e-03 -4.8174909654e-05  1.9760182913e-04 -5.9973441381e-05 -2.7620989044e-06 -1.2990818866e-04  1.6995817485e-04  2.5911405562e-05 -3.6317589399e-05  8.1396347069e-06 -3.8497747720e-06 -1.1747882635e-05  2.6997947222e-05 -3.3643060623e-03 -3.6489724550e-03 -2.2431218191e-03 -4.3671656515e-03 -2.1591096380e-03 -5.5298471347e-03  1.6470337432e-05  1.5771660831e-05 -5.4279899783e-05 -7.5693931680e-05  5.9020021812e-05 -3.2437072352e-05 -6.2392635111e-05  1.6279238418e-05  3.9111083323e-05 -2.7277024672e-06 -2.5291129490e-05  2.4172861488e-05 -1.1518182123e-04  1.5081614097e-04  8.7450803825e-05 -5.6469810343e-06  2.5735366513e-06  3.0257808032e-05  3.0996218177e-06 -3.8449803177e-06  9.9851519652e-06  6.3586183785e-05 -1.3783677066e-05 -7.1782837645e-05  1.0623995425e-05  6.2524085372e-06  1.9114520331e-06 -8.9798107131e-06 -1.1802756706e-06  3.1803069240e-05 -4.6210225667e-06 -3.0791541885e-06  7.8597180794e-06 -1.0835865870e-05  7.5497860829e-06  5.7853069908e-06 -5.7457731875e-06 -4.8534817418e-06  1.5833344670e-06  7.6257040104e-06 -7.0154855323e-06 -2.6120064122e-06

JOB 1
COORDS  2.1670875396e+00 -6.3501547452e-01  3.2618750744e-02  1.0924910654e+00 -3.0614746861e-02  6.6053513060e-01  4.3949361295e+00 -3.6441738068e+00 -5.1665540216e-02  4.7702075342e+00 -1.4663771271e+00 -1.0144613185e+00  1.4148618626e+00 -1.5135190348e+00  2.5600322072e+00  5.4621791389e+00 -4.1220656284e+00 -7.7810058019e-01  5.8356363714e+00 -1.9799577357e+00 -1.7176040190e+00  2.8829639849e+00 -1.7153259543e+00  6.0536996825e-01  4.0002691706e+00 -2.2841897635e+00 -1.4505083948e-01  7.0423415450e-01 -4.7550873651e-01  1.9365234961e+00  2.4793547020e+00 -2.1176685250e+00  1.9095883127e+00  6.1653001960e+00 -3.2902080153e+00 -1.5882922529e+00 -3.2786554358e-01  5.0455360042e-02  2.6269342085e+00  3.3651662072e+00 -3.3053538495e+00  2.8447372651e+00  2.4195929442e+00 -3.0564653908e-01 -9.7004701132e-01  5.5136477776e-01  7.7128400783e-01  1.6478982951e-01  3.8432766425e+00 -4.3475617914e+00  5.5508744271e-01  4.5667077880e+00 -4.0705203437e-01 -1.1096033743e+00  1.1323027233e+00 -1.8168609657e+00  3.5621905256e+00  5.7807488894e+00 -5.1577787905e+00 -7.4704929406e-01  6.4581904896e+00 -1.3810592000e+00 -2.3724574608e+00  6.9587953289e+00 -3.6566668185e+00 -2.1080547548e+00 -7.5284329536e-01  7.6797652987e-01  2.1265628897e+00
ENERGY -1.014598969746e+03
GRADIENT  2.0624072422e-03  2.1352388502e-03  1.1037815129e-03  7.3325438317e-05 -1.0332969372e-04  8.6872093069e-05  2.2066021474e-03  1.0058809651e-03  2.3447233722e-03  4.8650320766e-05 -1.0075087722e-04 -1.2469635274e-05 -3.2369543811e-05  3.4688569889e-05 -2.4505363548e-06  4.0267364867e-05 -1.2511554177e-04  1.6124390133e-05 -2.8350949458e-05  9.1513595048e-07  2.7191457487e-05 -1.9171565775e-03 -2.5853888190e-03 -4.9690080606e-04 -2.5348974425e-03 -7.1177427376e-05 -3.1105487411e-03 -6.1362033933e-06  5.2878420497e-06 -5.3673232543e-06 -1.9556586825e-05 -3.9386994592e-05  9.6621059444e-05  2.6095933123e-06 -1.0470437295e-05 -1.1488666876e-05  1.8965375149e-05 -2.3003690257e-05 -6.1752220689e-06  6.9025865162e-05 -7.7312220290e-05 -1.8399075129e-06 -3.1808118884e-06  2.0234538972e-05 -4.5437304823e-05  2.8044697377e-05 -1.1859954229e-05 -1.3846757204e-05 -6.7103516597e-06  1.7240308678e-05  2.8935809684e-05 -1.7766976324e-05 -2.7535857278e-05  9.6503253079e-06  1.8086366099e-05  3.2640585891e-06 -3.0117803545e-06  1.6363041200e-05 -4.4440697888e-06  9.3893746295e-07  6.2108752512e-06 -9.7446350727e-06 -6.0856928739e-06 -2.0131297840e-06 -1.2513006932e-05  3.6747796431e-06  3.2379306900e-06  1.9697520893e-06 -4.4959285296e-06

JOB 2
COORDS  2.1449406301e+00 -6.7069523374e-01  4.8700000557e-03  1.0362646650e+00 -1.0727550229e-01  6.1708286193e-01  4.3165788538e+00 -3.6301834253e+00 -1.0626925106e-01  4.8882405488e+00 -1.4245599413e+00 -9.0812218961e-01  1.4920426773e+00 -1.4428867325e+00  2.6022355494e+00  5.3518473696e+00 -4.1441173230e+00 -8.5508353033e-01  5.9174820296e+00 -1.9764362533e+00 -1.6392567976e+00  2.9436645927e+00 -1.6459633805e+00  6.4259942232e-01  4.0554708938e+00 -2.2378960154e+00 -1.0134784675e-01  7.0466939729e-01 -4.9512130616e-01  1.9268811291e+00  2.5824190773e+00 -2.0123119085e+00  1.9642313626e+00  6.1318096632e+00 -3.3152574712e+00 -1.5964371124e+00 -3.5113858929e-01  3.3780542972e-03  2.6050188881e+00  3.5626824274e+00 -3.1194231925e+00  2.9031637029e+00  2.3733744716e+00 -3.8743629495e-01 -1.0184595471e+00  4.2777310812e-01  6.1838964865e-01  8.3327935826e-02  3.6959275291e+00 -4.3162971252e+00  4.5484164411e-01  4.7546304790e+00 -3.4916057858e-01 -9.3288981637e-01  1.2419958448e+00 -1.7066825889e+00  3.6241328208e+00  5.5827139171e+00 -5.2022936730e+00 -9.0150779990e-01  6.5949525969e+00 -1.3913617946e+00 -2.2507879578e+00  6.8980034275e+00 -3.7104633651e+00 -2.1361916886e+00 -8.3187028691e-01  6.5661834236e-01  2.0686845681e+00
ENERGY -1.014599630222e+03
GRADIENT -6.6092117101e-04 -8.2325822014e-04 -2.2752012868e-04 -1.9135157517e-04  2.3051814212e-04 -1.3065838210e-04 -6.6092594830e-04 -1.7846662012e-04 -9.2206875292e-04  3.3824128138e-06 -1.3946259306e-04 -1.2759618271e-05 -9.9144738196e-05 -9.3197659578e-06  2.0875494275e-04 -9.7325135599e-06 -5.3247857094e-07  9.2286401991e-06  1.2012534006e-04  7.5712432768e-05 -1.0728553846e-04  6.3826141847e-04  9.8629302635e-04  7.7162007303e-05  6.5066341577e-04 -6.3325721491e-05  1.2358695242e-03  2.6210618017e-04 -1.3374946934e-04 -1.4217246035e-04 -3.5847063434e-05  3.1526330948e-05  4.6872876001e-07 -1.0303304558e-04  6.8492469977e-05  7.7364416969e-05  1.2555203400e-04 -6.2120842226e-05 -5.8187695671e-05 -1.8733920775e-05  1.2435093581e-05  8.5977149491e-05 -2.5442119427e-05  5.8477947150e-06 -1.4306886715e-06 -5.7824021705e-06  2.4182848979e-05 -3.0872429281e-05  4.9941989385e-06 -1.3075733988e-06 -3.4117990635e-05  7.1262363189e-06 -6.4814691092e-06 -1.6469192099e-05  1.7463275690e-05 -1.7374990218e-05  2.1398449920e-05 -3.5039255595e-06 -9.3850823228e-08  9.9624445980e-06  3.5354046609e-06  1.0217090534e-05 -3.0072099661e-06 -2.1087801941e-06  1.2529002407e-05  1.6474245513e-06  5.6198957797e-06  5.1834010644e-06 -2.1496252782e-05

JOB 3
COORDS  2.1029292205e+00 -7.2539513309e-01 -2.8427838240e-02  9.7007187735e-01 -2.0356212029e-01  5.8265687648e-01  4.2269278613e+00 -3.6053444813e+00 -1.8591403558e-01  5.0034152243e+00 -1.4018708794e+00 -8.0460541038e-01  1.5602066757e+00 -1.3779001191e+00  2.6341372336e+00  5.2372754848e+00 -4.1510365557e+00 -9.4811165628e-01  6.0037843476e+00 -1.9854300926e+00 -1.5551593379e+00  2.9831382388e+00 -1.5846860598e+00  6.5801176595e-01  4.0940378480e+00 -2.2019975473e+00 -7.8030376630e-02  6.9793298466e-01 -5.2601306130e-01  1.9228173832e+00  2.6703018671e+00 -1.9102606850e+00  1.9975769802e+00  6.1019569789e+00 -3.3364095860e+00 -1.6067358229e+00 -3.7466688352e-01 -5.4863769585e-02  2.5982994885e+00  3.7357063727e+00 -2.9422731694e+00  2.9295139658e+00  2.2972730457e+00 -4.8845706269e-01 -1.0708851865e+00  2.9816696615e-01  4.4141580448e-01  2.2001184663e-02  3.5358877458e+00 -4.2679720730e+00  3.2097347883e-01  4.9448961222e+00 -3.2008446676e-01 -7.5718918264e-01  1.3470466870e+00 -1.6027548719e+00  3.6736175167e+00  5.3816332929e+00 -5.2183077650e+00 -1.0721119352e+00  6.7418164444e+00 -1.4192053050e+00 -2.1120551901e+00  6.8457847439e+00 -3.7548524517e+00 -2.1607272977e+00 -9.0900852404e-01  5.3005021613e-01  2.0349176779e+00
ENERGY -1.014597890394e+03
GRADIENT -2.4684215658e-03 -3.4289226005e-03 -1.2714021291e-03  3.9160738582e-05 -5.7139234043e-05  8.1751583153e-05 -2.5397854050e-03  4.1851709821e-05 -3.7154656132e-03 -2.3443560789e-05 -7.9796840911e-05  1.8958550833e-05 -5.5196199972e-05 -5.4866086124e-05  2.3957427308e-04 -5.4983156417e-06  2.7007718635e-05  9.5057893831e-06  8.9767476497e-05  6.8278361870e-05 -7.3548683454e-05  2.3775866493e-03  5.1694444276e-03 -3.1581095506e-04  2.5535147757e-03 -1.6928295047e-03  5.1333253067e-03  7.8653821743e-05 -2.3755887691e-05 -7.8845838849e-05 -5.4737413233e-05  3.3805291535e-05 -2.0387651668e-05 -4.4498988667e-05  2.4395058346e-05  3.5727959634e-05  4.6955479328e-05 -4.1352363458e-05  8.1143662425e-06 -3.0465010782e-05  3.7333607336e-05 -1.2780309008e-05  5.5331284451e-06  1.0436151428e-05 -2.2535943094e-05  1.8930238232e-05 -8.8635136019e-06 -1.6333647123e-05  2.8273502630e-06  4.0956428192e-06  7.9953445323e-06 -2.3088106192e-06 -8.8790225570e-06 -4.8816059933e-06 -3.4066791703e-07  2.0765744171e-06  2.7508496421e-05 -2.3198990891e-06  1.8795762069e-06  6.8735031310e-06  2.5676301196e-06  4.0238458609e-06 -7.7953618507e-06  2.3113155666e-06  1.1573151838e-05 -7.8078581748e-08  1.2390090019e-05  4.1998324285e-07 -7.0607175963e-06

JOB 4
COORDS  2.0153016474e+00 -8.1268788525e-01 -7.4696185814e-02  8.8731999302e-01 -2.9854035344e-01  5.5790367508e-01  4.1226948516e+00 -3.5756274145e+00 -3.0610958483e-01  5.1114870268e+00 -1.4020192077e+00 -6.7830298393e-01  1.6509594094e+00 -1.2532140215e+00  2.6642228828e+00  5.1381377511e+00 -4.1429473339e+00 -1.0489119689e+00  6.1127411722e+00 -2.0057738156e+00 -1.4158728393e+00  2.9790640733e+00 -1.5452881072e+00  6.3750704621e-01  4.0986808629e+00 -2.1825230611e+00 -8.6993312067e-02  7.0681055327e-01 -5.1267440358e-01  1.9338777751e+00  2.7564489405e+00 -1.7757722449e+00  2.0091466257e+00  6.1041476288e+00 -3.3503060598e+00 -1.5785859084e+00 -3.5554973997e-01 -3.8296528906e-02  2.6281996877e+00  3.9219775075e+00 -2.7049598120e+00  2.9309225556e+00  2.1454914928e+00 -6.5397093862e-01 -1.1418478963e+00  1.5103725483e-01  2.5905148292e-01 -1.5579849314e-02  3.3501438618e+00 -4.2121702367e+00  1.1026146289e-01  5.1269571407e+00 -3.2605069931e-01 -5.4357278403e-01  1.5025430359e+00 -1.4064498692e+00  3.7277451641e+00  5.2106040962e+00 -5.2051401796e+00 -1.2537402986e+00  6.9283665984e+00 -1.4617535806e+00 -1.8789331579e+00  6.8481944942e+00 -3.7827990616e+00 -2.1222844090e+00 -9.5155798499e-01  4.6207764745e-01  2.0460531495e+00
ENERGY -1.014594804595e+03
GRADIENT -2.7087111380e-03 -4.2246666019e-03 -6.7907215973e-04 -1.4428739761e-05  3.3937418866e-05 -4.0457609149e-05 -2.6236203302e-03  6.4804625788e-04 -4.3568064920e-03 -5.9836157437e-05  1.2915785317e-04  5.4581431630e-05 -1.9056354692e-05  2.4449087126e-06  4.1268627853e-05  1.0549220499e-05 -2.1675885047e-05 -7.0515533373e-06  7.3072808040e-06 -1.3789663244e-06 -5.2508819443e-06  2.6284971789e-03  6.6177802556e-03 -1.2657232799e-03  2.5946604318e-03 -3.0776896087e-03  6.2319425792e-03  4.5417960344e-05 -4.2807712616e-05 -7.3167522608e-06  1.2616229498e-04 -6.7568755855e-05  3.4492151410e-05 -1.9601682886e-05  1.6832310592e-05  8.2237209305e-06  4.3039353600e-05  1.0451228373e-05 -1.0692774148e-05 -3.9493938121e-06 -9.3534975197e-06  5.6424006484e-06 -7.7871346724e-07 -2.1594642042e-08 -6.3976301373e-06  2.8397709921e-06  1.5347844796e-06 -7.6897801566e-06 -4.7669806951e-07 -2.4411924686e-06 -6.8794197200e-07  4.8902368983e-06 -1.7158660595e-06 -3.5470502751e-07  3.5866420079e-06 -7.8927223802e-06  2.5739936556e-06 -7.4166461991e-06 -2.2945780619e-06  2.4209991449e-06  7.3396226163e-07 -2.7428926351e-06  3.5409849970e-06  4.4003924122e-07 -3.8276360508e-06  1.5293147889e-06 -6.1724086079e-06 -1.0489977552e-05 -7.5230878450e-06

JOB 5
COORDS  1.8307349335e+00 -1.0087790582e+00 -1.3115605907e-01  7.5905195977e-01 -4.3820753662e-01  5.5311870847e-01  4.0003808746e+00 -3.5727751928e+00 -5.5950267334e-01  5.1682022174e+00 -1.4589971400e+00 -4.9186441222e-01  1.7855367830e+00 -1.0694495928e+00  2.6674263087e+00  5.0750565189e+00 -4.1226244711e+00 -1.2340167341e+00  6.2243261385e+00 -2.0424294883e+00 -1.1674527128e+00  2.8883948703e+00 -1.6137387926e+00  5.6125330728e-01  4.0293996659e+00 -2.2206766646e+00 -1.7107033498e-01  7.3547446795e-01 -4.6815034511e-01  1.9560969066e+00  2.8434779508e+00 -1.6317974234e+00  1.9655871617e+00  6.1507629154e+00 -3.3492516641e+00 -1.5165957016e+00 -2.6961808926e-01  6.3889931090e-02  2.6964694104e+00  4.1546620902e+00 -2.3826334445e+00  2.8562052821e+00  1.8442597769e+00 -9.8294924618e-01 -1.2174397883e+00 -5.1720860379e-02  2.6335721096e-02 -2.6265859148e-03  3.1434738426e+00 -4.1947072316e+00 -3.2503786511e-01  5.2312677807e+00 -4.1533404072e-01 -2.0403518336e-01  1.7572259934e+00 -1.0870412884e+00  3.7516644248e+00  5.1175904961e+00 -5.1569936188e+00 -1.5564405336e+00  7.1305623148e+00 -1.5130413678e+00 -1.4398032975e+00  6.9370123769e+00 -3.7678268716e+00 -2.0102328462e+00 -9.4792850283e-01  4.5585896043e-01  2.1217417433e+00
ENERGY -1.014592985136e+03
GRADIENT  4.1728381012e-06  2.0201133408e-05 -3.8831685800e-05 -3.1388290009e-06  2.1276585624e-06 -2.9970400770e-06 -3.6075016983e-05 -4.0177704713e-05  3.0253940066e-05 -1.6835713274e-05 -6.5882683193e-05 -1.2425818663e-05 -2.2384032215e-05  1.0361737979e-05  7.4117982693e-05 -9.0203427436e-06  5.8722607838e-05  2.6870345102e-05  5.6881607574e-05  3.1017443606e-05 -1.3496159284e-05 -2.0543898356e-05 -2.2259954345e-05  4.3643142366e-05 -2.4164555442e-05  3.4110450470e-05 -3.6086959066e-05  4.1708283046e-05 -2.2712636416e-05 -1.5325195100e-05 -2.7716420369e-05  1.0524702042e-05 -1.2909337697e-05 -5.8767563937e-06  3.7194408048e-06  7.9917554574e-06  1.6552235438e-05 -9.3637266247e-06 -7.6324162296e-06 -1.2778607332e-05  7.1291006209e-06  5.8976067576e-06 -2.9297081070e-06  1.8108845560e-06 -2.0161348298e-06 -1.4002632315e-06  8.1739396180e-07 -5.2170838036e-06 -7.4474325548e-06  3.5625338429e-06  6.1163910620e-06 -2.2408019890e-07 -2.7522189353e-06  7.2019388240e-07 -8.2496934398e-07  6.2514419686e-07  9.8460700107e-06 -3.2435075011e-06  4.7726681925e-06  5.8765832562e-06  6.2059137355e-07  2.1245209762e-06  3.5740413738e-06  1.4948839132e-06  9.4434159458e-06  5.3349861298e-06 -3.7831001601e-06  2.4500362922e-06 -2.5681240432e-06

JOB 6
COORDS  1.7261816818e+00 -1.2152683158e+00 -1.1651616569e-01  6.8129315148e-01 -5.9155160629e-01  5.5906589594e-01  3.9223999019e+00 -3.5329888242e+00 -7.6389350068e-01  5.2160856820e+00 -1.5474503138e+00 -2.9138158348e-01  1.8821082199e+00 -8.8779689792e-01  2.6557363495e+00  5.0116064292e+00 -4.0596403746e+00 -1.4329980389e+00  6.2825819909e+00 -2.1050845267e+00 -9.6764726771e-01  2.8577131190e+00 -1.6882973606e+00  5.6747310027e-01  3.9978897050e+00 -2.2498809219e+00 -1.8831627162e-01  7.5542148804e-01 -4.3188267024e-01  1.9518440487e+00  2.9227255192e+00 -1.4869901588e+00  1.9605094543e+00  6.1548443253e+00 -3.3383100141e+00 -1.5184604261e+00 -2.1989588278e-01  1.5371363101e-01  2.6882207475e+00  4.3198348640e+00 -2.0463233738e+00  2.8600493296e+00  1.6691993150e+00 -1.3282717992e+00 -1.1958624691e+00 -1.8128943078e-01 -2.2778208061e-01  6.3588660040e-03  3.0158626133e+00 -4.1221640977e+00 -6.7917870836e-01  5.3251807276e+00 -5.6509162914e-01  1.5405641070e-01  1.9236103549e+00 -7.6541932435e-01  3.7327113685e+00  5.0177430832e+00 -5.0430447077e+00 -1.8896139236e+00  7.2398975857e+00 -1.6113021177e+00 -1.0908929667e+00  6.9516106240e+00 -3.7398631216e+00 -2.0086678158e+00 -9.5775207586e-01  4.3381054143e-01  2.1211497107e+00
ENERGY -1.014594642487e+03
GRADIENT  1.9580000209e-03  4.1463013840e-03 -4.6922430245e-04  9.1275546970e-05 -4.8578305914e-05  4.4672698334e-05  1.6350527939e-03 -1.8457997109e-03  3.9328824158e-03 -4.7261682876e-05  1.8248762009e-05  1.3546812662e-05  2.9194480160e-07 -1.7225705421e-05 -1.2113423111e-04  4.1332182273e-06 -2.1077227590e-05 -1.4367327938e-05  3.7235679203e-05  2.1892435039e-05 -1.1251653323e-05 -2.2218058366e-03 -6.9583101785e-03  2.4389700662e-03 -1.5578939897e-03  4.7320300239e-03 -6.0151411561e-03 -6.1345403763e-05  4.0714038074e-05  6.1492247903e-05  1.7698369048e-04 -6.7419221810e-05  8.5138560183e-05 -2.8331263902e-05  1.5842030708e-05  2.2885768796e-05 -2.6951347810e-05  2.4347603125e-06  5.5622703882e-06  4.4157026335e-05 -1.5583366885e-05  4.6184695812e-05 -1.7391794346e-07 -3.4161021912e-06 -1.6389013037e-05  1.1124017055e-05 -7.7546392152e-06  3.0591659599e-06  2.9388746824e-06  3.1522248903e-06 -1.4870411599e-07  1.8942467688e-06  6.8345908504e-09 -6.8003296046e-06  4.3924453506e-06 -7.0304577024e-07 -1.5304190852e-05 -1.3063148621e-06 -9.6771255944e-07 -1.0468423328e-06  1.0860871896e-06  4.9138285672e-06 -3.5383529415e-06  2.4904683141e-07  3.1210777374e-06 -1.5152200026e-06  1.8069730088e-07  7.5641513711e-06  5.8117404113e-06

JOB 7
COORDS  1.7040659991e+00 -1.3454380524e+00 -7.3893905856e-02  6.4396808571e-01 -7.2002307635e-01  5.7016703984e-01  3.8692965772e+00 -3.4467688197e+00 -8.7149645241e-01  5.2895802074e+00 -1.6262999623e+00 -1.5708281630e-01  1.9175216920e+00 -7.5227691193e-01  2.6459362773e+00  4.9360851982e+00 -3.9803272623e+00 -1.5662981698e+00  6.3304363401e+00 -2.1885480059e+00 -8.6505216136e-01  2.8899069089e+00 -1.6823062779e+00  6.0711644285e-01  4.0169139145e+00 -2.2402459000e+00 -1.5324060498e-01  7.4754372000e-01 -4.2494999116e-01  1.9396309504e+00  2.9751698704e+00 -1.3503870162e+00  1.9783452064e+00  6.1337341741e+00 -3.3455229295e+00 -1.5480087225e+00 -2.3733089965e-01  1.7145255423e-01  2.6495583351e+00  4.3999553310e+00 -1.7689397337e+00  2.9086344353e+00  1.6262530190e+00 -1.5559183259e+00 -1.1371725699e+00 -2.5200668710e-01 -4.5665407533e-01  1.3712108509e-02  2.9228760701e+00 -3.9761880134e+00 -8.7070735954e-01  5.4595365348e+00 -7.0044529480e-01  3.7912318358e-01  1.9750402896e+00 -5.3593187032e-01  3.7072494721e+00  4.8831548985e+00 -4.9091591537e+00 -2.1229835206e+00  7.3220034349e+00 -1.7533418024e+00 -9.1683582976e-01  6.9139993476e+00 -3.7529172937e+00 -2.0585464840e+00 -1.0073619698e+00  3.5570184660e-01  2.0855658648e+00
ENERGY -1.014597574982e+03
GRADIENT  1.5527203407e-03  4.1170176731e-03 -6.7984136245e-04 -7.8157043927e-06  2.1192813327e-06  6.5517368451e-06  1.1955795528e-03 -2.4073806679e-03  3.6111183845e-03 -5.6341300852e-05 -1.6109653910e-04 -9.8406559514e-05 -1.2463420913e-05  4.3668607680e-06  2.7294466946e-05  4.3163865330e-06  1.6949639687e-04  9.9784266647e-05  1.3117379327e-04  4.2716680545e-05 -2.0967483222e-05 -1.6692048437e-03 -7.1132084531e-03  2.7612932862e-03 -1.2025619332e-03  5.3599998349e-03 -5.6366184160e-03  1.5296584229e-05 -4.4878756244e-06 -6.8942678694e-06 -2.6416683178e-05 -2.4827507756e-05 -3.1442280423e-05  3.9558014951e-05 -1.6806821937e-05 -1.9933638343e-05 -1.9469359269e-06 -8.2306471889e-06  9.0952388697e-07 -1.4287600840e-06 -4.5783004986e-06 -1.7449225946e-05  5.2822351971e-06 -2.3896993185e-06  4.1854140961e-07  2.9790177469e-07  2.4426333346e-06 -2.6437134475e-06 -1.7518557617e-05  1.1827270202e-05  4.1892208027e-06  4.0684923705e-06 -6.8029461783e-06 -8.2545197561e-07 -2.1245514643e-06 -2.6766594570e-06  3.0102790471e-06  2.2741495993e-06  9.2647706471e-06  3.1618929185e-06  1.2138769139e-05 -6.5157426421e-06  1.6970142120e-06  1.6885399607e-05  1.7344874407e-05  5.8359036381e-06  1.7088442249e-06  1.5493973514e-06 -5.5467723398e-07

JOB 8
COORDS  1.7040022650e+00 -1.4399271778e+00 -3.1414058136e-02  6.2246726965e-01 -8.3341005440e-01  5.8883365797e-01  3.8341683527e+00 -3.3460997747e+00 -9.5739550052e-01  5.3632302738e+00 -1.7038609748e+00 -6.1166833874e-02  1.9415967689e+00 -6.3495034341e-01  2.6264527315e+00  4.8749258998e+00 -3.8961083247e+00 -1.6739791275e+00  6.3756856780e+00 -2.2792904100e+00 -7.9670766591e-01  2.9345691090e+00 -1.6433904796e+00  6.3110392514e-01  4.0478195976e+00 -2.2247460728e+00 -1.1991781070e-01  7.3947125187e-01 -4.2686750635e-01  1.9292296960e+00  3.0195754408e+00 -1.2201079728e+00  1.9814269110e+00  6.1170047989e+00 -3.3589746776e+00 -1.5790701318e+00 -2.6102583701e-01  1.6430528329e-01  2.6172524761e+00  4.4552403361e+00 -1.5186886231e+00  2.9397138525e+00  1.6136870390e+00 -1.7237419694e+00 -1.0760394393e+00 -3.0016406957e-01 -6.6787136535e-01  3.8299280627e-02  2.8565483581e+00 -3.8100697803e+00 -1.0218051416e+00  5.5912927282e+00 -8.3184254745e-01  5.3775474221e-01  2.0051782798e+00 -3.4428350343e-01  3.6694584607e+00  4.7655578411e+00 -4.7659990160e+00 -2.3116182298e+00  7.3942957548e+00 -1.9082947342e+00 -7.9800433477e-01  6.8780196614e+00 -3.7782342962e+00 -2.1079785375e+00 -1.0543937240e+00  2.6019089096e-01  2.0633572903e+00
ENERGY -1.014599521456e+03
GRADIENT  4.5888948753e-04  1.5188670581e-03 -2.9674098837e-04 -2.0330017609e-04  3.2878102500e-05 -1.0429984568e-04  1.3948505662e-04 -1.0942237990e-03  1.2282129809e-03 -4.0130780619e-05 -1.1167612317e-04 -5.0624204555e-05 -4.8084090244e-05  3.8350968181e-05  7.4883570166e-05  2.4036800758e-05  1.1642983090e-04  8.9008021396e-05  1.7992143601e-04  5.5903778464e-05 -5.5443034611e-06 -4.6867278962e-04 -2.6760596189e-03  1.2145893859e-03 -2.4701697116e-04  2.1813531768e-03 -2.0625056812e-03  1.4913808019e-04 -7.7369938832e-05 -7.0495076125e-05 -1.8549065421e-06 -1.1514090596e-05  5.4414575120e-06 -5.3351652955e-05  2.0061142326e-05  3.4056692538e-05  6.6963800116e-05 -4.7587672063e-05 -4.2937019261e-05  2.8851031301e-05  8.0856051229e-08 -7.4924641255e-06 -1.5478779015e-05  1.7844070380e-05  6.5716199039e-06 -1.8947245104e-05 -2.2265087131e-06 -1.9372552369e-05 -1.1637261028e-05 -8.5996206862e-06  2.0546422681e-06  1.5562006384e-05 -3.2188653143e-06  8.5547841668e-06  1.6157758055e-05 -6.4953793456e-06  7.8429543024e-06 -9.3813064092e-06  7.1456245158e-06  7.2425299108e-06  8.7711279702e-06  6.6746070500e-06  7.9699638547e-06  1.5394088668e-05  1.8687787676e-05  1.2070660649e-05 -3.8364568733e-06 -2.8248669927e-06 -1.3275609927e-05

JOB 9
COORDS  1.6919104753e+00 -1.5143249978e+00  1.1957849711e-02  5.9709090942e-01 -9.2646937533e-01  6.2153748450e-01  3.8088379356e+00 -3.2475068816e+00 -1.0402474469e+00  5.4102687485e+00 -1.7846687686e+00  1.3919540601e-02  1.9580342130e+00 -5.1391446638e-01  2.5942314456e+00  4.8315499808e+00 -3.8142343080e+00 -1.7662004437e+00  6.4035984577e+00 -2.3716189110e+00 -7.3681609040e-01  2.9619022335e+00 -1.5931641474e+00  6.3314860686e-01  4.0629927056e+00 -2.2167238077e+00 -9.7818680664e-02  7.2792118066e-01 -4.1403273627e-01  1.9243688825e+00  3.0472846038e+00 -1.0916206433e+00  1.9615836731e+00  6.1049159779e+00 -3.3751485598e+00 -1.6013898493e+00 -2.8130540781e-01  1.7468407413e-01  2.5982097454e+00  4.4890131319e+00 -1.2798343922e+00  2.9386500638e+00  1.5792827657e+00 -1.8635483685e+00 -1.0092949476e+00 -3.4890163111e-01 -8.5456045474e-01  9.0915508490e-02  2.8117097410e+00 -3.6497163855e+00 -1.1710139471e+00  5.6839499646e+00 -9.6567002431e-01  6.6376023686e-01  2.0333578652e+00 -1.5448419210e-01  3.6147242495e+00  4.6804214376e+00 -4.6220648511e+00 -2.4730731911e+00  7.4412837619e+00 -2.0616599498e+00 -6.8894123554e-01  6.8523596940e+00 -3.8046750271e+00 -2.1408053765e+00 -1.0949697146e+00  1.8842118625e-01  2.0657427462e+00
ENERGY -1.014599217116e+03
GRADIENT -6.3876925566e-04 -2.3944687813e-03  8.7257335030e-04  1.7907471045e-04 -2.2724802505e-05  9.5277331173e-05 -2.9389412103e-04  1.7627908231e-03 -2.0069761440e-03  2.2427274645e-05  2.8317681251e-05 -1.5191024676e-06  6.3816677059e-05  4.4380162837e-05  1.5786135402e-04 -2.4583519962e-06  1.9089859504e-04  1.6961985128e-04 -1.4830988817e-04 -5.1680651570e-05 -1.3830456253e-05  8.7850818042e-04  4.3532948304e-03 -2.5077011525e-03  2.7672472178e-05 -3.8709579076e-03  3.3636635000e-03 -4.5601934399e-05  9.8538053599e-07  9.5007007841e-06 -2.0711137642e-04  2.8558882083e-05 -4.5938617000e-05  2.2040279396e-04 -1.1111173164e-04 -1.3204204091e-04 -5.3952282603e-06  3.1068514288e-05  4.0864049277e-05 -8.9614931634e-05  3.0146932300e-06 -3.1997462164e-05  1.3809237949e-05 -1.5540461068e-05 -6.3119166536e-06  2.5561286464e-05 -3.3169391110e-06  3.5257456544e-06 -6.9351858973e-06  1.1001547880e-05  1.0637581414e-05 -7.4420184613e-06 -1.7891586811e-05  1.0709082253e-05 -1.8468979971e-05  2.2109704904e-06  2.6678458484e-05  2.0191142308e-05  1.4573189678e-05 -2.7989331678e-06 -1.5793778018e-06 -1.5140770771e-05 -9.8075607022e-06  1.3401333175e-05 -7.6272140813e-07 -3.3450121449e-06  1.2254194389e-05 -4.7620491778e-06  2.4004102358e-06

JOB 10
COORDS  1.6661520122e+00 -1.5986943010e+00  6.5699531218e-02  5.6090973382e-01 -1.0291207385e+00  6.6897783212e-01  3.7946414714e+00 -3.1450371585e+00 -1.1375085550e+00  5.4341105113e+00 -1.8901192029e+00  9.4532295699e-02  1.9624004313e+00 -3.9998979688e-01  2.5474997560e+00  4.8080654019e+00 -3.7242121826e+00 -1.8638287159e+00  6.4197783355e+00 -2.4839336759e+00 -6.6000825022e-01  2.9698760313e+00 -1.5617485335e+00  6.2703633204e-01  4.0628292852e+00 -2.2210252600e+00 -8.8250816539e-02  7.0669405495e-01 -4.0867689881e-01  1.9220744557e+00  3.0601761599e+00 -9.7446068088e-01  1.9255989544e+00  6.1005896490e+00 -3.3951552446e+00 -1.6133434920e+00 -3.0697461460e-01  1.7935305043e-01  2.5866748828e+00  4.5098535456e+00 -1.0245864589e+00  2.9095391851e+00  1.5225308556e+00 -2.0219783266e+00 -9.2107690295e-01 -4.0524079908e-01 -1.0548560924e+00  1.7150164069e-01  2.7879549008e+00 -3.4736429784e+00 -1.3573598599e+00  5.7420404968e+00 -1.1410245710e+00  8.0704413317e-01  2.0530109698e+00  3.6196685777e-02  3.5362106549e+00  4.6312789869e+00 -4.4545910412e+00 -2.6450126570e+00  7.4708970254e+00 -2.2451206362e+00 -5.4472834255e-01  6.8415302296e+00 -3.8309738170e+00 -2.1563111516e+00 -1.1387022036e+00  1.1172781235e-01  2.0869502659e+00
ENERGY -1.014596409400e+03
GRADIENT -1.0748168625e-03 -5.1501616744e-03  2.9567456166e-03 -4.0143216407e-05 -2.0100567005e-05 -2.2747895417e-05 -5.8960458736e-05  4.6375559594e-03 -4.0363941461e-03 -3.3285018510e-05  1.3716099919e-04  1.2771798122e-04 -2.8651576903e-05 -2.5139642700e-05 -3.1618576620e-05 -1.2301186040e-05 -4.3288635093e-06 -2.6418960658e-05 -1.1517579888e-06 -9.0685671011e-07 -2.1845057800e-05  1.5614260348e-03  9.9487839452e-03 -6.4223699759e-03 -4.2958922969e-04 -9.5032722284e-03  7.4428536176e-03  1.0734616327e-05  2.2162757510e-06 -2.5196176250e-06  1.4092250638e-04 -1.1413885709e-05  3.7172362985e-05 -9.8079189046e-06  4.5897142345e-06  1.9754345463e-05 -7.8235962535e-06 -4.7596993238e-06 -2.2643562440e-06  1.1969337891e-05 -1.4893375466e-05 -9.7302647670e-07 -1.8286438834e-05  3.4984014590e-06  8.5182114324e-06 -4.9490550971e-06  2.6229526726e-06  4.4325116932e-06  8.1737679855e-06 -9.7668802054e-06 -1.2366912788e-05 -6.6894721625e-06 -1.0926860561e-06  4.5577097538e-06  8.0144335619e-06 -5.5419393952e-06 -8.5646221162e-07  3.2342955618e-06  6.5212125856e-07  2.7661210624e-07 -6.9955363345e-07  3.8171833042e-06  7.2181010958e-06 -2.1557584349e-07  1.4296068927e-06 -5.8835097179e-07 -1.3844621693e-06 -1.6156633013e-07  1.5054384471e-06

JOB 11
COORDS  1.6358365996e+00 -1.7356305605e+00  1.6472694211e-01  5.1794649878e-01 -1.2062067153e+00  7.7701304737e-01  3.7923377840e+00 -2.9479339610e+00 -1.2978983412e+00  5.4384791849e+00 -2.1171662937e+00  2.3171095524e-01  1.9610279949e+00 -2.4778920462e-01  2.4662733619e+00  4.7914420737e+00 -3.5444356212e+00 -2.0272425794e+00  6.4119931417e+00 -2.7287661094e+00 -5.2456854568e-01  2.9670469188e+00 -1.5684220111e+00  6.4092050774e-01  4.0594520299e+00 -2.1927553493e+00 -1.1539300338e-01  6.7435595323e-01 -4.4799719470e-01  1.9492069374e+00  3.0739622473e+00 -7.8713608167e-01  1.8375504264e+00  6.0862093593e+00 -3.4307005506e+00 -1.6367387088e+00 -3.4808633339e-01  1.1091848905e-01  2.6232092893e+00  4.5746297582e+00 -4.0450766668e-01  2.6625144137e+00  1.4526304210e+00 -2.3089753188e+00 -7.3266283942e-01 -4.6763508547e-01 -1.3777704602e+00  3.5189808528e-01  2.7917995780e+00 -3.0879442043e+00 -1.6777730884e+00  5.7723300538e+00 -1.5775225801e+00  1.1007879257e+00  2.0736284519e+00  3.3938999733e-01  3.3708969825e+00  4.5989462563e+00 -4.1193712973e+00 -2.9257025155e+00  7.4643430518e+00 -2.6775786541e+00 -2.6928004570e-01  6.8179715818e+00 -3.8762741199e+00 -2.1840115725e+00 -1.1984743862e+00 -8.0470475278e-02  2.1913844369e+00
ENERGY -1.014593292826e+03
GRADIENT  5.7193997200e-06  4.5393512284e-05  7.3186474326e-05 -7.8221462288e-05 -2.5860633848e-05 -3.2584950519e-05  6.1656051401e-05  2.6713492604e-05  5.6061119364e-05  6.5176606650e-05  1.7932523359e-04  2.8736983615e-04 -3.8117287378e-05 -6.1471082667e-05 -7.3861341290e-05  1.1631942600e-05 -8.3273351339e-05 -1.2779738617e-04 -2.2482333939e-04  8.7179447169e-06 -3.6873700663e-05  1.1157486698e-05  3.7234936840e-06 -3.5119977179e-05  6.9635049387e-05 -7.4038859026e-05 -7.6431762588e-05  1.0867547118e-05  8.1985735461e-06  4.0119378767e-06  1.0448404869e-04  1.6504509949e-05  7.7577874313e-05 -8.2502964637e-08 -2.4902426465e-05 -1.6816274071e-05 -6.5292545686e-06 -1.7897767348e-05 -6.7365253533e-06  8.2250069434e-05 -5.0221732279e-05 -8.6316563398e-05  4.9747302731e-06  3.9371725763e-06 -1.2251262553e-05 -8.3620810052e-06  9.9982826479e-06 -4.5351844419e-06 -7.8433734619e-06 -3.6890392950e-06 -4.9492071151e-06 -9.4119890380e-06  4.8394741714e-05  6.1381195856e-05  5.3045146623e-06  1.1759869393e-06 -1.3481791939e-05 -2.8884684414e-06 -2.9447314600e-06 -7.0971867524e-06 -1.5381583294e-05  3.0412203520e-07  2.7796257720e-06 -1.5996122978e-05 -8.7281447515e-06 -1.9333425264e-05 -3.4870876574e-06  2.7219219452e-06 -1.2747743850e-06

JOB 12
COORDS  1.6366601472e+00 -1.8652412375e+00  2.4358967712e-01  5.2443838401e-01 -1.3553863260e+00  8.8619433300e-01  3.8429074092e+00 -2.7193345242e+00 -1.4212183102e+00  5.3874955052e+00 -2.3122443838e+00  3.7682525892e-01  1.9977195723e+00 -8.9226677137e-02  2.3404474170e+00  4.8533900681e+00 -3.3246932263e+00 -2.1299782298e+00  6.3700231137e+00 -2.9337382429e+00 -3.5926219709e-01  2.9699644409e+00 -1.5673347587e+00  6.3059760858e-01  4.0723149522e+00 -2.1452221364e+00 -1.3878649507e-01  7.0078315315e-01 -4.6360724944e-01  1.9585991730e+00  3.1012453646e+00 -6.1315994053e-01  1.6850035672e+00  6.0981964566e+00 -3.4174035391e+00 -1.5974818454e+00 -3.1770404870e-01  8.1443340734e-02  2.6518478088e+00  4.6344361998e+00  8.1155606032e-02  2.1742140773e+00  1.4593244359e+00 -2.5873716924e+00 -5.4415411671e-01 -4.7209569303e-01 -1.6513353103e+00  5.6849472410e-01  2.8818230158e+00 -2.6424569226e+00 -1.9112638458e+00  5.6478403549e+00 -1.9863153634e+00  1.3715964674e+00  2.1211156105e+00  6.3799808014e-01  3.1354002103e+00  4.7122985627e+00 -3.7402025092e+00 -3.1211391018e+00  7.3779914516e+00 -3.0793876239e+00  1.2168520367e-02  6.8376258665e+00 -3.8664268133e+00 -2.1316692784e+00 -1.1759620960e+00 -2.2175710942e-01  2.3090214207e+00
ENERGY -1.014596408316e+03
GRADIENT  4.0380980683e-05  4.8628811357e-03 -3.5067638174e-03 -1.2667189512e-04 -4.2157139764e-05 -7.2569067458e-05 -1.3089434330e-03 -5.3908476217e-03  2.5951368086e-03 -3.8052125908e-06  1.3501730659e-04  2.8344227310e-04 -3.7679370329e-06 -2.3995372810e-05 -3.5143077675e-05 -2.3658750386e-05 -7.7185481011e-05 -1.6763025656e-04  1.8203610473e-04 -5.0376688441e-05  2.9784909883e-05 -5.9409738748e-04 -9.8220378984e-03  6.5620709664e-03  2.0177503110e-03  1.0231549745e-02 -5.8834638296e-03  3.1177213849e-05 -9.6942062522e-06 -4.0265504097e-06  1.2239346573e-04  1.0585107610e-05  1.6369999143e-05 -2.4373000207e-04  1.6256775969e-04  1.9231418461e-04 -9.0973672851e-06 -1.1046587083e-06 -1.0089907844e-05 -2.7530455311e-05 -2.4637888215e-05 -1.0893728773e-05 -1.1035493878e-05  3.0589506345e-05  1.6790079846e-05 -1.9681362770e-05  1.2149946543e-05  8.2892196147e-06  2.0111193428e-06 -1.7171384133e-05 -4.3203664927e-05  2.9185099637e-05  1.0413028448e-05 -7.1342309353e-06  9.3802968511e-06  5.9838003157e-06 -1.4275792037e-06 -2.7620205064e-05  5.0570045299e-06 -3.3315016171e-06 -1.5000665055e-06  1.7975188627e-05  3.6043903063e-05 -1.1765134348e-05  3.1794574460e-06  9.8787362940e-06 -1.4807038821e-06 -2.4779048402e-07  6.1482712026e-07

JOB 13
COORDS  1.6332361551e+00 -1.9530782482e+00  3.0336668581e-01  5.2976177234e-01 -1.4463259650e+00  9.6768265378e-01  3.8720372060e+00 -2.5941872541e+00 -1.4765106391e+00  5.3289656079e+00 -2.4241935032e+00  4.3759178097e-01  2.0065565848e+00 -6.5635357923e-03  2.2563049984e+00  4.8893996263e+00 -3.2041451075e+00 -2.1743905261e+00  6.3181516972e+00 -3.0447233871e+00 -2.9128957548e-01  2.9572434227e+00 -1.5514208188e+00  6.0443036686e-01  4.0600216096e+00 -2.1568472978e+00 -1.3908836409e-01  7.1349498484e-01 -4.6675637648e-01  1.9595504427e+00  3.1006262116e+00 -5.3734452949e-01  1.5916738738e+00  6.0900335468e+00 -3.4140882875e+00 -1.5778817749e+00 -2.9962767459e-01  8.5025207552e-02  2.6583166536e+00  4.6470628921e+00  2.0382951342e-01  1.9492403602e+00  1.4712287964e+00 -2.7390286612e+00 -4.2714813950e-01 -4.6557945508e-01 -1.8124008873e+00  7.2911379216e-01  2.9405870474e+00 -2.4094653749e+00 -1.9974751666e+00  5.5387324132e+00 -2.1783494316e+00  1.4688601049e+00  2.1302975829e+00  7.8059414688e-01  2.9920678837e+00  4.7924619407e+00 -3.5252640624e+00 -3.2052139339e+00  7.2951107603e+00 -3.2770237873e+00  1.1706120742e-01  6.8351556100e+00 -3.8622016101e+00 -2.1052462484e+00 -1.1560963045e+00 -2.8145414888e-01  2.3791888674e+00
ENERGY -1.014599216942e+03
GRADIENT -1.7297937513e-04  1.7274354945e-03 -1.9845808389e-03  2.3682983356e-04  9.0792499552e-05  5.1542781837e-05 -6.8528604244e-04 -2.4625808013e-03  8.3894073188e-04  8.4130523254e-06 -1.1556478671e-05  4.5394791996e-06  7.8548402121e-05  1.7911298872e-04  1.6807755282e-04 -2.7008151668e-05  5.2799484615e-05  1.3440764198e-04 -1.1129376494e-04  2.3526924807e-05 -4.8510359619e-05 -6.5921733510e-05 -4.0170600925e-03  3.1209925358e-03  9.1611945043e-04  4.5205026000e-03 -2.1963546978e-03 -3.2756680394e-05 -9.3189737638e-07 -6.3777982506e-06 -2.6231898893e-04 -3.3744549236e-05 -2.3172325337e-05  1.5536740471e-04 -7.6407300518e-05 -8.8012721737e-05  1.4374901133e-05  2.8198506882e-05  3.9914163052e-05 -1.0215457664e-04 -2.8728762658e-05 -2.3837186687e-05  2.0481580077e-05 -1.2372597431e-05 -2.6840602455e-05  3.3945470898e-05 -3.7290865326e-06 -3.3746045549e-06 -1.9777027527e-06  2.2564578684e-06  1.7624030685e-05 -6.5953310086e-06  1.8112448171e-05 -1.1073483222e-05 -1.5544642559e-05  3.1264624635e-05  1.6423372607e-05  1.4842804213e-05 -1.3237098298e-05  5.9017847847e-06  1.5201769231e-06 -3.1150457487e-07 -1.2057453495e-05  4.2113233668e-06 -1.5696195510e-06 -2.2291521003e-06  1.6431229846e-05  1.4184457639e-06 -4.3675424577e-06

JOB 14
COORDS  1.6276910575e+00 -2.0318320574e+00  3.6958637685e-01  5.3888494786e-01 -1.5238976880e+00  1.0614537760e+00  3.9134072743e+00 -2.4934267885e+00 -1.5258987497e+00  5.2602110797e+00 -2.5374221515e+00  4.7968644076e-01  2.0223039080e+00  5.1757278340e-02  2.1793345157e+00  4.9425333681e+00 -3.1036826374e+00 -2.2096864627e+00  6.2635819277e+00 -3.1509104146e+00 -2.3724944344e-01  2.9386779938e+00 -1.5451729900e+00  5.6766753578e-01  4.0411186346e+00 -2.1866732376e+00 -1.4956108913e-01  7.3513486332e-01 -4.7315296222e-01  1.9741649832e+00  3.1014272268e+00 -4.8652622811e-01  1.4965347021e+00  6.0906615900e+00 -3.4158710002e+00 -1.5581176013e+00 -2.6468259296e-01  8.9287209694e-02  2.6867433647e+00  4.6598113746e+00  2.7381861690e-01  1.7449506375e+00  1.4705029561e+00 -2.8635150633e+00 -3.1123832598e-01 -4.5177720127e-01 -1.9427201746e+00  9.0361482396e-01  3.0168725582e+00 -2.2222387105e+00 -2.0716088478e+00  5.4154408504e+00 -2.3567462380e+00  1.5353213335e+00  2.1519019271e+00  8.8344834359e-01  2.8633758474e+00  4.8995378744e+00 -3.3393168316e+00 -3.2669959149e+00  7.2076623718e+00 -3.4532891058e+00  2.0147094508e-01  6.8459781528e+00 -3.8601477630e+00 -2.0746118162e+00 -1.1179442568e+00 -3.2689684275e-01  2.4765892283e+00
ENERGY -1.014599520915e+03
GRADIENT  1.3792939811e-04 -9.1071570284e-04  1.3095770440e-03 -2.3123510068e-04 -7.0631099698e-05 -2.7263775049e-05  7.8289710981e-04  1.4072809823e-03 -3.2044454150e-04  8.6292632267e-05  2.8550140962e-05  8.6155118800e-05 -5.5046920529e-06  2.6068773913e-04  2.2989513086e-04 -7.3509287783e-06 -8.1780857987e-05 -3.3652552097e-04  2.3987634132e-05 -9.4135287280e-08  3.9165883391e-05  1.9500036886e-04  2.1475538349e-03 -2.0624735641e-03 -8.8540269697e-04 -2.6658971675e-03  1.1761411237e-03  2.3991267091e-04 -1.2623827411e-04 -1.6490884677e-04 -1.6754347958e-04 -4.6154431468e-05 -1.3076026230e-05 -2.3168858295e-04  1.4158240011e-04  1.4517902752e-04  1.3990668895e-04 -3.5452935027e-05 -6.9950051297e-05 -6.9656019283e-05 -1.2352808469e-05  8.5318750585e-06 -2.4272719868e-05  5.5391897441e-07  3.4720970730e-05 -1.7395456683e-05 -2.0169740955e-05 -1.8707008108e-05  3.8697155506e-05 -9.5133405115e-06 -2.9355406248e-05  1.3369931163e-05 -2.3254560480e-06  6.9967579612e-07  1.7228327236e-05  2.7673509415e-05  1.6949694665e-05 -1.9969480774e-05  2.2111343216e-06 -1.9141505848e-05 -6.4973368696e-06  9.3466551746e-06  2.2923020419e-05 -2.2572056588e-05  1.0990686256e-05 -8.4536130972e-06  2.5593735844e-06 -1.8808024701e-05 -1.6485638413e-05

JOB 15
COORDS  1.6047578333e+00 -2.1054987929e+00  4.4156354541e-01  5.3661825522e-01 -1.5891334803e+00  1.1641922258e+00  3.9657402602e+00 -2.3756895786e+00 -1.5810949006e+00  5.1620779144e+00 -2.6376486987e+00  5.0277886248e-01  2.0134103477e+00  1.1577018487e-01  2.0825341251e+00  5.0206701146e+00 -2.9742534417e+00 -2.2400974129e+00  6.1944258494e+00 -3.2332671413e+00 -1.9017205302e-01  2.8934847381e+00 -1.5428884165e+00  5.2011074275e-01  4.0046455649e+00 -2.2016229006e+00 -1.8050845549e-01  7.3897741331e-01 -4.6863710858e-01  1.9868489855e+00  3.0726302982e+00 -4.3191758005e-01  1.3753437232e+00  6.1035121348e+00 -3.3863040661e+00 -1.5363097515e+00 -2.4384169767e-01  1.0704350051e-01  2.7164631516e+00  4.6348746599e+00  3.5170525848e-01  1.5017275371e+00  1.4472705089e+00 -2.9829896195e+00 -1.7982568486e-01 -4.4283663414e-01 -2.0558450301e+00  1.0962394589e+00  3.1157248909e+00 -2.0254450074e+00 -2.1562425385e+00  5.2462510676e+00 -2.5266688251e+00  1.5771189081e+00  2.1498464237e+00  9.9238245593e-01  2.7065750454e+00  5.0498125852e+00 -3.1211340059e+00 -3.3138814893e+00  7.0976573323e+00 -3.6013098771e+00  2.8311518257e-01  6.8777103998e+00 -3.8198024883e+00 -2.0344302318e+00 -1.0883539437e+00 -3.5631667619e-01  2.5857680533e+00
ENERGY -1.014597575321e+03
GRADIENT  8.2449661029e-04 -2.4347619011e-03  3.6326228824e-03  3.4218763922e-05  1.0811842152e-05 -4.5336486056e-06  2.0186596667e-03  3.9867929239e-03 -5.6826003027e-04  6.9516539208e-07 -6.4558235857e-06 -1.8602545100e-05 -5.1429709195e-06 -3.5416624765e-05 -3.5147590410e-05  8.3305107817e-07 -5.1961073020e-06  1.7573645974e-05  3.2142658192e-06 -6.0520527310e-06  7.6230408896e-07 -2.4589744405e-04  5.4847371700e-03 -5.5721706996e-03 -2.6081194354e-03 -7.0234237495e-03  2.5162403489e-03 -3.2567399583e-05  2.2063375782e-05  2.8770561395e-05  1.0047336851e-05  7.2128046021e-06 -1.6103253318e-05  1.8833967331e-06  4.3632335861e-06 -5.1067711761e-07 -2.0987507186e-05  9.5414234390e-06 -4.4349822528e-07  3.1269937663e-06  5.0724725496e-06 -4.9703598356e-06  6.5497418406e-06 -1.6258027486e-06  6.8735296794e-07  2.8799262479e-06  1.9320897233e-06  4.6048629497e-06 -4.8945062228e-06 -3.7736667136e-06  9.4963920243e-08  3.0779869461e-06  5.9564501967e-07  1.2799091852e-06 -5.1688699678e-06 -2.3707748650e-06 -5.5257440278e-06 -2.6534884110e-06 -7.2537393228e-07  3.8570110305e-07  2.2876559214e-06  5.6908573144e-06 -5.8645601565e-07  1.2007706260e-06  4.9454207599e-07  1.6668254854e-06 -5.3756755402e-08 -3.4185325912e-08  5.2861835375e-06

JOB 16
COORDS  1.6013281155e+00 -2.1968319913e+00  5.4511709714e-01  5.5229500214e-01 -1.6533594387e+00  1.2809404515e+00  4.0424678983e+00 -2.2536992991e+00 -1.6128459334e+00  5.0634846721e+00 -2.7780115803e+00  5.1368470831e-01  2.0003808193e+00  1.8117273667e-01  1.9595942268e+00  5.1218450475e+00 -2.8349754999e+00 -2.2519815377e+00  6.1244218390e+00 -3.3504468579e+00 -1.5889759178e-01  2.8579725110e+00 -1.5720528109e+00  4.9456700912e-01  3.9833320616e+00 -2.2271233687e+00 -2.0602249170e-01  7.4900152855e-01 -4.5603388518e-01  1.9869340507e+00  3.0393268771e+00 -3.8890750756e-01  1.2379310140e+00  6.1271792851e+00 -3.3654938948e+00 -1.5154918966e+00 -2.1940514520e-01  1.4622197697e-01  2.7190106467e+00  4.5928673302e+00  4.2359836726e-01  1.2207419269e+00  1.4470175570e+00 -3.1289508656e+00  8.1263330594e-03 -4.0922929609e-01 -2.1598118321e+00  1.3095439606e+00  3.2498116539e+00 -1.8109845133e+00 -2.2059993373e+00  5.0692461766e+00 -2.7609964336e+00  1.5976724497e+00  2.1377461884e+00  1.1099776347e+00  2.5027486594e+00  5.2283793262e+00 -2.8795999644e+00 -3.3300697387e+00  6.9774800925e+00 -3.7999162813e+00  3.3681540305e-01  6.9190828441e+00 -3.7852075896e+00 -1.9983101761e+00 -1.0476928244e+00 -3.6034621617e-01  2.6767708654e+00
ENERGY -1.014594642664e+03
GRADIENT  1.2179740544e-03 -2.2293186217e-03  3.8763891199e-03  2.0829287039e-04  9.4589750457e-05 -1.1072072304e-05  2.2877409903e-03  4.0572044041e-03  7.2797122541e-06 -1.2238914980e-05  6.7305644226e-06  2.5103067743e-05  2.3069733606e-05 -1.6278176638e-04 -1.0400016698e-04  5.8329591716e-06 -2.4572779999e-06  3.5947442197e-05  2.5563291142e-05 -9.2850821873e-06  1.2980452094e-05 -6.8468956124e-04  5.1331454624e-03 -5.7863742280e-03 -2.8740772335e-03 -7.0392714675e-03  1.8009579533e-03 -1.7562236333e-04  7.7392467770e-05  1.0803674958e-04  5.8685315681e-05  3.5576869859e-05 -6.9174088894e-07 -1.1592184043e-05  1.9399420501e-06 -2.0131635570e-06 -7.8134443304e-05  3.1949749567e-05  5.7795300928e-05  2.0136488565e-05 -2.2553776583e-05 -8.5933954087e-06  4.6516263909e-06 -8.6924888268e-06 -1.3595481040e-05  1.9568808681e-05  2.1231090492e-05  2.1407768643e-06  1.8073031631e-06  5.6465685460e-06 -5.2991035178e-06  2.5919599148e-06  3.6399092082e-06  2.9693335720e-06 -1.5255886276e-05 -1.9132558353e-05 -6.6479774542e-06 -2.5296732207e-06 -1.0236149993e-06  2.0791233114e-06 -1.3773469379e-06 -7.2293057576e-06  3.5756071733e-06  2.5532681096e-06 -4.5120821789e-06  4.6564827391e-06 -2.0853308751e-06  1.5501316269e-05  3.1169539549e-06

JOB 17
COORDS  1.6749010173e+00 -2.3081630903e+00  7.3537032592e-01  6.0845709691e-01 -1.7331465825e+00  1.4241162052e+00  4.1476017313e+00 -2.0667350060e+00 -1.5645782440e+00  4.9843120034e+00 -2.9885117349e+00  5.0565374882e-01  1.9366237222e+00  2.7378924758e-01  1.7861144537e+00  5.2145635678e+00 -2.6413271773e+00 -2.2307308636e+00  6.0378931179e+00 -3.5483756668e+00 -1.9339138597e-01  2.8787325004e+00 -1.6123797073e+00  5.6028233627e-01  4.0135908841e+00 -2.2291504659e+00 -1.7335349031e-01  7.3869558422e-01 -4.3892219016e-01  1.9511430003e+00  2.9865992786e+00 -3.1806306354e-01  1.0967407324e+00  6.1254937399e+00 -3.3604435301e+00 -1.5321440014e+00 -2.5052410778e-01  1.9126140621e-01  2.6335964200e+00  4.4827823320e+00  5.7388143903e-01  8.9160628439e-01  1.5690600662e+00 -3.3105380167e+00  3.2926875694e-01 -3.1723562122e-01 -2.2893990771e+00  1.5493058359e+00  3.4237041533e+00 -1.4829746843e+00 -2.1224705576e+00  4.9202759612e+00 -3.1314975511e+00  1.5787412642e+00  2.0263373427e+00  1.2735026253e+00  2.1974609817e+00  5.3772899510e+00 -2.5498203347e+00 -3.2988348069e+00  6.8202475562e+00 -4.1392707814e+00  2.6968135766e-01  6.9089244555e+00 -3.7751595344e+00 -2.0334617374e+00 -1.0376266978e+00 -3.7492768840e-01  2.6964970546e+00
ENERGY -1.014592984406e+03
GRADIENT  4.4742415057e-05 -1.5190025523e-04 -4.0332217234e-05  1.9915999795e-05  2.8100564547e-05  1.2295087968e-05  1.8299806299e-04 -1.1484227745e-04  1.9440266779e-04  2.4829548325e-05 -6.0115377741e-05  2.4930752441e-04 -9.3425896221e-06  7.2902175878e-05  3.4147966808e-05  5.5081338725e-05  1.3014320262e-05 -1.9507360502e-04 -2.5690481455e-04  1.9952088039e-04 -9.7136436931e-05 -6.8336354299e-05  1.2453886616e-04  4.8957303994e-05 -1.6907655816e-04 -8.5995390913e-05 -3.6911531304e-05  3.9283145995e-05 -3.0287128761e-05 -4.3697176761e-05 -1.8332630793e-05  5.5269474415e-05  4.2569764498e-05  7.6414127681e-05 -3.5460324354e-05 -7.0428052595e-05  3.8141493069e-05 -8.9595306874e-06  7.0396368889e-06  6.4560012069e-06  3.5423228636e-05  1.2471983403e-05 -1.2708406021e-05 -1.3357341909e-05 -1.3576587204e-06  6.3200547840e-06 -9.9812253289e-06 -9.1835328239e-06  1.7003061579e-05 -7.4239391401e-06  7.6104421132e-07 -2.5441561515e-05  1.5972899017e-05  1.4161795518e-05 -6.0109252670e-07  1.0085792590e-05  1.9306637733e-07  6.1112976212e-06 -2.5944683890e-06 -8.4194103825e-06 -1.3783249230e-05  1.0636739719e-05 -1.2570817517e-05 -1.1382901708e-05  1.8260307321e-05 -3.1201463097e-05 -5.9713657139e-06 -1.4044625257e-06 -1.3231190785e-05

JOB 18
COORDS  1.8655700839e+00 -2.3773543377e+00  9.3258677787e-01  7.5036744023e-01 -1.8137749959e+00  1.5454564437e+00  4.3242822897e+00 -1.8834258918e+00 -1.4840734727e+00  4.9287302570e+00 -3.2018382345e+00  4.4889583779e-01  1.8764086502e+00  3.4530478858e-01  1.5768589287e+00  5.3246566043e+00 -2.5096348238e+00 -2.1994903385e+00  5.9212600570e+00 -3.8072846000e+00 -2.9902868327e-01  3.0009107859e+00 -1.6056420775e+00  6.3555826724e-01  4.1162119095e+00 -2.2052957859e+00 -1.2671988361e-01  7.5720959829e-01 -4.4907817631e-01  1.8760817617e+00  2.9682878917e+00 -2.3198136998e-01  9.4523984445e-01  6.0963820410e+00 -3.4468230444e+00 -1.5927501616e+00 -2.8072133399e-01  1.7523125373e-01  2.4833095699e+00  4.3542559281e+00  7.7293629951e-01  5.7016590740e-01  1.8516019279e+00 -3.4313665886e+00  6.6840455880e-01 -1.1994301540e-01 -2.4293724210e+00  1.7587915900e+00  3.7067445473e+00 -1.1395689532e+00 -1.9746962664e+00  4.7975687951e+00 -3.4876634489e+00  1.4867748472e+00  1.8711709515e+00  1.3969519834e+00  1.8425620025e+00  5.5322285421e+00 -2.3072257167e+00 -3.2441936092e+00  6.5896979169e+00 -4.5658356991e+00  9.2663999258e-02  6.8319415159e+00 -3.8988240029e+00 -2.1321084054e+00 -1.0055539784e+00 -4.4916597207e-01  2.6543003325e+00
ENERGY -1.014594804742e+03
GRADIENT -2.0844602581e-03  1.4031768144e-03 -4.3894519225e-03 -1.0234021732e-05 -2.7678682782e-05  1.1548649892e-05 -3.1372836264e-03 -3.8466731314e-03 -1.3734420671e-03 -8.6192291315e-05  1.1449059793e-05  8.8188477824e-05 -2.5488682644e-05  2.5008026084e-05  1.7936234627e-05 -1.9553182320e-07  9.2910918229e-06  2.6113241342e-06  1.2876712435e-05 -7.5814632272e-06  5.0126771652e-07  1.4379256304e-03 -4.0544199803e-03  5.8252967289e-03  3.6977864219e-03  6.4947201750e-03 -8.0343317064e-05  3.9323569079e-05  1.1563852792e-05 -2.2404913765e-05  1.5769962683e-04 -1.3585427721e-05 -6.9074178610e-05  9.3766318517e-06 -8.8001627415e-06 -3.6160326677e-06  1.1862573571e-05 -1.0265294882e-05  2.5753663898e-05 -1.1125307460e-05  6.6952889253e-06 -5.0487653962e-06 -3.5345313254e-07  3.6230408919e-06 -1.2633600429e-05 -1.8349973444e-06 -4.9750614541e-06 -1.6589826460e-06 -3.7318475086e-06 -1.0843125697e-06  3.4748353706e-06  1.8404545379e-06  1.6045996809e-06 -6.0616078273e-06  2.1710587832e-06  3.6504924967e-06 -6.1510346751e-06 -4.1214995918e-06 -1.3778545128e-06 -2.6104778669e-06  4.9887507345e-06  2.0483947436e-06 -4.4197925035e-06 -2.5988106212e-07  1.0749070564e-06 -2.6730277579e-06 -5.1090686506e-06 -1.6453129013e-08 -1.3831461109e-05

JOB 19
COORDS  2.6160272885e+00 -3.1307627412e-01  4.5577286862e-01  1.6189313101e+00  3.1121916448e-01  1.1941897247e+00  4.9407831734e+00 -3.0395296577e+00  4.7303425194e-01  4.1594612441e+00 -2.0328681172e+00 -1.5798886893e+00  9.2217973957e-01 -1.8603112182e+00  2.0492004139e+00  6.0446703406e+00 -3.5120406489e+00 -2.0355740003e-01  5.2766895139e+00 -2.5255119701e+00 -2.2231475032e+00  2.8024659131e+00 -1.7088017311e+00  4.9595089165e-01  3.9497628032e+00 -2.2962032244e+00 -2.0815793786e-01  7.6218415314e-01 -4.6516796175e-01  1.9924377720e+00  1.9408717170e+00 -2.4610969737e+00  1.3264890072e+00  6.1861563210e+00 -3.2528665715e+00 -1.5293795754e+00 -2.4066833962e-01  5.6984843295e-02  2.7343976110e+00  2.0843488053e+00 -4.2053523996e+00  1.4018823043e+00  3.2877825643e+00  2.9498033105e-01 -1.4390589095e-01  1.5118212444e+00  1.3924297743e+00  1.1582415722e+00  4.8500086429e+00 -3.2415175770e+00  1.5334563550e+00  3.4310476431e+00 -1.4668121423e+00 -2.1499160952e+00  2.4157345454e-01 -2.4485997921e+00  2.6551467723e+00  6.8373690516e+00 -4.0800379519e+00  2.7004083818e-01  5.4744926802e+00 -2.3736150725e+00 -3.2782377934e+00  7.0037094861e+00 -3.6131441693e+00 -2.0163083485e+00 -2.8304572279e-01  1.0224364604e+00  2.6288039073e+00
ENERGY -1.014597889946e+03
GRADIENT  2.4869029229e-03  4.6759099969e-04  3.6244023837e-03  1.1733798962e-05 -1.1555466931e-04  1.2092770074e-05  2.3236877479e-03  3.8317885213e-03  4.9497995129e-04 -1.0153757043e-04  7.6275660770e-05 -9.7979048492e-05  8.2466162209e-05  3.3057610372e-05 -6.2519078474e-05 -2.0096932981e-05  1.6142069131e-05 -5.6851416821e-06 -1.0355730616e-04 -2.7093200318e-05  3.8832452763e-04 -2.5176541882e-03  1.4082868812e-03 -4.9939156516e-03 -2.4281732164e-03 -5.5871130839e-03  7.2791163254e-04 -8.5155431725e-05  7.6505069574e-05  5.8842479052e-05  3.6515483264e-05 -4.9296432680e-05 -2.3661057765e-05  3.0654515367e-04 -1.3814735797e-04 -1.7646741177e-04 -5.0273932640e-05  3.6687245433e-05  3.9450617998e-05  3.0303190531e-05  1.9625435749e-05 -2.4701622374e-05 -3.8100720477e-06 -3.2470945461e-06 -5.8712323729e-06 -6.5503997873e-06 -1.2437139304e-05  1.0924702307e-05 -2.4193252632e-05 -1.5498395012e-07 -1.8590836155e-05 -2.3707213697e-05  2.9950427635e-06  3.4732805620e-05 -5.9117260308e-06  1.4882737336e-05 -9.5842980384e-06  1.4022948316e-05 -6.3220626520e-06 -3.0752266311e-05  2.4474423483e-05 -1.6617330221e-05  2.3054068562e-05  2.0304047253e-05 -1.7683809670e-05  1.5153602199e-05 -8.1063060882e-06 -4.2104254527e-06  8.3203342898e-07

JOB 20
COORDS  2.5634149924e+00 -3.3149604177e-01  4.0028100298e-01  1.5445528263e+00  2.9817047459e-01  1.0980048569e+00  4.9112863341e+00 -3.1555428830e+00  4.4398744595e-01  4.2309813042e+00 -1.9118969638e+00 -1.5115471255e+00  9.7535056080e-01 -1.8323543739e+00  2.1297617382e+00  5.9903350178e+00 -3.6341802568e+00 -2.6542024983e-01  5.3194815601e+00 -2.4167439558e+00 -2.1887840982e+00  2.8440397145e+00 -1.7074677499e+00  5.5503474197e-01  3.9821926324e+00 -2.2773486267e+00 -1.6598636750e-01  7.4171067072e-01 -4.5588659405e-01  1.9714460189e+00  2.0138646303e+00 -2.4393943877e+00  1.4418461589e+00  6.1708711228e+00 -3.2655118909e+00 -1.5601617274e+00 -2.7605117233e-01  6.9086872572e-02  2.6868270964e+00  2.1832096948e+00 -4.1730179174e+00  1.6268868513e+00  3.1970899557e+00  2.6744267965e-01 -2.4725975774e-01  1.3779682242e+00  1.3653881206e+00  9.7549724867e-01  4.8062304542e+00 -3.4462053679e+00  1.4809383953e+00  3.5472291625e+00 -1.2602023753e+00 -2.0432307258e+00  3.2649809200e-01 -2.4069225154e+00  2.7818444728e+00  6.7345124101e+00 -4.2969726660e+00  1.6131847072e-01  5.5365269834e+00 -2.1848002738e+00 -3.2252851043e+00  6.9678316824e+00 -3.6356751713e+00 -2.0724140012e+00 -3.7238975551e-01  1.0200605562e+00  2.5083909668e+00
ENERGY -1.014599630797e+03
GRADIENT  5.8434919674e-04  2.7627499803e-04  9.0316293201e-04  4.3367225955e-05  4.4105480796e-05 -5.0884192217e-05  6.3778833853e-04  8.8873044070e-04  2.5356406291e-04  5.0844270028e-05  7.7582632644e-06 -4.0327949770e-05  8.1130235857e-05  1.0482859112e-04 -8.8832614236e-05 -5.1789609676e-05  4.4053269001e-05 -3.0096358710e-05 -7.3438001670e-05  1.0316553751e-05  7.8222839635e-05 -6.8780331215e-04  9.2342663725e-05 -1.1339977282e-03 -7.0882125160e-04 -1.2247186275e-03  3.6650612489e-05 -5.5390879029e-05 -2.4297122608e-05  3.2893196216e-05  3.8590508642e-05 -9.9324827964e-05  6.6366256763e-05  1.2381978669e-04 -6.5101725723e-05 -3.4910055607e-05  7.3770777698e-06  2.6570639688e-05 -9.6526662047e-06 -1.4713948404e-05 -7.0593317206e-05 -3.0110507107e-06 -1.3180507149e-05  2.7956510307e-06  4.9966286760e-06 -7.1715230696e-06  1.9813850744e-06  9.6557275116e-06 -5.9819562723e-06  2.2650814181e-06 -1.4700596286e-05  1.3265109742e-06 -1.7106130807e-05  1.3744209144e-05  1.3723162378e-05 -1.3978451672e-06 -1.5693253692e-05  1.6262068295e-07 -2.1105374826e-06 -6.9392495496e-06  1.6409124085e-05 -7.4284141959e-06  5.5101807385e-06 -1.2236580185e-06 -4.0245674021e-06 -8.8143880245e-07 -7.8614039380e-06  2.5796685734e-06 -1.8138101349e-06

JOB 21
COORDS  2.5261507185e+00 -3.4584804698e-01  3.7095220386e-01  1.4743601378e+00  2.7560905024e-01  1.0205741966e+00  4.8920125330e+00 -3.2492031797e+00  4.0987220381e-01  4.3163851432e+00 -1.8008385656e+00 -1.4298546164e+00  1.0319904865e+00 -1.7987203759e+00  2.2093416351e+00  5.9361794035e+00 -3.7433923194e+00 -3.3884048935e-01  5.3652011247e+00 -2.3261054609e+00 -2.1491939538e+00  2.9052615458e+00 -1.6862548220e+00  6.2961107449e-01  4.0344556505e+00 -2.2453148970e+00 -1.1064416369e-01  7.1924781088e-01 -4.5364740804e-01  1.9558881410e+00  2.0989833381e+00 -2.4000273973e+00  1.5602958420e+00  6.1523251517e+00 -3.2846686011e+00 -1.5980980508e+00 -3.2292149579e-01  6.3533017079e-02  2.6377961009e+00  2.3021199260e+00 -4.1137502681e+00  1.8622089210e+00  3.1227482391e+00  2.4954801964e-01 -3.1250926097e-01  1.2448689214e+00  1.3179851752e+00  8.1460260639e-01  4.7763847655e+00 -3.6180191330e+00  1.4187277757e+00  3.6840884373e+00 -1.0709070839e+00 -1.9198246438e+00  4.1394208825e-01 -2.3615132073e+00  2.9003442161e+00  6.6232443202e+00 -4.4958666196e+00  3.1123211873e-02  5.5963807915e+00 -2.0272674666e+00 -3.1652346592e+00  6.9203903981e+00 -3.6700100430e+00 -2.1418523849e+00 -4.7441142450e-01  9.9220573727e-01  2.3919795676e+00
ENERGY -1.014598970404e+03
GRADIENT -1.9418452998e-03 -1.0177149916e-03 -2.3659677649e-03 -1.9628867694e-05  3.3414098507e-05  1.4305424411e-05 -2.0368742937e-03 -2.3599490239e-03 -1.3096373456e-03 -2.0055394531e-06 -1.5567322475e-05  4.8412788004e-05 -4.5206323092e-05 -2.5832266845e-05  4.5911229434e-05  3.7660163073e-05 -4.0275786662e-05  3.4537643569e-05  2.9620870673e-05  1.8483060052e-05 -4.8900679372e-05  1.7694280989e-03  2.9834130209e-04  2.7606337159e-03  2.1425096560e-03  3.1789767748e-03  8.4479059976e-04  5.4702687356e-05 -2.0490253814e-05 -4.2829493728e-05 -3.5384096581e-07 -6.7786056484e-05 -1.9028037182e-05 -5.0658005761e-05  1.9525412291e-05  1.9290025245e-05  2.2449821063e-05 -2.4798252857e-05 -1.2986859346e-05  3.7446548898e-07 -1.8144086232e-07  7.6998891203e-06  1.2798405902e-05  1.9458761391e-05  9.1070051956e-06  6.2808547499e-06  1.1636326475e-06 -1.0589025196e-05  4.3330139052e-06  6.5986264702e-06 -2.7759092997e-06  9.8186351287e-06  4.3041150269e-06  6.3901864509e-06 -7.0031446252e-06 -8.1508485531e-06 -4.3916102040e-06 -1.3826886424e-06 -8.3630719553e-06 -2.8792378992e-06  1.1784875758e-06  4.1221225211e-06 -3.0461223089e-06 -2.5834321993e-07 -4.6233380382e-07  2.1147054121e-06  5.6737275814e-06  2.3012884023e-06 -3.2509273291e-06

JOB 22
COORDS  2.4712403496e+00 -3.8185491697e-01  3.1984615719e-01  1.3959757471e+00  2.3518324538e-01  9.2916756948e-01  4.8361235518e+00 -3.3536746577e+00  3.3942758477e-01  4.4196189345e+00 -1.6984159286e+00 -1.3521145251e+00  1.0901937440e+00 -1.7466942863e+00  2.2935770142e+00  5.8593052627e+00 -3.8506692875e+00 -4.3540729069e-01  5.4429182338e+00 -2.2284311609e+00 -2.1008674093e+00  2.9413290277e+00 -1.6756818021e+00  6.7260341955e-01  4.0676091241e+00 -2.2326340593e+00 -7.8709353055e-02  6.9534829898e-01 -4.4904127151e-01  1.9375248471e+00  2.1751890119e+00 -2.3483845693e+00  1.6737623395e+00  6.1469037810e+00 -3.2924436400e+00 -1.6373472624e+00 -3.6228281349e-01  6.5784665214e-02  2.5939018636e+00  2.4344691945e+00 -4.0158523167e+00  2.1482604591e+00  3.0157625142e+00  1.9982309319e-01 -4.1388223833e-01  1.1067026323e+00  1.2411078329e+00  6.3589146354e-01  4.6779913510e+00 -3.8184368518e+00  1.2992486633e+00  3.8657755710e+00 -8.8341077202e-01 -1.7968607845e+00  5.1828943723e-01 -2.2807964795e+00  3.0443445652e+00  6.4715467478e+00 -4.6906812854e+00 -1.2765681265e-01  5.7171765545e+00 -1.8477254788e+00 -3.0779947718e+00  6.8976923614e+00 -3.6803502992e+00 -2.2026428999e+00 -5.6982376272e-01  9.6100177299e-01  2.2751578763e+00
ENERGY -1.014595924361e+03
GRADIENT -3.7998486801e-03 -2.4752239751e-03 -3.9427492667e-03 -2.9946237947e-05  8.2599869000e-05  3.3341799045e-06 -4.0379191095e-03 -3.9073002127e-03 -3.0546337320e-03 -8.9471941486e-07 -1.7046634134e-05  3.7698143301e-05 -1.1715333241e-04 -9.7701164133e-05  1.6068732143e-04 -5.4395942943e-07  1.1762920834e-05  6.8342089952e-06  2.6864400343e-05  2.6700087911e-05 -4.8470068603e-05  3.3383382634e-03  1.5030148402e-03  4.0397666178e-03  4.4679759100e-03  4.8443864425e-03  2.9364902213e-03  1.1317807891e-04 -6.2384097857e-05 -7.7919236887e-05  8.4396516217e-06  5.0291470169e-05 -6.0694426391e-05 -2.4138549465e-05  1.5401279981e-06  7.3027646058e-06  4.0435015466e-05 -4.3616125566e-05 -1.4914852339e-05 -8.7718166239e-06  5.5243558204e-05 -1.7678874075e-06  4.7397855856e-06  1.7907878286e-06  1.2430463639e-05  7.6257155186e-06  9.6554712942e-06 -7.4713771778e-06 -2.3186289999e-06  2.0797644891e-06  5.9293713391e-06  9.3052477577e-06 -2.1548917248e-06  3.6914987910e-06 -1.1245757376e-05 -1.6202660700e-05  1.5190692071e-05 -2.9390187446e-06 -4.1114095657e-06 -1.1834060935e-07  3.6579467697e-06 -2.1133275179e-07 -2.2417846280e-06 -3.0795819136e-06  6.0760583643e-08 -3.2184581691e-06  9.6643740450e-06 -1.4259158114e-06 -6.4552224420e-06

JOB 23
COORDS  2.3403224413e+00 -4.9063646758e-01  2.0020513782e-01  1.2817752970e+00  1.4666939083e-01  8.1524153999e-01  4.6791562707e+00 -3.5139012828e+00  1.8581203143e-01  4.5513931464e+00 -1.6067699336e+00 -1.2573267058e+00  1.1892390834e+00 -1.6633310332e+00  2.4191245432e+00  5.7336463525e+00 -3.9806371431e+00 -5.6519868694e-01  5.6058813655e+00 -2.1037871064e+00 -1.9832935299e+00  2.8917994522e+00 -1.7295548624e+00  6.3319250738e-01  4.0207381285e+00 -2.2889128217e+00 -1.2029093340e-01  6.9047521382e-01 -4.4293862242e-01  1.9449650387e+00  2.2540162338e+00 -2.2897662466e+00  1.7877339259e+00  6.1850978242e+00 -3.2802819671e+00 -1.6335517986e+00 -3.4415445303e-01  9.5499932886e-02  2.6170276605e+00  2.7050504865e+00 -3.8019185442e+00  2.5549891399e+00  2.7533715645e+00  1.0719427362e-02 -6.6332288266e-01  9.1557117610e-01  1.0926929993e+00  4.2475877834e-01  4.3757909131e+00 -4.1232833335e+00  1.0192169793e+00  4.1505477338e+00 -6.6612788060e-01 -1.6030890631e+00  7.2734398614e-01 -2.1124057751e+00  3.2913904454e+00  6.2410118196e+00 -4.9119134935e+00 -3.4034156870e-01  6.0153546016e+00 -1.5936832912e+00 -2.8475639963e+00  6.9649765767e+00 -3.6388644840e+00 -2.1782742302e+00 -6.2142484917e-01  9.3768509664e-01  2.2168983409e+00
ENERGY -1.014593292899e+03
GRADIENT  6.8479492771e-05 -6.0910685324e-05  2.1444093014e-05 -5.2930041882e-05  6.0283103368e-05  9.6322680532e-06  2.3778721085e-05  1.1135771903e-04 -8.6999812442e-05  4.0961146691e-05 -1.3704401254e-04  7.3665198417e-05 -1.2718608638e-04 -1.7417819750e-04  3.0348225522e-04  4.7212502836e-05 -1.0083478927e-04  4.2137739270e-05  3.3956150351e-05  5.0934583617e-05 -7.6787731299e-05  2.4325547040e-06 -4.8058566020e-05 -7.4836493248e-05 -9.3975413910e-05  4.0793015720e-05  2.4136080673e-05  1.3973664593e-04 -5.4757640521e-05 -9.7029242058e-05 -4.6868387187e-05  2.1500061601e-04 -1.3418966230e-04 -6.1139272418e-05  2.5315132342e-05  3.8766503870e-05  3.9794389444e-05 -4.3284365495e-05  4.5717993911e-06 -4.2731381218e-06  9.7946397102e-05 -7.4941971627e-05  3.9360473359e-05 -1.2409687732e-05 -2.5680337071e-05  1.2245623745e-06  5.5752941103e-06 -1.9562423695e-05 -1.0461614877e-05  7.3767358474e-06  3.3968825005e-05 -1.4407208496e-05  2.6231577790e-05  2.4038614942e-05 -2.1028368594e-05 -1.7170272448e-05  3.1186774420e-05  3.5841019230e-06 -8.7625728469e-06  1.0456212358e-06  2.3549865473e-06  3.6250631913e-06 -6.5716214201e-06 -6.9697268103e-06 -2.6919565879e-06  2.0021130463e-06  6.2647284282e-06 -4.8822479438e-06 -7.3795979542e-06

