JOB 0
COORDS  1.1139159287e+00 -2.4761084605e+00  8.4588708495e-01  8.2122571164e-02 -1.6607930526e+00  1.3107315978e+00  2.3995260126e+00 -2.4122954347e+00  1.3875563929e+00  1.6133890701e+00 -6.6236107700e-01  2.8948677951e+00  3.0647621982e-01 -7.3887410208e-01  2.3605295678e+00  2.6162770441e+00 -1.4917200010e+00  2.4086476588e+00  4.9107372071e+00 -8.8122115401e-01  2.3214096395e+00 -3.6525421643e-01  1.2029160069e+00  3.6924469414e+00 -1.9510606709e+00  1.6871034315e-01  2.0894941520e+00  6.0301498772e+00 -8.4761212789e-01  3.1176971494e+00 -7.2063606970e-01  6.0633688046e-02  2.8612734007e+00  4.8423451122e+00 -4.7247683806e-01  1.1806921922e+00  3.8666950319e+00 -1.4122196818e+00  3.0421650121e+00  9.0886475194e-01 -3.1733095034e+00  3.7596364234e-02 -8.9480221713e-01 -1.7464032601e+00  8.5121529408e-01  3.2087805658e+00 -3.0338074816e+00  1.0202760847e+00  1.8711262255e+00  3.1541965509e-02  3.6848352859e+00 -1.2762268497e+00  1.7231073804e+00  3.9932791023e+00  2.9041899465e-01  1.9206606270e+00  3.1745329818e+00  1.3835654934e-01  8.7663528496e-01  4.6079144412e+00 -2.6449448271e+00  8.2705272301e-01  2.6149715698e+00 -2.4379496657e+00 -8.0701334036e-01  1.9952055053e+00 -1.7877084407e+00  5.7267982095e-01  1.0777441089e+00  6.9029807870e+00 -7.0816679158e-01  2.6277373669e+00  6.0468276471e+00 -1.4407418617e+00  3.9369127928e+00
ENERGY -6.102607419919e+02
GRADIENT -1.3826972657e-05  7.9102960640e-05  8.9638543594e-05 -1.8738139183e-04  8.1583491736e-05 -2.3056022892e-04 -5.3722945197e-05  7.8387464278e-05  4.3261487173e-05 -1.2138195233e-04 -2.5908751384e-05 -5.2543331976e-05  7.5517090286e-05 -1.8792072670e-04  1.4406701716e-04  1.7676548427e-04 -4.9719617611e-05  2.2788159185e-05 -8.1445883522e-06  6.7475621223e-05  2.7805814499e-05  4.3136421803e-05  6.3429574442e-05 -1.1774433811e-04 -3.6790724812e-06  9.1169787251e-07 -3.2355134410e-05  1.7888129847e-06 -3.7509957759e-05  9.0268005997e-06  3.1755731866e-05 -9.1222752103e-05  5.6995616982e-05 -4.4116697859e-06 -2.7757250122e-05 -3.1596681281e-05  8.3540399708e-05  5.8389568208e-05  3.6314086866e-05 -1.3054175533e-05  1.5105363301e-05  6.9569131251e-06 -2.9363159628e-05 -2.0635595531e-06 -7.4403041130e-07 -3.5828556003e-06  1.2972747659e-05  1.5254278377e-05  2.6264305010e-05  4.2062023618e-06  6.8105886287e-07  4.2487744349e-07 -1.6176311539e-05  2.3512476595e-05 -1.6575826381e-05  1.5951279960e-05 -1.1842895992e-05  2.7513270665e-05  3.4671869544e-06 -1.6777314906e-05 -4.1389506295e-07 -4.7076532701e-07 -1.6706029400e-06 -3.6578022292e-06  1.9811978959e-06 -2.7765202730e-06 -1.1158282820e-06 -1.3062854521e-06  8.1725113247e-06 -1.9133471796e-06  9.4228816265e-06 -6.6807908754e-06  9.2628534067e-06  1.3783701438e-07 -5.4427337090e-06

JOB 1
COORDS  1.0992748711e+00 -2.4140904454e+00  7.7960884577e-01  6.3137764194e-02 -1.6215005491e+00  1.2779304027e+00  2.3763174895e+00 -2.3858807868e+00  1.3405402018e+00  1.5728859630e+00 -7.2872037023e-01  2.9401165615e+00  2.7352910417e-01 -7.6931204033e-01  2.3852702859e+00  2.5812243067e+00 -1.5279097969e+00  2.4188203352e+00  4.8881048096e+00 -9.5693030102e-01  2.3942214048e+00 -3.7675299980e-01  1.2802244327e+00  3.5506299767e+00 -2.0274123023e+00  3.8028040372e-02  2.2171918912e+00  5.9895613504e+00 -9.6385156047e-01  3.2151875287e+00 -7.5482771440e-01  1.3906443470e-02  2.9262814246e+00  4.8504509450e+00 -5.1421163102e-01  1.2647552237e+00  3.8204621498e+00 -1.4919952842e+00  3.0767744579e+00  9.0462162025e-01 -3.0583857953e+00 -7.3874929569e-02 -9.0461848752e-01 -1.6712272007e+00  7.9485487965e-01  3.1894732148e+00 -2.9855828778e+00  9.4672616506e-01  1.8156459912e+00 -9.2185739669e-02  3.7819930192e+00 -1.2803838631e+00  1.7996626550e+00  3.8754171707e+00  1.8027332098e-01  1.9389083434e+00  2.8663233845e+00  2.3395193517e-01  1.1133887573e+00  4.4418544810e+00 -2.7441644457e+00  6.2463245556e-01  2.7956001431e+00 -2.4319853859e+00 -9.7379997165e-01  2.1264231817e+00 -1.9550495436e+00  4.7590634952e-01  1.2076524480e+00  6.8755469602e+00 -8.2310843873e-01  2.7498994861e+00  5.9783456027e+00 -1.5772145938e+00  4.0194260077e+00
ENERGY -6.102602201571e+02
GRADIENT -8.6322693170e-05  1.7560018160e-05  1.9156967249e-05  3.6927422240e-04  9.7789924646e-04 -9.4265056191e-04  7.3847270731e-05  4.7913726874e-05  4.6193738257e-05 -1.0874738939e-04  2.2534936910e-05  2.6728760716e-05 -5.0302112676e-04 -1.2370276925e-03  8.0439028867e-04  2.5024544669e-05 -6.8948783003e-05 -5.6106720263e-05  9.8434287339e-05 -7.4195133631e-05 -7.1724965917e-05 -1.7425880383e-04  6.5359896195e-04 -1.1604857910e-03 -7.4840901578e-05  7.4392332163e-05 -5.2161366646e-05 -3.2196873805e-05 -7.0274675102e-07  6.5645270768e-05  4.3818063106e-04 -4.5360968516e-04  1.2783371041e-03 -8.1355506087e-05  3.4713913613e-05 -3.6417126638e-07  1.6616598290e-05  4.9945737960e-05 -8.3949107452e-06  1.1263985180e-05  5.0353934283e-06 -4.7621228549e-06 -7.5601223057e-06 -7.4800626186e-06  1.8614588396e-05 -3.8865581987e-06 -1.0057488796e-05 -6.4569887948e-07  1.0367748470e-05  2.5437273515e-05 -1.1957738697e-05  2.9851584646e-06 -5.4624155300e-08  4.8031849494e-06  3.4187863166e-06 -4.9419654356e-06 -4.2034099339e-06  8.6309069430e-06 -7.7877625845e-06  7.5618140515e-06  8.4757845384e-06 -1.3412076844e-05  6.4725056538e-06  8.0918718289e-06 -1.1342191633e-06 -5.9315697805e-06  7.5126996441e-06 -4.8383171573e-06  9.1655707628e-06 -1.1878060144e-05  1.1437039905e-05 -4.7349494723e-06  3.9854723476e-06  9.7654737035e-06  5.7498583411e-06

JOB 2
COORDS  1.1577016900e+00 -2.2929646929e+00  6.9034769804e-01  1.1764618613e-01 -1.5229357765e+00  1.2209453213e+00  2.4276153152e+00 -2.2951810502e+00  1.2639664113e+00  1.6093079618e+00 -7.3558941049e-01  2.9495254449e+00  3.2211277575e-01 -7.2991700876e-01  2.3681248294e+00  2.6235444224e+00 -1.5020479485e+00  2.3952171148e+00  4.9509596016e+00 -1.0143649765e+00  2.4312404052e+00 -3.9414321655e-01  1.4009822007e+00  3.3440903203e+00 -2.0385223205e+00 -9.4442541988e-02  2.3698899839e+00  6.0313344188e+00 -1.0768733535e+00  3.2766087485e+00 -7.1168600384e-01  2.5711006480e-02  2.9568937161e+00  4.9568909455e+00 -5.5243604898e-01  1.3087729497e+00  3.8480610799e+00 -1.5200386541e+00  3.0797367855e+00  9.7114971035e-01 -2.8917449100e+00 -1.9738696866e-01 -8.4584328497e-01 -1.5389413064e+00  7.2627975828e-01  3.2432423447e+00 -2.8750613191e+00  8.4655419194e-01  1.8270514436e+00 -1.7209904448e-01  3.8496785464e+00 -1.1990692606e+00  1.7906157656e+00  3.9739011962e+00 -2.8171064097e-01  2.0634013496e+00  2.4697189868e+00  5.2726684037e-01  1.4449937724e+00  3.9239926876e+00 -2.7542181313e+00  4.2563692111e-01  3.0122515094e+00 -2.3369415242e+00 -1.1447713294e+00  2.3201910665e+00 -2.1110955699e+00  3.4024692010e-01  1.3577797830e+00  6.9331137129e+00 -9.5917228639e-01  2.8359885087e+00  5.9781453251e+00 -1.6993826186e+00  4.0720258205e+00
ENERGY -6.102595854158e+02
GRADIENT -3.8778951970e-05 -2.1874066221e-05 -4.6257127581e-05  2.0004242901e-04  4.0260376346e-04 -3.4833972316e-04 -1.5709285194e-06  2.7586724022e-05  2.6247514988e-05 -6.9095967840e-06  1.9383504482e-05  1.8076760089e-05 -2.9949986282e-04 -5.9403537333e-04  3.5482300114e-04  1.0709238275e-06 -1.1720798123e-05 -2.4487352746e-05  1.9655451570e-05 -4.6871782257e-05 -1.7234601464e-05 -1.4835477295e-04  1.1724485775e-04 -4.3180842248e-04  8.2929053654e-06 -3.5151267899e-05  6.0194674080e-05 -4.6598925002e-07 -2.8354300692e-07 -4.4879021298e-06  3.1005449660e-04  7.6930953033e-05  3.9674431719e-04  8.7246700921e-07  1.7528486897e-05  4.0935695701e-06 -1.7378193766e-05  3.5360237916e-05  1.2545440683e-05  8.4817867124e-06 -4.3439165413e-06 -5.7070186019e-06  2.2100186075e-05  8.5274300717e-07  1.5717246669e-06 -7.5944043746e-06  2.4528346750e-07 -7.0275236538e-06 -8.6907392130e-06  1.9886937005e-05  1.0757663068e-05  3.7582094211e-06  1.0259572061e-05 -5.7873935172e-06  4.0437459327e-06  3.7621553437e-06  1.6881304437e-06  3.1994067738e-05 -8.2359568903e-06 -1.0224704539e-06 -3.7907448226e-07  2.9496606064e-06 -1.5007334882e-06 -3.8040214860e-06  1.0543780831e-05 -3.6107170277e-06 -8.4328518656e-06  9.9823357985e-06 -1.3905074344e-06  1.0904176098e-06  9.8043731024e-06 -3.0234017469e-06  3.3320004806e-06  4.3378120402e-06 -4.4611667813e-06

JOB 3
COORDS  1.1762134921e+00 -2.1887567450e+00  6.2066549605e-01  1.3286100915e-01 -1.4433990499e+00  1.1822384315e+00  2.4364198574e+00 -2.2324309347e+00  1.2136901459e+00  1.6030416171e+00 -7.7996759602e-01  2.9817822333e+00  3.2961191235e-01 -7.3123289733e-01  2.3786493238e+00  2.6238587588e+00 -1.5136134399e+00  2.3961015125e+00  4.9582075750e+00 -1.0664365437e+00  2.4893338002e+00 -4.0173119668e-01  1.4560957260e+00  3.1594234861e+00 -2.0491267260e+00 -1.9403056829e-01  2.5244695496e+00  6.0219409714e+00 -1.1810852808e+00  3.3492912730e+00 -6.9101099495e-01  2.7347560437e-02  3.0034264140e+00  4.9902358700e+00 -5.5743733255e-01  1.3877828330e+00  3.8371783750e+00 -1.5853008894e+00  3.0956734377e+00  1.0019913419e+00 -2.7323495055e+00 -3.0426828171e-01 -8.2724459200e-01 -1.4199732679e+00  6.7953470160e-01  3.2539012766e+00 -2.7932882905e+00  7.7427808072e-01  1.7925853677e+00 -2.7184255357e-01  3.9218459488e+00 -1.1262418369e+00  1.8990439212e+00  3.8499874641e+00 -4.5763501074e-01  1.9960363449e+00  2.1987840618e+00  5.9547831659e-01  1.6051576954e+00  3.5747914947e+00 -2.7465596966e+00  2.9621253028e-01  3.2103662658e+00 -2.2754274708e+00 -1.2632870750e+00  2.5188756195e+00 -2.2315141831e+00  2.1058837903e-01  1.5131446579e+00  6.9335805582e+00 -1.0559897218e+00  2.9317057852e+00  5.9451930764e+00 -1.8318180424e+00  4.1197452085e+00
ENERGY -6.102589858174e+02
GRADIENT -1.1575244860e-06  2.2218349591e-05  2.8597408638e-05  4.2062624354e-04  1.3549411970e-03 -9.7820965257e-04 -6.5226483859e-07  1.3378585508e-05  1.4232365517e-05 -7.3156251227e-05  5.7334137114e-05  7.0182555742e-06 -1.0815453203e-03 -1.9849324920e-03  9.3135509424e-04  2.1547076404e-05 -3.9725571902e-05 -1.6023031261e-05 -6.8915496323e-05  1.7040194660e-04  6.7938257237e-05 -6.9216569130e-04  2.2046727695e-04 -1.3760801996e-03 -1.1172714886e-05  3.3847776474e-05  4.4856247898e-05  2.9076337360e-05 -2.7464599723e-05 -3.8695756612e-05  1.3608708134e-03  3.3193332945e-04  1.3308332504e-03  3.6838977141e-05 -5.6280480335e-05 -1.8777204836e-05  9.8302586990e-06 -4.9325027121e-05 -8.8912081971e-06 -1.2809920882e-05  6.7032714242e-06  4.3001332053e-06 -5.5242832646e-06  6.0592248192e-06 -6.3114156250e-06  5.6096847572e-06  2.3869054143e-06  5.7907829413e-06  4.6674933984e-05 -7.0262110289e-06  9.1789388085e-06 -5.4621296618e-06  7.6181588927e-06 -7.5436060938e-06  1.8422596197e-05  8.0638169097e-07 -5.7409105183e-06 -6.2538875093e-06  5.0962868135e-06  3.1339543806e-05 -3.6064648662e-06 -2.3362805903e-05  1.7827033790e-05  1.2935848316e-05 -5.5032720311e-06 -1.8800151212e-05 -4.3189818949e-06  1.0583059236e-05  1.1385241454e-05  6.5288170322e-06 -2.0727135925e-06 -7.7562972445e-08  3.3620821992e-07  4.0881580729e-06 -2.3008350837e-06

JOB 4
COORDS  1.1980719736e+00 -2.0727515738e+00  5.5810489463e-01  1.5383786060e-01 -1.3516379113e+00  1.1491768073e+00  2.4475737073e+00 -2.1653482406e+00  1.1696964339e+00  1.6008434423e+00 -8.1734986583e-01  3.0108246207e+00  3.4149825966e-01 -7.2443448104e-01  2.3912043603e+00  2.6261326853e+00 -1.5232100225e+00  2.3966475649e+00  4.9682103273e+00 -1.1270908802e+00  2.5372118936e+00 -4.3630827804e-01  1.4909577057e+00  2.9695684789e+00 -2.0421994180e+00 -2.8763313704e-01  2.6832193475e+00  6.0148533228e+00 -1.2918435350e+00  3.4089820258e+00 -6.6726953235e-01  4.3534455147e-02  3.0439077719e+00  5.0265692845e+00 -5.7845968794e-01  1.4559032167e+00  3.8282091900e+00 -1.6476754427e+00  3.1066030436e+00  1.0362104879e+00 -2.5577932699e+00 -4.0096874787e-01 -8.0192038745e-01 -1.2863097406e+00  6.4018599948e-01  3.2656266959e+00 -2.7085206123e+00  7.0944643682e-01  1.7688066616e+00 -3.5655024434e-01  3.9795210718e+00 -1.1259503503e+00  2.0039250193e+00  3.6478918256e+00 -5.8948170400e-01  1.8844292484e+00  1.9495529133e+00  5.8452309854e-01  1.7270196971e+00  3.2761870579e+00 -2.7181702713e+00  1.9790556212e-01  3.3943882555e+00 -2.1944576588e+00 -1.3678349133e+00  2.7503573829e+00 -2.3286346147e+00  4.6522828793e-02  1.6701399483e+00  6.9359484189e+00 -1.1658797977e+00  3.0130654736e+00  5.9134875317e+00 -1.9645450005e+00  4.1573498384e+00
ENERGY -6.102576419860e+02
GRADIENT  2.9136897388e-05  8.3332261978e-05  1.3513014642e-04  7.2199972906e-04  2.3067468914e-03 -1.3561788576e-03  1.5939675803e-04 -1.0590000507e-04 -6.9072186959e-05  6.1243186243e-05  1.3893217011e-04  2.6766811662e-04 -1.6957715751e-03 -3.6526163736e-03  1.0336233205e-03 -1.9969437899e-04  4.2376804889e-05 -9.4062368791e-05  1.1755478061e-05 -3.5098670387e-05 -5.0276526247e-05 -1.2213962170e-03  6.2336198006e-05 -2.0862254129e-03  4.6918438282e-05 -3.5937773362e-05 -3.6269033741e-05 -5.2812957374e-06  4.8830155079e-05 -2.8141621614e-06  2.2085812913e-03  1.1707304832e-03  2.2448464808e-03 -9.7475920568e-06  2.1928889598e-05  2.3366709967e-05 -9.4143699247e-05 -2.6440380875e-05 -3.8305158830e-05  5.9977527773e-06  9.5557908155e-06  1.8661204837e-05 -1.3837817127e-05  7.2373750589e-06 -2.0244339529e-05  1.9051754816e-05 -9.6797451527e-06 -1.7264121260e-05  6.3308066007e-06  2.1371444363e-05  2.8068693101e-05  4.7466742821e-06  2.6131261726e-06  1.7152209206e-05 -1.7360836271e-05  8.3853895136e-06  9.4804845199e-06 -7.6066779432e-06 -1.2633696928e-05 -1.2702175495e-05 -5.4408954476e-06 -4.8424605552e-06  1.4960748186e-05  1.4064299880e-05  1.0591498783e-05 -5.8573038117e-07 -5.2742371237e-07  7.9033890353e-06  5.0261188459e-06  8.8984805446e-06 -3.8597016579e-06  6.7150577139e-06  1.8660401931e-06  1.3788702888e-07 -4.8778906697e-06

JOB 5
COORDS  1.4892822995e+00 -1.5005229927e+00 -2.1416194835e-01  4.1532937338e-01 -8.8574643229e-01  4.2999493713e-01  2.5777647380e+00 -1.9811757900e+00  5.2177457049e-01  1.5212803944e+00 -1.1801400119e+00  2.5643518156e+00  4.2816616492e-01 -7.1051164895e-01  1.8227279405e+00  2.5720005347e+00 -1.8169738444e+00  1.9044816488e+00  3.5565594156e+00 -3.0719535285e+00  3.6874366354e+00 -5.6806414336e-01  1.3712803265e+00  2.5204138842e+00 -1.0840960956e+00 -6.5282913870e-01  3.7348169744e+00  4.7907879316e+00 -3.3128940661e+00  4.2365644338e+00 -7.0748088823e-01 -8.6618808213e-02  2.4387609946e+00  2.4992892071e+00 -3.4860469719e+00  4.1179921668e+00  3.7111697740e+00 -2.2498053925e+00  2.5946037428e+00  1.4711046251e+00 -1.6320492957e+00 -1.2927631335e+00 -4.5092184486e-01 -5.4283362430e-01 -1.2856630916e-01  3.4143739161e+00 -2.4812629196e+00  4.3309380293e-02  1.5525389116e+00 -1.0723247120e+00  3.6416420812e+00 -1.5163386962e+00  1.8087876138e+00  2.8503602258e+00 -3.2664867461e-01  1.7770258599e+00  1.5345113911e+00  2.2342246648e-01  1.6821301360e+00  3.2257505631e+00 -2.0804459873e+00 -2.8474559807e-01  4.0015022535e+00 -3.9805726364e-01 -3.8349358763e-01  4.5569423081e+00 -1.1249821734e+00 -1.7421718179e+00  3.6633265375e+00  4.8314113787e+00 -4.0830987593e+00  4.8896695013e+00  5.6088613729e+00 -3.1390382175e+00  3.6676575761e+00
ENERGY -6.102565508977e+02
GRADIENT -1.1083124744e-05  3.4186011968e-06 -3.7231022628e-05 -1.1060588144e-03 -2.4605616653e-03  3.4715059012e-04  6.3395083177e-05 -3.3404556199e-05 -3.9842119522e-06 -1.2333733396e-05  7.8145091335e-06  7.5601543270e-05  2.1821271130e-03  3.4355812266e-03  4.0287971246e-04 -4.9760653358e-05  4.8854819206e-05 -3.2126128820e-05  4.1539087913e-05 -2.6326242789e-04 -2.1066316450e-04  1.0775880188e-03 -1.8409338105e-04  2.2487854019e-03  5.1159667112e-07  2.1925432380e-05  4.3302325176e-05 -1.3572112890e-05  5.7295359630e-05  4.8474533992e-05 -2.0676734715e-03 -8.4028018344e-04 -2.9635438529e-03  6.3619546055e-06  1.1909740394e-04  7.4147663437e-05 -5.0853534157e-05  7.7246121856e-05  6.8050028493e-06  9.5192277604e-06 -9.5270492088e-06 -3.9053847794e-06  8.5970745850e-06 -2.9845862046e-06  6.8062358350e-06  2.3716211777e-06 -3.3756163291e-06 -1.6232739790e-05  4.8391448079e-06  2.6105762309e-06  9.9312254540e-06  1.2591473636e-06 -4.2778172593e-06 -1.6745140904e-06  7.7022534463e-07 -1.6960649788e-05 -8.1539440270e-08 -1.3439748003e-07 -5.5360850289e-06 -6.4726205179e-06  1.0602437689e-05  9.7438822617e-06  4.1199849184e-06  3.4295258142e-06 -1.0445834707e-05 -5.9827300352e-06 -2.9133602837e-06  5.1066982060e-06 -1.4401899240e-05  1.4750418922e-06  1.7918923608e-05  7.7425176979e-06 -5.8850269271e-06  1.1387253331e-05  8.1695872322e-07

JOB 6
COORDS  1.5885045058e+00 -1.3984087654e+00 -1.9344920385e-01  5.0266873016e-01 -8.2172838745e-01  4.6052813252e-01  2.6643048788e+00 -1.9219730389e+00  5.3450370627e-01  1.5649313267e+00 -1.2332609582e+00  2.5973309835e+00  4.8477182114e-01 -7.1980708747e-01  1.8647379690e+00  2.6276321983e+00 -1.8354085348e+00  1.9222006697e+00  3.5786244454e+00 -3.1772646569e+00  3.6623589956e+00 -7.4776626539e-01  1.3035654565e+00  2.3556870690e+00 -9.0250969601e-01 -5.7101514652e-01  3.8695651345e+00  4.8042841623e+00 -3.4489519076e+00  4.2174572494e+00 -6.6520243998e-01 -1.5484273068e-01  2.4897928824e+00  2.5147026620e+00 -3.6092671858e+00  4.0578299384e+00  3.7522489643e+00 -2.3057736021e+00  2.6121241477e+00  1.5886799385e+00 -1.4714689793e+00 -1.2777844928e+00 -3.5243988316e-01 -4.5922627773e-01 -1.0303284686e-01  3.5096996968e+00 -2.3956980415e+00  4.5258582606e-02  1.5817879426e+00 -1.1860676621e+00  3.6782988758e+00 -1.7395455760e+00  1.6426159603e+00  2.6724573214e+00 -6.0342095644e-01  1.5954373753e+00  1.3132489563e+00  1.0862479780e-02  1.8221406334e+00  2.9678859977e+00 -1.9156221635e+00 -2.7052660150e-01  4.1555475357e+00 -2.0315625740e-01 -1.1948439357e-01  4.5953647652e+00 -8.3043268763e-01 -1.6582560934e+00  3.9480873812e+00  4.8324107454e+00 -4.2516767976e+00  4.8309039245e+00  5.6303088108e+00 -3.2533937694e+00  3.6673164474e+00
ENERGY -6.102583768801e+02
GRADIENT  1.1911759233e-05 -2.2802516806e-05 -2.0461355308e-04 -1.0693515724e-03 -2.7156437642e-03  2.3939622387e-04 -9.4289421915e-05  6.6002869185e-05  4.5129465161e-05  4.6256965638e-05 -1.4372948191e-05  3.5633400553e-05  2.2871299410e-03  4.0331251971e-03  6.7844732544e-04  4.0356154273e-06  1.4283567597e-05  2.1323792625e-05 -5.3745325884e-06  6.8967636557e-05 -4.7223718272e-05  1.4228063057e-03  2.5702881301e-04  2.2386522472e-03  3.3087744949e-05 -4.1113471194e-05 -1.6771945876e-05 -4.7828258620e-05 -5.0591211099e-05  5.3206100055e-05 -2.5989597122e-03 -1.5700981753e-03 -3.0453160326e-03  7.6928165484e-05 -4.6246676799e-05  5.0731590118e-05 -2.0638752491e-05  2.6404221688e-05 -6.9478345128e-05  1.5167318196e-06 -3.6336460686e-06 -2.2683849081e-05  2.4345987922e-05 -1.3545303732e-05 -4.1163814524e-06 -1.3676656771e-05  8.3753330908e-06 -9.6044567707e-06 -1.1531202333e-06  6.4706093152e-06 -7.3237422446e-06 -8.1293874677e-06 -6.0560797943e-07 -1.0985102852e-05  1.5149946320e-05 -6.8496956112e-06  1.3144077439e-05 -4.5924507950e-06 -1.5065893432e-06  9.4475880058e-06 -1.0518048143e-05 -1.3049891378e-05  3.5619355367e-06 -4.4759136780e-06  9.9830590096e-06 -2.1629284432e-06  2.0872092997e-05  1.1884522704e-05 -1.0093200539e-05  1.8206229596e-05 -2.0471079781e-06  1.1441563226e-06 -5.8138031743e-06  4.3124241175e-06 -1.0029228038e-05

JOB 7
COORDS  1.6467305231e+00 -1.3067705016e+00 -1.5318901552e-01  5.5560382421e-01 -7.4364847986e-01  5.0117593243e-01  2.7013971807e+00 -1.8815254425e+00  5.6759562592e-01  1.5646742314e+00 -1.2732678718e+00  2.6366198622e+00  5.0101884623e-01 -7.1135719972e-01  1.9113046983e+00  2.6331596849e+00 -1.8582743312e+00  1.9559160604e+00  3.5389984652e+00 -3.2729820974e+00  3.6659333163e+00 -9.4561225276e-01  1.2220846341e+00  2.2390457583e+00 -7.8932077833e-01 -4.5813622602e-01  3.9727540251e+00  4.7543618793e+00 -3.5830372524e+00  4.2246553742e+00 -6.4445488622e-01 -1.7771431097e-01  2.5496615922e+00  2.4647678851e+00 -3.7008314388e+00  4.0375956598e+00  3.7384769001e+00 -2.3705977582e+00  2.6476254949e+00  1.6680795712e+00 -1.3255347423e+00 -1.2396637300e+00 -2.7556554660e-01 -3.4933101062e-01 -7.5497984221e-02  3.5516563684e+00 -2.3407834021e+00  7.3470860595e-02  1.5684349494e+00 -1.2737910744e+00  3.7177670343e+00 -1.9623963990e+00  1.4564110573e+00  2.5695283097e+00 -8.9098541160e-01  1.4001427143e+00  1.1644494323e+00 -2.4790969823e-01  1.9163624715e+00  2.7383291103e+00 -1.7958481566e+00 -1.6460489273e-01  4.2854413541e+00 -6.7734888838e-02  8.9499012788e-02  4.6045861930e+00 -6.7358341302e-01 -1.5285561707e+00  4.1587274026e+00  4.7621648746e+00 -4.4068506714e+00  4.8101298431e+00  5.5886452980e+00 -3.3855336002e+00  3.6877954703e+00
ENERGY -6.102597894497e+02
GRADIENT  2.9829551937e-06  1.0230211190e-06 -1.5958464514e-05 -6.1833457225e-04 -1.4326431971e-03  6.2231635966e-05 -4.7517434856e-05  3.0789376069e-05 -6.5431290542e-06 -5.2036168015e-05  5.2982146204e-05 -2.4954906429e-04  1.2329550770e-03  2.3819997976e-03  5.8758313207e-04  1.1194222771e-04 -5.3528799674e-05  8.1878470194e-05  1.1865665757e-05  4.7239396285e-05 -1.6872573607e-04  7.9426803381e-04  4.0314828001e-04  1.1004533508e-03 -2.1558287310e-05 -7.2732293100e-05 -4.3438278330e-05 -9.6640786217e-05 -9.0284479902e-05  1.1407601896e-04 -1.4695387532e-03 -1.2951015987e-03 -1.6336883840e-03  1.3627303127e-04 -6.3053532572e-05  1.1335621857e-04  4.4789505446e-05  5.9665592966e-05 -4.3387379659e-05  3.9220506888e-06  2.6247723011e-07 -1.1261829489e-05  1.0457839258e-05 -1.3001705389e-05  2.4368070438e-05  3.5040534384e-06  2.9643320540e-06  1.1390399890e-05 -1.9567485208e-05 -9.5057582676e-07 -3.0262424085e-05  1.6482246363e-05  8.5912764253e-06  7.7083596231e-06 -2.8693641201e-05  4.2556392136e-05 -1.9191677356e-05  1.0067151148e-05  2.5277185070e-05 -1.8274103606e-05  2.6467590115e-05  1.6664444030e-05 -4.2456815100e-06  2.4666370401e-05 -1.8569916064e-06  1.2691532988e-05 -1.0745792857e-05 -1.2215066345e-05  4.5231922580e-05  2.4439173527e-05 -1.7866026627e-06  1.1507253591e-05 -2.2437415611e-05  7.3254264510e-06 -1.4160268818e-05

JOB 8
COORDS  1.7372446138e+00 -1.1894229089e+00 -1.7480090583e-01  6.4428710007e-01 -6.3879048036e-01  4.8750573474e-01  2.7758007581e+00 -1.8108019684e+00  5.2831025041e-01  1.6167324580e+00 -1.2820145908e+00  2.6083465912e+00  5.6019769441e-01 -6.7886898106e-01  1.8986418049e+00  2.6869114895e+00 -1.8460749122e+00  1.9155622871e+00  3.5701483899e+00 -3.3210869750e+00  3.5909212701e+00 -1.0947975045e+00  1.1178785225e+00  2.1227403373e+00 -6.3376886051e-01 -3.4548704772e-01  4.0086936208e+00  4.7833653880e+00 -3.6665354510e+00  4.1343446357e+00 -5.7316377448e-01 -1.7462186408e-01  2.5637652705e+00  2.4909877112e+00 -3.7414299406e+00  3.9571860240e+00  3.7809720145e+00 -2.3953639403e+00  2.5970095879e+00  1.7743042814e+00 -1.1511595647e+00 -1.2603810625e+00 -1.5961452078e-01 -2.0355521453e-01 -9.5768289126e-02  3.6294478110e+00 -2.2528363914e+00  2.4793313018e-02  1.6147519919e+00 -1.3299255409e+00  3.6874734397e+00 -2.0834570150e+00  1.2738981693e+00  2.5636837296e+00 -1.2107402858e+00  1.1486659715e+00  1.0397357328e+00 -4.4297670729e-01  1.9554034784e+00  2.4232781487e+00 -1.6285368199e+00 -5.2101624398e-02  4.3545539553e+00  1.0906540645e-01  2.6364925316e-01  4.5525853028e+00 -4.8393537752e-01 -1.3952346823e+00  4.2724632194e+00  4.7795085873e+00 -4.5066197926e+00  4.6962791842e+00  5.6174325004e+00 -3.4707944239e+00  3.5964603456e+00
ENERGY -6.102602604813e+02
GRADIENT -4.8424433042e-05 -9.2213869262e-06  1.1643317499e-04 -1.6356941255e-04 -2.1512104550e-04 -1.0583813658e-04  8.3526547414e-05 -3.2563282180e-05 -3.1092101229e-05 -1.7470556299e-05  5.0722697810e-05  2.6307911014e-05  3.0447022335e-04  4.5479790670e-04  1.2393560428e-04 -2.5234428357e-05 -1.0518863289e-06 -4.1976855716e-05  2.3994274573e-06  9.4687158928e-06  1.9000078188e-06  1.7477301300e-04  9.3267450640e-05  1.8865410658e-04 -1.1458813204e-05 -5.5370910411e-05 -6.8845533005e-05 -1.6292754884e-05 -1.3236671121e-05 -1.1309281880e-05 -2.9423210917e-04 -2.4505362092e-04 -2.5683861223e-04  2.5223672670e-05 -2.8273642137e-05  1.1983136256e-05  1.0826459847e-05  2.1615951397e-05 -3.3073562070e-05  1.3551945857e-05  4.8709240269e-06  8.9110888683e-06 -3.1812033450e-05 -1.8284455795e-05  8.7125041938e-06  1.0546166383e-05  6.7811060424e-07 -7.4505589520e-06  3.4506934247e-06 -2.4552007214e-05 -1.6233145800e-05  4.9510003372e-06 -8.5010816081e-06  7.4823998594e-06  1.8414339542e-05 -1.1454045937e-05 -6.8291440641e-06 -3.9984868817e-06  2.4644582519e-06  2.9950337390e-06 -4.7000188877e-06 -6.1877524897e-06  7.4821132390e-06  8.5421231114e-06  1.0551532884e-05  9.8983749005e-06 -2.5839893697e-06  1.7367727506e-05  3.9749862941e-06  4.3528869244e-06  2.5264291319e-06 -2.2936146593e-06  1.6624199103e-06 -6.9989980950e-08 -7.8557246770e-06

JOB 9
COORDS  1.7995605344e+00 -1.0937294719e+00 -9.4263965918e-02  6.9745219561e-01 -5.5174194338e-01  5.6255933728e-01  2.8085608468e+00 -1.7614034859e+00  6.0610682076e-01  1.6032870388e+00 -1.3064953137e+00  2.6782241124e+00  5.6970629071e-01 -6.5867103053e-01  1.9680194020e+00  2.6833264741e+00 -1.8518168319e+00  1.9896322343e+00  3.5165657419e+00 -3.3967463158e+00  3.6308230944e+00 -1.2540191960e+00  9.7122707074e-01  2.0355607655e+00 -5.7996573626e-01 -2.2150456498e-01  4.0839474428e+00  4.7171088239e+00 -3.7793948607e+00  4.1784475751e+00 -5.6520279865e-01 -1.7214542685e-01  2.6278303804e+00  2.4265365773e+00 -3.8116756049e+00  3.9701980102e+00  3.7556014700e+00 -2.4418707086e+00  2.6722297383e+00  1.8698237992e+00 -1.0002216417e+00 -1.1749077214e+00 -6.6706724386e-02 -5.4737867793e-02 -2.2880200577e-02  3.6713630163e+00 -2.1905310702e+00  1.0725603387e-01  1.5718596295e+00 -1.4061906518e+00  3.7528749225e+00 -2.0830836436e+00  1.2607545821e+00  2.6840871343e+00 -1.6825746606e+00  7.1337258619e-01  1.0634065608e+00 -5.9316980310e-01  1.8423215973e+00  1.9032430042e+00 -1.5592895802e+00  1.0568379079e-01  4.4393425572e+00  1.8825913638e-01  4.1874048536e-01  4.5491294965e+00 -4.3121226119e-01 -1.2475400693e+00  4.4306305681e+00  4.6919767424e+00 -4.6381988017e+00  4.7107833331e+00  5.5606771876e+00 -3.5811703583e+00  3.6564913381e+00
ENERGY -6.102607370906e+02
GRADIENT  3.5072771200e-06  4.1770047107e-05 -8.2934627326e-05 -4.1884057225e-04 -9.8890330012e-04 -9.9490758666e-05 -9.5923110491e-05  1.0479492890e-04  2.1855627775e-05  2.0244706798e-05  8.7543041219e-06 -1.1751379125e-04  1.0831536701e-03  1.7292700601e-03  4.1013515524e-04  4.5116945419e-05 -9.0308136407e-05  7.3237668998e-05  1.7096739944e-05 -1.4385956373e-04 -1.6772215144e-04  5.2691404449e-04  7.0160147311e-04  4.3129774703e-04  1.5632639693e-05 -1.0727463660e-04  4.6975129285e-05 -1.6465350613e-05  1.7940870025e-05  4.5894033933e-05 -1.3083451992e-03 -1.3988300825e-03 -7.6753814870e-04  2.5033688038e-05  3.9463900102e-05  6.8628642675e-05  4.6712312362e-05  3.5310573617e-05  5.3845595714e-05 -9.5364357641e-06 -1.2376131116e-05 -2.4107239927e-05  3.2586355055e-05 -6.6480892273e-06  1.7664194964e-05 -9.3175527877e-06 -1.7516675425e-06  1.7653671176e-05 -1.5445865269e-05  1.7395653936e-05 -2.9722281946e-05  4.3308595101e-06 -1.9447856755e-05  8.3665077259e-06  2.0490265417e-05  6.7543185140e-06  6.3090950281e-05  1.7190863793e-05 -1.4904580194e-05 -7.7570818540e-06  1.4703357922e-05  2.5280364885e-05 -1.7754396855e-05  6.0686349672e-07  2.4599834318e-05  5.3892722057e-06  4.1503828150e-05  3.1117889992e-05 -3.5729264105e-05  2.4070846084e-06  4.6281806132e-06 -1.7741629970e-06 -6.1303976417e-06  7.2949808188e-06 -6.4608908363e-06

JOB 10
COORDS  1.8564960319e+00 -9.5678585158e-01 -1.5580335098e-01  7.6392443108e-01 -4.2524765851e-01  5.2703188578e-01  2.8568498355e+00 -1.6688788190e+00  5.1027205642e-01  1.6635426193e+00 -1.2911801111e+00  2.6059799265e+00  6.3529513398e-01 -5.9850195989e-01  1.9265434825e+00  2.7334323551e+00 -1.8175267285e+00  1.8903281749e+00  3.5563791567e+00 -3.4397723800e+00  3.4634481559e+00 -1.3380995686e+00  8.5322999792e-01  1.9600557009e+00 -4.4542366408e-01 -1.1179691758e-01  4.0728339108e+00  4.7567806627e+00 -3.8614419130e+00  3.9826796870e+00 -4.7217582101e-01 -1.1433621575e-01  2.6173568933e+00  2.4639526297e+00 -3.8522684921e+00  3.7982932478e+00  3.8005529923e+00 -2.4529973059e+00  2.5397966904e+00  1.9285099889e+00 -8.1142897317e-01 -1.2306214021e+00  1.3425887253e-02  1.1891839643e-01 -3.2974754571e-02  3.7134854738e+00 -2.0857638246e+00 -9.0604415915e-03  1.6280886440e+00 -1.4437431843e+00  3.6744098005e+00 -2.1414864061e+00  1.1354075794e+00  2.6424085929e+00 -1.8054896240e+00  4.1977555557e-01  1.0695537084e+00 -8.0380374956e-01  1.7678416068e+00  1.6578114736e+00 -1.3968140323e+00  2.7018450444e-01  4.4468322057e+00  3.6378454902e-01  5.1209181146e-01  4.4848985902e+00 -3.2656985370e-01 -1.1285035552e+00  4.4603539480e+00  4.7237750095e+00 -4.7407033764e+00  4.4800452592e+00  5.5974441780e+00 -3.6560643135e+00  3.4587778514e+00
ENERGY -6.102610958331e+02
GRADIENT  5.0238508591e-06 -3.3376346788e-06  1.5526086394e-05 -2.3918709538e-05  2.0988408202e-05  7.1257195966e-06  5.5271805028e-05 -8.5736083764e-06 -1.9104483420e-05 -3.1467207411e-05  5.0373372405e-06  1.0725503241e-04  5.5782601031e-05 -5.6506040560e-05 -3.0278941326e-05 -5.6209405270e-05  7.3490976873e-05 -1.5968563378e-05  2.6142478501e-05 -1.0311306009e-05  2.3249873018e-05 -8.0542335198e-06 -4.5219150529e-06  7.9268541909e-06  2.1424230996e-05 -7.0215455545e-06 -3.3070679673e-06 -9.6753104108e-06  1.5271293401e-05 -2.2816080382e-05  1.3989249266e-06  1.4059700579e-05  4.1445523720e-08 -6.6165012023e-06 -2.5744273622e-05  9.5613279698e-06 -1.7655756226e-05 -3.8249585042e-05 -7.0282540399e-05  3.1191018417e-06  3.3194651061e-06  1.4328331608e-06 -2.3311667337e-06  1.0811950452e-05 -3.7162577892e-06  4.9674949140e-06  3.8999230539e-06 -1.6424347230e-05 -8.9481285495e-06  7.8522390974e-06 -8.9616335840e-06 -1.0796589563e-06 -5.4785183898e-06 -9.5019332527e-06  2.4423010770e-06  1.1449928024e-06 -9.1090329086e-06  1.2894625594e-06  1.3857893945e-05 -5.1257683585e-07  1.6389814520e-06 -2.8789631050e-06 -4.5925207400e-06 -4.3250584582e-06 -6.7398129720e-06 -1.2125442020e-06  4.4019952703e-06 -1.5676356508e-06  4.4534018823e-06 -7.0847646096e-07  2.4077198921e-06 -1.1071897720e-05  6.5519770621e-06  6.8519732106e-06 -2.5789853263e-06

JOB 11
COORDS  1.8242726611e+00 -9.4045521652e-01 -1.8234294810e-01  7.8897189723e-01 -3.3764525313e-01  5.3019407819e-01  2.8226897774e+00 -1.6755118569e+00  4.6168178601e-01  1.7443710352e+00 -1.1829609116e+00  2.5953989212e+00  7.2983747875e-01 -4.4514851320e-01  1.9415116878e+00  2.7534108348e+00 -1.7807619501e+00  1.8498719212e+00  3.5419457482e+00 -3.4356116783e+00  3.4016183268e+00 -1.3313058197e+00  8.8861767261e-01  1.9838856366e+00 -4.4726567100e-01 -1.7744779097e-01  4.0800387668e+00  4.7326963992e+00 -3.9086277741e+00  3.8987291797e+00 -2.9166056031e-01  1.4273636745e-01  2.6699050214e+00  2.4392487265e+00 -3.8023019594e+00  3.7558046739e+00  3.8098058903e+00 -2.4585055569e+00  2.4746309295e+00  1.8467972812e+00 -8.4188598295e-01 -1.2646725398e+00  2.7552193183e-02  2.0867902375e-01 -1.3152577916e-02  3.6311295408e+00 -2.1530798063e+00 -8.1995065966e-02  1.7424406769e+00 -1.3103697466e+00  3.6683439769e+00 -1.9945982535e+00  1.3433224557e+00  2.7211275452e+00 -1.9410824882e+00  2.5413086708e-01  1.3223174838e+00 -9.0455683311e-01  1.6986010877e+00  1.3797843279e+00 -1.3564988466e+00  2.9230345744e-01  4.4576092763e+00  3.9386169438e-01  1.9861356920e-01  4.6776400939e+00 -5.2730995771e-01 -1.2601612529e+00  4.2479662561e+00  4.6716125139e+00 -4.7867488876e+00  4.3954133731e+00  5.5715994644e+00 -3.7378771309e+00  3.3598085018e+00
ENERGY -6.102609073733e+02
GRADIENT  2.5438215929e-05 -4.3326820768e-06  1.9996398498e-06 -4.3676637303e-04 -6.0122022221e-04 -6.4361006855e-05 -1.5718368917e-05  2.2051758744e-05 -2.5620047390e-05 -6.0115458962e-06 -1.4431752700e-05 -2.8092596224e-05  8.3462035798e-04  1.2398108006e-03  1.2618402539e-04  3.4957564750e-05 -1.8250852405e-05  5.9351913250e-05  1.4045161940e-05  1.4526470841e-05 -1.6651000355e-05  3.9834713984e-04  5.6404379322e-04  1.3267770419e-05  5.6475754189e-05 -2.3708340835e-05 -4.1467243718e-06 -1.0001157004e-07 -2.3936282077e-05 -1.8769728676e-05 -8.7749625728e-04 -1.1954754129e-03 -1.0135959459e-04  9.7173414675e-06  1.4875160486e-05 -1.0441557993e-06 -2.3827062662e-05  4.1445353745e-06 -1.3468516358e-05 -5.7081913195e-06  5.2058427248e-06 -2.4134964106e-06  4.7822761866e-06  4.7730380936e-06 -6.3286087428e-06  3.7804925671e-06  2.9916326677e-06  9.0021314426e-06  1.3254485429e-05 -1.6718797730e-05 -8.0452254557e-06  1.8189173521e-06  2.0298837284e-06  4.0578667358e-07  8.0748813190e-06  1.9829391333e-06  2.3685205266e-07  1.7057266331e-06  9.0659652462e-06  3.3294814494e-06 -5.7210473678e-06 -5.5231181417e-07 -2.1407670847e-07 -5.2491231915e-06 -5.1322878903e-06 -5.5213582276e-06 -1.1301627130e-05  1.7288413382e-06 -5.8332344161e-06 -5.4307415282e-07  5.4859666529e-06  7.5767935814e-06 -7.1566917653e-06 -1.1012126609e-06 -8.8884073779e-07

JOB 12
COORDS  1.8475904910e+00 -9.0594365786e-01 -1.6764566019e-01  8.3289170965e-01 -2.7446083140e-01  5.4943382677e-01  2.8333039197e+00 -1.6605968550e+00  4.7357375848e-01  1.7773326767e+00 -1.1336602475e+00  2.6094227626e+00  7.8025195458e-01 -3.7028595414e-01  1.9611864146e+00  2.7689737028e+00 -1.7579498599e+00  1.8613507070e+00  3.4951641889e+00 -3.4725894399e+00  3.3693366829e+00 -1.3810054673e+00  7.7957567166e-01  1.9915919990e+00 -3.9210694874e-01 -1.0026816162e-01  4.0938175992e+00  4.6607344234e+00 -3.9668365456e+00  3.9034477663e+00 -2.1082200009e-01  2.7667038880e-01  2.6975036128e+00  2.3766672490e+00 -3.8483362149e+00  3.6575520681e+00  3.8049516809e+00 -2.4619681525e+00  2.4915729439e+00  1.8645635999e+00 -8.1306394489e-01 -1.2505091491e+00  8.4612523577e-02  2.8938897808e-01  6.2688477046e-03  3.6254484924e+00 -2.1614815072e+00 -7.3190878336e-02  1.7774939858e+00 -1.2666732363e+00  3.6817369123e+00 -2.0569927357e+00  1.2473951171e+00  2.7092720013e+00 -1.9325813973e+00 -1.1986763943e-02  1.4599351750e+00 -1.0981079035e+00  1.5480475218e+00  1.2650646811e+00 -1.2206797327e+00  4.7270155307e-01  4.5132623398e+00  4.9978036568e-01  1.4101014974e-01  4.6812537907e+00 -6.0881777337e-01 -1.1719338631e+00  4.2211509154e+00  4.5766555536e+00 -4.8634839818e+00  4.3622467654e+00  5.5244556358e+00 -3.7760957173e+00  3.4125533091e+00
ENERGY -6.102612168288e+02
GRADIENT -4.7424054373e-05  2.3623113451e-05  2.7074114636e-05 -4.6254044729e-05  1.4433595900e-04 -9.0188483114e-05 -3.6474735884e-05  1.9874700320e-05  1.0464093797e-04 -1.4714168750e-04  5.5164927649e-05  3.5960475689e-05  7.7341994113e-05 -2.3578711450e-04 -1.6779576398e-05  1.0565051210e-04 -2.7862251296e-05 -3.0954594667e-05  1.0562603158e-05  1.2642127632e-04 -1.6041664469e-04 -6.1207436855e-05 -1.1548625465e-04 -3.7944918936e-05  8.3947254688e-05  1.2757457482e-05 -3.4648325117e-05 -1.3355696553e-04 -1.1223169055e-04  1.2999172841e-04  7.1987117263e-05  1.7187057339e-04  1.9075141940e-06  1.4687016462e-04 -1.3829013158e-04  1.3722324064e-04  1.4273985047e-05  5.4110150721e-05 -4.8732511084e-05 -5.6797174084e-06  6.1273023711e-06  6.3394880872e-06 -1.6754924557e-05  1.1527631057e-05 -1.1056518843e-05 -3.6708486021e-06  3.5106148163e-06  7.4308166385e-06  2.0490192902e-05  1.7045181752e-05  7.6607332215e-06  1.0100872047e-05  2.4733111063e-05 -3.3830553703e-06  7.6785571478e-06  2.4266642761e-06  8.9383341123e-06  1.2992770773e-06  2.2506214689e-06  3.0583065532e-06 -2.2301008217e-05 -2.5530744542e-05 -7.0147169597e-06  5.6859144284e-06 -8.4243905446e-06 -1.3066455573e-05 -1.4704758208e-05 -1.4636679562e-05  1.6785520058e-05  2.2145510497e-05 -1.0083302088e-05  1.9881700793e-05 -2.6744783955e-05  9.0418472668e-06 -7.0040200611e-06

JOB 13
COORDS  1.9520278848e+00 -7.1622865501e-01 -2.7475898560e-01  9.3358799663e-01 -1.2693911635e-01  4.7028908804e-01  2.9428012616e+00 -1.4929899094e+00  3.3370127579e-01  1.8739240107e+00 -1.0775396931e+00  2.4877200855e+00  8.7275563437e-01 -2.9454559098e-01  1.8743932690e+00  2.8757397293e+00 -1.6557890121e+00  1.7137283531e+00  3.6012054970e+00 -3.4514973548e+00  3.1194427932e+00 -1.4102785177e+00  5.7324578633e-01  1.9827469800e+00 -2.0437414768e-01 -1.9622041913e-03  4.0500847292e+00  4.7622629047e+00 -3.9623268146e+00  3.6470081741e+00 -1.2403256934e-01  3.3237205195e-01  2.6330516852e+00  2.4819215703e+00 -3.8595630595e+00  3.3555504896e+00  3.9136196754e+00 -2.3807346992e+00  2.3166216248e+00  1.9740793836e+00 -5.6679483824e-01 -1.3511461471e+00  1.8849810213e-01  4.6758028390e-01 -4.4528556475e-02  3.7418090747e+00 -1.9592464306e+00 -2.3342732497e-01  1.8688735507e+00 -1.2702262577e+00  3.5508715090e+00 -2.0950099967e+00  1.0200393097e+00  2.7061009981e+00 -1.8669191096e+00 -3.4951586273e-01  1.5920831393e+00 -1.3075832963e+00  1.2834275728e+00  1.1580799510e+00 -9.8797341667e-01  6.0175800184e-01  4.5122893950e+00  7.3510298040e-01  2.4374873714e-01  4.5531032877e+00 -4.2909690259e-01 -1.0651250896e+00  4.2333518002e+00  4.6828163499e+00 -4.8876967241e+00  4.0456159405e+00  5.6339650429e+00 -3.7263064323e+00  3.1911975540e+00
ENERGY -6.102607779291e+02
GRADIENT -1.5004510239e-05 -1.5546865097e-05 -1.1542681486e-04  8.1300252465e-04  8.9077040582e-04  2.8890523561e-04 -5.3603711310e-05  6.2259709957e-06 -1.0381432512e-05  3.1589742226e-05  1.8995890652e-05 -9.0383500467e-05 -1.3285149536e-03 -1.8935123252e-03 -1.9417835253e-05 -2.3300977916e-05  3.2566249608e-05  7.2428374732e-05  4.0406039742e-05 -8.2004315320e-05 -1.0510716482e-04 -4.1470549437e-04 -9.7136462976e-04  2.8433220968e-04  7.0758458196e-05  4.3078158001e-05  7.2747033581e-05 -2.5866080478e-05  1.4566151784e-05  3.3854859447e-05  8.9145329209e-04  1.9659706893e-03 -4.2625731976e-04 -1.6270149977e-05  3.1670501387e-05  5.7658392168e-05  2.9610935119e-05 -9.5477505928e-06  3.5095421623e-05  1.4844319543e-05  5.8715862766e-06 -1.5346589087e-05 -1.1157265492e-05 -2.6136657900e-05  1.8520938413e-05  2.4127974004e-06  1.0265400949e-06  1.7507425416e-05 -3.1644703623e-05  4.1713694475e-06 -1.0204037446e-05  1.9356245648e-05 -2.0412244486e-05  7.7972773723e-07 -8.4561904002e-06 -2.6154885015e-06 -1.1011460394e-05  2.9057863200e-05 -2.0719222055e-05  3.6284853682e-06 -6.8881641727e-06 -1.3791145266e-05 -8.4745097440e-06 -1.8790528644e-05 -2.8539507349e-05 -2.0602636998e-05 -3.3982973325e-05  3.7564725306e-06  1.2356018504e-05 -4.7663307181e-06  3.6342274532e-06  1.4467522758e-05 -7.1301598598e-06  7.0843821691e-06  1.3839840420e-05

JOB 14
COORDS  2.0365733404e+00 -6.5761153351e-01 -2.2847231263e-01  1.0005165150e+00 -6.8053823816e-02  4.8900960285e-01  2.9853755198e+00 -1.4708526521e+00  4.0251976037e-01  1.8298755289e+00 -1.0924478052e+00  2.5175046119e+00  8.7220479286e-01 -2.7863434986e-01  1.8817564918e+00  2.8583968422e+00 -1.6669649022e+00  1.7724318627e+00  3.4931803784e+00 -3.5121232216e+00  3.1555356227e+00 -1.4954711515e+00  3.3547202374e-01  2.0203335175e+00 -1.7541395209e-01  1.4300354891e-01  4.0505580198e+00  4.6204583756e+00 -4.0572517861e+00  3.7200273768e+00 -1.5559106634e-01  3.5266531256e-01  2.6089391425e+00  2.3579998583e+00 -3.9085455242e+00  3.3260287208e+00  3.8581199303e+00 -2.4227590526e+00  2.4007449401e+00  2.1147161619e+00 -4.7313772721e-01 -1.2967179272e+00  3.0279896885e-01  5.7845851316e-01 -3.1516961896e-02  3.8021428252e+00 -1.9334935926e+00 -1.4199885346e-01  1.7701602540e+00 -1.3150075332e+00  3.5735233591e+00 -2.1398391998e+00  1.0189125649e+00  2.5803952663e+00 -1.9474993679e+00 -6.6982936259e-01  2.0432946821e+00 -1.4770640101e+00  6.7783084692e-01  9.8607939693e-01 -9.4219795513e-01  7.8784577153e-01  4.4876568830e+00  7.8545066880e-01  4.2705648604e-01  4.4877533678e+00 -3.9797336792e-01 -8.9862360533e-01  4.3374664225e+00  4.5086851122e+00 -4.9921130249e+00  4.0875252508e+00  5.5162036549e+00 -3.8218691256e+00  3.3131689683e+00
ENERGY -6.102602270819e+02
GRADIENT -1.6353865260e-05  3.4320870858e-05 -3.9881875857e-05  2.7229784865e-04  2.4961749591e-04  5.2004633331e-05  7.0805448398e-06 -2.3426044361e-05  2.8361318104e-05 -5.5145327601e-05 -7.5134925465e-06  7.2489746519e-05 -3.6630715399e-04 -6.1716414277e-04 -6.6188189711e-06 -9.1252251003e-06  1.5451541033e-05 -4.5868814283e-05 -2.1251339742e-05 -2.2764838373e-05  1.7696071932e-05 -8.3755742436e-05 -3.1743188316e-04  1.1133615533e-04  3.4400431236e-05 -3.7004148461e-05 -2.0186305789e-05  3.0353789937e-06  5.5543036999e-06 -1.8404204501e-06  2.0861996177e-04  6.3141820616e-04 -1.7588312847e-04 -4.4580474318e-06  8.7051099578e-06 -3.5778200057e-06 -3.0891277063e-05  2.7367128330e-05  5.5776087539e-06  5.0624463082e-06 -1.6043646036e-05 -4.4105496524e-06  1.8806956346e-05  5.0091661192e-06  5.7655374736e-06 -6.1086283191e-06 -4.2565326383e-06 -6.3949985171e-06  8.1193975763e-07  9.9110400722e-06  2.6146646449e-05  1.4137486700e-06  6.6469818955e-06 -7.1143125253e-06 -4.2715676865e-06 -1.0568603646e-06  5.7544296175e-06 -1.8630045801e-05 -1.3684981186e-05  1.6781812703e-06  7.1331851606e-06  1.7527095627e-05  1.1145562246e-06  6.7626259267e-06 -4.2487830056e-06  1.7197793173e-05 -5.8597830140e-06  3.4613152178e-06 -3.4980049718e-06 -1.0860269236e-05 -1.5792581505e-06  1.0910198547e-05 -5.0640102692e-06 -8.9308419030e-06  8.5080737513e-06

JOB 15
COORDS  2.0899865777e+00 -4.9414519684e-01 -2.4517305937e-01  1.0492304646e+00  6.9665188948e-02  4.8561481069e-01  3.0216568368e+00 -1.3431559872e+00  3.6607885411e-01  1.8356273231e+00 -1.0578554465e+00  2.4778863100e+00  8.9579027526e-01 -2.1618058398e-01  1.8596254842e+00  2.8753890808e+00 -1.6026271762e+00  1.7233930672e+00  3.4877388143e+00 -3.5037508689e+00  3.0380153278e+00 -1.5062449095e+00  1.0747882797e-01  2.0874207413e+00 -8.7861506312e-02  3.1293744983e-01  4.0340134279e+00  4.6057834877e+00 -4.0772076540e+00  3.5916423796e+00 -1.5635719821e-01  3.9963477203e-01  2.5805564272e+00  2.3486421515e+00 -3.8992447727e+00  3.1823349081e+00  3.8658942019e+00 -2.3879604207e+00  2.3289347851e+00  2.1931318217e+00 -2.5668876053e-01 -1.3007020638e+00  3.5969233332e-01  7.5526649210e-01  2.5486593098e-03  3.8474889866e+00 -1.7818381056e+00 -1.8492564937e-01  1.7543399414e+00 -1.3195577146e+00  3.5242490216e+00 -2.2168133656e+00  8.0277908826e-01  2.5451070134e+00 -1.8195378657e+00 -9.2266990564e-01  2.3267748433e+00 -1.5579496935e+00  2.3606937344e-01  1.0057884779e+00 -8.5455905771e-01  9.6726613856e-01  4.4591558860e+00  8.8675587976e-01  6.6205516507e-01  4.3849342979e+00 -2.5897132319e-01 -7.0586260675e-01  4.4228114487e+00  4.4852199964e+00 -5.0240298065e+00  3.9240278779e+00  5.5075069643e+00 -3.8308137991e+00  3.2050963032e+00
ENERGY -6.102597382776e+02
GRADIENT -1.0272046658e-05 -3.7731950176e-05  3.0262912554e-05  9.7771674871e-04  1.1846434852e-03  3.5405512779e-04  5.8749568924e-05 -4.5861902926e-05 -4.3200153382e-05  4.4957422968e-05 -7.7206488271e-05  7.6969364352e-05 -1.3851109689e-03 -2.2238853717e-03 -1.6030726030e-04 -8.6059531870e-05  7.1996325936e-05 -3.4536461021e-06  1.8313182886e-05  7.0619206658e-05 -1.1499810329e-04 -7.8342529183e-05 -1.0712251470e-03  8.8346040497e-04 -3.5195171236e-05  9.5274159971e-05  3.5012313327e-05 -9.6807914272e-05 -8.3206974288e-05  6.7219353500e-05  5.3330694759e-04  2.0969181603e-03 -1.0869618593e-03  6.1733932834e-05 -7.3405817809e-05  9.1372675990e-05 -1.8846949922e-05  8.1989549942e-05 -5.7296420906e-05  1.3036649725e-05 -5.6913534958e-06  7.5906846555e-06 -1.8815966078e-05 -1.6097156821e-05  6.6160289030e-07  8.6524366233e-06 -5.2097349950e-06 -7.2784770337e-06 -2.3615393533e-05  1.0229499549e-05  1.1686877683e-06  1.4069786943e-05 -1.0724844685e-05  1.1490630700e-05  9.4720541408e-06 -8.5692228238e-06 -3.3740342754e-05 -1.0906426734e-05  1.9299018581e-05  3.8414798272e-06 -2.3950201318e-05 -4.1746018634e-05 -1.4147943566e-05  1.4741999499e-05  1.1417139386e-05 -9.4891439653e-06  1.7889383243e-05  4.4409632155e-06  7.7624814393e-06  3.8154117775e-06 -1.0759446440e-05  1.9769050655e-05 -2.3235492680e-05  2.0296182304e-06  2.3271539387e-06

JOB 16
COORDS  2.1654966165e+00 -4.1538771514e-01 -2.1903682742e-01  1.1068815312e+00  1.4149793451e-01  4.9362821208e-01  3.0558391839e+00 -1.3001261711e+00  4.0225648952e-01  1.7951528869e+00 -1.0679647751e+00  2.4753263263e+00  8.9720382344e-01 -1.9371616836e-01  1.8452195452e+00  2.8555420698e+00 -1.6051198380e+00  1.7440013839e+00  3.3914291718e+00 -3.5524254478e+00  3.0220310814e+00 -1.4983404180e+00 -1.3561313702e-01  2.1573226099e+00 -5.6640740659e-02  4.9943643767e-01  3.9842817015e+00  4.4803664432e+00 -4.1615472281e+00  3.5940861666e+00 -1.9144360715e-01  4.1927674275e-01  2.5326259187e+00  2.2407222175e+00 -3.9285305974e+00  3.1172149898e+00  3.8128449803e+00 -2.4244223194e+00  2.3569430548e+00  2.3166915555e+00 -1.4490270167e-01 -1.2606988333e+00  4.3686658623e-01  8.5372701684e-01  2.0406530940e-02  3.8972079122e+00 -1.7329911367e+00 -1.2991259366e-01  1.6681263081e+00 -1.3518663729e+00  3.5121958141e+00 -2.2923017929e+00  4.9926188334e-01  2.5640510102e+00 -1.6387517034e+00 -1.1619405512e+00  2.5373341547e+00 -1.6000412470e+00 -1.5650663251e-01  1.0703273070e+00 -8.3308204403e-01  1.1672813495e+00  4.3708494212e+00  9.1738241139e-01  9.2181852864e-01  4.2440444936e+00 -1.6730910891e-01 -4.7313969575e-01  4.4950050560e+00  4.3326073341e+00 -5.1139180236e+00  3.8983823835e+00  5.3990293359e+00 -3.9202193117e+00  3.2462412226e+00
ENERGY -6.102583551964e+02
GRADIENT  6.0623339080e-05  5.3882661336e-05 -2.7074969883e-04  1.8646383134e-03  1.9897948007e-03  8.1008006036e-04 -1.3391420762e-04  4.7791476972e-05  8.2675013854e-05  5.4786436510e-05 -1.1377973011e-04  1.7361208808e-04 -2.4029989408e-03 -3.7892063350e-03 -4.0205711763e-04 -6.1586610960e-05  4.0606788125e-05 -2.7033678223e-05 -3.2317536371e-05 -1.2214188579e-04  5.9313470373e-05  2.4977075996e-04 -1.7880887618e-03  1.8556693910e-03  2.6495195297e-05  1.5301356803e-06 -5.7182427578e-06  7.9884457500e-05  7.3850585191e-05 -2.7500798810e-05  3.5794766571e-04  3.4727902375e-03 -2.1804292217e-03 -7.0876948116e-05  9.3918914999e-05 -5.0880907614e-05 -4.1518178854e-05 -1.0269400057e-05  3.8680196288e-05  1.2671744664e-05 -5.4964415353e-07 -2.1580717679e-05  3.7475724339e-05 -2.8680687939e-05 -1.2906421085e-05 -1.9222679994e-05  1.3178729178e-05 -7.8401390139e-06 -1.3072172965e-05 -9.7070580274e-06  2.0225952401e-05 -3.2999914045e-06  1.6966118272e-05 -4.4443200910e-06  5.4250343265e-06  5.6493816197e-06  9.1299166286e-06  1.8616225582e-05 -9.9738908890e-06  3.8637732186e-05 -1.0291382212e-06  3.0578529844e-05  1.3961169867e-05 -1.1933759433e-05 -3.4607439177e-05 -4.1738443903e-05 -2.1467828408e-05  6.6670113698e-06 -4.3325266672e-06 -1.8160436907e-05  5.8373865451e-06  1.1012130699e-06  1.0249550117e-05 -1.0097692715e-05  1.7276605818e-05

JOB 17
COORDS  2.2333205182e+00 -2.3681465045e-01 -2.3734673792e-01  1.1427733793e+00  2.7635778278e-01  4.6500749412e-01  3.1005998586e+00 -1.1521659482e+00  3.6875325646e-01  1.7626264934e+00 -1.0411321092e+00  2.4004031394e+00  8.8988463877e-01 -1.3344866550e-01  1.7836477639e+00  2.8516569476e+00 -1.5363634577e+00  1.6835808854e+00  3.3467155462e+00 -3.5449193737e+00  2.8808676873e+00 -1.4586470523e+00 -3.8003191808e-01  2.2527177076e+00 -3.8522371067e-02  6.9945619420e-01  3.8800568676e+00  4.4172726166e+00 -4.1853153241e+00  3.4522328421e+00 -2.4696171467e-01  4.2399099543e-01  2.4586681994e+00  2.1927801571e+00 -3.9202641594e+00  2.9269071235e+00  3.7895735115e+00 -2.3884236040e+00  2.2806900884e+00  2.4228211568e+00  8.7862543499e-02 -1.2569820369e+00  4.7654669074e-01  1.0044822732e+00  1.1246746951e-02  3.9631073453e+00 -1.5540121986e+00 -1.5425259778e-01  1.5935873461e+00 -1.3755839961e+00  3.4168440667e+00 -2.3230188667e+00  1.5844182221e-01  2.6556551897e+00 -1.3986658501e+00 -1.3669182888e+00  2.7435966334e+00 -1.6198931687e+00 -5.3903305392e-01  1.1834570045e+00 -8.6734813865e-01  1.3165188151e+00  4.2426684535e+00  8.9049292773e-01  1.2595331040e+00  4.0143567461e+00  2.6865734195e-03 -2.0592840933e-01  4.5107614811e+00  4.2579103016e+00 -5.1494823694e+00  3.7098825192e+00  5.3465372054e+00 -3.9310296516e+00  3.1441933117e+00
ENERGY -6.102565798241e+02
GRADIENT  1.9160820867e-06  9.1058514108e-06 -3.3709834739e-05  1.5209407766e-03  1.9597805395e-03  9.1967839721e-04  5.5248090611e-06 -8.7775777278e-06  1.5152840479e-05 -3.6635462997e-05 -1.5707746642e-05  6.2034686282e-05 -1.9359018907e-03 -3.3928041775e-03 -5.8273008413e-04 -1.1846702254e-05  1.2396922952e-05 -1.0513006154e-05 -2.1431847935e-05  4.1045453120e-05  6.8926228103e-05  4.9160822225e-04 -1.2989581394e-03  2.0184644169e-03 -4.9858777488e-05 -8.4883296119e-06  3.1648148587e-05  4.8503096275e-07 -2.5985677037e-05 -1.2377335440e-05  2.6189967719e-05  2.6987439895e-03 -2.3630701281e-03  3.1215522636e-05 -5.8291903458e-05  1.4838246687e-05 -5.4281988242e-06  2.1613190765e-05 -4.7570609126e-05  3.3184552906e-06 -9.2896700536e-06 -2.1259095533e-06  3.9587649190e-06 -8.5698304539e-06 -1.2227886460e-06 -2.3753090288e-06 -5.9482171992e-06 -1.1101746124e-06 -2.1143315320e-06 -1.2348466601e-06  6.4397760047e-06  2.2928491909e-06  2.1829242624e-06  5.0681381444e-06 -7.7941331840e-07  5.2186807614e-06  4.4345205792e-08 -5.3513725803e-07  5.2094778884e-06  5.0860091725e-06  4.4070232436e-07  7.0653105330e-07 -1.5195444193e-06  1.5753670733e-07  4.3148809481e-06 -3.9407618446e-06  5.5818478426e-06  4.6791531027e-06 -2.6284988612e-06 -4.1202525020e-05  4.4963085579e-06  2.0000187012e-06 -7.2837069087e-06  3.4143478892e-06  1.6410654297e-05

JOB 18
COORDS  1.2445208023e+00 -2.5984499230e+00  1.2623065894e+00  2.5328988841e-01 -1.6460796142e+00  1.5268752241e+00  2.5537481298e+00 -2.4237709872e+00  1.7093995794e+00  1.8935087563e+00 -2.8782862561e-01  2.6704839886e+00  5.7166171086e-01 -4.7230607264e-01  2.2281070717e+00  2.8553291026e+00 -1.2567741815e+00  2.4153683549e+00  5.2157048333e+00 -1.0469188925e+00  2.1102216182e+00 -7.8479370614e-01  5.3277802832e-01  3.9602211293e+00 -1.5505711881e+00  5.9789533783e-01  1.6720726879e+00  6.3390730644e+00 -7.3480035466e-01  2.8331761870e+00 -3.8542359140e-01  5.3563391192e-01  2.5488144327e+00  5.1799027125e+00 -1.2642492299e+00  9.1660801906e-01  4.1283733177e+00 -1.0329912925e+00  2.9549087361e+00  9.8681114289e-01 -3.4976237613e+00  7.0877734542e-01 -7.5939390865e-01 -1.8213038934e+00  1.1796092844e+00  3.3243194844e+00 -3.1570804915e+00  1.5017209489e+00  2.1714483232e+00  6.2028044570e-01  3.1967742911e+00 -1.3565919605e+00  1.4407908106e+00  4.1781990630e+00  9.8285478280e-02  5.2248151921e-01  4.6022786215e+00 -1.4074339849e+00 -3.4288395197e-01  4.2152342668e+00 -2.0909218927e+00  1.5287046366e+00  1.8722159703e+00 -2.2599626804e+00 -2.3659222148e-01  1.8154631499e+00 -1.2292474205e+00  6.0732193287e-01  6.2755341735e-01  7.2198696544e+00 -9.4024502742e-01  2.3826820177e+00  6.2975593246e+00 -8.0833502342e-01  3.8409175502e+00
ENERGY -6.102574814701e+02
GRADIENT  3.6209566540e-05  5.8301242215e-05  5.5777258593e-05 -7.6050213802e-04 -1.1994260289e-03  2.2796762093e-03 -3.6590231780e-05  2.9916369414e-05 -6.8065554323e-06  2.2857929070e-06  6.6035476297e-05  1.3086899258e-05  2.9589331208e-04  1.0820524667e-03 -3.8457409610e-03  4.2922512107e-05  1.2436934496e-05  2.7863509198e-05  4.2472830989e-05  4.4719295893e-05 -2.4709382446e-05 -1.6712736997e-03 -1.5347392266e-03 -4.7881268843e-04  6.6571743599e-05 -1.0227426445e-04 -4.1483511444e-05 -3.4136648287e-05  2.9730397750e-05  4.5994415427e-05  2.0220795974e-03  1.5616266238e-03  1.9621525464e-03 -8.4956118703e-05 -3.2446643395e-05 -1.6780063627e-05  8.4320603606e-05 -1.2761700487e-05 -8.9342457070e-06 -1.1141587883e-05  1.7482127070e-05  1.7464163429e-06 -3.1724711504e-05 -1.4122453287e-05 -5.5742137482e-06  3.4199557013e-06  8.7678765637e-06  1.2786805170e-05  7.1183351697e-06 -6.5201741060e-06  8.3568101182e-06  1.3170963653e-05  1.7882190452e-05  8.7286030909e-06 -1.1746513315e-05 -2.7466464358e-05 -1.2853214518e-05 -2.7437315511e-05  2.0668120370e-05 -2.4453520720e-06 -9.9976399820e-06  8.7436067956e-07  1.1531458734e-05  7.1176491528e-06 -6.7406619304e-06 -1.0065567308e-05  9.2254324934e-06  1.8466804924e-05  6.6117482148e-06  1.3936390913e-05 -4.1360427734e-06  3.1945370867e-05  1.0522259246e-05 -1.3234167571e-05  1.4637553749e-05

JOB 19
COORDS  1.2753735094e+00 -2.5674683612e+00  1.1234841897e+00  2.7250583460e-01 -1.6351458755e+00  1.4138089326e+00  2.5721064918e+00 -2.4168904426e+00  1.6113612268e+00  1.8759733386e+00 -3.3797648619e-01  2.6720640053e+00  5.6105160617e-01 -4.9993528753e-01  2.1914800063e+00  2.8467658757e+00 -1.2877107473e+00  2.3867130658e+00  5.2125777888e+00 -1.0443139393e+00  2.1535826409e+00 -6.5993086338e-01  6.8554419966e-01  3.9333409750e+00 -1.6435760673e+00  4.5080280649e-01  1.7379629557e+00  6.3175316552e+00 -7.7861759141e-01  2.9228943214e+00 -4.0465009467e-01  4.8954076427e-01  2.5036961614e+00  5.2084725183e+00 -1.1818015747e+00  9.4767052375e-01  4.1050167891e+00 -1.0869998380e+00  2.9699491265e+00  1.0329414758e+00 -3.4350874649e+00  5.1535230908e-01 -7.2842356543e-01 -1.8016387553e+00  1.0323574814e+00  3.3511390744e+00 -3.1352229413e+00  1.3843264023e+00  2.1525588633e+00  5.3997946052e-01  3.2469787312e+00 -1.2263757092e+00  1.6110152614e+00  4.0770792333e+00  2.7719508896e-01  7.7473105623e-01  4.4840970828e+00 -1.2367738097e+00 -1.4866780131e-01  4.3688518733e+00 -2.2064937315e+00  1.3678869473e+00  1.9360809507e+00 -2.2936837386e+00 -4.0478450563e-01  1.9935594685e+00 -1.4222300014e+00  4.1404863803e-01  6.6834748177e-01  7.2085190142e+00 -9.5385956098e-01  2.4797123463e+00  6.2527492565e+00 -9.2341002317e-01  3.9216564558e+00
ENERGY -6.102588189641e+02
GRADIENT  1.2449739301e-05  1.1248621192e-04  6.8888214584e-05 -4.9951290087e-04 -8.7856341029e-04  1.3468022957e-03  3.6273986516e-05 -3.8735559182e-05  3.8630617869e-06 -5.0509299252e-05 -3.9206418842e-05 -4.1177552464e-05  1.4380158340e-04  9.1540434556e-04 -2.1119558792e-03  2.5297154126e-05 -1.4164565164e-05 -1.0472151430e-06 -2.7399449256e-05 -1.0567501062e-05  1.0683795238e-05 -1.0485402567e-03 -9.9687191840e-04 -5.9302881441e-05  4.9462971474e-06  5.7720167832e-05 -3.8441515441e-05  2.1954419215e-05 -2.4416150854e-05 -1.5815256454e-06  1.3307605544e-03  8.9239832857e-04  8.5417363105e-04  9.4038787343e-05  2.3907729182e-05  2.4048761726e-05 -2.5816695683e-05  2.8765896957e-06  3.9057080513e-05 -3.1836422762e-06  1.2665573229e-05  9.7452078613e-06 -2.4500389072e-05  1.9163298743e-05  1.8650948187e-06  5.2239425607e-06  4.8824295631e-06  6.7462803363e-06  1.2452550658e-06 -9.1518388155e-06  4.0553392289e-06 -1.0730679755e-05 -1.3817365399e-05 -2.1248031764e-06  1.6886641615e-06  2.7283143108e-05  2.8376779948e-05  1.4427321338e-05 -9.7475113279e-06  1.0022804716e-05 -3.1256082117e-07 -6.5371103785e-06  3.1301341400e-06  1.6847206855e-06 -3.5267304771e-06 -4.3413687649e-06 -1.9080836062e-05  2.1796706781e-06 -1.4465029563e-05 -3.5642378211e-05 -9.5717412380e-07 -4.3923195042e-05 -1.3415328755e-05  1.6112603832e-05 -1.0281166012e-07

JOB 20
COORDS  1.2638489287e+00 -2.5372993772e+00  1.0573535909e+00  2.5909974386e-01 -1.6138748916e+00  1.3640896525e+00  2.5452898705e+00 -2.4248073909e+00  1.5930606351e+00  1.8243177099e+00 -4.0259524747e-01  2.7480046091e+00  5.2203356559e-01 -5.2151377090e-01  2.2149696124e+00  2.7958601754e+00 -1.3429119837e+00  2.4382569112e+00  5.1448506365e+00 -9.8293750904e-01  2.2752959597e+00 -5.8547529435e-01  8.6480754400e-01  3.9068989846e+00 -1.7342377137e+00  3.4028959294e-01  1.8348309117e+00  6.2442434718e+00 -8.1919788421e-01  3.0815682036e+00 -4.4922637762e-01  4.5667075499e-01  2.5087321167e+00  5.1403151822e+00 -9.1439828703e-01  1.0636779916e+00  4.0399009083e+00 -1.1935711062e+00  3.0685112903e+00  1.0326883228e+00 -3.3681142523e+00  3.9574832151e-01 -7.2763013860e-01 -1.7588528052e+00  9.4135868041e-01  3.3287175168e+00 -3.1359072783e+00  1.3562888162e+00  2.1029571240e+00  4.3162585535e-01  3.3818182591e+00 -1.1947818103e+00  1.7718089685e+00  3.9580883396e+00  3.8426050798e-01  1.0953707249e+00  4.3469769238e+00 -1.0662454843e+00  8.5895296251e-02  4.5224983041e+00 -2.3205976438e+00  1.2399071091e+00  2.0404498213e+00 -2.3242375508e+00 -5.3307454736e-01  2.1635347299e+00 -1.5898816783e+00  2.7634444223e-01  7.5333993856e-01  7.1380124761e+00 -8.9472800535e-01  2.6161552858e+00  6.1865285124e+00 -1.1424364999e+00  4.0381676155e+00
ENERGY -6.102594041451e+02
GRADIENT -7.6212762389e-06  1.8647324938e-05  1.6109642572e-05 -1.6956301167e-04 -3.2312312069e-04  4.3908657799e-04  2.7981324188e-05 -2.8470851320e-05  2.4211660070e-06  7.9243485946e-06  1.2235764448e-06  8.5656274846e-07  7.6175048778e-05  3.4206719221e-04 -6.4999833723e-04 -3.2550218672e-05  4.7702533603e-06 -4.6049408964e-06 -1.5427141675e-05  1.0469949132e-05  7.6186371533e-06 -3.1685633326e-04 -3.4277278702e-04  5.3684067929e-05  3.5257070051e-05  1.9334826876e-05 -3.3311580966e-05  3.2969876963e-06 -1.4230641316e-05 -1.7939394926e-05  3.6882777785e-04  3.1498140285e-04  1.8318616919e-04  1.0106729602e-05 -5.9689120132e-06  6.1411365497e-06 -2.2927715538e-05 -2.2635340092e-05 -6.1119090094e-07  1.6365028350e-07 -4.3269592942e-06  7.8366630151e-06 -5.8304552963e-06  1.7551265074e-06  7.9039241227e-06 -2.5534487809e-06 -8.3513292373e-06  3.5712476695e-06 -1.4729225688e-05  1.3948992932e-05  2.2497678789e-06 -1.8563440074e-06  1.2939174329e-06  2.7246724405e-06  1.2842482358e-05 -5.2396177376e-06  7.9038215887e-06 -1.7993040799e-06  5.2046165182e-06 -2.3025763842e-06 -3.7921163908e-06  9.1401008901e-07 -4.3872902347e-06 -9.7391098696e-06  6.0310776667e-07  4.4911576838e-06 -1.0168917753e-05 -6.9960757791e-06 -4.3328536648e-06 -2.2449799433e-06  2.2964988708e-07  4.9299520324e-07 -5.7641787350e-06  3.1327755740e-06 -1.3184931054e-06

JOB 21
COORDS  1.3248368478e+00 -2.4744005152e+00  9.5459150273e-01  3.0949993191e-01 -1.5708061069e+00  1.2753142257e+00  2.5908303139e+00 -2.3896538982e+00  1.5344380577e+00  1.8219507647e+00 -4.3991984227e-01  2.7827560648e+00  5.4232650340e-01 -5.1746933988e-01  2.1877760689e+00  2.8063866807e+00 -1.3602813085e+00  2.4485857160e+00  5.1555404723e+00 -9.7417532748e-01  2.4119992225e+00 -4.1155079559e-01  1.0178946294e+00  3.8366206065e+00 -1.7798579517e+00  2.1168587096e-01  1.9591427277e+00  6.2206830830e+00 -8.6580827592e-01  3.2727553821e+00 -4.4501000112e-01  4.2602837980e-01  2.5013707407e+00  5.1985086128e+00 -8.0996527488e-01  1.2103693433e+00  4.0227577537e+00 -1.2550507631e+00  3.1402912081e+00  1.1156102952e+00 -3.2696002542e+00  2.4371019718e-01 -6.6004837242e-01 -1.6946199409e+00  8.0939506020e-01  3.3831473612e+00 -3.0865035094e+00  1.2852745328e+00  2.0739452543e+00  3.3289400569e-01  3.4983939361e+00 -1.2648110995e+00  1.6896137466e+00  3.9489101720e+00  4.8986158311e-01  1.6197645469e+00  3.9789512487e+00 -4.5362828887e-01  2.6118489175e-01  4.6358078847e+00 -2.4091498584e+00  1.0656536475e+00  2.2183283464e+00 -2.2632840440e+00 -7.0364514345e-01  2.3400142275e+00 -1.7423575961e+00  1.5356162492e-01  8.6792675137e-01  7.1324295159e+00 -9.0114383196e-01  2.8383350224e+00  6.1286325110e+00 -1.2684838895e+00  4.1960040010e+00
ENERGY -6.102600042207e+02
GRADIENT -8.7736956197e-05  7.7572880325e-05 -8.6125216716e-06 -4.5935106583e-04 -9.7332685814e-04  1.0844649449e-03  9.8512726809e-05 -6.4649257730e-06  7.3500244899e-05 -5.6450462791e-05  9.8127503706e-05 -1.5584320964e-05  3.8173321288e-04  8.5995638953e-04 -1.4269906849e-03 -5.3236986139e-05 -7.7848290855e-05 -1.0370064051e-04  2.2061724755e-05 -1.8426446133e-05  5.3667753539e-06 -8.7749409065e-04 -1.0101986751e-03  4.9909377643e-04 -8.7379453140e-05  1.6322143322e-05  7.5110059530e-06 -3.3217871891e-05 -8.7820792723e-07  2.1759134064e-05  1.0573745910e-03  1.0017113196e-03 -1.3998210448e-04 -8.1082511575e-05 -4.8695974693e-06 -4.2986843343e-05  4.6819573268e-05  2.3827124143e-05 -2.3271907969e-05  4.5152838778e-06 -1.4289081640e-05  1.5334445594e-05 -9.8568090876e-06  2.6646042461e-05 -7.5962425150e-06 -3.0005898028e-06 -2.6301786962e-06 -2.2600842632e-05 -1.1975897519e-05 -7.6924204091e-06  2.0781745033e-05  5.6142784660e-07  2.8089228080e-06 -1.9528771150e-06  3.3235709226e-06  1.2651202479e-05 -1.1178054249e-05  1.2708942295e-05  5.8116254937e-07 -8.9007298116e-06  1.0116547014e-05  1.9556469970e-06 -5.1082990443e-06  1.6529782764e-06  6.7711395527e-06  7.0445130411e-06  3.4834838831e-06 -1.9998659804e-05  6.8554378507e-06  7.2810823867e-06  6.4820333448e-06  1.1154448920e-05  8.6990098065e-06 -5.2204963659e-07 -6.8834118834e-06

JOB 22
COORDS  1.2284322551e+00 -2.4508204781e+00  8.4702949872e-01  2.1192693225e-01 -1.5653035445e+00  1.2055305541e+00  2.4961225802e+00 -2.3884653084e+00  1.4290262004e+00  1.7207936651e+00 -5.0000255651e-01  2.7666096680e+00  4.4038651288e-01 -5.5486491320e-01  2.1690627509e+00  2.7084149462e+00 -1.4011377100e+00  2.3876811158e+00  5.0612537941e+00 -1.0284522715e+00  2.3732206451e+00 -3.7444272414e-01  1.1528264987e+00  3.7246021331e+00 -1.9184633624e+00  9.7514716104e-02  2.0920013873e+00  6.1223500687e+00 -9.5240289545e-01  3.2428220406e+00 -5.5053709731e-01  3.6375622217e-01  2.5134701135e+00  5.1127702758e+00 -8.2658073416e-01  1.1776643949e+00  3.9228756267e+00 -1.3233413037e+00  3.0865769168e+00  1.0222046226e+00 -3.2114734364e+00  9.8446586217e-02 -7.5559675676e-01 -1.6650293421e+00  7.2928005428e-01  3.2904897121e+00 -3.0699780578e+00  1.1467200872e+00  1.9695842895e+00  2.3165488894e-01  3.5247671176e+00 -1.2397360791e+00  1.8046474864e+00  3.8559488018e+00  5.0725610207e-01  1.7969677629e+00  3.6459161909e+00 -2.6805689010e-01  5.3104084077e-01  4.6278122267e+00 -2.5615565386e+00  9.1111409286e-01  2.4319106237e+00 -2.3144296890e+00 -8.4890542060e-01  2.4938386893e+00 -1.9889701439e+00  6.2757116594e-02  1.0003009336e+00  7.0358230474e+00 -9.8043956605e-01  2.8114597736e+00  6.0233782108e+00 -1.3850622811e+00  4.1516966300e+00
ENERGY -6.102605833516e+02
GRADIENT  3.1444275327e-05  2.7260067567e-05  4.7017270251e-05 -1.1647621008e-04 -1.6402205278e-04  2.2917008739e-04  5.1967991557e-05 -5.0566390765e-05 -3.7039800051e-05  5.9973474518e-06  2.7856347420e-05  2.6981143702e-06  1.0920548547e-04  1.1811194557e-04 -3.4974347432e-04 -4.4214825981e-05  2.4710554733e-05 -1.8756313458e-06  1.3727621150e-04 -3.5233297754e-04 -1.0643801410e-04 -1.0419115485e-04 -1.5957884928e-04  1.1668043614e-04  1.7348158044e-05 -4.9013274802e-05 -5.8050633040e-05 -4.0486667214e-05  7.0522129166e-05  3.1636797223e-05  9.2349404012e-05  2.5279380942e-04  2.9897604707e-05 -5.2890600012e-05  1.3857191303e-04  2.7907804751e-05 -6.0319606088e-05  1.1147255554e-04  3.3314050865e-06 -6.7215797936e-07  7.2758475890e-06  3.5830043475e-06 -6.3900000678e-06 -7.1635170633e-07 -5.4032380993e-06  1.0575828817e-05 -6.5150497994e-06 -3.3527331955e-06 -9.1403989365e-07 -2.1137329483e-06  4.2870966666e-06  1.0950986841e-05  2.4175076700e-06  1.6376980644e-05  2.9052974695e-06  3.3533508227e-06  5.3707423229e-06 -3.7407970577e-06  8.3871489524e-07  2.3600819875e-05 -6.8812577208e-06  2.4869733290e-06 -1.1632037356e-06  1.5408397409e-06  8.2116859208e-06  4.8860498820e-06 -1.7002368321e-05 -5.5645582764e-06 -3.1614632882e-08 -1.0637699919e-05  3.6168379438e-05 -1.9919182546e-05  6.1298618053e-06  2.7685018648e-06 -1.7334252491e-05

JOB 23
COORDS  1.0369490285e+00 -2.6103377943e+00  1.0660427407e+00  2.6658767779e-02 -1.7091707315e+00  1.3989379635e+00  2.2850931427e+00 -2.5795258549e+00  1.6933463177e+00  1.5065050106e+00 -6.8270601174e-01  3.0180098548e+00  2.3934061336e-01 -7.2076984564e-01  2.3904460550e+00  2.4873464866e+00 -1.6013157010e+00  2.6630612493e+00  4.8435915886e+00 -1.2502344110e+00  2.7065309067e+00 -5.0896685194e-01  1.1701784242e+00  3.7689988399e+00 -1.9681378001e+00  2.5604073567e-01  1.9425874041e+00  5.8858083889e+00 -1.1972072084e+00  3.6009626100e+00 -7.6162270693e-01  1.6895347352e-01  2.7479281271e+00  4.9253419261e+00 -1.0334425112e+00  1.5151820211e+00  3.6869859406e+00 -1.5439157660e+00  3.3897388746e+00  8.4417872697e-01 -3.3565241012e+00  2.9946513788e-01 -9.2537919663e-01 -1.7767357916e+00  8.8622055372e-01  3.0760063946e+00 -3.2719143611e+00  1.4283454671e+00  1.7497400280e+00  5.2755581334e-02  3.7746378664e+00 -1.4296837928e+00  1.7192546702e+00  3.9716006679e+00  2.6177798804e-01  1.8968093073e+00  3.4689000655e+00 -1.8888462888e-01  7.0300649032e-01  4.7082393465e+00 -2.6029863404e+00  1.0542287742e+00  2.3295554462e+00 -2.5478529499e+00 -6.7567827130e-01  1.9786589978e+00 -1.7463798228e+00  4.7925260558e-01  8.8906130286e-01  6.8081727001e+00 -1.2327446561e+00  3.1894762893e+00  5.7610076186e+00 -1.6429502149e+00  4.5003584751e+00
ENERGY -6.102603507556e+02
GRADIENT -1.5592310466e-04  2.0235567853e-05 -9.6360227175e-05 -2.4987740538e-04 -7.0913899877e-04  7.2165658965e-04  9.3349329079e-05  1.2779412605e-04  1.4755072694e-04 -2.0369524964e-04  2.5785897427e-05 -2.9706176095e-05  4.0841937510e-04  6.9996193367e-04 -6.8895410147e-04  5.7932440512e-05 -1.0664397371e-04 -8.6408003651e-05 -5.9340867464e-05  5.8850569605e-06 -1.3863069020e-05 -4.7202037859e-04 -5.5695406980e-04  7.3195515742e-04 -2.9542546598e-05  8.5762647120e-05  8.9515170641e-05  4.0918681700e-05  3.4096300257e-05 -2.5829498790e-05  4.9859906127e-04  3.9102322564e-04 -6.7623567187e-04  2.9478070843e-05  1.4949448567e-05  2.0433285207e-05  5.1090035217e-06 -2.0268746231e-05  3.5162417467e-05  1.0647648113e-05 -1.2503532534e-05  5.7464363934e-06 -1.7599297402e-05  2.9030825585e-05 -1.0519854702e-05 -2.4108831891e-05 -1.6797558146e-05 -1.6387198922e-05  4.8755384462e-05 -6.5797323386e-06 -2.5467099081e-05 -7.1096219390e-07  3.3684403846e-05 -2.9411756253e-05 -1.2897884340e-05  2.5411717463e-05 -1.9475503835e-05 -2.3943400429e-05  5.7596207248e-06 -3.6896417702e-05 -2.0419783055e-05  6.8046187441e-06 -1.2334899111e-05  5.7181861080e-06 -8.1873958010e-06 -9.8263448283e-07  4.9336393804e-07  2.8266117363e-05 -1.8390728561e-07  4.9923357772e-06  4.3961794067e-06  3.8111210297e-06 -5.6104174603e-06 -5.4008491926e-06 -8.6549140283e-06

