JOB 0
COORDS  2.0999383227e+00 -6.6976125751e-01  2.0010643043e-02  1.0309617241e+00 -6.5321471294e-02  6.4097285393e-01  4.7254292168e+00 -3.4401306858e+00  3.3441942718e-01  4.5792105419e+00 -1.6814836564e+00 -1.2615988998e+00  1.4890896791e+00 -1.3829938923e+00  2.6355556449e+00  5.7845536985e+00 -3.9454603507e+00 -4.1313556429e-01  5.6435332298e+00 -2.2723853751e+00 -1.9321148855e+00  2.9266084824e+00 -1.6615640794e+00  6.3324742537e-01  4.0520852722e+00 -2.2560609738e+00 -7.2299776019e-02  6.4648635439e-01 -3.7953061812e-01  2.0087802024e+00  2.5386143132e+00 -1.9598301922e+00  1.9658879353e+00  6.2709704505e+00 -3.3995464083e+00 -1.5443666724e+00 -3.2898783275e-01  1.6543783849e-01  2.5973587230e+00  3.2821661336e+00 -2.8784902485e+00  2.6846117286e+00  2.3031448466e+00 -4.0077430178e-01 -1.0133718065e+00  4.2609862275e-01  6.6814871231e-01  1.1169761751e-01  4.4132157922e+00 -3.9728326873e+00  1.2222653428e+00  4.1768482276e+00 -7.5428081527e-01 -1.6558680711e+00  1.2855003274e+00 -1.6710066238e+00  3.6630201493e+00  6.2777946589e+00 -4.8603316691e+00 -8.0149624679e-02  6.0269477108e+00 -1.8043587675e+00 -2.8405245028e+00
ENERGY -6.533830716752e+02
GRADIENT  5.2812379241e-04  5.9718212120e-04  3.2413080267e-04 -6.1308012174e-05  6.8695661864e-05 -4.3701397294e-05  5.3816807284e-04  5.1546503186e-04  4.8612222834e-04 -2.3364456992e-05  8.1252377854e-06  3.1207487662e-05 -1.6973788863e-05  2.2496719885e-05  2.4245463433e-05  3.0994941248e-05 -1.0209594774e-04  7.2140146816e-05  1.2331231089e-05  6.8416952690e-05 -9.1568308457e-05 -4.8728590614e-04 -6.6703392534e-04 -1.6621910557e-04 -5.8406883618e-04 -4.6289276330e-04 -6.2451145988e-04  5.5027210846e-05 -4.8592190955e-05 -1.4475240054e-05  3.5462037034e-05 -2.7466338132e-05  1.4377605712e-05 -5.8841276967e-05  3.2798185603e-05  3.8450737928e-05  2.8369755302e-05 -5.9184646518e-06 -1.6430320582e-05  3.2668206654e-05 -1.9458915406e-05 -7.7120151115e-06  1.7001247571e-06 -3.0949647726e-06 -4.9782999134e-06 -9.0964320599e-06 -3.1788742345e-07 -1.0586071933e-05  2.7898113055e-06 -3.1803498995e-06  1.9664161853e-05 -4.8216024623e-06  3.9626370559e-06 -2.0033165340e-06  8.9065410921e-06 -1.4124954032e-05  4.4336039225e-06 -1.8720307518e-06 -1.1528190807e-05  1.7882158214e-05 -8.3533022601e-06  1.3037453004e-05 -9.1145735390e-06

JOB 1
COORDS  2.0519284536e+00 -7.3357743191e-01 -1.6695259178e-02  9.5394338791e-01 -1.6637415369e-01  5.9190324441e-01  4.6342994657e+00 -3.4816518394e+00  2.7631008276e-01  4.6768191710e+00 -1.5953448117e+00 -1.1797469551e+00  1.5531115816e+00 -1.3057467135e+00  2.6629772160e+00  5.6748161473e+00 -4.0115074560e+00 -4.8029460801e-01  5.7117615709e+00 -2.2176622237e+00 -1.8697511749e+00  2.9592131518e+00 -1.6107287491e+00  6.4856467589e-01  4.0802066323e+00 -2.2177536126e+00 -5.2630917817e-02  6.2765331538e-01 -4.0941764606e-01  1.9893602638e+00  2.6235938210e+00 -1.8548188954e+00  2.0027749007e+00  6.2348948933e+00 -3.4172945868e+00 -1.5522758048e+00 -3.7125874551e-01  1.0569958143e-01  2.5667880671e+00  3.4566292181e+00 -2.6726674047e+00  2.7448339022e+00  2.2183351305e+00 -5.3746484317e-01 -1.0742156996e+00  2.7855412663e-01  4.7532021191e-01  2.9752950366e-02  4.2439743829e+00 -4.0492029986e+00  1.1124167332e+00  4.3494527578e+00 -6.1025402325e-01 -1.4991996903e+00  1.3937622685e+00 -1.5303518747e+00  3.7138506959e+00  6.0832576417e+00 -4.9878962092e+00 -2.1439588163e-01  6.1599332935e+00 -1.7170644489e+00 -2.7298013595e+00
ENERGY -6.533829494362e+02
GRADIENT -9.0803465436e-04 -1.2691344700e-03 -3.3933485542e-04 -9.7536944293e-05  9.2389808895e-05 -5.8189820969e-05 -1.0765930672e-03 -7.0952978152e-04 -9.9285984985e-04 -1.7390483297e-05 -4.7579231190e-06  3.1043161402e-05 -3.8746759517e-05 -2.6354945968e-05  1.0285986806e-04  1.1623228301e-06 -1.3601692908e-04  7.4424118839e-05  3.7444931142e-05  1.3844176365e-04 -1.6214052386e-04  8.2566969834e-04  1.4999944936e-03  2.5484524337e-05  1.2154552414e-03  4.1566319953e-04  1.3483416786e-03  1.0220701448e-04 -6.0721856466e-05 -5.2783496654e-05  2.0402801885e-05  1.4834297491e-05 -2.1706072577e-05 -8.7172555802e-05  4.8105917612e-05  6.6788719538e-05  4.9334412270e-05 -2.1805008720e-05 -2.4187631727e-05 -2.6316075617e-06 -1.2714282219e-05 -2.5696281399e-05  5.9208174592e-06  2.2039907286e-06  5.0523920510e-06 -4.2858201592e-06  1.3966612902e-05 -1.2926135408e-05  1.7693922295e-06 -1.3316569696e-05  1.5017562604e-05  1.5024521336e-06 -6.0624090345e-07 -9.2749384161e-06  1.5256150963e-05 -5.6338265202e-06  2.1177684052e-05 -1.1729931976e-05 -1.6238486505e-05  1.8906842864e-05 -9.0488262812e-06  2.5413019020e-05 -1.7001321819e-05

JOB 2
COORDS  2.0291024566e+00 -7.9832595268e-01 -2.4767335719e-02  9.0111283807e-01 -2.8248211225e-01  5.7843245649e-01  4.5574684105e+00 -3.5072222436e+00  2.2041190973e-01  4.7787717560e+00 -1.5368460671e+00 -1.1042924639e+00  1.6261473212e+00 -1.2486784878e+00  2.6989556957e+00  5.5659054405e+00 -4.0701560582e+00 -5.5594041253e-01  5.7713235062e+00 -2.1958255179e+00 -1.8246035713e+00  3.0147876273e+00 -1.5504613415e+00  6.7558527373e-01  4.1261473717e+00 -2.1810897641e+00 -2.5380710072e-02  6.2363672966e-01 -4.6347571191e-01  1.9955899947e+00  2.7201591989e+00 -1.7555880318e+00  2.0427446820e+00  6.1886419977e+00 -3.4515790545e+00 -1.5787557425e+00 -3.9981472925e-01  1.0333726122e-02  2.5671299948e+00  3.6257187007e+00 -2.4850163297e+00  2.7927912452e+00  2.1664375779e+00 -6.5901415419e-01 -1.0963289057e+00  1.6356286913e-01  2.6570122694e-01 -4.1784715521e-03  4.1005143077e+00 -4.0898647529e+00  1.0131542143e+00  4.5214438660e+00 -5.1246127755e-01 -1.3607530380e+00  1.5015325460e+00 -1.4245612907e+00  3.7637677823e+00  5.8869651963e+00 -5.0938538914e+00 -3.5722437350e-01  6.2710106732e+00 -1.6821515995e+00 -2.6476493396e+00
ENERGY -6.533810435052e+02
GRADIENT -2.5469546128e-03 -3.9067801189e-03 -6.6675749364e-04  1.1123268224e-04 -7.9534542175e-05  1.2654328719e-04 -3.0887824216e-03 -1.7850553104e-03 -3.3603320605e-03  2.8246451210e-05 -9.1452082633e-05 -2.4237263774e-06  4.3272430661e-05 -5.3848084112e-05  1.8331893662e-04 -4.3291801665e-05  8.4467923492e-05  2.8988746472e-05  6.8124092828e-05  6.8889004546e-05 -7.9491419493e-05  2.3582230507e-03  4.9003865955e-03 -1.0019301841e-03  3.3878172554e-03  6.3833771633e-04  4.9110459095e-03 -5.9337306323e-05 -7.0560459905e-06 -6.9485979285e-05 -1.6774998160e-04  1.3505916806e-04 -5.2354401245e-05 -2.0247481470e-05  1.8169620433e-05 -7.4260927689e-06  1.5818688524e-05 -7.9724464528e-09  3.4399937716e-05 -9.3381203802e-05  7.8315133758e-05 -5.3929237100e-06  1.7253112898e-05 -7.5129673422e-06 -2.0059091761e-05  2.1183298985e-05 -9.6838619272e-06  2.5017610363e-06  6.0264019925e-06 -1.1163187790e-05 -1.6942661751e-05  3.7973447247e-06  3.0262073164e-06 -1.8698678520e-05 -2.3680799767e-05  1.1984854870e-05  2.2908273557e-05 -4.8411755012e-06  9.0047205348e-06  7.1967248911e-06  1.5575791541e-06  1.6326222872e-05 -5.9239062511e-06

JOB 3
COORDS  1.9973427136e+00 -8.6566660994e-01 -3.8741254549e-02  8.4493109495e-01 -3.9936746356e-01  5.6271186197e-01  4.4666521598e+00 -3.5133870498e+00  1.5590303735e-01  4.8859015176e+00 -1.4863217394e+00 -1.0256321920e+00  1.6842311645e+00 -1.1769296273e+00  2.7191308228e+00  5.4526914821e+00 -4.1070766158e+00 -6.2758755456e-01  5.8457247393e+00 -2.1762304904e+00 -1.7643737406e+00  3.0531430589e+00 -1.4833164956e+00  6.8591830663e-01  4.1605075117e+00 -2.1435537948e+00 -7.0879449076e-03  6.1300829957e-01 -5.0956533525e-01  1.9949631210e+00  2.7986311367e+00 -1.6421871417e+00  2.0645339260e+00  6.1534265437e+00 -3.4735656021e+00 -1.5885441782e+00 -4.3065668884e-01 -7.5516738254e-02  2.5636066920e+00  3.7671257703e+00 -2.2809657156e+00  2.8198999192e+00  2.1066693006e+00 -7.8501968589e-01 -1.1201127289e+00  5.4702629896e-02  5.2586773871e-02 -3.3361879297e-02  3.9331132755e+00 -4.1028143491e+00  8.9542250782e-01  4.7042570832e+00 -4.3273743927e-01 -1.2228975241e+00  1.5921815556e+00 -1.3005894708e+00  3.7946200503e+00  5.6831874417e+00 -5.1650193712e+00 -4.9401867592e-01  6.4074395260e+00 -1.6562389607e+00 -2.5420679022e+00
ENERGY -6.533773903425e+02
GRADIENT -3.5128065917e-03 -6.1963508524e-03 -3.6880074363e-04  1.7009991203e-04 -1.2169903350e-04  1.5539599140e-04 -4.5289445150e-03 -1.6880150695e-03 -5.5491532970e-03 -1.0475582721e-05 -1.2249045886e-04  2.8883743881e-05  7.6122340516e-06 -3.4199602185e-05  9.0905807049e-05 -1.9765622190e-05  1.3667774684e-04 -3.7261170025e-05  4.0540433593e-05 -5.3723729750e-06 -4.7495030418e-05  2.8443965884e-03  8.6080273528e-03 -2.8168390744e-03  4.9608879389e-03 -5.2435845732e-04  8.5026579872e-03 -4.6987645966e-05  6.4368903917e-05 -8.9928724439e-06  2.2370572900e-05 -8.6357033072e-05  5.9274187806e-05  3.2597496403e-05 -1.2994824578e-05 -1.5827488415e-05  1.2914011295e-06 -1.7681346708e-05  2.0830298347e-05 -2.1683954677e-05  2.4673641416e-05  3.9692507258e-05  8.5699290385e-06  8.3133805891e-06 -4.9182563731e-05  2.7227207539e-05 -1.8421525309e-05 -2.3116227776e-06 -2.3037037978e-06  1.9111084793e-05 -1.1353578331e-05 -1.1905053769e-05 -1.9508541353e-05  9.5507178400e-06 -1.0595744247e-05  9.4733097636e-07  9.8633215213e-06  7.3416124597e-06  1.4657757904e-05 -1.3116682119e-05  1.0102671957e-05 -1.5318426464e-05 -1.0293093900e-05

JOB 4
COORDS  1.9304705791e+00 -9.7306305563e-01 -5.1328338048e-02  7.7399659559e-01 -5.3131598106e-01  5.6562120832e-01  4.3567686669e+00 -3.5275513506e+00  5.1770216718e-02  4.9935558842e+00 -1.4529981355e+00 -9.3002679947e-01  1.7515423202e+00 -1.0732183597e+00  2.7345095901e+00  5.3439656750e+00 -4.1353924485e+00 -7.2167704023e-01  5.9459732103e+00 -2.1550940180e+00 -1.6706302361e+00  3.0538951834e+00 -1.4519773425e+00  6.7167624323e-01  4.1666516059e+00 -2.1322054300e+00 -1.3783272232e-02  6.0930117127e-01 -5.3699410319e-01  2.0107868416e+00  2.8674708413e+00 -1.5187379847e+00  2.0652123309e+00  6.1443711981e+00 -3.4811325104e+00 -1.5844251596e+00 -4.3735031222e-01 -1.2283195139e-01  2.5915983350e+00  3.9054505901e+00 -2.0467697928e+00  2.8156159880e+00  1.9925121848e+00 -9.7198516971e-01 -1.1398402887e+00 -6.6521930486e-02 -1.7679215125e-01 -2.7771611135e-02  3.7325057726e+00 -4.1260864264e+00  7.0940637283e-01  4.8920662286e+00 -3.7740367584e-01 -1.0507498429e+00  1.7123888685e+00 -1.1164064156e+00  3.8195324017e+00  5.4893949448e+00 -5.2150351651e+00 -6.6573485026e-01  6.5898436311e+00 -1.6228041608e+00 -2.3724124596e+00
ENERGY -6.533728261998e+02
GRADIENT -3.3873118325e-03 -6.7080017160e-03  8.5375070525e-04  1.5268196740e-05 -5.1012051095e-06  3.3945328794e-05 -4.4265518096e-03 -8.8788459431e-04 -6.2584571362e-03 -9.3084591149e-06  3.5639431097e-05  4.5956662435e-06  5.3260111542e-06 -1.9869506990e-05  1.2601723649e-04  4.4898740302e-06  1.1129137604e-06 -7.2229692062e-06 -2.2634112796e-05 -2.6812669002e-05  2.1443043288e-05  2.8105776975e-03  9.6167357991e-03 -4.6414877094e-03  4.9795346318e-03 -1.9656834765e-03  9.9504633807e-03  1.9398685196e-05 -2.6097885799e-05 -5.8095226163e-05  2.3743408989e-05 -2.9263211744e-05 -1.1345902468e-05  1.6081359808e-05 -1.6806063692e-06  3.2933051130e-07  2.5119558720e-05 -1.2584396644e-05 -5.0668563740e-07 -4.4733599653e-05  1.9941491899e-05 -1.5482118063e-05 -1.1433683564e-06  2.1258683295e-06 -9.1562519468e-06  9.1241959647e-06  4.4987379137e-06 -1.0178185485e-05 -4.6960784973e-07  1.2749665598e-06 -8.6299275489e-06 -5.4100396381e-06  3.1567607364e-06 -4.1929522768e-06 -3.4942841195e-06  1.0339214290e-05  1.6925086255e-05  7.2085799768e-06  3.5085655691e-06  2.0625787585e-06  1.6386359521e-06 -1.2792737109e-06  5.6168007061e-06

JOB 5
COORDS  1.7323352165e+00 -1.2649546546e+00 -5.0154210704e-02  6.4648721165e-01 -7.0828328990e-01  6.0849065731e-01  4.2149265186e+00 -3.6248335887e+00 -2.2526890262e-01  5.0790482862e+00 -1.4606173000e+00 -7.0606370460e-01  1.8892141039e+00 -8.1722199021e-01  2.7022799221e+00  5.2931566977e+00 -4.1578320510e+00 -9.3593221899e-01  6.1201591966e+00 -2.0849327309e+00 -1.3975413807e+00  2.9291979625e+00 -1.6167055176e+00  6.1663106119e-01  4.0791709536e+00 -2.2330470925e+00 -9.2159095607e-02  6.5180075200e-01 -4.4360290360e-01  2.0379351245e+00  2.9370697879e+00 -1.3695592207e+00  1.9964590145e+00  6.2457464456e+00 -3.4162368573e+00 -1.5250557813e+00 -3.3339804149e-01  6.6208403697e-02  2.6539750633e+00  4.0883393896e+00 -1.7063265745e+00  2.6921174165e+00  1.6750561879e+00 -1.4446647302e+00 -1.1242411350e+00 -2.5752686577e-01 -4.5129276618e-01  5.9502958508e-02  3.4764845583e+00 -4.2819359587e+00  2.2618909379e-01  5.0360505330e+00 -3.7676570005e-01 -6.4005381636e-01  1.9810553493e+00 -6.5517774794e-01  3.7729326676e+00  5.3979646688e+00 -5.2384216663e+00 -1.0413533898e+00  6.8958731038e+00 -1.4856762969e+00 -1.8760072007e+00
ENERGY -6.533695179771e+02
GRADIENT -1.7437201387e-04 -5.8086445766e-04  3.8119040412e-04 -2.7397362081e-04  8.4712314128e-05 -6.4955490567e-05 -2.0155417462e-04  2.5875298037e-04 -6.4373641494e-04  7.0064116348e-05 -3.0851010576e-04 -1.6749043018e-05 -8.3415991793e-05  6.1756539347e-05  8.8375598581e-05  6.0019909643e-05 -2.2394621280e-04 -7.3002192708e-05  1.3082398732e-04  2.5269251507e-04 -1.0313907149e-04  2.1502798393e-04  8.1887983104e-04 -4.7706388631e-04  2.4043276001e-04 -2.6820563949e-04  1.0952654479e-03  2.2521445742e-04 -3.3417292717e-05 -1.0316765324e-04 -2.5843111828e-05 -8.6514428765e-06 -2.4533208107e-04 -1.6731492597e-04 -9.1610097671e-06  1.1934312778e-04 -4.0360277932e-05 -2.2889098243e-09  1.0562488845e-05  9.3290272172e-06  5.5209335812e-06 -1.0588785047e-05 -6.8190220818e-06  1.9301410479e-05  3.7576557803e-05 -3.5342900747e-05 -3.5301418846e-06 -1.1030870290e-05  2.9090370042e-05  2.1448710765e-05 -3.3106872409e-06 -6.2622479379e-06 -4.0301915542e-05  1.3938908502e-05  1.2353980141e-06 -2.2478291307e-05  1.6640000542e-05 -1.0613862839e-05 -3.0956247260e-05  1.3096311110e-06  1.6524870657e-05  1.3229685159e-05 -1.7195280449e-05

JOB 6
COORDS  1.5924224952e+00 -1.5750109526e+00  4.1952575757e-02  5.5975495848e-01 -9.0611910649e-01  6.7498960564e-01  4.0995901107e+00 -3.6611761897e+00 -5.0450603270e-01  5.1257316938e+00 -1.5128862026e+00 -4.2352313946e-01  2.0101952534e+00 -5.4872295684e-01  2.6033806990e+00  5.2232970468e+00 -4.1156753664e+00 -1.1965872670e+00  6.2089752747e+00 -2.0640548091e+00 -1.1070093645e+00  2.8562401019e+00 -1.7928842680e+00  6.4824431742e-01  4.0039849986e+00 -2.3096826644e+00 -1.2110319893e-01  6.9482488472e-01 -3.5450011210e-01  2.0136968970e+00  3.0075424533e+00 -1.2033855774e+00  1.9176246380e+00  6.2807054022e+00 -3.3464667325e+00 -1.5080825613e+00 -2.4346308211e-01  2.4862473277e-01  2.6145655270e+00  4.2421460076e+00 -1.3261149267e+00  2.5325294762e+00  1.4466728669e+00 -1.9495843359e+00 -9.7178804599e-01 -3.9416693426e-01 -7.6020200427e-01  1.7197505302e-01  3.2922584121e+00 -4.3472851747e+00 -2.6120154495e-01  5.1399511243e+00 -4.6727386925e-01 -1.2913017901e-01  2.1972309379e+00 -1.6906630464e-01  3.6042218958e+00  5.2898436740e+00 -5.1613129520e+00 -1.5007507187e+00  7.0709077789e+00 -1.4418369935e+00 -1.3516904586e+00
ENERGY -6.533723067513e+02
GRADIENT  2.0533931309e-03  6.5262420156e-03 -1.9150876810e-03 -2.0329546719e-05 -2.0657161643e-05  1.9384497345e-06  3.3656967551e-03 -1.4914360704e-03  6.2468530412e-03 -1.0861027680e-04  8.4369892817e-05  9.1655043198e-05 -3.7822540216e-05 -3.5743687821e-05 -2.7145198413e-05 -4.5737007458e-05 -1.1874352021e-04 -1.6140041961e-05  5.8239881270e-05  7.0775332055e-05 -4.9924426903e-05 -1.7906292933e-03 -1.0589594839e-02  5.8028652734e-03 -3.9719612478e-03  5.5907010212e-03 -1.0220334096e-02  3.6055177369e-05  7.0263906457e-05 -8.8829343272e-06  4.9410705269e-04 -1.1208128278e-04  5.3486894495e-05 -1.7183050761e-05  3.8766257648e-05  6.7417220997e-05 -2.2337918798e-05 -2.5313417792e-05  1.2372480636e-05 -3.2015911390e-06  1.2154684052e-05  1.8989362647e-05  2.0254499055e-06 -2.3314123561e-06 -3.6620906942e-07  4.2482016200e-06  3.0395322530e-06 -1.7777617096e-06  1.0119887153e-05  1.0680234218e-05  7.6061524680e-07  1.9076451560e-06 -1.5522072990e-05 -5.4392572763e-06  6.4480763653e-06  9.8440812952e-06 -8.9803266960e-06 -4.0269507871e-06 -1.2739106412e-05  5.3667753344e-07  9.8991970522e-06  8.1273809824e-06  4.2311522810e-06

JOB 7
COORDS  1.5885065801e+00 -1.6891760908e+00  1.0350808485e-01  5.3252590723e-01 -1.0487304188e+00  7.2186882456e-01  4.0281108289e+00 -3.5923470264e+00 -6.2740174464e-01  5.2181844297e+00 -1.5523334110e+00 -3.0502512124e-01  2.0210348146e+00 -4.3147787100e-01  2.5544698479e+00  5.1316807863e+00 -4.0643594481e+00 -1.3358696644e+00  6.2720526122e+00 -2.1214984065e+00 -1.0162410201e+00  2.8921770412e+00 -1.7632904623e+00  6.6628408306e-01  4.0231434179e+00 -2.2786524342e+00 -1.0892873590e-01  6.7398785771e-01 -3.8170060366e-01  2.0068227396e+00  3.0398485927e+00 -1.0626212251e+00  1.8821941741e+00  6.2583296502e+00 -3.3596011438e+00 -1.5458245074e+00 -2.8339384188e-01  1.9887940655e-01  2.5965824626e+00  4.2946223422e+00 -1.0515326598e+00  2.4662131839e+00  1.4353823570e+00 -2.1508231363e+00 -8.7225381582e-01 -4.4598397256e-01 -1.0098131388e+00  2.4745959085e-01  3.1659165144e+00 -4.2361121621e+00 -4.7175713088e-01  5.3115295009e+00 -5.4532273003e-01  8.9875961441e-02  2.2130455460e+00  3.7614657883e-02  3.5155213265e+00  5.1230690339e+00 -5.0775498898e+00 -1.7408304918e+00  7.1862505422e+00 -1.5483385003e+00 -1.1773029564e+00
ENERGY -6.533768249286e+02
GRADIENT  1.4220042673e-03  6.8248134944e-03 -2.3603453840e-03 -4.1978375110e-05 -2.7757734851e-06 -1.9464045964e-05  3.1970024652e-03 -2.4694601659e-03  6.2703362285e-03  1.6179796879e-05 -2.6953675566e-05 -1.7819437804e-05 -7.0389149898e-06 -1.2718409055e-06  1.0926122443e-05  3.0090579459e-05  9.0330658926e-05  1.3864807043e-05 -4.8164799956e-05 -4.7751573627e-05 -9.7283643360e-06 -4.8342795830e-04 -1.1440391193e-02  6.7596974339e-03 -4.1235843015e-03  7.1219851220e-03 -1.0611583427e-02  2.3165739283e-05 -8.4969835199e-06 -2.1312606136e-06 -4.3174178860e-05 -8.4511605526e-06 -1.6345554149e-05  4.1192063785e-05 -2.7446038223e-05 -2.4834791695e-05 -3.7781979466e-07 -4.0084172356e-06 -5.3793477971e-06  3.0335851255e-06  2.8029309926e-06  3.9940432518e-06  1.9573908940e-06  3.9168401331e-06  4.3441295379e-06 -6.5532592130e-06 -9.8639123142e-08 -3.6121086037e-06 -3.9422360119e-06  6.2062972457e-06  6.0238210358e-06 -9.3566552002e-06 -8.9135162400e-07 -1.1618173772e-06  3.5783754610e-06  3.9302744964e-06 -1.2035061292e-06  1.0312778051e-05  1.0322281406e-05 -3.0010020713e-07 -2.2205723215e-06 -1.1676653655e-05 -7.6766093469e-06

JOB 8
COORDS  1.5978936774e+00 -1.7721976543e+00  1.5561983769e-01  5.1804557659e-01 -1.1727102504e+00  7.6950929634e-01  3.9742696886e+00 -3.5142154658e+00 -7.1756146137e-01  5.3025317880e+00 -1.6006631464e+00 -2.0578961149e-01  2.0128367833e+00 -3.3479314257e-01  2.5074669550e+00  5.0614313171e+00 -4.0120959908e+00 -1.4303425018e+00  6.3303141320e+00 -2.1930569590e+00 -9.3440059554e-01  2.9255541237e+00 -1.7083830568e+00  6.6706024814e-01  4.0494560087e+00 -2.2477516989e+00 -8.8934878356e-02  6.4995066983e-01 -4.1491628194e-01  2.0048782999e+00  3.0540812050e+00 -9.3364007294e-01  1.8422098563e+00  6.2449948873e+00 -3.3834116269e+00 -1.5594657380e+00 -3.2818286986e-01  1.3327296286e-01  2.5892921657e+00  4.3145402576e+00 -8.0831955028e-01  2.3985742190e+00  1.4457017848e+00 -2.3011391811e+00 -7.8475419778e-01 -4.7507443565e-01 -1.2343522323e+00  3.2920428201e-01  3.0669751106e+00 -4.1072323738e+00 -6.3595092187e-01  5.4621779112e+00 -6.3444035966e-01  2.6053003521e-01  2.1987362083e+00  2.0444758158e-01  3.4321343715e+00  4.9879167836e+00 -4.9876448448e+00 -1.9138203423e+00  7.2869703881e+00 -1.6769979976e+00 -1.0294107487e+00
ENERGY -6.533807018175e+02
GRADIENT  6.9860388683e-04  4.6389549213e-03 -2.1800247214e-03 -1.3195146791e-04 -1.9798689864e-05 -7.6426586766e-05  1.5609309209e-03 -2.4403745344e-03  4.3583282636e-03 -6.6609356021e-05 -8.0127317674e-05  4.4471372322e-05  1.8932255684e-06  6.2847692817e-05  9.5719219395e-05  3.5600108159e-05  3.5801100914e-04  1.7853214064e-04  7.6992271421e-05 -6.1725634150e-05 -5.6061685991e-05 -8.2558255294e-05 -8.1558289467e-03  5.6144487851e-03 -2.2850482756e-03  5.7838925617e-03 -7.7579648798e-03  7.4174690202e-05 -2.7764561326e-05 -2.5029435988e-05  2.4813975074e-05 -5.6472296932e-05 -1.1341960121e-04  1.1159535542e-04 -2.5968958033e-05 -5.8091451612e-05  2.4764976243e-05 -2.0792399732e-05 -1.7317447380e-05 -4.1935854727e-05 -1.3674515465e-05 -5.5759776567e-05  7.7460241992e-06  1.9041246849e-05  1.8957823223e-05 -2.0973169337e-05  6.4173774138e-06 -5.7965014507e-06 -3.3919047229e-05 -1.5541146674e-05  1.9892915924e-05  5.4190572904e-06  1.7900361879e-06  6.4546380659e-06  9.4049736814e-06  1.3168220918e-05  1.1607922455e-05  1.4306396772e-05  3.5056494070e-05  1.3599292637e-05  8.7651758344e-06 -9.2919503923e-06 -8.6840836991e-06

JOB 9
COORDS  1.6033178316e+00 -1.8405064673e+00  2.0828509910e-01  5.0970049235e-01 -1.2803291938e+00  8.3124819172e-01  3.9345573254e+00 -3.4379674631e+00 -8.0745069986e-01  5.3666654527e+00 -1.6608983483e+00 -1.2105570529e-01  2.0052426224e+00 -2.4880311834e-01  2.4572790675e+00  5.0119287932e+00 -3.9629651343e+00 -1.5132814396e+00  6.3772228843e+00 -2.2740844143e+00 -8.5530514436e-01  2.9467534412e+00 -1.6518221055e+00  6.4923272481e-01  4.0676756310e+00 -2.2286438742e+00 -7.7242114570e-02  6.3384850694e-01 -4.4272690400e-01  2.0149948306e+00  3.0597918715e+00 -8.1828995935e-01  1.7885683533e+00  6.2404505004e+00 -3.4133257699e+00 -1.5616238488e+00 -3.5677685910e-01  7.4962943940e-02  2.6044473240e+00  4.3208549426e+00 -5.9010113213e-01  2.3091557470e+00  1.4435926335e+00 -2.4291035832e+00 -6.9338704731e-01 -4.9262433156e-01 -1.4365951831e+00  4.3776260460e-01  2.9929181442e+00 -3.9793923812e+00 -8.0282933362e-01  5.5780071681e+00 -7.3734855359e-01  4.0432731258e-01  2.1892583043e+00  3.5124846231e-01  3.3439800822e+00  4.8874037347e+00 -4.8953447606e+00 -2.0666784369e+00  7.3672193129e+00 -1.8160104512e+00 -8.8520548640e-01
ENERGY -6.533828559717e+02
GRADIENT  2.0508956214e-04  1.5379671280e-03 -1.0935731908e-03  6.7750316128e-06 -4.1233525979e-07  1.8284410697e-05  4.6395593122e-04 -9.8105670910e-04  1.5719744553e-03  3.2505202656e-05  3.5785087795e-06 -6.0205621714e-05  9.1267370868e-06 -5.2525891806e-05 -5.9554602171e-05  2.0596005187e-05  2.0913384460e-05  3.0124065183e-06  3.3310669455e-05  3.2669915870e-05  8.1974699615e-06  5.2002557477e-05 -2.8150977708e-03  2.4238310444e-03 -7.4989623885e-04  2.2367676924e-03 -2.9066486248e-03 -2.2374275456e-05  2.8025844760e-05  4.1067473928e-06  2.6641380273e-05  3.8936175229e-05  6.6086728412e-05 -2.1995292069e-05 -1.8845174444e-05 -5.8328565612e-06 -1.6671134539e-05  3.6780273503e-06  1.2734690931e-05  2.2057947486e-06  1.5237278877e-05  6.4063519823e-05  1.1440724654e-05 -2.8834961336e-05 -1.7380492841e-05  4.7117485081e-06 -3.0236325673e-06  6.0636906392e-06 -3.4684169490e-05  6.4879647700e-06  1.4369545307e-06  9.3055911923e-06 -2.5234902201e-05 -3.5296534412e-05 -2.6424585511e-06 -1.1024729378e-05 -3.8252939760e-06 -3.9655281539e-06  2.9320366796e-06 -9.8986292723e-07  2.2457571272e-06  2.9086274286e-06 -6.6836961159e-06

JOB 10
COORDS  1.5929087560e+00 -1.9230212010e+00  2.7097571402e-01  4.9478048971e-01 -1.3874216750e+00  9.0440322361e-01  3.9019814804e+00 -3.3628684096e+00 -9.1867895325e-01  5.4028142003e+00 -1.7423678198e+00 -3.3276380169e-02  1.9886328676e+00 -1.5615789957e-01  2.3796931678e+00  4.9791689692e+00 -3.9066067043e+00 -1.6084572198e+00  6.4085164382e+00 -2.3658730913e+00 -7.6510005599e-01  2.9451052136e+00 -1.6209863637e+00  6.2138037714e-01  4.0671314201e+00 -2.2264813924e+00 -8.0166891725e-02  6.1462491943e-01 -4.5765115064e-01  2.0173562777e+00  3.0473780564e+00 -7.1307813624e-01  1.7077287930e+00  6.2420216322e+00 -3.4405548952e+00 -1.5600441549e+00 -3.8018570220e-01  4.3483924035e-02  2.6125866378e+00  4.3053117018e+00 -3.7171413936e-01  2.1708003512e+00  1.4181178251e+00 -2.5866805767e+00 -5.7203553207e-01 -5.1120347674e-01 -1.6395866813e+00  5.7521734108e-01  2.9351746251e+00 -3.8459882936e+00 -1.0141942111e+00  5.6521085431e+00 -8.7419953086e-01  5.6165953529e-01  2.1755830106e+00  5.1702534450e-01  3.2115282009e+00  4.8205450042e+00 -4.7828204151e+00 -2.2396060403e+00  7.4239295345e+00 -1.9690865404e+00 -7.1374619045e-01
ENERGY -6.533831019115e+02
GRADIENT  1.7188158437e-05 -5.8379704399e-04  5.1563582850e-04  2.3852626008e-05  5.3817121153e-06 -8.2487851127e-08 -1.1046292445e-04  5.1307984795e-04 -6.1357870981e-04  5.1746326868e-06 -2.0758504261e-05 -2.1601506233e-05  9.0495043985e-06 -2.3973466893e-05 -6.2209853328e-05 -7.1526396486e-05 -1.1901816680e-04 -6.6141971477e-05  1.2454085215e-04  9.7476685652e-05  5.0751663394e-05 -6.8483149747e-05  1.1262541992e-03 -1.0958680981e-03  1.9651731920e-04 -1.0325559499e-03  1.2037166987e-03 -3.8418846174e-05  8.1380545757e-06  3.3031391782e-05  2.6991372310e-05  2.4308969226e-05  1.4176933364e-05 -7.2176819805e-05  4.0994649581e-05  3.9582639423e-05 -1.4575796367e-05  1.9577029373e-05  1.8590629735e-06  5.8409707654e-06 -5.9543867833e-06  1.5552837607e-05  5.9591928710e-06 -2.9431312389e-06  3.8051004634e-06  2.9669662049e-06  4.1586483013e-06  1.0662722259e-05  1.9312589662e-06 -1.1971372978e-06 -6.7079427941e-06  1.4129643011e-05 -1.5925847612e-05 -6.1198953832e-06 -2.2444676156e-06 -1.9510724586e-05  8.5520445901e-06 -1.9175118336e-05 -8.2143971654e-06 -6.9876403525e-06  1.3688972688e-05  1.6308728479e-05  1.4393184769e-05

JOB 11
COORDS  1.6000136875e+00 -2.0319321142e+00  3.8620484716e-01  5.0126676566e-01 -1.5088958217e+00  1.0272717094e+00  3.8842768954e+00 -3.2383553211e+00 -1.0607636233e+00  5.4344852533e+00 -1.8574407505e+00  9.5293141098e-02  1.9777095378e+00 -3.9399370817e-02  2.2798259265e+00  4.9638326577e+00 -3.7969172976e+00 -1.7335111590e+00  6.4395681001e+00 -2.4842832555e+00 -6.3480901611e-01  2.9487238212e+00 -1.6185020735e+00  6.2638649739e-01  4.0691684764e+00 -2.2151433571e+00 -8.8108224505e-02  6.1145254565e-01 -4.6292961183e-01  2.0322183937e+00  3.0379314426e+00 -5.9621130612e-01  1.6102774564e+00  6.2532279871e+00 -3.4515877700e+00 -1.5526248552e+00 -3.8356939224e-01  3.0633125178e-02  2.6326640418e+00  4.2827866636e+00 -9.5499281998e-02  1.9477344178e+00  1.4215665881e+00 -2.8101208235e+00 -3.4972574491e-01 -4.9815188696e-01 -1.8710375725e+00  7.9479506148e-01  2.8948962913e+00 -3.6095003729e+00 -1.3028816486e+00  5.7136751543e+00 -1.0924789261e+00  8.0495973672e-01  2.1601955383e+00  7.3912090495e-01  3.0151014927e+00  4.7815718855e+00 -4.5794111899e+00 -2.4722738322e+00  7.4758252826e+00 -2.1847457474e+00 -4.6828463436e-01
ENERGY -6.533826311475e+02
GRADIENT  1.9972984670e-05  1.1646493855e-04  1.2030977196e-04 -1.2756756908e-04 -6.3105349137e-05 -4.6922045858e-05 -9.2583348027e-05 -3.4352714425e-05 -2.6856833765e-05  4.1936179199e-05  6.5604556267e-05  5.4881885575e-05 -3.3922632331e-05 -6.0226944010e-05 -2.5328139802e-05  7.3718379389e-05  1.1534065774e-04  8.5741171237e-05 -1.1957836903e-04 -6.6162800300e-05 -4.9505368783e-05  5.6253075359e-06 -2.6105855736e-05 -5.4857288710e-05  9.0388891238e-05 -4.9335104361e-05  4.7265536782e-06  4.2443551248e-05  1.4265012318e-05  3.0870118973e-06  3.8141953076e-05  9.9705318139e-06 -1.9845996094e-05  6.6988594483e-05 -4.2950510747e-05 -4.2639989684e-05 -1.4187659639e-05 -1.9255594269e-05 -6.3037776139e-06  1.5298973635e-05  2.6571901191e-06  6.2383152927e-06 -9.5902847133e-07  1.8366859662e-05  1.7664786790e-05 -2.0764281911e-05  4.2314650652e-06 -7.7082068703e-07 -1.3082810818e-05  1.6158967834e-06 -7.3176533325e-06 -1.6597836770e-06  1.1286356356e-05 -7.5217012318e-07  1.0909748735e-06  7.6697606367e-07 -1.3422817325e-05  1.4392827780e-05  1.0386748856e-05  1.3797834308e-05 -1.2974522047e-05 -9.8952841831e-06 -8.9334653741e-06

JOB 12
COORDS  1.6195667353e+00 -2.1448650107e+00  4.9800627862e-01  5.2390850320e-01 -1.6283823002e+00  1.1512526310e+00  3.8688858935e+00 -3.0995275237e+00 -1.1900500260e+00  5.4320926218e+00 -1.9858219535e+00  2.1633274353e-01  1.9616108463e+00  5.7106829177e-02  2.1600824955e+00  4.9503949116e+00 -3.6739276515e+00 -1.8474982343e+00  6.4385313841e+00 -2.6134722843e+00 -5.1097152787e-01  2.9448058899e+00 -1.6251965859e+00  6.2503635520e-01  4.0641177941e+00 -2.2083922280e+00 -9.9387764554e-02  6.1646680465e-01 -4.7704954647e-01  2.0363596164e+00  3.0205604826e+00 -5.0322742465e-01  1.4912883460e+00  6.2443226525e+00 -3.4593010593e+00 -1.5411400474e+00 -3.7704811123e-01  1.2615415635e-02  2.6431716132e+00  4.2439770182e+00  1.1801226549e-01  1.6664240516e+00  1.4716532387e+00 -3.0255449384e+00 -1.2183874967e-01 -4.5695800285e-01 -2.0838485319e+00  1.0312244340e+00  2.8705366759e+00 -3.3265275866e+00 -1.5492268774e+00  5.7081530547e+00 -1.3357506472e+00  1.0354948395e+00  2.1241105406e+00  9.2825149530e-01  2.7884107550e+00  4.7672347978e+00 -4.3494717976e+00 -2.6849432580e+00  7.4799247639e+00 -2.4275055692e+00 -2.4260112157e-01
ENERGY -6.533831019342e+02
GRADIENT -1.2299589479e-04  4.5112518485e-04 -6.4353016851e-04  1.1316031314e-05  1.9379167327e-05  1.3822772329e-05 -7.5333727464e-05 -6.5375674825e-04  4.7512708989e-04 -2.0980315028e-05 -3.4640458312e-05 -3.7844570910e-05  2.3982483839e-05  6.2202483145e-05  5.3036915338e-05  4.9130508378e-05  9.9458342337e-05  1.1442510026e-04  2.2150565381e-05 -1.7225249405e-05 -2.2220541939e-05  1.8957453608e-04 -1.0462162527e-03  1.1993967626e-03 -7.3279035790e-05  1.1914293544e-03 -1.0879546921e-03  2.0529434087e-05 -2.5197615487e-05 -2.4812586907e-05 -3.3324075326e-05 -1.0014192276e-05 -2.3202229403e-07  3.4025654257e-05 -2.5691935991e-05 -2.1905666229e-05  2.2968482074e-05  8.4575008418e-07  6.1636726597e-07 -1.7941865199e-05  1.0422606096e-05 -2.8178273328e-06 -1.6657757989e-07 -4.5730408654e-06 -2.0958916681e-06  6.3034009124e-06 -4.2812501640e-06 -2.2042337035e-06 -9.9140517747e-06  3.8794967782e-06  8.9615323482e-06  8.4187556938e-07 -1.2672095966e-06 -8.1999948935e-06  3.5390350793e-06  1.8269110210e-05 -1.3795059095e-06  1.3826160036e-05  5.7998867927e-06  1.5001153270e-05  4.3786629995e-06 -1.2667344932e-06 -1.0370859275e-05

JOB 13
COORDS  1.6342979064e+00 -2.2121516285e+00  5.7313795064e-01  5.4700479321e-01 -1.7072766218e+00  1.2518451940e+00  3.8699424060e+00 -2.9932732325e+00 -1.2771658478e+00  5.4054682664e+00 -2.0806529590e+00  2.9821407878e-01  1.9436611413e+00  1.1611039277e-01  2.0671119123e+00  4.9571421406e+00 -3.5797787869e+00 -1.9162646690e+00  6.4208704034e+00 -2.7060578701e+00 -4.1899447974e-01  2.9265712972e+00 -1.6080401807e+00  5.8901562606e-01  4.0524578922e+00 -2.2130262575e+00 -1.0610384091e-01  6.2307790816e-01 -4.9173444106e-01  2.0487200852e+00  2.9973114933e+00 -4.3862131070e-01  1.3846646311e+00  6.2388518143e+00 -3.4607816436e+00 -1.5201164008e+00 -3.6382439076e-01 -9.0958382410e-03  2.6731176444e+00  4.2030609785e+00  2.3616249800e-01  1.4498934276e+00  1.5170244143e+00 -3.1444719498e+00  2.3689851971e-02 -4.1091979435e-01 -2.2225874328e+00  1.2250736798e+00  2.8780154550e+00 -3.1208983263e+00 -1.7008613402e+00  5.6579786930e+00 -1.5032332627e+00  1.1792843644e+00  2.0881287060e+00  1.0362273898e+00  2.6262441723e+00  4.7927823679e+00 -4.1743306204e+00 -2.8165896366e+00  7.4540174645e+00 -2.5999667136e+00 -8.3970446664e-02
ENERGY -6.533828531086e+02
GRADIENT  4.1194656029e-04 -9.8208359360e-04  1.6175562216e-03  1.9385278172e-04  2.2926324971e-05 -3.9392334732e-05  3.4889326610e-04  1.5827345345e-03 -1.1051701315e-03 -1.6447583226e-04 -3.4310698670e-04 -6.3644516388e-04 -3.8667046933e-05 -2.9239810105e-04 -1.9470035225e-04 -5.9487381771e-05  9.2586991115e-05  1.9478578334e-04  4.8288985204e-04  2.2563737419e-05  1.3553320126e-04 -6.7378175529e-04  2.3886837592e-03 -3.0500378318e-03 -4.3568213817e-04 -2.7594093698e-03  2.8449489358e-03 -1.9575735219e-04  1.5777383452e-04  1.4136502390e-04  1.2829417347e-04  3.7691330459e-06  7.0197432754e-05 -1.1961526335e-05  4.7108486819e-05  1.1904132044e-05 -1.0531117282e-04  3.4815451593e-05  5.6538983799e-05  5.8780953384e-05  6.8413306341e-05 -3.7756021263e-06 -1.6903983257e-05  1.0450414554e-05  2.2259808957e-05  1.3262130492e-05  4.2500482420e-05  1.6503735686e-05  3.5539387069e-05  3.4454744079e-05  1.9271483040e-05 -1.9625031058e-05 -7.1574378447e-05 -9.6224910055e-05 -1.1404002335e-05 -4.7646563347e-05 -2.0657787120e-05  2.3223146003e-05  2.3092083306e-06  2.0692722213e-06  6.5559571266e-05 -2.2024496346e-05  4.8826928797e-06

JOB 14
COORDS  2.9981177633e+00 -3.0642556700e-01  1.1280274653e+00  1.9410211355e+00  3.1628963795e-01  1.7581839572e+00  5.4044757473e+00 -2.0186607678e+00  2.7957692522e-01  3.8732262985e+00 -3.0635518381e+00 -1.2201782316e+00  6.4005635112e-01 -1.7363103042e+00  1.5368580847e+00  6.4374541121e+00 -2.5737496710e+00 -4.7062593566e-01  4.9775514709e+00 -3.5775293083e+00 -1.8941195906e+00  2.9571225957e+00 -1.6575860495e+00  6.7969513219e-01  4.0545159039e+00 -2.2258237047e+00 -9.3997520006e-02  6.8129964448e-01 -3.6413402809e-01  2.0182915240e+00  1.7160572081e+00 -2.2988859243e+00  8.9573415604e-01  6.2618101744e+00 -3.3515140016e+00 -1.5553937686e+00 -2.9548211256e-01  1.8540294585e-01  2.6037369780e+00  1.5861648396e+00 -3.6114687367e+00  4.7820605222e-01  3.9068495542e+00  2.6188611477e-01  9.3173365988e-01  2.0146076689e+00  1.3573874353e+00  2.0657777142e+00  5.6378755392e+00 -1.4306979076e+00  1.1635023113e+00  2.8734736611e+00 -3.2968850702e+00 -1.5702615203e+00 -2.6077480074e-01 -2.3213179278e+00  1.7000247167e+00  7.4731470066e+00 -2.4014631338e+00 -1.7307405311e-01  4.8245170227e+00 -4.2101025252e+00 -2.7698688374e+00
ENERGY -6.533807019547e+02
GRADIENT -2.2456050169e-03  1.5173062705e-03 -4.3643154617e-03 -2.8224165930e-05 -1.4176513227e-04 -9.4987400542e-06 -1.1995723147e-04 -4.3601472528e-03  2.8856633266e-03  5.5912479043e-05 -6.9066737407e-05 -1.0533404015e-04 -1.2450185391e-04 -1.6836784972e-04  2.1656719597e-05 -4.2934821086e-05 -3.5847854221e-05 -5.6708817066e-05 -3.6010707805e-07  6.8244086911e-05  7.7572959890e-05  3.4420249153e-03 -4.5373189187e-03  7.9024623060e-03 -9.4269850744e-04  7.3879046666e-03 -6.5032857481e-03  1.4885936403e-05  8.0366152751e-05 -5.8740652973e-05 -3.7221583585e-05  2.1270802943e-04  1.1920351154e-04  6.6912772680e-05 -2.0450694981e-05  1.6605696049e-06 -8.5260059612e-06 -3.5508236486e-05  1.8975374489e-05 -5.7281876828e-05  1.0039047262e-04  8.7889622243e-05  9.1365155987e-06 -4.2367605648e-06 -1.6326651257e-05  4.9036801982e-06 -1.5707494201e-05 -4.7597701724e-06 -1.3612365472e-06  1.4466250931e-06  4.8212730752e-06  3.6932519762e-05  9.4218103341e-06 -1.8336321358e-06 -3.4804980104e-05  9.1150408025e-06  1.6350906780e-05 -1.1337701062e-06 -3.6405331207e-06 -9.3009732513e-06  1.5571975654e-05  6.3990306940e-06  6.8962438144e-06

JOB 15
COORDS  2.9586003066e+00 -2.5363086890e-01  1.0548229130e+00  1.8713207880e+00  3.5576990406e-01  1.6499001134e+00  5.4294149280e+00 -2.1254970638e+00  3.4845973127e-01  3.8664645648e+00 -2.9319023480e+00 -1.2605210827e+00  6.9390647158e-01 -1.7813025626e+00  1.6141427663e+00  6.4405938462e+00 -2.6938336327e+00 -4.2425039270e-01  4.9464226868e+00 -3.4747200229e+00 -1.9529298670e+00  2.9951278074e+00 -1.6375144717e+00  7.3034538813e-01  4.0836967822e+00 -2.1978583460e+00 -7.3907119406e-02  6.5905305399e-01 -3.7491256982e-01  1.9853647181e+00  1.7950594236e+00 -2.3287646865e+00  1.0009384807e+00  6.2330791918e+00 -3.3684950534e+00 -1.5696683393e+00 -3.4268807181e-01  1.6107928272e-01  2.5427735439e+00  1.7405418734e+00 -3.6711442757e+00  6.6814107099e-01  3.8329446309e+00  3.4561388616e-01  7.9965603907e-01  1.8859772181e+00  1.4211204231e+00  1.8709672925e+00  5.6749167491e+00 -1.6235077016e+00  1.2810724335e+00  2.8575628433e+00 -3.0642365879e+00 -1.6391140045e+00 -1.6975378494e-01 -2.4024484455e+00  1.8350436091e+00  7.4785547352e+00 -2.6251213169e+00 -9.4756730248e-02  4.7722114852e+00 -4.0271593845e+00 -2.8774271054e+00
ENERGY -6.533768249631e+02
GRADIENT -3.8942554910e-03  1.3133676118e-03 -6.1080636307e-03  3.8348656350e-06  3.4385498973e-05  8.7054001365e-06 -7.7960190296e-04 -6.5605861137e-03  3.4279031904e-03  5.7278204644e-05  1.6549374626e-05  3.2699267011e-06  3.5035193839e-05  3.3452402394e-05 -1.6274188285e-06  1.0062802852e-04  2.6084140667e-05  4.0259590287e-05 -3.8407901971e-05 -1.6323409148e-05 -5.6781683035e-05  5.3952809218e-03 -5.2874481723e-03  1.0936591332e-02 -8.3026739039e-04  1.0466087671e-02 -8.2972625660e-03 -1.6174460341e-05 -9.1804031241e-06 -1.3916389283e-06 -1.1419274146e-05  5.5176826859e-06  7.7597367867e-06 -4.1232038381e-05  1.6448835360e-05  3.5707198591e-05 -1.2886961756e-06  1.1189723363e-05  4.9751872515e-06 -1.1715594779e-06 -2.9788245844e-05 -2.5376622860e-06 -5.5486875836e-07 -2.0187839618e-06  4.7363312450e-06 -8.6821790034e-07  3.8925392126e-06  3.4603487678e-06 -1.3436360157e-06 -5.2015784572e-06 -8.5593846208e-06  6.4318460001e-06  4.2874273305e-06  1.0515723454e-06  5.8996140752e-06  2.2694521651e-06 -2.7438360884e-06  9.2156183146e-06  3.4382721946e-06  7.6285413077e-06 -6.6943859834e-06  4.6581935425e-07 -7.4052504202e-06

JOB 16
COORDS  2.9001486058e+00 -1.9973820791e-01  9.4814270309e-01  1.7863954626e+00  3.8338546089e-01  1.5259492331e+00  5.4376578705e+00 -2.2525725384e+00  4.1388824449e-01  3.8809014553e+00 -2.7767861651e+00 -1.3114166439e+00  7.6381628318e-01 -1.8219210461e+00  1.7171997912e+00  6.4295455406e+00 -2.8404761519e+00 -3.7275213063e-01  4.9376623150e+00 -3.3526386614e+00 -2.0155273203e+00  3.0244105046e+00 -1.5993653980e+00  7.5190318596e-01  4.1140890683e+00 -2.1726535026e+00 -6.0115332716e-02  6.3881794994e-01 -3.9420205045e-01  1.9650075806e+00  1.8871955476e+00 -2.3440674746e+00  1.1182803636e+00  6.2098255722e+00 -3.3914999545e+00 -1.5788445754e+00 -3.8355267024e-01  1.2079563596e-01  2.5078274727e+00  1.9219817280e+00 -3.7095359877e+00  8.8989821216e-01  3.7240615524e+00  4.3249498095e-01  6.1533903850e-01  1.7335848416e+00  1.4624910152e+00  1.6563129449e+00  5.6829424063e+00 -1.8513146694e+00  1.3940060074e+00  2.8775123082e+00 -2.7854798500e+00 -1.7278194476e+00 -4.7952696797e-02 -2.4791933771e+00  2.0168819340e+00  7.4559309950e+00 -2.8918163065e+00 -6.4490800990e-03  4.7569827448e+00 -3.8079616185e+00 -2.9901800501e+00
ENERGY -6.533723076993e+02
GRADIENT -3.9860571415e-03  5.4762969590e-04 -5.9337710603e-03  8.5496830340e-06 -2.4669331904e-04 -3.0358310254e-05 -1.3959066071e-03 -6.5234920723e-03  2.8940949234e-03 -1.4074556555e-04 -7.2674582397e-06 -6.2042666777e-05  3.7227989586e-05 -2.9319831037e-05 -3.4459843901e-05 -4.2726437186e-05 -2.4995858841e-05 -3.9166501023e-05  6.4991407122e-06  2.2370544862e-05  7.6247589074e-05  5.4927337086e-03 -4.0018054868e-03  1.0298599685e-02  1.3229032205e-04  1.0105137101e-02 -7.2378438365e-03 -9.8625878744e-05  1.0894185307e-04  3.3207181718e-05 -2.2485380119e-05 -2.4214681916e-06 -1.7467910710e-06  3.5535399074e-05 -9.5155074553e-06 -3.9215208480e-06 -5.2313185691e-05  1.6176957652e-06  2.7602314393e-05  2.7340046565e-06  4.0180675988e-05 -1.8639824427e-06  2.1280283315e-05  7.1007821751e-07 -4.7462837683e-06  2.8213641308e-06 -3.4667733485e-05  3.1639217059e-06  1.2568220723e-05 -6.0988628582e-06  1.5969478925e-05 -1.6534809256e-05 -7.6822997484e-06 -7.7221146577e-06 -5.8955125951e-06  2.2082598642e-05  1.1275725695e-05 -8.6110707689e-06 -1.7367584624e-06  5.8203147795e-06 -3.3629093271e-06  4.8207303507e-06  9.1339327942e-06

JOB 17
COORDS  2.7319522947e+00 -2.1807963619e-01  6.3496690136e-01  1.6867833640e+00  3.8113879231e-01  1.3213371357e+00  5.2709353860e+00 -2.5189746973e+00  5.1759954918e-01  3.9846055314e+00 -2.5832940926e+00 -1.4839734847e+00  8.9696610126e-01 -1.8222416850e+00  2.0002176317e+00  6.3284269651e+00 -3.0770832327e+00 -2.0467483664e-01  5.0978179933e+00 -3.1373456343e+00 -2.1210397318e+00  2.9086529882e+00 -1.6208489576e+00  5.9216947865e-01  4.0477450472e+00 -2.2530935449e+00 -1.2010673218e-01  6.9134077806e-01 -3.8448022756e-01  2.0538093286e+00  1.9562035781e+00 -2.3640796628e+00  1.3034421370e+00  6.2668641005e+00 -3.3895377609e+00 -1.5097213748e+00 -2.7091295362e-01  1.5027534049e-01  2.6846752775e+00  2.0971683933e+00 -3.7434844914e+00  1.2964852005e+00  3.4533991429e+00  4.0371212844e-01  1.0377389574e-01  1.5842750903e+00  1.4646779344e+00  1.3303524121e+00  5.3882443330e+00 -2.2870428530e+00  1.5727658981e+00  3.0669049365e+00 -2.4044707589e+00 -2.0379074380e+00  1.9929458824e-01 -2.4729939310e+00  2.5205608895e+00  7.2791345574e+00 -3.2824499312e+00  2.8896569468e-01  5.0504565513e+00 -3.3928987228e+00 -3.1803678673e+00
ENERGY -6.533695178578e+02
GRADIENT  4.6898752966e-04  3.3739302857e-05  6.6882144995e-04 -1.8032076160e-05  1.2068514544e-05 -1.6371737615e-06  2.5609186991e-04  7.7049180022e-04 -1.5731469941e-04 -4.3454226679e-05  6.6646758248e-06 -4.2718279939e-05 -2.8262522358e-05  7.3472460976e-06 -3.4844685739e-07 -1.0794712672e-04 -3.0056901484e-06 -1.6404943364e-04  4.8913128854e-05  2.6480245125e-05  1.7008401288e-04 -5.7827972772e-04  3.5778413957e-04 -1.0975854372e-03 -1.5764794458e-04 -1.1284680211e-03  6.6938191681e-04  4.0985735273e-05 -1.9928242608e-05  1.0732775703e-05  3.1926463037e-05 -7.2440880610e-06 -3.2592782573e-05  1.0001221543e-04 -3.5027453695e-05 -2.7424182531e-05 -1.6182852037e-05  4.4930107873e-06 -7.1658128579e-06 -5.0361965932e-07 -1.2367686743e-05  3.2921263053e-07 -3.3906604954e-06  2.5436388191e-07  1.4109563062e-06  3.3200636070e-06  3.3785001376e-06  8.3367674373e-07 -8.9095062566e-06  5.9292716766e-06  6.5175171905e-06 -1.0681803413e-05  9.3862380315e-06  8.0481461415e-06  3.2106435518e-06 -4.3907628164e-06  2.0012233273e-06 -8.2755453381e-06 -1.7844023762e-06 -2.0466278713e-05  2.4649007576e-05  2.1802580326e-07  1.9842855341e-05

JOB 18
COORDS  2.5425648312e+00 -3.2690814597e-01  3.6621235489e-01  1.5946373603e+00  3.3304714422e-01  1.1271886880e+00  5.0757508573e+00 -2.7705525870e+00  5.5483279215e-01  4.0820844593e+00 -2.3872599226e+00 -1.5756677248e+00  1.0531250751e+00 -1.7715864972e+00  2.2362933341e+00  6.2067672201e+00 -3.2328945478e+00 -1.1544937661e-01  5.2633859776e+00 -2.8556334164e+00 -2.1533086330e+00  2.7768757495e+00 -1.7228555609e+00  4.6948087601e-01  3.9453004970e+00 -2.3484625065e+00 -1.7410550904e-01  7.6888054411e-01 -3.5055246226e-01  2.1102821349e+00  2.0240166582e+00 -2.3698163701e+00  1.4673803303e+00  6.3284134023e+00 -3.2845157589e+00 -1.4554593589e+00 -1.1294870836e-01  2.3647970786e-01  2.8046341100e+00  2.2641042049e+00 -3.7202842499e+00  1.6621671930e+00  3.1534813100e+00  2.3769989477e-01 -3.3856340698e-01  1.4513300055e+00  1.4064474720e+00  1.0197406052e+00  5.0603324123e+00 -2.7363004203e+00  1.6406611487e+00  3.2590698648e+00 -2.0587444597e+00 -2.2053509632e+00  4.8311465045e-01 -2.3597080628e+00  2.9503471298e+00  7.0782425796e+00 -3.5610539381e+00  4.5266924552e-01  5.3607325160e+00 -2.8918274721e+00 -3.2394134581e+00
ENERGY -6.533728261991e+02
GRADIENT  4.1768223563e-03  1.1579839458e-03  6.1968773374e-03 -1.6626787479e-06 -5.5775335076e-05  2.1455411866e-05  3.1871249564e-03  6.9614852958e-03 -9.3772076940e-04 -2.1072068970e-05  2.6053114978e-06  4.4709543017e-06 -4.3005895596e-05 -8.2247002125e-05  8.4759098716e-05  3.1564212761e-05 -8.4660163184e-06  3.2895476979e-05 -7.9503098715e-06  8.0620181225e-06 -2.3359117326e-05 -4.5598661246e-03  1.9233257837e-03 -9.8845102023e-03 -2.7872963660e-03 -9.9810853093e-03  4.5288678314e-03  3.5480528069e-05  2.4960106655e-05 -3.1167126662e-05  2.9878281772e-05  1.3175865992e-05 -3.9315265490e-06 -2.3373123131e-05 -2.2652745979e-06  8.4915175865e-06  9.5842007533e-06 -1.8669891217e-05  2.6244493230e-06 -1.6907131580e-05  5.4624805109e-05 -2.6020505677e-06  2.5287744766e-06  3.3665116681e-06 -7.8996834284e-06  4.7191626426e-06 -3.8552046756e-06 -1.0586850920e-05  6.0602408916e-06  3.0379379441e-06 -5.6506428496e-06  1.9725739913e-06  5.0665170889e-06 -3.4424892724e-06 -1.8229220368e-05 -2.1581543831e-06  7.6419312022e-06 -1.2297094611e-06 -6.3683214106e-06  4.0702005576e-06 -7.6013053473e-06 -2.2469061874e-06 -4.1958799035e-06

JOB 19
COORDS  2.4644302014e+00 -3.6640754711e-01  2.7745235894e-01  1.5063631647e+00  3.0368626109e-01  1.0125619435e+00  5.0305923950e+00 -2.9132117052e+00  5.5030740274e-01  4.1365384500e+00 -2.2484506200e+00 -1.5574793504e+00  1.1306880561e+00 -1.7221744890e+00  2.3216064033e+00  6.1549990725e+00 -3.3673369654e+00 -1.3383414978e-01  5.3083294459e+00 -2.7226901414e+00 -2.1448351070e+00  2.7944878766e+00 -1.7318244655e+00  4.9656462584e-01  3.9493125953e+00 -2.3458288190e+00 -1.6073623314e-01  7.5705212051e-01 -3.3619148220e-01  2.0832231241e+00  2.1088571036e+00 -2.3313917804e+00  1.5739997695e+00  6.3248198565e+00 -3.2863193581e+00 -1.4681912570e+00 -1.3342429161e-01  2.5837169685e-01  2.7574543291e+00  2.4195249926e+00 -3.6472228718e+00  1.8719161809e+00  3.0179425858e+00  1.6912428127e-01 -4.9366567252e-01  1.2974325120e+00  1.3542672489e+00  8.2107193809e-01  4.9827182122e+00 -2.9969778949e+00  1.6318262212e+00  3.3557523019e+00 -1.8151711342e+00 -2.1776470814e+00  6.1861629516e-01 -2.2756186042e+00  3.1038448460e+00  6.9848504857e+00 -3.8050541296e+00  4.2291846478e-01  5.4391217646e+00 -2.6519314399e+00 -3.2258562609e+00
ENERGY -6.533773907555e+02
GRADIENT  4.3346632151e-03  1.9398246479e-03  5.3318693122e-03  3.2135209092e-05 -7.4841039057e-05  1.4167581337e-05  3.3724018311e-03  6.5053618643e-03  9.0426003191e-05 -1.4705932081e-04  6.0689579679e-05 -3.3551128061e-05  5.5782696578e-05  6.1829987150e-05 -7.4186694674e-05 -2.0108347787e-06  9.7458949867e-06 -3.3411475764e-06  5.7265311057e-06  1.5598198888e-06  3.2714665362e-05 -4.7593603075e-03  7.6937913979e-04 -8.1919513601e-03 -2.9124604193e-03 -8.9878918746e-03  2.7321009825e-03 -6.0941889508e-05  1.4011039046e-05  3.4344127310e-05  7.7348391546e-05 -2.2737986187e-04  7.9543679019e-05  5.4426369321e-06 -7.3679380525e-06 -1.2729050641e-05 -1.0952689148e-05  1.8979756940e-05  9.3843416611e-06 -1.0822139842e-05 -7.2173810686e-05  2.3129777462e-05  5.0732489800e-07  1.3289044389e-05 -2.2078833880e-05  8.2837286176e-06 -8.6415955790e-06  1.8682021949e-06  5.0096858890e-06 -4.1078794254e-06 -5.7876047982e-06 -7.2587306456e-06  1.1059173758e-05 -1.5083402068e-06  1.0997135480e-05  7.4538309784e-06 -1.0655138162e-05 -5.8049983925e-06  2.0431474815e-06  2.3994743699e-06 -2.4019143946e-06  3.2695196850e-06  5.2521431320e-06

JOB 20
COORDS  2.4090253325e+00 -3.9250029130e-01  2.2983198530e-01  1.4148745522e+00  2.6434519500e-01  9.2448122030e-01  5.0106806022e+00 -3.0246418661e+00  5.3758283906e-01  4.1986303329e+00 -2.1292422611e+00 -1.5177061054e+00  1.1862299396e+00 -1.6792319553e+00  2.3824978800e+00  6.1114427465e+00 -3.4952206944e+00 -1.7198379502e-01  5.3426770020e+00 -2.6346286749e+00 -2.1293100963e+00  2.8457803258e+00 -1.7095672385e+00  5.4967949719e-01  3.9822856935e+00 -2.3172131494e+00 -1.3102026696e-01  7.2086374281e-01 -3.4133469105e-01  2.0512411479e+00  2.1948942722e+00 -2.2771632243e+00  1.6686892360e+00  6.3112304801e+00 -3.3191636176e+00 -1.4931711049e+00 -1.9910203661e-01  2.4208033731e-01  2.6930411796e+00  2.5684838042e+00 -3.5537661336e+00  2.0499401398e+00  2.9158913623e+00  1.2458967630e-01 -5.8393868076e-01  1.1320034261e+00  1.2805025681e+00  6.5742045298e-01  4.9450054185e+00 -3.1991953764e+00  1.6062008673e+00  3.4575062338e+00 -1.6064902001e+00 -2.1167230604e+00  7.1531579822e-01 -2.2088847331e+00  3.2059081665e+00  6.8977071890e+00 -4.0367797800e+00  3.5621602144e-01  5.4900314972e+00 -2.4889487234e+00 -3.2007533264e+00
ENERGY -6.533810431298e+02
GRADIENT  2.9724131860e-03  1.7950775746e-03  3.1811222194e-03  2.4321288960e-05 -2.2504125172e-04  8.0012652348e-05  2.6276260146e-03  4.0849573078e-03  6.7407251738e-04  1.0317778348e-04 -5.4180925204e-05  3.4825042349e-05 -6.4373456804e-05 -1.8298799809e-04  1.5279672804e-04 -1.9826287330e-04  1.2549423411e-04 -1.4814096112e-04  4.5219892396e-05 -4.2765770683e-05 -6.2820987009e-06 -2.8710869426e-03 -5.2651883086e-04 -4.6691845581e-03 -2.5031372127e-03 -5.3978747132e-03  8.0433566457e-04  3.4083486900e-05  1.0651458721e-04 -1.0423702320e-05 -1.3363138115e-04  2.3851790965e-04 -4.1244336281e-05  6.3897720330e-05 -1.7271100379e-05 -5.1812055443e-05 -2.3607347762e-05 -3.7201463207e-05  2.1992618721e-05 -9.5370230798e-05  1.1891605334e-04  5.7680615538e-07  2.6627943530e-05 -5.6510753856e-06 -1.8727012604e-05  1.2142482265e-05 -2.6440002796e-05 -4.5217644627e-06  8.5293996789e-06  1.1076326639e-05 -2.5927317246e-06  3.1453222503e-06  8.8847526690e-06 -6.2090299740e-06 -3.4801211258e-05  1.0030642528e-05  2.6282319790e-05 -1.6393852062e-05  9.2155986999e-06 -2.6148874566e-05  7.6590454870e-06 -7.5711419909e-06  6.2729649774e-07

JOB 21
COORDS  2.3588285706e+00 -4.1393657422e-01  1.9337145187e-01  1.3257745706e+00  2.1922558486e-01  8.4880078643e-01  4.9835281176e+00 -3.1185030172e+00  5.1284213682e-01  4.2696120402e+00 -2.0123400554e+00 -1.4737941989e+00  1.2413041046e+00 -1.6293784018e+00  2.4365532364e+00  6.0549732157e+00 -3.6155597459e+00 -2.2254946730e-01  5.3778583506e+00 -2.5580121270e+00 -2.1129506528e+00  2.9013725182e+00 -1.6689025790e+00  6.0060949725e-01  4.0223282366e+00 -2.2750334086e+00 -1.0137013568e-01  6.8363879733e-01 -3.5187435699e-01  2.0235043037e+00  2.2819507733e+00 -2.2082916421e+00  1.7545054521e+00  6.2866673273e+00 -3.3593325282e+00 -1.5250967449e+00 -2.6846837285e-01  2.1082927628e-01  2.6346214623e+00  2.7185283495e+00 -3.4371011369e+00  2.2159412078e+00  2.8170403790e+00  8.5384714531e-02 -6.5824209024e-01  9.6755727058e-01  1.1895626275e+00  5.1109767838e-01  4.8968919630e+00 -3.3730797000e+00  1.5622438061e+00  3.5779929944e+00 -1.4033447802e+00 -2.0486020893e+00  8.1131044281e-01 -2.1353098257e+00  3.2963811931e+00  6.7867485989e+00 -4.2580663294e+00  2.6995445003e-01  5.5443029325e+00 -2.3475966036e+00 -3.1708605516e+00
ENERGY -6.533829493401e+02
GRADIENT  1.0472185424e-03  7.7965621199e-04  9.2195690726e-04 -1.7766530895e-05  2.3919031574e-06  1.4169231770e-05  8.6270536304e-04  1.3324396263e-03  3.5299021945e-04 -5.5984061307e-06 -1.8832244050e-05  4.4977482194e-05 -1.8546743965e-05 -2.1450510928e-05  6.9278373006e-05  9.9877654990e-05 -1.0066171924e-04  1.6575722932e-04 -2.1682976643e-05  1.0780318509e-04 -2.5466136219e-04 -1.0643338892e-03 -4.2782486305e-04 -1.2630576630e-03 -8.2549863820e-04 -1.6630235415e-03 -6.7737008645e-05  4.0905278292e-05 -1.3838227239e-05 -2.9781051827e-05 -7.9550166597e-06 -1.5405294420e-05 -2.1821752835e-05 -1.2351144762e-04  5.4650228080e-05  8.2625060988e-05  2.2468653659e-05 -2.4535446891e-05 -9.8077955144e-06  4.6896231229e-05  1.1628311161e-05 -1.2703142557e-05  7.5540176484e-06 -2.4200911100e-06 -1.4661643977e-05  1.4153087083e-06 -3.5624738354e-06 -9.2310100996e-06 -2.7689260309e-06 -1.5108837053e-05  2.3619219983e-05  9.6100212468e-06  4.1586874287e-07 -4.3172808730e-06 -5.6649758473e-06 -1.8334118985e-05  1.4978745848e-06  1.1362920799e-06 -7.7346120901e-06  3.4962349051e-05 -1.6733541342e-05  2.4976044918e-05 -2.6267392383e-05

JOB 22
COORDS  2.2972937312e+00 -4.6308703670e-01  1.5345727650e-01  1.2339081046e+00  1.4595618724e-01  7.7949869758e-01  4.9384412265e+00 -3.2183323217e+00  4.7450219952e-01  4.3629467766e+00 -1.9016000843e+00 -1.4215794788e+00  1.3044118010e+00 -1.5746934570e+00  2.4989758232e+00  5.9892969313e+00 -3.7312931265e+00 -2.7951884276e-01  5.4417022168e+00 -2.4767912946e+00 -2.0826091888e+00  2.9433824832e+00 -1.6425602274e+00  6.3777087270e-01  4.0577920123e+00 -2.2477658650e+00 -7.6351933021e-02  6.5272833578e-01 -3.7283386202e-01  2.0085222286e+00  2.3678450694e+00 -2.1360195367e+00  1.8381195033e+00  6.2766029946e+00 -3.3901232794e+00 -1.5504374968e+00 -3.2418759409e-01  1.6980725298e-01  2.5968723352e+00  2.8784993027e+00 -3.2961701838e+00  2.3918257359e+00  2.6912599592e+00  4.9970078275e-03 -7.4497583040e-01  7.9908090304e-01  1.0559187804e+00  3.7103852321e-01  4.8127060989e+00 -3.5596862801e+00  1.4928997059e+00  3.7427910050e+00 -1.1991784457e+00 -1.9684194440e+00  9.2880366504e-01 -2.0422070487e+00  3.4047544519e+00  6.6532668863e+00 -4.4700594511e+00  1.7270727524e-01  5.6467508641e+00 -2.1919085021e+00 -3.1160685014e+00
ENERGY -6.533830717516e+02
GRADIENT -5.5043687677e-04 -4.5817255700e-04 -4.3844526654e-04  3.3201145780e-05 -5.5235970911e-05  2.3600650203e-05 -5.0535160257e-04 -6.3971283651e-04 -3.3502762016e-04  3.7419254870e-05 -2.3014068869e-05 -8.1734904172e-06  1.4804842669e-05 -1.8988191383e-05  3.9897319267e-06  2.3260386947e-05 -3.6085346965e-05  2.3406864022e-05 -1.1799130192e-05  1.3549886569e-05 -1.2187395383e-05  5.3455529529e-04  3.7682427043e-04  4.8919442560e-04  5.1999984082e-04  7.5888236387e-04  2.4440441644e-04 -4.2255321732e-05  1.9894641902e-05  9.1162723621e-06 -1.7487620336e-05  2.2054613968e-05 -1.4840511975e-05 -7.1274849560e-06  4.2644357671e-06  1.3340326593e-05 -1.1856559741e-05  3.7284752227e-07  1.8326743892e-05 -2.4758056544e-05  1.8061721824e-05  1.1251421314e-06  2.6326415312e-07 -2.6214861696e-07  1.3161327442e-05  2.8088991850e-06 -8.1742084300e-06  1.2995060099e-05  6.8699032081e-06 -3.4620464264e-06 -1.6185854370e-05  9.6980943316e-06 -1.0078841183e-05  2.8837515718e-06 -6.8107505697e-06  7.5705727778e-07  2.2371108968e-06  2.3187251638e-06 -7.0957694092e-06  1.1825416454e-06  2.4518737329e-06  1.2972245225e-06  1.4361620903e-06

JOB 23
COORDS  2.1948517211e+00 -5.5859834160e-01  7.9530985016e-02  1.1298927454e+00  4.8199176861e-02  7.0353543977e-01  4.8414252967e+00 -3.3353879940e+00  3.9799245534e-01  4.4728328360e+00 -1.7827597732e+00 -1.3622318179e+00  1.3985242318e+00 -1.4811108065e+00  2.5738901940e+00  5.8952147429e+00 -3.8426488269e+00 -3.5593237727e-01  5.5432186170e+00 -2.3649907151e+00 -2.0295329686e+00  2.9371266797e+00 -1.6509011205e+00  6.3046950012e-01  4.0569493773e+00 -2.2496998958e+00 -8.3088483234e-02  6.4894440801e-01 -3.7312789393e-01  2.0101812461e+00  2.4539626305e+00 -2.0496822348e+00  1.9066988211e+00  6.2796962088e+00 -3.3929576255e+00 -1.5653721259e+00 -3.2625758635e-01  1.7077355664e-01  2.5995268193e+00  3.0760862315e+00 -3.0969560251e+00  2.5627315180e+00  2.4835260244e+00 -1.7633001039e-01 -8.9493821033e-01  6.0915077916e-01  8.7583477246e-01  2.2618873924e-01  4.6317655122e+00 -3.7843322620e+00  1.3578011617e+00  3.9646486792e+00 -9.5910519733e-01 -1.8506373758e+00  1.1125345015e+00 -1.8663553509e+00  3.5484951973e+00  6.4753924887e+00 -4.6759796423e+00  4.4380582711e-02  5.8318032090e+00 -1.9787600071e+00 -3.0087411926e+00
ENERGY -6.533826312145e+02
GRADIENT  4.9374228958e-05  6.6832498010e-05 -1.4618044057e-04  2.8558662718e-05 -8.0566623284e-05  7.3763353001e-05 -1.6459547622e-05  2.5575112782e-05 -2.0594698877e-05  3.2393890185e-05 -6.6239251994e-06 -7.7802178367e-07 -2.7992338737e-05 -6.2953919808e-05  1.8523979217e-04 -8.2986620347e-06  4.9818471699e-05 -4.1972696910e-05 -6.1656019518e-06 -3.4455104490e-05  5.3379329791e-05 -2.5717224381e-05 -2.2005446009e-05  4.0086308957e-05 -6.1948660254e-05  2.1400680306e-05 -1.1382343633e-05  3.3070605050e-05  4.3543984748e-06 -6.8510278607e-05 -5.8714764956e-05  8.2030046232e-05 -5.2252175355e-05  3.1486700013e-05 -2.2537647661e-05 -1.2271623483e-05  3.4076348843e-05 -2.5155464406e-05  5.7226370820e-06 -2.2620837320e-05  4.1804271273e-05 -1.5374486599e-05  1.9580832462e-06  1.3567252537e-05 -6.8567566029e-06  1.1117515420e-05 -9.8920655328e-06 -1.9072967825e-05 -8.0357681679e-06  1.1637082510e-05  1.6418041561e-05  8.2009304072e-06 -1.2394598748e-05  6.0895354388e-06 -1.8968610992e-05 -1.3632931961e-05  1.7531187472e-05 -1.9603674027e-06  2.1075187658e-06 -9.7215265535e-06  7.6952431782e-06 -9.9339702289e-06  5.7431996355e-06

