JOB 0
COORDS  2.1305449731e+00 -3.6697730670e-01  7.2698510888e-02  8.1440406447e-01 -3.1979140325e-01  5.3793136032e-01  3.0919216892e+00 -1.0640143947e+00  7.9544312868e-01  4.9684505790e-01 -9.6487697849e-01  1.7296955705e+00  3.8167862800e+00 -3.3788653456e+00  3.7221054125e+00  5.2720764345e+00 -1.9794186631e+00  2.4701757513e+00  4.9500555133e+00 -3.8741731496e+00  4.3724746561e+00  6.3368441762e+00 -2.5330257913e+00  3.1789710887e+00  2.8110309021e+00 -1.7648851849e+00  1.9920357880e+00  3.9509076882e+00 -2.4117302577e+00  2.7100124310e+00  1.4763108906e+00 -1.6593358050e+00  2.4497150061e+00  6.2030302780e+00 -3.4735070857e+00  4.1250613100e+00  9.0748133509e-01 -2.2988525649e+00  3.9927617365e+00  2.4085393786e+00  1.3217158677e-01 -8.5117657949e-01  4.4764452998e-02  2.1600788707e-01 -1.0364481889e-02  4.0928040877e+00 -1.1190528086e+00  3.8427535669e-01 -5.1178761935e-01 -9.2117306499e-01  2.1273161573e+00  2.8576477763e+00 -3.8007721880e+00  3.9810758203e+00  5.4920771631e+00 -1.1876600086e+00  1.7641098347e+00  4.8335741463e+00 -4.6362758360e+00  5.1415877470e+00  7.3516220695e+00 -2.1902261214e+00  2.9822958896e+00
ENERGY -9.389780704594e+02
GRADIENT  9.9407786309e-07 -5.3260795913e-05  5.2307333178e-05  3.0874255870e-05 -1.5819795567e-05  2.7432613696e-05  1.0994843540e-03  6.4224468788e-03  3.9982760943e-03 -2.1702211671e-04 -3.7041149301e-05  1.3099930628e-04 -9.4388311612e-05  5.9509245366e-03  5.7067214168e-03  1.8367785016e-05 -1.2077291184e-04  1.0419518939e-04  1.3074687194e-04  1.6701842846e-04 -1.6597231271e-04 -1.1851414274e-04 -1.1408555848e-04  9.0385811146e-05 -1.6381956413e-03 -6.0001865679e-03 -2.7692108243e-03  7.0614248439e-04 -6.3001058133e-03 -6.9618638068e-03  7.7711031764e-05  7.9351187977e-05 -1.7346135156e-04  1.1293097505e-04 -5.1654556901e-05  8.4676668713e-05 -1.5374665797e-04  1.3924985700e-04 -1.4368821585e-04  2.9085054436e-07 -1.9144727918e-06  6.6647834381e-07 -1.0676427375e-05 -9.9349292649e-06  1.9459560166e-05 -4.1224184290e-05 -1.4799443302e-05 -1.3436906051e-06 -3.9838241651e-05  7.7462460113e-06  1.2111619190e-06  1.1508719878e-04 -7.4863688794e-06 -5.3392416249e-05 -1.1734353994e-05 -2.5814684586e-05  3.0569083843e-05  5.3318597513e-05  1.6605075110e-05 -5.9263656494e-06  3.5583380987e-06 -3.0958763171e-05  3.7488338272e-05

JOB 1
COORDS  2.1017754082e+00 -4.9060640503e-01  4.9157685744e-03  8.1449386581e-01 -3.5385962271e-01  5.3116545137e-01  3.0776737731e+00 -1.1602324631e+00  7.3726710795e-01  5.3181509022e-01 -8.7852193855e-01  1.7911765503e+00  3.8058943938e+00 -3.4587300984e+00  3.6066178558e+00  5.2552364878e+00 -1.8632860925e+00  2.5862002904e+00  4.9285452197e+00 -3.9733402632e+00  4.2588465321e+00  6.3100409007e+00 -2.4463727665e+00  3.2889142675e+00  2.8214282671e+00 -1.7365718446e+00  2.0002533617e+00  3.9532149105e+00 -2.3785394190e+00  2.7216712587e+00  1.5222627798e+00 -1.5474877160e+00  2.5175956780e+00  6.1704671014e+00 -3.4895702165e+00  4.1192130151e+00  1.0622395509e+00 -2.0455919559e+00  4.1443200931e+00  2.3440187850e+00 -8.2637645597e-02 -9.7227086179e-01  3.7383068861e-02  1.6294773262e-01 -2.4940958693e-02  4.0632993055e+00 -1.2908475974e+00  3.0182238328e-01 -4.5273571015e-01 -7.5713224849e-01  2.2310768607e+00  2.8456916993e+00 -3.9331557843e+00  3.7624987524e+00  5.4513135952e+00 -9.9340752470e-01  1.9676056862e+00  4.8179341402e+00 -4.8211246912e+00  4.9332666745e+00  7.3174638476e+00 -2.0456994476e+00  3.1859655545e+00
ENERGY -9.389823345701e+02
GRADIENT -1.8383201912e-05 -2.5076751070e-05  8.4355216709e-05 -8.2438401438e-05  4.8789850357e-05 -6.0809284692e-05  1.2459739834e-03  4.8780041610e-03  2.4418277246e-03  1.1404603900e-04  5.7572105128e-08 -4.9145638281e-05 -6.9865551219e-04  3.8180022699e-03  4.5539096143e-03  2.2503950277e-05 -2.0796601317e-05  3.2970791909e-05  4.5057668948e-05  8.2375243833e-05 -4.1249634226e-05 -5.6177314414e-05 -3.4901876547e-05  3.1714428970e-05 -2.1630581578e-03 -5.0779823333e-03 -1.1722236641e-03  1.5883441782e-03 -3.6206798315e-03 -5.9323931403e-03 -3.2381281681e-05 -1.4500855973e-05  4.7402488068e-05  4.2247615136e-05 -2.8480044053e-05  1.8309479556e-05  8.5773728546e-06 -1.4808081269e-05  4.2378745940e-05 -5.9423096725e-06 -3.2714768528e-06  8.6930450869e-06 -8.6133025544e-06  3.2796683810e-06 -8.8832071443e-06  1.1851300274e-05  3.3776434935e-07 -2.4815949023e-06  1.4007302784e-05 -3.4265065846e-06 -5.8380664330e-06 -1.3250627019e-05  9.7294811255e-06 -1.2065059444e-07 -6.1073106311e-06  2.8320677951e-06 -2.6334600043e-06  1.3763859314e-05  8.3220813547e-06 -3.8948281041e-06 -1.0362856903e-06 -9.8678520190e-06  4.4471247338e-06

JOB 2
COORDS  2.0666899624e+00 -6.1318231414e-01 -4.6048702076e-02  8.0674956679e-01 -4.0016168415e-01  5.2036045080e-01  3.0616618931e+00 -1.2401413810e+00  7.0154506220e-01  5.6122882755e-01 -8.0838107769e-01  1.8318392677e+00  3.8126391410e+00 -3.5010754717e+00  3.5012240381e+00  5.2481731972e+00 -1.7630409501e+00  2.7056833345e+00  4.9263280580e+00 -4.0485926776e+00  4.1410201400e+00  6.2954802569e+00 -2.3875295330e+00  3.3862966523e+00  2.8403115197e+00 -1.6839253373e+00  2.0200673414e+00  3.9629866718e+00 -2.3252442253e+00  2.7515700926e+00  1.5679512711e+00 -1.4370418455e+00  2.5698470912e+00  6.1557484136e+00 -3.5144204848e+00  4.0982914891e+00  1.1916788910e+00 -1.8348034897e+00  4.2431270594e+00  2.2720405845e+00 -2.9793223911e-01 -1.0651387424e+00  1.8634703467e-02  8.5894497194e-02 -4.7967439669e-02  4.0330126748e+00 -1.4266354317e+00  2.5252622250e-01 -4.0395308919e-01 -6.3044714769e-01  2.2950577150e+00  2.8534290132e+00 -4.0015254950e+00  3.5717291315e+00  5.4300621961e+00 -8.3711920416e-01  2.1676806359e+00  4.8230575842e+00 -4.9665085894e+00  4.7177283897e+00  7.2949387036e+00 -1.9555463033e+00  3.3619239186e+00
ENERGY -9.389847032512e+02
GRADIENT  2.2733561554e-05  1.4565624210e-05 -4.6875938173e-05 -8.6399178298e-05  4.6764251100e-05 -5.1097132001e-05  4.0389681538e-04  1.8820516427e-03  7.4803124660e-04  1.6663968763e-04 -2.9473144865e-05 -6.5257507111e-05 -5.1157581611e-04  1.1306960572e-03  1.7670020677e-03  3.6941176151e-05  2.5109730091e-05 -1.1215856812e-05 -5.7559882110e-06 -7.4484965824e-06 -2.3793315707e-07  1.3375070147e-05  4.1588786185e-05 -3.3164436482e-05 -9.6576268093e-04 -2.1141279734e-03 -1.0165787248e-04  9.9034883626e-04 -9.8861388264e-04 -2.2667476026e-03 -9.1794680985e-06 -2.5092497401e-05  3.5612373250e-05 -2.0750976634e-05 -5.5093377420e-06 -6.5420138046e-06  6.9460197253e-06 -2.6756877374e-06  2.5865604100e-05 -2.1095859349e-05  1.0064591658e-05 -6.4599045723e-06  7.4428375948e-08  5.6838602444e-06 -1.5613112729e-05 -2.0376069503e-05  7.2742271823e-06  1.1414539097e-05  1.4270317927e-05 -3.8964112911e-06 -6.7703815606e-06  1.7731347929e-06 -7.0727480773e-06  7.9288574573e-06  1.2361902238e-05  1.0645249647e-05  1.3025222088e-06 -8.4507787453e-06 -4.3370534582e-06 -8.5915547323e-06 -7.4344937876e-07  9.1140537270e-06 -1.0749513759e-05

JOB 3
COORDS  2.0195987023e+00 -7.4363949443e-01 -8.4369075698e-02  7.9718382467e-01 -4.3864268945e-01  5.2136946433e-01  3.0338851066e+00 -1.3382833677e+00  6.6638304446e-01  5.9920534196e-01 -7.2692250725e-01  1.8730472491e+00  3.8354923430e+00 -3.5470775533e+00  3.3760180453e+00  5.2360636272e+00 -1.6844262668e+00  2.8321916426e+00  4.9395115822e+00 -4.1203002834e+00  4.0098569794e+00  6.2764479246e+00 -2.3414145886e+00  3.4950262854e+00  2.8605216995e+00 -1.6457788883e+00  2.0275063159e+00  3.9753736417e+00 -2.2921836647e+00  2.7681890233e+00  1.6230556522e+00 -1.3256516640e+00  2.6114832985e+00  6.1475722797e+00 -3.5406358764e+00  4.0788894261e+00  1.3309707025e+00 -1.6248501390e+00  4.3200429311e+00  2.1808310071e+00 -5.2477874007e-01 -1.1361543857e+00 -1.9323427332e-03  2.4588659105e-02 -5.0729500187e-02  3.9811105025e+00 -1.5903787290e+00  1.9744469658e-01 -3.3962779889e-01 -4.8436592651e-01  2.3606198560e+00  2.8863521677e+00 -4.0732810548e+00  3.3532671226e+00  5.4028713409e+00 -7.0774239692e-01  2.3863686351e+00  4.8491300292e+00 -5.0968834138e+00  4.4831711183e+00  7.2601946193e+00 -1.8785938708e+00  3.5602892244e+00
ENERGY -9.389850934561e+02
GRADIENT -9.5579124666e-06  7.0304821447e-06 -1.7992066730e-05  2.9092832137e-05 -1.7533669506e-05  1.1670659237e-05 -2.1359007693e-04 -5.2933831544e-04 -1.5467001139e-04 -1.1212667801e-05  7.9522632909e-07  1.4975132981e-05  1.5739781948e-04 -2.5403693898e-04 -5.1616685910e-04 -3.0837028164e-05 -2.5422228510e-06  1.3805023002e-05 -1.1437533695e-04 -1.9969565104e-04  7.9282694076e-05  1.7342467429e-04  1.7676927384e-04 -4.5503898265e-05  3.8870509255e-04  6.0072811912e-04 -3.9721877093e-05 -2.6720128063e-04  1.3482734078e-04  7.2878404834e-04 -9.9800791738e-06  3.2067259224e-05 -9.2288826856e-07 -1.1797832188e-04  7.0681667589e-05 -7.0101352006e-05  1.6587399251e-05  3.4904625619e-06 -9.8918647857e-06 -1.9934268712e-06 -5.5481392508e-06 -2.6457557680e-06  2.3358385867e-06 -2.0830912784e-06  1.3368717901e-06 -7.9173225279e-08  5.2842609191e-06 -8.8484038606e-07 -9.2823300388e-07  6.2388039826e-06  2.7892076343e-06  6.1842953660e-06 -5.7883949052e-07  2.3409749912e-05  1.7662478845e-05 -4.1567883351e-06  5.5963390904e-06 -3.5708272908e-05 -1.6987139553e-05  3.4760407484e-06  7.4346567593e-06  3.6200751491e-05 -1.8248218721e-05

JOB 4
COORDS  1.9507343486e+00 -8.7683425552e-01 -1.2047388576e-01  7.8551659896e-01 -4.5306297437e-01  5.2564083820e-01  2.9811282605e+00 -1.4598690596e+00  6.1933085874e-01  6.5562358485e-01 -6.1354164120e-01  1.9067663652e+00  3.8861492718e+00 -3.5952218439e+00  3.2231045934e+00  5.1997945076e+00 -1.6103134140e+00  2.9701812130e+00  4.9784659893e+00 -4.1689117050e+00  3.8775432451e+00  6.2326702438e+00 -2.2744969130e+00  3.6388759301e+00  2.8759821453e+00 -1.6312415970e+00  2.0091383335e+00  3.9888449059e+00 -2.2787266883e+00  2.7570564092e+00  1.6945861530e+00 -1.2013919243e+00  2.6328324207e+00  6.1400425778e+00 -3.5326528815e+00  4.0905464599e+00  1.5023462667e+00 -1.3744647550e+00  4.3712980046e+00  2.0556147799e+00 -7.5771490941e-01 -1.1951750788e+00 -2.3216519020e-02  2.4027334603e-03 -3.9229727254e-02  3.8868440601e+00 -1.7981345505e+00  1.2317647208e-01 -2.4068927386e-01 -2.8495153788e-01  2.4232286284e+00  2.9705461969e+00 -4.1624199626e+00  3.0828633431e+00  5.3345426466e+00 -5.8708737916e-01  2.6306339442e+00  4.9181141673e+00 -5.1918898310e+00  4.2461711819e+00  7.1801494912e+00 -1.7685593560e+00  3.8192696018e+00
ENERGY -9.389844269088e+02
GRADIENT -2.2137542357e-05 -1.2659423377e-05  1.1919523009e-04 -6.6541129608e-05  4.0188974031e-05 -5.0118437846e-05 -5.1872087527e-04 -1.1179777418e-03 -2.1550812462e-04 -2.8390337983e-05  5.4531458954e-06  3.2280846177e-05  5.3543297984e-04 -4.0707347006e-04 -1.0819004007e-03 -9.3584096882e-06 -2.6367367811e-05 -8.4495641808e-06 -4.9638004962e-05 -1.0493388992e-04  1.9482856414e-05  3.1584557209e-05  4.4490938210e-05 -1.1398335189e-05  1.0871266935e-03  1.4089144908e-03 -2.8072570037e-04 -9.8710492805e-04  1.6246877191e-04  1.6188528464e-03  3.3573838815e-05 -1.2321159308e-05 -1.0186232960e-04 -1.9025125642e-05  2.5726899960e-05 -2.0322786799e-05  2.9324738383e-05  5.5283840652e-06 -6.2858816788e-05 -1.1584859938e-05 -1.7815937076e-06  1.1439344531e-05 -1.8513219309e-05  4.9125440876e-06  6.8124540661e-06  4.1361312247e-06 -2.0159184353e-06  1.1385348973e-05 -1.2411467198e-05  1.1512693944e-05 -6.9060004452e-06  4.8203335488e-06  7.4155934238e-06  7.0258139907e-06  1.4999952764e-06  5.4055595827e-07 -2.7699205382e-06 -3.8156736624e-06 -8.2399942076e-06  2.9231938176e-06  3.4613082005e-06  1.1075281100e-05 -8.9475082974e-06

JOB 5
COORDS  1.8658677725e+00 -1.0234585234e+00 -1.3780517865e-01  7.7914450883e-01 -4.5352436380e-01  5.3227957004e-01  2.8982456748e+00 -1.6147819539e+00  5.9332234895e-01  7.2861504284e-01 -4.7654292300e-01  1.9277480004e+00  3.9576239021e+00 -3.6512610744e+00  3.0713817898e+00  5.1168642325e+00 -1.5574466843e+00  3.1297194105e+00  5.0417316979e+00 -4.2076184307e+00  3.7560046446e+00  6.1477643339e+00 -2.2098812951e+00  3.8117645331e+00  2.8703187026e+00 -1.6506366855e+00  1.9961404817e+00  3.9886348279e+00 -2.2907424512e+00  2.7452892378e+00  1.7694990950e+00 -1.0720987217e+00  2.6449735138e+00  6.1268030455e+00 -3.5128777222e+00  4.1262521117e+00  1.6794926703e+00 -1.0860185745e+00  4.3996902398e+00  1.9098104612e+00 -1.0081215452e+00 -1.2231834331e+00 -3.0276375212e-02  9.4854289320e-03 -2.5467219928e-02  3.7463842332e+00 -2.0602164714e+00  8.0312431275e-02 -1.0848297837e-01 -3.7888586357e-02  2.4615515632e+00  3.1034371416e+00 -4.2660619716e+00  2.8019646925e+00  5.1901937181e+00 -4.9668610900e-01  2.9069668186e+00  5.0369531872e+00 -5.2644946352e+00  4.0189068692e+00  7.0340885058e+00 -1.6569447293e+00  4.1197081184e+00
ENERGY -9.389839948651e+02
GRADIENT  1.0080612228e-05  1.6876410473e-06 -5.7656080573e-05 -8.2322358637e-05  3.5806942424e-05 -4.7738054120e-05 -9.4026133644e-05  7.0055013790e-06  7.5146490543e-05  1.3945435791e-04 -6.7380629681e-05 -8.3839155846e-05 -6.8361502558e-05 -6.0309763018e-05 -6.5950355204e-05  2.5298971180e-05  8.6805084846e-05 -2.5730465786e-06  5.0862263285e-05  1.6519577329e-04 -1.9324155050e-05 -8.5179901985e-05 -7.7764918399e-05 -2.1484188694e-05  4.4817821931e-05  2.5618198879e-05 -2.6776649382e-05  9.0759462727e-06 -6.7147758137e-05  6.7444105399e-05 -3.5720548540e-06  7.7408342409e-06  1.0587272244e-04  5.9243197366e-05 -5.4420323103e-05  3.1732807572e-05 -3.7893912032e-06  1.4451505050e-07  3.8837087011e-05 -1.5175500117e-05  6.7917161649e-06 -7.7117857792e-06 -2.2106452222e-06  2.4811308271e-06 -2.0471700255e-05 -1.2053118594e-05  9.5205639533e-06  5.2779381131e-06  1.0886879844e-05 -7.6822742281e-06 -1.0644798937e-05 -1.6589963039e-05 -4.5054937280e-06 -1.5234913116e-06 -6.7718020962e-06  1.2167200342e-05 -1.6098960148e-06  4.4037072088e-06  1.8656314262e-05  4.0959587183e-07 -7.9402430734e-06 -1.2098714675e-05  1.0358800460e-06

JOB 6
COORDS  1.7878234203e+00 -1.1599896873e+00 -1.3610791751e-01  7.8437255004e-01 -4.4975208851e-01  5.2971876083e-01  2.8168953845e+00 -1.7562066291e+00  5.9506079065e-01  8.1349928822e-01 -3.3923399066e-01  1.9215199152e+00  4.0476608869e+00 -3.6811927437e+00  2.9177674006e+00  5.0355939644e+00 -1.5300020569e+00  3.2748957708e+00  5.1295201778e+00 -4.2322880381e+00  3.6112930235e+00  6.0721998427e+00 -2.1788554253e+00  3.9495885717e+00  2.8685837905e+00 -1.6604463147e+00  1.9949788111e+00  3.9933945846e+00 -2.2946019507e+00  2.7367428758e+00  1.8513856268e+00 -9.3934879737e-01  2.6391576098e+00  6.1336648890e+00 -3.5075090734e+00  4.1231915954e+00  1.8479778698e+00 -7.9160990278e-01  4.3904078243e+00  1.7716224071e+00 -1.2466381029e+00 -1.2188835684e+00 -2.1969084786e-02  1.8495476998e-02 -2.8078311540e-02  3.6038352262e+00 -2.3046882072e+00  8.4306765107e-02  3.8808650532e-02  2.0458230475e-01  2.4527440365e+00  3.2591803516e+00 -4.3213304346e+00  2.5318537331e+00  5.0394101666e+00 -4.4869490929e-01  3.1722097677e+00  5.1886734244e+00 -5.3090502696e+00  3.7639791198e+00  6.8941718474e+00 -1.6021613364e+00  4.3712606976e+00
ENERGY -9.389843596421e+02
GRADIENT -8.8746361869e-07  1.3124433424e-05  1.2791159348e-04 -5.4475631836e-05  3.2336085111e-05 -4.4423283894e-05  6.5011104574e-04  8.9402651667e-04 -1.2874110037e-04 -9.8504560111e-06  7.9592601222e-06  1.4597902154e-05 -6.1077178348e-04  9.2836582534e-05  9.3985039945e-04 -2.2088881287e-06  1.0415441420e-05 -9.7010336903e-06 -2.3687315585e-05 -5.6727860699e-05 -1.1931653829e-05  5.6286868743e-05  9.1268315680e-05  2.8985225769e-05 -1.1225993626e-03 -1.3094436163e-03  5.7283560692e-04  1.1520643133e-03  2.2253308030e-04 -1.4086687613e-03 -9.6797770755e-07 -1.2545222464e-05 -3.2562993600e-05 -4.7976602445e-05  1.4311903201e-05 -3.1476409735e-05  6.0003149408e-06 -9.5696219465e-06 -3.6520656859e-05  4.4510536665e-07  5.1233793258e-06  1.2217707924e-05 -1.0882713161e-05  8.1624219035e-06  4.5243474012e-06  5.9595929159e-06 -8.5036142223e-06  4.9369483985e-06 -8.5999694468e-06  2.7557541921e-06 -6.1206414848e-06  2.0674325151e-06 -9.3427188939e-06 -4.4753614564e-06  3.5088171291e-06 -8.2995435698e-08  6.2402681477e-06 -1.5051716947e-05 -7.6113333452e-06 -8.0215613461e-06 -1.2958045728e-06  1.4480066504e-05  4.1807261400e-07

JOB 7
COORDS  1.7185655494e+00 -1.2886510155e+00 -1.0871985916e-01  7.8178211750e-01 -4.6512225144e-01  5.2262143891e-01  2.7453652541e+00 -1.8678205467e+00  6.3740007308e-01  8.7624742468e-01 -2.2873560994e-01  1.8954297852e+00  4.1298264007e+00 -3.6700173880e+00  2.7900254222e+00  4.9648303151e+00 -1.5177017344e+00  3.4223314046e+00  5.2150728213e+00 -4.2308649012e+00  3.4693595816e+00  6.0124374287e+00 -2.1765319467e+00  4.0687285557e+00  2.8676562649e+00 -1.6432635512e+00  2.0197800459e+00  3.9917828278e+00 -2.2764090359e+00  2.7584961887e+00  1.9120956697e+00 -8.1268582675e-01  2.6290860539e+00  6.1508723598e+00 -3.5105698914e+00  4.1024820101e+00  1.9589593520e+00 -5.1213363232e-01  4.3612896641e+00  1.6532979854e+00 -1.4751780285e+00 -1.1769358187e+00 -2.3164061704e-02 -7.7860987072e-03 -4.6058973402e-02  3.4837293672e+00 -2.4987183151e+00  1.4996742827e-01  1.4987738881e-01  3.9863263780e-01  2.4021836877e+00  3.3983120394e+00 -4.3098946339e+00  2.3042634686e+00  4.9128948417e+00 -4.3337239346e-01  3.4326087258e+00  5.3344259049e+00 -5.3127342094e+00  3.5080678843e+00  6.7808474181e+00 -1.6024653169e+00  4.5843571639e+00
ENERGY -9.389850284662e+02
GRADIENT  1.2523780743e-05  3.3998583530e-05  1.7947266819e-04 -4.2551030696e-05  2.6424297013e-05 -3.7038235797e-05  5.3746872289e-04  5.5146672619e-04 -2.1944286467e-04 -7.0709937424e-05  5.6344476558e-05  6.1171694365e-05 -5.5199919200e-04 -1.3750641709e-04  5.9294453252e-04 -5.8999187713e-06  1.8654733345e-04 -1.0544250990e-07 -1.7932056978e-05  4.7297771742e-05 -1.7112999629e-05 -5.0166593722e-05 -4.0273006098e-05 -2.3457685470e-05 -8.2505843351e-04 -9.5184656367e-04  5.3004725757e-04  1.0203729506e-03  2.4161908047e-04 -9.2275695046e-04 -4.9662196507e-06 -2.7660827542e-05 -9.9530911779e-05  1.5744658485e-05  7.1794709514e-07  2.0047766705e-05 -1.6430329173e-05 -1.9140641437e-05 -7.3184725161e-05  6.6487544400e-06  7.6506946847e-06  1.6351925307e-05 -1.2827188919e-05  1.0511680303e-05  1.3496097555e-05  1.2055039429e-05 -8.0656744240e-06  1.1147292948e-05 -2.2713715706e-05  6.6024793484e-06 -5.0650439464e-06 -2.3226989566e-06 -2.0909113062e-05 -1.4499518723e-05  7.8767394112e-06  1.7423831018e-05  9.3204483726e-06 -7.6682867318e-06  6.7441135057e-06 -8.7021071074e-06 -1.4731830652e-05  6.5291051660e-06 -3.0040952792e-06

JOB 8
COORDS  1.6461838092e+00 -1.4024147252e+00 -7.2827164401e-02  7.6973427595e-01 -4.8301139214e-01  5.1054459845e-01  2.6709355512e+00 -1.9592121769e+00  6.9054753644e-01  9.2257210844e-01 -1.3704189904e-01  1.8538745843e+00  4.1959810506e+00 -3.6422084963e+00  2.6799058105e+00  4.8922386503e+00 -1.5307711628e+00  3.5590101295e+00  5.2829068250e+00 -4.2174931805e+00  3.3419495030e+00  5.9497485442e+00 -2.2014082294e+00  4.1763843880e+00  2.8638048777e+00 -1.6170230396e+00  2.0427967266e+00  3.9746927021e+00 -2.2611269016e+00  2.7897018940e+00  1.9552832388e+00 -7.0209288739e-01  2.6067619813e+00  6.1569947260e+00 -3.5233383132e+00  4.0837763598e+00  2.0269491931e+00 -2.7191876564e-01  4.3122012212e+00  1.5362088216e+00 -1.6803774330e+00 -1.1172216180e+00 -3.3604438158e-02 -3.8750901446e-02 -7.0537135058e-02  3.3661276054e+00 -2.6563556613e+00  2.3158817031e-01  2.3827649133e-01  5.5931715447e-01  2.3278740286e+00  3.5170737836e+00 -4.2689230570e+00  2.1085814076e+00  4.8001914968e+00 -4.5562663585e-01  3.6673303066e+00  5.4569968821e+00 -5.2903742163e+00  3.2729803300e+00  6.6707712412e+00 -1.6444465476e+00  4.7728418567e+00
ENERGY -9.389848986712e+02
GRADIENT -6.2224995346e-06 -2.9779696442e-05 -8.2249513747e-05  3.4899534820e-05 -1.2971165092e-05  3.3938017068e-05 -9.8427626271e-04 -1.0473387673e-03  4.2555961491e-04  1.8100427898e-06 -7.5157483357e-06 -5.5161208379e-06  9.4527380953e-04  2.0843564983e-04 -1.1866780991e-03  1.1441420919e-05  2.2484259410e-05  2.6739636162e-06 -2.7337876774e-05 -6.7700689959e-05 -3.8642196991e-05  2.4458817098e-05  3.4782733754e-05  1.8128710836e-05  1.8363905197e-03  1.7026194896e-03 -1.1341883998e-03 -1.7894620458e-03 -8.6526576054e-04  1.9579984458e-03 -6.6071378080e-06  1.1795871714e-05 -6.4057024962e-07 -2.6199675991e-05  2.8770227883e-05 -1.9090140093e-05 -9.1362947064e-06  2.4206864492e-06  1.0362219045e-05 -5.0902529407e-06  2.2529554434e-06 -9.6167107700e-06  5.5345764097e-06 -4.5461141533e-06 -1.2215669687e-06 -1.2360088279e-05  4.4461983680e-06 -4.3052905950e-07  4.0099762299e-06  1.5831244171e-07  5.1458241244e-06  2.7964184503e-06 -9.1183101084e-06 -5.0921373318e-06  1.4672208632e-05 -3.1349932759e-06  2.2852168415e-06 -1.0496647201e-05 -9.2551438017e-06 -1.1165319450e-05 -2.0149752423e-06  9.7281134593e-06 -4.1180889864e-06

JOB 9
COORDS  1.5738952835e+00 -1.4953590189e+00 -3.1447914881e-02  7.6402109584e-01 -4.8924278470e-01  5.0195777557e-01  2.5976872731e+00 -2.0386573030e+00  7.4036494715e-01  9.8219740738e-01 -5.3090386330e-02  1.8083226736e+00  4.2747798822e+00 -3.6135208851e+00  2.5773464606e+00  4.8304716821e+00 -1.5682868381e+00  3.6721730805e+00  5.3638223117e+00 -4.1976187159e+00  3.2254087200e+00  5.8989209240e+00 -2.2431405564e+00  4.2660843346e+00  2.8731794969e+00 -1.5968396997e+00  2.0514800025e+00  3.9639293901e+00 -2.2628895320e+00  2.8122128666e+00  2.0116592163e+00 -6.0933379503e-01  2.5730694193e+00  6.1767212751e+00 -3.5388928520e+00  4.0633865456e+00  2.1061012768e+00 -6.6671766953e-02  4.2469111671e+00  1.4133965344e+00 -1.8523360339e+00 -1.0447891297e+00 -3.7589775981e-02 -5.0906509894e-02 -8.5866471980e-02  3.2431947876e+00 -2.7935343896e+00  3.0295301757e-01  3.4505090533e-01  7.0549335234e-01  2.2513095146e+00  3.6516212640e+00 -4.2267761728e+00  1.9338784260e+00  4.7018065438e+00 -5.1089516763e-01  3.8666467022e+00  5.5937490726e+00 -5.2492070874e+00  3.0599072427e+00  6.5716489753e+00 -1.7072504434e+00  4.9340386538e+00
ENERGY -9.389828862697e+02
GRADIENT -9.2058024324e-06 -1.3396958965e-05 -7.7712400472e-05  3.6416149613e-05 -2.4163651639e-05  2.7922691382e-05 -3.3282491504e-03 -3.4518841349e-03  1.8555166840e-03  5.3932835353e-05 -6.0675712509e-05 -6.6690992345e-05  3.4153297740e-03  1.4916246561e-03 -3.7117601906e-03 -4.2432463606e-05 -1.2746294614e-04 -4.8264687802e-05 -3.2301805790e-05 -2.6775759167e-04 -8.8194994243e-05  1.6174001730e-04  3.0002569569e-04  2.3083859614e-04  6.3946454152e-03  5.6959132529e-03 -4.5394216857e-03 -6.5578613702e-03 -3.6885904634e-03  6.2742628104e-03  1.0970167227e-05  7.6262688012e-05  1.8594961906e-04 -1.5601597825e-04  6.8708079874e-05 -1.1098522705e-04  3.4026540238e-05  2.1349790919e-05  7.5608039166e-05  7.5598970475e-06 -6.0031397760e-06 -3.1236988375e-06  9.8039932082e-06 -6.6084203834e-06 -8.2377499653e-06 -4.4349422848e-06  3.7752249982e-06 -3.0216570689e-05  2.1053838489e-05 -1.2950508164e-05  6.6994497968e-06  1.9497439785e-05 -8.4014612479e-06  2.5244666852e-05  4.9523773686e-06 -1.8373253564e-05  1.7498268670e-05 -2.2886209368e-05 -3.1015676358e-05 -2.4768476681e-05  2.3361097508e-06  4.0663329041e-05  2.2333860613e-05

JOB 10
COORDS  1.4819547697e+00 -1.5819557181e+00  2.1112453058e-02  7.4777099094e-01 -4.9203245238e-01  4.9436458305e-01  2.5067636894e+00 -2.1137360255e+00  7.9696190900e-01  1.0433398462e+00  2.7988854168e-02  1.7520867110e+00  4.3717749465e+00 -3.5697768918e+00  2.4820530073e+00  4.7553079472e+00 -1.6177427839e+00  3.7840675412e+00  5.4589676113e+00 -4.1558660420e+00  3.1286029635e+00  5.8312484781e+00 -2.2894395698e+00  4.3690656026e+00  2.8772387714e+00 -1.5842506318e+00  2.0542482544e+00  3.9558152228e+00 -2.2681931450e+00  2.8262725227e+00  2.0706862912e+00 -5.2246018809e-01  2.5257793897e+00  6.1940046404e+00 -3.5429389923e+00  4.0674678444e+00  2.2010468597e+00  1.4974878292e-01  4.1518890123e+00  1.2618172700e+00 -2.0157010808e+00 -9.5016197373e-01 -5.3135414001e-02 -5.7556095158e-02 -9.7160955988e-02  3.0870429365e+00 -2.9306251158e+00  3.8451246503e-01  4.6329976056e-01  8.5002201053e-01  2.1585221166e+00  3.8265875165e+00 -4.1664187257e+00  1.7594420544e+00  4.5785673590e+00 -5.9008451598e-01  4.0666091806e+00  5.7554130906e+00 -5.1720815082e+00  2.8727829740e+00  6.4397083743e+00 -1.7796195046e+00  5.1146129071e+00
ENERGY -9.389787505477e+02
GRADIENT  1.7586359323e-05  8.1965406638e-05  1.4106798789e-04 -1.0274346289e-04  4.8428124187e-05 -8.0224010306e-05 -5.3071402268e-03 -4.8241540100e-03  3.5054493125e-03  9.4509415970e-05 -1.4082183441e-04 -9.3603607433e-05  5.5776749403e-03  3.1364895958e-03 -5.1032270232e-03 -1.3059628331e-05 -4.2934855568e-05 -4.2596306198e-05  1.3850204365e-05 -2.9712391490e-04 -1.2550592956e-04  1.0180547207e-04  2.6823755829e-04  2.3867424049e-04  1.0491553062e-02  8.3615216958e-03 -7.6887161390e-03 -1.0750174356e-02 -6.7637861585e-03  9.1345296411e-03 -1.0068414399e-05  9.4360798019e-05  1.7662630781e-04 -1.8749915295e-04  9.7932984651e-05 -1.3689128303e-04  1.0952662358e-04 -3.5639559796e-05  6.8685582067e-05  9.6888474435e-06  1.0895714785e-05  1.6998192732e-05 -1.0140948745e-05  4.5656658140e-06 -1.0752140573e-05  3.7547069866e-05 -5.2062550170e-05  5.1827333855e-06  1.3284282380e-05 -2.0074620686e-05 -8.1505053026e-06 -9.6380441194e-06  3.0784634483e-06 -1.8846328723e-05 -2.4628022766e-05  4.8633041900e-05  2.1596204503e-05 -2.8130978977e-05 -3.3121728411e-05 -2.5688207260e-05 -4.3420892523e-06  4.7521330764e-05  1.2816341269e-05

JOB 11
COORDS  1.3175918114e+00 -1.7196804354e+00  1.3950396383e-01  6.8986762338e-01 -5.3152418575e-01  5.1717010616e-01  2.3691305620e+00 -2.2144448011e+00  9.0066947241e-01  1.1397410945e+00  1.2826296374e-01  1.6552993752e+00  4.5681291575e+00 -3.4447581111e+00  2.3085213643e+00  4.6225377978e+00 -1.7444880997e+00  3.9569387926e+00  5.6295351435e+00 -4.0565395667e+00  2.9712392971e+00  5.6849869663e+00 -2.4344086673e+00  4.5479644498e+00  2.8680800616e+00 -1.5845620789e+00  2.0677397702e+00  4.0119756242e+00 -2.2375550667e+00  2.7879701146e+00  2.2012832801e+00 -3.8213998462e-01  2.4137211486e+00  6.2028291325e+00 -3.5769266922e+00  4.0844045406e+00  2.5889450468e+00  6.3043013994e-01  3.8091936643e+00  9.9272131971e-01 -2.2621949660e+00 -7.4374290620e-01 -1.3451286691e-01 -1.2181413235e-01 -5.9391741378e-02  2.8209759636e+00 -3.1373092058e+00  5.6579174090e-01  6.7176538839e-01  1.0537155572e+00  1.9740291012e+00  4.2014097187e+00 -3.9406605725e+00  1.4200101938e+00  4.2989801413e+00 -8.3348060957e-01  4.4303409866e+00  6.0401893598e+00 -4.9866795783e+00  2.5811609113e+00  6.1403668099e+00 -2.0323002468e+00  5.4518672784e+00
ENERGY -9.389748013320e+02
GRADIENT -8.3325517413e-05 -1.4444727482e-04 -2.3192633614e-04  1.8880587929e-04 -8.9651127656e-05  1.3668730092e-04 -5.4970717490e-05  1.3343788791e-04  5.5048048355e-05 -6.1738133518e-05  8.8755161345e-05  4.6216890795e-06  9.3353498741e-06  1.8708214569e-05  2.7310968574e-05  1.5846365870e-05 -2.7780058316e-05 -6.2148568483e-06  4.2730704116e-06  4.6546882914e-06  7.6520415640e-06 -1.5062720773e-06 -2.4699453615e-05 -2.7055649022e-05 -8.1908912875e-06  1.4643477184e-05  2.4827026108e-05 -3.5908302440e-05  3.0013360066e-05 -2.1610324922e-05  7.1888009759e-06  9.8231419246e-06  1.1857497077e-05  7.1936426707e-06 -3.8193991287e-07  6.7566195794e-06 -1.3833702033e-05  3.3101545544e-05  2.1558984781e-05 -3.9140579150e-06 -2.1154887061e-05 -2.2440525948e-05  2.1586111624e-05 -2.1425824020e-05  3.3161350595e-06 -1.5039775940e-05  3.4423585087e-06 -9.6066188374e-06  6.6804931488e-06  6.8327720783e-06  1.3440171637e-05 -5.3130422105e-06  7.7712206624e-06 -2.3887109998e-06  6.7422118334e-06 -1.4277613245e-05 -7.4987390048e-06  2.9442708063e-06  4.7366843914e-07  6.6367841706e-06  9.0659851236e-07 -4.1988432974e-06 -1.4784047277e-06

JOB 12
COORDS  1.1700641008e+00 -1.8306688182e+00  2.9136836994e-01  6.6044701204e-01 -5.6057317725e-01  5.7080303651e-01  2.2513244798e+00 -2.3158980599e+00  1.0196486766e+00  1.2645688211e+00  2.0790136639e-01  1.5628234877e+00  4.7448112187e+00 -3.2686979069e+00  2.1684162289e+00  4.4316631670e+00 -1.8720499516e+00  4.0661485003e+00  5.7790646302e+00 -3.8958375925e+00  2.8617424632e+00  5.4775783589e+00 -2.5672620139e+00  4.6777435321e+00  2.8615057412e+00 -1.5941796962e+00  2.0709099109e+00  4.0504375368e+00 -2.1889644999e+00  2.7493840095e+00  2.3574683423e+00 -2.8946129011e-01  2.2807313907e+00  6.1620667870e+00 -3.5644841798e+00  4.1029314189e+00  3.0976188881e+00  8.7447672435e-01  3.3809556583e+00  7.2659011530e-01 -2.4444904363e+00 -4.8744901755e-01 -1.8668485068e-01 -1.6366847698e-01  1.8580616285e-02  2.5960209953e+00 -3.3215470996e+00  8.1015728675e-01  9.1152737481e-01  1.2120928093e+00  1.7734493378e+00  4.5387555582e+00 -3.5960794017e+00  1.1556496527e+00  3.9160008079e+00 -1.1153161681e+00  4.6392109744e+00  6.3254714269e+00 -4.7125548907e+00  2.3923198813e+00  5.7694424143e+00 -2.3092569044e+00  5.6946826743e+00
ENERGY -9.389787515594e+02
GRADIENT -2.7175502268e-05 -3.2658999446e-05 -1.8050204393e-05 -6.3713785639e-06  8.9440077824e-06 -1.5605821444e-05  4.7897769532e-03  3.6325983099e-03 -5.2180959626e-03  3.5351685830e-06 -3.9689931648e-05  1.2194716882e-05 -4.9153304198e-03 -5.2360766623e-03  3.8461130893e-03 -2.2534042688e-05  3.4340872086e-05  1.1884547710e-06 -5.0022565379e-05  1.6678526221e-04  1.6080331402e-04  7.9736680053e-06 -7.7350083836e-05 -1.4367314229e-04 -9.3137028744e-03 -7.7240211893e-03  9.3839023517e-03  9.3995687088e-03  9.3049484701e-03 -8.0951606077e-03  5.4537566018e-05  7.6627306820e-06  5.4848029441e-05  9.3491005277e-05 -7.2616816451e-05  4.9650410739e-05 -1.3836120588e-05  1.3331904872e-05 -3.5969310169e-07 -2.6601467689e-06  1.6286932247e-06 -7.8961543880e-06 -2.7868991429e-06 -3.3517384571e-06 -1.6434953585e-06 -1.7625121940e-05  1.0033736624e-05  2.3075346266e-06  5.9874372760e-07 -2.8914024804e-06  1.8528640446e-06  4.1552350716e-06  1.3191096256e-05 -5.5160880138e-06 -7.2114639096e-07 -1.0376727047e-05 -1.5516189608e-05  1.4484374946e-06  9.0210262542e-06  2.9393729773e-05  1.5698668764e-05 -2.6132111559e-05 -1.3863685233e-05

JOB 13
COORDS  1.0894780321e+00 -1.8820832957e+00  3.8569243448e-01  6.6697668051e-01 -5.6471640032e-01  5.8250338340e-01  2.1749318372e+00 -2.3732144379e+00  1.1065424663e+00  1.3491545789e+00  2.4694653259e-01  1.4882141346e+00  4.8284179462e+00 -3.1612871999e+00  2.1108174768e+00  4.3257734682e+00 -1.9563506629e+00  4.1070119769e+00  5.8627503637e+00 -3.7866900472e+00  2.8080962876e+00  5.3788506527e+00 -2.6407473740e+00  4.7171991386e+00  2.8659131188e+00 -1.5946843565e+00  2.0586583891e+00  4.0368665280e+00 -2.1934229537e+00  2.7531003772e+00  2.4391348582e+00 -2.5814879692e-01  2.2029497484e+00  6.1509880431e+00 -3.5425800885e+00  4.0943427651e+00  3.2947028500e+00  8.9813540780e-01  3.2208751601e+00  5.7419786042e-01 -2.5261127183e+00 -3.2125468878e-01 -1.7973629628e-01 -1.6454999591e-01  3.1868176671e-02  2.4712727034e+00 -3.4086022884e+00  9.7227783105e-01  1.0556055711e+00  1.2816055529e+00  1.6329332171e+00  4.6793042656e+00 -3.3986345940e+00  1.0620740032e+00  3.7321414925e+00 -1.2692153338e+00  4.6968538175e+00  6.4894480278e+00 -4.5221792792e+00  2.3056521930e+00  5.6056300011e+00 -2.4580074108e+00  5.7665408786e+00
ENERGY -9.389828851305e+02
GRADIENT -8.5041961810e-05 -7.7215392393e-05 -8.4808536220e-05  7.6621748218e-05 -3.9477689460e-05  4.3358332042e-05  3.1119271445e-03  1.7577055131e-03 -3.6801579918e-03 -1.4919286121e-05 -9.6359825556e-05 -2.3001034307e-05 -3.1258065239e-03 -3.6688128499e-03  2.1249622132e-03  8.3412088137e-05 -1.1429166285e-04 -2.3053215785e-04  2.6483664045e-04 -3.6041502515e-04 -4.2965445061e-04 -3.5830512993e-05  2.5823555012e-04  5.8694451292e-04 -6.1123514481e-03 -4.2971394339e-03  6.1750853742e-03  5.8914501653e-03  6.4066743749e-03 -4.5273794038e-03  1.2211497998e-04  1.2599016393e-04  1.1626018578e-04 -2.7539238243e-04  1.4769142983e-04 -1.9140663927e-04  8.0071829352e-05 -3.2236765467e-05  1.1727079693e-04  2.0498726471e-06 -1.5425887952e-05 -4.3131871337e-06  2.6780450286e-06 -1.9547796099e-05  2.4832355322e-07 -3.2381008698e-05 -1.5684437750e-05 -1.2715342077e-05  2.1485056379e-05 -1.8295296306e-05  1.3663970791e-05  4.2195846327e-05  9.4142824260e-07  4.7043383131e-05  2.2777004233e-05  3.0460143102e-05 -1.2858648180e-05  5.2621624820e-06 -3.5782418444e-05 -7.6341604110e-05 -2.0468852734e-05  4.8960803200e-05  5.5951935347e-05

JOB 14
COORDS  1.0104516385e+00 -1.9144803847e+00  4.8041400092e-01  6.7240116810e-01 -5.6348888960e-01  6.0007277419e-01  2.0981263201e+00 -2.4193385530e+00  1.1911179634e+00  1.4310861330e+00  2.7019199759e-01  1.4229236413e+00  4.9088480664e+00 -3.0693311283e+00  2.0827602106e+00  4.2271572807e+00 -2.0554767018e+00  4.1379791027e+00  5.9460949792e+00 -3.6813735423e+00  2.7901431747e+00  5.2919578737e+00 -2.7177719439e+00  4.7517459986e+00  2.8723328508e+00 -1.6092558326e+00  2.0438019353e+00  4.0207151570e+00 -2.2208780482e+00  2.7605707424e+00  2.5179034526e+00 -2.5013518385e-01  2.1305104655e+00  6.1505275110e+00 -3.5198605038e+00  4.1047402782e+00  3.4680591291e+00  8.8565581603e-01  3.0821889229e+00  4.2783331259e-01 -2.5726035636e+00 -1.5799592709e-01 -1.7294287013e-01 -1.5415069946e-01  5.3993246961e-02  2.3470284421e+00 -3.4740639651e+00  1.1166278973e+00  1.1948316482e+00  1.3257835084e+00  1.5111036645e+00  4.8132505057e+00 -3.2323121250e+00  1.0129805489e+00  3.5648142222e+00 -1.4351932292e+00  4.7318827790e+00  6.6482693810e+00 -4.3327638329e+00  2.2717257401e+00  5.4598219729e+00 -2.6004628700e+00  5.8212748252e+00
ENERGY -9.389848980059e+02
GRADIENT -8.9446843484e-05 -4.8123012248e-05 -7.5027556445e-05  8.6064893853e-05 -6.4516816675e-05  4.9122615686e-05  8.9410138153e-04  4.3575874323e-04 -1.1411403628e-03 -2.0746950152e-05  1.0589968151e-04  2.4501690668e-05 -9.3545950086e-04 -1.2145413707e-03  1.4608081249e-04  9.2112847795e-06  3.3578575733e-05 -1.3512719834e-05 -1.1722162142e-04  1.3717902550e-04  1.1209308513e-04 -2.2563881784e-06  7.8287005142e-06  3.1991277769e-05 -1.6475744166e-03 -1.1202014408e-03  1.8020374288e-03  1.7814642077e-03  1.8892083133e-03 -9.8677936212e-04  2.7757874466e-06 -8.9187970972e-05 -1.1336294410e-05  5.9072268915e-05 -4.6396978027e-05  2.4230501638e-05  4.9399390974e-06 -9.4590379164e-05  2.0466697747e-05 -4.5491085148e-06 -1.4187825281e-05 -1.2093115922e-05  1.1301836474e-05 -1.2280108731e-06  9.4331348734e-06 -2.7484142103e-05  6.9148159216e-06  1.3178778651e-05  3.3476594859e-06  1.2837526236e-05  2.2009867974e-06  3.8557669921e-06  6.9278241642e-06 -3.4915645162e-05 -6.6467207501e-06  3.0233242070e-05  4.3743053567e-06 -2.2086751680e-05  1.3652316764e-06  3.1305441189e-06  6.3374262901e-06 -1.3195663188e-05  5.3144725336e-07

JOB 15
COORDS  9.2167164498e-01 -1.9331398061e+00  5.8076288849e-01  6.7103136697e-01 -5.5842074980e-01  6.2063728563e-01  2.0131731917e+00 -2.4562770497e+00  1.2745323773e+00  1.5130932907e+00  2.8277382636e-01  1.3505676826e+00  4.9993706821e+00 -2.9692481363e+00  2.0606651764e+00  4.1336562611e+00 -2.1726059084e+00  4.1450120026e+00  6.0398794049e+00 -3.5626838826e+00  2.7810766158e+00  5.2105545229e+00 -2.8051352300e+00  4.7691056395e+00  2.8757769993e+00 -1.6344491875e+00  2.0209040920e+00  4.0127891756e+00 -2.2537939530e+00  2.7514175255e+00  2.5999883305e+00 -2.5682027689e-01  2.0431355163e+00  6.1579700468e+00 -3.4929476940e+00  4.1139063276e+00  3.6491788899e+00  8.5475770017e-01  2.9130222757e+00  2.6909427811e-01 -2.5943829808e+00  1.7668389222e-02 -1.7485384469e-01 -1.3625751056e-01  8.5181695775e-02  2.2060144135e+00 -3.5255267194e+00  1.2585622705e+00  1.3377644779e+00  1.3534428070e+00  1.3812998538e+00  4.9661049173e+00 -3.0534054936e+00  9.7792177893e-01  3.4008170893e+00 -1.6322549657e+00  4.7361874699e+00  6.8175936383e+00 -4.1181343407e+00  2.2587530136e+00  5.3163134515e+00 -2.7579579945e+00  5.8519003249e+00
ENERGY -9.389850278559e+02
GRADIENT -1.6803792656e-04 -1.7641551416e-04 -1.2969751944e-04  2.0922900597e-04 -1.0445035412e-04  1.1136251177e-04 -5.6405013398e-04  1.7017915853e-04  6.3608125682e-04 -1.1430538589e-05  2.2996599051e-04  3.5546490990e-05  4.7208433688e-04  6.9891661462e-04 -2.0580594731e-04 -3.6454099167e-05  1.6710304383e-04  1.7539288065e-04 -4.9740386972e-05  3.1146063938e-05  6.9375598075e-05 -2.2277253924e-05 -5.8975152106e-06 -1.9724257021e-04  1.2393924797e-03  3.4335423490e-04 -1.0560280615e-03 -9.1751240789e-04 -1.2459586725e-03  5.9358299701e-04 -1.4208015528e-04 -9.7336178012e-05 -8.9282407201e-06  7.3437574680e-05 -3.7615253480e-05  2.8372383337e-05 -6.5142158985e-05 -1.6736962869e-05 -6.0712429127e-05 -2.4172075575e-05 -1.5857250739e-05 -1.0924256845e-05  2.3482774638e-05 -1.1456365460e-05  1.3451483786e-05 -2.9381039692e-05  4.0344919651e-05  1.9747115969e-05  4.0415611742e-07  3.2708924452e-05 -9.9151284242e-06  1.9225747720e-05  5.0014591014e-06 -1.9256751548e-05  5.6272117807e-06  1.6828863178e-05  1.0731954526e-05 -8.2138648113e-06  2.9649649294e-06  1.2090210179e-06  9.5536622636e-07 -6.9602312951e-07 -2.0999603245e-05

JOB 16
COORDS  1.9523823169e+00  4.0142153288e-01  1.0378951917e+00  8.0941117364e-01 -2.9938680910e-01  6.4146952359e-01  2.9708687303e+00 -2.6465650983e-01  1.7220444067e+00  6.8932543391e-01 -1.6603578257e+00  9.3047559977e-01  4.1968302527e+00 -2.1100100109e+00  4.1105349569e+00  4.8745973814e+00 -3.1648771472e+00  2.0714626839e+00  5.2654313790e+00 -2.7585631190e+00  4.7370686131e+00  5.9123011433e+00 -3.7628722826e+00  2.7901431694e+00  2.8741698252e+00 -1.6322062126e+00  2.0255821489e+00  3.9909920099e+00 -2.3095628428e+00  2.7407349130e+00  1.7184122627e+00 -2.3135092491e+00  1.6136391327e+00  6.1189772956e+00 -3.5730574611e+00  4.1017299755e+00  1.5267524021e+00 -4.0232651233e+00  1.9725924862e+00  2.0522308465e+00  1.4595536437e+00  8.1301805995e-01  9.5719705386e-03  2.0759319488e-01  1.0874029068e-01  3.8652289418e+00  2.7145418528e-01  2.0281142768e+00 -1.9429222515e-01 -2.2163024346e+00  6.3345459816e-01  3.5337937501e+00 -1.4664315953e+00  4.6820163189e+00  4.7561805072e+00 -3.3634021640e+00  1.0101645812e+00  5.4407508095e+00 -2.6171395391e+00  5.8026534781e+00  6.6126193615e+00 -4.4275467150e+00  2.2863938757e+00
ENERGY -9.389843597444e+02
GRADIENT -4.0423760961e-06 -1.5172301162e-05  8.7456961026e-07  6.9333927893e-06 -3.1964454117e-06  2.6821207147e-06  4.9383559247e-04 -2.3536276361e-04 -9.5787230525e-04 -2.1799840783e-05 -1.3025916110e-05 -4.5009214222e-06 -6.8256365235e-04 -8.5916314967e-04  2.5657531020e-04 -1.1972578972e-05  8.8350662120e-06  1.1554687363e-05 -2.7391428095e-06 -1.2988491858e-05 -6.0583186514e-05 -1.5870117954e-05  2.6952411045e-05  5.7651451581e-05 -1.0387983054e-03 -4.9165527917e-05  1.5339036621e-03  1.2342137281e-03  1.1757459183e-03 -8.3726457152e-04 -5.1367014072e-06  1.3302851063e-05 -3.1261050488e-06  2.9113837197e-05 -2.4057520760e-05  1.0837011583e-05 -3.4631174841e-06  3.1489985182e-06 -1.0480280566e-06  2.2730316482e-06 -1.6376585960e-06 -1.7430534149e-06 -2.3187353260e-06 -2.7457177592e-06  1.4319516578e-07  3.3435071068e-06  1.0008437253e-07 -3.7653695985e-06 -4.8429346455e-06  2.7925933298e-07  5.4431461298e-07 -5.8878425481e-06  4.8781735948e-06 -5.8551151845e-06 -5.7744273909e-06 -1.3994836397e-06  1.8129484211e-07  6.1277226744e-06 -2.4510724412e-06 -5.4461324780e-06 -1.5252945490e-06  2.1184096669e-06  1.0504764271e-05

JOB 17
COORDS  2.0140676384e+00  3.5826470902e-01  8.9748410204e-01  8.0716983387e-01 -2.9909132724e-01  6.4044541263e-01  3.0351892421e+00 -3.0898271960e-01  1.5772020682e+00  6.2517130062e-01 -1.6178884504e+00  1.0624469513e+00  4.0899639418e+00 -2.2534996036e+00  4.1292680555e+00  4.9762549872e+00 -3.0237232254e+00  2.0430315488e+00  5.1626762178e+00 -2.8921240811e+00  4.7576902016e+00  6.0083049585e+00 -3.6271132726e+00  2.7672594815e+00  2.8765570167e+00 -1.6342438563e+00  2.0114557107e+00  3.9871288643e+00 -2.3158545351e+00  2.7350193040e+00  1.6565822219e+00 -2.2717655977e+00  1.7414946248e+00  6.1150870932e+00 -3.5707880537e+00  4.1023306496e+00  1.4005642779e+00 -3.9308541818e+00  2.2604824328e+00  2.1599699396e+00  1.3841384862e+00  5.7111546261e-01  5.1877232183e-03  2.0950723338e-01  1.1247586754e-01  3.9763928737e+00  1.9437529535e-01  1.7814635382e+00 -3.0634930201e-01 -2.1405603993e+00  8.6962917199e-01  3.3463360628e+00 -1.7217757065e+00  4.7161977029e+00  4.9418434695e+00 -3.1084095956e+00  9.6050754813e-01  5.2607118346e+00 -2.8552590025e+00  5.8417318078e+00  6.7875608062e+00 -4.1826288142e+00  2.2473592083e+00
ENERGY -9.389839947140e+02
GRADIENT  1.3170268471e-05  1.2157148678e-04 -3.7564823589e-05  6.8762477327e-05 -3.8892653473e-05  4.1486044759e-05 -1.9443157032e-05 -2.3080973103e-05  4.1472722717e-05  3.5224943200e-05  2.8637629429e-05  6.4189127356e-06 -3.4629216027e-05  8.2753396425e-05  5.3932609064e-05 -1.1897229986e-05 -1.8526192714e-06 -9.5904168924e-05  2.3786117725e-05 -3.3428928809e-05 -1.6498568117e-04 -7.3333192769e-05  5.6748249159e-05  1.3516714918e-04 -4.0580805441e-05  8.6201439890e-06 -7.6887080935e-05  2.8858031531e-05  4.9086596349e-06  3.8637955286e-05 -6.5890911125e-05 -1.1844507396e-04  8.0950859053e-06  6.2113969834e-05 -3.5681637269e-05  2.3693080944e-05 -3.2391858336e-05 -6.5683991512e-05  1.3433223317e-05  5.8152236950e-06  1.4263404235e-05 -3.5999011435e-06  1.2767212868e-05  8.2077412034e-06  3.6569422461e-06 -8.4478045357e-06  1.7128767884e-05 -8.3828407582e-06  1.1505800869e-05 -5.5192190158e-06  7.6251162010e-06 -1.2157691045e-05  1.0573711387e-05  1.0643781685e-06 -3.2776887680e-06  3.9660739110e-06 -1.3964951438e-05  6.9299275632e-06 -5.0775678589e-06 -2.1404328596e-05 -9.5888376620e-06  7.5437172134e-06  1.3123264056e-05

JOB 18
COORDS  2.0701078373e+00  2.9219135130e-01  7.6222453993e-01  8.0462795332e-01 -2.8986754988e-01  6.4169842439e-01  3.0846401237e+00 -3.8987979621e-01  1.4362942825e+00  5.5895121270e-01 -1.5486960917e+00  1.1941363890e+00  3.9805448229e+00 -2.4176851606e+00  4.1272741483e+00  5.0625633643e+00 -2.8774544956e+00  2.0424432522e+00  5.0647051871e+00 -3.0281851612e+00  4.7617314046e+00  6.0974961385e+00 -3.4695977959e+00  2.7727994620e+00  2.8641158538e+00 -1.6572707817e+00  1.9994423239e+00  3.9682487021e+00 -2.3394077747e+00  2.7292255726e+00  1.5840161587e+00 -2.2173095484e+00  1.8681972308e+00  6.1141284732e+00 -3.5511108081e+00  4.1101542722e+00  1.2432469674e+00 -3.8058909806e+00  2.5387478457e+00  2.2654360111e+00  1.2727989046e+00  3.3742576639e-01  6.7048472184e-03  2.3053394389e-01  1.1915044055e-01  4.0690092682e+00  5.8522128939e-02  1.5405443952e+00 -4.1699146542e-01 -2.0150556966e+00  1.1040381309e+00  3.1586967832e+00 -2.0142741815e+00  4.7116911680e+00  5.1051611021e+00 -2.8453715419e+00  9.5727415495e-01  5.0926976079e+00 -3.0976353932e+00  5.8481869788e+00  6.9543707742e+00 -3.8989347544e+00  2.2554505998e+00
ENERGY -9.389844271340e+02
GRADIENT  1.4043021991e-05  1.0719855243e-04 -4.5476927491e-05  8.4396379363e-05 -5.8318627890e-05  5.5491244790e-05 -4.1845221602e-04  5.0302750088e-04  1.0578385912e-03 -6.2106697258e-05 -2.4511131105e-05 -8.7272983197e-06  6.9080359723e-04  1.0664736304e-03  2.9590769925e-05  4.8711487626e-07  6.5482284046e-06  3.0953431039e-05  6.4674971694e-06 -3.2631684234e-06 -1.5996544683e-06 -1.6630462390e-05  9.7675801016e-06  3.5517418913e-05  8.4496580016e-04 -2.4535392614e-04 -1.5362183263e-03 -1.1731112997e-03 -1.3494195114e-03  3.6383858583e-04 -4.9661783025e-06  5.1648628389e-06 -2.8374481636e-06  1.6963342299e-05 -5.6196058959e-06 -4.3501490501e-06 -4.1397421420e-06 -8.9756106811e-06 -4.3323112717e-06  2.4142915807e-06  1.3243952532e-05 -1.7386277994e-06  7.9836940888e-06 -3.6336659944e-06  5.6780632659e-06 -1.0159879688e-05  8.0204020001e-06 -2.8516191190e-06 -3.8744576872e-06 -1.1691272642e-05 -9.0823155293e-08  1.1971314327e-06 -2.3869256316e-06 -1.0577395759e-05 -5.2508019960e-06  9.2131959521e-06  5.9445514610e-07  8.0707298090e-06 -6.6277535027e-06 -3.8092573518e-06  2.5571893657e-06  4.7709479384e-06  5.0579701930e-06

JOB 19
COORDS  2.1210685137e+00  2.1348430545e-01  6.3841137796e-01  8.1684028954e-01 -2.8965765711e-01  6.2860970227e-01  3.1214826435e+00 -4.7366387203e-01  1.3261254838e+00  5.2343036003e-01 -1.4765239214e+00  1.3028471781e+00  3.9178716549e+00 -2.5681909736e+00  4.1264686562e+00  5.1257114898e+00 -2.7298851705e+00  2.0668625323e+00  5.0166599372e+00 -3.1604432472e+00  4.7519135731e+00  6.1687180392e+00 -3.3190560307e+00  2.7868982825e+00  2.8539607355e+00 -1.6677260969e+00  2.0189283779e+00  3.9614389984e+00 -2.3437993723e+00  2.7438925334e+00  1.5350834632e+00 -2.1519658729e+00  1.9901708730e+00  6.1319409626e+00 -3.5373098455e+00  4.1084290864e+00  1.1148150374e+00 -3.6642792202e+00  2.7841678456e+00  2.3571181859e+00  1.1376598520e+00  1.1847165992e-01  2.7183743113e-02  2.3438841094e-01  9.7307215219e-02  4.1340306273e+00 -8.0088515319e-02  1.3492082956e+00 -4.8156254256e-01 -1.8862298314e+00  1.2936607870e+00  3.0474619522e+00 -2.2831066758e+00  4.7090684186e+00  5.2143316560e+00 -2.5886026322e+00  9.9322332347e-01  5.0009071581e+00 -3.3378599279e+00  5.8262248579e+00  7.0770698492e+00 -3.6319099817e+00  2.2738627526e+00
ENERGY -9.389850936209e+02
GRADIENT  2.2928180668e-05  1.0774393709e-04 -6.2836602062e-05  6.9502585146e-05 -4.7978934110e-05  5.1613901558e-05 -1.9304550405e-04  2.9089490314e-04  4.9353160401e-04 -4.7191172447e-06  6.8947780692e-06 -1.1806124111e-05  1.7064220745e-04  5.7209072951e-04  1.4478312141e-04  6.4152337789e-06  2.3917847431e-05 -1.2566320171e-04  3.0910753929e-06  3.7878301275e-06 -5.9616106268e-05 -4.7182402496e-05  1.4265426117e-05  3.0956064962e-05  3.3080151713e-04 -2.0609287135e-04 -6.5998237431e-04 -3.9090726703e-04 -7.2413811804e-04  1.4675646717e-04 -7.4815720459e-06 -3.3697473252e-05  1.2888147579e-05  2.2923430682e-05 -1.0589498082e-05  1.0029638079e-05  4.1940782465e-06 -2.3698826962e-05  1.0878580709e-05  4.5073529853e-06  1.3087378552e-05  2.4617233248e-07  1.2716554129e-05  2.1181455274e-06  1.6007749643e-06 -9.4908607997e-06  9.4185003961e-06 -2.2330726509e-06  6.7444216892e-06 -9.1671339759e-06  9.4115561996e-07 -1.4601283095e-05 -7.7412801354e-06  1.0429436104e-05  8.2806131169e-06  1.0912863929e-06 -1.4698702970e-05 -9.6957769306e-06 -5.8632368066e-06 -8.6978039286e-06 -6.1322061580e-06  6.3007159844e-06 -5.1549178797e-06

JOB 20
COORDS  2.1418359434e+00  1.3615589270e-01  5.2339071409e-01  8.1697725113e-01 -3.0396399964e-01  5.9187930973e-01  3.1292925658e+00 -5.3419002072e-01  1.2428054221e+00  4.9812523761e-01 -1.4158549055e+00  1.3722560813e+00  3.8780362581e+00 -2.6954943119e+00  4.1204475851e+00  5.1602619906e+00 -2.5832259822e+00  2.1066343115e+00  4.9842575193e+00 -3.2999281131e+00  4.7206942574e+00  6.2067930387e+00 -3.1976680287e+00  2.7976863441e+00  2.8376502515e+00 -1.6463315343e+00  2.0566692604e+00  3.9547701511e+00 -2.3140105808e+00  2.7730197848e+00  1.4980452643e+00 -2.0781727699e+00  2.0898171140e+00  6.1377500508e+00 -3.5576459800e+00  4.0867803760e+00  1.0140448509e+00 -3.5214346519e+00  2.9742694704e+00  2.4041452251e+00  9.9896673546e-01 -8.2285234882e-02  3.3928453235e-02  2.0702133975e-01  3.8608865047e-02  4.1545927046e+00 -1.7713982583e-01  1.2078416605e+00 -5.2144018884e-01 -1.7847767578e+00  1.4189665457e+00  2.9851131221e+00 -2.5075918249e+00  4.7060252646e+00  5.2781552654e+00 -2.3404563760e+00  1.0545152601e+00  4.9394204050e+00 -3.5916194821e+00  5.7688836774e+00  7.1435101489e+00 -3.4160188257e+00  2.2867567059e+00
ENERGY -9.389847019605e+02
GRADIENT -2.4031660108e-06  3.5396370215e-06  3.6514645069e-07 -1.0204798515e-04  6.6283476836e-05 -7.4775885147e-05  2.3709302263e-04 -1.2975447396e-03 -1.5999256212e-03  2.0459288299e-04  6.9260310028e-05 -1.1504502582e-05 -9.4400922590e-04 -1.9172714002e-03 -4.2996638444e-04 -1.2225002900e-04 -7.8514096110e-05  3.9254747327e-04 -4.8836780379e-05  1.2173000550e-04 -3.0313887869e-04  4.1712898303e-04 -1.0236077441e-04 -1.7083626573e-04 -8.6330542630e-04  8.9702531012e-04  2.0268756088e-03  1.2621380122e-03  2.3788208268e-03  1.2548489853e-04 -2.5562475826e-05 -1.3802058643e-04  7.8877141337e-05 -1.1944121107e-05  1.6904987333e-05 -4.2359323515e-05 -1.5392080887e-05 -3.4242225097e-05  2.7501026939e-05 -1.5444499498e-05  6.6156928018e-07 -3.8779220862e-06 -3.6982544277e-06  1.2536881970e-05 -1.3087815022e-05 -7.0990430425e-06  9.0269228710e-06  3.5444258321e-06  2.3052585702e-05  6.1249222733e-06 -7.2751942967e-07 -2.1202409977e-05  2.6288520009e-05 -1.0809101166e-05  1.6804002211e-05 -1.2886578932e-05  4.6177208955e-05  8.1377099210e-06  7.7618639925e-06 -2.5795384416e-05  3.7119607588e-05 -4.0744758285e-06 -2.1171852283e-05

JOB 21
COORDS  2.1546860966e+00  5.4353383660e-02  4.1529041007e-01  8.1607154353e-01 -3.2301119658e-01  5.5080576577e-01  3.1306985362e+00 -5.9056673381e-01  1.1693084360e+00  4.8072253228e-01 -1.3513561669e+00  1.4299528317e+00  3.8582153039e+00 -2.8119143420e+00  4.0987778769e+00  5.1909568760e+00 -2.4433236645e+00  2.1545484736e+00  4.9682812953e+00 -3.4391178093e+00  4.6686687287e+00  6.2377490412e+00 -3.0920285829e+00  2.8101265386e+00  2.8277066241e+00 -1.6116551158e+00  2.0959358977e+00  3.9558194932e+00 -2.2727969901e+00  2.8059455535e+00  1.4715741585e+00 -1.9926141784e+00  2.1804102585e+00  6.1484410613e+00 -3.5901884234e+00  4.0516112567e+00  9.2211437562e-01 -3.3553390834e+00  3.1535297297e+00  2.4372269475e+00  8.4892314803e-01 -2.6943756052e-01  3.7866392674e-02  1.6860200474e-01 -2.6206792411e-02  4.1620370078e+00 -2.6376267696e-01  1.0818664877e+00 -5.4900862246e-01 -1.6794795890e+00  1.5277229233e+00  2.9535707438e+00 -2.7132608634e+00  4.6845912995e+00  5.3362355527e+00 -2.1080844522e+00  1.1326705225e+00  4.8994744367e+00 -3.8439807866e+00  5.6772390424e+00  7.1933573099e+00 -3.2268156694e+00  2.3054046917e+00
ENERGY -9.389823336842e+02
GRADIENT  3.0890108766e-05  1.0354537968e-04 -7.5998719986e-05  2.4175677338e-05 -1.7943292745e-05  8.6587009541e-06  3.1523247694e-04 -3.8356662281e-03 -4.0974257067e-03  1.7157657345e-04  8.1545753422e-05 -2.5565888260e-05 -1.7873326745e-03 -5.2645586733e-03 -2.2920933628e-03 -5.5552263530e-05  1.1015789533e-04 -1.7851421148e-04 -1.4398379053e-04 -2.9918565010e-05  2.2219488719e-04  1.6339473959e-04  2.7613834078e-05 -1.5672278502e-04 -1.4019827286e-03  2.8350718912e-03  4.6031633160e-03  2.8475232893e-03  6.1580471211e-03  1.8627622459e-03 -8.0767706494e-05 -2.2987729646e-04  1.6446861025e-04 -1.0207762180e-04  6.5625134219e-05 -9.9402820523e-05 -1.2618158747e-05 -5.3631584470e-05  7.4004138510e-05 -3.3066512646e-08  5.2723538780e-06 -5.1694695663e-06  1.5687062065e-05  1.1489193576e-05 -4.8009592831e-06 -5.2615604917e-06  2.9218625884e-05 -1.1662066002e-05  3.2881982019e-05 -6.5601462487e-06  1.1047617951e-05  1.4994343855e-05 -5.5096201957e-06  2.9908908911e-05  3.1777590380e-05  1.4349878284e-06  1.1680020779e-06 -3.7838253059e-05  4.9266462072e-06  1.7866294737e-05  1.3322636855e-06  2.1011454640e-05 -5.1425053862e-05

JOB 22
COORDS  2.1597694344e+00 -4.5246887794e-02  3.1636871287e-01  8.1044526488e-01 -3.4003239175e-01  5.2427591080e-01  3.1275731110e+00 -6.6968845333e-01  1.0948462682e+00  4.6602378913e-01 -1.2687193786e+00  1.5022529093e+00  3.8559621635e+00 -2.9403853675e+00  4.0541882058e+00  5.2367226907e+00 -2.2992908875e+00  2.2285158715e+00  4.9746820086e+00 -3.5734170686e+00  4.6021193657e+00  6.2892321688e+00 -2.9641659257e+00  2.8551598559e+00  2.8251149850e+00 -1.5917291993e+00  2.1244798638e+00  3.9643573937e+00 -2.2475963855e+00  2.8352097031e+00  1.4511873183e+00 -1.8940089608e+00  2.2758620574e+00  6.1848221335e+00 -3.6010594812e+00  4.0304607716e+00  8.2511975584e-01 -3.1307831357e+00  3.3676596840e+00  2.4589185531e+00  6.7025201626e-01 -4.4426087699e-01  3.4690441656e-02  1.3643096420e-01 -6.8391528702e-02  4.1617130616e+00 -3.8636181164e-01  9.3941392848e-01 -5.7296378262e-01 -1.5359438997e+00  1.6647279969e+00  2.9368150420e+00 -2.9543776435e+00  4.6199471483e+00  5.4212427047e+00 -1.8631944867e+00  1.2540181536e+00  4.8821456309e+00 -4.0909657956e+00  5.5558175276e+00  7.2671039670e+00 -2.9959516249e+00  2.3768938373e+00
ENERGY -9.389780701541e+02
GRADIENT  7.9025355924e-05  1.1869027356e-04 -1.3521088810e-04 -3.2375667144e-05  1.5726930558e-05 -1.5896018344e-05 -2.1314777672e-04 -5.8091342555e-03 -5.0562098211e-03  2.3145545824e-04  4.0640573589e-05 -3.2108142826e-05 -1.4808091631e-03 -7.0064760737e-03 -4.1976004284e-03  6.3400309775e-05  2.3386932975e-04 -4.4590443889e-04 -9.6776046469e-06 -1.4428256818e-04  2.3108824147e-04 -3.2975422180e-04  2.8892294085e-06  1.2541876040e-04 -7.1456842401e-04  4.6690522715e-03  5.0351939172e-03  2.5295756241e-03  8.0985880138e-03  4.3065080577e-03 -5.1954550147e-05 -2.0641492243e-04  2.3581193953e-04  2.2253244060e-05 -9.0396736069e-06  9.8447492513e-06 -1.0439293215e-04 -3.7469335911e-05 -3.6536663455e-05 -2.2467082807e-05  1.1390208606e-05 -2.2717119470e-05  1.6894145158e-05  2.0482845183e-05 -9.2186446390e-06 -4.4297311049e-05 -3.6788101524e-06 -2.1749268638e-05  2.0945875456e-05  1.3746238761e-06  1.0737498614e-05  1.1086861156e-04 -1.7932606276e-05  2.9759041337e-05 -1.7890194163e-05  1.6103797837e-05 -3.3215960140e-05 -1.8414573510e-06 -9.6687647301e-06  1.7985974037e-05 -2.8810452806e-05  3.2670018312e-06  3.7131603799e-06

JOB 23
COORDS  2.1484005481e+00 -2.0018612449e-01  1.8811883039e-01  7.9939079968e-01 -3.1997950980e-01  5.2608289679e-01  3.1080427701e+00 -8.6529765715e-01  9.4087370557e-01  4.5230172680e-01 -1.1093973392e+00  1.6166773971e+00  3.8332774091e+00 -3.1754140985e+00  3.9037574724e+00  5.2851324006e+00 -2.1408585535e+00  2.3437635841e+00  4.9677368409e+00 -3.7362842393e+00  4.4974856684e+00  6.3509811133e+00 -2.7461600885e+00  3.0053200580e+00  2.8118352035e+00 -1.6816485956e+00  2.0604987132e+00  3.9552598409e+00 -2.3376737464e+00  2.7787102632e+00  1.4306650828e+00 -1.7746994285e+00  2.3668449460e+00  6.2221227513e+00 -3.5424484981e+00  4.0763646697e+00  7.4553371525e-01 -2.7130131239e+00  3.6983862548e+00  2.4564273306e+00  4.0787914331e-01 -6.5767588143e-01  2.8111908988e-02  1.8904724498e-01 -4.4802844790e-02  4.1378580587e+00 -7.3987864408e-01  6.3797373270e-01 -5.8789502497e-01 -1.2219064338e+00  1.9037208934e+00  2.8779400790e+00 -3.4107427353e+00  4.3404627179e+00  5.5321552511e+00 -1.5217207279e+00  1.4919857854e+00  4.8469069672e+00 -4.3810665273e+00  5.3668278518e+00  7.3667295331e+00 -2.5785099991e+00  2.6502116358e+00
ENERGY -9.389748014322e+02
GRADIENT  8.8934694613e-05  1.6845426140e-04 -2.2880245632e-04  1.7830811361e-04 -1.2502077443e-04  1.3789779148e-04 -2.2007846741e-04  8.5128377833e-06  5.5024129632e-05 -1.3945681962e-04  3.6551202902e-06  2.5672929516e-05  1.9911910554e-05  2.1761122039e-05 -1.3582410275e-05  1.5738429591e-05  2.0272762299e-05 -3.8515240477e-05  2.3230105716e-05  8.2624668196e-06 -6.9840967770e-06 -8.3393073066e-05 -2.7297328493e-05  4.8740438394e-05  7.0272042420e-05 -5.9901679495e-05 -3.1027648087e-05 -1.6522687365e-05 -7.3680260566e-06  4.0030713846e-05  2.2325349403e-05  2.1666247832e-05 -1.0263845911e-05  2.6003392228e-05 -1.5089648606e-05  1.6404155242e-05  3.6568646351e-05 -1.7244581938e-05  7.3844424810e-06  1.3661352916e-05  1.4433635594e-05 -2.7414444639e-05  2.7968311322e-05 -5.4527693485e-06  7.9448558067e-06 -3.2097665248e-05  9.8342796877e-06 -1.1372371441e-05 -9.3589904716e-06 -7.7892173811e-06  1.3326064998e-05 -3.0417106657e-05  3.2014350212e-06 -5.9247600929e-07 -1.6418725965e-06  1.3604410086e-06  7.1944073163e-07  6.3753821374e-06 -1.7795427714e-06 -2.9889540857e-06 -5.6757496990e-06 -5.7137273626e-06  8.0169643695e-06

