JOB 0
COORDS  2.3043660707e+00 -4.8848060577e-01  1.7782421045e-01  1.2421953234e+00  1.1125210869e-01  7.7860421911e-01  4.5466433330e+00 -3.5856752950e+00  6.2433879407e-02  4.6712389202e+00 -1.4961458575e+00 -1.1457259911e+00  1.3552823057e+00 -1.5960103894e+00  2.5467942572e+00  5.5661889894e+00 -4.0595134515e+00 -7.0775681170e-01  5.6983740755e+00 -2.0045517871e+00 -1.8814714559e+00  2.9525780766e+00 -1.6938765531e+00  6.5688048077e-01  4.0101573085e+00 -2.2525534616e+00 -1.0106011734e-01  6.6842465695e-01 -4.1777777481e-01  2.0119173647e+00  2.4124721851e+00 -2.1771087496e+00  1.9153510820e+00  6.1540069873e+00 -3.2817937147e+00 -1.6738211152e+00 -3.1318449611e-01  8.9825319202e-02  2.5828252524e+00  3.1866451924e+00 -3.4903605318e+00  2.8375444796e+00  2.6372837147e+00 -7.0540368329e-02 -7.6513580719e-01  7.7415612129e-01  9.9111414566e-01  3.4622989581e-01  4.1168423710e+00 -4.2687865558e+00  7.7653821156e-01  4.3999497429e+00 -4.6927893148e-01 -1.3458805820e+00  1.0075222046e+00 -1.9699168826e+00  3.5038842480e+00  5.9507334855e+00 -5.0678902241e+00 -6.0379167139e-01  6.2108695378e+00 -1.4283240778e+00 -2.6435305381e+00  6.9178748759e+00 -3.6464613543e+00 -2.2266186715e+00
ENERGY -1.014187517694e+03
GRADIENT  1.5519649669e-03  1.2936278121e-03  1.4643021822e-03 -5.0772393731e-05  1.5178706417e-04 -1.0139288967e-04  1.7413867190e-03  8.5419455704e-04  1.8608116303e-03 -5.8675575184e-05  1.3968193612e-04 -1.5475278487e-05  2.7875200812e-05 -8.1431063399e-06 -4.5680868226e-05  8.6056251316e-06 -3.2314857889e-05 -2.3329675068e-06 -1.0316636024e-05 -2.9899442332e-05  2.1899767216e-05 -1.3364321561e-03 -1.4445226431e-03 -9.4053384742e-04 -1.8480538758e-03 -9.3602378993e-04 -2.2895196055e-03  2.8224443469e-05 -2.1059125310e-05  2.0176874937e-05  1.7031212504e-05 -4.5856602678e-05 -1.3521495994e-05 -2.6642348658e-05  2.3453202598e-05  2.1533361871e-05 -4.7686874951e-06 -1.4830042968e-06 -3.0010553232e-05 -2.6230894199e-05  4.9065145222e-05  3.0802066885e-05 -1.4768756781e-05 -7.5760635476e-06  4.6992143560e-05 -1.4104082005e-05  2.0365183614e-05  1.1949380674e-05  1.7401344454e-05 -8.7757251347e-06 -2.5367945032e-05  1.0847584952e-05  7.9749958385e-06 -1.7008546338e-05  9.4674537928e-06  8.2970416917e-06  7.7111988876e-06 -5.8243413192e-06 -4.1029540526e-06  8.1216845664e-06 -8.7907540099e-06  2.5071378020e-06  4.4518235282e-06 -1.9983453043e-06 -3.1298461832e-06  6.4249342738e-06

JOB 1
COORDS  2.2686198997e+00 -5.2295970472e-01  1.3579844951e-01  1.1615220780e+00  2.0310734028e-02  7.1238065449e-01  4.4589670280e+00 -3.5942652295e+00  4.7520200435e-03  4.7784193770e+00 -1.4341045692e+00 -1.0460048398e+00  1.4215239734e+00 -1.5642796717e+00  2.5852244139e+00  5.4474744161e+00 -4.0955147916e+00 -7.8893428862e-01  5.7736274000e+00 -1.9719738624e+00 -1.8059884739e+00  3.0044506414e+00 -1.6374777733e+00  6.9004914167e-01  4.0575064260e+00 -2.2095198196e+00 -6.2745416491e-02  6.4524978945e-01 -4.7377994700e-01  1.9863627195e+00  2.5090176235e+00 -2.1018451802e+00  1.9671304746e+00  6.1156497565e+00 -3.2954251766e+00 -1.6835516325e+00 -3.6655566376e-01 -5.6203412911e-03  2.5394014376e+00  3.4207654958e+00 -3.3023891883e+00  2.9137690926e+00  2.5690661424e+00 -1.5274587740e-01 -8.3978112322e-01  6.0982255878e-01  8.2126933170e-01  2.2842318913e-01  3.9468524355e+00 -4.2830179669e+00  6.5968906653e-01  4.5824684783e+00 -3.7559157270e-01 -1.1599812840e+00  1.1138443363e+00 -1.9029332081e+00  3.5688763595e+00  5.7356666550e+00 -5.1405528938e+00 -7.7206245895e-01  6.3484620508e+00 -1.3901216260e+00 -2.5176111035e+00  6.8547471131e+00 -3.6824245778e+00 -2.2547449264e+00
ENERGY -1.014187983141e+03
GRADIENT -1.0343343401e-03 -1.0007511306e-03 -4.9637814511e-04 -4.5642786448e-05  9.4953891132e-05 -5.8100091258e-05 -1.0583906217e-03 -3.8377104299e-04 -1.1569754862e-03 -2.5684383898e-05  7.5799127037e-05  3.9376450906e-06 -8.8504395520e-07 -1.0882696520e-05  6.8931859955e-05  2.8344341808e-05 -6.7872402593e-05 -3.8419898380e-06  1.2173033150e-05 -5.6615981707e-07 -9.7619023401e-06  8.9212357011e-04  1.2525434002e-03  1.6966158867e-04  1.2919620038e-03 -8.1549074690e-06  1.5344380424e-03  2.7007378348e-05 -4.6765849948e-05 -3.4859254272e-05  3.3797034827e-05  5.2910306702e-05 -6.2724547992e-05 -5.3968134673e-05  3.4466551110e-05  5.2793970965e-05  2.2030348960e-05  1.7718962788e-05  5.1511991054e-06 -4.2009084396e-05  2.9004969049e-05 -1.1036676143e-05 -1.0333646066e-05 -2.2580346506e-05  1.7732468445e-05 -1.7525671160e-05  2.7165212379e-06 -6.0436677431e-06  8.9439874142e-06 -5.7648895354e-06 -9.6134053284e-06  7.8590482055e-06  1.0935382544e-05 -5.3360567160e-06 -1.1375883394e-05 -9.8934102404e-06  4.3920578092e-06 -5.4991297482e-06 -7.1297785440e-06  8.5102725615e-06 -4.6319157663e-06  5.3805105832e-06  2.7935305946e-06 -3.1117720358e-06 -2.2551341803e-06  6.8612680076e-06

JOB 2
COORDS  2.2604453163e+00 -5.4867285966e-01  1.1018010721e-01  1.1066423326e+00 -6.5678919774e-02  6.5198812299e-01  4.3881320722e+00 -3.5757059284e+00 -1.7492977630e-02  4.8914254852e+00 -1.3921137446e+00 -9.4478664668e-01  1.4704630138e+00 -1.5189392307e+00  2.6157648749e+00  5.3341003288e+00 -4.1136296792e+00 -8.3967260489e-01  5.8411149039e+00 -1.9672751728e+00 -1.7371398474e+00  3.0756300545e+00 -1.5566080552e+00  7.4272165280e-01  4.1235979134e+00 -2.1599680187e+00  3.0590769851e-03  6.2530533587e-01 -5.1777485493e-01  1.9552081115e+00  2.5936770004e+00 -2.0105518288e+00  2.0236466999e+00  6.0716870385e+00 -3.3189293457e+00 -1.6841479567e+00 -4.2020116734e-01 -9.1154315487e-02  2.4803187938e+00  3.5823835760e+00 -3.1360094359e+00  2.9840401152e+00  2.5489488384e+00 -2.1746019218e-01 -8.8432732246e-01  4.8992281418e-01  6.4978039654e-01  1.1546105555e-01  3.8098904845e+00 -4.2478551871e+00  6.0125788724e-01  4.7643668383e+00 -3.1732939667e-01 -1.0004867646e+00  1.1763187930e+00 -1.8335390266e+00  3.6115086949e+00  5.5250027466e+00 -5.1793949936e+00 -8.9545767693e-01  6.4610377159e+00 -1.3997852288e+00 -2.4219818397e+00  6.7753199738e+00 -3.7342679426e+00 -2.2800152026e+00
ENERGY -1.014185373763e+03
GRADIENT -4.5137534879e-03 -4.8628457087e-03 -2.0604680562e-03  5.1014729538e-05 -4.5281789535e-05  1.2002367779e-05 -4.3872958247e-03 -7.4257676925e-04 -5.8461427944e-03  7.9788146118e-05 -7.0901314488e-05 -4.8065886737e-05  5.8821705173e-05  3.7321449542e-05 -1.2607587298e-04  8.2822069337e-06 -1.8714250723e-05  9.1137950860e-06 -1.0479889276e-05 -1.2996865495e-06  3.2488476464e-05  4.1844961057e-03  6.7032331778e-03 -1.4924395434e-04  4.7119769330e-03 -1.1371198166e-03  8.0601634037e-03 -7.7738954106e-05  4.6484573629e-05  5.7049817537e-05 -1.0618174875e-04  1.0404807189e-04  4.1947940414e-05 -3.5972194744e-06 -1.1562445951e-05 -4.0268256594e-06 -3.1130493683e-05  9.2950022340e-06  2.2998128645e-06  2.8534329710e-05 -1.3564657739e-05  1.0558661113e-05 -4.9711770480e-06  1.4464809542e-06  4.7068339951e-06  7.1637863700e-08 -4.2309057067e-06  9.8712776550e-06  1.0311034796e-06  5.4945437230e-07  9.7168635367e-06  1.2330597359e-05 -2.2475234890e-06 -1.3397200324e-06  1.2379974487e-06  1.5570147429e-05 -1.3861916896e-05  1.0815448406e-06 -3.5179798876e-06  4.1260876417e-06 -3.2188569123e-06 -3.8691231444e-06 -2.6169872893e-07 -2.5270244695e-06 -5.9615190752e-06  3.0687786782e-06

JOB 3
COORDS  2.2536388883e+00 -5.8371861192e-01  8.9325548568e-02  1.0585675494e+00 -1.7025785778e-01  6.0351437735e-01  4.3189322415e+00 -3.5392987096e+00 -5.0722605011e-02  4.9995765743e+00 -1.3555914773e+00 -8.5379379897e-01  1.5174565244e+00 -1.4912829802e+00  2.6409782327e+00  5.2176879611e+00 -4.1084434218e+00 -9.0596277173e-01  5.8989546644e+00 -1.9614129077e+00 -1.6840248331e+00  3.1445770126e+00 -1.4722721642e+00  7.8780459627e-01  4.1877230213e+00 -2.1126839740e+00  6.0425292852e-02  6.0943006820e-01 -5.8288929631e-01  1.9307863072e+00  2.6749813264e+00 -1.9262623095e+00  2.0695519686e+00  6.0194255973e+00 -3.3274213189e+00 -1.7038131107e+00 -4.6666966024e-01 -2.0510368168e-01  2.4335079392e+00  3.7247629712e+00 -2.9906275539e+00  3.0341100174e+00  2.5288950251e+00 -2.8491492413e-01 -9.2003687435e-01  3.8487570270e-01  4.5400058077e-01  2.3393555185e-02  3.6813976198e+00 -4.1890174941e+00  5.3495109896e-01  4.9412164794e+00 -2.7282401815e-01 -8.5447326224e-01  1.2338832333e+00 -1.7926582406e+00  3.6439184207e+00  5.3120983450e+00 -5.1809019468e+00 -1.0336661731e+00  6.5579963622e+00 -1.4112273426e+00 -2.3460703619e+00  6.6849456546e+00 -3.7646849731e+00 -2.3275944115e+00
ENERGY -1.014179436658e+03
GRADIENT -7.1621672899e-03 -9.1830214910e-03 -2.6653397913e-03  6.4254596986e-05 -8.3946185290e-05  7.9719928029e-05 -7.1573581131e-03  3.7556884670e-04 -1.0385809631e-02 -9.7232250432e-05  5.0004670232e-04  6.1612082401e-05  2.7333236519e-07  1.0474119065e-05 -3.5045083878e-05  1.6543767667e-05 -1.3151660543e-04 -2.4513028039e-05 -3.3808730575e-04 -2.3104494879e-04  3.1510675156e-04  6.4084664006e-03  1.4262896400e-02 -2.0880609531e-03  7.9061878911e-03 -5.0943474335e-03  1.4934413956e-02 -6.8818199991e-05  2.6344567963e-05 -2.6607798817e-06  2.6784172092e-04 -2.0844947628e-04 -9.6395323985e-06  2.3054571293e-04 -1.4991578693e-04 -1.9714168093e-04 -5.2783183589e-05  1.8133148042e-05  4.2061443249e-05  8.2053956537e-07 -6.2629518413e-06 -6.1062720778e-05  4.0759571864e-06 -5.3493177298e-06 -2.7161124199e-06 -1.1941124475e-06 -2.1854215777e-05  8.5896257424e-06  1.7317713093e-05  2.4220230334e-05  6.3357624993e-06 -3.9921520542e-05  8.4734398058e-06  3.6518179452e-05 -2.2922067824e-06  3.4109072040e-06 -4.2809388061e-06  2.2500076037e-05 -8.5950299584e-06 -2.2153249398e-05 -1.5050283662e-05 -4.0800141673e-05  1.4006069711e-05  2.6935969762e-06 -5.4833246446e-05  4.3046601902e-06

JOB 4
COORDS  2.2359695836e+00 -6.3793714540e-01  5.9960109227e-02  1.0126917453e+00 -2.8251962560e-01  5.5624101153e-01  4.2390437604e+00 -3.5004261927e+00 -9.0428670942e-02  5.1092525505e+00 -1.3435960031e+00 -7.6233968884e-01  1.5654927253e+00 -1.4423452257e+00  2.6653291326e+00  5.1015841090e+00 -4.0973910945e+00 -9.6608817468e-01  5.9696360531e+00 -1.9742293365e+00 -1.6186609589e+00  3.1969247202e+00 -1.3940960416e+00  8.1422703360e-01  4.2365351121e+00 -2.0808304979e+00  1.0588475105e-01  5.9946159063e-01 -6.3548851642e-01  1.9111066538e+00  2.7470309604e+00 -1.8297972266e+00  2.1064469881e+00  5.9769300224e+00 -3.3410660420e+00 -1.7078037773e+00 -4.9811254265e-01 -2.9840523339e-01  2.3991382635e+00  3.8523083815e+00 -2.8293680917e+00  3.0796931337e+00  2.4902553620e+00 -3.8328369487e-01 -9.6760762177e-01  2.9202179769e-01  2.4566490293e-01 -6.1691142446e-02  3.5372502019e+00 -4.1202448785e+00  4.5481851378e-01  5.1244969968e+00 -2.6039116329e-01 -7.0982521642e-01  1.3002846226e+00 -1.7185087899e+00  3.6805235517e+00  5.1034343393e+00 -5.1639267371e+00 -1.1604957975e+00  6.6770599542e+00 -1.4463309921e+00 -2.2481736647e+00  6.6123832533e+00 -3.7978620955e+00 -2.3493033846e+00
ENERGY -1.014170518128e+03
GRADIENT -9.2963195530e-03 -1.3294700712e-02 -1.4242646224e-03 -5.3798188344e-06  2.8728077733e-05 -1.3411232459e-05 -8.8862130076e-03  1.9907284554e-03 -1.4440469495e-02 -9.1623594346e-05  2.6584112717e-04  1.1670053510e-04 -1.3916576022e-05  2.2859888051e-05 -3.4801435893e-05  5.3158025269e-06  3.8164759820e-06 -1.1378593550e-05 -3.5989453043e-06  1.0276624429e-06 -1.1301093111e-05  8.8777041869e-03  2.1086022072e-02 -6.0622406529e-03  9.1066907101e-03 -9.7789188022e-03  2.1794537486e-02  1.5641894090e-06 -2.1269548901e-05  8.3964842904e-06  3.2409738533e-04 -2.7327137376e-04  7.0814969601e-05 -2.7349380772e-07  8.1051256852e-06  1.7365822979e-05 -1.0243730557e-05  8.2359573932e-06 -7.1202068639e-07  6.1748200776e-06 -1.1221465030e-05 -1.1403087322e-06 -5.2421360449e-06  5.9347361157e-06  3.8841115595e-06 -5.2014224826e-06 -3.7682643058e-06  1.0326089384e-06  5.8795489054e-06 -6.2049125049e-06 -3.9652836921e-07 -7.6375052075e-06  4.4790669430e-06  1.0167492778e-06  7.3880009207e-06 -7.0607509869e-06 -4.0258527951e-06 -2.5330491192e-06  2.2867252568e-06  6.9133393832e-06  1.0257231494e-06  6.8146622549e-06  4.1214482494e-06  1.3830300400e-06  4.6151636672e-06  2.5738493894e-07

JOB 5
COORDS  2.1897827081e+00 -7.0558883174e-01  2.2371814942e-02  9.5341639111e-01 -4.0033668299e-01  5.2637856915e-01  4.1485373904e+00 -3.4491925403e+00 -1.6882698963e-01  5.2204512017e+00 -1.3438363553e+00 -6.7041115036e-01  1.6213349802e+00 -1.3772147767e+00  2.6893085979e+00  4.9944452296e+00 -4.0711306224e+00 -1.0470744388e+00  6.0627052855e+00 -1.9956829129e+00 -1.5338850837e+00  3.2208987349e+00 -1.3218302969e+00  8.0620034986e-01  4.2614935707e+00 -2.0547325995e+00  1.1772724546e-01  5.9206948007e-01 -6.8067464940e-01  1.9113179436e+00  2.8132068303e+00 -1.7221445746e+00  2.1200032910e+00  5.9588533203e+00 -3.3481870499e+00 -1.7046472736e+00 -5.1550441043e-01 -3.7914726643e-01  2.4042759953e+00  3.9872918667e+00 -2.6446577909e+00  3.0924752189e+00  2.4051885664e+00 -5.0367747911e-01 -1.0262305431e+00  1.8651254006e-01  3.1571202538e-02 -1.1051062059e-01  3.3721915505e+00 -4.0320504617e+00  3.1427775462e-01  5.3136718317e+00 -2.6957001352e-01 -5.5446130990e-01  1.3941537642e+00 -1.6157771559e+00  3.7231586812e+00  4.9124655786e+00 -5.1191371641e+00 -1.3119995483e+00  6.8355458251e+00 -1.4953962836e+00 -2.1064839987e+00  6.5800822205e+00 -3.8192598808e+00 -2.3506801074e+00
ENERGY -1.014159354933e+03
GRADIENT -1.0203959468e-02 -1.5824303878e-02  7.7358308486e-04  8.2111700212e-05 -6.5224221363e-05  1.2993966587e-04 -8.4732739540e-03  4.4759966177e-03 -1.7319812612e-02 -2.9603223029e-05  4.7621789062e-04  1.3180739482e-04 -3.1195715413e-05 -7.2444872196e-05  1.9492369490e-04  1.2338662572e-05 -2.0939991950e-04 -8.8979232590e-05 -2.7623442414e-04 -1.4761806350e-04  1.8307191975e-04  1.0314044274e-02  2.6079341700e-02 -1.0732422471e-02  8.3596782296e-03 -1.4465853270e-02  2.6964767744e-02 -2.4850042383e-05  8.0913204531e-06 -9.7515027190e-05  2.2857101242e-04 -1.5483298715e-04 -4.9322685516e-05  8.2974853134e-05 -7.0810509590e-05 -7.2273929749e-05  1.4094892325e-05 -1.0692589263e-05  5.2089160758e-05 -4.2701605224e-05  2.9396151141e-05 -9.2679307313e-05  1.1292722063e-05  1.9581848782e-05 -9.0051437655e-06  1.4561834774e-05 -2.1707237727e-05  1.1397140068e-06  2.3181175233e-05  1.8844586100e-06 -6.8559776968e-06 -3.1151821165e-05  1.4253067457e-05  3.0075754382e-05 -1.3292150711e-05 -1.8402552766e-05  2.3674592795e-05  3.9685802873e-08 -1.6373920779e-05 -1.7114535716e-05 -1.8882669307e-05 -1.4182236793e-05  1.0584081468e-05 -1.4101475256e-05 -4.2463276320e-05 -4.5307236567e-06

JOB 6
COORDS  1.5962321039e+00 -1.4213842654e+00 -3.8347329898e-02  6.3896551623e-01 -6.6917994599e-01  5.8378583856e-01  3.9066008939e+00 -3.5095892152e+00 -9.2454801302e-01  5.1760337724e+00 -1.6111683788e+00 -1.2445808586e-01  1.9924669931e+00 -7.3594053530e-01  2.6454133657e+00  5.0248742883e+00 -3.9679348948e+00 -1.5667219717e+00  6.2710660833e+00 -2.0896667643e+00 -7.8882039385e-01  2.7916923033e+00 -1.8840851458e+00  6.1353005751e-01  3.9058206013e+00 -2.2721640151e+00 -2.0666407648e-01  7.6232833800e-01 -2.8391992849e-01  1.9845211782e+00  2.9528566777e+00 -1.4263996516e+00  1.9664255262e+00  6.1949160631e+00 -3.2541755543e+00 -1.5079059538e+00 -1.0060523149e-01  3.8136579337e-01  2.5924986979e+00  4.3938835329e+00 -1.9495539135e+00  2.8778206914e+00  1.4835420996e+00 -1.6590274853e+00 -1.0956025468e+00 -2.3122517076e-01 -3.1061166929e-01  4.1378254667e-02  3.0056751094e+00 -4.1135563194e+00 -9.4795164903e-01  5.2686049223e+00 -6.8843384475e-01  4.3483138207e-01  2.1011550858e+00 -5.0831458307e-01  3.7007459132e+00  5.0639283552e+00 -4.9160644479e+00 -2.0906978603e+00  7.2310015911e+00 -1.5857121551e+00 -7.9033547523e-01  7.0210806948e+00 -3.6092574807e+00 -1.9722530826e+00
ENERGY -1.014169177143e+03
GRADIENT  5.3681260954e-03  1.4828466703e-02  5.0190061081e-04  7.7404677776e-05 -1.5429318122e-05  6.8556438485e-05  7.0359849183e-03 -7.4607815388e-03  1.2822511313e-02  1.6353774281e-05 -2.4535196295e-04 -1.3278330409e-04 -4.9221448837e-05 -6.7330019911e-06 -9.8799849893e-05  9.0768304896e-07  1.0466238513e-04  4.1348800815e-05  3.8465557315e-05  1.7977298902e-05 -3.3379164269e-05 -4.3090762553e-03 -2.5531277409e-02  5.8933611940e-03 -8.1873943186e-03  1.8298719625e-02 -1.9086325027e-02 -1.8574212326e-05  1.7201472943e-05  4.0720825515e-05 -1.1148965423e-04  7.9839052366e-06  5.0283695161e-05  6.6142732257e-05 -2.1457989592e-05 -1.1050756511e-05 -1.2756991335e-05  1.4366690297e-05  4.7431018624e-06  8.7182806785e-05 -2.3943347408e-06 -1.4366689730e-05 -9.0674333103e-07  2.2064014205e-06 -2.7570879043e-05  8.2578362306e-06 -1.1480232522e-05 -1.1327522075e-06 -6.1815870073e-06  1.1147230201e-05  1.2526343243e-05 -2.6328024573e-06  8.1620897873e-06  1.3352234752e-05  5.4214799077e-06 -9.5680316068e-06 -1.1534339396e-05  1.0898939175e-05  5.0868578755e-06  7.9768172660e-06  9.8697024014e-06 -7.5398267875e-06 -7.4260581240e-06  1.3075617444e-05  1.0360773492e-05 -1.9283813812e-06

JOB 7
COORDS  1.6225074459e+00 -1.5013303157e+00 -1.6058945003e-02  6.1315407725e-01 -7.9175885023e-01  5.6755626044e-01  3.8607401026e+00 -3.4165838333e+00 -9.7559948037e-01  5.2768911462e+00 -1.6836002056e+00 -4.3150436690e-02  1.9671468844e+00 -6.5448823560e-01  2.6290228913e+00  4.9362948158e+00 -3.9065706144e+00 -1.6602194936e+00  6.3250167421e+00 -2.1931180790e+00 -7.5498664743e-01  2.8574543144e+00 -1.8264651684e+00  6.5129422906e-01  3.9590092293e+00 -2.2457776676e+00 -1.5003874546e-01  7.1112458938e-01 -3.2127255909e-01  1.9456277218e+00  2.9746164465e+00 -1.3136173006e+00  1.9909727031e+00  6.1605282578e+00 -3.2935831591e+00 -1.5583711724e+00 -1.9543646457e-01  3.1508691388e-01  2.5171543179e+00  4.4186245527e+00 -1.7235515768e+00  2.9503390440e+00  1.5276815629e+00 -1.7998653774e+00 -1.0589670674e+00 -2.8317915477e-01 -5.2917042762e-01  1.2901028337e-02  2.9167682721e+00 -3.9465781737e+00 -1.0425309939e+00  5.4462993150e+00 -8.0747016299e-01  5.6885228370e-01  2.0524558525e+00 -3.7010432472e-01  3.6726177109e+00  4.8964433691e+00 -4.8066731266e+00 -2.2630622342e+00  7.3184591872e+00 -1.7594876218e+00 -7.3355110006e-01  6.9543366476e+00 -3.6723084704e+00 -2.0581576289e+00
ENERGY -1.014178175232e+03
GRADIENT  3.6783748347e-03  1.2043964099e-02 -8.9132738971e-04 -8.1495104173e-05  2.6039993531e-05 -4.0222371545e-05  4.6841588472e-03 -7.2156447867e-03  9.7807874485e-03  9.1229006834e-05 -9.2145843614e-05 -6.8082821448e-05 -2.1087061989e-05  9.2321073804e-06  7.1366463223e-06 -3.5870319245e-06 -5.9296424752e-05 -6.3908416923e-05 -1.3049519974e-04 -2.2649606537e-05 -4.1137592042e-06 -2.8706409025e-03 -2.1371660548e-02  6.4980289641e-03 -5.2631037129e-03  1.6747402043e-02 -1.5152066231e-02  5.7321434189e-05 -3.9063304999e-05 -6.7242968519e-06 -2.2664998417e-04  2.9959434497e-05  2.4720541840e-05  2.6380336677e-05 -3.2753165427e-05 -1.6368606669e-06  2.8491723697e-05 -1.7553808193e-05 -3.6463556900e-05  3.6317918836e-05 -1.3601081387e-05 -1.7008286771e-05 -4.8245608867e-06  1.2849645546e-05 -5.8220870270e-06 -1.0677471060e-05 -6.1213159197e-06 -1.3144727607e-05  9.9177430991e-06  2.7033992341e-06 -3.2785886091e-06 -1.0160731426e-05  9.8322516718e-06  2.6319949746e-05 -1.3326030902e-06 -1.8149343609e-05  4.1577161231e-06  5.8539693564e-06 -1.9364927141e-06 -1.0844945075e-05 -7.2900988770e-06 -9.8112754144e-06  4.1159925860e-06 -8.0154777607e-06 -1.3032235443e-05 -2.9859676912e-06

JOB 8
COORDS  1.6431802852e+00 -1.5637912837e+00  1.5489598176e-02  5.9315035055e-01 -9.0320926800e-01  5.8007524415e-01  3.8322974157e+00 -3.3181691406e+00 -1.0228941138e+00  5.3587224054e+00 -1.7507536718e+00  2.4962633783e-02  1.9570095359e+00 -5.7064562222e-01  2.6126314750e+00  4.8755059836e+00 -3.8325154683e+00 -1.7354027815e+00  6.3711997599e+00 -2.2820108931e+00 -7.1946724471e-01  2.9143815515e+00 -1.7534842304e+00  6.7220714006e-01  4.0050790085e+00 -2.2233653601e+00 -1.0275256297e-01  6.7534274133e-01 -3.5421710294e-01  1.9309226497e+00  2.9999437944e+00 -1.1953591001e+00  1.9989172692e+00  6.1400375559e+00 -3.3167248314e+00 -1.5923058170e+00 -2.6541963598e-01  2.4892433691e-01  2.4805246436e+00  4.4507045007e+00 -1.4901067467e+00  2.9878413312e+00  1.5530602356e+00 -1.9120060377e+00 -1.0111959789e+00 -3.2910916245e-01 -7.3773929259e-01  3.0456660524e-02  2.8587561534e+00 -3.7817502910e+00 -1.1332849446e+00  5.5888770035e+00 -9.2205214970e-01  6.7990368614e-01  2.0303353543e+00 -2.3546826541e-01  3.6418909901e+00  4.7734235704e+00 -4.6784212121e+00 -2.4057186324e+00  7.3893859500e+00 -1.9123867488e+00 -6.7354482014e-01  6.9077869366e+00 -3.7119783195e+00 -2.1186878946e+00
ENERGY -1.014184631220e+03
GRADIENT  1.9072529386e-03  7.3264433874e-03 -1.7649312954e-03  9.2040201733e-05 -5.3748815198e-06  7.8424729484e-05  2.1797160624e-03 -5.1233738306e-03  5.7548252159e-03  4.0529155419e-05 -1.4510689794e-04 -1.0479472876e-04  7.1834895798e-06  3.6863062979e-05  7.3128201878e-05 -1.9562113070e-05 -6.7100017418e-05 -5.5957193609e-05 -3.9838278578e-05  5.2742793323e-06  4.4585988481e-06 -1.5805104364e-03 -1.3539223738e-02  5.4795217210e-03 -2.4136454154e-03  1.1495830991e-02 -9.4310847724e-03 -1.2443939375e-05 -1.3418002046e-05 -1.6308947031e-05 -2.5395788024e-04  6.4727130363e-05  4.5253690836e-05 -1.1832731535e-06  4.4882559542e-06  1.1866050078e-05  5.0759189096e-05 -1.2855891776e-05 -2.2670946333e-05  3.9913187004e-05 -1.1560952253e-05 -1.9867240515e-05 -6.5924453572e-06 -3.8911576753e-07 -4.0994045351e-05  1.1168695037e-05 -2.5439892081e-05 -1.4228215512e-05  1.8094069256e-05  7.6891810148e-06  1.1398687056e-06 -1.1845665122e-05  5.4670558563e-06  3.1312945227e-05 -7.9227538602e-06 -1.9851467097e-05  1.2077895214e-05  9.1059904185e-06  1.2536595052e-06 -1.5309714835e-05  2.8334329849e-07 -9.0468943056e-07  5.8392296591e-06 -2.3231933570e-06 -6.3089199532e-06  5.7814801161e-06

JOB 9
COORDS  1.6476050569e+00 -1.6144921924e+00  5.1290390765e-02  5.7356505469e-01 -9.9558550610e-01  6.1432786063e-01  3.8113456578e+00 -3.2259084324e+00 -1.0858466184e+00  5.4128334419e+00 -1.8279644644e+00  7.7639600582e-02  1.9647035207e+00 -4.8295779180e-01  2.5863363629e+00  4.8326338464e+00 -3.7603810866e+00 -1.8130913310e+00  6.4014354573e+00 -2.3755451398e+00 -6.8511064494e-01  2.9534203200e+00 -1.6828192938e+00  6.6806391699e-01  4.0321189584e+00 -2.2159967820e+00 -7.7097622791e-02  6.5722227090e-01 -3.6985828916e-01  1.9315377862e+00  3.0267235055e+00 -1.0831124191e+00  1.9814786169e+00  6.1258597505e+00 -3.3418999297e+00 -1.6214736563e+00 -3.0234277065e-01  2.0765641565e-01  2.4744559465e+00  4.4868931218e+00 -1.2688281668e+00  2.9826563597e+00  1.5422404181e+00 -2.0101626191e+00 -9.5483426268e-01 -3.7394489559e-01 -9.2270130171e-01  8.8040320512e-02  2.8187649034e+00 -3.6261209334e+00 -1.2496901630e+00  5.6895006821e+00 -1.0489386870e+00  7.7226712874e-01  2.0418405672e+00 -9.8113321126e-02  3.5977083302e+00  4.6843150955e+00 -4.5454638662e+00 -2.5459187497e+00  7.4377958981e+00 -2.0670823842e+00 -6.0615091179e-01  6.8751786583e+00 -3.7470767460e+00 -2.1661848006e+00
ENERGY -1.014187794015e+03
GRADIENT  4.8250219506e-04  2.0115036373e-03 -1.0708759451e-03  2.1832573128e-04  5.7701446918e-06  1.3901228257e-04  4.9909643888e-04 -1.6381192011e-03  1.6891198677e-03 -1.4028588207e-05  2.8300203545e-05  4.9163591077e-05 -2.5959377306e-06 -5.3161161548e-06 -1.5618773561e-05 -2.1024752645e-05 -2.8927617534e-05 -3.5928895830e-05 -2.2881525183e-04 -4.3144830972e-05  1.0401693760e-06 -7.1334288871e-04 -3.9740090524e-03  2.2212246886e-03 -3.3763332417e-04  3.7064242152e-03 -2.8904256684e-03 -1.0091149675e-04  2.6467765855e-05  1.9882130294e-05  3.6709243619e-05 -2.1642827728e-05  1.3383907813e-05  1.5254506336e-04 -9.5410374011e-05 -8.1708441167e-05 -2.6888341408e-05  2.5146273380e-05  3.5342664826e-05  2.8137838221e-05  2.3588409677e-06 -2.2036588744e-05  5.9912399150e-06 -3.8743128304e-06 -3.5178725383e-05  2.8029869057e-05 -5.2866876134e-06  2.5987984373e-06  2.9222517740e-05  1.4670606056e-05  1.6508609674e-05 -3.4752799394e-05  4.7995641683e-06  3.0972638459e-05 -1.2812652423e-05 -1.1513793875e-06 -6.9478088884e-06  2.6111559502e-05 -5.5817088002e-06 -7.6842603165e-06 -9.7710421291e-06 -1.9262947171e-05 -8.3091916562e-06 -4.1478053958e-06 -6.5390281297e-06 -2.2136508123e-05

JOB 10
COORDS  1.6367323217e+00 -1.6887597766e+00  1.0084142436e-01  5.4462422168e-01 -1.1049482042e+00  6.6316756921e-01  3.8103412481e+00 -3.1307587089e+00 -1.1607830083e+00  5.4434814687e+00 -1.9204782303e+00  1.4731307115e-01  1.9617023675e+00 -3.9798226868e-01  2.5482009684e+00  4.8248480176e+00 -3.6765978892e+00 -1.8876311820e+00  6.4261058584e+00 -2.4764602044e+00 -6.1581326047e-01  2.9724319245e+00 -1.6392618724e+00  6.6045809301e-01  4.0440470789e+00 -2.2208960879e+00 -5.8475111562e-02  6.3241621530e-01 -3.8771454680e-01  1.9317482293e+00  3.0372432215e+00 -9.8375642632e-01  1.9535221219e+00  6.1337434559e+00 -3.3622403929e+00 -1.6232210200e+00 -3.3903058560e-01  1.7513814504e-01  2.4673117131e+00  4.5069125757e+00 -1.0354238927e+00  2.9587896144e+00  1.5065472971e+00 -2.1529112476e+00 -8.7029190797e-01 -4.2424787382e-01 -1.1349604354e+00  1.7273437968e-01  2.8097022710e+00 -3.4571254274e+00 -1.4078816157e+00  5.7485818495e+00 -1.2045608372e+00  8.9349337190e-01  2.0465368543e+00  4.8982279444e-02  3.5329780396e+00  4.6525062343e+00 -4.3848833752e+00 -2.6901635362e+00  7.4739807250e+00 -2.2337117864e+00 -4.7972072613e-01  6.8769366213e+00 -3.7724021730e+00 -2.1723308475e+00
ENERGY -1.014187743484e+03
GRADIENT -3.2897997410e-04 -1.9545666550e-03  8.4622765602e-04  7.7528246865e-05  6.1784487153e-06  4.1747992690e-05  2.1743416906e-05  1.7110749056e-03 -1.3661103520e-03 -2.7406260568e-05 -7.7033180610e-06 -1.0802399100e-05 -3.1395927724e-05 -1.6952409928e-05 -1.0633973086e-04  6.9553567186e-06  2.0688829084e-05  4.8657455241e-05 -7.6730936371e-05 -1.0879494626e-05  2.2017778629e-05  3.8012519111e-04  3.7769709420e-03 -2.1050220189e-03 -2.3506835154e-04 -3.4921264339e-03  2.6083375770e-03 -4.3809327151e-05  3.0140175560e-05  3.4791932665e-05  1.1874002056e-04  1.1592843084e-05  9.2608243320e-05  8.2113413210e-05 -2.4301310909e-05 -9.6399411260e-05 -1.7266992390e-05  1.1834137589e-05 -4.9308212830e-06  6.0003496704e-05 -1.9403364248e-05  7.6342273906e-06 -5.2779277809e-06 -1.0258260571e-05 -2.2184584368e-05  6.8973342725e-06 -1.2061082325e-05  5.2979060387e-06  5.2965657157e-06  7.2957354398e-06  1.9978898049e-05 -1.8178098917e-05  3.0994214142e-06  1.8769525931e-05 -7.2289731143e-06 -2.2369501884e-05 -7.1202750113e-06  1.4932161536e-05  6.6132426294e-06 -4.0779524443e-06 -1.7322643771e-06 -1.3980788787e-06 -1.4418740280e-05  8.0015951021e-06 -1.9426396721e-05  1.2562669240e-05

JOB 11
COORDS  1.6156118886e+00 -1.7610795397e+00  1.8355813958e-01  5.0351766236e-01 -1.2584375224e+00  7.8071715408e-01  3.7959222755e+00 -2.9390558050e+00 -1.2824724242e+00  5.4476045142e+00 -2.0994974918e+00  2.5831581576e-01  1.9512442953e+00 -2.7889535583e-01  2.5042399649e+00  4.7927154429e+00 -3.5149146039e+00 -2.0094084149e+00  6.4139907849e+00 -2.6916427659e+00 -4.9825221363e-01  2.9767148979e+00 -1.5867734778e+00  6.6088668404e-01  4.0397430019e+00 -2.1732731266e+00 -7.2514637756e-02  5.8948048160e-01 -4.6819463723e-01  2.0030146920e+00  3.0469256313e+00 -7.9614247312e-01  1.8820322407e+00  6.1056589160e+00 -3.4005871513e+00 -1.6310344930e+00 -4.0109027337e-01  1.1132333591e-02  2.5823658421e+00  4.5764277006e+00 -4.0783810564e-01  2.7129878504e+00  1.4566092499e+00 -2.3352426702e+00 -7.1952182402e-01 -4.8429992226e-01 -1.4315275249e+00  3.6305349099e-01  2.7971674384e+00 -3.0870843023e+00 -1.6640467821e+00  5.7817719685e+00 -1.5639364793e+00  1.1295995549e+00  2.0568693422e+00  3.0407566128e-01  3.4128870610e+00  4.5987334742e+00 -4.0844854676e+00 -2.9113040645e+00  7.4656043664e+00 -2.6302396703e+00 -2.4146578819e-01  6.8362462756e+00 -3.8334048561e+00 -2.1795711213e+00
ENERGY -1.014186226412e+03
GRADIENT  1.7546713244e-06  5.3532004420e-06 -9.0880352407e-06  9.9965146482e-06 -3.5156583611e-06  9.0039855221e-06  3.1694281351e-05 -2.9875208606e-06  1.4350783855e-05 -3.0099669532e-06  3.0410080901e-06  8.5341136372e-06  6.6576420084e-06 -9.1979825538e-06  1.8617858718e-05 -2.4025760095e-06 -1.6509705944e-05 -2.3358143610e-05  1.5073171478e-06  4.7699152233e-06  9.7227588514e-06  2.0484958882e-06 -1.0652667510e-05 -5.4015914344e-06 -1.3696347774e-05  7.5977797108e-06 -6.1276708838e-06 -6.1863446130e-06  7.1446664890e-06 -8.7178946244e-06 -8.2623896496e-06 -2.3573022323e-07 -1.7135423504e-06 -9.2533667001e-06  1.0277028970e-05  2.8778442192e-08  2.1069529467e-07  5.6565246896e-06 -2.3650522539e-07  5.1061335776e-06 -1.6928381278e-05 -3.2170532870e-05  7.4785489628e-07 -1.5283048523e-07  1.7476922412e-06  2.0718348034e-06 -2.6198635584e-06  1.2354690024e-06  6.7145092600e-06  3.1466118113e-07 -3.7990639697e-06 -2.0092224081e-06  1.0664587799e-05  1.3350524759e-05 -7.4482036740e-07  9.6791944392e-07  3.0124190873e-07  9.8593300931e-07 -6.6322210778e-07 -2.9886579019e-06  1.1382657806e-06  8.0160546608e-07 -9.6443503223e-07 -8.9134513546e-07 -5.3050400063e-06  2.9197561219e-06

JOB 12
COORDS  1.6110329677e+00 -1.8589444863e+00  2.2926282898e-01  5.0847844802e-01 -1.4177809352e+00  8.9221783308e-01  3.8299056415e+00 -2.7563840422e+00 -1.4041291528e+00  5.3997993626e+00 -2.2774024917e+00  3.7084952235e-01  1.9911193486e+00 -1.8612846869e-01  2.4242256719e+00  4.8344138814e+00 -3.3503969883e+00 -2.1066585583e+00  6.3707230455e+00 -2.8958025545e+00 -3.5846953227e-01  2.9753009687e+00 -1.5634050797e+00  6.1802647448e-01  4.0420621783e+00 -2.1444017057e+00 -1.0871052977e-01  6.1954390011e-01 -5.5755920202e-01  2.0665687491e+00  3.0740590073e+00 -6.5389203833e-01  1.7445082455e+00  6.1066367186e+00 -3.4225003867e+00 -1.5985409138e+00 -3.6359311924e-01 -1.4960083032e-01  2.7102646368e+00  4.6274670392e+00  6.6856275098e-02  2.2347891749e+00  1.4522991403e+00 -2.5413945616e+00 -5.9808650302e-01 -4.9004908640e-01 -1.7114691853e+00  5.8102445539e-01  2.8647539513e+00 -2.7083545195e+00 -1.8889396515e+00  5.6742356454e+00 -1.9234874377e+00  1.3515606250e+00  2.1089633994e+00  5.2174113709e-01  3.2377522392e+00  4.6843683625e+00 -3.7777402618e+00 -3.0916926349e+00  7.3832131374e+00 -3.0187798126e+00  9.2682652747e-03  6.8422324845e+00 -3.8690288083e+00 -2.1291974398e+00
ENERGY -1.014187743693e+03
GRADIENT  3.7699652186e-05  1.6830892836e-03 -1.3144953874e-03 -4.5417764540e-05 -1.4299316791e-05 -1.1254009814e-05 -3.9057070738e-04 -1.9100448918e-03  9.8466772349e-04  5.1744225771e-06  9.7294289521e-06  2.8952714297e-05  1.6274231935e-05  1.8977896847e-05  5.0428342960e-05  1.2235875464e-05  1.1761907499e-05 -1.0479521373e-05 -1.1195471377e-05  2.3052477415e-05  4.7731418100e-06 -2.7794033301e-04 -3.5233285151e-03  2.4899229397e-03  6.2801075816e-04  3.7417095660e-03 -2.1675124696e-03  1.8132939183e-05 -5.2968981127e-06 -2.5707343362e-05  2.1139513842e-05 -3.0282719242e-06 -9.5298273880e-06 -5.8572724143e-06 -3.9202949548e-05  2.2823095645e-06  1.4481607670e-05 -1.2793211986e-05 -4.9919449311e-06 -3.1407521389e-05  6.5588152797e-06 -1.3858149849e-07 -2.0247222743e-07  5.5446937439e-06  5.6919116037e-06 -6.1767700109e-06  5.2847085883e-06 -8.2282140067e-06  5.9923965978e-06  4.4071181490e-06 -2.9241011137e-06 -1.1678813700e-06 -4.3960274331e-07 -5.9965424064e-06 -1.3930978236e-06  1.3958654428e-05 -1.6946664795e-06  7.7626633555e-07 -4.0779326818e-06  2.3387333470e-06 -1.0042126556e-06 -4.0421519542e-06  1.7863089534e-06  4.8532338948e-06  1.5423976487e-05 -5.8522595879e-06

JOB 13
COORDS  1.6032653055e+00 -1.9291866581e+00  2.7580287190e-01  5.1349205613e-01 -1.5063506973e+00  9.7375249918e-01  3.8497423387e+00 -2.6488487722e+00 -1.4608721093e+00  5.3462861955e+00 -2.3717243866e+00  4.2483111684e-01  2.0071804051e+00 -1.1959613458e-01  2.3648210133e+00  4.8600282761e+00 -3.2492672524e+00 -2.1510202865e+00  6.3231084928e+00 -2.9944578164e+00 -2.9407558655e-01  2.9605316862e+00 -1.5331838342e+00  5.7845831737e-01  4.0247067761e+00 -2.1590420436e+00 -1.1335765635e-01  6.3911717836e-01 -5.7000410624e-01  2.0877438726e+00  3.0776039535e+00 -5.8628068057e-01  1.6647543605e+00  6.0943679774e+00 -3.4271519637e+00 -1.5774137390e+00 -3.3291098698e-01 -1.6642926748e-01  2.7519608157e+00  4.6394424417e+00  1.8673496903e-01  2.0284470550e+00  1.4555390053e+00 -2.6708290491e+00 -5.0394357047e-01 -4.8189904621e-01 -1.8746765639e+00  7.4214211932e-01  2.9116134901e+00 -2.4974052206e+00 -1.9797617180e+00  5.5775559495e+00 -2.0857363021e+00  1.4400366169e+00  2.1286422908e+00  6.3704665693e-01  3.1327360899e+00  4.7521030926e+00 -3.5869183689e+00 -3.1755794875e+00  7.3087942456e+00 -3.1942817298e+00  1.1083046575e-01  6.8364656723e+00 -3.8714604666e+00 -2.1010739683e+00
ENERGY -1.014187794039e+03
GRADIENT  6.5212712196e-05 -1.4946170253e-03  1.8580658925e-03 -1.6132552019e-04 -8.4493484125e-05 -5.5271825339e-05  8.9919587879e-04  2.0810522806e-03 -8.2086149197e-04  1.9597681055e-05 -1.1822129056e-04 -2.9143255064e-04  1.1122472175e-05  1.8291910185e-05  6.4804339790e-05 -2.5478969067e-05 -3.6889965547e-06 -8.9806156242e-05  1.8529963989e-04 -6.0060622451e-06  1.0248558919e-04  3.6405195739e-04  3.5262990026e-03 -3.0825761544e-03 -1.2310283579e-03 -3.9245793667e-03  2.3100327001e-03  6.8207991796e-05 -1.2219968631e-06 -4.8831838518e-05 -1.1677718394e-04 -2.5363763895e-05  1.9746121666e-05 -1.0316310498e-04  3.9489557114e-05  7.2794768779e-05  4.4611562042e-05 -4.2964561820e-05 -2.9923232861e-05 -1.6930004094e-05  2.7439414080e-05 -1.5942557859e-05 -1.7912341157e-05  3.2354040382e-05  2.4522183090e-05 -2.2879637065e-05  1.7176464530e-06 -1.3222042283e-05  2.8812458703e-05 -1.2079730244e-05  2.9646210256e-06 -8.3267549612e-06 -1.7126647071e-05 -2.5427382568e-05  6.9815298947e-06  2.1630262664e-05 -8.1096659823e-06 -4.6473924669e-06 -6.5696292014e-06 -3.0290470626e-06  1.8075686396e-05  5.5867813281e-08  6.2412113600e-06  3.4251629995e-06  1.5696153845e-05  1.1591022618e-05

JOB 14
COORDS  1.5902826939e+00 -1.9881926665e+00  3.1791728586e-01  5.2255405351e-01 -1.5807771616e+00  1.0607085678e+00  3.8822637579e+00 -2.5656754407e+00 -1.5167250272e+00  5.2779908659e+00 -2.4600799537e+00  4.6466065564e-01  2.0283950845e+00 -7.1157801469e-02  2.3076702572e+00  4.9085041913e+00 -3.1647683326e+00 -2.1863578428e+00  6.2728519816e+00 -3.0768923480e+00 -2.3626774602e-01  2.9360580014e+00 -1.5075191942e+00  5.2014621878e-01  3.9962884419e+00 -2.1877153141e+00 -1.3138820372e-01  6.6634570573e-01 -5.8449476112e-01  2.1188303332e+00  3.0788270932e+00 -5.3644181703e-01  1.5764070274e+00  6.0982906872e+00 -3.4265566343e+00 -1.5527513761e+00 -2.8690686806e-01 -1.8402472553e-01  2.8129693833e+00  4.6487724725e+00  2.6266033247e-01  1.8333533543e+00  1.4442604760e+00 -2.7684664919e+00 -4.2588213644e-01 -4.6487938566e-01 -2.0073375283e+00  9.0887937310e-01  2.9755524177e+00 -2.3385767552e+00 -2.0655566134e+00  5.4574650503e+00 -2.2270542423e+00  1.5049007258e+00  2.1597222583e+00  7.1968256683e-01  3.0387244620e+00  4.8558518154e+00 -3.4246537614e+00 -3.2375292969e+00  7.2297295237e+00 -3.3326043483e+00  2.0468105976e-01  6.8552252351e+00 -3.8626732285e+00 -2.0622584543e+00
ENERGY -1.014184631068e+03
GRADIENT  7.2019549065e-04 -4.5561559481e-03  6.2915889536e-03 -2.0521713487e-05 -5.8948001560e-06 -8.9784145198e-06  3.2427736198e-03  6.9380454721e-03 -2.2552587963e-03  7.2906181850e-05 -1.2765770212e-04 -2.7117485671e-04  5.8884191126e-05  7.3870284660e-05  6.4488592904e-05 -1.1659214440e-05  6.4815914612e-05  2.0674977236e-04  2.5343436256e-05 -4.5239458133e-06  3.5001891272e-05  8.9017433963e-04  1.0381855765e-02 -1.0363862913e-02 -4.7491427183e-03 -1.2686556610e-02  6.3766585479e-03 -6.8771021693e-06 -3.1064099913e-05 -1.7016363102e-05 -3.1226260950e-04  1.2656132285e-06  1.4753480957e-05  1.0355459774e-04 -5.7135400959e-05 -7.0366452018e-05  3.1761861889e-05 -1.2389390382e-05 -1.3031594867e-05 -5.3830749500e-05  4.0243234695e-05 -5.9290515500e-06  4.3609682390e-06  7.6647039621e-06  6.7424995706e-06 -5.3354506233e-06  3.3330848136e-06 -1.1153948033e-05 -9.6570755450e-06  1.1570378156e-06  5.6443696152e-06  2.1242567118e-06 -2.2693635799e-05 -2.2691094064e-05 -1.4115997095e-05  2.1845270650e-05 -2.9056370861e-06  1.2158856611e-05 -1.0283784870e-05  2.0244953343e-05  1.0145967342e-05 -1.5536532892e-06 -7.3424861946e-06  1.9894915287e-05  5.5709060545e-06  1.4845682247e-05

JOB 15
COORDS  1.5582908698e+00 -2.0394478617e+00  3.5798073677e-01  5.2762938482e-01 -1.6395496865e+00  1.1586249080e+00  3.9270234113e+00 -2.4878265242e+00 -1.5848874857e+00  5.1801219346e+00 -2.5355301109e+00  4.9213822428e-01  2.0534123241e+00 -2.5915999066e-02  2.2399094704e+00  4.9845863287e+00 -3.0762965423e+00 -2.2180740293e+00  6.2101926993e+00 -3.1369341886e+00 -1.7297725076e-01  2.8870292020e+00 -1.4886607494e+00  4.3932302057e-01  3.9492544758e+00 -2.2146926570e+00 -1.7550029790e-01  7.0030162854e-01 -5.9015618242e-01  2.1583252469e+00  3.0704923332e+00 -4.9393893423e-01  1.4631353094e+00  6.1166418364e+00 -3.4076427688e+00 -1.5152308112e+00 -2.2159150347e-01 -1.8781900928e-01  2.8944252814e+00  4.6462896481e+00  3.2446429546e-01  1.6021935739e+00  1.3990503607e+00 -2.8531715421e+00 -3.4780867422e-01 -4.4814733280e-01 -2.1128066002e+00  1.0966759876e+00  3.0628881179e+00 -2.1989591982e+00 -2.1732824930e+00  5.2881930334e+00 -2.3508819038e+00  1.5527430998e+00  2.2053966311e+00  7.9508285439e-01  2.9328464421e+00  5.0082581305e+00 -3.2631724470e+00 -3.2856469700e+00  7.1315149763e+00 -3.4367497951e+00  3.1356600098e-01  6.8995240811e+00 -3.8306489764e+00 -1.9963921635e+00
ENERGY -1.014178174505e+03
GRADIENT  1.8876861150e-03 -6.5205474830e-03  1.0392584300e-02  2.8405287097e-04  1.2849947405e-04  3.1315665799e-05  5.9462047359e-03  1.1159018449e-02 -2.3241892807e-03 -6.7208991432e-05  9.0380922507e-05  2.5893352435e-04  6.9533798974e-05  5.6483208782e-05  8.2408653279e-06 -4.9542262559e-06  9.7212423445e-06  1.1389886273e-05  6.6373580506e-05 -6.8949808027e-06  4.7339700604e-06 -1.3096938374e-04  1.5030403539e-02 -1.6786473821e-02 -7.9823075440e-03 -1.9931782458e-02  8.2800109907e-03 -1.7906102646e-04 -1.5447039844e-05  6.3435581148e-05  2.4262284773e-04 -6.2317123432e-05 -7.7583786333e-05 -3.8699566838e-05  1.9037186188e-05  3.8183851733e-05 -2.8068724057e-05  7.6190889287e-05  5.2961266302e-05 -1.1375676854e-04  1.4203121279e-05  1.0838728685e-05  1.9173879093e-05 -6.6099772290e-06 -1.4075000982e-05  3.7837479897e-05  1.2372441364e-05  2.8692161374e-05 -9.9386504806e-06 -5.3893819568e-06 -1.2645340941e-05  1.6782678354e-05 -2.0557071489e-05 -2.1063003522e-05 -1.7405402251e-05 -8.1805489632e-07  2.2177282512e-05 -1.0607604489e-05  9.7271402510e-06  1.8391246791e-07  2.9029502605e-06  1.1575033134e-05  5.7213096922e-06 -3.7882504314e-06 -6.7165471880e-06  7.0344452184e-06

JOB 16
COORDS  1.5124379261e+00 -2.0980494148e+00  4.1144787067e-01  5.3133828058e-01 -1.6933002370e+00  1.2734492314e+00  3.9792576475e+00 -2.4174310498e+00 -1.6571271366e+00  5.0572463790e+00 -2.6232496179e+00  5.0094758197e-01  2.0820361113e+00  4.6334367696e-03  2.1679924693e+00  5.0791516398e+00 -2.9834541363e+00 -2.2426620851e+00  6.1344341959e+00 -3.1978851870e+00 -1.1473784521e-01  2.8176002059e+00 -1.4971013977e+00  3.5514506244e-01  3.8863915608e+00 -2.2523622012e+00 -2.3932800307e-01  7.4266849168e-01 -5.9488286547e-01  2.2087997155e+00  3.0524870434e+00 -4.7587835606e-01  1.3388356803e+00  6.1429842569e+00 -3.3816550980e+00 -1.4731585462e+00 -1.3518082587e-01 -1.8236387705e-01  2.9937481689e+00  4.6332059003e+00  3.4935364352e-01  1.3517400636e+00  1.3270206449e+00 -2.9454724624e+00 -2.4757275006e-01 -4.2877290339e-01 -2.2003023024e+00  1.3070134150e+00  3.1695844201e+00 -2.0693860716e+00 -2.2897425712e+00  5.0802226200e+00 -2.4918060675e+00  1.5755810827e+00  2.2645049294e+00  8.5491841123e-01  2.8169190176e+00  5.1927104575e+00 -3.0924178402e+00 -3.3151601185e+00  7.0131327420e+00 -3.5377562327e+00  4.2178549682e-01  6.9585392760e+00 -3.7838362803e+00 -1.9174214500e+00
ENERGY -1.014169175883e+03
GRADIENT  3.5028075949e-03 -6.3679818922e-03  1.3891500429e-02  1.2226180958e-04  3.5738522754e-05 -1.5994090336e-05  8.6041790341e-03  1.3728930793e-02 -1.1656372813e-03 -1.4665150777e-04  5.6537967302e-05 -2.3494228009e-05 -1.1848402176e-05 -1.4704886799e-04 -1.1381162188e-04 -6.2566068367e-05  8.3491614223e-05  3.7223822844e-04  1.0913935918e-04 -1.2834771981e-05  2.1772969868e-05 -9.6167227728e-04  1.6398515818e-02 -2.1138085013e-02 -1.1564149391e-02 -2.3732807150e-02  8.1059052676e-03 -1.1459431712e-04  5.1321642372e-05  1.0768414304e-04  3.7116041647e-04 -8.9152370474e-06 -4.2339396065e-05  1.9542785929e-04 -1.1978334708e-04 -7.6266252636e-05 -6.9008599366e-05  4.0758247008e-05  6.0291559001e-05  2.0780587499e-05 -4.3478164965e-06 -6.4897505544e-06  5.9789466296e-06  1.6720568924e-05 -1.1005167570e-05  1.5522780997e-05  2.2627186043e-05  2.4406433993e-05 -2.5670946054e-05  1.9208397653e-05  2.2373558100e-05 -1.9758834937e-06  2.4062199382e-06 -2.4602708740e-05 -6.9043472950e-06 -2.2379327662e-05 -8.8277850650e-07  1.2499824826e-05  4.8837985521e-06  2.9908467220e-05  1.8549791275e-05 -1.3101112501e-05 -1.4594400754e-05  2.7203188819e-05 -1.4009394440e-05  2.5970041659e-05

JOB 17
COORDS  2.6778943558e+00 -3.4129329354e-01  4.7728366496e-01  1.9236735704e+00  3.0911108207e-01  1.4173849097e+00  4.8520834772e+00 -2.9223597838e+00  4.3937956313e-01  4.0458718029e+00 -2.1816472150e+00 -1.7134671407e+00  1.0034814196e+00 -1.8586127293e+00  2.1436892959e+00  6.0355387089e+00 -3.2826332011e+00 -1.4646720288e-01  5.2366080498e+00 -2.5639277808e+00 -2.2753687269e+00  2.6242069837e+00 -1.7612901521e+00  2.8155433796e-01  3.7629215172e+00 -2.4112735462e+00 -3.3007466705e-01  1.0004794091e+00 -4.0031584929e-01  2.2958042461e+00  1.8254791317e+00 -2.4667715662e+00  1.2392705938e+00  6.2123679978e+00 -3.1243298645e+00 -1.4988161429e+00  2.7561479710e-01  1.7413522762e-01  3.1355642763e+00  1.8444891275e+00 -4.2471731362e+00  1.1654588110e+00  3.3749767678e+00  2.2736725876e-01 -1.3712964717e-01  2.0210810646e+00  1.3816556460e+00  1.5603087275e+00  4.7455675873e+00 -3.0239895337e+00  1.5137034741e+00  3.2869080993e+00 -1.7319747835e+00 -2.3442961531e+00  3.3945199041e-01 -2.4309798808e+00  2.7830217487e+00  6.8921610065e+00 -3.6404195130e+00  4.1335674440e-01  5.4631158933e+00 -2.4531915085e+00 -3.3298315190e+00  7.0916816592e+00 -3.3961455094e+00 -1.9208265769e+00
ENERGY -1.014159354468e+03
GRADIENT  8.2409823190e-03 -2.3863678715e-03  1.6765568042e-02 -1.4916811582e-05 -5.0731073431e-04 -7.3128619024e-05  9.0993973413e-03  1.7550610426e-02 -1.3871699580e-03 -1.8970349477e-04  1.1920928773e-04 -7.3745661666e-05  2.1031500255e-04  1.2488180159e-04 -1.9190927863e-04  1.0172129013e-04 -3.1010692169e-05  5.6265389947e-05 -2.4923051572e-05  2.5689474020e-05  3.6223326975e-05 -7.0902117305e-03  1.3563484309e-02 -2.5785735945e-02 -1.0166174825e-02 -2.8118835830e-02  1.0326492548e-02 -1.8780299186e-04  1.9605258873e-04  2.3745379506e-04  7.9283232131e-05 -4.8974569191e-04  3.9714319500e-05 -2.9457721032e-05 -2.7929815838e-06  1.2973027100e-05 -8.2822502719e-05  3.2530224375e-05  8.6314615542e-05  8.6622140624e-06 -8.2782870728e-05  1.8767236955e-06  3.0091229368e-05  3.3765736562e-05 -4.7166414357e-05 -7.9802327117e-06 -6.7115612810e-05  6.8939871342e-06  1.0557117020e-05 -1.0289998122e-05 -9.7592901480e-06 -1.0176291978e-05  6.0977144464e-07  1.6278416376e-05  2.8218501080e-05  2.9669235327e-05 -1.0875943919e-05  6.7558737004e-06  3.5925590321e-06  1.2615901501e-05 -3.6904625604e-06  3.7102597655e-06  4.9140266746e-07  3.3196475908e-06  2.1449232678e-06  1.1780745449e-05

JOB 18
COORDS  2.6117290271e+00 -3.5296539825e-01  4.1537112015e-01  1.8334907392e+00  3.1915470807e-01  1.3162747534e+00  4.8377947192e+00 -3.0503302608e+00  4.2227639316e-01  4.0993273478e+00 -2.0598749405e+00 -1.6591200490e+00  1.0552967275e+00 -1.8450680207e+00  2.2152898862e+00  6.0062365115e+00 -3.4110147481e+00 -1.8748753810e-01  5.2741380711e+00 -2.4481169128e+00 -2.2425178950e+00  2.6607028503e+00 -1.7869496750e+00  3.4129028781e-01  3.7846133185e+00 -2.4017383006e+00 -3.0156031896e-01  9.7321736365e-01 -3.8089221700e-01  2.2654288989e+00  1.8952172889e+00 -2.4728880004e+00  1.3441608043e+00  6.2131702142e+00 -3.1324810107e+00 -1.5171450508e+00  2.3123135155e-01  2.0834903426e-01  3.0770542232e+00  1.9542871689e+00 -4.2516457931e+00  1.3644821325e+00  3.2638208741e+00  2.0851202078e-01 -2.5166910393e-01  1.8610422021e+00  1.4034592624e+00  1.3769419807e+00  4.7178173390e+00 -3.2526256108e+00  1.4799286462e+00  3.3722846116e+00 -1.5203640345e+00 -2.2563241441e+00  4.2471831217e-01 -2.4041113313e+00  2.8987207858e+00  6.8326907882e+00 -3.8714312931e+00  3.4194821887e-01  5.5173380305e+00 -2.2503514556e+00 -3.2803751393e+00  7.0818775546e+00 -3.4090002771e+00 -1.9563201452e+00
ENERGY -1.014170517664e+03
GRADIENT  8.2865481177e-03 -3.4490483435e-04  1.3928868822e-02 -1.6155584322e-05 -2.2499121649e-04  8.5554727577e-06  8.3911581151e-03  1.4873752005e-02  8.1387274705e-04 -3.0218103606e-04  1.7189953520e-04 -8.3399069157e-05 -9.4256800858e-06 -2.6013532325e-05  2.3366304439e-05  1.3356219435e-04 -6.8380372063e-05  7.6194220801e-05 -5.1774868602e-05 -8.2233327794e-07  1.5772714619e-04 -7.6489461092e-03  9.2400973047e-03 -2.0458959501e-02 -9.0071991857e-03 -2.3359634690e-02  5.5104440213e-03 -1.8770282968e-05  9.0205786218e-05  4.1489974855e-05  1.7944403681e-04 -3.1743630690e-04 -7.3240617443e-05  3.8066298087e-05 -3.2158971560e-05 -3.0195176191e-05 -4.7591309335e-05 -1.2751516680e-06  4.5473568612e-05  1.3404083664e-05  3.6175309773e-05 -2.2287166519e-06  7.2048644229e-06  5.3731425091e-06 -2.0561281083e-05  6.8451239786e-06 -2.7560807940e-05  5.3422722311e-06  3.6992011479e-06 -5.8421068993e-07 -2.6803087740e-05 -1.9856980897e-05  5.6802995581e-06  2.4375837172e-05 -1.0108546734e-07  3.4782189755e-06  9.8844888275e-06  1.3057764510e-05 -4.0451411230e-06  1.7076341065e-07 -2.0598857144e-06 -4.6331562499e-06  8.8533299376e-06  9.3944069999e-06 -8.6519908555e-06  1.6324208570e-05

JOB 19
COORDS  2.5641605922e+00 -3.5455299275e-01  3.8573049819e-01  1.7359000174e+00  3.2502592159e-01  1.2315187382e+00  4.8491488467e+00 -3.1479437267e+00  4.0493618364e-01  4.1683443214e+00 -1.9519846775e+00 -1.5901369480e+00  1.0925629753e+00 -1.8239486248e+00  2.2676956180e+00  5.9883227429e+00 -3.5297439373e+00 -2.4266827413e-01  5.3118011751e+00 -2.3675181121e+00 -2.2104828370e+00  2.7289847759e+00 -1.7840641892e+00  4.2232540553e-01  3.8381958130e+00 -2.3664881908e+00 -2.5293686385e-01  9.2271720348e-01 -3.6679258688e-01  2.2281795849e+00  1.9729623809e+00 -2.4579577476e+00  1.4441291554e+00  6.2120352460e+00 -3.1619404477e+00 -1.5479629911e+00  1.4280148797e-01  2.2433217466e-01  2.9999307554e+00  2.0689999682e+00 -4.2320148451e+00  1.5446800616e+00  3.1819481909e+00  2.0513332088e-01 -3.1362659174e-01  1.6821967436e+00  1.4098645055e+00  1.2120504328e+00  4.7268626409e+00 -3.4286321988e+00  1.4432216063e+00  3.4719925600e+00 -1.3361243149e+00 -2.1484489572e+00  4.7964454581e-01 -2.3762331810e+00  2.9722557614e+00  6.7807336027e+00 -4.0899349747e+00  2.4068159550e-01  5.5581651473e+00 -2.1104077880e+00 -3.2344787238e+00  7.0587961345e+00 -3.4591540221e+00 -2.0147152876e+00
ENERGY -1.014179437797e+03
GRADIENT  6.4055166845e-03  9.1740519893e-04  1.0299541245e-02 -1.5722604662e-06  1.7394962647e-04 -1.7201811108e-05  6.9448840879e-03  1.0541191938e-02  2.0194763997e-03  2.2612888190e-04 -1.5717508788e-04  8.1881291990e-05  2.5119003119e-05  4.9469388509e-05 -5.2258954708e-05 -5.6155552938e-05  2.0936878273e-05 -2.3768310817e-05  4.4708141125e-05  1.8051031098e-05 -1.6107159454e-04 -5.6702139902e-03  4.0454104329e-03 -1.3921258648e-02 -7.6882547146e-03 -1.5755148932e-02  1.7493229729e-03  1.8677057917e-05 -6.8966695799e-05 -1.0708283338e-05 -1.6462199957e-04  1.8777681266e-04  5.5656687771e-05 -7.8843113822e-05  3.7006823238e-05  4.2730512104e-05  3.1546121528e-05  1.2248861192e-05 -3.3536928669e-05 -3.1618314559e-05 -5.8520238391e-05  1.0222472373e-06 -3.3285566270e-06  1.0299028109e-06  6.2582513392e-06 -2.1521673456e-06  2.1170656466e-05 -3.5222773674e-06  9.0456334408e-07  1.2991881716e-06  7.3955507994e-06  1.3139332944e-05  1.1042235601e-06 -1.4018179904e-05  1.0531480026e-06  6.5656707240e-07 -1.4016738839e-05 -1.1157373703e-05 -2.6750101298e-06  1.0496096594e-06 -4.8108221348e-07  6.7612097936e-06 -1.1308135729e-05 -1.2054213226e-05  6.6612719122e-06 -1.1453799482e-05

JOB 20
COORDS  2.5227040035e+00 -3.4835839387e-01  3.6059058482e-01  1.6395714410e+00  3.2606632061e-01  1.1502067709e+00  4.8461210706e+00 -3.2295603570e+00  3.7621675828e-01  4.2368564443e+00 -1.8486328533e+00 -1.5228175637e+00  1.1242797121e+00 -1.7938521327e+00  2.3112714972e+00  5.9483979734e+00 -3.6431788429e+00 -3.1242561925e-01  5.3408639993e+00 -2.3018676250e+00 -2.1834436386e+00  2.7987083913e+00 -1.7569727610e+00  5.0042082860e-01  3.8943992735e+00 -2.3173069143e+00 -2.0365802303e-01  8.6922534114e-01 -3.5402001626e-01  2.1888531135e+00  2.0467590240e+00 -2.4248944723e+00  1.5335084631e+00  6.1918659080e+00 -3.2003838497e+00 -1.5905381859e+00  4.9775055383e-02  2.3170435112e-01  2.9211690350e+00  2.1750126901e+00 -4.1907182848e+00  1.7101068350e+00  3.1088813040e+00  2.1143854421e-01 -3.6392498730e-01  1.5038444356e+00  1.3995093688e+00  1.0531339229e+00  4.7195109436e+00 -3.5781383699e+00  1.3917929786e+00  3.5785542184e+00 -1.1616504775e+00 -2.0415151339e+00  5.2637574334e-01 -2.3419392781e+00  3.0318036788e+00  6.6949659704e+00 -4.3017363385e+00  1.1693035782e-01  5.5904600788e+00 -1.9975287034e+00 -3.1936096274e+00  7.0093903494e+00 -3.5255514479e+00 -2.0891346609e+00
ENERGY -1.014185373475e+03
GRADIENT  4.1921442607e-03  1.2759588678e-03  5.2916413525e-03 -5.2697189770e-05  2.0821039953e-04 -5.0247645638e-06  4.0359086108e-03  5.6042556374e-03  2.1995352042e-03 -1.8998581236e-04  1.5424201619e-04 -2.4013570006e-05 -1.1967741799e-04 -4.7889232721e-05  1.3555563026e-04 -8.9983600612e-05  9.7966512556e-05 -6.4778323175e-05 -2.0046145124e-05 -5.4688244240e-05  1.7529459890e-04 -4.0026013719e-03  1.3951724287e-03 -6.7303519438e-03 -4.2491243819e-03 -8.3522391045e-03 -6.7035858103e-04  1.3693546178e-04 -1.0624387232e-04 -9.9917379323e-05  1.0277132339e-04 -1.0025962610e-04 -7.2164775645e-05  1.7376195013e-04 -6.8562278875e-05 -1.0627406154e-04  4.6829798417e-05 -3.0610179451e-05 -5.3431722061e-05  4.1364774827e-05  2.7901527247e-05 -6.5665801543e-06  3.3209593595e-06  2.9772281107e-06  1.1547066471e-05  1.1429242525e-05  2.8866605873e-05 -1.0550553525e-05 -2.5837221081e-05 -4.6800051722e-06  1.9673922612e-05 -1.2335308885e-05  1.0951683548e-05  1.1547264963e-05 -6.1688424019e-06 -2.7505499016e-05  7.6850161806e-06 -1.7284758060e-06  6.9246275644e-06 -1.0931755135e-05  1.1836029636e-05 -1.1442985029e-05  1.6265736972e-05  1.1456992160e-05 -1.5645787351e-05 -6.5651936822e-06

JOB 21
COORDS  2.4844248633e+00 -3.5498306548e-01  3.4440642066e-01  1.5435407435e+00  3.0489238777e-01  1.0741501663e+00  4.8459225922e+00 -3.2992770402e+00  3.4208430732e-01  4.3235902321e+00 -1.7487861653e+00 -1.4450162307e+00  1.1621368547e+00 -1.7651341520e+00  2.3601909368e+00  5.9100501672e+00 -3.7387175804e+00 -3.8786597080e-01  5.3862479122e+00 -2.2310064484e+00 -2.1489556971e+00  2.8752116266e+00 -1.7268999179e+00  5.8117164598e-01  3.9621449999e+00 -2.2677057624e+00 -1.4581875997e-01  8.1544753272e-01 -3.5511369283e-01  2.1548489403e+00  2.1278443553e+00 -2.3867750007e+00  1.6291014941e+00  6.1808503321e+00 -3.2234463359e+00 -1.6320918416e+00 -4.5073471199e-02  2.1860424639e-01  2.8470176740e+00  2.2989678514e+00 -4.1374297852e+00  1.9030813089e+00  3.0335310978e+00  2.0598311564e-01 -4.0586751399e-01  1.3242788254e+00  1.3534692924e+00  8.9382191144e-01  4.7096773479e+00 -3.7176240771e+00  1.3280203714e+00  3.7117370412e+00 -9.9451967483e-01 -1.9230772408e+00  5.8467584549e-01 -2.3094023117e+00  3.0999185379e+00  6.6005445320e+00 -4.4887819027e+00 -1.9001190290e-02  5.6421273124e+00 -1.8773390704e+00 -3.1413479534e+00  6.9674877755e+00 -3.5710430641e+00 -2.1637612705e+00
ENERGY -1.014187983474e+03
GRADIENT  9.2197540923e-04  4.5653767514e-04  1.1489690132e-03  9.5912790216e-06  2.8106145326e-06 -1.9490263732e-05  9.9388941890e-04  1.1357376002e-03  6.1555166626e-04  3.3235458741e-05 -3.5931394178e-05  1.1814125085e-05  6.7712957097e-05  8.7677213897e-05 -1.0539863372e-04 -1.2404135520e-05  9.9440374965e-06 -1.5073248907e-06  5.3482940814e-06  6.5976717491e-06 -2.3025603114e-05 -8.3329608020e-04 -6.5248554932e-05 -1.3105755771e-03 -1.1318916370e-03 -1.5505114591e-03 -3.9814741200e-04 -4.0989879802e-05  9.6571676871e-06  5.6786121299e-05 -1.0537803406e-05 -4.7387638419e-05  3.3499343849e-05 -5.3490865073e-06 -6.4718428680e-06  5.6647759719e-07 -1.8355020373e-05  3.0924702273e-05  6.3836364198e-06  2.3405747783e-05 -4.3833364707e-05 -1.1712010207e-05 -4.3703906877e-06  1.1022371064e-06 -1.5220065367e-06 -6.4847370502e-06 -1.0700829411e-06  3.2352384456e-06 -1.3196754974e-05 -5.3959661836e-06  8.7597307613e-06  1.9924087925e-06 -3.4802494844e-06 -2.0750252929e-06  4.6558501012e-06  1.0080600446e-05 -1.7316368820e-05 -4.5519712472e-06 -3.7587278425e-06  5.5198605693e-07 -9.9423614267e-08 -2.4196913403e-06 -2.2136904582e-06 -1.9722401129e-07  9.6653566339e-07  3.2869274293e-07

JOB 22
COORDS  2.4411084132e+00 -3.8217524368e-01  3.1208031538e-01  1.4521245436e+00  2.6641636203e-01  9.8292267091e-01  4.8102920411e+00 -3.3844031300e+00  2.9003875451e-01  4.4261268485e+00 -1.6602273624e+00 -1.3583673441e+00  1.2032137007e+00 -1.7171838365e+00  2.4157389005e+00  5.8432226000e+00 -3.8436030177e+00 -4.7114272463e-01  5.4556999380e+00 -2.1617178641e+00 -2.0954866846e+00  2.9315531070e+00 -1.7059142133e+00  6.4361290740e-01  4.0138329402e+00 -2.2407118403e+00 -9.6082514429e-02  7.6610810114e-01 -3.5213472795e-01  2.1129357776e+00  2.2026371160e+00 -2.3371178089e+00  1.7295128034e+00  6.1713637548e+00 -3.2498139134e+00 -1.6642102555e+00 -1.2972235982e-01  2.1448498974e-01  2.7638023946e+00  2.4435396534e+00 -4.0480379202e+00  2.1651629069e+00  2.9420952178e+00  1.6521793370e-01 -4.7799228059e-01  1.1570257246e+00  1.2759160799e+00  7.1100064025e-01  4.6368912212e+00 -3.8842369584e+00  1.2289274748e+00  3.8898460388e+00 -8.2625559194e-01 -1.7884640261e+00  6.6119883497e-01 -2.2395474975e+00  3.1967773973e+00  6.4572244347e+00 -4.6844260481e+00 -1.6859903076e-01  5.7449447842e+00 -1.7438942785e+00 -3.0531907694e+00  6.9327762409e+00 -3.6125304245e+00 -2.2216600925e+00
ENERGY -1.014187516509e+03
GRADIENT -1.4785152559e-03 -8.9116468534e-04 -1.8369208376e-03  9.3631472392e-05 -2.6236342427e-04  3.5707072855e-05 -1.7079138455e-03 -1.5170830481e-03 -1.4330445862e-03  5.1240956176e-06 -4.7309271076e-06  4.2432465095e-05  2.4358541824e-04  3.3022188193e-04 -3.6270698102e-04  6.0004892967e-05 -8.8623136904e-05  5.0503780401e-05 -8.0230728538e-06  1.9932241001e-05  5.5978587200e-06  1.1945345280e-03  5.9681660950e-04  1.7896008315e-03  1.7616698547e-03  2.1581291368e-03  1.3254932892e-03 -2.2121001744e-04  1.0114323102e-04  2.2094057478e-04  4.1412831194e-05 -3.7546421778e-04  1.6271841702e-04 -1.8826044221e-05  8.4782194478e-06  2.0659940387e-05 -7.8369730405e-05  9.9211488556e-05  5.5750897662e-05  8.6449867803e-05 -1.8589875295e-04 -1.1334183195e-05  3.7975124217e-05  2.9735909878e-05 -4.4263002849e-05 -1.8909817442e-05 -4.2551263742e-05  4.0270314399e-06 -1.0407420837e-05  5.9769691969e-06  2.1170262767e-05 -1.1735472207e-05  3.8996726771e-06  2.6738143994e-05  5.2873480723e-06  2.9093500823e-05 -7.9172609045e-05  2.6452273706e-06 -1.1462156740e-05 -3.3362175179e-07  5.2636676432e-07 -6.7045839942e-06 -3.5267776242e-06 -2.7246970145e-06 -9.5796758121e-06  9.7351983682e-06

JOB 23
COORDS  2.3754848877e+00 -4.3740225623e-01  2.5256582081e-01  1.3459926511e+00  1.9844520095e-01  8.7042089486e-01  4.6921750462e+00 -3.5082086824e+00  1.7476011157e-01  4.5464974548e+00 -1.5760494625e+00 -1.2577284040e+00  1.2585664934e+00 -1.6493360848e+00  2.4837486651e+00  5.7168208629e+00 -3.9688528793e+00 -5.9650418442e-01  5.5731206207e+00 -2.0726777642e+00 -2.0013918649e+00  2.9431002731e+00 -1.7104469953e+00  6.6278857264e-01  4.0127492810e+00 -2.2573878163e+00 -9.1187849433e-02  6.9852825058e-01 -3.7000443727e-01  2.0466322967e+00  2.2930587435e+00 -2.2619974930e+00  1.8436832968e+00  6.1691649080e+00 -3.2659683326e+00 -1.6837704154e+00 -2.4860256555e-01  1.7495698129e-01  2.6404173845e+00  2.7743471142e+00 -3.8044776706e+00  2.5988449483e+00  2.7952241311e+00  5.8670626588e-02 -6.1244037623e-01  9.7493401913e-01  1.1516053487e+00  5.0439415939e-01  4.4031752196e+00 -4.1261721901e+00  1.0067879239e+00  4.1447338830e+00 -6.3163300159e-01 -1.5918250967e+00  8.0766856203e-01 -2.1014587011e+00  3.3606038548e+00  6.2189997074e+00 -4.9069069605e+00 -3.8799423802e-01  5.9635395424e+00 -1.5551762398e+00 -2.8704244903e+00  6.9308898625e+00 -3.6231580185e+00 -2.2442819488e+00
ENERGY -1.014186224264e+03
GRADIENT  4.3736813165e-05  1.3327214993e-04 -1.2471673944e-04  4.6262915783e-05 -1.1086308106e-04  3.3901669993e-05  1.0409862099e-05  1.0360237195e-04 -5.4989636913e-05  5.0147437269e-06  3.4948415588e-05 -3.9586338167e-05  3.4842212437e-05  1.5159640650e-04 -1.7650263488e-04  5.7174021676e-05 -7.6132716845e-05  1.7672140819e-05 -2.0586458699e-05 -2.7284228102e-06  4.3546894945e-05 -9.3357301422e-05  4.0728961852e-05  1.0985537657e-04 -8.7052098243e-05  1.4547471127e-05  2.1732547144e-05 -8.8545265600e-05  4.7698843432e-06  5.0856515682e-05  1.6259750295e-05 -1.8560516206e-04  9.0735597750e-05 -3.3352790259e-05 -1.4029742908e-05  4.1544671671e-06 -2.4178040560e-05  1.9550028385e-05 -6.4251605155e-06  1.4101095917e-04 -1.0157176736e-04 -2.5221732133e-05 -2.4798460237e-06  4.0534033874e-05  1.5908468677e-05  2.1302838859e-05 -3.8234729066e-06  9.8027404728e-06 -4.2005474996e-05 -2.2334867451e-05  3.2374739952e-05  1.1367745419e-06 -3.9295106541e-05 -1.1325385086e-05  2.5111857321e-05  1.6468802472e-05 -2.1804587065e-05  3.7564716768e-06 -6.9306956847e-06  1.2307784403e-07  1.1618438857e-07 -3.6662783297e-06  1.0456143974e-06  8.3687067382e-06 -5.7660118871e-06  1.3982671942e-05

