JOB 0
COORDS  1.8954026543e+00 -1.0475308910e+00 -1.2517550170e-01  2.9019836700e+00 -1.6796620334e+00  2.0044646370e+00  8.1645745644e-01 -4.8910189661e-01  5.4862950948e-01  1.8165809358e+00 -1.1264650384e+00  2.6775849619e+00  2.9305885020e+00 -1.6375167684e+00  6.0870197886e-01  7.7169030464e-01 -5.3265891058e-01  1.9511857102e+00  4.0706113621e+00 -2.2205083652e+00 -1.0034916274e-01  4.0674934830e+00 -2.1731484419e+00 -1.3369666007e+00  4.9742792149e+00 -2.7283943202e+00  5.7635951142e-01 -3.1625110857e-01  2.6182868319e-02  2.5577620802e+00  1.9530964836e+00 -1.0267590427e+00 -1.2071257476e+00  3.7199214938e+00 -2.1441855210e+00  2.5425174222e+00  6.5934395846e-04 -1.6293793755e-02  1.1148150692e-02  1.7773668245e+00 -1.1600337942e+00  3.7643319221e+00 -1.3526073689e-01  1.5182588202e-01  3.5032929615e+00
ENERGY -5.120681031949e+02
GRADIENT  6.0505398961e-06  8.9911325731e-07  7.7913244386e-06 -6.8127290846e-08 -5.7628339003e-06  1.1923688769e-05  7.5366066447e-04  1.4459303578e-03  7.3792518419e-05  3.2888257624e-06  1.0720736942e-06  3.9282096628e-06 -1.9060951230e-05  9.7263814552e-06  3.8605231165e-06 -9.4651874013e-04 -1.6233691500e-03 -2.0932377142e-04 -6.8829410388e-07 -8.8157163818e-07 -6.9590318177e-07 -1.0785134608e-05  2.6092290041e-07  6.1916215729e-06 -6.7729569367e-06  6.8111550588e-06  6.7068129493e-07 -6.3202013567e-04 -1.8435465482e-03  5.6081288473e-04 -8.9497429841e-06  4.4498329546e-06  3.6231775820e-06 -2.4960666745e-06  1.0949836552e-06  2.6464806441e-06 -4.9563359228e-06  3.8386966748e-06  2.6397075643e-06 -1.7147321571e-06  5.7350725651e-07  4.5746107537e-06  8.0440698764e-04  2.0325405438e-03 -4.1779258582e-04

JOB 1
COORDS  1.8998450370e+00 -1.0542505869e+00 -1.2489640317e-01  2.9069230451e+00 -1.6961920782e+00  2.0017705333e+00  8.1546552474e-01 -5.0809714954e-01  5.5230128876e-01  1.8135813965e+00 -1.1602946202e+00  2.6763379457e+00  2.9375953241e+00 -1.6415231039e+00  6.0626775407e-01  7.6517860703e-01 -5.6940743800e-01  1.9530201551e+00  4.0857358970e+00 -2.2076367802e+00 -1.0579380669e-01  4.0847164692e+00 -2.1522290961e+00 -1.3418563708e+00  4.9934079580e+00 -2.7098593719e+00  5.6928297557e-01 -3.3083249085e-01 -2.7923098634e-02  2.5696766168e+00  1.9618970623e+00 -1.0202427836e+00 -1.2062649988e+00  3.7274142855e+00 -2.1592049560e+00  2.5372565191e+00 -5.3271719413e-04 -3.2411302776e-02  1.7693863803e-02  1.7670030570e+00 -1.2083650536e+00  3.7618180826e+00 -8.1838154402e-02  3.0297072383e-01  3.4474783190e+00
ENERGY -5.120666917364e+02
GRADIENT -3.3319482998e-05  1.9185887334e-05  1.7671461025e-04  3.8367892795e-05 -2.5392173794e-05  7.7186196136e-05  1.3353841605e-03  2.5302507721e-03  1.4346404678e-04  4.7118014365e-05  1.8469447391e-05 -2.7379116076e-04  1.1340723994e-04 -5.4063470985e-05  5.6755804105e-05 -1.9603437124e-03 -2.8657830282e-03 -4.5943866381e-04 -1.6082721130e-04  6.1850524166e-05 -6.0164338019e-06  2.2271407597e-04 -1.1193104565e-04 -3.9387747538e-05 -3.2057033508e-05  2.7703592047e-05 -1.0263889444e-04 -4.6113815157e-04 -3.0295976843e-03  1.9954377423e-03 -1.0392750327e-05  3.1432576790e-07  3.8547987708e-05  1.5500413454e-05 -9.7797022226e-06 -1.8108406756e-05 -1.2405085528e-05  8.9240962624e-06  2.9717427530e-05 -7.1521276500e-06  7.4009306257e-06 -2.4285551755e-05  8.3380913120e-04  3.4566796310e-03 -1.5400722714e-03

JOB 2
COORDS  1.8909116402e+00 -1.0521758215e+00 -1.1396046303e-01  2.9025800313e+00 -1.7095118972e+00  2.0074174340e+00  8.0417156462e-01 -5.1793288306e-01  5.7140491713e-01  1.8058840249e+00 -1.1875557184e+00  2.6880153475e+00  2.9309853795e+00 -1.6394543552e+00  6.1233441912e-01  7.5521513018e-01 -5.9522766662e-01  1.9702355741e+00  4.0835211642e+00 -2.1917811874e+00 -1.0667410850e-01  4.0803810544e+00 -2.1228020129e+00 -1.3417325698e+00  4.9942308812e+00 -2.6951970573e+00  5.6273182781e-01 -3.4681723465e-01 -7.2321572820e-02  2.6042841999e+00  1.9530771793e+00 -1.0068111389e+00 -1.1949279108e+00  3.7259747071e+00 -2.1744650184e+00  2.5367418204e+00 -1.5221966909e-02 -4.1295840641e-02  4.2828099104e-02  1.7545389649e+00 -1.2487785604e+00  3.7720900273e+00 -6.4287443561e-02  4.5448429088e-01  3.3686207594e+00
ENERGY -5.120647527811e+02
GRADIENT -1.8866993294e-05  8.4549242741e-06 -4.5164039197e-06  2.3002377580e-05 -6.3998975327e-06  4.8822526583e-06  1.5271009388e-03  2.9452035257e-03  2.0445092873e-04 -1.5012081464e-05  5.8756852974e-06 -1.5273517767e-05 -7.6034101192e-06 -2.9379889407e-07  2.2493995378e-05 -2.1976805610e-03 -3.4806882908e-03 -9.2019374644e-04 -2.3078765957e-05  8.6013572293e-06  1.0895608726e-05  1.9608775698e-06  2.6153177603e-06 -4.8100760979e-06 -9.2047128161e-06 -1.6097658715e-06  2.4885479643e-06  4.3060563504e-04 -3.1287678285e-03  3.3376849978e-03 -5.4029530376e-06  2.2711137288e-06  1.9301681617e-06 -3.1893072716e-06 -9.0079250284e-07  5.1184544714e-06 -6.4776073956e-06  3.1378927777e-06  5.0473385906e-06 -8.2034984889e-07  1.3693985582e-06  9.4682007919e-07  2.3153609622e-04  3.6683937120e-03 -2.6104865777e-03

JOB 3
COORDS  1.9055800615e+00 -1.0558501461e+00 -1.1378881389e-01  2.9203304218e+00 -1.7314369650e+00  2.0015375843e+00  8.1533983462e-01 -5.3509490810e-01  5.7876123945e-01  1.8208167966e+00 -1.2210608936e+00  2.6871754589e+00  2.9476342934e+00 -1.6443635303e+00  6.0729567510e-01  7.6887750663e-01 -6.2507967892e-01  1.9759186599e+00  4.1040037326e+00 -2.1842044681e+00 -1.1872508807e-01  4.1004203259e+00 -2.1009426900e+00 -1.3525604150e+00  5.0162628957e+00 -2.6909556189e+00  5.4524558132e-01 -3.3944707436e-01 -1.2510812159e-01  2.6294329347e+00  1.9667712852e+00 -1.0013588748e+00 -1.1943851816e+00  3.7458493252e+00 -2.1992785936e+00  2.5249882648e+00 -9.1439351386e-03 -6.1932298988e-02  5.4857721091e-02  1.7646475156e+00 -1.2930715008e+00  3.7698285894e+00 -6.7968520483e-02  5.7650988236e-01  3.2421757673e+00
ENERGY -5.120628012269e+02
GRADIENT  4.2859952031e-07 -9.4265667081e-06  4.3049475999e-05  2.1294685503e-05 -1.5719547312e-05  3.4391928404e-05  1.2544094324e-03  2.6170717294e-03  2.0983303789e-04 -4.8186352313e-06  1.0003932828e-05 -4.0349578772e-05 -1.1790966569e-05 -2.0400557444e-06  5.6191550357e-06 -2.0243902388e-03 -3.2102074085e-03 -9.8701334482e-04 -3.0954504734e-06  2.3516541170e-05  3.7802947891e-06  1.2101948179e-05 -1.5022871382e-05  3.4717375195e-06 -1.5550627899e-05 -6.3539777922e-06 -1.2791293008e-05  1.1938789605e-03 -2.0330193226e-03  3.6189487499e-03 -9.9796484707e-06  5.5035696926e-06  8.0802878337e-06  1.3044641000e-06 -5.2288524758e-07 -9.1437092122e-07 -6.6190286241e-06  5.3534002957e-06  6.7170984735e-06 -3.2490817711e-06  1.8090562705e-06 -3.3479987823e-06 -4.7229200144e-04  2.6657701525e-03 -2.8380717194e-03

JOB 4
COORDS  1.9101964165e+00 -1.0500544091e+00 -1.0410614482e-01  2.9318170023e+00 -1.7495649815e+00  2.0021162870e+00  8.2015263064e-01 -5.4020866825e-01  5.9806760611e-01  1.8348323987e+00 -1.2441770595e+00  2.6963126682e+00  2.9538192189e+00 -1.6446115132e+00  6.0913133720e-01  7.8316383040e-01 -6.3876241810e-01  1.9945913160e+00  4.1086300678e+00 -2.1771201640e+00 -1.2732070588e-01  4.1027444025e+00 -2.0755296525e+00 -1.3595466627e+00  5.0204724723e+00 -2.6952207644e+00  5.2776042492e-01 -3.2673539085e-01 -1.6284864952e-01  2.6716907397e+00  1.9663998982e+00 -9.8894875338e-01 -1.1846226332e+00  3.7589785453e+00 -2.2239050730e+00  2.5171008181e+00 -1.0838285808e-02 -7.1534347947e-02  8.0104094290e-02  1.7778925143e+00 -1.3240367692e+00  3.7779571609e+00 -1.1064890512e-01  6.7896900610e-01  3.1032526493e+00
ENERGY -5.120613853242e+02
GRADIENT  2.6276658715e-05 -2.2921733179e-05 -3.9036572656e-05  1.9566957162e-04 -1.0818350026e-04  9.0184850314e-05  4.6394924234e-04  1.6049582519e-03  3.0896423411e-05 -3.2547020570e-06  1.6370453712e-05  1.0716245687e-04 -2.2800813895e-04  9.6827991999e-05  1.3835612772e-04 -9.4444914503e-04 -2.0868977704e-03 -8.0492568268e-04 -6.5393218443e-06  1.5344336238e-06  3.0209604859e-05 -6.3980537574e-05  3.0834804476e-05  2.8613542245e-05 -5.6720364468e-05  1.6644846527e-05  3.7083827456e-05  1.2031466799e-03 -6.4410826107e-04  2.1837698096e-03 -3.7354624189e-05  2.9096975134e-05 -1.5963709348e-05  1.6296269811e-05 -6.5030504819e-06  3.8807472402e-05 -1.6636395438e-05  1.1299541811e-05 -3.7760952837e-05  3.1018387334e-05 -2.3983490678e-05  1.9503711374e-05 -6.4152851792e-04  1.1165068241e-03 -1.7615597300e-03

JOB 5
COORDS  1.9077234083e+00 -1.0380099966e+00 -8.6063659205e-02  2.9347103834e+00 -1.7640180437e+00  2.0069024019e+00  8.2081400664e-01 -5.3486769008e-01  6.2601899984e-01  1.8441191904e+00 -1.2574651914e+00  2.7110129407e+00  2.9531061635e+00 -1.6435611180e+00  6.1537844102e-01  7.9357973241e-01 -6.3679753628e-01  2.0230079251e+00  4.1022525642e+00 -2.1740459843e+00 -1.3245795620e-01  4.0911259510e+00 -2.0603662126e+00 -1.3635743770e+00  5.0149150978e+00 -2.7024747650e+00  5.1288056036e-01 -3.1269769031e-01 -1.8504152855e-01  2.7248102943e+00  1.9559357669e+00 -9.7217694875e-01 -1.1666502318e+00  3.7615232993e+00 -2.2475474260e+00  2.5138000183e+00 -1.4982540775e-02 -6.9387482150e-02  1.1245660550e-01  1.7901433322e+00 -1.3429952920e+00  3.7920176901e+00 -1.9367606203e-01  7.4918319502e-01  2.9586919654e+00
ENERGY -5.120609465258e+02
GRADIENT -5.8757944756e-05  8.3136715262e-06  2.9335941815e-04  2.2120809760e-05 -4.4143506826e-05  4.6236202146e-05 -9.0443809088e-05 -1.7660864566e-04 -6.1455762416e-05 -1.1237103480e-05  4.4807133770e-05 -3.5506803843e-04  1.9493220956e-04 -9.3316248837e-05 -4.3384493982e-05 -7.5906576190e-06  3.6768272216e-04  2.6901255203e-04 -4.7569497151e-05  2.2745200341e-05  1.0011413569e-05  1.2361386454e-04 -7.8691822949e-05 -2.9534450551e-05  2.1574147518e-05  9.1248423531e-06 -7.8081795882e-05 -3.2988113732e-04  5.9583023301e-05 -2.5069301969e-04  6.7340984623e-06 -9.4426320161e-06  4.6235268563e-05  1.0692768033e-05 -2.5561403863e-06 -3.2655427495e-05 -2.2123961793e-05  1.0283373427e-05  5.0548956719e-05 -1.6944969171e-05  1.2308690411e-05 -4.0502557227e-05  1.3542755922e-04 -1.0459895251e-04  2.1675421219e-04

JOB 6
COORDS  1.9237373045e+00 -1.0326864337e+00 -8.0692300985e-02  2.9588925182e+00 -1.7832799965e+00  2.0002514673e+00  8.4200984212e-01 -5.3525872013e-01  6.4241588257e-01  1.8776616831e+00 -1.2747789791e+00  2.7166871469e+00  2.9701643322e+00 -1.6493047523e+00  6.0981970652e-01  8.2785951155e-01 -6.4058340083e-01  2.0404026769e+00  4.1110842637e+00 -2.1790650588e+00 -1.4940127239e-01  4.0982898593e+00 -2.0428500411e+00 -1.3784392499e+00  5.0199277692e+00 -2.7281216406e+00  4.8416126201e-01 -2.6842497504e-01 -2.0872925323e-01  2.7660448192e+00  1.9631589589e+00 -9.6191997975e-01 -1.1613437930e+00  3.7865048141e+00 -2.2752378138e+00  2.4976701689e+00  2.4085014896e-03 -7.0723923955e-02  1.3351227787e-01  1.8301285285e+00 -1.3630783212e+00  3.7975815894e+00 -2.7838397505e-01  7.6098905451e-01  2.8026410813e+00
ENERGY -5.120616152102e+02
GRADIENT  3.7914418370e-05  1.7219090110e-05 -1.1644220649e-04  6.0313727336e-05 -1.9845398618e-06  6.2342032916e-05 -7.8633065015e-04 -1.7885323736e-03 -9.1447885901e-05  7.5317481853e-05 -1.4785671948e-05 -5.1528874444e-06 -6.0178078134e-05  1.0216637472e-04  2.8361569661e-05  1.4707766678e-03  2.5916293396e-03  7.0257914369e-04 -1.3710290322e-04 -2.2019820553e-04  1.4956979337e-05  4.3714993275e-06  9.7469676498e-05  6.6529660231e-06  2.7294862472e-05  7.7985093189e-05  3.0390146549e-05 -2.1362305269e-03 -7.8058489188e-04 -2.7839916331e-03 -1.3087324027e-05 -1.9018847525e-06 -1.3627473942e-05 -1.3957363562e-06 -9.7902528944e-06  1.1012124691e-05  1.1735937918e-05  1.1295957074e-05 -7.7584704585e-06 -9.6124240379e-06  1.0439851218e-05  6.5622212233e-06  1.3891009068e-03 -5.7853894600e-05  2.1932041261e-03

JOB 7
COORDS  1.9229785123e+00 -1.0185892219e+00 -6.4220867802e-02  2.9615972688e+00 -1.7907709256e+00  2.0055806818e+00  8.4807870325e-01 -5.1897323446e-01  6.6642826263e-01  1.8905842754e+00 -1.2762607329e+00  2.7316622686e+00  2.9686208552e+00 -1.6485921996e+00  6.1565784119e-01  8.4308424606e-01 -6.2711469257e-01  2.0654366173e+00  4.0998723314e+00 -2.1824579089e+00 -1.5236636754e-01  4.0810975336e+00 -2.0400508112e+00 -1.3809713989e+00  5.0078376094e+00 -2.7433061417e+00  4.7255494987e-01 -2.3727197579e-01 -2.0231702501e-01  2.8103457237e+00  1.9554930681e+00 -9.4345426367e-01 -1.1447988519e+00  3.7878706675e+00 -2.2915213521e+00  2.4963971437e+00  9.3514413156e-03 -4.9357254266e-02  1.5983313967e-01  1.8498028901e+00 -1.3661534163e+00  3.8125690780e+00 -3.8766408449e-01  7.4498648273e-01  2.6624506267e+00
ENERGY -5.120631567645e+02
GRADIENT -3.6091417960e-06  1.6083757436e-05  8.1517033069e-06 -1.3375642731e-05  4.9975835110e-06 -1.3856200469e-05 -1.2774140117e-03 -2.7942253425e-03 -2.2750420490e-04 -2.5717788784e-05  4.7407506828e-06  3.8134320564e-05  3.5909957014e-06  1.0047663297e-05  7.5532626706e-06  2.5252383227e-03  4.4827109119e-03  1.0664412576e-03 -1.2368906889e-05 -3.3662281497e-05 -3.0942092451e-06 -1.1719134104e-05  5.5087251365e-06  8.1397422035e-06  5.0738569470e-06  2.0132393614e-05  8.6355352901e-06 -3.7140405770e-03 -2.5590075845e-03 -3.9467125259e-03 -5.9123090716e-06 -1.0619996714e-06  2.5701566646e-06 -9.4977636299e-06  1.9016723136e-06  5.1310649256e-06 -3.9073919173e-06  6.1133077153e-06  2.1089340741e-08 -3.7433721119e-06  3.0281873866e-06  5.3784335566e-06  2.4700454953e-03  8.7389633026e-04  3.0860935747e-03

JOB 8
COORDS  1.9384534787e+00 -1.0139159381e+00 -6.0750805500e-02  2.9842856639e+00 -1.8047762722e+00  1.9976666228e+00  8.7201923166e-01 -5.1086662912e-01  6.7916638912e-01  1.9242119339e+00 -1.2866001265e+00  2.7346698461e+00  2.9838550249e+00 -1.6562486711e+00  6.0759392984e-01  8.7592756893e-01 -6.2651953249e-01  2.0783225323e+00  4.1043773157e+00 -2.1937485087e+00 -1.6996564624e-01  4.0808346384e+00 -2.0431424591e+00 -1.3979591078e+00  5.0105050531e+00 -2.7684535112e+00  4.4560416106e-01 -1.8292601120e-01 -1.9776503388e-01  2.8411237482e+00  1.9637393285e+00 -9.3226941455e-01 -1.1410487703e+00  3.8106602307e+00 -2.3131045874e+00  2.4804753561e+00  3.5940648778e-02 -3.0961744095e-02  1.7677763593e-01  1.8920680190e+00 -1.3781674064e+00  3.8156956250e+00 -4.7527686173e-01  6.7615236626e-01  2.5364644205e+00
ENERGY -5.120650910652e+02
GRADIENT  3.2727591691e-05  9.8130005683e-06 -9.0093383042e-05 -8.4693619413e-05  2.9198144242e-05  1.6419672089e-05 -1.5055519669e-03 -2.9381534904e-03 -2.2694942412e-04  4.5743796978e-05 -1.8147076820e-05  2.6385406736e-04 -5.2239789550e-05 -6.5603629362e-06  7.5692161962e-05  2.8508717270e-03  4.9604130137e-03  8.8575904806e-04 -1.0886817892e-04  2.2700367186e-04  5.9285625192e-05  1.0026747377e-04 -1.1496380382e-04 -6.4420233855e-05 -9.3787875504e-05 -3.6932786490e-06 -2.3809381442e-05 -3.9986603348e-03 -4.0125505272e-03 -3.6377824176e-03 -3.5322627194e-05 -2.8959456382e-06 -1.8537682922e-06 -8.5595392441e-06 -7.5918910954e-06  2.1099507884e-05  1.4835236413e-05  2.9861311571e-05 -2.7487349553e-05 -4.7015075380e-06  2.0382969118e-05  3.8936608967e-05  2.7770001993e-03  1.8703988976e-03  2.7560887479e-03

JOB 9
COORDS  1.9452984573e+00 -1.0057274161e+00 -5.3181410066e-02  2.9945711396e+00 -1.8096939353e+00  1.9967667203e+00  8.8781253510e-01 -4.9352551470e-01  6.9296219226e-01  1.9435905120e+00 -1.2856957366e+00  2.7405481083e+00  2.9888161599e+00 -1.6598834503e+00  6.0608197061e-01  8.9501958716e-01 -6.1613160806e-01  2.0918754855e+00  4.0990489478e+00 -2.2048479487e+00 -1.7837562876e-01  4.0686726005e+00 -2.0523635852e+00 -1.4063103411e+00  5.0052883521e+00 -2.7872376754e+00  4.3038626352e-01 -1.4036824216e-01 -1.6967423376e-01  2.8677270741e+00  1.9662385680e+00 -9.1856418534e-01 -1.1331266201e+00  3.8192326441e+00 -2.3252903061e+00  2.4747529683e+00  5.7594227653e-02  2.9618036690e-05  1.9298508916e-01  1.9178695623e+00 -1.3789335330e+00  3.8215675318e+00 -5.6789100723e-01  5.8949708717e-01  2.4396350045e+00
ENERGY -5.120669036567e+02
GRADIENT  1.0517350472e-05  1.0823414454e-06  6.5180627341e-05 -9.5643721215e-06 -2.5914728337e-06  4.5985230444e-05 -1.2425748093e-03 -2.4004636254e-03 -2.1086744858e-04  2.9368234903e-05 -2.0271214884e-06 -4.0356395555e-05  3.0682524641e-05 -1.8001986694e-05 -4.6643018905e-05  2.3700560104e-03  4.2447329749e-03  7.2007429730e-04 -1.6758000750e-05  2.6828445685e-05  3.0914487820e-05  5.4703734389e-06 -1.5385771061e-05 -1.1911298984e-05  8.8381497763e-06 -9.3559619277e-06 -5.5859021499e-06 -3.4080288147e-03 -4.0053021768e-03 -2.2034731398e-03 -6.7182914066e-06 -9.1265633574e-07  1.0487717977e-05 -2.2318108333e-06  1.4965305168e-06 -6.1908270645e-06 -7.3301332725e-06  8.0070251627e-06  3.9717941655e-06 -1.2377936982e-05  1.0190204064e-05 -2.0869331393e-06  2.1757288258e-03  2.2060887364e-03  1.6959774841e-03

JOB 10
COORDS  1.9518801015e+00 -9.9758296935e-01 -4.8944813712e-02  3.0023616993e+00 -1.8107245022e+00  1.9960106057e+00  9.0365793072e-01 -4.7270238917e-01  7.0138907140e-01  1.9590885400e+00 -1.2798586020e+00  2.7440593299e+00  2.9919278635e+00 -1.6624490274e+00  6.0452950288e-01  9.1096494432e-01 -6.0353100938e-01  2.0995534787e+00  4.0925272223e+00 -2.2174986922e+00 -1.8450677402e-01  4.0550536642e+00 -2.0681437916e+00 -1.4128536147e+00  4.9988848871e+00 -2.8046437040e+00  4.1998166472e-01 -1.0044186926e-01 -1.3029041545e-01  2.8846184886e+00  1.9707162362e+00 -9.0627223973e-01 -1.1285693055e+00  3.8243989409e+00 -2.3334190204e+00  2.4707849769e+00  8.1842689448e-02  3.7678889387e-02  2.0353015270e-01  1.9371950693e+00 -1.3738637422e+00  3.8250882575e+00 -6.5276973329e-01  4.8296719528e-01  2.3732208462e+00
ENERGY -5.120681670056e+02
GRADIENT  3.1295643459e-05 -2.2674607362e-05  2.0610436872e-04  3.8542311843e-05 -5.0085058322e-05  7.8419968907e-05 -8.6700534030e-04 -1.2650495634e-03 -1.5316152043e-04  3.3586933100e-05 -1.1545450262e-05 -1.3688425165e-04  5.1054287995e-05  1.2444494949e-05 -1.7298487494e-04  1.3194813027e-03  2.4843229482e-03  3.3308377526e-04  8.6987337154e-05 -9.7548649912e-05  5.0245806364e-05 -1.5831911843e-04  9.3864390960e-05  4.3262173272e-05  1.0503293384e-04 -4.5049582432e-05  5.2057040662e-05 -1.7940261323e-03 -2.5875104725e-03 -8.1879103521e-04 -9.3537161581e-06 -3.7385769504e-06  1.5054344335e-05 -1.5401959910e-06  4.1437549335e-06 -1.3923126255e-05 -2.1337798006e-05  2.3065381698e-05  4.5724353521e-06 -6.1473913930e-06  7.0462485644e-06 -1.6935297741e-05  1.1196737061e-03  1.5014433063e-03  5.7249929369e-04

JOB 11
COORDS  1.9531114329e+00 -9.8730734687e-01 -4.4226274698e-02  3.0016451302e+00 -1.8049995003e+00  1.9996961013e+00  9.1395148173e-01 -4.4787617192e-01  7.0830924603e-01  1.9641477261e+00 -1.2660903478e+00  2.7494624705e+00  2.9882211003e+00 -1.6613125457e+00  6.0751487609e-01  9.1756247974e-01 -5.8602883466e-01  2.1058153836e+00  4.0810244331e+00 -2.2286227653e+00 -1.8313778254e-01  4.0430841620e+00 -2.0822037228e+00 -1.4119002547e+00  4.9827066127e+00 -2.8235930773e+00  4.2073191600e-01 -7.2226162206e-02 -7.9739523088e-02  2.8956379117e+00  1.9725126704e+00 -8.9338869540e-01 -1.1236135364e+00  3.8202141193e+00 -2.3340285106e+00  2.4734480072e+00  1.0166882964e-01  7.9226549488e-02  2.1192011116e-01  1.9437081269e+00 -1.3593669753e+00  3.8305918623e+00 -7.3597776819e-01  3.6503395179e-01  2.3439026201e+00
ENERGY -5.120686206118e+02
GRADIENT -3.5208310418e-05 -2.3794026992e-05  1.5603582918e-04  5.5367067032e-06  1.0173589377e-06  2.5837946274e-05 -5.2347986115e-05  3.3196322222e-05 -4.1487322412e-05 -3.1549135375e-05  4.7873695574e-06 -1.0513143913e-04  7.1039404490e-05 -5.0560240857e-05 -1.7299973410e-05 -2.4233129372e-05  8.0032481819e-05  4.7233705769e-05 -2.4407595976e-05  3.8320690380e-05  1.3722478952e-05  6.9893485434e-05 -3.3881901370e-05 -1.4778095547e-05 -1.0391307240e-05 -1.2006873526e-05 -3.8517266305e-05 -2.0155621912e-05 -8.4273280330e-06  7.2860398729e-06 -7.5648080818e-07  3.7125006594e-06  2.4692469504e-05  6.7453548136e-07  4.2020821897e-06 -6.9938478381e-06 -1.9320943843e-05  3.1016815080e-06  1.1344367740e-05 -7.2819949331e-06  6.8799032631e-06 -9.2412312381e-06  6.6625888337e-06 -9.2952339952e-06 -6.3223553960e-06

JOB 12
COORDS  1.9620454541e+00 -9.8033907534e-01 -4.7270667021e-02  3.0070578489e+00 -1.8027537736e+00  1.9967869560e+00  9.3122037406e-01 -4.2597838316e-01  7.0595954140e-01  1.9737418374e+00 -1.2550217854e+00  2.7464955815e+00  2.9912730599e+00 -1.6635417356e+00  6.0441945523e-01  9.2980482559e-01 -5.7159873350e-01  2.1026796394e+00  4.0770813130e+00 -2.2436753374e+00 -1.8706421238e-01  4.0350407774e+00 -2.1021905635e+00 -1.4161946160e+00  4.9763611613e+00 -2.8427526185e+00  4.1628625240e-01 -4.1120646012e-02 -2.9721395542e-02  2.8944512058e+00  1.9835827939e+00 -8.8444170407e-01 -1.1264471152e+00  3.8216258894e+00 -2.3381160748e+00  2.4703185391e+00  1.2930714638e-01  1.1815557191e-01  2.1140285123e-01  1.9530295692e+00 -1.3470316319e+00  3.8277196219e+00 -7.9988941671e-01  2.3350524628e-01  2.3488685123e+00
ENERGY -5.120681669056e+02
GRADIENT  1.4064485178e-05 -5.0506924166e-05  1.9845820057e-04  6.0952420022e-05 -9.8853147937e-06  8.0968766822e-05  6.9113453591e-04  1.3707323456e-03  1.0643014512e-04  3.6675838161e-05 -7.0948428331e-06 -1.3317539471e-04  3.7794359834e-05 -9.4560183298e-06 -1.7113391716e-04 -1.5404895235e-03 -2.3652966387e-03 -1.4139332247e-04  7.7506384040e-05 -1.0160995558e-04  4.9247512994e-05 -1.3874036048e-04  1.1618725239e-04  4.4440881497e-05  9.3378116192e-05 -6.1208344822e-05  4.9159785241e-05  1.4431026102e-03  2.9007033983e-03 -2.8265541579e-04 -2.2053977709e-06  8.6290017215e-06  1.6139898548e-05 -3.1212150691e-06  1.4008750772e-06 -1.3838794109e-05 -3.1354068422e-05  5.0657524990e-06  2.6886710108e-06 -7.6308133361e-06  4.7947802907e-06 -1.7064144417e-05 -8.0780470782e-04 -1.7670370320e-03  2.5354647591e-04

JOB 13
COORDS  1.8898097614e+00 -1.1062780472e+00 -5.6408675377e-02  3.0735065624e+00 -1.6666401674e+00  2.0013697029e+00  8.7229495404e-01 -5.2162916853e-01  6.9206172880e-01  2.0495579523e+00 -1.0936495979e+00  2.7467263609e+00  2.9816334817e+00 -1.6729010457e+00  6.0566205279e-01  9.4172646901e-01 -5.3147611002e-01  2.0946039539e+00  4.0560234234e+00 -2.2828182955e+00 -1.8089106104e-01  3.9443222339e+00 -2.2777096630e+00 -1.4135689561e+00  5.0153072973e+00 -2.7690814485e+00  4.3095980672e-01 -9.2234122322e-03  6.8001424709e-02  2.8753849744e+00  1.8566812439e+00 -1.1170986214e+00 -1.1395074576e+00  3.9363560827e+00 -2.1130281190e+00  2.4815835903e+00  2.5710577847e-02 -5.7733914505e-02  1.9112979989e-01  2.0852414793e+00 -1.0756085728e+00  3.8313271485e+00 -8.6743283343e-01  4.6644904635e-02  2.4221740474e+00
ENERGY -5.120669036551e+02
GRADIENT  3.1444370890e-06 -1.2560157746e-05  6.7805098266e-05 -4.0526987737e-06  7.1839940340e-06  4.6676565409e-05  1.3700017930e-03  2.3387194462e-03 -5.9563622242e-05  1.8386638648e-05 -2.1619203174e-05 -4.2142895046e-05  3.4360318331e-05 -1.4747698423e-05 -4.7526924106e-05 -2.3433751515e-03 -4.2972629879e-03  4.4559008191e-04 -3.2322204206e-05 -2.3557534747e-06  3.0154971224e-05  1.6594974874e-05  4.1693900859e-06 -1.1610845522e-05  1.3400551944e-05 -2.3380917929e-06 -5.6487855842e-06  1.6270874202e-03  5.1205678024e-03 -1.9096327568e-03 -3.1092920298e-06  5.6348509339e-06  1.0878149734e-05 -2.2501833716e-06  1.3464444374e-06 -6.4312198241e-06 -1.1212406271e-05  1.9954214209e-06  3.7940881210e-06 -1.5184305355e-05  5.1656076820e-06 -2.2915442291e-06 -7.5020399585e-04 -3.0964211774e-03  1.5252084738e-03

JOB 14
COORDS  1.8932830834e+00 -1.0957610776e+00 -6.3386334506e-02  3.0638381388e+00 -1.6606056287e+00  2.0023030918e+00  8.7890937020e-01 -4.9837627388e-01  6.7957647484e-01  2.0401469839e+00 -1.0764992147e+00  2.7414309290e+00  2.9758662038e+00 -1.6707106287e+00  6.0712543886e-01  9.4069380126e-01 -5.0914399923e-01  2.0821077883e+00  4.0492485660e+00 -2.2936354777e+00 -1.7318671489e-01  3.9427861389e+00 -2.2933080812e+00 -1.4060167166e+00  5.0017864651e+00 -2.7842311986e+00  4.4508988039e-01 -7.4579190071e-03  1.2022837939e-01  2.8513704511e+00  1.8671442638e+00 -1.1073016554e+00 -1.1466836639e+00  3.9213291175e+00 -2.1125466579e+00  2.4869219067e+00  4.0800837892e-02 -2.2146512542e-02  1.7707393800e-01  2.0709929969e+00 -1.0539194756e+00  3.8261300535e+00 -8.9389983276e-01 -8.2521687041e-02  2.5120615396e+00
ENERGY -5.120650910664e+02
GRADIENT  1.1158743476e-05 -2.8303179684e-05 -9.3288429298e-05 -6.9639584181e-05  5.4845119803e-05  1.8285330183e-05  1.6885431462e-03  2.8457741367e-03 -3.9810408955e-05  3.2778440022e-05 -4.2123672886e-05  2.6127248962e-04 -2.5443637722e-05  4.4258580687e-05  7.8633651041e-05 -2.6972910260e-03 -5.0916406959e-03  5.6311942669e-04 -2.5178797362e-04 -3.0391061422e-05  5.1033909509e-05  1.5285848227e-04 -2.1068186468e-05 -6.1631279863e-05 -4.7052837194e-05  8.2441375173e-05 -2.1047573947e-05  1.3568874903e-03  5.6941840714e-03 -3.3251194303e-03 -1.6286605364e-05  3.1454584175e-05 -1.1239207822e-06  1.5574477193e-06  1.0088738086e-05  2.1754516281e-05 -1.6223686591e-05 -2.7273587054e-05 -2.9193753432e-05 -2.0854599148e-05 -8.7698594463e-06  3.7620587430e-05 -1.7421182385e-04 -3.4783284877e-03  2.5839924756e-03

JOB 15
COORDS  1.8890724485e+00 -1.0800242585e+00 -6.6197079309e-02  3.0396792508e+00 -1.6492696996e+00  2.0101291381e+00  8.7333440584e-01 -4.7319748188e-01  6.6790812199e-01  2.0135489709e+00 -1.0534278490e+00  2.7388339082e+00  2.9610490838e+00 -1.6623071498e+00  6.1521160210e-01  9.2402766799e-01 -4.8043151668e-01  2.0701636231e+00  4.0368238076e+00 -2.2967055721e+00 -1.5605283148e-01  3.9398491642e+00 -2.2960087783e+00 -1.3892185166e+00  4.9783792413e+00 -2.7966834796e+00  4.7082304880e-01 -3.1763124453e-02  1.7010691004e-01  2.8223436957e+00  1.8723022949e+00 -1.0941971691e+00 -1.1496492882e+00  3.8904924338e+00 -2.1055513878e+00  2.5023717690e+00  4.2624545879e-02  1.0953080174e-02  1.6178543767e-01  2.0383741192e+00 -1.0244319233e+00  3.8235668207e+00 -9.0876177939e-01 -1.9941094897e-01  2.6320694321e+00
ENERGY -5.120631567625e+02
GRADIENT -1.5887080826e-05 -5.8530832252e-06  7.5705170357e-06 -1.1285804721e-05  9.5630855667e-06 -1.3671402408e-05  1.6867439547e-03  2.5775932865e-03 -5.4421888669e-05 -1.8690959471e-05  1.7334238797e-05  3.8228787736e-05 -6.8427122460e-06 -8.5485829997e-06  7.0592875640e-06 -2.4708881004e-03 -4.5722187576e-03  7.7497413529e-04  2.1798015639e-05  2.7825113285e-05 -9.4915761076e-07 -1.1139426913e-05  6.8586999933e-06  8.1983047410e-06 -1.4504997334e-05 -1.5170834419e-05  7.5607045386e-06  2.8904176400e-04  4.6954616171e-03 -3.7133886394e-03 -2.2506005254e-06  5.4144048473e-06  2.8262938762e-06 -6.8624973309e-06  6.8125141490e-06  5.1934157803e-06 -7.1662331292e-06 -3.9248813862e-08 -1.6387901749e-07 -4.7317798181e-06  1.2743683843e-06  5.1531722123e-06  4.9533278475e-04 -2.7050595032e-03  2.9709148284e-03

JOB 16
COORDS  1.9018423891e+00 -1.0723544518e+00 -8.1967919185e-02  3.0320494233e+00 -1.6507067591e+00  2.0045137657e+00  8.8451572005e-01 -4.5821924331e-01  6.4490107768e-01  2.0058089317e+00 -1.0425530817e+00  2.7241614916e+00  2.9626334979e+00 -1.6629461521e+00  6.0937663720e-01  9.2797121141e-01 -4.5915999302e-01  2.0462473363e+00  4.0398557484e+00 -2.3081373723e+00 -1.5356501694e-01  3.9513206050e+00 -2.3091755858e+00 -1.3870206541e+00  4.9716800245e+00 -2.8155522433e+00  4.8133225002e-01 -4.1760897264e-02  2.0203781006e-01  2.7792762763e+00  1.8924521750e+00 -1.0900392666e+00 -1.1654662300e+00  3.8759639957e+00 -2.1131243816e+00  2.5028790539e+00  5.7697512420e-02  2.9487171218e-02  1.3674749671e-01  2.0256848887e+00 -1.0086965013e+00  3.8089875869e+00 -8.6779550489e-01 -3.0721445349e-01  2.7682752897e+00
ENERGY -5.120616152077e+02
GRADIENT  9.3666385755e-06 -3.5646670303e-05 -1.1762970712e-04  3.2327050936e-05 -5.3036029801e-05  6.0071176419e-05  1.0946514133e-03  1.6206905021e-03  1.8256638862e-05  5.2792577578e-05 -5.5675264322e-05 -6.7639809511e-06 -1.1923366502e-04 -4.1840926780e-06  2.5050391273e-05 -1.4245214520e-03 -2.6566051642e-03  5.3350512954e-04  1.1108148720e-04  2.3028363652e-04  2.9842045693e-05 -7.9780760896e-05 -5.5108516063e-05  2.1429500412e-06 -5.2097048968e-05 -6.5106041701e-05  2.5480010477e-05 -4.0427616893e-04  2.3579895328e-03 -2.6832327280e-03 -5.1057648710e-06  1.2824865970e-05 -1.3004483306e-05  7.1148212968e-06  5.9393200476e-06  1.1561818285e-05 -3.0481892397e-06 -1.5607849008e-05 -8.6077090660e-06 -1.4117454565e-05  2.2121296710e-06  6.2780016084e-06  7.3047314099e-04 -1.2514318073e-03  2.1548527849e-03

JOB 17
COORDS  1.8979466621e+00 -1.0557198469e+00 -8.6633990301e-02  3.0026847989e+00 -1.6408384442e+00  2.0108620006e+00  8.7332435677e-01 -4.3970206477e-01  6.2908856512e-01  1.9734303321e+00 -1.0231289202e+00  2.7185544062e+00  2.9485292957e+00 -1.6518552584e+00  6.1510589370e-01  9.0695100449e-01 -4.3133831115e-01  2.0296279505e+00  4.0304455525e+00 -2.3041762814e+00 -1.3665762658e-01  3.9619026739e+00 -2.2945420902e+00 -1.3711227905e+00  4.9465449954e+00 -2.8263819036e+00  5.0887736811e-01 -8.4288847173e-02  2.2889461704e-01  2.7381452584e+00  1.8974155854e+00 -1.0782140975e+00 -1.1700637568e+00  3.8387905656e+00 -2.1075312823e+00  2.5182977953e+00  4.7864308363e-02  4.4515067754e-02  1.1613244357e-01  1.9875259246e+00 -9.8530527448e-01  3.8035296129e+00 -8.1686670606e-01 -3.8023547659e-01  2.9223545979e+00
ENERGY -5.120609465248e+02
GRADIENT -4.6339040029e-05  3.0788154755e-05  2.9314790595e-04  4.8431654602e-05  2.2614911535e-06  4.8561965328e-05  1.0323947569e-04  1.7308174840e-04 -5.0120643838e-05 -3.4115080430e-05  3.0483490560e-06 -3.5729915216e-04  1.8411644479e-04 -1.1314784706e-04 -4.4182155962e-05 -3.2348829539e-04 -2.0170330689e-04  2.5206493696e-04 -4.4611413164e-05  2.7823186736e-05  1.0211887408e-05  1.3331122764e-04 -6.1341805666e-05 -2.9638237966e-05  6.2772071340e-06 -1.9578031282e-05 -7.8773252129e-05 -2.2007903620e-04  2.6011213941e-04 -2.4375074814e-04  1.0356839907e-05 -2.9987072673e-06  4.6082894166e-05  8.9590909731e-06 -6.2122536613e-06 -3.2776797602e-05 -2.2037141430e-05  1.0865070164e-05  5.0492542792e-05 -1.8408659474e-05  9.8384028311e-06 -4.0521799902e-05  1.5467202243e-04 -6.9695531206e-05  2.1785120795e-04

JOB 18
COORDS  1.9099366805e+00 -1.0505125176e+00 -1.0411719403e-01  2.9890507916e+00 -1.6458437812e+00  2.0054494459e+00  8.7824347503e-01 -4.3492196130e-01  6.0146339313e-01  1.9576410081e+00 -1.0216228137e+00  2.7034772538e+00  2.9499666357e+00 -1.6515904741e+00  6.0890211360e-01  9.0382733086e-01 -4.2008865902e-01  2.0016365087e+00  4.0363056427e+00 -2.3081835747e+00 -1.3154927991e-01  3.9808088505e+00 -2.2964939701e+00 -1.3666684008e+00  4.9429726221e+00 -2.8356694362e+00  5.2322508169e-01 -1.0909370683e-01  2.3157308347e-01  2.6843980258e+00  1.9176628605e+00 -1.0772499052e+00 -1.1874609693e+00  3.8173541081e+00 -2.1181178704e+00  2.5204971660e+00  5.2766963932e-02  4.3750914999e-02  8.3825616211e-02  1.9653433857e+00 -9.8434113515e-01  3.7888921167e+00 -7.1714700994e-01 -4.2019529348e-01  3.0678894015e+00
ENERGY -5.120613853329e+02
GRADIENT  3.4552410952e-05 -8.1543308702e-06 -3.7465554526e-05  1.9280116222e-04 -1.1194132706e-04  8.9178516806e-05 -1.1103625887e-03 -1.2471704230e-03 -6.1262569984e-05 -1.8164573731e-05 -1.1416497813e-05  1.0690266293e-04 -2.0640401842e-04  1.3389035506e-04  1.3925484172e-04  1.2820727690e-03  1.9481013088e-03 -6.7542307149e-04 -5.5682380714e-06  3.3831409533e-06  3.0133054613e-05 -6.0678075011e-05  3.6015277767e-05  2.8721729561e-05 -4.5237952771e-05  3.7124597128e-05  3.7531665548e-05  1.1268079860e-03 -7.8174676794e-04  2.1793659571e-03 -4.4105155301e-05  1.6862993381e-05 -1.6191947203e-05  1.3061449536e-05 -1.2206757288e-05  3.8594826695e-05 -1.7567052254e-05  1.0042533126e-05 -3.7782051454e-05  3.6238020876e-05 -1.4337746486e-05  2.0022583418e-05 -1.2384302522e-03  3.5082132165e-05 -1.7961729426e-03

JOB 19
COORDS  1.9126385048e+00 -1.0430523549e+00 -1.1337932614e-01  2.9676114818e+00 -1.6457475292e+00  2.0042919982e+00  8.7188242882e-01 -4.3262415305e-01  5.8206397069e-01  1.9308695203e+00 -1.0216192047e+00  2.6935991226e+00  2.9465065378e+00 -1.6464049999e+00  6.0722572849e-01  8.8514760502e-01 -4.1436831386e-01  1.9827058154e+00  4.0395936258e+00 -2.3009321723e+00 -1.2248793343e-01  4.0008608963e+00 -2.2813573066e+00 -1.3583730751e+00  4.9366468825e+00 -2.8352455442e+00  5.4059270787e-01 -1.4662962847e-01  2.2432840692e-01  2.6406866192e+00  1.9286209626e+00 -1.0704854939e+00 -1.1966128527e+00  3.7893151091e+00 -2.1205076232e+00  2.5275167730e+00  4.6245809925e-02  3.8452625538e-02  5.8095935075e-02  1.9323202908e+00 -9.8921335246e-01  3.7796132256e+00 -6.1154237874e-01 -4.0861526027e-01  3.2104769273e+00
ENERGY -5.120628012354e+02
GRADIENT  7.0837999490e-06  2.4645481765e-06  4.2025652786e-05  2.2838522298e-05 -1.0752752913e-05  3.4194429887e-05 -1.5483081891e-03 -2.4630526146e-03  4.6670862255e-05 -9.8399157319e-06  6.2935310617e-07 -3.8800994170e-05 -4.4597113973e-06  1.0639699933e-05  5.2247530494e-06  1.6600918346e-03  3.4678195844e-03 -7.7193633604e-04 -2.0861204456e-05 -1.0695419188e-05  2.3078771720e-06  1.8326453051e-05 -1.9233567141e-06  3.6372768967e-06 -2.0022467039e-06  1.6857659501e-05 -1.1438559555e-05  2.2570464321e-03 -1.0587609703e-04  3.6811264309e-03 -1.0094394610e-05  5.0354760380e-06  7.7964118176e-06  1.1652414342e-06 -7.7861830890e-07 -8.7132957445e-07 -8.3428006124e-06  2.4784346360e-06  6.4702829495e-06 -3.2381331532e-06  2.0068510125e-06 -3.0146885954e-06 -2.4283171245e-03 -8.7912766637e-04 -2.9520189394e-03

JOB 20
COORDS  1.9017107616e+00 -1.0325991353e+00 -1.1333058365e-01  2.9394506716e+00 -1.6426990887e+00  2.0095640564e+00  8.5161482272e-01 -4.3195012973e-01  5.7417571966e-01  1.8945587175e+00 -1.0268628725e+00  2.6931871689e+00  2.9333368939e+00 -1.6351916493e+00  6.1246787756e-01  8.5277916029e-01 -4.1841999990e-01  1.9759297039e+00  4.0347408081e+00 -2.2801802264e+00 -1.0952669533e-01  4.0083554132e+00 -2.2533214403e+00 -1.3459407018e+00  4.9279988445e+00 -2.8152273551e+00  5.5885826805e-01 -1.9449710660e-01  2.0371648122e-01  2.6131757917e+00  1.9259383262e+00 -1.0559820170e+00 -1.1965108326e+00  3.7574188702e+00 -2.1174896950e+00  2.5385690950e+00  2.5884375449e-02  3.3205772082e-02  4.5232107880e-02  1.8894250233e+00 -1.0043436289e+00  3.7799571536e+00 -5.0986356353e-01 -3.5304793928e-01  3.3426381210e+00
ENERGY -5.120647527812e+02
GRADIENT -1.7169438877e-05  1.1691126459e-05 -4.0776755188e-06  1.7239399571e-05 -1.6114849833e-05  4.5976912067e-06 -1.6804402670e-03 -2.8677855832e-03  1.7614933529e-05 -1.2605883745e-05  1.0407025980e-05 -1.5345690259e-05 -4.2916573276e-06  5.4488020953e-06  2.2631517131e-05  1.7949172653e-03  3.7546900200e-03 -6.8749826639e-04 -1.9953128778e-05  1.4269818143e-05  1.1145966779e-05 -9.6111537608e-07 -2.7894841399e-06 -4.7439158141e-06 -3.7893059497e-06  8.6702905140e-06  2.6435519334e-06  2.7839870424e-03  1.1355739326e-03  3.4749278534e-03 -4.8501982403e-06  3.2659566150e-06  1.9660194732e-06 -1.1415169341e-06  2.9672837237e-06  5.1685166567e-06 -6.1247157611e-06  3.4864798831e-06  5.0503597754e-06 -1.5934192354e-06 -1.0348836542e-07  7.6930109086e-07 -2.9063948289e-03 -2.0183661234e-03 -2.7936105450e-03

JOB 21
COORDS  1.9085300328e+00 -1.0385080898e+00 -1.2439117143e-01  2.9306608829e+00 -1.6531768885e+00  2.0031522886e+00  8.4984696407e-01 -4.4578794423e-01  5.5430834070e-01  1.8759370583e+00 -1.0472953913e+00  2.6799751486e+00  2.9387781247e+00 -1.6393793920e+00  6.0633381124e-01  8.3673586834e-01 -4.3972942851e-01  1.9571958115e+00  4.0493037751e+00 -2.2736613690e+00 -1.0792358007e-01  4.0355511051e+00 -2.2413299667e+00 -1.3447289923e+00  4.9397768481e+00 -2.8070544756e+00  5.6614942751e-01 -2.2255962750e-01  1.6829274841e-01  2.5759959639e+00  1.9423097079e+00 -1.0557343463e+00 -1.2074090213e+00  3.7452719878e+00 -2.1268487194e+00  2.5382933885e+00  2.6896791593e-02  1.7301098050e-02  1.9297248946e-02  1.8621894049e+00 -1.0358708886e+00  3.7673702924e+00 -3.9329854422e-01 -2.6149760889e-01  3.4293150382e+00
ENERGY -5.120666917405e+02
GRADIENT -3.9220995155e-05  9.4610882905e-06  1.7618764977e-04  3.9760525929e-05 -2.2688735436e-05  7.7302913992e-05 -1.4302709872e-03 -2.4818701721e-03 -1.7641657947e-05  1.6876072186e-05 -3.6054190327e-05 -2.7515957665e-04  1.0480658273e-04 -7.0041494071e-05  5.6382193170e-05  1.3889562769e-03  3.2041820086e-03 -2.6428302572e-04 -1.3784727901e-04  1.0359116753e-04 -4.7622979912e-06  2.1471657080e-04 -1.2699282415e-04 -4.0136868540e-05 -3.7757409976e-05  1.7326100729e-05 -1.0293872837e-04  2.2606395172e-03  1.9032013935e-03  2.1541620447e-03 -6.7874391165e-06  6.6722692016e-06  3.8521136277e-05  1.7124773154e-05 -7.0650227992e-06 -1.7954279984e-05 -1.4858727527e-05  4.2113820814e-06  2.9534155881e-05 -9.3848783629e-06  3.2987650079e-06 -2.4311271647e-05 -2.4352224913e-03 -2.4678068428e-03 -1.7306522181e-03

JOB 22
COORDS  1.9004845791e+00 -1.0383136013e+00 -1.2487949067e-01  2.9139800438e+00 -1.6579277920e+00  2.0051615578e+00  8.3441691947e-01 -4.5654969517e-01  5.4968064550e-01  1.8489078507e+00 -1.0678883249e+00  2.6794716631e+00  2.9315857467e+00 -1.6357077398e+00  6.0875675926e-01  8.0919576685e-01 -4.6469167599e-01  1.9533774660e+00  4.0519648263e+00 -2.2542979253e+00 -1.0144397704e-01  4.0439087997e+00 -2.2158807652e+00 -1.3383494831e+00  4.9450456835e+00 -2.7813743308e+00  5.7464489328e-01 -2.6019239911e-01  1.2777185573e-01  2.5610391252e+00  1.9431421086e+00 -1.0447863039e+00 -1.2077070855e+00  3.7284366291e+00 -2.1287642713e+00  2.5430086519e+00  1.4083384384e-02  8.0425061308e-03  1.1937307060e-02  1.8267979360e+00 -1.0704661630e+00  3.7672165135e+00 -2.9555339270e-01 -1.3868415224e-01  3.4939505003e+00
ENERGY -5.120681031955e+02
GRADIENT  2.0960161372e-06 -5.8894213768e-06  7.4320694394e-06  4.6491732367e-06  2.4873928903e-06  1.2276098640e-05 -8.2227016193e-04 -1.4098380663e-03 -1.8106720718e-05  5.5877368422e-07 -3.4436442955e-06  4.0531106587e-06 -1.8306280099e-05  1.0690067633e-05  3.7632006047e-06  8.7278195311e-04  1.6740757084e-03 -1.0324257516e-04  2.6837273417e-07  9.7493071107e-07 -7.4202567521e-07 -6.0819436683e-06  8.7127689015e-06  6.2751092131e-06 -9.1898460090e-06  2.0015811565e-06  6.8212559912e-07  1.2058666265e-03  1.4873771027e-03  6.6793648207e-04 -8.6083680205e-06  5.0007844551e-06  3.5553414926e-06 -2.1971009904e-06  1.3243019138e-06  2.7628129404e-06 -5.9670599987e-06  2.0087635728e-06  2.5423554825e-06 -1.4856096966e-06  8.9731829081e-07  4.6902155521e-06 -1.2775833996e-03 -1.7406493925e-03 -5.3916743128e-04

JOB 23
COORDS  1.8795539619e+00 -1.0331459816e+00 -1.1351683808e-01  2.8930184802e+00 -1.6608139128e+00  2.0138355626e+00  8.0792817627e-01 -4.6358657979e-01  5.6197675574e-01  1.8182071602e+00 -1.0894662103e+00  2.6885470222e+00  2.9144032372e+00 -1.6276818815e+00  6.1768997612e-01  7.7394754089e-01 -4.9000440799e-01  1.9656003805e+00  4.0432615104e+00 -2.2276517943e+00 -9.4077139978e-02  4.0364798372e+00 -2.1840768359e+00 -1.3309098789e+00  4.9429061045e+00 -2.7458841968e+00  5.8029071444e-01 -3.0366526864e-01  8.5076675307e-02  2.5722368439e+00  1.9281280077e+00 -1.0251099155e+00 -1.1960701182e+00  3.7098163086e+00 -2.1287772468e+00  2.5506136398e+00 -1.0606770870e-02  5.3293839012e-03  2.5266995226e-02  1.7896149543e+00 -1.1086840033e+00  3.7761178580e+00 -2.1759874130e-01  6.5670019017e-03  3.5362158567e+00
ENERGY -5.120686195740e+02
GRADIENT -4.7410826171e-05  2.3666523567e-05  5.0436614846e-05  1.4515800100e-04 -9.1184754008e-05  3.2129783633e-04  1.3652575683e-04 -7.5738870258e-05  2.6072357707e-05  1.4981296670e-04 -6.5246163173e-05 -5.3257427401e-04  3.9828016551e-05 -2.4141622716e-05 -3.6068875236e-05 -3.4808058671e-04  1.8553788748e-04  1.9881538580e-04 -1.6068758903e-04  9.9731320698e-05  1.0197276907e-04  1.5592564900e-04 -9.1036266206e-05  6.5369304582e-06  2.9605493216e-06 -2.2808074150e-06 -1.4390784541e-04 -1.1844971909e-04  6.3151483775e-05  6.8191457933e-05 -1.0428124493e-06 -1.7824016791e-07  2.1533350284e-05  2.6603314427e-05 -1.3408884126e-05 -3.6081277901e-05 -2.1511995820e-06 -4.4530656216e-07  4.9947132779e-05 -1.7401681234e-05  1.1396835479e-05 -5.1873545680e-05 -3.1838965008e-05  1.7419697035e-05  5.0466574445e-06

