JOB 0
COORDS  3.1494712702e+00 -9.6843774702e-01  2.2861196932e+00  2.0236847319e+00 -2.6610048569e-01  2.6956862391e+00  1.9110290659e+00 -1.8924718816e+00  4.4363020914e-01  7.6781772385e-01 -1.2016214707e+00  8.7085731772e-01  3.1209467407e+00 -1.7971082382e+00  1.1448900396e+00  8.0177244014e-01 -3.6969923972e-01  1.9984695113e+00  4.3619804041e+00 -3.1076885338e+00 -5.4339219179e-01 -1.6329192680e+00  4.9964066824e-02  1.9331770019e+00  4.2744795002e+00 -2.5225650680e+00  7.8639577892e-01 -3.0577648379e-01  3.8999772330e-01  2.4246667939e+00  4.0715376388e+00 -8.7913359308e-01  2.8580379543e+00  2.0858921024e+00  3.7842302949e-01  3.5708976833e+00  1.8373833599e+00 -2.5154113200e+00 -4.4184003510e-01 -1.4836536078e-01 -1.3164706071e+00  3.0080558026e-01  4.1678404073e+00 -2.3879910230e+00 -1.3556946298e+00  3.6480793659e+00 -3.9322851823e+00 -6.4237699864e-01  5.3632597648e+00 -3.5250224243e+00 -6.7836722072e-01 -1.8958360079e+00 -1.0117377715e+00  2.0715011868e+00 -1.7134478099e+00  2.8358848377e-01  8.6623593560e-01 -2.3697737978e+00  6.6355162471e-01  2.4580493428e+00  5.1229396395e+00 -2.0377299097e+00  1.0539647837e+00 -2.9110500383e-01  5.4896424568e-01  3.4251955963e+00
ENERGY -4.216446668935e+02
GRADIENT  6.3453582475e-06 -1.8215041873e-05 -9.9523969010e-06 -1.6455632086e-05  6.4917700979e-06 -2.4253066517e-06 -2.0070928249e-05 -7.9584822342e-07  8.3293007026e-06  7.5770755374e-06 -6.2030657821e-06 -1.8622939513e-05  1.6854189060e-05 -1.3252979025e-07  1.2921308341e-05  1.0870909764e-05  6.4514323611e-06  2.2887259196e-05 -6.2988850430e-07  7.8701476888e-06  1.3023901624e-05 -3.8417750124e-07 -1.1010224514e-06  3.7832904596e-06 -7.3279429629e-06  1.3297727047e-05 -1.6141348460e-05 -8.2895319654e-07 -1.2375496413e-05 -5.4738659604e-06  4.9506988299e-07  6.6979864875e-06  1.9577388654e-07  2.1661315307e-06 -1.8280880206e-06  2.4677212754e-06  4.0305384400e-06  4.4312866021e-06 -2.0695065809e-06 -1.1614918719e-06  6.5157914955e-07  2.6102327045e-06  3.7273171857e-06  1.6987959040e-06 -5.2703447711e-07  1.3486448884e-07  3.6861591436e-06  3.9917375402e-06  1.3764823207e-06  8.7732471425e-08  2.9817812489e-07  2.0171011893e-06 -8.8294968850e-07 -5.9856006313e-07 -1.4172548971e-06  1.7901608542e-06  2.4981188336e-06  1.9124086140e-07 -2.7065572021e-06  3.2336075047e-06  2.8102678567e-06 -8.2857138039e-06 -1.7945058434e-06  1.7275490817e-06  8.1270942496e-06 -1.2943398821e-06

JOB 1
COORDS  3.1468878439e+00 -9.8219823818e-01  2.2601235079e+00  2.0327020138e+00 -2.5036832336e-01  2.6542898760e+00  1.8651397572e+00 -1.9937765580e+00  4.9586305356e-01  7.3898206478e-01 -1.2641383938e+00  8.9821900189e-01  3.0867056285e+00 -1.8788716834e+00  1.1745659471e+00  7.9991202315e-01 -3.7608278125e-01  1.9826958510e+00  4.4039778806e+00 -3.0172651440e+00 -5.7543872757e-01 -1.6314429700e+00  6.6935990321e-02  1.9319086070e+00  4.2226309759e+00 -2.6372537315e+00  8.2226239055e-01 -2.9284068852e-01  4.1800597710e-01  2.3831422165e+00  4.0825005670e+00 -8.6127389050e-01  2.8040296047e+00  2.1178869640e+00  4.4280925982e-01  3.4894223221e+00  1.7715987741e+00 -2.6671703775e+00 -3.5045368608e-01 -1.8662566752e-01 -1.3952289831e+00  3.4722955879e-01  4.2777275833e+00 -2.1756814323e+00 -1.2753003878e+00  3.6941828537e+00 -3.8022058185e+00 -8.5550878226e-01  5.4079790525e+00 -3.4319461538e+00 -6.9899872068e-01 -1.9039813702e+00 -9.8209186832e-01  2.1334420902e+00 -1.7268407929e+00  2.4192153659e-01  8.5503145402e-01 -2.3527672291e+00  7.1766778361e-01  2.4330679179e+00  5.0652439157e+00 -2.2273738070e+00  1.2088330101e+00 -2.6025197386e-01  6.3251501265e-01  3.3727519225e+00
ENERGY -4.216441995018e+02
GRADIENT  5.5582846603e-04  1.0281598409e-03 -8.2849711429e-04 -6.6387827482e-05  2.0911639886e-05 -4.5313378641e-06 -8.2102047965e-06  6.8736341956e-05  4.0355228647e-05 -1.7556134096e-04 -3.5954901611e-05 -1.3171977870e-04 -2.1221517588e-04 -1.1379232562e-03  1.2360220643e-03  1.5624566017e-04 -4.5805668578e-05  8.0483597047e-06  6.5192853065e-04  1.1057920690e-03 -4.2403636461e-05  1.2766459807e-05 -5.8967361336e-06 -3.5295023809e-06 -9.3308521709e-04 -9.3581747455e-04 -1.3795011734e-04  1.4546766564e-05 -4.4442137074e-05 -3.0578872923e-05  6.5965405027e-06  1.0444132478e-05  1.1718984254e-05  2.8867672588e-05 -1.0103385264e-05  1.2386024755e-05 -1.7489327214e-05  1.8167422316e-05 -2.7906263594e-06 -2.8825200334e-05 -5.1322338966e-06 -9.8874356894e-06  1.0741083337e-05  1.5990796700e-05 -3.7034738504e-05  6.4083401696e-07  7.4715386831e-06 -3.6817652670e-05 -5.8216855292e-06 -1.8066698640e-05 -1.1960932201e-05 -3.7206508726e-06  1.4118307915e-06  4.1232079937e-06  1.2893576111e-06 -4.7529486793e-06  2.0902743712e-06  1.4262350600e-06  6.1882078318e-06 -2.8162573831e-06 -7.9807669637e-06 -3.3050588259e-05 -2.8107582028e-05  1.7324987363e-05 -2.5468032572e-06 -1.0498413738e-06

JOB 2
COORDS  2.2140287780e+00 -2.6485969263e+00  2.1914585958e+00  1.1526959825e+00 -1.9416512318e+00  2.7495952516e+00  2.1878051578e+00 -1.1920502886e+00  2.8129444326e-01  1.1245319601e+00 -4.7620944094e-01  8.4153258267e-01  2.7484650618e+00 -2.2971110223e+00  9.3791297613e-01  5.8450900127e-01 -8.3625065537e-01  2.0876041276e+00  4.9194833970e+00 -2.3167823041e+00 -2.2847954648e-01 -1.2641184491e+00  7.9666488195e-01  1.9098109533e+00  3.7989978681e+00 -3.0519575172e+00  3.6298051219e-01 -4.5171886479e-01 -1.1147589235e-01  2.7063297242e+00  2.6348718688e+00 -3.4921866369e+00  2.7366603983e+00  7.6832493472e-01 -2.2363748009e+00  3.7245604340e+00  2.5676112760e+00 -8.8834685570e-01 -6.8990954478e-01  7.1948935901e-01  3.6673183207e-01  2.9123263603e-01  5.3322771394e+00 -1.5434782477e+00  4.3844207845e-01  4.6116802711e+00 -1.8340681666e+00 -1.1603251749e+00  5.7112883226e+00 -3.0278265274e+00 -4.8076224172e-01 -1.6926727918e+00  3.2901873139e-01  1.0083481176e+00 -6.6990009238e-01  1.6610019876e+00  1.5949315562e+00 -2.0817006977e+00  1.1720122818e+00  2.5306816166e+00  4.1378279274e+00 -3.7385853073e+00  1.0287403608e+00 -1.0070018913e+00 -6.9458679211e-01  3.3209604276e+00
ENERGY -4.216432193013e+02
GRADIENT  1.1306802195e-03  9.6560829761e-04  7.2336515173e-04 -6.9288865419e-06  2.9743923911e-05 -2.8843337409e-06 -1.7393287342e-05  2.1475250285e-05 -4.1455503084e-06  2.3667939097e-05 -9.4747699713e-06 -1.1424992424e-05 -1.3337020849e-03 -1.4969606900e-03 -4.6795436027e-04 -8.2770847738e-06 -2.1447295918e-05  1.8578909615e-05  7.2830097177e-04 -3.2908771126e-05  1.3708406067e-03 -2.7553431289e-06  4.0276629736e-06 -3.0656959433e-06 -5.3249255002e-04  5.4374758928e-04 -1.6139182714e-03  5.7484431982e-06  9.3779264137e-06  1.2162316580e-05  1.4373966066e-06  2.9047285209e-06  5.1387949354e-06  2.4046918337e-07 -4.7623314456e-06 -3.4040566998e-06  3.5013773090e-06  2.0572345764e-07  1.2087979145e-06 -2.6312977699e-06 -2.7920158840e-06  2.4305044847e-06  3.1222769833e-06  9.3711385288e-07 -1.1819349791e-07  2.8679578222e-06 -3.7500012249e-07 -1.3428426171e-06  3.8584159908e-06  2.9918610499e-06 -1.6705010870e-06 -1.9022526237e-07 -4.5674785840e-07  1.2109419034e-06  5.7294728608e-07 -1.0289642284e-06  2.6333141359e-06 -1.0392053415e-06 -3.7264010863e-06  1.0720546766e-06  2.2854668229e-05 -4.4508232167e-06 -2.0642194894e-05 -5.6545309512e-06 -3.1478322242e-06 -3.0506909068e-06

JOB 3
COORDS  2.2573570817e+00 -2.6136327890e+00  2.1565131173e+00  1.2129383547e+00 -1.9001155311e+00  2.7415500943e+00  2.1127730557e+00 -1.2299185069e+00  1.9859312709e-01  1.0764335809e+00 -5.0000699102e-01  7.8625056746e-01  2.7228733424e+00 -2.3001674163e+00  8.6799165493e-01  6.0427629169e-01 -8.2211450145e-01  2.0717659076e+00  4.9728912577e+00 -2.3032560690e+00 -1.1293150482e-01 -1.2741753733e+00  7.8185418082e-01  1.9282600850e+00  3.7612884505e+00 -3.0502359403e+00  2.5006323695e-01 -4.0733033914e-01 -8.5563285309e-02  2.7129036160e+00  2.7172904193e+00 -3.4312074280e+00  2.7096650263e+00  8.7649242834e-01 -2.1664209035e+00  3.7420792302e+00  2.4353869409e+00 -9.7373459712e-01 -8.0710109378e-01  6.3053452010e-01  3.1581854342e-01  2.2678349186e-01  5.4260208820e+00 -1.7673592514e+00  7.3641277815e-01  4.7422105096e+00 -1.5709564461e+00 -8.9063619711e-01  5.7078384008e+00 -3.0003220554e+00 -5.2690126373e-01 -1.7442711689e+00  2.7429501908e-01  1.0704144942e+00 -7.1040068583e-01  1.6406320704e+00  1.5489458262e+00 -2.0620387982e+00  1.1706998540e+00  2.5784338453e+00  4.0115311949e+00 -3.8342995992e+00  8.4563510674e-01 -9.1648738787e-01 -6.4390652126e-01  3.3873138840e+00
ENERGY -4.216423544474e+02
GRADIENT  8.7347943999e-04  7.3754415406e-04  5.3362668056e-04  4.3329016073e-05 -4.6390699986e-06 -5.4291215438e-05  1.1637433635e-05 -2.1473085750e-05  3.9598145692e-05 -3.2306927578e-05  1.7238722345e-05  1.4792209960e-05 -1.1584433563e-03 -1.1977216346e-03 -2.5998268291e-04 -1.0918450023e-05 -8.9135194851e-06 -5.6807266972e-05  5.4256830403e-04 -1.6697929303e-04  1.0510306238e-03 -3.2195523025e-05  1.8558470042e-06 -2.5567292555e-05 -2.1598936853e-04  6.0958641695e-04 -1.3504581493e-03  3.2753185176e-05  5.2649618186e-05  6.9515786047e-05  7.7306704904e-06 -9.9220810524e-06  7.1932838775e-07  1.1287983737e-06  2.8348084423e-06 -8.8497161872e-06 -5.7285616979e-06  6.8840771722e-06  3.0857675018e-06 -3.2940650966e-07  3.3973602890e-06  1.4019596489e-07 -9.8262265673e-06 -2.2985971429e-05 -5.0288377492e-06 -2.7070229637e-05 -1.0178202487e-05  1.8689874829e-05 -1.0178770874e-05  7.4292456372e-07 -8.1652740232e-06  6.9998996505e-06  7.7037353048e-07  1.1372038233e-06  1.7770240448e-06  1.4987850235e-06  7.1333129089e-06 -2.2506526257e-06 -7.1133240239e-06  1.4159162393e-06  1.5609462452e-05  3.5129648367e-05  4.9086146128e-05 -1.7539010542e-05 -1.6009668938e-05 -1.1550643107e-05

JOB 4
COORDS  2.2950552596e+00 -2.5724844406e+00  2.1143017793e+00  1.2698518332e+00 -1.8512891895e+00  2.7244961008e+00  2.0359959925e+00 -1.2624606593e+00  1.1717981715e-01  1.0224924844e+00 -5.2039624433e-01  7.2779133121e-01  2.6900316177e+00 -2.2998548844e+00  7.9430027569e-01  6.1809579137e-01 -8.0344363932e-01  2.0463932357e+00  5.0031298815e+00 -2.3148584123e+00  1.2899192093e-02 -1.2851360895e+00  7.7643893266e-01  1.9410688937e+00  3.7269837366e+00 -3.0348153627e+00  1.4261620193e-01 -3.7077776066e-01 -5.7774793429e-02  2.7069033362e+00  2.7937768638e+00 -3.3638704803e+00  2.6717882988e+00  9.8187569422e-01 -2.0864095316e+00  3.7477443345e+00  2.3123037416e+00 -1.0483482842e+00 -9.1224891294e-01  5.3754635760e-01  2.6907917540e-01  1.6308918163e-01  5.4179713748e+00 -1.9803980321e+00  9.7778184865e-01  4.8630750920e+00 -1.4320932468e+00 -6.1665839318e-01  5.7322390910e+00 -2.9648818440e+00 -4.8139361338e-01 -1.7951523947e+00  2.3620625036e-01  1.1273331268e+00 -7.5013235334e-01  1.6258925383e+00  1.5036527783e+00 -2.0410210625e+00  1.1812458595e+00  2.6187674887e+00  3.8866791473e+00 -3.9035849925e+00  6.4630399999e-01 -8.3191758475e-01 -5.8824554653e-01  3.4357670552e+00
ENERGY -4.216415883345e+02
GRADIENT  9.6176050063e-04  8.9900837356e-04  4.5966829247e-04  6.8055200580e-06  3.2103122501e-06 -4.3466531540e-06 -3.4802775781e-06  2.1722836044e-05 -4.7747211261e-05  3.4382276321e-05 -1.6042970836e-05  6.2698238344e-06 -1.2874694378e-03 -1.6489470123e-03 -2.7148009820e-04 -1.8831932256e-05  3.4732715807e-05  4.3752119912e-05  2.4152542549e-04 -5.3314341965e-04  1.0762096602e-03  2.2130333627e-05  3.2134071036e-06  2.2276080683e-05  5.8474571207e-05  1.2388907415e-03 -1.2082552311e-03 -3.0901489280e-05 -4.5125828085e-05 -4.6493812842e-05  3.1205531296e-06  5.0987555959e-06 -2.6108942467e-06 -4.1158438025e-06 -7.6491564681e-06 -2.4408454040e-06  2.1458592078e-06  4.7044742280e-06  5.8093415612e-06 -1.7306131584e-06 -7.0839559113e-06  2.0428701370e-06  1.8444505355e-05  1.3912747532e-05  5.2288614654e-06  1.8995366898e-05  4.9910506324e-06 -5.5549192221e-06  1.3505524464e-05  6.2763588883e-06  3.7317954792e-06 -6.2262862963e-06 -1.3095643379e-06  2.9851115390e-06  9.9354199757e-07 -4.1702353644e-06 -2.5013864989e-06  3.8700907359e-06  5.6240697991e-06  2.4195953450e-06 -3.7704386703e-05  8.2479244791e-06 -4.3395142384e-05  1.2719420910e-05  7.4349095071e-06  7.4204993340e-06

JOB 5
COORDS  2.3530944193e+00 -2.5202791134e+00  2.0596561735e+00  1.3448651072e+00 -1.8035522964e+00  2.7010236347e+00  1.9706450143e+00 -1.2691864037e+00  4.4351694938e-02  9.7068118762e-01 -5.3067208907e-01  6.8253210830e-01  2.6751239766e+00 -2.2751533412e+00  7.1444343406e-01  6.3841588125e-01 -7.8757324008e-01  2.0264021034e+00  5.0348315314e+00 -2.3436674009e+00  1.3057050355e-01 -1.3009615352e+00  7.5185912669e-01  1.9768899273e+00  3.7146851868e+00 -2.9869829002e+00  2.7560633556e-02 -3.3295419957e-01 -4.7106722695e-02  2.7134287131e+00  2.8952106224e+00 -3.2874119446e+00  2.6104698399e+00  1.1096233401e+00 -2.0162872184e+00  3.7425338461e+00  2.2023665636e+00 -1.0789625707e+00 -1.0005740630e+00  4.4249962248e-01  2.3458216381e-01  1.2331525404e-01  5.3719035589e+00 -2.1919929270e+00  1.1693071766e+00  4.9970315346e+00 -1.3646205017e+00 -3.5565494035e-01  5.7748491691e+00 -2.9545296549e+00 -3.9705636768e-01 -1.8370294834e+00  1.8333214925e-01  1.2003063282e+00 -8.0677603623e-01  1.6030755797e+00  1.4968880018e+00 -2.0322454452e+00  1.1542780259e+00  2.6822958860e+00  3.7812969133e+00 -3.9268129047e+00  4.1230710065e-01 -7.3881357482e-01 -5.5843544504e-01  3.4871581272e+00
ENERGY -4.216407023616e+02
GRADIENT  1.0677855365e-03  1.1178617471e-03  4.8604686483e-04 -7.2223950533e-07 -1.2865009053e-05 -2.9683860222e-05 -2.4100770719e-05 -1.6477314079e-05  9.3727245147e-05 -6.1394794115e-05  8.4690682379e-05 -5.2552179539e-05 -1.4594620148e-03 -2.0335996521e-03 -2.4979168689e-04  1.3089385805e-05  1.4892947208e-05  2.1875270508e-05  2.5009672206e-04 -7.9026712181e-04  1.1704297825e-03  2.6066358487e-05  3.4037144891e-06  2.3116954029e-05  1.8085607197e-04  1.6674571302e-03 -1.3726757025e-03 -2.1082799869e-05 -7.0847582169e-05 -9.1808445361e-05  1.5265650246e-06 -1.0915525591e-05 -8.7329735519e-06  5.3716174785e-06 -5.4700768484e-06 -1.5426261903e-06 -3.6190350777e-06  1.6923519447e-06  1.1060852212e-05 -5.7126461191e-06  1.6964878775e-05  2.1934634443e-06 -6.8232253096e-06  7.8292730845e-06  7.6457483418e-06 -2.3217353064e-05 -1.4942629836e-05 -8.4574954225e-06  9.5488958052e-06 -9.3659505040e-06  5.4596194339e-06  9.7064779798e-06  4.2222988457e-06 -6.6301731187e-06  4.5659506069e-07  9.9578681243e-06  5.1319700823e-06 -3.7569948980e-06 -7.6304949697e-06 -1.5135565765e-06  4.6346737088e-05  7.1840454056e-06 -4.0359390745e-05  2.8425267985e-05  3.5736744262e-05  2.4459064327e-05

JOB 6
COORDS  2.4141385158e+00 -2.4364289539e+00  2.0135880241e+00  1.4149509389e+00 -1.7315888124e+00  2.6793787343e+00  1.9099588636e+00 -1.2519977399e+00 -1.5837590263e-02  9.1002102485e-01 -5.3007476995e-01  6.4334039183e-01  2.6708854011e+00 -2.2168546837e+00  6.4930346519e-01  6.4594109041e-01 -7.5876551626e-01  2.0066766550e+00  5.0607507796e+00 -2.4179186388e+00  2.4853531773e-01 -1.3425707174e+00  7.1762111549e-01  2.0033757177e+00  3.7106279497e+00 -2.9114825770e+00 -6.7160625957e-02 -3.1795797957e-01 -3.1494191409e-02  2.7155371924e+00  3.0007238224e+00 -3.1738857665e+00  2.5590869542e+00  1.2300725821e+00 -1.9209080067e+00  3.7355081430e+00  2.1012215716e+00 -1.0806714420e+00 -1.0718976133e+00  3.3426931025e-01  2.0285213938e-01  8.7843826509e-02  5.3127428773e+00 -2.4590089894e+00  1.3211893895e+00  5.1434924350e+00 -1.3758006517e+00 -7.4348770530e-02  5.7977969562e+00 -3.0057194808e+00 -3.0890846549e-01 -1.8957606425e+00  1.1116413831e-01  1.2688030467e+00 -8.9675967460e-01  1.5683713000e+00  1.4775885991e+00 -2.0525247302e+00  1.1188037937e+00  2.7308604543e+00  3.6673536221e+00 -3.9017615438e+00  1.6624387032e-01 -6.7029006937e-01 -5.3075357174e-01  3.5226492719e+00
ENERGY -4.216397339457e+02
GRADIENT  1.1863813630e-03  1.0589712281e-03  4.7469974363e-04 -5.0989439964e-07  3.0865291015e-05 -6.2651721217e-05 -1.3061968975e-05  3.2311951123e-05 -1.0095529911e-04 -2.3408561649e-05  5.9798712611e-06  1.1321757161e-05 -1.7375701507e-03 -2.0039480867e-03 -4.2282839237e-05  2.9834334724e-05 -4.0842543950e-05 -5.5601174632e-05  1.3948997241e-04 -1.0531226858e-03  1.1709962748e-03 -2.2371875665e-05 -4.1950068589e-06 -3.2419440203e-05  3.8349943837e-04  1.9870778595e-03 -1.3890144999e-03  5.4491820654e-05  5.9470101575e-05  5.7403414518e-05  1.1637250859e-05 -1.6388739609e-05  2.9095610489e-05  1.2467602470e-05 -5.8118936988e-06 -1.0365344528e-05 -3.8951291069e-06  1.2684524164e-05 -1.6418761993e-05 -7.1030570032e-08 -6.5081483703e-07 -1.1676060786e-05 -5.6410842852e-06 -1.3307192752e-05 -2.6561068417e-05 -8.3793447062e-05 -3.6379908095e-05 -1.1743749517e-05 -1.1569761701e-05  4.4634576199e-06 -5.5738964719e-06 -1.5048076676e-06 -8.1489170028e-08  3.1543084167e-06  6.0676094710e-06 -6.5168887014e-06 -6.1780551999e-06  6.2774207169e-06  5.5046207867e-06 -1.7913112692e-07  1.2185182704e-04  1.8428465347e-05  2.6220118960e-05 -2.0770688606e-05 -3.4709856736e-05 -2.2571268828e-05

JOB 7
COORDS  2.4916034562e+00 -2.3236138363e+00  1.9794991615e+00  1.4909846249e+00 -1.6375210388e+00  2.6611808982e+00  1.8773384724e+00 -1.2123673833e+00 -5.9427931793e-02  8.6458303007e-01 -5.1875500186e-01  6.1166823290e-01  2.6991648052e+00 -2.1271111541e+00  6.0278520849e-01  6.5781290652e-01 -7.1753208146e-01  1.9890653481e+00  5.0943784434e+00 -2.5400650414e+00  3.4238095336e-01 -1.3903363184e+00  6.7495520914e-01  2.0180236863e+00  3.7331665930e+00 -2.8068980192e+00 -1.4203269433e-01 -3.0970450115e-01 -1.0264901361e-02  2.7111220729e+00  3.1178335659e+00 -3.0271710940e+00  2.5244521661e+00  1.3490904532e+00 -1.8044607346e+00  3.7277643467e+00  2.0358210042e+00 -1.0548433287e+00 -1.1228406258e+00  2.4189874493e-01  1.7549517547e-01  5.7092176266e-02  5.2646939285e+00 -2.8019157013e+00  1.3997150176e+00  5.3112260708e+00 -1.4740313919e+00  2.2357317079e-01  5.8072658007e+00 -3.1013815641e+00 -2.7100761281e-01 -1.9429204417e+00  2.4914203504e-02  1.3213175668e+00 -1.0008620728e+00  1.5282808452e+00  1.4531117921e+00 -2.0902094194e+00  1.0664448729e+00  2.7603633580e+00  3.5632822019e+00 -3.8105792401e+00 -1.1373435099e-01 -6.0701100434e-01 -4.9372920551e-01  3.5493097436e+00
ENERGY -4.216388200249e+02
GRADIENT  7.5849868702e-04  9.3084065306e-04  2.3942405751e-04  5.9434171778e-06 -3.1387419814e-06  2.0618554196e-05  1.5278053985e-06 -1.0807248313e-05  7.7925917676e-06 -1.2193444258e-05  2.1531536259e-06  7.6382247055e-06 -1.1978591262e-03 -1.7296431137e-03 -1.0313771105e-04  5.0180084023e-06 -6.4120431493e-06 -2.2928621694e-05 -9.7283105869e-05 -8.6698062504e-04  6.7216538020e-04 -5.4910296526e-06 -3.4751810071e-07 -7.9685308344e-06  5.4619578511e-04  1.6821346671e-03 -8.1022890785e-04  1.0246511342e-05  2.0218223143e-05  2.5614955969e-05  2.1825677722e-06  4.5601503677e-06 -1.3385889419e-06 -2.7675088247e-06  1.5509805287e-06  2.8433846924e-06  2.8208604616e-06 -1.9214568468e-07  2.0212911779e-06 -1.9567946292e-06 -2.7678780620e-06 -1.6303998539e-06 -6.8190898499e-06  4.8936289241e-06  2.9575380416e-06 -1.4451591492e-05 -8.0015818630e-07 -1.1854442352e-05 -9.6144479988e-06 -6.3863512903e-06  8.3156272675e-07 -2.8346643000e-06 -2.1536225698e-06  1.8421886122e-06 -4.2758033512e-07 -4.3736803021e-06 -3.2871795053e-06  1.5945875154e-06  2.8603172071e-06 -7.5159525905e-07  3.0002586414e-05 -2.2172338553e-07 -1.0626840971e-05 -9.0135391402e-06 -1.4273931251e-05 -8.6115308552e-06

JOB 8
COORDS  2.5775914273e+00 -2.1849379974e+00  1.9748730803e+00  1.5645556957e+00 -1.5168617189e+00  2.6569380523e+00  1.8671692145e+00 -1.1722883376e+00 -8.3340403236e-02  8.3093691394e-01 -5.1303109005e-01  5.8544649124e-01  2.7526207576e+00 -2.0198873789e+00  5.8927775918e-01  6.6847460067e-01 -6.6751536682e-01  1.9744553585e+00  5.1140699345e+00 -2.7029100502e+00  4.2611746145e-01 -1.4475712031e+00  6.1859498521e-01  2.0053937818e+00  3.7764233413e+00 -2.6923759829e+00 -1.6835151351e-01 -3.1457552781e-01  2.0427899108e-02  2.6953931279e+00  3.2421061118e+00 -2.8415756071e+00  2.5308957375e+00  1.4577020163e+00 -1.6503455270e+00  3.7323620799e+00  1.9989728698e+00 -1.0351261354e+00 -1.1532838717e+00  1.6235463633e-01  1.2932100023e-01  2.1714868155e-02  5.1966217317e+00 -3.2375281962e+00  1.3872283719e+00  5.4388862808e+00 -1.6706622196e+00  5.8813328162e-01  5.8107701008e+00 -3.1693295896e+00 -2.7852658825e-01 -1.9814788497e+00 -8.7341388822e-02  1.3495558115e+00 -1.1190733565e+00  1.4679197733e+00  1.3973036797e+00 -2.1490538277e+00  1.0021626153e+00  2.7503916207e+00  3.4833110898e+00 -3.6381166669e+00 -4.0096882196e-01 -5.6538186685e-01 -4.4439109158e-01  3.5590451134e+00
ENERGY -4.216386366607e+02
GRADIENT -6.7579487029e-04 -6.1329678436e-04 -1.5970046017e-04  9.7709967402e-06 -2.0861822675e-05  1.3708738718e-04  1.1969819845e-05 -1.5210418360e-05  1.4031085299e-04 -1.0892652473e-04  1.0269497087e-04 -4.4802709767e-05  1.0415550031e-03  1.3110894019e-03 -1.1695825374e-04  8.8969476398e-05 -6.2684583356e-05 -8.6233216317e-05  1.1694862536e-04  7.2764385513e-04 -4.8404354957e-04  5.0549596194e-06 -5.8364503629e-06 -7.2658190226e-06 -5.4462405211e-04 -1.4328960117e-03  6.6943910226e-04  2.8764806922e-05 -1.9183105559e-05 -1.6728879980e-05 -6.8084653351e-06  5.0074092391e-06 -1.9583195479e-05 -6.2923998151e-06 -8.1151899280e-06  2.1255009907e-05 -7.9982062541e-06  2.1589267459e-06  1.5084413640e-05 -1.7936416176e-05  1.4657591220e-05 -8.2818566505e-06  1.2261233274e-05  6.1520262377e-06  2.1434218008e-05  1.4195390434e-05  3.3164191658e-06  9.8225449280e-07  1.4688418007e-05 -9.4331407270e-06  8.1299768468e-06  7.6882461852e-07  3.1106226425e-07  3.9404467013e-07 -3.6461895481e-07 -1.5211281657e-07  2.4979243051e-06  4.4721669557e-07 -3.8302682437e-06  3.6678288482e-06  1.1653191472e-05  2.3257399115e-05 -6.6139771774e-05  8.9279053577e-06 -1.6753154886e-06  3.7043309597e-06

JOB 9
COORDS  2.6619817970e+00 -2.0532272021e+00  1.9771538279e+00  1.6366017049e+00 -1.4065736701e+00  2.6642058433e+00  1.8506114567e+00 -1.1390142593e+00 -9.1260648313e-02  7.9722380928e-01 -5.1833059133e-01  5.8469189013e-01  2.8001589660e+00 -1.9173067720e+00  5.8411585980e-01  6.7934029785e-01 -6.2983027547e-01  1.9827670464e+00  5.0933336945e+00 -2.8434552491e+00  4.7984905685e-01 -1.4995822589e+00  5.4421203513e-01  2.0271697382e+00  3.8200446503e+00 -2.5691802911e+00 -1.7322183637e-01 -3.1854474161e-01  3.6464184751e-02  2.7092973171e+00  3.3671672530e+00 -2.6609216332e+00  2.5371648604e+00  1.5674830976e+00 -1.5083493988e+00  3.7461697631e+00  1.9466211087e+00 -1.0202325493e+00 -1.1676526465e+00  8.2317975063e-02  6.9323494067e-02  1.8070897124e-02  5.0534141004e+00 -3.5941660988e+00  1.2878542284e+00  5.4852798052e+00 -1.9137995668e+00  9.0365423707e-01  5.8072721191e+00 -3.1985137858e+00 -2.7044134579e-01 -2.0116632010e+00 -2.1457795556e-01  1.4137687840e+00 -1.2328586620e+00  1.3844212255e+00  1.3775795490e+00 -2.2018955114e+00  9.2055148840e-01  2.7752310356e+00  3.4658397819e+00 -3.3700255973e+00 -6.8583024629e-01 -5.2957117336e-01 -4.2179427058e-01  3.5872933807e+00
ENERGY -4.216399456931e+02
GRADIENT -1.9777545446e-03 -2.5848523095e-03 -4.3015410217e-04  2.2016786378e-05 -1.8179212820e-05  3.5215546180e-06  3.3742221858e-05 -9.0534177250e-06 -5.1415193233e-07 -3.0311590077e-05  3.7439583920e-06  1.1236823781e-05  3.5567545181e-03  5.3045148196e-03  2.6589447739e-04 -2.7116621373e-06  3.2445451838e-05 -2.0282127948e-05  1.0257537239e-03  2.6309223278e-03 -9.1968668637e-04  1.3358251274e-05  9.4709481382e-06  6.5348960363e-06 -2.7309382962e-03 -5.2982990106e-03  1.1099591035e-03 -5.3944126093e-06 -2.9582220054e-05  1.1256471548e-06  2.0588860341e-06 -5.3118531300e-06 -4.8715145988e-06  9.4768561398e-07  3.5886551536e-06  4.8841847319e-07 -6.8966199530e-06  5.5324792109e-07  5.1257684423e-07 -9.6611525891e-07  1.1922012058e-06 -2.1617136230e-06 -2.0030963588e-06  8.1502583616e-06  6.4122637241e-06  6.7231699143e-08  4.3060773250e-06 -1.5508885456e-05 -9.3013628832e-06 -1.0017504404e-05 -4.3393386044e-06 -4.0370323268e-06 -1.2688541855e-06  5.5242980866e-06  1.9087290626e-06 -3.7631444720e-06 -1.5376226465e-06  2.5038374289e-06  3.5702053185e-06  2.7636957304e-06  1.0832655556e-04 -3.4960604025e-05 -1.5546229374e-05  1.4237855147e-07 -2.4165601021e-06 -3.1685577010e-06

JOB 10
COORDS  2.7328423757e+00 -1.9456158576e+00  1.9730711268e+00  1.6968895705e+00 -1.3154445911e+00  2.6628814244e+00  1.8405197126e+00 -1.1205022561e+00 -1.0148053259e-01  7.8063383516e-01 -5.2288690055e-01  5.8197311100e-01  2.8370835029e+00 -1.8432613628e+00  5.7406436494e-01  6.9634891977e-01 -5.9628930681e-01  1.9853763812e+00  5.0502194535e+00 -2.9592811616e+00  5.0768786288e-01 -1.5277364597e+00  4.8650193359e-01  2.0415870861e+00  3.8687071005e+00 -2.4600597603e+00 -1.7323708196e-01 -3.1222512996e-01  5.5929611439e-02  2.7168538641e+00  3.4683839432e+00 -2.5111166570e+00  2.5368117141e+00  1.6569395064e+00 -1.3899731548e+00  3.7484923580e+00  1.9028112805e+00 -1.0237843695e+00 -1.1831836634e+00  3.1388996314e-02  1.9185857187e-02  1.4236226577e-02  4.8648617206e+00 -3.8063097925e+00  1.1908450562e+00  5.5041683231e+00 -2.1502906996e+00  1.0891296061e+00  5.7797492741e+00 -3.2833969464e+00 -2.4056429283e-01 -2.0170672200e+00 -3.1404605447e-01  1.4630828256e+00 -1.3112295428e+00  1.3155553478e+00  1.3597247836e+00 -2.2325685948e+00  8.5668313185e-01  2.7905362156e+00  3.5248997770e+00 -3.0738251905e+00 -9.0178028902e-01 -4.9470573817e-01 -3.9936862775e-01  3.6031118148e+00
ENERGY -4.216420163409e+02
GRADIENT -1.8444218726e-03 -2.9062603666e-03 -3.6823761351e-04 -2.9545245811e-05  4.6828653651e-05 -4.9852582371e-05 -1.6965771778e-05  6.2590306466e-06 -1.0788465453e-04  5.1801874188e-05 -1.6701412151e-05 -9.4250816057e-06  3.6351901028e-03  5.8502628156e-03  4.7721509058e-04 -2.5190992002e-06 -1.9366672582e-05  4.3242878012e-05  1.4017241521e-03  2.8598218973e-03 -3.8913237593e-04 -1.3096813260e-06 -7.7840950632e-07 -9.8238228948e-07 -3.2125687463e-03 -5.8342643243e-03  3.6547071023e-04  6.1376809593e-07  2.8505121572e-05  1.0310324942e-05  1.4681217971e-05  6.9928278684e-06  1.3445938069e-05  1.0013106356e-05 -7.8800495132e-06 -9.6648322955e-06 -3.3960521212e-07  5.0695354715e-06 -9.1154516181e-06 -2.6928165028e-07 -8.9315335588e-06  3.8950114436e-06  6.4876716256e-07 -2.2458426327e-06 -1.1241143419e-06  2.4114773136e-06 -3.1948484178e-07 -3.4418501667e-06  1.1482557623e-06 -7.5691639692e-07 -2.0284171740e-06 -3.2552526441e-06 -3.3266198960e-07  5.7703945809e-06  4.6297463176e-07 -2.2364328019e-06  1.4059046483e-06  1.0337671814e-06  1.0250956583e-06  3.1224983760e-06 -6.7812682797e-06  7.1921499618e-06  5.2026454598e-06 -2.8562154211e-06 -1.0094065554e-05 -1.1064214363e-06

JOB 11
COORDS  2.7880885127e+00 -1.8538780822e+00  1.9836519574e+00  1.7345677878e+00 -1.2438806357e+00  2.6666774015e+00  1.8470488096e+00 -1.1113274488e+00 -1.0080679501e-01  7.7679869364e-01 -5.3000980818e-01  5.7907357559e-01  2.8745268874e+00 -1.7856405122e+00  5.8123209916e-01  7.0552246236e-01 -5.7342061054e-01  1.9844191317e+00  4.9996416313e+00 -3.0588797450e+00  5.4087121373e-01 -1.5542663729e+00  4.3154154687e-01  2.0336406521e+00  3.9332605401e+00 -2.3588186539e+00 -1.5253954071e-01 -3.1970977240e-01  6.2273480567e-02  2.7108889492e+00  3.5465667652e+00 -2.3770854100e+00  2.5567479284e+00  1.7075467296e+00 -1.2952530436e+00  3.7539843844e+00  1.8900498173e+00 -1.0393677537e+00 -1.1858983625e+00  5.0562968185e-03 -2.7861417763e-02  4.7914701889e-03  4.6603522994e+00 -3.9255694499e+00  1.1336040225e+00  5.5192058242e+00 -2.3700570874e+00  1.2154143633e+00  5.7264403906e+00 -3.4116979897e+00 -1.9598160155e-01 -2.0174198795e+00 -3.9954483311e-01  1.4767160497e+00 -1.3724586661e+00  1.2519106532e+00  1.3313528529e+00 -2.2681261617e+00  7.9317819291e-01  2.7782896892e+00  3.6233921423e+00 -2.8240262139e+00 -9.9677196856e-01 -4.8398202976e-01 -3.8664155577e-01  3.6040605498e+00
ENERGY -4.216436566164e+02
GRADIENT -1.0688542107e-03 -1.7843601303e-03 -1.7124326652e-04 -4.9824632019e-06  6.7777200116e-06 -3.4079221882e-05 -1.5263582117e-05  5.9896531556e-06  1.3915827065e-05  2.0377444481e-05  1.9611797511e-06 -8.3028760939e-06  2.1697485245e-03  3.5842263850e-03  3.3636097181e-04 -2.2982734251e-05  2.7181855268e-06  3.9026786572e-05  9.7972742171e-04  1.6530327886e-03  1.3603540335e-04 -4.2983558789e-06  6.9094608379e-07  8.6901443775e-06 -2.0625033811e-03 -3.4729368365e-03 -3.0962868430e-04 -5.8957352685e-06 -4.4818231779e-06 -2.1122140680e-05  1.3013051162e-05  2.0625197965e-06 -1.2960063102e-06  1.7646417349e-06 -2.5457169772e-06 -4.6497840340e-06 -5.4863673322e-09  2.7787155652e-07 -1.4838733577e-06 -1.6840334641e-06 -4.2948535274e-06  4.2484346053e-06 -4.8840927882e-07  7.1459760234e-06 -5.7317183822e-08 -5.4947307472e-06  1.2293352937e-05 -1.3392420747e-05 -6.6063946142e-06 -4.0306767314e-06 -8.5055421653e-06  3.8157529820e-06  3.9679716924e-07 -1.9053032418e-07 -3.0015693426e-06  3.6457126176e-06  5.3953689532e-06 -1.4080310522e-06 -4.3047578981e-06  2.4924373327e-06  1.1724432234e-05 -1.0512643010e-05 -1.2879484179e-06  8.7507741355e-06  1.8320663370e-05  8.9886730930e-06

JOB 12
COORDS  2.8441808884e+00 -1.7622041519e+00  1.9815639784e+00  1.7781559756e+00 -1.1761977385e+00  2.6656020662e+00  1.8479382503e+00 -1.1024114725e+00 -1.0462518808e-01  7.7138231304e-01 -5.3661378368e-01  5.7906830499e-01  2.9061408739e+00 -1.7282684172e+00  5.7630139191e-01  7.1842439559e-01 -5.5317759529e-01  1.9852366361e+00  4.9335374279e+00 -3.1450576376e+00  5.0974960526e-01 -1.5702344052e+00  3.8282550167e-01  2.0436500245e+00  3.9906096107e+00 -2.2561109863e+00 -1.5125184669e-01 -3.1841453761e-01  6.2532888424e-02  2.7139826450e+00  3.6307960694e+00 -2.2405234374e+00  2.5557781957e+00  1.7683873735e+00 -1.2049527616e+00  3.7539734410e+00  1.8677516585e+00 -1.0567095719e+00 -1.1921901130e+00 -2.4288038944e-02 -7.3681986343e-02  4.5810747055e-03  4.4566958480e+00 -4.0040630098e+00  1.0106278915e+00  5.5132153342e+00 -2.5947195426e+00  1.2585458978e+00  5.6389027988e+00 -3.5245764869e+00 -2.3416453203e-01 -2.0144612509e+00 -4.7122285790e-01  1.5062103331e+00 -1.4197723711e+00  1.1954920664e+00  1.3251310914e+00 -2.2869295721e+00  7.3666403668e-01  2.7893522032e+00  3.7100350333e+00 -2.5911438196e+00 -1.0650154547e+00 -4.6147731202e-01 -3.8078600059e-01  3.6135995579e+00
ENERGY -4.216443692530e+02
GRADIENT -1.9692573487e-04 -2.8929757795e-04  5.2424608625e-06  5.5425221604e-05 -9.0386014948e-06 -1.3787577762e-04  1.8965139800e-05  2.4974515409e-05 -1.7984585362e-04  2.7317137788e-04 -1.4544595612e-04  1.7050541651e-04  4.0956756680e-04  5.3190986854e-04 -2.1011978318e-05 -2.3492263750e-04  1.2505082610e-04  1.3138213888e-04  1.9298909379e-04  3.6359364839e-04  2.1946442091e-05  5.8678662697e-06  9.8994071040e-06  3.1563551878e-05 -6.1465542798e-04 -4.8299570752e-04 -1.3673239173e-04 -7.0738150052e-05 -2.4633928924e-06  3.1972605486e-05 -1.7900845746e-05  1.5384250988e-05 -1.2219554165e-05 -2.4648429843e-05  1.1616994587e-05 -2.0086617313e-05  2.4631876778e-05 -3.0400812760e-06 -7.7161019949e-06  3.8699206696e-05 -2.1717366497e-05  2.8906499698e-05  1.6271794427e-05 -3.1375736572e-05  2.0119138360e-05  6.8940762037e-05 -6.1234410125e-05  3.3755448351e-05  1.4772815372e-05 -2.6336806168e-05  2.2132285343e-05  1.1990091406e-06 -1.5904356408e-06 -2.5898012007e-06 -3.9823419978e-06  4.6005848972e-06  6.6866611825e-06 -2.3471779753e-06 -2.0549000936e-06  6.0455099279e-07  7.0789656881e-05 -1.5281526670e-05  8.2483895389e-06 -3.7644448206e-06  2.9250415795e-05  9.3565233926e-06

JOB 13
COORDS  2.9117569394e+00 -1.6560632422e+00  1.9982778699e+00  1.8298566426e+00 -1.0972160339e+00  2.6774389408e+00  1.8708775811e+00 -1.0943461906e+00 -9.3897817768e-02  7.8222828250e-01 -5.4356876757e-01  5.8540451163e-01  2.9566717316e+00 -1.6625513596e+00  5.9166516238e-01  7.4224995501e-01 -5.2867645148e-01  1.9909944100e+00  4.8726860100e+00 -3.2173437821e+00  4.6961294272e-01 -1.5747413687e+00  3.3412125711e-01  2.0483251816e+00  4.0696973412e+00 -2.1526376842e+00 -1.2339342936e-01 -3.0941026816e-01  6.5668426194e-02  2.7158701294e+00  3.7263232231e+00 -2.0828483609e+00  2.5749069123e+00  1.8312999464e+00 -1.0968695659e+00  3.7661926936e+00  1.8740911301e+00 -1.0830072028e+00 -1.1828179915e+00 -3.4937302727e-02 -1.2500550359e-01  7.0946919143e-03  4.2722334243e+00 -4.0636868165e+00  8.4034857559e-01  5.4668197037e+00 -2.8300179105e+00  1.3035101363e+00  5.5750702463e+00 -3.5867771051e+00 -2.8225417454e-01 -1.9963345203e+00 -5.4375574168e-01  1.5314615006e+00 -1.4534319971e+00  1.1360399459e+00  1.3124074749e+00 -2.2969359176e+00  6.8133265984e-01  2.7918170197e+00  3.8208511002e+00 -2.3621801820e+00 -1.0835013695e+00 -4.3265479769e-01 -3.6579197668e-01  3.6241238406e+00
ENERGY -4.216441501046e+02
GRADIENT  4.1680090522e-04  9.4696797289e-04 -3.1141460442e-05 -4.3264767404e-05  1.5991381534e-06 -1.4692024199e-05 -5.3097730682e-05  4.3985273580e-05 -2.7677722847e-05  6.6126690409e-05 -5.4003629188e-05 -4.4557970657e-06 -8.8044835435e-04 -1.7437713425e-03 -1.7227347919e-04 -9.1226268737e-06  1.4215189677e-05  5.7820460647e-05 -5.2549106289e-04 -6.6689297193e-04 -4.0454713613e-04  3.2917660601e-06 -5.1506864775e-07  6.9276904669e-06  1.0580381087e-03  1.5341348518e-03  5.6855748725e-04 -1.9741541016e-05  1.6896025040e-05  1.1034767524e-05 -1.1018781769e-05 -1.2694169054e-05 -1.2022092039e-06  3.7688514546e-06  9.1616306008e-06 -3.0131137131e-06  1.2480323245e-05 -8.6031302256e-06 -4.2280540231e-06  6.4267640475e-06  4.9188743915e-06  1.1586238078e-05  6.6597367894e-07 -1.2627915998e-05 -1.2126579396e-05 -1.7488988729e-05 -7.5306582499e-06  1.0129136618e-05  8.3853103739e-06  1.0419724289e-05  1.7624033245e-06 -1.9419031530e-06  9.1555673258e-07  1.2719362213e-06 -2.8843270369e-06  2.7488867254e-06  2.8366826339e-06 -8.5727948510e-07  1.3550987109e-06  2.5062596476e-06 -2.8547014841e-05 -4.7983307921e-05 -1.2267677169e-06 -5.6557699252e-06 -4.2365455789e-06  5.6953421339e-07

JOB 14
COORDS  2.9686317351e+00 -1.5456796876e+00  2.0345145403e+00  1.8696704172e+00 -1.0105983052e+00  2.7011810225e+00  1.8953649557e+00 -1.1059012255e+00 -6.9269602682e-02  7.9132883571e-01 -5.6504132029e-01  5.9710505961e-01  3.0039228932e+00 -1.6062078736e+00  6.2846944390e-01  7.5735742918e-01 -5.0605304462e-01  2.0003312777e+00  4.7863922487e+00 -3.2985005523e+00  4.2695397387e-01 -1.5870003360e+00  2.7984176244e-01  2.0442134022e+00  4.1442825427e+00 -2.0775475949e+00 -6.4895113385e-02 -3.1054236827e-01  7.2267443304e-02  2.7121311499e+00  3.8103021472e+00 -1.9092260117e+00  2.6165480357e+00  1.8771911231e+00 -9.6831931721e-01  3.7890668616e+00  1.8885872355e+00 -1.1399158817e+00 -1.1578188921e+00 -4.3210477112e-02 -1.9617877290e-01  9.8953029773e-03  4.0804105454e+00 -4.1289016110e+00  5.8612356792e-01  5.3037714169e+00 -3.1049045759e+00  1.3708857404e+00  5.5443694130e+00 -3.6114623760e+00 -2.9657717557e-01 -1.9820259076e+00 -6.2651097570e-01  1.5565803898e+00 -1.4948036477e+00  1.0624938893e+00  1.2837431422e+00 -2.3164747782e+00  6.2590970892e-01  2.7810227773e+00  3.9397256173e+00 -2.1575291212e+00 -1.0556057351e+00 -4.1364425155e-01 -3.3144356857e-01  3.6354301782e+00
ENERGY -4.216433699910e+02
GRADIENT  4.7332176759e-04  1.3219110759e-03 -1.1297948399e-04  2.9952677728e-06  8.7365551847e-06  9.1615615998e-05  4.0154748672e-05 -1.9075098395e-05 -5.5591515520e-05  3.0957858301e-05 -9.0233297750e-06  1.5279728121e-05 -1.3414347013e-03 -2.3417025511e-03 -2.0210939862e-04  1.5081070699e-05 -3.1209877648e-05 -2.2148605602e-05 -7.9148696831e-04 -8.7704971481e-04 -7.2112677555e-04 -3.2231271323e-05 -1.3595328065e-05 -1.9340132593e-05  1.6812996879e-03  1.8931082877e-03  1.0294347865e-03  3.8557289131e-05  4.3876385506e-05  2.2339068373e-05 -1.0834996515e-05  1.4788949313e-05  4.8775886551e-06 -5.2764848647e-06 -1.8506527520e-07  1.0092187219e-05 -1.4027952167e-06  7.2262374111e-06 -8.3576820891e-06  4.4990102190e-06 -5.4319979198e-07 -1.3853951086e-07 -6.0906071682e-07  2.3721927886e-05 -2.5188060534e-05 -2.6288021110e-05  2.3215892812e-05 -1.5461546900e-05  6.1375582769e-06  2.9832713398e-05 -5.1827912599e-07  2.6840537497e-06  2.5275498391e-06  3.5862765105e-06  1.9457400943e-06 -4.0862268587e-08  4.7812001008e-06  1.9282277210e-06  8.9622771663e-07  1.6299652292e-06 -9.9288093308e-05 -5.1723075436e-05 -2.1381616662e-06 -6.2935622187e-06 -1.8420766861e-05  1.6481665969e-06

JOB 15
COORDS  3.0255006727e+00 -1.4314431211e+00  2.0705344545e+00  1.9129209954e+00 -9.1661917411e-01  2.7267826481e+00  1.9173193082e+00 -1.1270706180e+00 -3.8721849628e-02  7.9961303285e-01 -5.9457369380e-01  6.1529809079e-01  3.0480854232e+00 -1.5537914577e+00  6.6827451356e-01  7.7555885839e-01 -4.8287952123e-01  2.0146620524e+00  4.6679311671e+00 -3.3746866518e+00  3.5755290775e-01 -1.5936240022e+00  2.2636399738e-01  2.0521159304e+00  4.2101434041e+00 -2.0260459303e+00  3.6312654917e-04 -3.0506305794e-01  8.3352791270e-02  2.7132501529e+00  3.8956504755e+00 -1.7268229332e+00  2.6505025985e+00  1.9287286183e+00 -8.2325110485e-01  3.8113671212e+00  1.9010648217e+00 -1.2122555682e+00 -1.1243343813e+00 -5.2151726876e-02 -2.7776849987e-01  2.2499971028e-02  3.8926873489e+00 -4.1473326290e+00  2.3090985006e-01  4.9992099288e+00 -3.3952210213e+00  1.3989002808e+00  5.5305888184e+00 -3.6317716336e+00 -2.6449877804e-01 -1.9636495272e+00 -7.0949199367e-01  1.6024417209e+00 -1.5335665985e+00  9.8289361380e-01  1.2625415757e+00 -2.3266521642e+00  5.7592897302e-01  2.7836225922e+00  4.0703930449e+00 -1.9678005238e+00 -1.0041586021e+00 -3.8345254466e-01 -2.7920688233e-01  3.6556647001e+00
ENERGY -4.216425792635e+02
GRADIENT  3.9792165132e-04  1.1200901369e-03 -9.7896522579e-05  1.0422098423e-05  7.2893826769e-06 -2.3938771518e-05  2.1288025338e-05 -6.6649435366e-06  3.2349003189e-05 -3.5832100567e-06  8.4239691475e-06 -4.0688629259e-07 -9.3784478449e-04 -1.9098895631e-03 -2.0684187361e-04 -1.1657681330e-05 -1.8499465232e-05 -6.6481464052e-06 -6.4483244916e-04 -4.7239334155e-04 -8.0298688994e-04 -2.1784131605e-05 -8.5416120906e-06 -9.5224707647e-06  1.2113124776e-03  1.2410315687e-03  1.1037226512e-03  3.5299376969e-06  4.5851028840e-05  1.8578602506e-05  1.8346162315e-06  9.4858359906e-06 -1.9045871865e-06 -6.2103853895e-06 -2.8666863913e-06 -3.6756497070e-06 -1.5667297644e-07  8.9547502574e-06  3.1921613770e-06  2.2544297368e-07  6.8524662808e-07  2.4383424833e-06  4.9625141722e-06  9.1602900637e-06 -9.8109097006e-06 -8.7833318451e-06  8.9444668518e-06 -7.1684948409e-06  5.5276122039e-06  7.3739290766e-06  5.5994273288e-06  2.2669407167e-06  6.8097668932e-07 -1.8716914817e-06  4.6546567291e-07  5.3042431512e-07  1.7025852893e-06 -2.3137163240e-07 -1.2421776455e-06 -8.0013732256e-07 -1.6052856933e-05 -2.8169616543e-05 -2.7752040867e-06 -7.0883493312e-06 -1.4673822572e-05 -2.3954268941e-06

JOB 16
COORDS  3.0762084290e+00 -1.3223088264e+00  2.1160686695e+00  1.9454404355e+00 -8.2458897544e-01  2.7531362819e+00  1.9594322458e+00 -1.1586948441e+00 -4.8083191846e-03  8.2264965286e-01 -6.3756166786e-01  6.2620956177e-01  3.1023096877e+00 -1.5091119587e+00  7.2221802317e-01  7.9389003122e-01 -4.6628054052e-01  2.0200012737e+00  4.5549920315e+00 -3.4235976247e+00  2.8375980482e-01 -1.6001220417e+00  1.5951225732e-01  2.0286716219e+00  4.2909495099e+00 -1.9893022660e+00  9.3877862503e-02 -3.0654524038e-01  8.9030717602e-02  2.6909495440e+00  3.9639495729e+00 -1.5575763274e+00  2.6976460514e+00  1.9564656372e+00 -6.7929611686e-01  3.8320660066e+00  1.9485747032e+00 -1.2949637637e+00 -1.0852164057e+00 -3.9615121572e-02 -3.7551110076e-01  2.2009281071e-02  3.7392113290e+00 -4.0715281666e+00 -7.6470844385e-02  4.7041129936e+00 -3.6313625057e+00  1.3468871348e+00  5.4783361087e+00 -3.6907105847e+00 -2.4019539296e-01 -1.9390310701e+00 -8.0778084281e-01  1.6236844203e+00 -1.5671805724e+00  8.8086674301e-01  1.2053118770e+00 -2.3428808586e+00  5.1712621622e-01  2.7462199808e+00  4.2447535484e+00 -1.7905609693e+00 -9.0227581036e-01 -3.6722831652e-01 -2.1702240404e-01  3.6542079500e+00
ENERGY -4.216417767630e+02
GRADIENT  2.1387283977e-04  1.5595449750e-03 -4.2877699147e-04 -3.5884617266e-05  3.6110979274e-05  3.2373290746e-04 -8.4612433060e-05  1.8483600613e-05 -3.2291137696e-04  3.2340205859e-04 -8.2328289448e-05  1.7186721237e-04 -8.0763747977e-04 -2.4001781651e-03 -1.8147021176e-04 -4.4214937555e-05  5.2132653003e-05  2.8430797475e-05 -7.2400630117e-04  2.1277719881e-05 -1.2257011853e-03  4.8966174289e-05  7.5126659209e-06  1.1356933116e-05  1.0306992593e-03  1.0562327815e-03  1.5609248451e-03 -1.4071949860e-05 -7.5669059079e-05  2.0594333982e-05 -5.8063944544e-05  1.1620762694e-05  4.3514497150e-06 -2.1230595001e-05  9.2707284822e-06  3.3380941768e-05  3.9928534010e-05 -2.7185834523e-05 -2.1908988238e-05  3.4819867320e-05 -1.8734693821e-05  4.3434636986e-06 -1.2485875451e-05 -5.3793598553e-05 -6.7130146927e-06  1.1315915906e-05 -6.1315908205e-05  1.7106306411e-05  1.8419915269e-05 -3.5348859164e-05  4.3707045653e-06 -7.0318552573e-06 -5.6006658524e-06 -2.4610414011e-06  2.5053630612e-06 -3.7613499909e-06 -7.7346166173e-06  1.3677000036e-06  5.9564147077e-06 -6.8689705577e-06  9.9540465994e-05 -4.9573883285e-05  1.5311973333e-05  4.8728680458e-06  2.4486927529e-05  1.7948801224e-06

JOB 17
COORDS  3.1183040308e+00 -1.2292719743e+00  2.1749085904e+00  1.9720579063e+00 -7.3151412845e-01  2.7852796570e+00  1.9995062485e+00 -1.2090992867e+00  4.8108608217e-02  8.4546410319e-01 -6.9144658171e-01  6.4853579341e-01  3.1500180423e+00 -1.4861591921e+00  7.9449584364e-01  8.1214046223e-01 -4.4798578036e-01  2.0327235037e+00  4.4423324443e+00 -3.4552994916e+00  1.8344521321e-01 -1.6011906142e+00  1.0303775233e-01  2.0109126375e+00  4.3579669776e+00 -1.9853212092e+00  2.0117940559e-01 -3.0475872824e-01  1.0786890550e-01  2.6718138104e+00  4.0144891620e+00 -1.4142169440e+00  2.7615819362e+00  1.9751896922e+00 -5.2919596570e-01  3.8550177307e+00  1.9973867993e+00 -1.4006475333e+00 -1.0239124303e+00 -2.3408298056e-02 -4.8502899058e-01  3.2307499416e-02  3.6008240556e+00 -3.9393584848e+00 -3.3904166128e-01  4.4567500622e+00 -3.8276213166e+00  1.2120158775e+00  5.3789096348e+00 -3.7565541738e+00 -2.9736877673e-01 -1.9110522756e+00 -8.9505936011e-01  1.6619009747e+00 -1.5916908551e+00  7.7828803585e-01  1.1488681542e+00 -2.3528238828e+00  4.7736379823e-01  2.7103783252e+00  4.4162369378e+00 -1.6463910085e+00 -7.5670646209e-01 -3.5335342258e-01 -1.3743576019e-01  3.6529071218e+00
ENERGY -4.216407639378e+02
GRADIENT  5.6867417046e-04  1.6689494388e-03 -2.6592145998e-04  1.3296913142e-05  3.2674234405e-05  4.7100451912e-05  3.1875125660e-05 -2.0846716762e-05  3.3203770631e-06 -1.0302072910e-04  2.5363427560e-05 -1.3478121705e-05 -1.2097340734e-03 -2.4721171422e-03 -1.6379776254e-04  1.0066880573e-04 -7.9708106533e-05 -1.0902044015e-04 -7.5471953396e-04 -1.0337631691e-04 -1.4454122589e-03 -2.1260050425e-05 -2.0331741105e-05 -3.4102963876e-05  1.3728726458e-03  8.9895212387e-04  1.9365268077e-03  3.9503869757e-05  1.1793862237e-04  5.3934942213e-05  7.8245486672e-06  7.0089705069e-06  1.0223688017e-05  7.5332506608e-06 -8.0886814986e-07  6.5977765837e-06 -1.4551226131e-05  1.2507005705e-05 -6.4295427489e-06 -5.5333473313e-06 -2.3949283854e-06 -1.5233665634e-05  8.6440014273e-06  5.5973112358e-06  6.2305628549e-06  4.9039727069e-06 -1.8033783184e-05  3.1552399172e-06 -5.8592426604e-06  1.5285878460e-06  5.1314084021e-06 -7.7430633161e-06 -4.9571491813e-07  1.1858229983e-05  9.5057043839e-06 -1.2898783287e-05 -5.0880071703e-06  4.1226965630e-06  1.3627775556e-05 -2.7462555250e-06 -3.7828642226e-05  3.3847166194e-05 -1.1835669689e-05 -1.1680825046e-05 -8.1934968310e-05 -7.9471082130e-06

JOB 18
COORDS  3.1413134722e+00 -1.1576445494e+00  2.2360990256e+00  1.9847419773e+00 -6.4230193489e-01  2.8143170119e+00  2.0280094627e+00 -1.2853450827e+00  1.0980033805e-01  8.6219950574e-01 -7.6002658738e-01  6.7687521146e-01  3.1814366778e+00 -1.4940230640e+00  8.7508319295e-01  8.2162204933e-01 -4.3033250972e-01  2.0445398303e+00  4.3621632083e+00 -3.4629325629e+00  6.7008275899e-02 -1.6052905823e+00  6.1767338642e-02  1.9892978473e+00  4.4049809673e+00 -2.0131051766e+00  3.1689070894e-01 -3.0816826857e-01  1.3890008291e-01  2.6441843521e+00  4.0387654162e+00 -1.2997977638e+00  2.8321885575e+00  1.9801913515e+00 -3.7761578585e-01  3.8703444958e+00  2.0343717525e+00 -1.5376318949e+00 -9.4943950425e-01 -1.0111392405e-02 -6.0905803031e-01  4.9494750326e-02  3.5386923839e+00 -3.7789164000e+00 -5.9478098302e-01  4.2435876868e+00 -3.9864527772e+00  1.0206421641e+00  5.3116580645e+00 -3.7797455463e+00 -3.7757407612e-01 -1.8921548357e+00 -9.6386019664e-01  1.7075000827e+00 -1.6137321514e+00  6.7954741243e-01  1.0851891689e+00 -2.3638735113e+00  4.6314233570e-01  2.6657994122e+00  4.5891338965e+00 -1.5386223661e+00 -5.6502157669e-01 -3.4800108298e-01 -2.8052074945e-02  3.6418332305e+00
ENERGY -4.216396889465e+02
GRADIENT  6.4801023582e-04  1.5393925363e-03 -2.4577383791e-04  3.0938965343e-05 -1.3260180629e-05 -1.0674530153e-04  1.4725794523e-05 -1.1578214748e-04 -3.8450074596e-04  2.5037716016e-04 -4.0269598907e-05  1.9136459083e-04 -1.2252433444e-03 -2.0742898426e-03  1.2149111375e-04 -1.4075348172e-04  4.7630076282e-05  2.6464004821e-05 -5.7063615697e-04  1.9774771680e-04 -1.4048822473e-03 -9.6587540410e-07 -5.5578752632e-06 -6.9260802969e-06  1.0042516918e-03  4.3430757405e-04  1.8060857650e-03 -1.9060049368e-05  7.9352391747e-05  5.7674855421e-05  1.4501683110e-05  4.0704448388e-07  2.5372940653e-05  4.4225644498e-06 -1.5224129182e-06 -1.8504308719e-05 -9.9618900638e-07 -8.4213647266e-06 -5.9115901599e-05  4.3454994039e-05 -1.3542889047e-05  9.6402480413e-06  1.4795314068e-05 -5.4979012363e-06 -1.0257284242e-05 -1.7876098918e-05 -3.0575001114e-05  1.1409234505e-06  5.6277262650e-06 -1.1464010714e-05  1.6634193458e-05 -6.0951351182e-06 -1.1073438859e-06  1.3048724614e-05  9.8157298048e-06 -9.0558124969e-06 -1.6410596840e-06  4.5873328686e-06  1.6826262444e-05 -3.5867161881e-06 -3.2472903797e-05  6.0227853623e-05 -1.8239696205e-05 -1.1264511416e-05 -5.0555623784e-05  1.0437538745e-06

JOB 19
COORDS  3.1447557263e+00 -1.1051399621e+00  2.2862232637e+00  1.9862248900e+00 -5.5787097723e-01  2.8315554078e+00  2.0322122446e+00 -1.3802715412e+00  1.7537261807e-01  8.6018725199e-01 -8.3694929601e-01  7.0981861759e-01  3.1894699445e+00 -1.5276080125e+00  9.5032926775e-01  8.1991799885e-01 -4.1299626903e-01  2.0520520058e+00  4.3184627556e+00 -3.4496564433e+00 -5.5866126074e-02 -1.6145976468e+00  3.8970287646e-02  1.9726302800e+00  4.4241942306e+00 -2.0678751390e+00  4.3113037105e-01 -3.1586559255e-01  1.8045837947e-01  2.6133437155e+00  4.0413491282e+00 -1.2111496518e+00  2.8907815221e+00  1.9796228725e+00 -2.2713642117e-01  3.8688334891e+00  2.0389114667e+00 -1.6957283392e+00 -8.6612589324e-01 -1.6004254560e-02 -7.4028690942e-01  7.6987887356e-02  3.5674685158e+00 -3.6003204114e+00 -8.4902515748e-01  4.0546206122e+00 -4.1032391883e+00  7.8142433564e-01  5.2935609731e+00 -3.7683370035e+00 -4.3956409774e-01 -1.8859432238e+00 -1.0078803198e+00  1.7632188753e+00 -1.6376416012e+00  5.9349166972e-01  1.0286268682e+00 -2.3762466591e+00  4.7324672180e-01  2.6248818167e+00  4.7564924517e+00 -1.4743187562e+00 -3.2636370221e-01 -3.4807893550e-01  9.2572155298e-02  3.6212289090e+00
ENERGY -4.216387825414e+02
GRADIENT  8.2882638025e-05  1.0836564832e-03 -5.4687315538e-04  5.4324521388e-05  7.6975316230e-05  3.0096520220e-04  1.0811045436e-05  8.9805670929e-06 -9.5236622825e-05 -5.1325861237e-05  5.8203740424e-05  4.8874870034e-05 -4.4471194037e-04 -1.5488268159e-03  2.1324715931e-04  1.2536271408e-04 -1.0767731813e-04 -1.7043565006e-04 -2.0805274078e-04  5.4597975763e-04 -8.7623910446e-04  2.6201451119e-05 -1.7068341960e-05 -2.3105403159e-05  3.4185758571e-04  1.2667702938e-05  1.0650344106e-03  6.8698227051e-05 -6.0468484423e-06  1.0686528109e-05 -1.9044409601e-05  1.6164469484e-05  1.5508905304e-06  2.3009451259e-06  5.6614061230e-06  3.8825344776e-05  2.2204368697e-05  3.2716135314e-06  2.2605439718e-05 -1.8456658137e-05 -5.1936456723e-06 -2.0660747935e-05 -2.4476875159e-05 -2.9950763592e-05 -1.2397013741e-05 -6.9125223518e-06 -3.9376366148e-05 -2.1107168083e-06 -1.3037476455e-06  1.2888840617e-06 -1.1108457044e-06  2.8179016609e-06  2.2940626976e-06  4.9091128734e-06  1.4098463601e-05 -2.4083761603e-06 -2.4831280506e-06  1.2061108829e-05  6.3919537424e-06  5.2966205583e-06  2.7464474350e-05 -6.4641437064e-05  5.1262258159e-05  9.7155959077e-06 -8.7003644602e-06  2.9929064334e-06

JOB 20
COORDS  3.1457463827e+00 -1.0263859782e+00  2.2940673390e+00  1.9850816825e+00 -4.5478494808e-01  2.8075460705e+00  2.0221223209e+00 -1.4650716368e+00  2.1750821499e-01  8.4254173909e-01 -9.1496040001e-01  7.2950498626e-01  3.1926797311e+00 -1.5286160577e+00  9.8410610119e-01  8.0744420686e-01 -3.8872629619e-01  2.0342966093e+00  4.3126150482e+00 -3.3713357813e+00 -2.0962272626e-01 -1.6374637819e+00  9.2378958067e-04  1.9548989081e+00  4.4265286632e+00 -2.1034901058e+00  5.1304296478e-01 -3.3516171964e-01  2.2065802995e-01  2.5656761551e+00  4.0419872945e+00 -1.0932038139e+00  2.9048828244e+00  1.9803001503e+00 -5.9514494567e-02  3.8220464740e+00  2.0186890576e+00 -1.8545084114e+00 -7.9758188219e-01 -4.4348567502e-02 -8.9206127606e-01  1.0460209479e-01  3.7530958327e+00 -3.3224399218e+00 -1.1586652895e+00  3.8164257146e+00 -4.1034460594e+00  4.3461411258e-01  5.3185698093e+00 -3.7433192877e+00 -4.3154657405e-01 -1.8852711267e+00 -1.0647986403e+00  1.8268603578e+00 -1.6852489836e+00  4.8311150714e-01  9.7285199868e-01 -2.4021018134e+00  4.6401531370e-01  2.5834684882e+00  4.9489768178e+00 -1.4257686556e+00 -3.6766852828e-02 -3.5402844076e-01  2.0356967693e-01  3.5776815473e+00
ENERGY -4.216386636940e+02
GRADIENT -2.8961755247e-04 -1.0080686052e-03  3.6543970088e-04 -1.8887884860e-05 -7.2444426187e-06 -9.8192099077e-06 -3.1800225023e-05  1.8470172897e-05 -1.9997155635e-05  2.8201057194e-06 -8.8979871186e-06 -2.1453073312e-05  5.0918692171e-04  1.2304640438e-03 -7.6154862733e-05  4.9584246755e-08  2.3618936500e-05  3.0798034043e-05  1.1133027921e-04 -5.1628100404e-04  9.0685509334e-04  9.0505712087e-06  1.0575045622e-05  5.4688594347e-06 -2.8978584551e-04  2.9432841907e-04 -1.1598130626e-03  2.7118337980e-06 -5.8472078649e-05 -1.4386955575e-05  9.5898045227e-07  2.6855662920e-07  5.8385938144e-06  3.7759257104e-06  9.0759830885e-07 -1.7733292904e-06  1.0529955444e-06 -1.0705947232e-06  2.4218225853e-06 -5.1082132290e-06  7.2771128022e-06  1.3666098460e-06  1.8619479390e-06 -2.1595052468e-06 -2.6900193560e-06 -5.8853104958e-06  8.4220800939e-06 -1.7391770875e-06 -3.0609937497e-06 -8.3033977776e-06  5.0396003231e-07  3.2931224002e-06  2.3218315318e-06 -3.1201343911e-06 -3.6439745524e-06  6.5242669887e-06  2.3409722737e-06  2.4115228057e-07 -3.2563384108e-06  4.6121446044e-06 -1.5441822725e-05  5.9754233921e-07  2.6156635140e-06  5.3294208742e-06  3.0691809431e-05 -4.2321992150e-06

JOB 21
COORDS  3.1524407099e+00 -9.8230624850e-01  2.3010941058e+00  1.9981316530e+00 -3.7560379669e-01  2.7826396406e+00  2.0054835514e+00 -1.5749855521e+00  2.7483325030e-01  8.2752473831e-01 -1.0006635944e+00  7.6901908265e-01  3.1905830260e+00 -1.5672933929e+00  1.0213299089e+00  8.0708487980e-01 -3.7373354229e-01  2.0258380695e+00  4.3001902844e+00 -3.3184437041e+00 -3.3459085407e-01 -1.6397849162e+00 -9.3123880530e-03  1.9564459200e+00  4.3951687081e+00 -2.2001033583e+00  5.9336168268e-01 -3.3252436497e-01  2.6953909371e-01  2.5317889777e+00  4.0488116722e+00 -1.0122313031e+00  2.9154706401e+00  2.0044680078e+00  8.7045959887e-02  3.7682839852e+00  1.9855649851e+00 -2.0392564054e+00 -7.0710273305e-01 -7.0035380010e-02 -1.0396862918e+00  1.6035215648e-01  3.9557084296e+00 -3.0571354453e+00 -1.3499509374e+00  3.6098748397e+00 -4.0631563166e+00  7.3355589969e-02  5.2858122978e+00 -3.7862804219e+00 -4.2646015119e-01 -1.8777397685e+00 -1.0842767090e+00  1.9101386832e+00 -1.7041596370e+00  3.9799671521e-01  9.4194188109e-01 -2.4022311284e+00  4.9158699647e-01  2.5583372057e+00  5.1154396615e+00 -1.5337757821e+00  3.3462847856e-01 -3.4046892044e-01  3.0257217946e-01  3.5439122229e+00
ENERGY -4.216402390447e+02
GRADIENT -1.0253906039e-03 -3.1379423211e-03  1.3947018575e-03 -3.9793498543e-05 -4.3753725475e-05 -7.4022702128e-05 -4.0929872036e-05  1.9089297926e-05 -9.5353634434e-05  6.9249440374e-05 -3.3908203179e-05 -2.2145006958e-05  1.5506936023e-03  3.5276245258e-03 -5.8775253448e-04 -2.2063027760e-05  3.8913908734e-05  8.3715270109e-05 -2.4549104443e-04 -2.2445710493e-03  2.7400223992e-03 -8.2488017399e-06  1.8847800811e-06  1.0658532636e-05 -1.4940951576e-04  1.7617967235e-03 -3.4704346469e-03 -1.8938768738e-05 -9.6825404000e-06 -1.3309339010e-05  6.5535765581e-06  1.8634972816e-06  3.5676492926e-06  5.4748870675e-06  2.4793888542e-06 -1.2960228695e-05  1.2710517633e-05 -8.5060051791e-06 -2.7037815036e-06  5.2183258373e-06  1.1621317111e-05  6.0635865997e-06  1.1394769895e-05  1.9086946281e-06 -6.7445010233e-06 -1.8425173826e-05 -3.3391105901e-06 -2.0710204858e-05 -9.1982692289e-06 -1.7776233818e-05  1.1795918614e-05  6.6220439326e-06  1.3170245728e-06 -7.0778836997e-06 -7.5961602056e-06  1.0709059340e-05  4.3258070399e-06 -1.1074323814e-06 -6.7630923277e-06  5.7629128574e-06 -8.6055880148e-05  1.0957562324e-04  6.3660694870e-05 -2.7654888613e-06  2.1842008553e-05 -3.6655948948e-06

JOB 22
COORDS  3.1575475272e+00 -9.5256854373e-01  2.2994559908e+00  2.0104504596e+00 -3.1308968347e-01  2.7504128671e+00  1.9863026420e+00 -1.6805342229e+00  3.3013531074e-01  8.1516180889e-01 -1.0704207173e+00  8.0213708014e-01  3.1802226505e+00 -1.6269988252e+00  1.0609215351e+00  8.0859103396e-01 -3.6079664105e-01  2.0115879044e+00  4.3186765908e+00 -3.2542206984e+00 -4.2250373818e-01 -1.6349663099e+00  1.0774265974e-02  1.9393231652e+00  4.3640357276e+00 -2.2945020579e+00  6.6677023268e-01 -3.2419771725e-01  3.2190804246e-01  2.4898016191e+00  4.0588041956e+00 -9.3729945890e-01  2.9082995985e+00  2.0314704813e+00  2.1804310710e-01  3.7006679337e+00  1.9500879060e+00 -2.2046985408e+00 -6.1981703482e-01 -8.8366521090e-02 -1.1487699072e+00  2.0623792495e-01  4.0631597139e+00 -2.8229492541e+00 -1.4057423966e+00  3.5814676341e+00 -4.0304371704e+00 -1.9276308883e-01  5.2972099607e+00 -3.7358217968e+00 -5.0909184354e-01 -1.8776064265e+00 -1.0642589538e+00  1.9617272494e+00 -1.7014998611e+00  3.5281475214e-01  9.0110823952e-01 -2.3934369264e+00  5.5213405295e-01  2.5106561566e+00  5.1773596942e+00 -1.6905646459e+00  6.4456297062e-01 -3.2856041119e-01  3.9168350660e-01  3.5004231764e+00
ENERGY -4.216425014470e+02
GRADIENT -1.0595083383e-03 -2.8288339400e-03  1.5667674650e-03  2.5203307809e-05 -8.6439595821e-06 -1.7451809498e-05  4.5905835776e-05 -2.1990302274e-05  5.7051350726e-06 -4.0665442303e-05  2.2787344860e-05  1.1692053067e-05  1.2257995335e-03  2.9863916016e-03 -1.1689492141e-03 -5.3518353313e-06 -3.1186876953e-05 -3.3156628559e-05 -6.6393717231e-04 -2.4301181212e-03  2.1781448469e-03 -3.0432967191e-06 -4.8722459858e-06 -1.5480370458e-06  4.7520518759e-04  2.2883488675e-03 -2.5243141026e-03  2.3821359280e-06  2.7847213893e-05  3.6420845668e-06  4.6508652716e-06 -9.4361906702e-07  3.7745869977e-07 -2.6319543290e-07 -7.7250173840e-06  1.2123336864e-06 -5.7661843134e-06  9.0672736712e-06 -4.0631645718e-06 -1.9636146805e-06 -3.7457622069e-06 -2.4551166197e-06  7.4778856961e-07 -4.2326155281e-07 -5.5858246697e-06 -2.0262434983e-06 -1.3608025890e-06 -6.8060986609e-06 -3.9504504686e-07 -2.5462909490e-06 -3.3880919273e-06 -1.8201864422e-06  9.6714563791e-08  4.3401006289e-07  1.4466875228e-06 -6.8397268553e-07  3.4518670748e-07 -6.9130721713e-07  5.4228901935e-07  3.2188634329e-07 -1.0953336447e-05  8.9866614825e-06  2.9191389636e-06 -1.1554055396e-06 -1.5807915743e-05  4.6951238779e-06

JOB 23
COORDS  3.1531787795e+00 -9.5824750195e-01  2.2991652080e+00  2.0161915274e+00 -2.8769284937e-01  2.7287015127e+00  1.9508430204e+00 -1.7881358887e+00  3.8893917351e-01  7.9230905673e-01 -1.1384376469e+00  8.4049070195e-01  3.1524282636e+00 -1.7113250957e+00  1.1057491506e+00  8.0419884369e-01 -3.6597841632e-01  2.0097153164e+00  4.3346842585e+00 -3.1847975127e+00 -4.9358992083e-01 -1.6351737102e+00  2.6580137368e-02  1.9407197215e+00  4.3217222637e+00 -2.4057240882e+00  7.3248360717e-01 -3.1709235713e-01  3.5522564022e-01  2.4630787998e+00  4.0637246579e+00 -9.0475416850e-01  2.8927994486e+00  2.0567750746e+00  3.0158496802e-01  3.6433105498e+00  1.8958945666e+00 -2.3611617808e+00 -5.3089492021e-01 -1.1708399378e-01 -1.2368921231e+00  2.5662669336e-01  4.1100111140e+00 -2.5996002003e+00 -1.4014050343e+00  3.6036823258e+00 -3.9974783758e+00 -4.2513818237e-01  5.3230043549e+00 -3.6371398856e+00 -6.1246800986e-01 -1.8857315424e+00 -1.0441421685e+00  2.0191252317e+00 -1.7086731834e+00  3.1640553830e-01  8.8713974475e-01 -2.3845319146e+00  6.0189475706e-01  2.4905888440e+00  5.1632239266e+00 -1.8586173173e+00  8.6946497366e-01 -3.1324157314e-01  4.6686838208e-01  3.4700513482e+00
ENERGY -4.216441164688e+02
GRADIENT -5.8508645309e-04 -1.4667305217e-03  9.3121212433e-04  1.3997718939e-05 -5.2435682584e-06 -3.3055698468e-06  5.7065684489e-06 -2.3495600995e-06  7.8903187863e-06  1.0457997199e-06  1.3856146704e-05  4.9982828085e-06  5.5103351488e-04  1.4496734849e-03 -9.2916620160e-04 -1.7561851202e-05 -7.5364332457e-06  7.8601055221e-06 -5.5533341909e-04 -1.4238115503e-03  8.9661283301e-04 -6.6142198421e-06 -2.0700419115e-06  4.3113223196e-06  5.6565008420e-04  1.4378621829e-03 -8.8085358369e-04  8.6768415698e-06 -1.5213948309e-05 -7.3973601017e-06  1.3816874427e-06  2.3111685769e-07 -2.1635193811e-06 -3.1896607173e-06 -3.9281233896e-06  1.2852156111e-06 -1.3348005612e-06  5.3383385613e-06 -1.2087775579e-06 -4.3279481998e-07  4.6193511540e-07  6.2770145869e-07 -2.5182355493e-06 -3.1815007592e-07 -1.6082752727e-06  1.9351795157e-06 -5.1789966019e-06 -1.4131647383e-06  2.6645081393e-06  7.2383997306e-06 -7.7931565987e-06  5.1761560858e-06 -9.2999596837e-07 -6.6083432526e-06 -3.8979112366e-06  7.8130314755e-06  2.2100352005e-06 -3.9176401429e-07 -8.3453427680e-06  7.6686662711e-06  1.3322285916e-05 -9.9259707948e-06 -1.5582898282e-05 -4.4551271703e-07  1.7291814719e-05 -2.0202692975e-06

