JOB 0
COORDS  1.3675944129e+00  1.1522109494e-02  1.6857930781e+00  1.5977311830e+00 -4.8073333807e-01  2.9601643686e+00 -5.3272796817e-01 -1.4280030102e+00  1.5441742107e+00  2.8751287098e-01 -4.7807165714e-01  9.2229235902e-01  7.1528173510e-01 -1.4524491355e+00  3.4819175445e+00 -1.3699442604e+00  6.4983920928e-01 -2.2816838141e+00 -1.2523515529e+00 -1.8041521979e-01 -1.0047969960e+00 -3.3028425819e-01 -1.9040979796e+00  2.7855115424e+00  8.6287943998e-01 -1.9343601464e+00  4.7897420873e+00  2.6430105105e-02  7.2336410943e-02 -3.5208419684e-01  2.0104070089e+00  7.8456925042e-01  1.2705011863e+00  2.4200635361e+00 -1.0237494755e-01  3.5621972250e+00 -1.3996938135e+00 -1.8327497221e+00  1.0278601066e+00 -1.2748111742e+00  1.7170094039e+00 -2.0595862374e+00 -5.8839954232e-01  3.7996761249e-01 -3.0023798871e+00 -2.3372243428e+00  4.7716294910e-01 -2.7639660744e+00 -1.4057827410e+00 -1.2466786644e+00 -1.2464949553e+00 -2.0453258328e+00  1.0169535728e-01 -3.0304726399e-01  1.8230718738e+00 -2.0323625732e+00  5.0989535807e+00  3.2425697449e-01 -2.7814428327e+00  4.9389023407e+00  8.1592356977e-01  7.7442513900e-03 -9.8657913052e-01
ENERGY -4.377007762755e+02
GRADIENT -1.8856289693e-03  2.0853276376e-03  1.3148646676e-03  4.1506828833e-05  1.4075413846e-05  1.3260601513e-05  2.8914075159e-06  6.0410733588e-05  1.3547137340e-05  2.2322971734e-03 -1.9437287098e-03 -1.2894673300e-03 -5.0230207261e-05 -1.2528385879e-05 -6.6294595552e-05 -2.5875958889e-06 -5.7444965230e-06 -1.9225016164e-06 -1.1423710929e-03  2.4289281028e-03  1.2928765834e-03  2.0559073654e-05 -1.6564022764e-05  4.8434775327e-05 -8.5099002913e-06  1.9288751561e-05  2.5312203974e-05  7.1906496439e-04 -2.5998955833e-03 -1.3937281560e-03  7.3977307688e-06 -1.1924349540e-05  5.7605623188e-06  6.4339456908e-06  4.5033950625e-06 -5.8334157400e-07  2.0337882185e-05 -1.3696468114e-05  7.2500628632e-06  1.2588236564e-06 -3.4237144096e-06  4.8704904960e-06 -1.3004877535e-06 -4.8652014774e-07  3.4093821862e-06 -2.0818907483e-06  2.7744203491e-06  2.0920277881e-06  5.7842213628e-06  1.6311436328e-06 -7.5237892752e-06  4.4390464534e-06 -4.3595900947e-06  8.4608355441e-06  8.1369602996e-06 -8.0131619301e-06 -3.3974267616e-06  6.9301089517e-06 -9.3794643901e-06 -1.9295584831e-06  4.4477161583e-05 -2.1437838704e-05  4.4193719333e-05

JOB 1
COORDS  1.3241662483e+00  3.6027761896e-02  1.6781313624e+00  1.5335637674e+00 -4.2126490307e-01  2.9704346517e+00 -4.4862408953e-01 -1.5487643714e+00  1.4752419901e+00  3.2511632090e-01 -5.4809633719e-01  8.7574290204e-01  7.0488670382e-01 -1.4518262307e+00  3.4655945560e+00 -1.3642550256e+00  7.1519632064e-01 -2.2608493959e+00 -1.2609595852e+00 -1.2605413131e-01 -9.8929206754e-01 -2.7271256818e-01 -1.9932876620e+00  2.7306335168e+00  8.2667611303e-01 -1.9066390082e+00  4.7822963129e+00  8.6028982237e-02 -3.5112825446e-02 -4.2939891449e-01  1.9191257492e+00  8.5191632660e-01  1.2750297402e+00  2.2941532403e+00  2.7136625193e-02  3.6047559995e+00 -1.2591513821e+00 -2.0207219016e+00  9.2368573498e-01 -1.1201659059e+00  1.7611152644e+00 -2.0522830180e+00 -6.7386410437e-01  3.5192485635e-01 -3.0318176544e+00 -2.3769394841e+00  6.6530178238e-01 -2.6742033515e+00 -1.5696540462e+00 -1.1613345271e+00 -1.2153874494e+00 -1.9561257256e+00  2.5210517753e-01 -2.3198664588e-01  1.7699052225e+00 -1.9047338122e+00  5.1520157196e+00  3.5339992665e-01 -2.7927260453e+00  4.9241873677e+00  8.0085315386e-01 -3.0801792410e-01 -1.0977489046e+00
ENERGY -4.376987612137e+02
GRADIENT -2.2158113937e-03  2.1449468288e-03  1.1716058516e-03 -7.0077039792e-05 -6.5282436508e-05  6.1876561911e-06  3.6469258423e-05  1.0121781166e-05  1.3043748382e-04  2.9855047259e-03 -1.7011835195e-03 -1.2506379877e-03  5.7707405740e-05  3.3477034014e-05  3.8791814031e-05  6.3491250029e-06 -2.1514334451e-07  5.1368130509e-06 -6.9051619068e-04  2.8132175530e-03  1.2190027194e-03 -5.4194586380e-05 -1.6165538284e-05 -4.9109756569e-05 -1.6392558154e-05 -2.9547730826e-05 -9.2282669764e-06 -2.7934179331e-05 -3.2093332087e-03 -1.2288165048e-03  3.5059322651e-06  3.1866824291e-06  5.5839125342e-06  6.7767119209e-06 -5.8940772945e-07 -1.4281292090e-05  5.2071690853e-06 -2.0531482710e-06  1.4606721170e-06  4.4229483571e-07 -2.0777283732e-06  3.1131190624e-06 -9.0149628123e-07  2.7886327205e-06  2.7500898744e-06 -2.0681947620e-06 -1.9440720007e-06  4.3924862705e-06  5.0647921742e-06  2.9767661852e-07 -3.9252322257e-06  1.6010650379e-05 -1.4864681597e-05  1.7492481855e-05 -1.7152204682e-06  1.0546488271e-05  3.3024862722e-06  2.9701882714e-06  2.4084057512e-06  1.2542380867e-06 -2.8279421825e-05  7.5649658824e-06 -2.0052917084e-05

JOB 2
COORDS  1.2373622387e+00  9.1918261863e-02  1.7014878805e+00  1.4420959039e+00 -3.6293211366e-01  2.9972950095e+00 -3.4447483266e-01 -1.6683779741e+00  1.4030474039e+00  3.2871046462e-01 -5.6917564789e-01  8.5872277052e-01  7.1061628841e-01 -1.4858079615e+00  3.4393848849e+00 -1.3366567940e+00  7.1416861128e-01 -2.2894199637e+00 -1.2715223339e+00  1.5187316399e-02 -9.3248270992e-01 -1.6803570597e-01 -2.1235035429e+00  2.6525660766e+00  8.2454443461e-01 -1.9525551091e+00  4.7490310560e+00  1.2145482646e-01 -7.7691078921e-02 -4.7493862238e-01  1.7664381553e+00  9.6272066159e-01  1.3232905133e+00  2.1326562888e+00  1.4358555365e-01  3.6670073869e+00 -1.0673900730e+00 -2.2195326422e+00  8.0317738920e-01 -8.9642939407e-01  1.7139658371e+00 -2.2290972095e+00 -7.8828622671e-01  1.4770569932e-01 -3.0520701631e+00 -2.3742657591e+00  8.0561265647e-01 -2.6273136761e+00 -1.7737386283e+00 -9.6397171011e-01 -1.0052022768e+00 -1.8214758759e+00  5.9611154567e-01 -1.8451586528e-01  1.7334137533e+00 -1.8297859181e+00  5.1786609881e+00  4.5505188613e-01 -2.8905565636e+00  4.8599079253e+00  6.7661154373e-01 -6.0590380201e-01 -1.1452234106e+00
ENERGY -4.376973751391e+02
GRADIENT -6.1443803921e-04  3.9921111170e-04  2.2111676305e-04 -1.0500704598e-05 -1.4523279877e-05  6.0161148921e-05 -9.1021532936e-05 -1.0135572869e-04 -2.5681164250e-05  8.4324642207e-04 -2.4938775286e-04 -2.6751989974e-04  1.1948080861e-04  7.1322438777e-05  9.3729971748e-05 -4.2668643791e-06  1.4311237566e-05  1.2179413018e-05 -1.7629290883e-05  6.6313887324e-04  2.4913624571e-04 -1.4748686337e-05  4.1528525769e-05 -1.0907517650e-04  1.3077772684e-05  2.0169074321e-05  3.4663031134e-05 -1.6265131737e-04 -7.7976808497e-04 -2.1675268614e-04  5.3249550479e-06 -2.8220603730e-06  1.1016994350e-05  5.2495414819e-06 -7.6115540556e-06  1.6574214922e-06 -7.0667247086e-06  7.8879882147e-06 -2.9317306402e-05 -1.2728390327e-05  1.0899475680e-06  6.5661613722e-06  1.3301626414e-05  7.6339961591e-06  5.9337153874e-06 -2.1848315873e-06 -1.6883125190e-05 -6.6888539891e-06 -1.5831339986e-05  2.2839831264e-06 -1.0520506611e-05  1.2624330715e-05 -1.4535935412e-05  1.8805256389e-05  4.3989941081e-06 -9.9881515829e-06  9.8898866010e-06 -4.0557282477e-06  3.0610994161e-06 -1.4216094004e-07 -5.2656099143e-05 -2.9318371322e-05 -1.0345882568e-06

JOB 3
COORDS  1.1457742732e+00  1.3704555565e-01  1.7284216351e+00  1.3359964076e+00 -3.2388012109e-01  3.0249863497e+00 -2.2755058155e-01 -1.7715885504e+00  1.3252713868e+00  3.3615657769e-01 -5.8687748639e-01  8.4054111135e-01  7.1196172623e-01 -1.5299158751e+00  3.4090964497e+00 -1.3310336269e+00  6.7362447186e-01 -2.3105980030e+00 -1.2448755519e+00  1.7803035135e-01 -8.6896020230e-01 -4.9765307943e-02 -2.2447513765e+00  2.5669547103e+00  8.1731511477e-01 -2.0149437121e+00  4.7116959306e+00  1.5487274031e-01 -1.1416623880e-01 -5.0825623073e-01  1.6122994893e+00  1.0561234449e+00  1.3838510002e+00  1.9484645444e+00  2.2891275723e-01  3.7329542237e+00 -8.4950592008e-01 -2.3851571531e+00  6.7271290098e-01 -7.1407215819e-01  1.5666902899e+00 -2.4486489897e+00 -9.8076451248e-01 -9.2282870107e-02 -3.0136219509e+00 -2.3653361407e+00  9.1724357122e-01 -2.5745802302e+00 -1.9092118562e+00 -6.9183048904e-01 -7.3474031953e-01 -1.6032002167e+00  9.5412405422e-01 -1.8376597914e-01  1.6786378324e+00 -1.7906074893e+00  5.1947172343e+00  5.5908357574e-01 -2.9927739646e+00  4.7863825119e+00  5.2035706406e-01 -8.0700521749e-01 -1.1604672748e+00
ENERGY -4.376977705765e+02
GRADIENT  1.3459249665e-03 -8.0479270698e-04 -5.0725641908e-04 -1.4917978156e-05 -1.8005519694e-05 -5.4984052515e-05 -5.3594366109e-05  4.7065634210e-05 -1.6368495969e-04 -1.9994541981e-03  6.0250776780e-04  6.4785874957e-04 -1.5151325076e-06 -3.0222098446e-05  3.4146791061e-05 -2.3546621656e-05  1.9102613640e-05  4.5497377104e-06 -2.7565782195e-04 -1.4366639129e-03 -3.8950634718e-04  2.1096494325e-06  3.9589130852e-05  6.3195000719e-05  4.6088126871e-06 -1.2588460271e-05  2.9080872295e-05  1.0447549064e-03  1.5594503539e-03  4.1681583444e-04  5.7124109843e-06  1.3014259456e-06 -7.4074899004e-06 -2.0024054511e-05  1.0824500261e-05 -4.7834751313e-06  4.9320658361e-06 -7.7115021971e-06 -7.3169787678e-07 -9.1884075995e-06  5.5371210473e-06  9.5655905286e-06  1.2423740274e-05 -7.0182542161e-06 -2.7936594158e-06  6.8529199967e-06 -8.7857970933e-06 -2.0512236414e-05 -3.1654635656e-06  2.7925490691e-06 -2.4533630976e-05  5.4762704129e-07  3.6060439967e-05 -8.6885956517e-06 -1.1417496066e-06  1.2731953372e-05  4.3075189427e-06  1.3559519957e-05  2.3089780721e-06  6.5090222610e-06 -2.8300001694e-05  3.4216700789e-07 -1.5139601343e-06

JOB 4
COORDS  1.0444704011e+00  1.4013594404e-01  1.7249099372e+00  1.2266168658e+00 -3.0043202892e-01  3.0291588733e+00 -1.3168798249e-01 -1.8878747357e+00  1.2797150416e+00  3.3533695131e-01 -6.5568691676e-01  8.1213413856e-01  7.1066642793e-01 -1.5631416766e+00  3.3930325940e+00 -1.3305464507e+00  7.0606520746e-01 -2.2884950153e+00 -1.2094124378e+00  2.7548234939e-01 -8.2906983989e-01  5.3730542331e-02 -2.3472000542e+00  2.5257967837e+00  8.1805503122e-01 -2.0373360485e+00  4.7003178367e+00  1.5483963500e-01 -2.1131554231e-01 -5.4261230660e-01  1.4442406636e+00  1.0950503823e+00  1.3936963172e+00  1.7610136042e+00  3.0581527246e-01  3.7563401852e+00 -6.7280921648e-01 -2.5534067577e+00  6.0509099143e-01 -5.9817310284e-01  1.4845672054e+00 -2.5228097701e+00 -1.1557517839e+00 -1.3870393287e-01 -2.9661328131e+00 -2.3332940341e+00  1.0942405298e+00 -2.4948392307e+00 -1.9769102953e+00 -4.8080857646e-01 -5.9265585052e-01 -1.3982223204e+00  1.1291612111e+00 -1.6884518274e-01  1.6396349104e+00 -1.7338940767e+00  5.2088955371e+00  6.5512752904e-01 -3.0361853543e+00  4.7659971374e+00  3.5464034929e-01 -9.8591054184e-01 -1.1744842422e+00
ENERGY -4.376989028827e+02
GRADIENT  1.6741119379e-03 -9.2435619235e-04 -5.1117069275e-04  1.0419436752e-05  1.4615774389e-05  7.4361318956e-06 -6.6800389629e-05 -5.3514517620e-05 -1.0691811912e-04 -2.6976651917e-03  6.8180938463e-04  6.1585336129e-04  2.5593500390e-05  1.3526380265e-05  4.4071672401e-05  1.0133140668e-07 -8.0973398400e-06 -2.1018606772e-06 -4.7262648040e-04 -1.6520524489e-03 -4.7233738721e-04  2.1928589034e-05  4.9439727269e-05 -3.3433516521e-05  4.8276494202e-06  2.2297244852e-05  3.6231275653e-05  1.4921567620e-03  1.8694651143e-03  4.2836538803e-04  1.1659357501e-06 -1.0960494539e-07  3.4257394137e-06 -4.5842326551e-06 -2.2502714203e-06  4.1677998191e-06 -4.6290234023e-06  3.3033262680e-06 -2.0916884562e-05  9.3135940025e-06 -4.3770807013e-06 -3.5841627274e-06 -1.0925349735e-05 -7.0657818914e-07 -4.6785370122e-07  6.8109804983e-06  1.3119706200e-05  3.4774788602e-06  6.2412599187e-06 -5.6394398694e-06 -8.5376627545e-07 -8.1769629769e-06  4.8043741584e-06 -5.5626829824e-06  6.5805560173e-06 -8.4275706020e-06  4.8005865544e-06  1.8581676320e-07 -4.1930994880e-07 -3.9365039767e-06  8.9276411565e-06  1.4278043293e-05 -8.3283558435e-06

JOB 5
COORDS  9.2428913963e-01  1.3120124549e-01  1.7121846115e+00  1.1185620551e+00 -2.7736634652e-01  3.0239377643e+00 -4.6222907145e-02 -2.0026691394e+00  1.2677983936e+00  3.1060618172e-01 -7.3704187435e-01  7.9359299359e-01  7.2347154823e-01 -1.5823688837e+00  3.3923252590e+00 -1.2964017387e+00  7.4389013912e-01 -2.2799605492e+00 -1.1683507791e+00  3.4989916150e-01 -8.1094817882e-01  1.6436829240e-01 -2.4324876436e+00  2.5212920163e+00  8.5214502103e-01 -2.0309931319e+00  4.7081925990e+00  1.1864354719e-01 -3.3112317307e-01 -5.6473905968e-01  1.2450466613e+00  1.1156994986e+00  1.3809902006e+00  1.5780363740e+00  3.8462898980e-01  3.7537077360e+00 -5.1224737891e-01 -2.7219073193e+00  5.9192940163e-01 -4.7030261910e-01  1.3967207489e+00 -2.5777634680e+00 -1.2810482766e+00 -1.3990386289e-01 -2.9294764260e+00 -2.2405365716e+00  1.2689499727e+00 -2.4578547009e+00 -2.0253425006e+00 -2.7499091330e-01 -5.0770152623e-01 -1.1947794713e+00  1.2448254124e+00 -1.7986767506e-01  1.6359953051e+00 -1.6477138240e+00  5.2226485245e+00  7.8814466128e-01 -3.0407062881e+00  4.7797037213e+00  1.6536671710e-01 -1.1522361330e+00 -1.1663974122e+00
ENERGY -4.377000731945e+02
GRADIENT  1.5922109698e-03 -8.6076473217e-04 -3.8884623432e-04  9.4710942826e-06  2.1754514712e-05 -1.9502884521e-05  5.8059395644e-05  8.5895454552e-05  8.8175117484e-05 -2.7676664863e-03  5.4708986293e-04  2.1245700625e-04  2.5429849427e-05 -2.6722630741e-05  1.5504604824e-04 -1.8096704579e-05  4.7371358247e-06 -1.7845554186e-05 -4.8588464267e-04 -1.5266817433e-03 -3.3635883873e-04 -2.2247236512e-05 -9.6510584093e-07 -3.7099829016e-05  6.3857427985e-05 -2.5250963707e-05  2.2996690697e-06  1.5995553585e-03  1.6432474719e-03  3.4523564557e-04 -3.8061078929e-06 -2.6696064707e-05 -1.2031777138e-05 -6.3101672587e-06 -1.3492464138e-05  1.1169559495e-05  9.5633546767e-06  3.1117413506e-05 -7.9727380570e-06  1.7837523288e-06  6.4089109733e-07 -3.3583470370e-06 -5.3444331725e-06 -1.6507552149e-06 -7.5914211603e-07 -8.3056142955e-07  1.6683332264e-07  1.5627575131e-06 -2.9521739364e-05  6.1740272775e-06  2.8710077703e-05 -1.0832030779e-05  1.9928784889e-05 -9.9287464545e-06 -2.7146232302e-05  1.2351860184e-05  1.2518236435e-05 -8.7554005527e-06  1.6174764910e-05  2.3361340261e-06  2.8029276290e-05  8.7769107705e-05 -3.1025529831e-05

JOB 6
COORDS  7.7915047794e-01  1.2040355285e-01  1.7075207576e+00  1.0065612721e+00 -2.6858596127e-01  3.0192213791e+00  2.4269126158e-02 -2.0987448698e+00  1.2598206640e+00  2.5752520416e-01 -8.0463054100e-01  7.8453424536e-01  7.4425582688e-01 -1.6067244985e+00  3.3870935241e+00 -1.2468063495e+00  7.7748739634e-01 -2.2923688026e+00 -1.1285433176e+00  4.2925513181e-01 -8.1108897695e-01  2.7525442228e-01 -2.5053093575e+00  2.5139544798e+00  9.1239670149e-01 -2.0398979585e+00  4.7060715676e+00  4.4287331140e-02 -4.3476499682e-01 -5.7358937567e-01  1.0073070889e+00  1.1332077324e+00  1.3849279654e+00  1.3938228593e+00  4.3682607773e-01  3.7502143317e+00 -3.7005124826e-01 -2.8603555062e+00  5.8465074662e-01 -3.4157327580e-01  1.2818558695e+00 -2.6436957101e+00 -1.3904515414e+00 -1.2388769655e-01 -2.9005526007e+00 -2.1052013160e+00  1.4342732179e+00 -2.4667288087e+00 -2.0590347821e+00 -4.2966468306e-02 -4.5426249692e-01 -9.9552062371e-01  1.3439816197e+00 -2.2458795236e-01  1.6649714872e+00 -1.5893381342e+00  5.2131986828e+00  9.4770560818e-01 -3.0515084046e+00  4.7735392115e+00 -4.9688339148e-02 -1.2761875477e+00 -1.1396781224e+00
ENERGY -4.377010300643e+02
GRADIENT  1.2038510847e-03 -4.1352278485e-04 -2.7632843029e-04  8.1083433882e-06  1.7997985095e-05  1.6391827544e-05  1.3846900034e-06 -2.0948475715e-05 -1.8798554353e-05 -2.0996888529e-03  1.6348351667e-04  3.4249240994e-04  7.9698257448e-06  1.4466046736e-05  4.0458121887e-05 -2.1754531066e-06  5.4756142750e-06  1.2133492487e-06 -6.4266721404e-04 -9.2936202604e-04 -1.6393814299e-04 -1.4484952469e-05  2.0385131674e-05 -1.5866553344e-06  2.2454017117e-05 -1.2713605012e-05 -1.1472198900e-05  1.5348833153e-03  1.1492928353e-03  9.1952570449e-05  1.2505965789e-06 -3.8623020311e-06  5.4287848942e-06  8.9495691933e-06 -2.4984252543e-06  2.6046117326e-06 -3.5920940891e-06  2.3753432887e-06 -1.4123678657e-06  2.6565286212e-06 -4.7945274685e-06  1.4155391911e-06 -1.8935046098e-06 -2.4605589994e-06  5.1816555025e-06  1.2182123189e-06  4.5785191282e-07  4.8307728978e-07  4.7974697032e-07  1.5469357927e-06  7.6000930191e-06 -6.9577967983e-06 -3.2838261155e-06 -5.4869907551e-06 -1.4587357870e-05  1.0834573791e-05  8.0149085926e-06 -1.7707780791e-07  8.6671902089e-06  9.0623822013e-06  9.6671418511e-06 -2.5371825635e-07  1.0400834668e-05

JOB 7
COORDS  6.3008205789e-01  1.1720587382e-01  1.7296947873e+00  8.9907141608e-01 -2.7230286876e-01  3.0340366946e+00  9.6848614555e-02 -2.1577643034e+00  1.2465868839e+00  2.0306581576e-01 -8.3913163254e-01  7.8860446318e-01  7.7219264178e-01 -1.6340063669e+00  3.3814144600e+00 -1.2210039224e+00  7.6050832366e-01 -2.3209910922e+00 -1.0666103783e+00  5.2483401790e-01 -8.2082916756e-01  3.8819776478e-01 -2.5571445254e+00  2.4932435028e+00  9.8514208688e-01 -2.0709225106e+00  4.6953219718e+00 -3.5920645887e-02 -4.9566125720e-01 -5.6501398300e-01  7.5569815236e-01  1.1559869448e+00  1.4364208616e+00  1.2114333912e+00  4.5765321443e-01  3.7766320593e+00 -2.2567346902e-01 -2.9433824250e+00  5.6077265581e-01 -2.7165203397e-01  1.0795889311e+00 -2.7617414936e+00 -1.5440182676e+00 -1.5331622967e-01 -2.8343783237e+00 -1.9738188750e+00  1.5314092497e+00 -2.5138021615e+00 -2.0355755931e+00  2.4212993178e-01 -3.7720700720e-01 -7.5638173792e-01  1.4556404909e+00 -3.3659613327e-01  1.7091763461e+00 -1.5695678380e+00  5.1968956866e+00  1.1128300416e+00 -3.0765531932e+00  4.7406529406e+00 -2.5065835469e-01 -1.3349056309e+00 -1.0988366173e+00
ENERGY -4.377015907942e+02
GRADIENT  6.6048749646e-04 -1.3670448830e-04 -1.4724876499e-04  1.3066018847e-05  3.2445759322e-06 -2.0472469310e-05 -1.8750296958e-05  2.2559998563e-05 -4.0703749097e-05 -1.2464716554e-03 -2.1529982419e-06  2.5397843089e-04 -1.0144475084e-05 -1.9367737070e-05 -5.3282834830e-07  9.1575245262e-07 -5.2714689648e-06  1.4715169634e-06 -4.7722348164e-04 -4.7845841839e-04 -2.8274832174e-05  2.0830160297e-05 -5.1915351892e-07  2.3013476146e-05 -6.1762875308e-06  1.9988806650e-05  1.9052896419e-05  1.0247813944e-03  6.1637165897e-04 -3.0041830581e-05  1.7444665558e-05 -5.3190614761e-07 -7.7582310413e-07 -1.3188744444e-05 -2.7351229598e-06  6.0712361420e-06  3.8684109078e-06 -5.7425135492e-06  3.9736287091e-06 -9.1646718974e-07  9.4187387891e-06  1.2424285027e-06  8.4398959434e-06  7.5962640484e-07  1.1310065295e-07 -2.9681095112e-06 -2.1720916701e-06 -1.4943252709e-06  4.5788024803e-06  1.7364259547e-06 -8.6679878718e-07  2.1676335208e-05 -1.0132400787e-05 -5.6914547468e-06  1.0733780163e-05 -1.0589439235e-05 -1.5544366156e-06 -7.1811927027e-06 -4.1330940045e-06  3.1362345107e-07 -9.9274969160e-06  1.3664476106e-05 -9.4484849133e-06

JOB 8
COORDS  4.8533053151e-01  1.1487675418e-01  1.7656894810e+00  7.8216677626e-01 -2.8294595176e-01  3.0634243224e+00  1.8816158789e-01 -2.1893906144e+00  1.2208881173e+00  1.6891529340e-01 -8.5372552456e-01  7.9407810073e-01  7.8627935998e-01 -1.6563645344e+00  3.3769747655e+00 -1.2452158022e+00  7.0438054602e-01 -2.3367728702e+00 -9.5106647481e-01  6.2329013989e-01 -8.4107014018e-01  4.9841815295e-01 -2.5883967506e+00  2.4608962092e+00  1.0279027318e+00 -2.1064998105e+00  4.6836193707e+00 -7.9965894425e-02 -5.2396097110e-01 -5.5502805317e-01  4.9894150900e-01  1.1705815354e+00  1.5112880721e+00  1.0073051415e+00  4.5617769961e-01  3.8281370631e+00 -4.8354897776e-02 -2.9851238009e+00  5.1197331814e-01 -3.1695927970e-01  7.9177733439e-01 -2.9098392496e+00 -1.7790488983e+00 -1.8833266023e-01 -2.6847529395e+00 -1.8736959407e+00  1.5725144596e+00 -2.5577380556e+00 -1.8922182258e+00  5.6966022056e-01 -2.6955093140e-01 -4.3898113519e-01  1.5390262234e+00 -5.2819196347e-01  1.7089854507e+00 -1.5589468058e+00  5.1973036080e+00  1.2473328330e+00 -3.0972257414e+00  4.7004163641e+00 -3.9627940884e-01 -1.3438111771e+00 -1.0658869616e+00
ENERGY -4.377020754129e+02
GRADIENT  9.4354219553e-04 -6.2321630037e-05 -1.7722792724e-04  3.0067146427e-06  6.4287001894e-06 -5.7413013693e-05 -1.0436286196e-05  5.8717772809e-05 -4.9050537383e-05 -1.8308758865e-03 -1.5856722522e-04  3.5110950599e-04 -1.3141027386e-05 -7.1673975297e-05  6.8757274006e-06  3.1658752306e-07  5.7011598478e-06  3.2480366745e-06 -7.4349461643e-04 -5.3184089698e-04  7.0193326558e-06  2.3606465064e-05  6.8987270754e-07  5.7937294446e-05  1.2837149256e-05  1.5568360400e-05 -6.1033860094e-06  1.5935010305e-03  7.5648102779e-04 -1.1904883795e-04  1.6826714610e-05  4.4842843788e-07  1.3059101080e-06 -1.3109540036e-05 -6.7749056348e-06  4.2202544528e-06  8.5241697770e-06 -5.7745235385e-06  1.1423891004e-05 -4.6854486783e-07  1.9093402484e-05  4.1104708978e-06  1.6381442680e-05 -4.6645730827e-06 -6.5440902140e-07 -1.3281371834e-05 -6.0916710632e-06 -1.7280200871e-06  6.6813564268e-06  9.9418834704e-06 -4.4529840612e-07  1.7848680270e-05 -1.6600825065e-05 -1.8682163003e-05 -6.2700425550e-07 -8.3032066507e-06 -1.3632010560e-06 -1.2545774491e-05 -2.6282838470e-06  2.9296283016e-06 -1.0078581706e-06  8.9788091041e-06  7.4429656757e-06

JOB 9
COORDS  3.5150556825e-01  9.3956678125e-02  1.7857883907e+00  6.8417885421e-01 -2.9116646774e-01  3.0808169733e+00  2.6728854097e-01 -2.2230429854e+00  1.2161782938e+00  1.3030234840e-01 -8.8799941925e-01  8.0218734666e-01  8.0635138227e-01 -1.6598938857e+00  3.3810311665e+00 -1.2442807358e+00  6.8925111100e-01 -2.3338668735e+00 -8.5329812946e-01  6.6146611169e-01 -8.5846063740e-01  5.9984230702e-01 -2.6044808368e+00  2.4538371997e+00  1.0837476273e+00 -2.1035517073e+00  4.6842320042e+00 -1.4991483866e-01 -5.8195927831e-01 -5.4180991552e-01  2.6077170505e-01  1.1494273144e+00  1.5491283499e+00  8.3776005338e-01  4.5742257792e-01  3.8539797500e+00  1.0662604865e-01 -3.0284518611e+00  4.9715000144e-01 -3.6032630324e-01  5.8819503129e-01 -2.9712754346e+00 -1.9365609989e+00 -1.2627352810e-01 -2.5758066932e+00 -1.7434621472e+00  1.6311269243e+00 -2.5804498297e+00 -1.7471617559e+00  7.9495492585e-01 -2.2625937379e-01 -1.8618781060e-01  1.5055864599e+00 -6.5002795084e-01  1.7218290581e+00 -1.5087542510e+00  5.2007959010e+00  1.3864426181e+00 -3.0723201370e+00  4.6872128688e+00 -5.6242123796e-01 -1.3756496828e+00 -1.0222454328e+00
ENERGY -4.377026099229e+02
GRADIENT  6.7354712627e-04 -6.6465107958e-05 -1.0306066180e-04  1.6784259086e-05  7.7421557221e-05  2.3444081996e-05 -2.9281399517e-05 -2.0743247053e-05 -9.6185035326e-05 -1.2868031900e-03 -1.3435981869e-04  1.4906000428e-04 -8.5131776445e-06 -3.6603461582e-05 -3.2701908390e-06  1.6029371660e-05  2.9322172794e-05 -1.0986596146e-05 -4.7723048216e-04 -3.0954989628e-04  6.0776151471e-05  7.0598062653e-06  3.2616647115e-05  3.3084353782e-05  2.1601992841e-05  1.6646258975e-05 -8.9632885643e-06  1.1218091760e-03  4.0772493899e-04 -9.3451560583e-05  1.4874629625e-06 -9.1116447727e-06  9.4802105506e-06 -3.4994208022e-06 -1.2374784781e-06  9.7880208223e-06 -2.8976002043e-06  5.6342623302e-06 -6.0712975893e-06 -3.0125369494e-07  4.5119872019e-06  1.7997882861e-06  4.8256426936e-07 -5.8049090740e-06 -3.2124084411e-06 -9.4287364076e-06 -4.8050977015e-06  1.4756701105e-06 -2.5878252026e-05  7.1131759177e-06 -1.7907445247e-05 -2.2248697595e-05  1.7365087156e-05  8.4966873201e-06 -1.2770814061e-05 -1.2781147598e-06  4.2771097179e-06 -9.0214378204e-06  3.8902681538e-06 -1.6880429298e-06  5.5269548633e-06 -1.2442802406e-05  3.4197524919e-05

JOB 10
COORDS  2.2018109860e-01  6.5523071856e-02  1.8040243329e+00  6.0126798394e-01 -3.0750894578e-01  3.0908216360e+00  3.1142946471e-01 -2.2457435675e+00  1.2088549763e+00  6.8078774511e-02 -9.1945348846e-01  8.1118952587e-01  8.2600056038e-01 -1.6651090943e+00  3.3751066226e+00 -1.2083928936e+00  7.1375111179e-01 -2.3425559704e+00 -8.0164171226e-01  6.7797127991e-01 -8.7147994738e-01  6.7789394598e-01 -2.6140701802e+00  2.4395017895e+00  1.1520651982e+00 -2.1020704085e+00  4.6697914941e+00 -2.7121355791e-01 -6.3477044440e-01 -5.2221421604e-01  4.0232909260e-02  1.1128292531e+00  1.5843478151e+00  7.0738644601e-01  4.4268465980e-01  3.8703839301e+00  2.0815889038e-01 -3.0518437494e+00  4.8050871302e-01 -3.5677859480e-01  4.7319295212e-01 -2.9864518341e+00 -2.0091738042e+00 -6.3932942597e-03 -2.5496066425e+00 -1.5787025549e+00  1.7069717894e+00 -2.6137227279e+00 -1.6611053623e+00  9.5623010460e-01 -2.3731332568e-01 -2.0248968489e-02  1.4264569614e+00 -6.9415983094e-01  1.7542121928e+00 -1.4688445948e+00  5.1838886853e+00  1.5249239157e+00 -3.0460263479e+00  4.6559718833e+00 -7.8512034593e-01 -1.3919153191e+00 -9.6005004815e-01
ENERGY -4.377026707307e+02
GRADIENT -5.2354023159e-04 -3.5627925916e-05  1.1206401150e-04 -1.1085416884e-05 -4.7417247097e-05  1.4891181836e-05  1.0765965350e-05 -5.7486455438e-07  8.2523990424e-05  1.0643658594e-03  1.9730643513e-04 -2.6627152019e-04  2.2728907390e-06  5.2228112546e-05 -1.9260484536e-05  4.7030260238e-06 -1.5518015552e-05  1.7268183480e-06  4.5968218707e-04  1.3927701485e-04 -9.7105144759e-05 -4.2766097306e-06 -2.5888484428e-05 -3.8905618546e-05 -3.2070024407e-05 -2.1495609829e-05  2.2893899814e-05 -1.0314455424e-03 -1.9328607291e-04  1.6552732863e-04 -7.6554265460e-07  5.8226476158e-06  6.9587505993e-07  8.4699435201e-06  3.2442404024e-06 -5.6327295978e-06  5.4094752830e-06 -8.3055390759e-06 -4.4698756082e-06 -1.8452084318e-06 -4.3447965662e-06  7.8617051211e-06 -1.1501454694e-06  1.3262366447e-05  1.1699399339e-06  3.4251119122e-06  7.0739116412e-06 -2.2560013653e-06  4.4777819960e-06 -2.2356586993e-05  6.7090843878e-06  9.4158287813e-06 -2.5480365091e-05  1.1992605949e-05  1.4658026472e-05 -8.3395766095e-07 -3.5384110976e-06  1.2793653242e-05 -2.7581530534e-06 -3.5773244209e-06  1.3042971836e-05 -7.0833316383e-06  3.0193143504e-06

JOB 11
COORDS  9.6548491820e-02  3.0966750110e-02  1.8380928963e+00  5.3484659179e-01 -3.2785799752e-01  3.1108681043e+00  3.4162349998e-01 -2.2603145990e+00  1.2093138944e+00 -2.5252696864e-03 -9.4979069257e-01  8.3483995944e-01  8.5564452674e-01 -1.6705237763e+00  3.3731682948e+00 -1.1466158499e+00  7.0991826691e-01 -2.3605535871e+00 -7.7305875636e-01  6.6844886679e-01 -8.8038866334e-01  7.5223422322e-01 -2.6178423762e+00  2.4292437145e+00  1.2405753432e+00 -2.0983000648e+00  4.6537621248e+00 -4.1600250240e-01 -6.8573647612e-01 -4.8344452881e-01 -1.6613339932e-01  1.0643765529e+00  1.6365012460e+00  6.0636631329e-01  4.1866456434e-01  3.8978952761e+00  2.8324161353e-01 -3.0605140500e+00  4.7027401179e-01 -3.1801516773e-01  3.5286237278e-01 -2.9796897299e+00 -2.0221421704e+00  8.1921266941e-02 -2.5651040354e+00 -1.3945811964e+00  1.7313471796e+00 -2.6650224798e+00 -1.6039459700e+00  1.0767227973e+00 -2.7810709377e-01  9.4330679262e-02  1.3153664211e+00 -7.0299345669e-01  1.8046476028e+00 -1.4299248647e+00  5.1662519673e+00  1.6770624725e+00 -3.0140137376e+00  4.6213816519e+00 -1.0410964373e+00 -1.3919058203e+00 -8.5564385468e-01
ENERGY -4.377019361242e+02
GRADIENT -1.9487131131e-03 -3.2016173855e-04  5.1362692624e-04  2.7846930456e-05 -5.1035848451e-05 -7.2788276906e-05 -7.6449691951e-06  7.5894309364e-05  6.0075751851e-05  3.9357987644e-03  7.3200499741e-04 -1.0741416673e-03  1.4506659376e-05 -4.7118871493e-05  2.3599463460e-05 -1.8450587421e-05  1.0317687839e-05 -2.2522029158e-06  1.7824981223e-03  3.0747009294e-04 -4.6845157011e-04 -1.7765306036e-06 -7.2873237067e-06  1.1461105995e-05  1.3387219396e-05 -9.9929495690e-06  2.9366172970e-05 -3.8139925042e-03 -6.2830246067e-04  9.4195005427e-04  1.6856463716e-06  3.3782646161e-06 -1.0064261307e-05 -2.7907082252e-05 -1.3083083086e-05 -8.5904784651e-07 -1.4895075599e-06  1.8475187529e-06  1.2890296362e-05  2.6880914365e-06  2.4710419059e-06 -1.5590037534e-06  5.1030662142e-06  2.1691240546e-06  1.4718435374e-06  7.2459015426e-06  2.2966739581e-06 -3.3227177050e-06 -2.9285013726e-06 -3.6152733633e-06 -2.5572490963e-06  8.8660190309e-06 -7.4575625951e-06  1.6723795753e-06  2.5701922337e-06 -4.5491871098e-07 -7.4845000779e-06  7.4048454547e-08  1.9615383030e-06  1.8735967523e-06  2.1133852752e-05 -1.1910766494e-05  2.7018244407e-05

JOB 12
COORDS -1.6024611999e-02  7.8033498774e-04  1.8862331705e+00  4.7304025810e-01 -3.4805946708e-01  3.1422237413e+00  3.8743829524e-01 -2.2506162875e+00  1.1991226704e+00 -5.9086464459e-02 -9.6257668311e-01  8.6267253706e-01  8.9127577631e-01 -1.6717452015e+00  3.3681415155e+00 -1.0730393656e+00  6.8838077888e-01 -2.3819606436e+00 -7.2522614570e-01  6.5864725990e-01 -8.9467782349e-01  8.4036737196e-01 -2.6052049891e+00  2.4060715247e+00  1.3290813871e+00 -2.0962973468e+00  4.6301807700e+00 -5.4150350616e-01 -7.1337519504e-01 -4.4175917156e-01 -3.5864770088e-01  1.0155477559e+00  1.7085849855e+00  5.0833424729e-01  3.8491463425e-01  3.9443746859e+00  3.7755108338e-01 -3.0325409864e+00  4.3949271176e-01 -2.8492253898e-01  2.1249407770e-01 -2.9730996030e+00 -2.0132743121e+00  1.5883292635e-01 -2.5778854803e+00 -1.1969078794e+00  1.7196541194e+00 -2.7274039495e+00 -1.5068164154e+00  1.1955577584e+00 -3.2783538578e-01  2.1476951763e-01  1.1955728558e+00 -7.2257318561e-01  1.8395029255e+00 -1.3978947493e+00  5.1581337995e+00  1.8312027789e+00 -2.9763954231e+00  4.5747524585e+00 -1.2984417213e+00 -1.3306061366e+00 -7.1514823962e-01
ENERGY -4.377004090999e+02
GRADIENT -2.8819673946e-03 -9.0598372274e-04  8.4997289390e-04  4.1117376462e-05 -1.8820115028e-06  4.7565211340e-05 -3.4000003137e-06 -7.5066243454e-05 -5.3723412113e-05  5.8661410677e-03  1.4058585409e-03 -1.8326038864e-03 -5.2141536324e-06  7.6782388460e-05  4.2644136358e-05 -1.3838483524e-05  8.9638028449e-06  1.8794179146e-07  2.6797641912e-03  1.5649144075e-05 -9.7179131549e-04 -3.6011095635e-05  1.8506328806e-05 -6.7097151024e-05 -8.6876518873e-06 -3.6934956579e-07  4.4398329715e-05 -5.6871199531e-03 -5.4426883124e-04  1.9496611662e-03  1.3831516342e-05  2.9715102269e-06  3.2056046596e-06 -1.4005345695e-05 -5.4803564384e-06  4.6820278816e-06 -9.8655875471e-06  7.2370218443e-06 -1.8740936857e-05 -3.0188731696e-07  5.3218537315e-06 -2.7412633076e-06  2.9664134458e-06 -4.2945132861e-06  1.4657848815e-06 -2.2802019863e-06  1.2254049955e-06  7.4525631596e-07 -1.8330414338e-06  6.1637136614e-06 -1.7201030693e-06  4.8727197130e-06 -1.2151071168e-05  3.0693038036e-06  1.2813034867e-05 -1.9116049818e-06 -7.4118533819e-07  3.2674327483e-06  1.3729697286e-06 -4.9238063949e-06 -6.7671204891e-06  2.2224393401e-05 -7.5069160107e-06

JOB 13
COORDS  1.0419946253e+00 -8.2046138425e-01  1.2180292015e+00  1.5094163519e+00 -1.3646741497e+00  2.4092038133e+00 -1.0178596032e+00 -3.5397644912e-01  2.3307155239e+00 -2.6286892875e-01 -3.0021772811e-01  1.1517950851e+00  6.6338485987e-01 -1.3585169583e+00  3.5359429866e+00 -1.2739900185e+00  4.0746317844e-01 -2.4219068395e+00 -3.8595785379e-01 -1.6833423059e-01 -1.3197143192e+00 -5.7901596938e-01 -8.5558896845e-01  3.4919986203e+00  1.1014696274e+00 -1.8308518605e+00  4.7765483871e+00 -8.3482588334e-01  2.9621821364e-01 -8.7845075366e-03  1.6881993200e+00 -8.0395153811e-01  3.4485405678e-01  2.5166068843e+00 -1.7680662054e+00  2.4793621740e+00 -2.0371172550e+00  3.0719174650e-02  2.3225519262e+00 -2.3178703767e+00  1.2052253830e-01 -2.2644806561e+00 -1.2214814835e+00  1.5028431428e+00 -2.4384210513e+00 -9.5311079140e-01  4.6112589615e-02 -3.4044712734e+00  6.6659775802e-01  8.7644866540e-02 -1.5352457247e+00 -4.5099025157e-01 -1.2619967616e+00 -1.3204918549e+00  1.7591921452e+00 -2.6002950997e+00  4.7369397109e+00  3.2986894420e-01 -2.0079866168e+00  5.4109325005e+00 -8.5270066217e-01  1.3103285026e+00  5.0625961415e-02
ENERGY -4.376986360041e+02
GRADIENT  9.4539626206e-04  2.4629359163e-03  8.1166740271e-04  5.3862626127e-06 -5.9037356519e-07 -1.3617752708e-05 -5.8673997601e-05  2.2331254074e-05 -3.0721130673e-05 -2.3500114912e-03 -4.6683686149e-03 -1.2143368442e-03  1.8094568634e-05 -1.4468232647e-05  2.5125031843e-05 -5.1885142634e-06 -5.9568630231e-06 -3.0015735256e-06 -1.8219148554e-03 -1.7727438783e-03  1.3557929446e-05  1.9974005898e-05  5.6612906459e-06 -2.5122820732e-05  1.8490888017e-06 -7.4472293868e-06  6.3107350119e-06  3.1774073804e-03  3.9649054358e-03  3.4449795704e-04 -5.2061066884e-07  6.4941498731e-06  2.7330966937e-06 -2.4312509960e-06 -1.9106812167e-06  4.4569839348e-06 -3.9139278164e-06  6.9919452553e-06 -5.9773430628e-06  1.9881867020e-06  8.3975187478e-06  6.5041345953e-06  9.2182772775e-06 -1.9343701488e-06 -6.8015425877e-06 -2.6031366093e-06 -8.3847795110e-06 -2.5073443859e-06 -2.6680862604e-06  1.7890836771e-05 -4.4858571227e-06  2.7880688474e-05  8.0961368873e-07 -5.4960364288e-06  4.9191044470e-06  5.5542947844e-06  3.7826142637e-06  1.2179566033e-07 -2.7290345978e-06 -2.0442033883e-06  3.3204552650e-05  4.5450536231e-07  8.9085061019e-05

JOB 14
COORDS  1.0975390859e+00 -6.6994568098e-01  1.2594182196e+00  1.5524782679e+00 -1.2431667547e+00  2.4400573989e+00 -1.0426033376e+00 -4.2681166759e-01  2.2869971851e+00 -2.3802754530e-01 -2.4059429717e-01  1.1590843501e+00  6.5099861492e-01 -1.3749980648e+00  3.5179715377e+00 -1.2828546593e+00  4.1331129339e-01 -2.4189149574e+00 -4.9807943204e-01 -2.5918906894e-01 -1.2939386791e+00 -6.2497057849e-01 -9.7171993561e-01  3.4384329907e+00  1.0659115736e+00 -1.8870251103e+00  4.7473296250e+00 -8.1014244863e-01  3.7225903821e-01 -6.0519168852e-03  1.7783224865e+00 -5.5295327187e-01  4.1987880330e-01  2.5842761234e+00 -1.5703521577e+00  2.5424026437e+00 -2.0854532718e+00 -1.1636945666e-01  2.2435714705e+00 -2.3581576642e+00  3.5373872164e-01 -2.2265411523e+00 -1.0129024160e+00  1.4725781608e+00 -2.5098827750e+00 -1.0695933649e+00 -6.6600158721e-02 -3.3797993483e+00  5.7768240101e-01 -2.3841075941e-01 -1.5405647632e+00 -7.8273131816e-01 -1.3142041896e+00 -1.2174482392e+00  1.7988177180e+00 -2.5846837855e+00  4.7053849075e+00  2.8632436061e-01 -2.1632969971e+00  5.3344306252e+00 -5.8351559845e-01  1.3643375296e+00 -3.8133531807e-02
ENERGY -4.376975884290e+02
GRADIENT  1.9625746687e-04  5.6177261364e-04  1.9925200189e-04  1.8976321875e-05  1.7234865930e-05 -1.5666070383e-05  6.1670973598e-06  5.2276356477e-06 -4.0977646237e-05 -5.3381774707e-04 -1.0727565315e-03 -3.2035899767e-04 -8.2843582580e-05  2.5036492514e-05 -1.5046615497e-05 -1.0879758961e-05 -4.2537308140e-06  5.1492126272e-06 -4.6091035707e-04 -3.0249647695e-04  8.2899676503e-05  3.1131866896e-05 -3.5723278392e-05  5.7235738143e-05  4.8034184565e-06  8.2118081143e-06 -1.7232918602e-05  8.3185230591e-04  8.2164691045e-04  1.3817928385e-04  2.5571881331e-06  1.1108780963e-05 -1.0064985272e-05  1.0386544272e-06 -3.2368072829e-06 -7.8919119861e-07  4.5332682905e-06 -2.5896293481e-06  1.4081473907e-05  2.3973498118e-06 -1.4011537673e-05 -5.7211698231e-06 -1.1089736446e-05  2.4817630798e-06  1.1725225015e-05  1.6597881275e-05  8.7062132186e-06 -2.6625088524e-06  9.0064243551e-06 -8.0752345985e-06 -1.0191423462e-05  2.7598344325e-06  3.5258398588e-06  2.2766940908e-05 -8.1475207873e-06 -4.5135408435e-06 -3.4627591072e-06 -3.0430722133e-06  6.8183051365e-06  4.8965947083e-06 -1.0106100710e-07 -3.0926685532e-05 -6.7363360751e-05

JOB 15
COORDS  1.1516272354e+00 -5.0614218449e-01  1.3216492972e+00  1.5932561342e+00 -1.1133777186e+00  2.4897747475e+00 -1.0488596439e+00 -4.8528636640e-01  2.2454567906e+00 -2.0507830235e-01 -1.6391743889e-01  1.1801355298e+00  6.4928174777e-01 -1.3893289241e+00  3.5032458859e+00 -1.2399373621e+00  4.1074164692e-01 -2.4092352517e+00 -6.1176461191e-01 -3.2745796616e-01 -1.2295005206e+00 -6.4969445820e-01 -1.0826147122e+00  3.3777957519e+00  1.0407580551e+00 -1.9485884459e+00  4.7184879862e+00 -7.6253895573e-01  4.5670591880e-01  8.0349441915e-03  1.8585617908e+00 -2.8630859113e-01  5.2421756903e-01  2.6415422084e+00 -1.3651919546e+00  2.6303769124e+00 -2.1076122041e+00 -2.4373116317e-01  2.1662303469e+00 -2.2980624719e+00  6.1228014673e-01 -2.2173826754e+00 -7.3899703519e-01  1.3702483308e+00 -2.5877137260e+00 -1.1560966856e+00 -1.8254481854e-01 -3.3256742040e+00  4.4168644676e-01 -5.6388898974e-01 -1.4588996338e+00 -1.1200906570e+00 -1.2851677502e+00 -1.0727369674e+00  1.8347695801e+00 -2.5757790278e+00  4.6779386714e+00  2.5904057658e-01 -2.3251104494e+00  5.2435713576e+00 -3.3826315724e-01  1.3734030354e+00 -1.2870952563e-01
ENERGY -4.376978463494e+02
GRADIENT -2.2047894670e-04 -1.0645636518e-03 -4.5631077489e-04  9.1519181151e-06 -6.4569489409e-06 -7.6169981757e-07  3.1110938352e-05 -1.0399055439e-05  1.9576308064e-06  7.2062064852e-04  1.8496260435e-03  6.3493178890e-04 -1.0510258404e-05  1.3509573568e-05 -7.5919296630e-06  6.6015041706e-06  5.4139760770e-07  2.5507544954e-06  9.1088764509e-04  4.6260937496e-04 -1.8927361007e-04 -2.4025140340e-06 -6.5429899176e-06  1.5720052989e-05 -8.6477722695e-06 -3.7477658263e-06 -9.6795845132e-06 -1.4069743627e-03 -1.2519634483e-03  1.3149752693e-05 -9.1932428037e-07 -1.2200478611e-06  6.6522016853e-07  4.2798066775e-06  3.3988474994e-06  9.2430469256e-07  2.1244816338e-06 -5.8711597175e-06  4.9411168541e-06 -1.1607112899e-06  4.7838119894e-08  1.3629131057e-06  1.0823144978e-06 -1.2215215600e-06 -7.7543507889e-07 -3.0266388757e-06 -1.8472525514e-06  2.7032274044e-06  7.0556600413e-07 -5.4282837477e-07  7.0346172638e-06 -4.1632307708e-06 -1.1300137948e-06 -3.6788701974e-06  4.6313238610e-06  3.6734688927e-06 -9.4557026284e-07  4.7475985845e-06 -1.0678451845e-06  7.3061819685e-07 -9.2181792600e-06  1.3933814388e-06 -2.8691290887e-06

JOB 16
COORDS  1.1815038386e+00 -3.9040998394e-01  1.3944697781e+00  1.5855628267e+00 -1.0261013022e+00  2.5617920542e+00 -1.0705083278e+00 -5.4533677439e-01  2.1711248214e+00 -1.8131759887e-01 -1.1962529224e-01  1.1812670636e+00  5.9756286651e-01 -1.4172106464e+00  3.4909679158e+00 -1.2623302807e+00  3.8699074909e-01 -2.3977924288e+00 -7.2448095865e-01 -3.6407265944e-01 -1.1825435285e+00 -7.0804681128e-01 -1.1851560436e+00  3.2917108145e+00  9.4376940444e-01 -2.0167015534e+00  4.7016915166e+00 -6.9366067415e-01  5.1651806485e-01  6.2891098919e-04  1.9204734995e+00 -9.0902337274e-02  6.5321986712e-01  2.6366972067e+00 -1.2190497829e+00  2.7613972270e+00 -2.1347412621e+00 -3.5575285927e-01  2.0388687462e+00 -2.2650521990e+00  7.7594320494e-01 -2.1968529203e+00 -6.1592331870e-01  1.2343033522e+00 -2.6579096583e+00 -1.3103861141e+00 -2.7322057281e-01 -3.2699318577e+00  2.6861632015e-01 -7.8884143922e-01 -1.4107810294e+00 -1.3786312777e+00 -1.2097794167e+00 -9.4425649600e-01  1.7756502114e+00 -2.5939914533e+00  4.6819054563e+00  1.5456652146e-01 -2.4696157709e+00  5.1496892617e+00 -1.2260075926e-01  1.3320266223e+00 -2.1818277808e-01
ENERGY -4.376986299751e+02
GRADIENT -7.2124018910e-05 -1.2444492892e-03 -6.5986048623e-04 -4.4585069164e-05  7.8038586566e-06 -2.0498860529e-06  7.1495446357e-05 -3.4086284719e-05  1.6483471130e-05  7.1468615369e-04  2.1051024948e-03  8.8956117361e-04 -5.2995988124e-05  3.6678767025e-05 -5.0095055780e-05  9.8761518705e-06 -2.1984384082e-06 -8.0207498599e-06  1.1352391975e-03  3.4968667059e-04 -2.8759917740e-04 -1.4822855631e-05 -3.3679797839e-05  3.4892186187e-05 -7.1531584481e-06  2.5612482046e-05  1.9152289026e-06 -1.6862571781e-03 -1.2136629750e-03  1.0431802406e-04  5.6233303936e-06  5.7773399901e-06  3.4261104859e-06  3.2702589865e-06  2.1519978941e-06 -9.9713677429e-06  7.7521500596e-07 -8.9333890425e-06  2.0497505792e-05 -8.2353592130e-07 -2.2139098249e-06 -1.3609586594e-06 -1.3674128646e-06  4.4162681784e-06  9.2909848263e-08  1.9224873686e-06  1.3847083766e-06  3.6325085438e-06 -1.4233127212e-05 -1.6227207248e-05 -8.0570641095e-06 -1.5073461541e-05 -1.0303516947e-05 -2.8402419520e-05 -4.1475447145e-06 -1.2488601103e-05 -1.2480791042e-05 -4.7341684490e-06 -3.6840304456e-06  1.8328963258e-06 -3.4293445852e-06  3.9835279061e-05 -1.3379248617e-05

JOB 17
COORDS  1.2817166854e+00 -2.8634157473e-01  1.4404278745e+00  1.6626861463e+00 -9.2678001281e-01  2.6142765117e+00 -9.9307246040e-01 -6.1704244339e-01  2.0786807693e+00 -8.0695105623e-02 -1.0213878644e-01  1.1516997380e+00  6.5466075789e-01 -1.4190804828e+00  3.4685182590e+00 -1.3029800385e+00  3.9641912215e-01 -2.3810718591e+00 -7.8868045300e-01 -3.7116245646e-01 -1.1661918534e+00 -6.5048325473e-01 -1.2710724329e+00  3.1959173895e+00  9.7065851768e-01 -2.0338452954e+00  4.6819243003e+00 -5.6135380857e-01  5.4395513028e-01 -3.0701150882e-02  2.0396941248e+00  8.4261832687e-02  7.5218402549e-01  2.7118966663e+00 -1.0502874110e+00  2.8706369761e+00 -2.0596768431e+00 -4.9061434798e-01  1.8970201314e+00 -2.2307923434e+00  9.2331064373e-01 -2.1388935393e+00 -5.7011008452e-01  1.1388260840e+00 -2.7202026496e+00 -1.4941915063e+00 -2.8553526245e-01 -3.2160548815e+00  1.2462746483e-01 -9.3217598306e-01 -1.4294677404e+00 -1.5306523890e+00 -1.1112011501e+00 -8.4891993064e-01  1.8366435810e+00 -2.5592869302e+00  4.6894051274e+00  1.8899423202e-01 -2.5559211740e+00  5.0631628213e+00  1.0495590783e-01  1.2579655600e+00 -3.2063984861e-01
ENERGY -4.376994173180e+02
GRADIENT -4.0766997606e-04 -1.2440047603e-03 -2.7692582856e-04  2.8886184684e-04 -2.3030402418e-05  7.1182437744e-05  3.2880708282e-04 -6.7518988420e-05  9.5857909308e-05  3.0302949347e-04  1.7779789740e-03  4.5901786095e-04 -6.9599643243e-05  3.9787671467e-05 -1.1102520641e-04  1.5331395769e-05  1.8028802166e-05  2.6747889319e-06  1.1673794844e-03  2.7013975912e-04 -3.6033225330e-04 -6.7073588244e-05 -3.2405426898e-05  6.2116717345e-05  6.3949331705e-05  2.2523248842e-05  6.8758957581e-05 -1.5748816561e-03 -6.8037965862e-04  9.0197825535e-05 -4.5156272505e-05 -2.3520989583e-05  2.5652775136e-05  2.0207608276e-05 -1.7780363343e-05  3.3081502392e-05  4.5834343124e-05  1.6601808319e-05 -1.7923693560e-05  5.9441381850e-07 -2.4342181421e-06 -2.9679303766e-06 -7.0329500112e-06 -1.2979758123e-05  8.4045771436e-06 -9.5508858866e-06 -3.0095938141e-06 -1.1302819962e-05 -1.9296303205e-06  1.9367824663e-05  1.0361695354e-05  1.5385882914e-05  6.5309428029e-05  8.2129150575e-05 -5.9711391893e-06 -2.9734633439e-05 -7.2734478637e-06 -6.0645219587e-06 -4.7459650271e-06 -1.3517222349e-05 -5.5584737006e-05 -8.2914631277e-05 -2.5026867217e-04

JOB 18
COORDS  1.3325102160e+00 -2.2143736480e-01  1.4965782639e+00  1.6791512082e+00 -8.4972052781e-01  2.6882114181e+00 -9.5109029836e-01 -7.1072755846e-01  1.9871272532e+00 -1.7584509376e-02 -1.2683070385e-01  1.1208689387e+00  6.5713322100e-01 -1.4212763609e+00  3.4713561823e+00 -1.3455070677e+00  4.2562755997e-01 -2.3680228464e+00 -8.7450474428e-01 -3.7854200436e-01 -1.1592355360e+00 -6.3469559761e-01 -1.3557371545e+00  3.1161125024e+00  9.3607121791e-01 -2.0312326163e+00  4.6982935441e+00 -4.5507687387e-01  5.2251611681e-01 -6.8843419401e-02  2.1069502513e+00  2.0727500075e-01  8.6244176297e-01  2.7163987190e+00 -9.0521138802e-01  3.0087637991e+00 -2.0122781523e+00 -6.5122737813e-01  1.7480110480e+00 -2.1767308061e+00  1.0821190851e+00 -2.0937790040e+00 -5.3751069636e-01  1.0505018335e+00 -2.7679328116e+00 -1.6751967267e+00 -2.4223441778e-01 -3.1704554719e+00 -6.3777824943e-02 -1.0672272717e+00 -1.4521612262e+00 -1.6938172641e+00 -9.9947206245e-01 -7.8433667184e-01  1.8300135436e+00 -2.5051962618e+00  4.7494994412e+00  1.6775846485e-01 -2.6106998096e+00  5.0191995370e+00  2.8090892194e-01  1.1358625816e+00 -4.1288889901e-01
ENERGY -4.377000650134e+02
GRADIENT  1.4507507948e-04 -8.1129492047e-04 -4.7830574538e-04 -2.8963915376e-05 -1.8959588005e-06 -8.4352550412e-06  1.0514592525e-04 -3.5545290692e-05  7.5196052688e-05  1.5817469066e-04  1.2898415713e-03  5.3798753613e-04 -2.8058417762e-05  2.3349201806e-05 -7.0119422008e-06 -5.4215804928e-06  7.9107734233e-06 -1.7750531990e-05  7.6677700910e-04  4.5291206328e-05 -2.3413552576e-04 -4.2382836414e-05 -2.7968585777e-05  4.6071673940e-05 -5.3143717414e-05 -1.9674900846e-05 -6.5160816320e-05 -9.9828987641e-04 -5.0403453780e-04  1.9519250051e-04  2.6908277953e-07  7.1840058710e-06 -2.9372919261e-06  1.0274890025e-05 -3.2117530774e-06 -1.4534146971e-05  5.8987695982e-06 -7.5471894912e-06  1.0934200833e-05  3.3719948176e-06  5.8471191363e-06  2.0868303770e-06  1.7907739094e-06  1.3295379129e-06 -4.0216417984e-06  2.6876786363e-06 -5.6812517876e-07  3.2787443908e-06  7.3623767475e-06 -1.3021115180e-05  1.9487930102e-07  1.1943944959e-05 -1.3796379721e-05 -9.6417976161e-06  7.1084373783e-06  2.6383802912e-05  3.0137198244e-06  3.4936737883e-06  3.9144890062e-06  1.4293915358e-06 -3.5509616772e-05  1.5255720532e-05 -1.8837317505e-05

JOB 19
COORDS  1.3512038168e+00 -1.6343751768e-01  1.5365190939e+00  1.6763486127e+00 -7.7140514174e-01  2.7440479791e+00 -9.1357686145e-01 -8.2223691597e-01  1.8960210029e+00  2.1398880693e-02 -1.6639159537e-01  1.0819206649e+00  6.5866326221e-01 -1.4200762986e+00  3.4695365807e+00 -1.3348174541e+00  4.7271308384e-01 -2.3845738625e+00 -9.8008921913e-01 -3.6501951584e-01 -1.1589530031e+00 -6.1100814281e-01 -1.4458180662e+00  3.0412331102e+00  9.1420571423e-01 -2.0147779104e+00  4.7116926391e+00 -3.7579905771e-01  4.8179479834e-01 -1.1557508261e-01  2.1271329404e+00  3.2503672738e-01  9.4904145202e-01  2.6961426807e+00 -7.5188927919e-01  3.1198891064e+00 -1.9630249078e+00 -8.4539356390e-01  1.6063507196e+00 -2.0305245298e+00  1.2735606813e+00 -2.1165208089e+00 -4.4066417205e-01  9.3206799391e-01 -2.8236617380e+00 -1.7983371671e+00 -1.5100658902e-01 -3.1555250656e+00 -3.1171930554e-01 -1.1945418127e+00 -1.4441702196e+00 -1.8883672990e+00 -8.1706179245e-01 -7.5072933379e-01  1.8302691361e+00 -2.4391879928e+00  4.7994361284e+00  1.6944653948e-01 -2.6467467118e+00  4.9863869223e+00  4.1147300657e-01  9.9116900015e-01 -5.0966774687e-01
ENERGY -4.377005532786e+02
GRADIENT  1.2547266259e-04 -6.6663123471e-04 -4.4751871049e-04 -3.9228615399e-06 -2.6367926062e-05  1.1686470291e-05 -7.5453836260e-06 -2.6256277564e-05  3.2340625913e-05  1.2181877133e-04  9.9698801254e-04  5.1795573260e-04  2.6609010724e-05  1.0105964034e-05 -7.5406621397e-06  4.5468146314e-06 -1.2907545333e-06  3.0209032400e-06  7.0118987283e-04 -1.2454880281e-04 -2.8468968280e-04 -2.2128968526e-05 -8.0157384525e-07 -1.8621328216e-05  1.2063547411e-05 -3.8056007681e-06  6.7958028903e-08 -8.9773131540e-04 -2.1715001819e-04  2.0193626572e-04  6.5278882779e-06 -2.2440553929e-06  2.1476836766e-06 -3.9398489678e-06  1.7791432197e-05  9.9102409899e-06 -1.5561437017e-06 -2.8148628882e-06  2.1981288716e-06 -8.9091091437e-06 -6.2935628215e-06 -9.2267803156e-07 -2.2352968277e-06  5.7243390731e-06  6.0905484427e-06  5.8906596745e-06 -5.3548091558e-07 -1.5020579467e-06 -6.3970256923e-06 -6.7424604698e-08  3.4670469669e-06 -3.3558552245e-06  1.7356212714e-05  8.9981642362e-06 -2.2540357227e-07 -9.1451433417e-06 -5.1489744857e-06  1.9093453683e-06  1.5022229581e-06  1.7126032960e-06 -2.4490866586e-05  7.9104969348e-06 -1.5135512710e-05

JOB 20
COORDS  1.3585258114e+00 -9.4657573062e-02  1.5954964844e+00  1.6954620150e+00 -7.0280866808e-01  2.7977633393e+00 -8.4367654329e-01 -9.8006862885e-01  1.8452406753e+00  5.0611012165e-02 -2.0758814124e-01  1.0887505831e+00  7.1714836993e-01 -1.4591403564e+00  3.4728247755e+00 -1.2680558806e+00  4.7521475223e-01 -2.3786126624e+00 -1.1223832528e+00 -3.2100972746e-01 -1.0844272070e+00 -5.2391172060e-01 -1.5960321544e+00  2.9920267984e+00  9.8331929966e-01 -2.0540797539e+00  4.7146547286e+00 -3.3804742236e-01  4.4165205026e-01 -1.0335583533e-01  2.1057689166e+00  4.8090912538e-01  1.0512228584e+00  2.6964659390e+00 -6.0082124213e-01  3.2091476188e+00 -1.8704392320e+00 -1.1150080336e+00  1.5114096135e+00 -1.7469816982e+00  1.4405259628e+00 -2.1874477358e+00 -2.9132800431e-01  6.6360932088e-01 -2.8411539324e+00 -1.8755449434e+00 -7.6970059383e-02 -3.1021119660e+00 -6.6587351580e-01 -1.3033314914e+00 -1.2888917645e+00 -2.1165112996e+00 -5.1185205723e-01 -6.6854185378e-01  1.9295399525e+00 -2.4013315064e+00  4.8219164246e+00  2.9055390303e-01 -2.7585501489e+00  4.9462273569e+00  4.6865884717e-01  8.6441067183e-01 -5.5380337355e-01
ENERGY -4.377012126213e+02
GRADIENT  4.6268228446e-04 -1.1195746310e-03 -9.6710202135e-04 -1.3834451113e-04 -1.0932857078e-04  5.1943575345e-06 -2.4301420611e-05 -9.6999163030e-05  1.3988944590e-04  4.4820029318e-05  1.8215534831e-03  8.8776110887e-04  1.4920082994e-04  3.0921777254e-05  5.4607136774e-05  2.0723147109e-05 -2.0522308732e-05 -2.5997576244e-05  1.2251091474e-03 -3.4118566041e-04 -5.0243655920e-04 -1.0598277045e-04  3.4169531747e-05 -7.9465275024e-05 -3.3609484033e-05 -4.8522067538e-05 -4.4224710205e-05 -1.4716846631e-03 -3.1146291405e-04  5.0541794055e-04  1.3442342928e-05  3.5929372702e-07 -2.1524901400e-06 -1.0562935184e-05  3.0120918164e-05 -4.8959474644e-06  6.1188573365e-06 -8.2481410262e-06 -1.1879993062e-06  4.8086331110e-06  5.8902260089e-06  6.1288036701e-06  2.0659723870e-06 -1.1361899032e-05 -4.1120161998e-06 -8.0346247779e-06  1.0058516777e-05  1.0968367018e-05 -1.1289216862e-05 -1.5345764395e-05  2.4597371914e-06 -2.9772938129e-05  1.8546241537e-06 -2.6237985736e-05 -2.6411991402e-06  1.8790297662e-05  3.2739307692e-06  4.1235789763e-06  1.2759495835e-05  7.9372134481e-06 -5.7354051507e-05  1.0214588102e-04  7.4693454951e-05

JOB 21
COORDS  1.3545082626e+00 -3.9055686231e-02  1.6338816240e+00  1.6719999579e+00 -6.4092300546e-01  2.8423201644e+00 -7.8503709052e-01 -1.0933552749e+00  1.7486372972e+00  8.7262562617e-02 -2.4333095190e-01  1.0528296408e+00  7.1528094133e-01 -1.4736225286e+00  3.4590569870e+00 -1.2646016989e+00  4.7815795533e-01 -2.3901912404e+00 -1.2089424439e+00 -2.5950713607e-01 -1.0550453684e+00 -4.8251623593e-01 -1.6941781205e+00  2.9108220001e+00  9.6059278267e-01 -2.0608727249e+00  4.7101954863e+00 -2.6762208124e-01  4.0149479744e-01 -1.4760680672e-01  2.0818985782e+00  6.0336749898e-01  1.1400002854e+00  2.6398207268e+00 -4.7222470109e-01  3.3076228070e+00 -1.7757668579e+00 -1.3100237760e+00  1.3563896826e+00 -1.5611812187e+00  1.5216318844e+00 -2.2448784213e+00 -2.8916428423e-01  4.6551963162e-01 -2.8918245564e+00 -1.9873742942e+00  3.1689235468e-03 -3.0603268430e+00 -9.4090504872e-01 -1.3172359664e+00 -1.2133371584e+00 -2.2045809260e+00 -2.4798142817e-01 -5.9837938133e-01  1.9211933548e+00 -2.3497547938e+00  4.8570082629e+00  3.0638068750e-01 -2.8132639497e+00  4.9000976273e+00  5.5695732139e-01  7.1926789844e-01 -6.4771003387e-01
ENERGY -4.377021709010e+02
GRADIENT  5.1622484896e-04 -1.0542058072e-03 -7.9775711675e-04 -1.1362647215e-05 -3.6079572944e-05 -2.5263873224e-05 -2.9405027926e-05  5.3911163823e-06 -6.5295155137e-06 -2.2602549686e-04  1.2722974213e-03  9.2130233867e-04  2.5129008711e-05  6.5211796681e-06  3.2536364842e-05  6.3288318831e-06 -5.4938232553e-06  1.2667768504e-05  1.0427252119e-03 -6.8735359357e-04 -6.7370068930e-04 -5.8662925897e-06  1.4087274465e-05 -1.0339422515e-05  8.1993017979e-06 -1.2689271367e-05 -7.4620481841e-06 -1.3249247759e-03  4.5735016916e-04  5.4393160041e-04  1.3552853790e-05 -2.3775948307e-06  1.3052411413e-07 -1.1502445548e-05  1.6281550811e-05  8.9202417756e-06  1.4053474867e-06 -1.1006094022e-05 -1.4770596649e-06 -1.0292921841e-05 -4.0123946044e-06  1.8071379676e-06 -4.5983966860e-09  5.5053219554e-06  9.9378280714e-06  3.9280000921e-06 -1.3533084339e-06 -3.9367019540e-06 -3.4950723467e-06  1.7734120667e-05  3.8869411262e-06  9.3534956279e-06  4.0461687655e-05  1.6821821483e-05 -1.6031417569e-06  1.6565305843e-06  8.1825892856e-07  3.3896859200e-06  6.8051423796e-06  6.5944705728e-06  1.5934110587e-05 -2.6523866205e-05 -2.9357803408e-06

JOB 22
COORDS  1.3725267500e+00 -1.6102983112e-02  1.6689184967e+00  1.6623158283e+00 -5.9094723324e-01  2.8957543095e+00 -6.9890948027e-01 -1.2063271665e+00  1.6759403950e+00  1.5808113517e-01 -3.1360795942e-01  1.0164367521e+00  7.2569521878e-01 -1.4770125793e+00  3.4703696376e+00 -1.3081886007e+00  5.0911427536e-01 -2.3613425477e+00 -1.2375582670e+00 -2.3113322096e-01 -1.0281675796e+00 -4.2535356270e-01 -1.7729561184e+00  2.8641436462e+00  9.4150053689e-01 -2.0373389749e+00  4.7395427378e+00 -1.6110704334e-01  3.1018603106e-01 -2.0287115271e-01  2.0771405784e+00  6.7709963543e-01  1.2126271510e+00  2.5883615074e+00 -3.5409587908e-01  3.4134474118e+00 -1.6517659175e+00 -1.4886875152e+00  1.2360143085e+00 -1.4647983434e+00  1.5805700787e+00 -2.2024651493e+00 -3.8345048616e-01  3.7927675075e-01 -2.9367983941e+00 -2.1325463576e+00  1.2486391170e-01 -2.9695276212e+00 -1.1143475466e+00 -1.3136211741e+00 -1.2023831045e+00 -2.1844381104e+00 -1.0181951279e-01 -4.9163545850e-01  1.9082395675e+00 -2.2720386795e+00  4.9349271631e+00  3.2146517952e-01 -2.8236069946e+00  4.9057724738e+00  6.6747724491e-01  5.2020142252e-01 -7.5002359159e-01
ENERGY -4.377026747391e+02
GRADIENT  8.3733026187e-05 -1.0205104397e-04 -3.9409505310e-05  2.0120897441e-05  1.9869997570e-05 -2.1172962287e-05  5.8682423260e-08  2.8421728072e-05  1.9934853865e-06 -6.4570036238e-05  7.1174444315e-05  6.7748095019e-05 -6.5374469104e-05 -1.3175145166e-05 -3.6275677340e-05  1.3166863391e-06  3.1854244843e-06  9.8421538303e-06  9.5810614335e-05 -6.5383698656e-05 -7.3804264791e-05  3.2197640306e-05 -1.1893160014e-05  4.0132443798e-05  1.3469683563e-05  1.1742520922e-05  1.6566858536e-05 -1.2739600666e-04  7.4813018147e-05  2.8419666975e-05  1.7578969060e-06  8.3721640523e-06 -5.8812739606e-07 -2.4779484733e-06  4.9140472876e-06  6.3782149557e-06  4.9340266161e-06 -6.7277022133e-06  7.6129637775e-06  9.2309075013e-06 -2.7103290091e-06  6.0789516306e-06 -7.1420007959e-06 -7.3668737771e-06 -1.2692163743e-06 -5.6216009062e-06  4.8737566742e-06  1.0406636128e-06  1.3113595724e-05  4.1377031219e-06  5.4867270283e-06  1.0528889592e-05  3.3343001094e-06  6.8463358870e-06  7.0878733416e-07 -9.5634571784e-06 -7.0387269944e-06 -1.6605587350e-07  2.1869241478e-06  3.0672257808e-06  7.4645295931e-06  3.5444764901e-06  6.4968423261e-06

JOB 23
COORDS  1.3779587837e+00  4.5851969943e-03  1.6853858817e+00  1.6345566316e+00 -5.3214709058e-01  2.9361046166e+00 -6.1820235175e-01 -1.3057062103e+00  1.6066984947e+00  2.2639214430e-01 -3.8613431316e-01  9.6999994632e-01  7.1829387409e-01 -1.4592733386e+00  3.4798165901e+00 -1.3489706211e+00  5.8281260269e-01 -2.3241700754e+00 -1.2476717814e+00 -1.9768396925e-01 -1.0156588725e+00 -3.8264569262e-01 -1.8286299786e+00  2.8234660430e+00  8.9727396056e-01 -1.9820702685e+00  4.7696074740e+00 -5.8028999476e-02  2.0524627371e-01 -2.7551845514e-01  2.0571634482e+00  7.3810482160e-01  1.2552957191e+00  2.5119224772e+00 -2.2715483653e-01  3.5008623033e+00 -1.5305736316e+00 -1.6473206825e+00  1.1251645595e+00 -1.3854340068e+00  1.6594751320e+00 -2.1319198490e+00 -4.8900129477e-01  3.8006604999e-01 -2.9741447328e+00 -2.2516428221e+00  2.9615000802e-01 -2.8722947183e+00 -1.2618688013e+00 -1.2811263567e+00 -1.2263560556e+00 -2.1236693922e+00  1.5072130441e-02 -3.9216028449e-01  1.8635372664e+00 -2.1545570410e+00  5.0229116025e+00  3.1353330842e-01 -2.7980902331e+00  4.9229647678e+00  7.6177706256e-01  2.8767402655e-01 -8.6785688413e-01
ENERGY -4.377022346692e+02
GRADIENT -8.1028748638e-04  1.1952866584e-03  7.4046337615e-04 -1.7615646659e-05 -5.4604184954e-06 -3.2131430442e-05  1.6589472203e-04  5.9055863720e-05  1.1343431809e-04  7.9619797395e-04 -1.2105718116e-03 -7.4565706657e-04 -9.9389286947e-05 -1.1472377650e-05 -7.3380296794e-05  5.2890414515e-06 -7.2431845007e-07 -2.1403226263e-06 -8.3514144851e-04  1.0639177599e-03  6.9804968090e-04 -2.8605000826e-05 -7.4897496969e-05  8.5857400961e-05 -4.1380452792e-05 -7.7904960147e-06 -4.2977936235e-05  8.3771855732e-04 -1.0213690677e-03 -7.3380217967e-04  3.9944235522e-06 -1.5809233886e-08 -1.1085695319e-05  7.2679880303e-06  3.0439462815e-06 -8.1316304046e-06  1.1403203439e-05 -1.2376278176e-05  2.7584432259e-05 -1.5188554285e-05 -9.6742356997e-07  1.6404375501e-06  6.7572557668e-06  1.3955643706e-05  8.3440883638e-06  4.9526817231e-06 -1.0560501855e-05 -4.6652847753e-06 -8.6276618188e-06  8.0327269233e-06  4.6287994432e-06  1.3854046711e-05  1.6541967851e-05  1.1437360977e-05  8.1975593930e-07  1.5295956457e-05 -6.7855163625e-06  4.4034115719e-06 -5.2752222192e-06  3.1169361724e-06 -4.6286146830e-07 -1.5342014814e-05 -2.1688678611e-05

