JOB 0
COORDS -3.5266001444e+00 -3.0064053419e+00 -5.1892036491e+00 -3.1513324862e+00 -4.4011144826e+00 -3.2611661571e+00 -4.3386722687e+00 -4.0284010190e+00 -5.6856426007e+00 -2.9099686016e+00 -3.1942321830e+00 -3.9396515272e+00 -3.9776841291e+00 -5.3275452545e+00 -3.8817014650e+00 -1.9131982100e+00 -9.0928035168e-01 -3.6560233763e+00 -6.0077750036e-01  1.2143293970e+00 -3.1904389470e+00 -1.0609186405e+00 -1.4033918505e-01 -2.6523623276e+00 -4.5721524902e+00 -5.1857365714e+00 -5.0523626204e+00 -2.0701319730e+00 -2.2546089174e+00 -3.3314680360e+00 -4.2381797413e+00 -6.6213302764e+00 -3.1665142833e+00 -3.6781380324e+00 -6.7676298413e+00 -2.0711142737e+00 -2.4193944711e+00 -3.9802417950e-01 -4.6441671245e+00 -4.9781636757e+00 -7.4380286460e+00 -3.7002935410e+00 -3.3806207369e+00 -2.0920088540e+00 -5.7462827289e+00 -2.7193300685e+00 -4.6212667570e+00 -2.2915238498e+00 -4.8268871482e+00 -3.9061849291e+00 -6.6501395349e+00  3.4241620184e-02  1.0905900446e+00 -4.0719240439e+00 -3.1036818436e-02  1.7504126702e+00 -2.4258707297e+00 -1.4568540948e+00  1.8261994951e+00 -3.4826468721e+00 -1.6658398084e+00 -4.4987135972e-03 -1.7457215055e+00 -2.0161648463e-01 -7.5549605966e-01 -2.3577567755e+00 -1.6507782827e+00 -2.5512935476e+00 -2.4580338591e+00
ENERGY -7.002490813037e+02
GRADIENT -3.7314387980e-05  5.9321380511e-05 -5.1296603195e-05 -9.1809388716e-04  4.9336815609e-04  3.9515178383e-04  5.6174728261e-05  5.0049770063e-05  1.8168671386e-05  7.2928713916e-04 -4.2919382593e-04 -2.6796864628e-04 -5.5487347379e-05 -9.1572208377e-05  1.6414721569e-04 -1.0038453961e-03  3.4938102023e-04  7.0539990932e-04 -6.6200748961e-06 -7.6079005258e-06 -2.6261780963e-05  8.5962909898e-06 -1.2661850779e-04  3.9426439921e-05  2.4087729742e-05  3.0838522011e-05  3.9267245846e-05  1.2448316684e-03 -3.4698867006e-04 -9.9633917397e-04  1.7947217575e-04 -2.3691032155e-04 -1.1935259956e-04 -3.7166010666e-05  1.2959759614e-04  3.3171037593e-05 -4.3349780089e-05  3.4371250296e-05 -5.1448067381e-05 -1.2054692807e-04  5.8383385512e-06  3.6126865138e-05  6.3643198934e-06  3.9804986105e-06  2.7966847326e-06 -1.0617770733e-05 -2.0361340151e-05 -8.6393079611e-06  4.0315649683e-06  4.0184720392e-06 -1.1970391743e-06  2.2157551925e-06 -2.1732585150e-06 -8.4290156340e-07 -3.6464712264e-06 -1.0179024417e-05  3.4936183797e-06  3.1673416531e-06 -6.2883299947e-06 -5.3893198029e-06 -2.7838525162e-06  6.0191464950e-06 -2.2702464946e-06 -3.7731479562e-06 -9.4933732640e-06  2.0035004103e-05 -3.4900798702e-05  7.2241752860e-05  5.4874289035e-05

JOB 1
COORDS -3.4227669173e+00 -3.0637002511e+00 -5.2621503705e+00 -3.1344393572e+00 -4.3935988198e+00 -3.2744263008e+00 -4.2999767456e+00 -4.0508804738e+00 -5.7165734409e+00 -2.8162224566e+00 -3.2386563011e+00 -4.0070380959e+00 -4.0152670998e+00 -5.2940387564e+00 -3.8588973707e+00 -1.9007219679e+00 -9.3894595609e-01 -3.6635836011e+00 -7.1709727259e-01  1.2437094787e+00 -3.1277314672e+00 -1.0238440924e+00 -1.8272505094e-01 -2.6722301987e+00 -4.6014512532e+00 -5.1641932465e+00 -5.0349358851e+00 -1.9182422987e+00 -2.3178226026e+00 -3.4491071311e+00 -4.3560354921e+00 -6.5373349743e+00 -3.0904121112e+00 -3.8019842521e+00 -6.6746632798e+00 -1.9908090763e+00 -2.5318779429e+00 -3.9894094690e-01 -4.5592652152e+00 -5.1464525294e+00 -7.3277136569e+00 -3.5904294159e+00 -3.2239552877e+00 -2.1826083486e+00 -5.8560391611e+00 -2.7201153143e+00 -4.5944241796e+00 -2.2930388941e+00 -4.7829325054e+00 -3.9389168284e+00 -6.6848909906e+00 -1.5480627039e-01  1.2431103286e+00 -4.0655085718e+00 -1.2443235198e-01  1.7631443777e+00 -2.3690931227e+00 -1.6396124204e+00  1.8036404203e+00 -3.2953400903e+00 -1.5549129531e+00 -1.6940056458e-01 -1.7107897485e+00 -9.8437225076e-02 -7.4713013113e-01 -2.5031805102e+00 -1.4462250774e+00 -2.6358693198e+00 -2.6103242950e+00
ENERGY -7.002480532093e+02
GRADIENT  7.4630083690e-05  1.2630939458e-04  3.9855394718e-05 -1.7243569395e-03  9.9727676607e-04  1.0912098234e-03 -7.6919788244e-05 -1.5896944384e-04  7.0084851047e-05  1.5680066028e-03 -1.4864197494e-03 -3.8546506486e-04  1.4138698291e-04  4.1655168088e-05  3.6447510191e-05 -1.5710495395e-03  3.1253128074e-04  1.8867146635e-03 -3.1084547977e-06 -5.2241586440e-06 -1.6044981300e-06  1.9770913533e-06 -4.1393999112e-05  1.9328329988e-05 -2.1428312199e-05  5.5709924116e-05 -1.5846445335e-04  1.6090607198e-03  1.8621240498e-04 -2.5544864828e-03 -2.2602890698e-04  2.0002618319e-04  1.1401421954e-04  6.8429799081e-05 -8.3487305509e-05 -4.9209487681e-05 -3.1292866179e-06  1.0285932574e-05 -4.5221638127e-05  8.7330405460e-05 -3.2874578180e-05 -4.3841946176e-05  9.3825157651e-06 -5.3347489815e-06 -1.8292349769e-05  1.0410625622e-05  2.1575772760e-06  6.3262415357e-06  4.3676918315e-06  1.8982712406e-05 -3.6174995276e-06 -2.8965295104e-06 -2.0463791870e-06  1.5371760794e-06 -2.8883296187e-07 -8.7266832370e-06  6.8187524478e-06  6.7223274982e-06 -4.2670790564e-06  5.5866237801e-08 -2.1698442001e-05 -1.3675764798e-05 -6.6408138663e-06  5.1903602153e-06 -3.1867008407e-06  2.3671303689e-05  1.7612481590e-05 -1.2224612435e-04 -3.7387264221e-05

JOB 2
COORDS -3.3101285183e+00 -3.1294154248e+00 -5.3323206589e+00 -3.1073616082e+00 -4.3714813274e+00 -3.2797017563e+00 -4.2435096173e+00 -4.0818076468e+00 -5.7464410745e+00 -2.7169855921e+00 -3.2806130997e+00 -4.0695202045e+00 -4.0340481366e+00 -5.2501566637e+00 -3.8287485907e+00 -1.8933865058e+00 -9.7490014651e-01 -3.6558453612e+00 -8.3713788411e-01  1.2563181579e+00 -3.0570114062e+00 -9.7779686140e-01 -2.2277990801e-01 -2.6978266595e+00 -4.6070343034e+00 -5.1427036226e+00 -5.0128707018e+00 -1.7741058983e+00 -2.3663314856e+00 -3.5665334918e+00 -4.4485137873e+00 -6.4341895133e+00 -3.0053370182e+00 -3.9135580475e+00 -6.5451718158e+00 -1.8934198386e+00 -2.6577464231e+00 -4.2922425433e-01 -4.4354298966e+00 -5.2765483030e+00 -7.2043781724e+00 -3.4751269918e+00 -3.0574635245e+00 -2.2902397806e+00 -5.9664923130e+00 -2.7130152618e+00 -4.5424364076e+00 -2.2846859781e+00 -4.7188512503e+00 -3.9888023125e+00 -6.7203993494e+00 -3.8224960363e-01  1.3781182036e+00 -4.0438425044e+00 -2.0855983721e-01  1.7658112658e+00 -2.3208355830e+00 -1.8141200299e+00  1.7438291632e+00 -3.0805215232e+00 -1.4001504774e+00 -3.3078464267e-01 -1.6895163039e+00  1.6566944339e-03 -7.1610890225e-01 -2.6743393288e+00 -1.2417177094e+00 -2.7017145229e+00 -2.7711505623e+00
ENERGY -7.002463476275e+02
GRADIENT  3.5712361476e-05 -1.1856262776e-04  1.7105048335e-04 -2.5210871678e-03  1.8107463479e-03  1.4735166118e-03 -1.0807580390e-04 -4.8792745667e-05 -1.1623193058e-04  2.7722732187e-03 -2.8524711191e-03 -1.5164641528e-04  4.8026800614e-05  1.8270087609e-04 -5.2219998676e-05 -1.6942505968e-03  7.0026380662e-05  3.1654885036e-03  1.1852510978e-06  2.9428463939e-06  8.7334349045e-06 -7.4749200179e-06  3.3592711731e-05 -4.0680159898e-06 -2.6362497514e-05 -1.3019162825e-05 -3.0618423627e-05  1.4470633554e-03  1.0731862950e-03 -4.3497193570e-03  1.0100077881e-04 -1.0532007901e-04 -8.6633260510e-05 -4.5100911530e-06  1.0310336802e-04 -1.9611553586e-05  3.9812546142e-06 -1.0603309556e-06  1.4004934157e-05 -7.2031171213e-05  5.7591681657e-05 -1.8148574918e-05 -1.1103460762e-05 -6.7353289468e-06 -6.3309344413e-06  1.7181590257e-05  1.2212982280e-05  1.3530749066e-05 -1.2518810868e-05 -2.0596940768e-07 -7.8637473481e-06 -1.7818239878e-06 -5.9025431889e-07  2.0853494234e-06 -4.9773787436e-07  2.4180005193e-06  1.3992837697e-06 -2.2874677422e-06  1.7570318019e-06  3.3099401478e-06 -3.3501521977e-06  5.3850919561e-06  2.8596039291e-06 -5.4197632431e-06 -1.6135271872e-06 -3.9669286502e-06 -3.3277784567e-05 -1.6457093380e-04 -2.6092810850e-05

JOB 3
COORDS -3.1729467790e+00 -3.2571486665e+00 -5.4397413356e+00 -3.0740595788e+00 -4.3855481273e+00 -3.3164152787e+00 -4.1568782518e+00 -4.1729778640e+00 -5.8177995399e+00 -2.6048986962e+00 -3.3746853077e+00 -4.1642848036e+00 -4.0408651006e+00 -5.2426884946e+00 -3.8328253808e+00 -1.8624667148e+00 -1.0792542213e+00 -3.6611330936e+00 -8.9919100479e-01  1.1759119565e+00 -2.9981742476e+00 -9.0998571287e-01 -3.3043701042e-01 -2.7379055941e+00 -4.5879044226e+00 -5.1686552723e+00 -5.0313375556e+00 -1.6280839343e+00 -2.4611126532e+00 -3.7103430514e+00 -4.5362981766e+00 -6.3527274344e+00 -2.9533906120e+00 -4.0430230050e+00 -6.4167575445e+00 -1.8188288426e+00 -2.7433336431e+00 -5.4367577775e-01 -4.3132756939e+00 -5.3827388972e+00 -7.1142884234e+00 -3.4041704363e+00 -2.8592186170e+00 -2.4697353225e+00 -6.1136958075e+00 -2.7085120396e+00 -4.5149421222e+00 -2.3044735465e+00 -4.6163976248e+00 -4.1070240103e+00 -6.8014095958e+00 -5.4696544361e-01  1.3958351289e+00 -4.0097453178e+00 -2.3886666656e-01  1.6781415015e+00 -2.2851072188e+00 -1.9036058503e+00  1.5931263112e+00 -2.8993456750e+00 -1.2278727192e+00 -5.3545743139e-01 -1.7065076112e+00  9.6338805433e-02 -7.5472501702e-01 -2.8389592502e+00 -1.0318773855e+00 -2.8150939231e+00 -2.9694791433e+00
ENERGY -7.002439919439e+02
GRADIENT  1.2035946736e-05  5.4669925435e-05 -3.7205254219e-05 -3.2288318538e-03  2.7645738246e-03  1.4782957465e-03  9.2281030900e-06  4.4972746453e-06  1.6655351940e-05  4.0102041892e-03 -4.4220419204e-03  8.4889500564e-05 -4.5892331129e-05  2.2694229840e-05  3.4619175447e-05 -1.6570429874e-03 -3.7086565941e-04  4.2227044998e-03 -6.0740962331e-06 -7.2338272052e-07  2.2843949500e-06  6.4306941051e-06 -3.3572475126e-05  4.8793792917e-06 -9.4691707622e-06  1.5807167653e-05  3.4140568533e-06  8.7841475764e-04  2.1858199432e-03 -5.7620246129e-03  1.2922601752e-04 -1.1797960127e-04 -6.7643033943e-05 -4.2628979078e-05  5.0306285152e-05  1.9062643035e-05  8.8874734827e-06  1.6583745131e-05 -1.0117123485e-05 -5.8482852063e-05  4.3121103428e-05  2.2524513250e-05 -5.0315474136e-06  5.8513565866e-06  4.7938084452e-06 -3.5885084253e-06 -1.9529168992e-06  8.6767074910e-08 -4.6292201632e-06  9.0898141647e-06  2.5113631531e-06 -9.3123922387e-07  2.4647137121e-06  3.7541696274e-06  5.7977441737e-06 -3.7299186001e-06  4.2254307788e-06  4.1489544761e-06  3.8294437459e-06  7.3760255479e-06  1.3223659563e-05 -1.1346050007e-05  3.5330028192e-06  4.7955200709e-06  2.1745052003e-06 -5.6980015244e-06 -4.0514495907e-05 -1.3301295190e-04 -8.2566771414e-07

JOB 4
COORDS -3.0888956752e+00 -3.2946827731e+00 -5.5386718912e+00 -3.0704788339e+00 -4.2867512101e+00 -3.3490608640e+00 -4.1105309351e+00 -4.1849129538e+00 -5.8780916812e+00 -2.5425742029e+00 -3.3587383895e+00 -4.2527096347e+00 -4.0723091789e+00 -5.1286960375e+00 -3.8244737877e+00 -1.8560557672e+00 -1.0903583286e+00 -3.6310290448e+00 -9.3107106677e-01  1.1691431688e+00 -2.9314581991e+00 -8.3927476433e-01 -3.4888215739e-01 -2.7728333875e+00 -4.5977168617e+00 -5.1046380212e+00 -5.0347037458e+00 -1.5386096288e+00 -2.4390490945e+00 -3.8498626260e+00 -4.6372813940e+00 -6.1515444146e+00 -2.8834872193e+00 -4.1153568706e+00 -6.2116697963e+00 -1.7618000988e+00 -2.8540094410e+00 -5.7431122072e-01 -4.1061954250e+00 -5.5632692606e+00 -6.8504832853e+00 -3.2755771709e+00 -2.7264713280e+00 -2.5639525410e+00 -6.2526595663e+00 -2.7241131142e+00 -4.3646891342e+00 -2.3254314217e+00 -4.5537684790e+00 -4.1618717988e+00 -6.8710520725e+00 -7.0044661775e-01  1.4701041260e+00 -3.9572399842e+00 -2.2416296502e-01  1.6638911935e+00 -2.2589363575e+00 -1.9389839945e+00  1.5211584244e+00 -2.7016579592e+00 -1.0305363611e+00 -6.3240757384e-01 -1.7288289109e+00  1.6829677544e-01 -7.1042767915e-01 -3.0105293082e+00 -8.4793668273e-01 -2.8183012014e+00 -3.2099601330e+00
ENERGY -7.002411792242e+02
GRADIENT -8.7040706684e-05 -1.3806610814e-04  1.3102781971e-04 -3.4925502979e-03  3.1855929265e-03  9.0571048437e-04 -1.4509850618e-05  1.0024043668e-04 -2.8306174133e-04  4.8261646853e-03 -5.0993298323e-03  4.3062373277e-04 -5.9359704557e-05 -2.3166284495e-04  3.5441408315e-04 -9.3115616797e-04 -9.8037383932e-04  4.5419448157e-03 -7.1482824003e-06  4.9619865162e-08 -6.1290161169e-06  3.4353500787e-06 -2.1679991421e-05 -9.6073106213e-06  1.5176992261e-04  1.2637311352e-04  3.4331793156e-05 -2.5687682452e-04  3.1512081073e-03 -6.1226129127e-03 -4.8237833970e-05 -1.0355217897e-04  1.9022908786e-05  3.7184622744e-05  3.1889211598e-05 -2.2731446423e-07 -2.8371410582e-05  1.8735877721e-05 -1.6204474257e-05 -5.3372736985e-05 -4.6924740085e-05  1.8796265621e-05 -5.0249290296e-06 -1.7490157299e-05  1.8786540290e-05 -2.7044924658e-05 -8.2093640022e-06 -3.9896479228e-05  1.1049651428e-05  1.0674585607e-05 -3.8769493809e-05 -4.1821176840e-06  1.0467229104e-06 -2.0863475439e-06 -8.4977831569e-06  1.4391816879e-07 -7.3774490801e-07 -8.1284670035e-06 -1.7533667479e-06 -4.0216222449e-06 -1.2539199277e-05  1.9193797378e-06 -4.6591006350e-06 -2.3031856309e-06 -4.1662076254e-06  6.8812076715e-06 -6.4401430020e-06 -2.7806307038e-05 -1.8685315338e-05

JOB 5
COORDS -2.9989281396e+00 -3.4105725943e+00 -5.6349658277e+00 -3.0957615933e+00 -4.2125613038e+00 -3.3719705397e+00 -4.0152650837e+00 -4.3177110227e+00 -5.9496557848e+00 -2.5183470405e+00 -3.3682214530e+00 -4.3243181838e+00 -4.0877672223e+00 -5.0801205576e+00 -3.8224943641e+00 -1.8831259490e+00 -1.1331562541e+00 -3.5657805100e+00 -1.0339891881e+00  1.1393494189e+00 -2.8131077843e+00 -7.8977571709e-01 -3.6994011051e-01 -2.8279610894e+00 -4.5540753858e+00 -5.1544973163e+00 -5.0548191606e+00 -1.5130302287e+00 -2.4231393244e+00 -3.9589087862e+00 -4.7101742663e+00 -6.0171465431e+00 -2.8300138781e+00 -4.2433448210e+00 -5.9893360745e+00 -1.6835058375e+00 -2.9865622733e+00 -6.7510486568e-01 -3.8163951123e+00 -5.6240083289e+00 -6.7384713896e+00 -3.2098997857e+00 -2.5895742382e+00 -2.7456052782e+00 -6.3879394435e+00 -2.7951824055e+00 -4.2045912526e+00 -2.3313461442e+00 -4.4105440728e+00 -4.3771653816e+00 -6.9611580725e+00 -1.0251312360e+00  1.5471965999e+00 -3.8277668403e+00 -2.5694452765e-01  1.6436309958e+00 -2.2309776188e+00 -2.0068451450e+00  1.3689405651e+00 -2.3732090456e+00 -7.5973131191e-01 -7.5845556670e-01 -1.8008550971e+00  1.8275775408e-01 -6.0752132676e-01 -3.2753069837e+00 -7.0007370671e-01 -2.8077164179e+00 -3.4887289044e+00
ENERGY -7.002386342781e+02
GRADIENT -2.5956327519e-06 -1.4918780654e-05 -2.0224157387e-05 -2.5087473758e-03  2.3378422236e-03  6.1199667751e-04 -2.0856189440e-05 -1.0177199129e-04  2.4523110505e-04  3.6567022759e-03 -4.0360527266e-03  7.0298422860e-04  4.5812397428e-05  1.1007525702e-04 -1.6103924788e-04 -1.8752735131e-04 -9.8495634774e-04  3.2184867579e-03 -6.1080631417e-06 -7.8044754498e-06  2.0333852517e-05 -3.2105203089e-05  4.7688402198e-05  4.0743503614e-05 -8.1922589771e-05 -8.9459767673e-05 -3.0051329072e-05 -9.9699141602e-04  2.7090793677e-03 -4.4317573030e-03 -4.5827581729e-05 -8.0743946835e-05 -1.2858780798e-05  7.2790265539e-05  8.4150764263e-05 -6.1712542883e-05  9.0348682045e-05 -5.4585463059e-05 -2.3869040152e-05 -1.2717390270e-05  1.0952976723e-05 -2.9887781649e-05  1.4152939912e-05 -2.3758110733e-06  2.0650826381e-05  3.1405554386e-05  5.1786438266e-06  1.3204523564e-05 -1.8508903088e-05 -3.1593031711e-05  3.5396257806e-05 -1.1438178740e-05 -2.4099076588e-06 -9.8833936977e-07  1.3960399260e-06  1.5037938662e-07 -5.4222831253e-06 -2.0924770763e-06  4.5630294269e-06  1.8810047606e-06  3.1878830761e-05 -2.0643164920e-05 -6.2967923701e-06 -5.3979458185e-06  1.9039002821e-05 -2.3136127772e-05  5.2411325905e-06  2.4638985547e-05 -3.7327132000e-05

JOB 6
COORDS -3.6985867546e+00 -2.7941070914e+00 -4.7624137942e+00 -3.0766985687e+00 -4.6485134404e+00 -3.3648426314e+00 -4.7277968447e+00 -3.5884309049e+00 -5.2776264535e+00 -2.8613179045e+00 -3.3293810148e+00 -3.7779531021e+00 -4.1492207325e+00 -5.3183936040e+00 -3.9437543794e+00 -1.7728806736e+00 -2.0886950207e+00 -1.9642011677e+00 -5.0041411334e-01 -7.6019342631e-01 -2.1302754103e-01 -7.2672728856e-01 -1.0120554840e+00 -1.7038890159e+00 -4.9629250874e+00 -4.8396692123e+00 -4.8689744525e+00 -1.7571231743e+00 -2.5956060041e+00 -3.2697687706e+00 -4.4165070933e+00 -6.7305533300e+00 -3.5109437761e+00 -3.5901494442e+00 -7.2335153142e+00 -2.7400906242e+00 -2.5538864514e+00 -2.5007190328e+00 -1.1225189920e+00 -5.4200612535e+00 -7.2859033450e+00 -3.9423005132e+00 -3.5630573175e+00 -1.7760632923e+00 -5.1171858504e+00 -2.4498475756e+00 -5.1228499281e+00 -2.6219287445e+00 -5.3936948349e+00 -3.1990432010e+00 -6.0447486377e+00 -1.4352702879e+00 -4.8390136731e-01  2.7942025179e-01  2.2382793777e-01  4.7362585066e-02 -7.0766734375e-02 -1.1956083848e-01 -1.6579286652e+00  2.8139387562e-01  2.0871908244e-01 -1.2939769650e+00 -2.2020616095e+00 -1.0725044047e+00 -9.2751810889e-02 -2.1962279199e+00 -1.2720003659e+00 -2.0209139611e+00 -3.9505379893e+00
ENERGY -7.002399819226e+02
GRADIENT -4.9160958490e-05 -1.2452677795e-04 -1.5103055113e-04  2.3107019628e-03 -1.4743202171e-03 -3.5986128241e-03  9.3456207331e-05  6.2560569727e-05  6.6336268072e-05 -4.4000155829e-03  4.3132639519e-03  4.7335716106e-03 -2.1635327720e-06 -2.4789942915e-04  1.1920208892e-05 -1.5995836667e-03  3.6379982915e-03 -1.8588992685e-03  1.1608799577e-05  2.9104876844e-05  3.0925628462e-06 -8.3122396019e-05  8.2273291143e-05  1.6872438959e-04  1.9666659050e-05  3.2591661636e-05  4.9746023625e-05  3.5617845611e-03 -6.0011210117e-03  4.6179460405e-04 -4.8642092405e-05 -2.9478069699e-05  5.5255195483e-05  9.3702151604e-06 -2.7812151001e-05 -5.5010338850e-05  1.2167455396e-04 -2.0640266119e-05 -1.0370095049e-04  1.1021699656e-05 -5.3562380408e-05  1.1701209551e-05  1.7246402057e-05 -1.7516583273e-06  2.9199432615e-05 -6.9376157690e-05  2.4402524751e-05 -6.1091631713e-05  2.2072590873e-05 -1.6273556924e-05 -2.2807893677e-05 -6.6729420993e-07  5.8664268633e-07  7.2108118461e-07  1.9253692148e-06 -6.6278633644e-06  1.6832051732e-05 -5.8471168780e-06 -5.7281895384e-06  7.5153786587e-06 -7.3756634917e-06 -3.0795848871e-05  4.4558173081e-05  4.4582437375e-06 -3.1227606893e-05 -2.1439093915e-05  1.0634842622e-04 -1.7580152383e-04  1.4964501504e-04

JOB 7
COORDS -3.6590075007e+00 -2.8130133209e+00 -4.8896125671e+00 -3.1325844754e+00 -4.5615734164e+00 -3.3216677150e+00 -4.6500154511e+00 -3.6464748854e+00 -5.4144759226e+00 -2.8900833048e+00 -3.2713903806e+00 -3.8124854362e+00 -4.1628910678e+00 -5.2726426857e+00 -3.9260926154e+00 -1.7535201404e+00 -2.1288815740e+00 -1.9471448617e+00 -4.1997969618e-01 -8.6062242069e-01 -1.9707938453e-01 -7.9558051361e-01 -9.7619065575e-01 -1.6745026158e+00 -4.9142918107e+00 -4.8667335202e+00 -4.9355200160e+00 -1.8306701041e+00 -2.4915852102e+00 -3.2998662735e+00 -4.4581674310e+00 -6.6534606233e+00 -3.4150282540e+00 -3.6786544086e+00 -7.1033182773e+00 -2.5667957296e+00 -2.3934973795e+00 -2.7044430548e+00 -1.0834402972e+00 -5.4372150499e+00 -7.2373618595e+00 -3.8652248459e+00 -3.5003983157e+00 -1.8231490013e+00 -5.3096099325e+00 -2.5619347414e+00 -4.9818417999e+00 -2.5055869108e+00 -5.2615270053e+00 -3.3142999995e+00 -6.2507149414e+00 -1.3126885156e+00 -7.4635790314e-01  4.2155628380e-01  2.3055065000e-01  4.4879183864e-03 -3.8435840043e-02  1.0612911440e-01 -1.7565085617e+00  1.4360481040e-01  9.7678295298e-02 -1.0960624863e+00 -2.2995598576e+00 -1.2876990578e+00 -5.4519338859e-02 -2.0143931670e+00 -1.4540499806e+00 -1.8069064054e+00 -3.9466536343e+00
ENERGY -7.002426545615e+02
GRADIENT  2.7463735929e-05  2.3715932328e-04 -1.3529648128e-04  2.6176189471e-03 -1.6252803510e-03 -2.9029494902e-03  1.3394302144e-04 -7.2342619076e-05  2.1311362420e-04 -5.1301166100e-03  4.1604913319e-03  3.9135793037e-03  3.2099393985e-05  4.0137423718e-06  2.1248415136e-05 -2.1524060570e-03  3.5718637377e-03 -8.4873851365e-04 -1.5166326602e-06  1.1593805846e-05 -5.2318555900e-06 -1.6239698424e-06  1.2440212701e-05  4.0275274603e-05 -2.8219999668e-05 -5.4801541733e-05  3.6004299313e-06  4.5483295035e-03 -6.3172123437e-03 -2.7055920082e-04 -1.4029247641e-04 -1.4302016419e-04  5.8236634337e-05  8.3198840951e-05  1.7447208890e-04 -2.0731824265e-05  1.1012569809e-05 -6.4441327542e-06 -5.6372865089e-05 -2.3094433551e-05 -3.9301586711e-05 -7.5535881035e-05  5.2584107629e-06  2.8714884802e-05 -5.4627246535e-07 -7.0518018028e-06 -1.5647483325e-05  3.1074897809e-05  7.9861216741e-06 -1.3310840135e-05  1.9182273109e-05  2.3661315664e-06  6.6011961913e-07 -3.8586465579e-07  1.5186226560e-06  7.0020056287e-07 -4.6195544466e-06 -1.2329201000e-07  6.3550398238e-08 -4.5103170908e-06  3.8919481877e-06 -3.6364737568e-06  4.9020467335e-06  4.9333517788e-06  2.9789414001e-06 -9.2053286884e-06  1.8071819897e-05  3.0461694561e-05  4.4045098710e-05

JOB 8
COORDS -3.6205689989e+00 -2.8468286414e+00 -4.9910751553e+00 -3.1773312856e+00 -4.5186498062e+00 -3.3154777146e+00 -4.5603848267e+00 -3.7162091690e+00 -5.5462552305e+00 -2.9184207066e+00 -3.2441194662e+00 -3.8434164881e+00 -4.1528270632e+00 -5.2692448084e+00 -3.9620054401e+00 -1.7259342651e+00 -2.1827739704e+00 -1.9409150355e+00 -3.6640686977e-01 -9.4263405519e-01 -1.9037691861e-01 -8.3928861290e-01 -9.7954634173e-01 -1.6434301573e+00 -4.8412706395e+00 -4.9205009620e+00 -5.0354061171e+00 -1.9234977460e+00 -2.4081585352e+00 -3.3084472489e+00 -4.4651739250e+00 -6.6319423602e+00 -3.4120878609e+00 -3.7170927887e+00 -7.0542380313e+00 -2.5225884735e+00 -2.2187401044e+00 -2.8947418298e+00 -1.0818365522e+00 -5.4309199973e+00 -7.2295501962e+00 -3.8733556452e+00 -3.4476823591e+00 -1.8735966036e+00 -5.4435609669e+00 -2.6636154405e+00 -4.8967709032e+00 -2.4441299080e+00 -5.1161846369e+00 -3.4282106352e+00 -6.4360710921e+00 -1.2173758478e+00 -9.3788311467e-01  4.9418203286e-01  2.3339392861e-01 -4.5574675903e-02 -1.0739499045e-02  2.4230663456e-01 -1.8196292916e+00  4.5278797167e-02  1.3335826619e-02 -9.8407545126e-01 -2.3337929210e+00 -1.4194138960e+00 -7.6546971788e-02 -1.8779926146e+00 -1.6200967907e+00 -1.6574049969e+00 -3.9183635937e+00
ENERGY -7.002448444584e+02
GRADIENT  3.4313816860e-06  6.2677867999e-05  1.1526537613e-06  2.1584694459e-03 -1.2176149567e-03 -1.8988322058e-03 -7.2223202509e-06 -1.8174201983e-05 -1.4733784245e-05 -4.3313870459e-03  3.1628865929e-03  2.8858469457e-03 -1.5087836817e-04  2.3628211171e-05 -5.1557537505e-05 -1.9435772785e-03  2.5215949954e-03 -2.6063190384e-04  6.3465287385e-06  1.5885983522e-05 -1.8315142103e-07  3.0059697484e-06  1.1389203295e-05  6.0636608257e-05 -3.3031679620e-05  4.5625212359e-05 -1.1838853320e-05  3.9962251187e-03 -4.5031301141e-03 -8.8451739022e-04  2.8643587052e-04  2.1420905819e-04 -1.0663755151e-04 -2.2501405825e-04 -3.3029661176e-04  1.1830163083e-04 -2.1829675375e-05  2.0360041048e-05 -1.7064425027e-05  1.0774300172e-04  4.6206958691e-05  1.3239000698e-04 -4.7465172907e-06  2.9665056797e-06 -4.8621285854e-06 -1.6248625321e-05  1.8500935501e-05 -1.7423638621e-06  9.1905816113e-06  6.5365354700e-06 -4.6414226681e-06 -5.8757901728e-06  9.8785891241e-06 -2.5649459466e-06 -1.7808458173e-06  6.3344925563e-06  5.1533129265e-06 -4.5951225357e-06  7.3818655861e-06  2.4404224787e-06 -4.1114205363e-06  1.9968836484e-06  4.4116918875e-06 -5.8768981834e-06 -6.9385743702e-07  7.5010669344e-06  1.2439423206e-04 -4.4840334150e-05  7.3853194052e-05

JOB 9
COORDS -3.6020498465e+00 -2.8789181251e+00 -5.0503361741e+00 -3.2628923484e+00 -4.4681164878e+00 -3.2716132012e+00 -4.4823499097e+00 -3.7876299820e+00 -5.6351669838e+00 -2.9792035961e+00 -3.2132200168e+00 -3.8361423258e+00 -4.1699468440e+00 -5.2648372455e+00 -3.9620471445e+00 -1.7352903896e+00 -2.1879885599e+00 -1.9239897060e+00 -2.9910736660e-01 -9.8020953281e-01 -2.1351514589e-01 -8.9800995581e-01 -9.5088642763e-01 -1.6193789357e+00 -4.7797501619e+00 -4.9776016474e+00 -5.0985467177e+00 -2.0564481014e+00 -2.3194779899e+00 -3.2769556082e+00 -4.5015048736e+00 -6.6097095389e+00 -3.3771225541e+00 -3.8438749935e+00 -6.9594703947e+00 -2.3903003567e+00 -2.0943469168e+00 -2.9902784135e+00 -1.0773669433e+00 -5.3893124873e+00 -7.2653027861e+00 -3.9107827734e+00 -3.4107175941e+00 -1.9234082410e+00 -5.5325677499e+00 -2.8172214369e+00 -4.7970185621e+00 -2.3453303343e+00 -4.9745586945e+00 -3.5463829714e+00 -6.5749183420e+00 -1.0836741987e+00 -1.0732161953e+00  5.4051624709e-01  2.6332805860e-01 -6.1431268913e-02 -2.3269658974e-02  3.7635380984e-01 -1.8314455018e+00 -9.3910666185e-02 -1.1074275466e-01 -8.5523717687e-01 -2.3776750349e+00 -1.5477860925e+00 -7.3327824052e-02 -1.7393340110e+00 -1.8085634756e+00 -1.5327162798e+00 -3.8655035052e+00
ENERGY -7.002463118092e+02
GRADIENT  3.9029089202e-05  2.6526478356e-04 -1.2638490973e-04  1.4622633086e-03 -7.6702401391e-04 -1.0579448306e-03  1.0761642537e-04 -2.8140564223e-05  2.1747380897e-04 -3.1969088720e-03  1.9653634583e-03  1.6722673766e-03  3.2825280880e-05 -1.1972441931e-04 -7.8366330432e-05 -1.5425312667e-03  1.2908028565e-03  3.0335531118e-04 -1.9406394524e-05 -2.3702844282e-05 -6.2175661910e-07 -3.7279356104e-05  2.5012759451e-06 -1.2852808868e-04  2.2644482325e-05 -6.2700230559e-05 -2.1519350985e-05  3.2327367074e-03 -2.5145165908e-03 -8.2770574049e-04 -2.9942784414e-04  1.3879455767e-04  2.7619218208e-04  1.3577387919e-04 -6.3592324126e-05 -1.1477399779e-04  6.8967348276e-06 -6.7450701508e-05  8.0907112422e-05  7.4260934879e-05 -7.6578660755e-05 -8.8332434205e-05  4.2693794850e-06  2.7518710924e-05 -5.6616968066e-06 -1.0694869631e-05 -1.8616991363e-05 -1.1229653493e-05  4.6668789997e-06 -6.5476142244e-06  1.8504753035e-05  5.2289942789e-06 -3.5804894525e-06 -1.6198609192e-06 -1.2241372955e-06 -1.9692910082e-06 -1.6648708477e-05 -4.0635048187e-06 -4.4092560394e-06 -3.1437059867e-06  8.3714625576e-06  6.6152605186e-07 -6.6933740936e-06  6.7685401103e-06  1.4855384637e-06 -2.5733138777e-05 -3.0530689396e-05 -3.2515378131e-05 -1.0184923160e-04

JOB 10
COORDS -3.5600744103e+00 -2.9123362454e+00 -5.0892577298e+00 -3.3296929488e+00 -4.4336471257e+00 -3.2345960635e+00 -4.3872563372e+00 -3.8506371135e+00 -5.7016603228e+00 -3.0168730715e+00 -3.1961416600e+00 -3.8233505619e+00 -4.1756448685e+00 -5.2648578041e+00 -3.9616867909e+00 -1.7256769528e+00 -2.2001834175e+00 -1.9135087840e+00 -2.2090492807e-01 -1.0136702306e+00 -2.4750644419e-01 -9.4867868002e-01 -9.2866345959e-01 -1.5888014270e+00 -4.7075854795e+00 -5.0269721205e+00 -5.1471295585e+00 -2.1683484837e+00 -2.2530340125e+00 -3.2347164301e+00 -4.5374589952e+00 -6.5912270479e+00 -3.3519894089e+00 -3.9427960663e+00 -6.9010045967e+00 -2.3134363655e+00 -1.9488538017e+00 -3.0835136434e+00 -1.1007014476e+00 -5.3923119366e+00 -7.2674699934e+00 -3.9132071766e+00 -3.3451350798e+00 -1.9722106215e+00 -5.5915647040e+00 -2.9457469730e+00 -4.7243201041e+00 -2.2689208692e+00 -4.8146667685e+00 -3.6473826620e+00 -6.6812372140e+00 -9.2386453330e-01 -1.2181473826e+00  5.6289470320e-01  2.9327399452e-01 -7.1416283267e-02 -3.6626684424e-02  5.1885128562e-01 -1.8185839766e+00 -2.5390052163e-01 -2.4315325956e-01 -7.1889646381e-01 -2.4026910256e+00 -1.6652942216e+00 -9.6237642666e-02 -1.5821203504e+00 -1.9707829231e+00 -1.4361089859e+00 -3.8001652538e+00
ENERGY -7.002471623011e+02
GRADIENT  5.4283837921e-05  1.5090639668e-04 -7.9643266874e-05  7.3570627734e-04 -4.7720302611e-04 -2.2786704689e-04  6.3545465036e-05 -1.0353485827e-04  1.7294080677e-04 -1.7400210524e-03  8.3535169733e-04  8.0939482544e-04 -8.6662651842e-06  2.5205042740e-04  5.5170884929e-05 -8.2122498569e-04  4.7399348152e-04  3.3550971954e-04 -3.4516500712e-06 -2.9427636336e-05  2.7542450204e-06 -3.4802153440e-05  1.4063843626e-05 -1.6766423379e-04 -5.5018455478e-05 -9.7455883161e-05 -3.6426188721e-05  1.7897723711e-03 -1.0332987751e-03 -7.1351624648e-04  3.0378450834e-04 -4.0788094822e-04 -3.4999534942e-04  2.0359588482e-05  3.3893215240e-04  4.9152939185e-05 -1.9041549159e-05 -5.5729793763e-05  9.8813027850e-05 -2.4229709356e-04  1.0864302708e-04  5.7371823450e-05  7.8931265980e-08  2.1708025975e-05 -9.1465081526e-06  2.3609341458e-05 -2.1830268879e-05  2.6650326440e-05  4.1279305819e-06 -1.2490524466e-05  2.0480574584e-05  7.7712471221e-06  5.0650153622e-06 -1.8063500946e-08  2.8946036753e-07  6.6759481696e-06 -1.4998961646e-05  1.9078176362e-06  2.5376779454e-06  2.4718244993e-06 -6.5221899774e-06  3.2735173352e-05 -1.4505372757e-05 -3.8186524749e-06  5.2408158855e-07  5.2109142282e-06  1.8056303559e-06  3.9505297752e-05  4.3282506858e-05

JOB 11
COORDS -3.5285511406e+00 -2.9742394502e+00 -5.1198457850e+00 -3.2516930580e+00 -4.4883295992e+00 -3.2661317795e+00 -4.3108329388e+00 -3.9441228612e+00 -5.7413159053e+00 -2.9801237079e+00 -3.2393592704e+00 -3.8516822963e+00 -4.0497186975e+00 -5.3553368527e+00 -4.0056811114e+00 -1.5587856079e+00 -2.2861833690e+00 -2.0085638378e+00 -1.3780931682e-01 -1.0419930431e+00 -3.1158023782e-01 -7.8150359048e-01 -1.0111232806e+00 -1.6969342648e+00 -4.5799081718e+00 -5.1375185982e+00 -5.1956149672e+00 -2.1987342133e+00 -2.2514497836e+00 -3.2461566389e+00 -4.3582151669e+00 -6.6992044188e+00 -3.4028662267e+00 -3.8444140343e+00 -6.9437170706e+00 -2.3054231970e+00 -1.6153855279e+00 -3.2455728879e+00 -1.2554466404e+00 -5.0904198819e+00 -7.4558677795e+00 -4.0307369280e+00 -3.3494888253e+00 -2.0245860738e+00 -5.6183188189e+00 -2.8656653581e+00 -4.7642423177e+00 -2.2970661798e+00 -4.7414518338e+00 -3.7544222149e+00 -6.7222322545e+00 -8.9457109907e-01 -1.1576623298e+00  4.6817049088e-01  4.1097716243e-01 -1.1322962197e-01 -1.3004005123e-01  5.5651143685e-01 -1.8807983375e+00 -2.2288892377e-01 -1.7640067669e-02 -8.7766197830e-01 -2.4744033569e+00 -1.4630116407e+00 -1.5526107156e-01 -1.7884570780e+00 -2.0822369393e+00 -1.4005716388e+00 -3.7832330450e+00
ENERGY -7.002474419117e+02
GRADIENT -6.1509380456e-06 -1.9489981313e-05  8.2110531677e-06  3.1319689768e-06 -4.9202573294e-06 -2.8514671199e-06 -7.1614835281e-06 -2.4890729928e-06 -1.0994954759e-05  1.7711549528e-05  5.4456049837e-06 -1.9624312489e-06  8.7450641093e-06  1.0641364363e-05 -1.5321306905e-05  1.1241850454e-05  6.5514208430e-06 -1.2233621518e-05 -4.7062283938e-06  3.8984590900e-06  4.3398440997e-06 -1.1455893662e-06 -2.2734396702e-06  7.3246422425e-06 -3.6144238136e-06  1.5821456264e-06 -8.6123129651e-06 -2.9955709758e-05 -1.2901129398e-07  2.0947104409e-05 -3.1066242713e-05  3.4697196523e-05  1.9657366682e-05 -6.7485537460e-06 -1.4775979836e-05 -1.8436920974e-05 -1.1964711045e-05  1.8229993774e-06 -1.9232091558e-06  1.3123258686e-05 -3.9037588739e-06  2.4687386109e-06  1.1568836962e-06 -6.3807208927e-07  5.4373511922e-07 -7.1486941040e-06  5.0544689632e-06  6.8033240867e-06 -1.0800255686e-07  6.2506151156e-07 -1.8922347330e-06 -2.4166208953e-06 -1.5002324139e-05  7.3258784570e-07 -1.1595316422e-05  1.2947371013e-06  1.0506457811e-05  9.5155780860e-06  4.0705799366e-06 -1.7124675910e-06  2.2499102871e-06 -1.9864081106e-05  3.2944572221e-06  1.5128434659e-05  1.0946385260e-05 -4.5048850019e-06  5.7118453969e-06 -5.2150679462e-06  3.6925605799e-06

JOB 12
COORDS -3.4945553073e+00 -2.9454965982e+00 -5.1202705871e+00 -3.2515300556e+00 -4.4725464295e+00 -3.2718308940e+00 -4.2188283311e+00 -3.9317487238e+00 -5.7854019216e+00 -2.9888082804e+00 -3.2117907415e+00 -3.8351868967e+00 -3.9811452589e+00 -5.3579739004e+00 -4.0585250917e+00 -1.4937833627e+00 -2.3108101501e+00 -2.0298126174e+00 -1.2534733076e-01 -1.0600242943e+00 -2.9467449320e-01 -7.4053369112e-01 -1.0280827419e+00 -1.6934273929e+00 -4.4642050390e+00 -5.1429495523e+00 -5.2690082134e+00 -2.2854819608e+00 -2.2008820211e+00 -3.1723668962e+00 -4.2685166491e+00 -6.7191328490e+00 -3.4869681103e+00 -3.9513096934e+00 -6.8993206496e+00 -2.3058307109e+00 -1.4098915623e+00 -3.3372625876e+00 -1.3739872415e+00 -4.7864250895e+00 -7.5529735793e+00 -4.2214804022e+00 -3.3249076805e+00 -1.9842455564e+00 -5.5993964178e+00 -2.9016278461e+00 -4.7472698174e+00 -2.2887072311e+00 -4.6179207390e+00 -3.7417376147e+00 -6.7794794744e+00 -8.9956554568e-01 -1.1543990487e+00  4.7140447674e-01  4.3681485918e-01 -1.4026090390e-01 -1.0840276042e-01  5.5025872904e-01 -1.9113647281e+00 -1.8757346586e-01  4.2943681944e-02 -8.9671190579e-01 -2.4519930443e+00 -1.4184661612e+00 -1.7203200305e-01 -1.8018542891e+00 -2.2311600949e+00 -1.3171916531e+00 -3.6645742998e+00
ENERGY -7.002471627390e+02
GRADIENT  2.3572132981e-05  1.5122638786e-04 -4.3967708304e-05 -7.0133214369e-04  1.9324049018e-04  5.6784483364e-04  1.3910034022e-05 -7.4248568420e-05  1.3102238257e-04  1.6885596965e-03 -7.9075479990e-04 -9.5479886360e-04  1.9008935838e-04  1.8224047414e-04 -5.0693269721e-05  8.2537076667e-04 -3.3867463789e-04 -4.8954867188e-04 -1.7494620248e-05 -3.0019147660e-05  9.1971834224e-06 -1.1101557460e-04  4.9416022046e-05 -1.6749186779e-04 -6.4788789069e-05 -8.2384431890e-05 -2.8461614021e-05 -1.7602530756e-03  6.7001510816e-04  1.1051450815e-03 -5.1440539136e-04  2.0413851831e-05  1.0528662066e-04  2.0727356505e-04  2.1565771190e-04 -5.5891641248e-05  3.9183694037e-05 -1.0125034163e-04  7.9568224887e-05  1.6645728399e-04 -7.5784648826e-05 -1.5160185625e-04  3.1409340883e-06  1.4490187711e-05 -1.6485096286e-05 -4.7224690981e-07 -8.8337378498e-06  4.3677677885e-05  5.7711317909e-06 -7.6151866016e-06  1.5541555170e-05  2.3944160150e-06  1.1064045842e-05  3.1029393991e-06 -5.3731715522e-07  7.1604491807e-06 -1.7578317193e-05 -7.0655282657e-06  4.0191898931e-06  5.8605050650e-06  3.2561632422e-06  6.2429239967e-06  4.7372373710e-08  6.6641614930e-06  2.2923012307e-05 -2.4028976325e-05  5.1112617584e-05  1.8562317122e-05  1.2540564340e-05

JOB 13
COORDS -3.4318506268e+00 -2.9610226143e+00 -5.1354372551e+00 -3.3218663627e+00 -4.4420933674e+00 -3.2387030803e+00 -4.0995780190e+00 -3.9687845150e+00 -5.8292105222e+00 -3.0212658968e+00 -3.1953224993e+00 -3.8123855858e+00 -3.9827825431e+00 -5.3536754327e+00 -4.0550387625e+00 -1.4899468506e+00 -2.3036409236e+00 -2.0478085460e+00 -5.2724359891e-02 -1.0977584615e+00 -3.3680039030e-01 -7.9237165307e-01 -1.0014804638e+00 -1.6708593909e+00 -4.3735735662e+00 -5.1692875541e+00 -5.3037801324e+00 -2.3958610915e+00 -2.1625675319e+00 -3.1015807728e+00 -4.3094114529e+00 -6.7006889085e+00 -3.4722830252e+00 -4.0739596291e+00 -6.8529211826e+00 -2.2681165201e+00 -1.2844708664e+00 -3.3696086852e+00 -1.4903014362e+00 -4.7815670753e+00 -7.5505101969e+00 -4.2190461192e+00 -3.2306997227e+00 -2.0102860232e+00 -5.6230544451e+00 -3.0451611117e+00 -4.6919090554e+00 -2.2258663458e+00 -4.4245077362e+00 -3.8057758529e+00 -6.8546222062e+00 -7.4720114669e-01 -1.3072325049e+00  4.8112639487e-01  4.6290619575e-01 -1.5720497681e-01 -1.2194555875e-01  6.8369279455e-01 -1.9039514082e+00 -3.5891570786e-01 -9.0647972474e-02 -7.5570410031e-01 -2.4794942196e+00 -1.5320414310e+00 -1.9130989470e-01 -1.6500856905e+00 -2.3937365675e+00 -1.2613095776e+00 -3.5647917798e+00
ENERGY -7.002463128081e+02
GRADIENT  2.1201313843e-05  6.2147856676e-05 -2.0087475312e-05 -1.7122319897e-03  6.9704301411e-04  6.0694151643e-04  1.0139648172e-05 -1.0775263340e-06  2.5036040325e-05  3.5976847471e-03 -1.1119439728e-03 -1.7363918919e-03 -2.1006442885e-05  7.4398884492e-06 -1.3438948038e-05  1.5408642443e-03 -9.4508093950e-05 -1.3144208406e-03 -2.3169839080e-06 -1.0471112839e-05 -6.8894895510e-06 -5.9873853205e-06 -1.1643445030e-06 -3.4317333445e-05 -2.2808317697e-05 -1.2619594729e-05  1.2931577156e-05 -3.3528390511e-03  4.5138751136e-04  2.5174362787e-03  1.9165566104e-05 -1.9026563015e-06  4.1760493197e-06 -3.9924263640e-05  7.3790559986e-06  1.1872907375e-05 -1.5124595173e-05 -1.9670607171e-05  2.4825393181e-05  4.6358260163e-06 -3.6874905045e-06 -1.4998893282e-06  1.6021396431e-06 -8.9289677672e-07 -5.4790959100e-06 -8.9609028129e-06 -2.3189350807e-06  1.1529647269e-05  2.1370201576e-08 -4.1747743868e-06  1.7823237090e-06 -5.2694660202e-06 -2.8987595081e-08 -2.6255517845e-06 -5.2971265972e-06 -4.4675553778e-07 -4.8208164705e-06 -5.8157502657e-06 -2.0454195908e-06  4.2786093068e-06 -1.3987095043e-05  1.3493827465e-05 -8.2537520075e-06 -9.0252694697e-06 -5.9395796528e-06  8.7520239607e-06 -7.1993357528e-05 -1.6634657742e-05 -7.6170946031e-05

JOB 14
COORDS -3.3649467681e+00 -2.9684674045e+00 -5.1197696999e+00 -3.4163406500e+00 -4.4090030988e+00 -3.1906218993e+00 -3.9671174910e+00 -3.9956089098e+00 -5.8475566549e+00 -3.0685479781e+00 -3.1761298104e+00 -3.7644155003e+00 -3.9943085209e+00 -5.3453278930e+00 -4.0404608623e+00 -1.5021966578e+00 -2.2888804307e+00 -2.0534567803e+00  1.0995880010e-02 -1.1209575124e+00 -3.8105849500e-01 -8.4886261018e-01 -9.7672772278e-01 -1.6365353567e+00 -4.2748433782e+00 -5.1872435564e+00 -5.3226829222e+00 -2.5208753106e+00 -2.1312456881e+00 -3.0007639076e+00 -4.3639684480e+00 -6.6812019231e+00 -3.4610008128e+00 -4.2763796901e+00 -6.7950029822e+00 -2.2327699307e+00 -1.1838448700e+00 -3.3794261039e+00 -1.6094621587e+00 -4.7227488771e+00 -7.5625213771e+00 -4.2337298919e+00 -3.1247183757e+00 -2.0267635578e+00 -5.6069020103e+00 -3.2326330179e+00 -4.6328323331e+00 -2.1502962242e+00 -4.2055293511e+00 -3.8559923848e+00 -6.8998391108e+00 -5.9508292612e-01 -1.4297813519e+00  4.7480245455e-01  4.9121443470e-01 -1.6799184778e-01 -1.4024439887e-01  7.8584211690e-01 -1.8767241985e+00 -5.2670588629e-01 -2.3572396902e-01 -6.3126893311e-01 -2.4801543202e+00 -1.6285682265e+00 -2.1834310812e-01 -1.4934002861e+00 -2.5759886507e+00 -1.2132904215e+00 -3.4273720484e+00
ENERGY -7.002448444128e+02
GRADIENT  4.2856881405e-05  5.4092416164e-05 -1.7661184143e-05 -2.8315277448e-03  1.1220361737e-03  6.8341476478e-04 -1.9546564860e-05 -7.8011352681e-06 -2.3211100970e-05  5.5001844475e-03 -1.4477263038e-03 -2.1694973018e-03  2.0981303597e-05 -6.1567186738e-05 -1.6183771085e-04  2.0914870796e-03  6.5952796505e-04 -2.3314248486e-03  9.0097757581e-06  2.0420167139e-05 -5.5684913810e-07  6.5952748035e-05 -1.5153329932e-05  5.5222658069e-05  3.2280233927e-05  1.9449286713e-05 -4.6815488284e-05 -4.8670428736e-03 -4.1134780095e-04  3.6386627230e-03  1.5545235676e-05  3.9651569640e-04  6.7862655068e-05 -7.6763569789e-05 -4.6007311312e-04  3.1999057649e-05 -1.5119149456e-06  2.1391613255e-05 -4.6005138956e-05  7.3890355635e-05  7.2285329810e-05  1.6316731659e-04 -1.3023484202e-06  8.7564507097e-07 -1.0044880202e-05  1.6593756174e-05  3.6411037456e-06 -1.8333360937e-05 -1.1813656000e-06  1.4468932045e-05  6.9807835722e-08  7.2865841764e-06  3.1728033475e-06 -3.4127349244e-06  1.0469731419e-05  7.2950275434e-07  1.1830135185e-06  5.8504095976e-06  2.8830492751e-06 -8.8496041689e-06  8.0943262528e-06 -6.6413858479e-06  2.1646589789e-06  5.0648520522e-06 -5.8530094070e-06  7.9633012442e-07 -2.1879565386e-05  1.9416497782e-05  1.4947121197e-04

JOB 15
COORDS -3.2611759892e+00 -2.9994044730e+00 -5.0939263516e+00 -3.4699717388e+00 -4.4061135807e+00 -3.1536588753e+00 -3.8010357393e+00 -4.0428075665e+00 -5.8503904877e+00 -3.0785506776e+00 -3.1843703504e+00 -3.7177597052e+00 -3.9731233801e+00 -5.3633398822e+00 -4.0272209384e+00 -1.4678836675e+00 -2.2671147087e+00 -2.0932322107e+00  7.7926398641e-02 -1.1003124708e+00 -4.5060523297e-01 -8.8774750454e-01 -9.3875612972e-01 -1.6247010169e+00 -4.1482746963e+00 -5.2249308226e+00 -5.3304680472e+00 -2.6041947055e+00 -2.1321938463e+00 -2.9043471226e+00 -4.3878601440e+00 -6.6886834382e+00 -3.4558108089e+00 -4.3661610241e+00 -6.7867878585e+00 -2.2231511492e+00 -1.0105230033e+00 -3.3568311350e+00 -1.7929478910e+00 -4.7175375367e+00 -7.5745619424e+00 -4.2359847151e+00 -2.9812645659e+00 -2.0658194027e+00 -5.5749664906e+00 -3.3736444906e+00 -4.6058700876e+00 -2.0958017513e+00 -3.9527711744e+00 -3.9242153653e+00 -6.9211414220e+00 -4.3422809912e-01 -1.5134518452e+00  4.2258156424e-01  5.0482827504e-01 -1.3135170109e-01 -1.7556950367e-01  8.9155370536e-01 -1.7813538928e+00 -7.0927678797e-01 -3.7067632272e-01 -4.8657279569e-01 -2.4822344568e+00 -1.7093772904e+00 -2.5901777434e-01 -1.3680924426e+00 -2.7503927743e+00 -1.2020605129e+00 -3.2817840361e+00
ENERGY -7.002426537779e+02
GRADIENT  8.3896933091e-06 -7.3460669289e-05 -6.5082250059e-05 -3.9423506820e-03  1.5657275788e-03 -9.3181264840e-05  3.5880151660e-05  1.9316570640e-05  1.4661428117e-04  7.1861893639e-03 -1.3131742015e-03 -2.1080196240e-03 -1.2288638693e-04 -2.8759915618e-04  1.0147326390e-04  2.4040633603e-03  1.3913474488e-03 -3.1629469268e-03  4.7053729797e-06 -7.0739475085e-06 -1.8051894342e-05 -8.3702444666e-06  1.7221581586e-05 -8.5248401383e-06  3.4059665158e-05  5.5338069659e-05  7.0730347063e-05 -5.6535911494e-03 -1.2613600761e-03  5.0994792069e-03  8.9549347305e-05 -1.8180371994e-04 -2.7094761875e-05 -1.5001911501e-05  4.4141317470e-05  1.7760335714e-05 -4.7837387740e-05 -2.6990636803e-05 -3.2033409504e-05 -9.2674680880e-05 -2.7933882469e-05  3.2549644593e-05  1.5632382591e-05 -1.3599908215e-07  3.6428234705e-05  1.7014408724e-05  8.6841870890e-06 -1.6840957183e-05 -5.0702078644e-06 -2.3308754496e-05  8.9566794126e-06 -3.5770475982e-06  3.6734141067e-07 -4.7415405383e-06 -5.9819657932e-06  4.3133323369e-06 -6.7046632029e-06  3.2601517162e-06  5.6084043923e-07  3.9931216838e-06 -1.1690384642e-06  1.9163563783e-05 -1.8134831278e-06  1.0626749514e-07 -9.1621934148e-06 -3.7138775042e-06  5.9122016760e-05  5.5067027432e-05  7.0368906568e-05

JOB 16
COORDS -3.1486500457e+00 -3.0505215477e+00 -5.0452120897e+00 -3.5778576309e+00 -4.4175470795e+00 -3.1135176301e+00 -3.6457535748e+00 -4.0922562837e+00 -5.8347676163e+00 -3.1035291655e+00 -3.2191343583e+00 -3.6573418208e+00 -4.0239487248e+00 -5.3778231180e+00 -4.0151556075e+00 -1.4473992735e+00 -2.2487887747e+00 -2.1304919231e+00  1.5771759586e-01 -1.0753803335e+00 -5.5052509028e-01 -9.5664601656e-01 -9.1375233125e-01 -1.5845733927e+00 -4.0732087322e+00 -5.2544498556e+00 -5.3303618996e+00 -2.6751185578e+00 -2.1709750961e+00 -2.8006607898e+00 -4.5248359700e+00 -6.6817972261e+00 -3.4663437331e+00 -4.6098887794e+00 -6.7618210178e+00 -2.2348911738e+00 -8.5251115860e-01 -3.3049661480e+00 -1.9935197114e+00 -4.8111748777e+00 -7.5699174035e+00 -4.2606081517e+00 -2.7961007763e+00 -2.1329059122e+00 -5.5082153048e+00 -3.5862961625e+00 -4.5966954019e+00 -2.0468372258e+00 -3.6946311460e+00 -3.9894179094e+00 -6.9166859633e+00 -1.9617832310e-01 -1.6322186059e+00  3.2129898619e-01  5.0936243291e-01 -9.4859496422e-02 -2.1611669644e-01  1.0014707375e+00 -1.6254286035e+00 -9.7284122993e-01 -6.0014943606e-01 -3.2068337342e-01 -2.4379665729e+00 -1.8078972100e+00 -3.6509302911e-01 -1.1637658256e+00 -2.9490502758e+00 -1.2387363897e+00 -3.0925123354e+00
ENERGY -7.002399822031e+02
GRADIENT  5.5482976208e-06  1.3988546045e-04 -9.0580437642e-05 -4.1577589199e-03  1.5409409116e-03  3.0378162979e-04 -6.9568926485e-07  1.8373711946e-05  8.8765027654e-05  7.1693402071e-03 -1.5624248928e-03 -1.7754649805e-03  1.8551146543e-05  1.1241924513e-04 -7.6284677465e-06  1.8042813109e-03  1.9338117220e-03 -3.4437462428e-03  9.1457705945e-06 -3.2424234081e-05 -1.0813054702e-05 -4.9451086754e-05  9.9827264598e-06 -7.9568531144e-05  2.4091482414e-05 -6.7325152087e-05 -4.2909663616e-05 -4.7115970956e-03 -2.0217742571e-03  4.8961452827e-03 -1.4318924704e-04  6.5984518910e-05 -3.9367812661e-06  1.7718783213e-05  2.4984350622e-05 -1.8634346736e-05  2.7378003197e-05 -5.7255936004e-05  7.8635503657e-05  6.3905371445e-05 -1.9641051130e-05 -4.7773039996e-06  6.5996194110e-06  1.1100341372e-05 -1.6468242178e-05 -8.5490510880e-06 -2.2823158668e-05 -2.3146105848e-05 -2.8818940875e-05  2.5398055246e-05  1.2094643152e-05  6.5844270856e-06 -1.2320362257e-05  3.7826036614e-07 -1.2437396700e-05 -3.5522694070e-06 -1.8399879577e-06 -3.4733480528e-07 -2.1407111816e-06  5.0296085877e-06 -5.0815719532e-05  2.6494123227e-06 -2.1309192171e-06  2.4658772061e-07 -1.6732652690e-05  2.6937625618e-05 -9.4187507652e-05 -7.1226210107e-05  9.7232881562e-05

JOB 17
COORDS -4.3779900775e+00 -2.7974653386e+00 -4.9749110364e+00 -3.3133090256e+00 -4.1822640949e+00 -3.3239853091e+00 -4.8424298176e+00 -3.9649305929e+00 -5.5880661402e+00 -3.6126696933e+00 -2.9073467095e+00 -3.8118641189e+00 -3.8531550806e+00 -5.2610707647e+00 -4.0198977743e+00 -1.8579598678e+00 -1.2181157590e+00 -3.6095376640e+00 -1.7869937395e-01  6.5911580380e-01 -3.2828921010e+00 -1.2211231777e+00 -2.4543858451e-01 -2.6244305928e+00 -4.5903970685e+00 -5.1905014293e+00 -5.1123964493e+00 -3.0856411149e+00 -1.7372373641e+00 -3.1871021156e+00 -3.5721869120e+00 -6.6430422288e+00 -3.5080332602e+00 -2.9206918126e+00 -6.7156552088e+00 -2.4575683368e+00 -1.3656014318e+00 -1.5216935018e+00 -4.6846260452e+00 -3.9985844774e+00 -7.5952680616e+00 -4.1492845936e+00 -4.5998225311e+00 -1.8208414880e+00 -5.3916824330e+00 -2.6949406128e+00 -4.3385939082e+00 -2.4485001851e+00 -5.4421699246e+00 -3.9143618461e+00 -6.4940203234e+00  5.9428047154e-01  6.3497429926e-02 -3.7731436769e+00  2.9406094422e-01  1.3012300026e+00 -2.5337973102e+00 -6.3815431435e-01  1.2964922015e+00 -4.0436536305e+00 -2.0057267611e+00  3.4629817023e-01 -2.1381366099e+00 -7.5316559062e-01 -8.4735345559e-01 -1.8335804029e+00 -3.2831343582e+00 -1.6427325750e+00 -2.1961837019e+00
ENERGY -7.002386373116e+02
GRADIENT  8.6893658320e-05 -1.7625701178e-04  1.5250792291e-04  2.9047096455e-03 -1.7371096374e-04 -1.9080719816e-03 -2.7676277160e-04  1.0062105155e-04 -4.0176678159e-04 -3.4357035798e-03 -7.9955620410e-04  4.2053905618e-03  1.0729507984e-04  1.0132359830e-04  1.8058783739e-04  1.6070692861e-03 -1.9899670831e-03  2.3167966940e-03  1.1526735185e-05  2.9113648951e-07 -2.2894291065e-06  2.6265097303e-05 -4.4003739456e-06  5.1591627620e-06  3.6213003141e-05  1.0198499054e-04  4.2825762343e-05 -9.7564426542e-04  2.6979260335e-03 -4.4564840649e-03  4.3049867004e-05 -8.1780730316e-05  2.7042358106e-05 -6.7726157168e-06  1.2924886278e-04  5.2666047779e-06 -3.2716917287e-05  4.1678908321e-05  1.0158085490e-05 -5.0053243298e-05 -1.7667291958e-05 -3.9438107189e-05 -1.6501984905e-05 -4.5077332458e-05 -1.6554724602e-05  7.2194860731e-06 -9.9197697791e-06  2.9863201161e-05 -1.7644276269e-05  2.5849981136e-05 -2.9147598479e-05  1.4053530273e-06 -3.0713324824e-06  1.0031915192e-06 -2.0761578020e-06  3.3016016879e-06 -3.5337741326e-06  2.7041657695e-06 -5.9232229700e-06 -5.5612626731e-06 -2.0653080046e-06  1.4852143738e-05 -1.8587854932e-05 -1.9895397246e-05  3.2087363347e-06  1.4660917186e-06 -8.2446351360e-06  2.1968876859e-05 -2.0728543561e-05

JOB 18
COORDS -4.2136945892e+00 -2.8074847230e+00 -5.0120682948e+00 -3.3555706513e+00 -4.2249363249e+00 -3.2691878878e+00 -4.6825083741e+00 -3.9593854318e+00 -5.6483567840e+00 -3.5524353805e+00 -2.9404786561e+00 -3.7868320677e+00 -3.8933422689e+00 -5.2842384725e+00 -3.9951927915e+00 -1.8881530987e+00 -1.1475499478e+00 -3.6505879189e+00 -2.7161973301e-01  7.7899486286e-01 -3.2966754579e+00 -1.1560193199e+00 -2.7902599905e-01 -2.6358099197e+00 -4.5348220692e+00 -5.1918842270e+00 -5.1447465792e+00 -3.0156724377e+00 -1.8009226307e+00 -3.1315182578e+00 -3.7198790379e+00 -6.6710392112e+00 -3.4496547235e+00 -3.1616818336e+00 -6.7608031352e+00 -2.3475890311e+00 -1.5492265123e+00 -1.2677099311e+00 -4.8162223002e+00 -4.1342073672e+00 -7.6114439601e+00 -4.1157343061e+00 -4.3531345438e+00 -1.8288301927e+00 -5.4569426520e+00 -2.8180232777e+00 -4.4050499826e+00 -2.3458867851e+00 -5.2028892141e+00 -3.8893343300e+00 -6.6008618371e+00  4.4435062012e-01  3.1314496130e-01 -3.9770728344e+00  2.7970806058e-01  1.3406344588e+00 -2.5368278858e+00 -8.7256611492e-01  1.4835375434e+00 -3.8785502478e+00 -1.8845089001e+00  1.8245528180e-01 -1.9585600774e+00 -5.4403806290e-01 -9.5166450303e-01 -2.0194032666e+00 -3.0513242563e+00 -1.8380697395e+00 -2.1177489758e+00
ENERGY -7.002411801683e+02
GRADIENT  2.7852548482e-07  5.2853891576e-05  5.6438057753e-05  3.9285090707e-03 -3.8924956996e-04 -2.6320983838e-03 -1.3234056486e-04  1.2744473621e-04 -2.2463816403e-04 -4.5569468410e-03 -8.4564273420e-04  5.0553475586e-03  8.5432056433e-05 -2.4308019786e-04  3.2414365202e-04  2.8185335839e-03 -2.7837935947e-03  2.5358276577e-03 -6.0405650068e-06  1.6548070225e-06 -4.4972641962e-06  3.9221289087e-08  6.9494389434e-06 -5.5473454992e-06  3.0372414714e-05  2.0760338413e-04  4.0055438747e-05 -2.2285814852e-03  3.9836505008e-03 -5.2047036834e-03  1.5773700544e-04 -6.2245916226e-05 -4.7077740479e-05 -5.6021962724e-05 -1.2660564563e-05  4.5131208374e-05  8.2204004134e-06 -6.7276337768e-06  1.3278943045e-05 -5.1494327091e-05 -4.6663994715e-05  3.3614343989e-05 -2.5456047199e-05 -9.0223073821e-06 -5.9946051723e-06 -3.3214034834e-05 -2.4697599120e-05 -1.4201961873e-05 -1.5999009430e-05  5.1583549467e-05 -2.1875752021e-05 -2.8627969422e-06 -5.4938612929e-06 -7.4316878775e-06  3.6213691156e-06 -6.8178425589e-06 -5.1886583254e-06 -2.1977012738e-06 -2.0419722802e-06 -1.8739942887e-06  9.6776693197e-06 -8.3959177689e-06  1.5674093962e-05  1.2421124068e-05 -1.1679417299e-05 -1.7595221610e-05 -2.7972103977e-05  5.9383727236e-06  2.2141804314e-05

JOB 19
COORDS -4.0250474021e+00 -2.8279894269e+00 -4.9879377972e+00 -3.3087884728e+00 -4.2331212643e+00 -3.1701316156e+00 -4.5307917460e+00 -3.9753764040e+00 -5.6022787285e+00 -3.4130989117e+00 -2.9556078266e+00 -3.7339364344e+00 -3.8783817578e+00 -5.2842118760e+00 -3.8821534563e+00 -1.8606934268e+00 -1.0427500625e+00 -3.6641952662e+00 -2.8677050974e-01  9.2299074565e-01 -3.3292537636e+00 -1.0748423245e+00 -2.0509611445e-01 -2.6636078415e+00 -4.4718056452e+00 -5.1982689962e+00 -5.0575354261e+00 -2.8538858093e+00 -1.8385541164e+00 -3.0748824544e+00 -3.8055926783e+00 -6.6580226582e+00 -3.2835232662e+00 -3.2436623949e+00 -6.7487665863e+00 -2.1832247340e+00 -1.6681229690e+00 -1.0264081984e+00 -4.8686238674e+00 -4.2988321464e+00 -7.5885381949e+00 -3.9084389479e+00 -4.0980185979e+00 -1.8616004944e+00 -5.4711074503e+00 -2.8175099919e+00 -4.4140991368e+00 -2.2212926002e+00 -5.0113297966e+00 -3.9078983301e+00 -6.5756833308e+00  3.9656346047e-01  5.2585158294e-01 -4.0829542887e+00  2.9508574311e-01  1.4700063976e+00 -2.5816220097e+00 -9.5766075579e-01  1.6273569298e+00 -3.8286520794e+00 -1.7640019779e+00  1.8925945554e-01 -1.9069458091e+00 -3.9283796443e-01 -8.8406457549e-01 -2.1337685183e+00 -2.7720277367e+00 -1.9404097244e+00 -2.0686134361e+00
ENERGY -7.002439929837e+02
GRADIENT -1.1260419407e-06  6.3692413415e-05 -3.0461553623e-05  3.9134765413e-03 -6.1233497477e-04 -2.1376535562e-03  3.4820329587e-05  4.4574227575e-06  4.1824386488e-05 -4.1490117258e-03 -5.9200284617e-04  4.2696932101e-03  1.4642766707e-05  7.0841137517e-06 -3.9406707377e-05  3.2637990039e-03 -2.6541665582e-03  1.7644059899e-03  9.4068667802e-06 -4.7544198723e-06  8.5839710457e-06  1.6317213734e-05  1.0145445273e-05 -1.2696623996e-05 -4.1557233916e-06 -2.3564110728e-05  1.4456342317e-05 -2.8981636237e-03  3.9236748782e-03 -3.9205912413e-03 -5.9360927016e-05 -1.1528446552e-05  1.6648357403e-05  1.1801233420e-05  4.6783355307e-05 -1.0139644584e-05 -2.6985986243e-05  1.0502800075e-05  3.6110221573e-05  2.6319247217e-05 -1.2198308256e-05 -3.6810891030e-05  1.1355455108e-05  9.7497036859e-06 -3.4446685172e-06  5.0126027518e-06 -5.4759853562e-06  4.1335598776e-06  9.8780653287e-06 -1.6487168971e-06 -1.7155392169e-07  8.3451202042e-06  2.4818601687e-06  5.7520356011e-06  7.8063247110e-07  3.8105548549e-06  4.0110416883e-06  4.3353811732e-06 -1.4743989353e-06 -3.8862602928e-07 -6.0306610151e-06  1.0757880668e-05 -1.1867003494e-05 -1.0303863090e-05  6.7450937320e-07  1.8786600694e-05 -8.6893849731e-05 -1.3407675860e-04  9.1397664540e-06

JOB 20
COORDS -3.8803918155e+00 -2.8658460139e+00 -5.0323811562e+00 -3.3104917137e+00 -4.2764517958e+00 -3.1661577715e+00 -4.4503631604e+00 -3.9912690975e+00 -5.6309288528e+00 -3.3026341232e+00 -3.0067882173e+00 -3.7612688128e+00 -3.9297835245e+00 -5.3021256023e+00 -3.8709551714e+00 -1.8387400216e+00 -1.0029241804e+00 -3.6838636217e+00 -3.7361533474e-01  1.0366863821e+00 -3.3018622233e+00 -1.0108934696e+00 -2.0697768265e-01 -2.6824108339e+00 -4.4876004092e+00 -5.2045756959e+00 -5.0631458771e+00 -2.6978936427e+00 -1.9316117651e+00 -3.0858769691e+00 -3.9647761050e+00 -6.6632164246e+00 -3.2400164553e+00 -3.4464618864e+00 -6.7637335640e+00 -2.1192526640e+00 -1.7732400642e+00 -8.5143773893e-01 -4.8932158339e+00 -4.4950462630e+00 -7.5754731588e+00 -3.8614116123e+00 -3.8764772921e+00 -1.9108577448e+00 -5.5405144062e+00 -2.8627694741e+00 -4.4698849550e+00 -2.1982214408e+00 -4.9049215149e+00 -3.9107540391e+00 -6.6158575967e+00  2.5317912637e-01  7.6689167998e-01 -4.1545350243e+00  2.4452463233e-01  1.5530468368e+00 -2.5616441492e+00 -1.1382495986e+00  1.7316960501e+00 -3.6594840457e+00 -1.6417223708e+00  6.0247320043e-02 -1.8257334489e+00 -2.3372695557e-01 -8.7895501701e-01 -2.2935719500e+00 -2.5399321333e+00 -2.0879941839e+00 -2.0963710294e+00
ENERGY -7.002463481542e+02
GRADIENT  1.6844009654e-05  1.0716393918e-05  4.2087627689e-05  2.9902837659e-03 -7.4285900602e-04 -1.5195840818e-03  4.1486438785e-06 -3.3240146344e-05  4.3166476566e-06 -2.8682576594e-03 -1.5598562721e-04  2.7523455020e-03  4.6166031222e-06  1.1942576764e-05 -1.7006911490e-05  2.8031643429e-03 -2.0854071392e-03  8.0386368686e-04  4.3961844765e-06 -2.0520291219e-08  3.2117860106e-06  1.1679301711e-05  1.0057871555e-05 -9.3555702652e-06 -1.4217951275e-05  4.6058630939e-06 -1.8175778543e-05 -2.8238689359e-03  3.0771548592e-03 -2.0905266452e-03 -2.5045572745e-05  1.8397134333e-05 -8.4982891298e-07 -3.8768074690e-06 -9.5657450515e-06 -5.8554808660e-06  5.6073464994e-06 -4.8110070340e-06  5.3683564071e-06  2.2032415194e-05  2.1305666636e-07 -1.6540493905e-05  1.7185291036e-06  2.9162661699e-06 -5.4811190409e-06 -4.8108323245e-07  5.9304726496e-06 -5.6907704889e-06  3.3209491427e-06 -7.7277019425e-07 -4.6286197475e-06  5.4770395728e-06 -1.4630152970e-06  1.6433468850e-06  6.4231388005e-07  8.6684551699e-07  8.6703298240e-07  2.1399488987e-06 -2.7278605428e-06 -2.0017683851e-06  1.9006177222e-06 -2.7275038366e-06 -2.0371843163e-06  4.6638231971e-06 -1.0915849980e-06 -4.4098347194e-06 -1.0553361237e-04 -1.1572735630e-04  9.0146923642e-06

JOB 21
COORDS -3.7525055993e+00 -2.9206133357e+00 -5.0715091756e+00 -3.3095035391e+00 -4.3104664308e+00 -3.1551437830e+00 -4.3942920576e+00 -4.0222194114e+00 -5.6412422532e+00 -3.1967613739e+00 -3.0625925672e+00 -3.7888449194e+00 -3.9857723402e+00 -5.3120713729e+00 -3.8393645533e+00 -1.8163152625e+00 -9.8158623969e-01 -3.7011539193e+00 -4.7377413135e-01  1.1303311421e+00 -3.2663148006e+00 -9.5219222479e-01 -2.1055770793e-01 -2.7099546026e+00 -4.5219079596e+00 -5.2138204446e+00 -5.0418388086e+00 -2.5331736857e+00 -2.0267014906e+00 -3.1165017333e+00 -4.1219549564e+00 -6.6476424492e+00 -3.1681689774e+00 -3.6264405934e+00 -6.7499890222e+00 -2.0372714942e+00 -1.8795563432e+00 -7.1871341090e-01 -4.8923994566e+00 -4.7047878424e+00 -7.5402876826e+00 -3.7706216670e+00 -3.6755082661e+00 -1.9854895827e+00 -5.6083021174e+00 -2.8950232461e+00 -4.5052206910e+00 -2.1726149362e+00 -4.8323312736e+00 -3.9379972564e+00 -6.6334238759e+00  8.1157394650e-02  9.8810407576e-01 -4.1960901299e+00  1.7701802516e-01  1.6290462057e+00 -2.5421944549e+00 -1.3194303946e+00  1.7889099529e+00 -3.4825089474e+00 -1.5101911729e+00 -7.0049424368e-02 -1.7759547845e+00 -9.2694569813e-02 -8.4761475261e-01 -2.4609625892e+00 -2.3102105078e+00 -2.2190210074e+00 -2.1465683627e+00
ENERGY -7.002480542887e+02
GRADIENT -1.8809046451e-05 -1.4326958661e-04  5.1751257310e-05  1.9625252198e-03 -6.4489755122e-04 -9.0937369594e-04 -4.9830686134e-05  2.4879336563e-05 -1.0830747284e-04 -1.6285287664e-03  2.4654049904e-04  1.4026179629e-03 -2.5210730075e-05  2.4894376325e-05 -1.2893246610e-04  2.0475585831e-03 -1.3803734423e-03  7.6871778234e-05 -5.7889010544e-06 -1.0461945318e-07 -3.3058239421e-06 -2.0579708221e-05 -2.7528846966e-05  2.6477446220e-05  1.0545625003e-05 -1.3683032786e-05  4.7097727892e-06 -2.3821769573e-03  1.7887682421e-03 -4.7557525905e-04 -2.0228882135e-05  1.8334586579e-04  4.3372185452e-05 -2.0950579130e-05 -1.9796133602e-04  4.8846878153e-06  1.6999935493e-05  3.9732316751e-06 -3.5430595263e-05  6.6421039966e-05  3.5674373327e-05  3.2764705468e-05  1.3285368454e-06 -1.1690210498e-05  4.3847542729e-06  3.3487300678e-06  1.2710839011e-05 -1.1619608989e-05 -6.7479628562e-06 -1.8635871932e-06 -8.4165655341e-06 -8.4633143502e-07 -1.0636637553e-06  2.9283713582e-06 -1.1012647620e-06 -4.7310926442e-06  5.0330110403e-06 -3.9897106910e-07 -1.1852483539e-06  3.7227855362e-06  5.6430460442e-06 -1.0818825681e-05  6.6494745843e-06  4.6507286805e-06  9.0508644122e-07 -6.2193750949e-06  5.8136065911e-05  8.2036954504e-05 -6.0306348406e-06

JOB 22
COORDS -3.6287166631e+00 -2.9649404768e+00 -5.1305996406e+00 -3.3007391827e+00 -4.3314929296e+00 -3.1742001929e+00 -4.3420060203e+00 -4.0343213560e+00 -5.6765071483e+00 -3.0910282426e+00 -3.1116029407e+00 -3.8397322043e+00 -4.0347246524e+00 -5.3026827198e+00 -3.8407529550e+00 -1.7899491296e+00 -9.6956704249e-01 -3.7193501414e+00 -5.7378490127e-01  1.2008037176e+00 -3.2100965549e+00 -8.9837425713e-01 -2.1635019579e-01 -2.7381608850e+00 -4.5542571899e+00 -5.1996750936e+00 -5.0505200896e+00 -2.3620344995e+00 -2.1178403859e+00 -3.1770597384e+00 -4.2678245067e+00 -6.6078594091e+00 -3.1368957439e+00 -3.7924248706e+00 -6.7146807453e+00 -1.9977937682e+00 -1.9792566714e+00 -6.1076245122e-01 -4.8723749068e+00 -4.9015298343e+00 -7.4751831157e+00 -3.7247696759e+00 -3.4868174536e+00 -2.0499210206e+00 -5.6876845889e+00 -2.9148763108e+00 -4.5275344816e+00 -2.1802332223e+00 -4.7669929321e+00 -3.9442242832e+00 -6.6739241624e+00 -9.6335646247e-02  1.1822976570e+00 -4.1921033686e+00  1.0083160812e-01  1.6895264324e+00 -2.5011556726e+00 -1.4823119748e+00  1.8032881630e+00 -3.2947781466e+00 -1.3767705379e+00 -1.9893924060e-01 -1.7510263938e+00  2.4926078236e-02 -7.9960957203e-01 -2.6210862841e+00 -2.0868265549e+00 -2.3440247594e+00 -2.2284446232e+00
ENERGY -7.002490799843e+02
GRADIENT -2.2732131162e-05 -2.7649717768e-04  1.3135703256e-04  9.8242847437e-04 -3.7143040268e-04 -3.6621682865e-04 -1.4894067650e-04  1.1401404451e-04 -3.7458277297e-04 -6.7989819741e-04  2.9225464944e-04  5.0196550529e-04  5.4740018268e-05 -5.1146488389e-05 -1.2854179311e-04  1.0630006696e-03 -6.3085458268e-04 -3.1395521257e-04 -1.8743014782e-05  6.8438335274e-08 -1.4797881985e-05 -5.0206626681e-05 -7.7307969592e-05  6.0180792928e-05  5.7900395233e-05  4.8568859846e-05  3.2859477651e-05 -1.3491189576e-03  8.5977255858e-04  3.3129090606e-04 -2.1139380988e-04  4.3308561459e-04  1.9731851368e-04 -2.8257634145e-07 -3.9817735395e-04  1.0242946684e-05  5.1492468374e-06  1.5539503447e-05 -6.7601208157e-05  2.0657302623e-04  1.0594098601e-05  3.9043859446e-05 -1.0607732962e-05 -3.0499429477e-05  3.9429311556e-06 -2.1592084524e-06  1.8037804272e-05 -1.5867952904e-05 -1.1241567746e-05  1.3851517948e-05 -2.8948233336e-05 -6.1216853112e-06 -5.3962615390e-07  8.6413849753e-07 -3.8746257167e-06 -7.8918718671e-06  2.8619999156e-06 -3.2495371977e-06 -3.3996082690e-07 -2.2667738410e-07  1.0310158880e-05 -1.6248381647e-05  1.1253099957e-05  3.1962305029e-06  2.9987190457e-06 -9.2507439955e-06  9.9882112595e-05  1.0717409598e-05 -1.2911901303e-05

JOB 23
COORDS -3.5780204851e+00 -2.9591807450e+00 -5.2045408337e+00 -3.2822018531e+00 -4.3839165529e+00 -3.2851058441e+00 -4.3497848746e+00 -3.9820429918e+00 -5.7601482775e+00 -3.0240689738e+00 -3.1603914249e+00 -3.9276619904e+00 -4.0672927238e+00 -5.3065346151e+00 -3.9616795094e+00 -1.8433129787e+00 -9.5592136157e-01 -3.6794114969e+00 -5.8507996738e-01  1.1799973087e+00 -3.1267089596e+00 -9.6541754338e-01 -2.2666531076e-01 -2.6675580314e+00 -4.6027529440e+00 -5.1521852679e+00 -5.1590626003e+00 -2.2337383194e+00 -2.2230448852e+00 -3.2557839349e+00 -4.3475198753e+00 -6.6158573321e+00 -3.2832621280e+00 -3.8542472331e+00 -6.7711914195e+00 -2.1574139829e+00 -2.1717579129e+00 -4.8106827536e-01 -4.7568562504e+00 -5.0368284179e+00 -7.4367528108e+00 -3.8752388063e+00 -3.4102078220e+00 -2.0358619361e+00 -5.7401541871e+00 -2.8939705861e+00 -4.6185643770e+00 -2.3004319202e+00 -4.7883182678e+00 -3.8484750445e+00 -6.7467827229e+00 -4.0199761613e-02  1.1476647634e+00 -4.0731532268e+00  4.7322124193e-02  1.6630228669e+00 -2.3761176828e+00 -1.4751507283e+00  1.7951561095e+00 -3.2799332025e+00 -1.4972132604e+00 -1.9023877166e-01 -1.7078804128e+00 -6.6273852308e-02 -8.3263192078e-01 -2.4947188006e+00 -1.9000993700e+00 -2.5110019791e+00 -2.3433957849e+00
ENERGY -7.002494230875e+02
GRADIENT  1.0122033271e-05 -2.2918997049e-04  1.2618286274e-04 -2.0317490532e-05 -3.1516874370e-05 -2.2809993695e-06 -8.8894779217e-05  1.1054181546e-06 -1.5758613976e-04  7.4643242798e-05  1.1564562859e-04  2.4491926736e-05 -5.6790355610e-05  8.0599343337e-05 -4.9765429397e-05 -2.0350918362e-05 -1.8293935180e-05 -2.9993057988e-05 -3.2964140716e-06 -3.5302126085e-06 -9.0070757073e-06 -1.4752970709e-05 -1.2124989837e-05  1.2620010815e-05  2.4543693883e-06  2.0750695952e-06  5.8627698510e-06 -8.2704077157e-07  4.4175493548e-05  1.1076850442e-04  1.7994124547e-04  3.0509932486e-05 -6.4154859254e-05 -9.1026919828e-05 -7.6636121229e-05  3.9621409508e-05 -1.3915729791e-05 -9.7567086002e-06 -2.8357383103e-05 -1.2946684554e-05  4.7020040229e-05  5.4306846031e-05 -1.4085616216e-05 -5.1325625217e-06  1.5464397362e-05 -2.7484043628e-06  2.3946368712e-05  2.6064982559e-06 -9.5259865726e-06 -1.5280687661e-05 -9.2903140649e-06 -4.4088103563e-06 -1.4584729988e-06 -4.7901707535e-06 -3.4610721252e-06 -1.9946990648e-06 -4.0199958566e-06 -3.8119803690e-06 -2.5783224093e-06 -4.8377981493e-06  1.6107795767e-06 -4.6083611354e-06 -3.2117969888e-06  2.9811358632e-06  3.0204283762e-07 -3.2684504779e-06  5.5554365556e-05 -8.4620051514e-06 -2.1326399692e-05

