JOB 0
COORDS  6.8964255911e+00 -4.9393091720e-01 -3.3403679411e+00  8.1516752877e+00 -3.5784239403e-01 -1.2811401841e+00  5.7130769938e+00 -4.2977598485e-01 -2.6129656820e+00  6.9712361426e+00 -2.9744319489e-01 -5.4238909975e-01  8.1266817076e+00 -4.6057460485e-01 -2.6753419552e+00  5.7328203072e+00 -3.3347456048e-01 -1.2080811449e+00  4.2427342037e+00  6.9577377316e-02  7.7144520573e-01  2.5306776425e+00  5.5373191349e-01  2.4414879654e+00  1.8369020628e+00 -3.4178894188e-01  2.2220650769e-01  9.4059137958e+00 -4.7421950259e-01 -3.4590536637e+00  4.4907256439e+00 -3.0601814305e-01 -5.5109235215e-01  2.9100472056e+00  3.4970222828e-02  1.1312413477e+00  5.1388165688e+00  3.8769634841e-01  1.5530555947e+00  9.2894386996e+00 -1.1721329130e+00 -4.6191268075e+00  9.8092306079e+00  7.8119172001e-01 -3.8088582243e+00  1.0431858853e+01 -1.0239726242e+00 -2.7617318679e+00  6.8614271684e+00 -5.7443307431e-01 -4.4222738843e+00  9.1031650670e+00 -3.3428811720e-01 -7.5879354147e-01  4.7608043394e+00 -4.5718159072e-01 -3.1393021975e+00  6.9965751535e+00 -2.1288096959e-01  5.3457291203e-01  1.9323936982e+00  1.4686411315e+00  2.3424094995e+00  3.4355552627e+00  7.7958639279e-01  3.0023143486e+00  1.9449839462e+00 -1.9287659200e-01  2.9899001472e+00  2.0347184639e+00 -1.3071029518e+00 -2.5737802416e-01  1.6480522009e+00  4.1656747293e-01 -5.5240464761e-01  9.1637210666e-01 -4.5605388807e-01  7.9726119034e-01  3.6966261538e+00 -3.9080345879e-01 -1.1688094962e+00
ENERGY -8.721552642481e+02
GRADIENT -1.3528973957e-05 -4.6837956311e-06 -1.0872215497e-07 -8.3842767373e-06  7.6849751811e-06 -9.6840628529e-06  3.2546818339e-05  5.6623712579e-04 -3.5473093001e-05 -9.0525918585e-06 -6.0822397977e-06 -2.3619418971e-05  1.4855640930e-05 -5.8615980950e-07 -2.3127208861e-06 -8.4017356889e-05 -4.6406811574e-04 -3.4022871020e-05 -7.8257980485e-05  6.0411973876e-04 -2.0522351151e-04 -4.2310893285e-06 -2.2415236654e-05  5.3675833003e-06  9.7356276158e-06 -5.1458494700e-05  2.3664066475e-05 -2.8876956790e-06 -6.7574271514e-06  1.3369111316e-06  9.5103644060e-05 -6.7278389807e-04  3.3585947201e-04 -1.4279915388e-05  9.5132875189e-05 -2.6638037869e-05  1.1575327104e-05 -2.6716262040e-05  1.3797942897e-06  7.4498929877e-07  5.5689854025e-06 -2.3078165578e-06  2.7332157533e-06 -2.8588771881e-06  4.8439813574e-06  3.1156385101e-07 -1.1957926468e-06 -1.2806240986e-06  3.8587761463e-06 -3.2479170255e-07  1.6509806560e-06 -2.3781794194e-06 -1.6660002766e-06 -5.0486656577e-07  1.2737903209e-06  9.7426626263e-07  5.4089056613e-06 -5.6896524745e-06 -1.2091691236e-06  7.0257243941e-07  1.0092873169e-05  8.5945726752e-06  1.4003382602e-06 -4.4435495591e-06 -1.3910445183e-05  4.1236310541e-06 -1.6417589130e-05  6.0749461187e-06 -6.6838053742e-06  4.2779600387e-07  3.7000548647e-06 -6.6396584339e-06 -7.3431469022e-06  3.9088053080e-06  4.7405439847e-06 -9.0077035868e-07 -1.1266783282e-05  1.8663890711e-07  2.2079388015e-05 -2.8729755943e-05 -2.4290656050e-05

JOB 1
COORDS  6.8667870117e+00 -3.0364201660e-01 -3.3661376598e+00  8.1105080106e+00 -4.4387954146e-01 -1.2979356323e+00  5.6791039521e+00 -2.8560038826e-01 -2.6407187984e+00  6.9259463915e+00 -4.3599632290e-01 -5.6495716527e-01  8.0910514741e+00 -3.8414521619e-01 -2.6956667706e+00  5.6933306006e+00 -3.5795508756e-01 -1.2363484044e+00  4.2145682446e+00  1.2013367787e-01  7.1699671309e-01  2.5070866037e+00  7.1699873455e-01  2.3548421903e+00  1.8297981950e+00 -5.0189842837e-01  2.9108170417e-01  9.3768692653e+00 -3.4604617614e-01 -3.4683807576e+00  4.4545947507e+00 -3.8748851414e-01 -5.6783266017e-01  2.8930708158e+00  6.4062395166e-02  1.1086099185e+00  5.1118328599e+00  5.5430917151e-01  1.4372790333e+00  9.2425905592e+00 -8.6966551586e-01 -4.7146684819e+00  9.8391006598e+00  9.2598785601e-01 -3.6363629955e+00  1.0369664633e+01 -1.0339288619e+00 -2.8495605282e+00  6.8389824382e+00 -2.5495763735e-01 -4.4500751664e+00  9.0586568998e+00 -5.0940942383e-01 -7.7311856924e-01  4.7302239308e+00 -2.1697754042e-01 -3.1691442983e+00  6.9469746948e+00 -4.7543297953e-01  5.1528328853e-01  1.8182474041e+00  1.5490204719e+00  2.1608324028e+00  3.4028303379e+00  1.1001602001e+00  2.8400138365e+00  2.0151382058e+00  1.5282367171e-03  3.0241937961e+00  2.1216253720e+00 -1.4704314325e+00 -1.2730371930e-01  1.5162713637e+00  1.6683351108e-01 -5.2519084195e-01  9.5709259961e-01 -6.7571976407e-01  9.2389820483e-01  3.6590815484e+00 -4.4423503199e-01 -1.1885171907e+00
ENERGY -8.721547169753e+02
GRADIENT  2.7904030133e-06  1.2303760081e-05 -5.1109533094e-05  5.8381146699e-05 -2.7116792225e-05  1.5285780585e-05 -2.9999666324e-05  1.2023758091e-03  4.2884066875e-05 -2.4778198437e-05 -2.9522181787e-06  4.2633960011e-05 -6.6702828602e-05 -4.9179012073e-06  6.5522716185e-05 -1.0929972682e-04 -1.0807730543e-03 -4.0941679760e-04 -3.2901330096e-04  1.2443301208e-03 -4.7130744282e-04  3.4967791887e-05  1.3332026604e-05 -1.6201454818e-05 -3.0660765964e-06 -3.3218600008e-05  7.8566069104e-06  6.6568237783e-06 -5.4923941086e-06  1.1922451895e-05  5.7224077751e-04 -1.3733992179e-03  7.8395242915e-04 -1.7023494541e-05 -3.0252959655e-06 -3.3411135252e-05 -8.7887638066e-06 -2.6971785214e-05  1.5354925512e-05 -4.1525083169e-06 -1.4388666024e-05  9.6620924576e-06 -6.6383637773e-06 -4.9608537670e-06 -9.0978858001e-07 -6.5743572820e-06  4.2069832880e-06  1.4554482027e-05 -3.9810042690e-06 -1.3524099416e-06 -5.7472967248e-06  3.3673703001e-06 -4.7364733117e-06  1.7451880265e-05  3.2482791696e-06 -4.0666056633e-06 -9.2590004162e-06  1.3721454397e-05 -4.4668737279e-06  1.0851019665e-05  4.7621072493e-06 -1.2415821088e-07 -4.7305139160e-06  8.1302683540e-06  1.0361211866e-06  4.0813636228e-06  8.8542654192e-07  5.2639577492e-07 -6.1182078929e-07  6.5806684409e-06  1.4345349089e-05 -1.3746917426e-05 -1.0931271436e-05  1.1242941675e-05  7.2762031033e-06  1.9031590125e-06 -1.4685196218e-05  1.0615362604e-06 -2.4570316118e-05  4.8847853077e-05  2.2864510257e-05

JOB 2
COORDS  6.8755019219e+00 -2.0721989225e-01 -3.3357782355e+00  8.1056409898e+00 -5.8129891834e-01 -1.2860773737e+00  5.6827350324e+00 -2.3788817066e-01 -2.6162710486e+00  6.9153587345e+00 -6.2948209288e-01 -5.6517187884e-01  8.0929497854e+00 -3.7915971267e-01 -2.6712135385e+00  5.6900857878e+00 -4.6194921090e-01 -1.2303094100e+00  4.2207876248e+00  1.2130258753e-01  6.7572314022e-01  2.5244207383e+00  8.6235056461e-01  2.2654203792e+00  1.8470824758e+00 -5.8943581377e-01  3.5684462021e-01  9.3842144273e+00 -2.8669287947e-01 -3.4315972569e+00  4.4565956536e+00 -5.3532023696e-01 -5.4622062698e-01  2.9073596638e+00  8.4804313197e-02  1.0920057625e+00  5.1215382624e+00  6.4937777222e-01  1.3237393241e+00  9.2485664651e+00 -6.8440796139e-01 -4.7232466845e+00  9.8664751712e+00  9.8782432105e-01 -3.4720597602e+00  1.0362231622e+01 -1.0478226474e+00 -2.8786064505e+00  6.8566309039e+00 -4.4666147787e-02 -4.4087574337e+00  9.0498479125e+00 -7.1667567728e-01 -7.6778727501e-01  4.7382214146e+00 -8.9104484876e-02 -3.1355201642e+00  6.9271525234e+00 -7.8345482483e-01  5.0594894492e-01  1.8174420496e+00  1.6561937107e+00  1.9926543112e+00  3.4188315603e+00  1.3116906677e+00  2.6929827584e+00  2.0545133086e+00  2.1516356400e-01  3.0152933247e+00  2.1585207460e+00 -1.5891807622e+00  3.8703418394e-02  1.5067040288e+00 -1.9019441604e-02 -5.2106227179e-01  9.8719125602e-01 -7.1387871224e-01  1.0182787379e+00  3.6609082727e+00 -6.1784193988e-01 -1.1652606448e+00
ENERGY -8.721536684563e+02
GRADIENT  1.2272802787e-08  1.0442604183e-05 -3.8958053202e-05  3.3199207154e-05 -3.4202585821e-06  1.3345063717e-05  8.7498991889e-05  2.1577241511e-03  3.6877072476e-04  4.0357426298e-06 -8.3549146539e-06 -8.5277148387e-06 -3.0868664476e-05 -4.2106248383e-06  2.4816135633e-05 -5.1587744775e-04 -2.2224282876e-03 -1.1532839826e-03 -6.9641997737e-04  1.9037524489e-03 -1.2158978343e-03  8.0267583913e-07 -1.8017340213e-05  1.4225732038e-05  5.2194713730e-06  2.5892819405e-05 -1.3940432416e-05  4.3435377994e-06 -4.6313019912e-06  1.4073160338e-06  1.0473158767e-03 -1.6650977519e-03  2.0225124542e-03  8.8683842831e-06 -6.4684974610e-05  3.5819530259e-05  1.1062303065e-05 -2.3954500533e-05  1.7723913221e-05  1.2273562130e-06 -3.7350997029e-06  5.3428922773e-06 -1.5383479557e-08 -5.2510958014e-06  1.9081060620e-06 -4.5608738367e-06 -3.1759760618e-07  2.1141234841e-06  2.3185105870e-06 -1.6216354988e-06 -4.7534023847e-06  3.7517806423e-06 -5.6813369749e-06  3.6014387995e-06  6.1254352649e-06  1.4347004977e-06  1.5050972498e-06 -4.4464198158e-07 -2.2557792331e-06 -3.1588176496e-06  7.2646426807e-06  6.9573649225e-06 -3.7746949490e-06  1.3979736865e-07 -3.7479902764e-06  6.4175731365e-07 -6.8165549850e-06  2.1397802137e-06 -6.5137414398e-06 -1.1057433897e-05 -1.7694215759e-05  1.4165202288e-05  1.9221082703e-05 -9.8233904477e-06 -1.5907288882e-05 -6.4163632933e-06  2.3079018630e-05 -1.4643772076e-05  5.9115919155e-05 -9.4960826167e-05 -6.7868053013e-05

JOB 3
COORDS  6.8746427554e+00 -7.8184171341e-02 -3.3124011801e+00  8.0855538595e+00 -7.2436150224e-01 -1.3177665774e+00  5.6761065401e+00 -1.4703913209e-01 -2.6022080587e+00  6.8888359334e+00 -8.1426947888e-01 -6.1262256658e-01  8.0821692011e+00 -3.6767773596e-01 -2.6719751830e+00  5.6742015664e+00 -5.3636591717e-01 -1.2558757024e+00  4.2133938262e+00  1.4986692169e-01  5.9436201771e-01  2.5248427570e+00  1.0024204938e+00  2.1357620127e+00  1.8736190937e+00 -7.0943048743e-01  4.4663079090e-01  9.3800737601e+00 -2.3766438700e-01 -3.4173523253e+00  4.4469322307e+00 -6.3852462183e-01 -5.5276124412e-01  2.9145218416e+00  1.0954359724e-01  1.0505417917e+00  5.1099748930e+00  7.8134395365e-01  1.1473663816e+00  9.2315173664e+00 -4.5918227137e-01 -4.7487580801e+00  9.9202296535e+00  1.0069347335e+00 -3.2928850371e+00  1.0319068464e+01 -1.1089195135e+00 -2.9685565126e+00  6.8678927959e+00  2.0832867682e-01 -4.3591852171e+00  9.0231977809e+00 -9.4679874697e-01 -8.1806273604e-01  4.7393209862e+00  9.9247474440e-02 -3.0972829137e+00  6.8859038166e+00 -1.0907775744e+00  4.3511050706e-01  1.7587995065e+00  1.7123132438e+00  1.7987224979e+00  3.4034042198e+00  1.5533905373e+00  2.4666048543e+00  2.1240021334e+00  4.2745916328e-01  2.9790634807e+00  2.2509354606e+00 -1.7055136475e+00  1.9854615205e-01  1.4398144208e+00 -2.5131430133e-01 -4.5563639917e-01  1.0647791243e+00 -8.3796148990e-01  1.1695507409e+00  3.6491659727e+00 -7.5280467603e-01 -1.1658366592e+00
ENERGY -8.721520559114e+02
GRADIENT  1.0561352158e-04 -1.7515569330e-04  6.9379136885e-04  1.2361437713e-06 -4.5186889320e-05  1.1552792401e-04 -4.0121049235e-04  3.1822396668e-03  6.3571107377e-04  4.3912390582e-05  3.1818547997e-05 -1.1166056916e-04  2.2264139497e-04  5.0789452483e-05 -2.4198247487e-04 -8.0820740074e-04 -3.4595444434e-03 -2.2700820929e-03 -1.0681587593e-03  2.2018625909e-03 -1.8016634206e-03  4.3400131861e-05 -3.9595085117e-07  9.4926326795e-06  6.6493984502e-06 -4.8585533997e-05 -1.2205763751e-05  5.3376063288e-05  2.2175984289e-05  6.8529077721e-05  1.6261788419e-03 -1.6368696945e-03  3.1615729430e-03 -8.2453384144e-06 -7.6635359278e-05 -1.1340756123e-04  1.4115569133e-04  1.1578130676e-04  4.7116595639e-05  1.0148186740e-05 -7.0930419113e-06 -9.1616179710e-06 -2.6939804619e-06 -1.0556241352e-05 -2.9983298789e-05  6.2133124084e-05 -8.7745698024e-06 -7.9739397335e-06 -2.8429254985e-05 -1.7168575657e-05  7.2609578309e-05  1.4206222450e-05  1.2183684071e-05 -3.3248124043e-05 -7.1545677927e-05  2.6383828553e-05 -3.8367960459e-06  1.6073559072e-05  1.7443875830e-05  4.2455956572e-06  7.8866757735e-06  1.0613068865e-05 -3.2183027893e-06 -2.3923240539e-07 -1.0851706819e-05  1.0303713872e-05 -1.0922002094e-05 -6.8178207193e-06 -1.4403408663e-05  2.1947073070e-05 -1.4722298371e-06 -5.0692400928e-06  9.8048379726e-06 -1.5834502404e-05 -9.6576731135e-06 -7.1631129096e-07  1.3798087275e-05 -9.3106294256e-06  4.0377499513e-05 -1.1462394501e-04 -5.4811503000e-05

JOB 4
COORDS  6.8661358330e+00  8.9270593536e-02 -3.0828311745e+00  8.0027640649e+00 -7.7858242231e-01 -1.1260845125e+00  5.6456056722e+00 -2.4669009341e-02 -2.4143215740e+00  6.7826905680e+00 -9.1210268017e-01 -4.6995031422e-01  8.0454801902e+00 -2.8892340286e-01 -2.4380921414e+00  5.5952812834e+00 -5.4834680725e-01 -1.1176840235e+00  4.0415304613e+00  2.3670747094e-01  5.9113587426e-01  2.2734841053e+00  1.1839897375e+00  1.9800387368e+00  1.7596100575e+00 -7.7419587307e-01  5.2842309740e-01  9.3758625378e+00 -1.3075231289e-01 -3.1200899714e+00  4.3499131153e+00 -6.8309692537e-01 -4.3717445612e-01  2.7369983625e+00  1.8133423620e-01  1.0283446263e+00  4.8897414482e+00  9.8479951356e-01  1.0692879822e+00  9.2545244425e+00  1.7213762678e-02 -4.4625905728e+00  1.0054979105e+01  9.5857255951e-01 -2.6668523263e+00  1.0186537190e+01 -1.2004373577e+00 -2.9072212205e+00  6.8986745563e+00  4.8088907486e-01 -4.0941643160e+00  8.9214589782e+00 -1.0669495067e+00 -6.2414871899e-01  4.7285466938e+00  2.9373299736e-01 -2.9044496454e+00  6.7374753144e+00 -1.2923547041e+00  5.4489016488e-01  1.4640015563e+00  1.7850214545e+00  1.5465366791e+00  3.1077446106e+00  1.8354097625e+00  2.2344611011e+00  1.9029887505e+00  7.0373807223e-01  2.8937441248e+00  2.2100926590e+00 -1.7611278059e+00  3.9317154703e-01  1.2967479210e+00 -4.5492220072e-01 -4.1818355832e-01  9.6001187861e-01 -8.7779481231e-01  1.2659704892e+00  3.5810913786e+00 -8.8412458946e-01 -1.0662128341e+00
ENERGY -8.721500060857e+02
GRADIENT  9.3872339757e-06  4.6864958973e-05 -1.1743657316e-04 -1.5362728561e-04  5.0364367293e-05 -4.9414680261e-05  5.5880045382e-04  3.1879774420e-03  1.4703937957e-03  2.5603074131e-05 -2.7078358162e-05  4.7643137120e-05  5.9710714784e-05  1.7011289353e-05 -4.7924672392e-05 -1.3774185618e-03 -3.9242409012e-03 -3.0674391445e-03 -1.4862685596e-03  2.1939388760e-03 -2.2757991455e-03  1.0928230226e-04 -2.6257088662e-06 -6.2805910418e-06 -2.6511834938e-05 -4.2192909722e-05  5.6442360696e-06 -1.9190072070e-05  1.5519014823e-05 -1.8413606090e-05  2.2022462869e-03 -1.4264022015e-03  4.1788449935e-03 -4.0538340112e-05 -6.7347640524e-05 -6.9730753048e-05  4.7701151512e-07  3.5574840171e-05  4.4337368138e-05  2.0136138272e-05  2.1388725226e-06 -1.0369153313e-05  9.6084140127e-06 -2.4162836174e-06  3.0253777922e-06  6.6635296470e-06 -2.2362150079e-06  6.3054022375e-09  1.9499189910e-05  8.3156912610e-08 -6.4492764747e-06 -1.2001328173e-05  9.0506380364e-06 -1.0528540892e-05  2.7820199685e-05 -4.5864231930e-07  2.0310271785e-05 -2.3348662362e-05  1.0770880116e-05  1.1818676890e-06  9.8897637150e-06  4.7777065222e-06 -6.5949883449e-06  1.5812449606e-05  1.8762483404e-05  1.0652341069e-06  3.8222469948e-06  8.4508150637e-07 -5.1745250035e-06 -8.5206447841e-06 -2.6084265496e-07  8.1400750557e-06  7.7802904997e-06 -1.5802115335e-06 -1.9218220641e-06 -7.6584680569e-06  6.6955519755e-06 -9.1227020966e-06  5.9041375385e-05 -1.2285875310e-05 -4.0228845923e-05

JOB 5
COORDS  6.8902622401e+00 -5.1197702767e-01 -3.4365483745e+00  7.6248708210e+00  1.4169999017e-01 -1.2199393611e+00  5.5779427408e+00 -6.0230936194e-01 -2.9765794656e+00  6.3065274883e+00  6.7905315583e-02 -7.6792899919e-01  7.9154011545e+00 -1.4814740865e-01 -2.5558350769e+00  5.2801683340e+00 -3.0182307650e-01 -1.6435636369e+00  3.0773878534e+00  6.6307450814e-01 -1.2850924271e+00  9.7325221524e-01  1.6679477956e+00 -5.6134615138e-01  1.4664211811e+00 -6.9437505252e-01  5.2013177754e-02  9.3247818969e+00 -2.2864722150e-02 -3.0665107948e+00  3.9348967925e+00 -4.5393525387e-01 -1.1753983425e+00  1.8700717027e+00  5.2139126113e-01 -6.3800913993e-01  3.3881919897e+00  1.6538254373e+00 -1.9414763229e+00  9.6015048965e+00 -9.3823206986e-01 -4.0300271799e+00  9.5594672555e+00  1.1993374686e+00 -3.6173576512e+00  1.0244321477e+01 -1.8667092803e-01 -2.0826197935e+00  7.1204833980e+00 -7.4490248118e-01 -4.4715051521e+00  8.4205129890e+00  4.2289118041e-01 -5.3756351351e-01  4.7740508674e+00 -8.9861600106e-01 -3.6428399315e+00  6.0720372213e+00  3.0779346309e-01  2.6614416396e-01  5.7057557506e-03  1.4304302181e+00 -1.0200782625e+00  1.4251988431e+00  2.5006472711e+00 -1.0976025765e+00  8.0360617604e-01  1.9588641795e+00  4.8330469378e-01  1.8550222211e+00 -7.4980273957e-01  1.0807271961e+00  1.7872035635e+00 -1.5810792317e+00 -5.0072241715e-01  3.7528072355e-01 -7.2076671291e-01  1.1095574311e-01  3.8810308232e+00 -9.4399682355e-01 -2.8940373153e-01
ENERGY -8.721482668788e+02
GRADIENT -6.1695850948e-05  8.6876116113e-05  3.5361995681e-04  4.4425528179e-05 -8.5135538807e-06  5.2056109796e-05  2.2404369270e-04 -2.7156174659e-03  4.4741862829e-04 -1.3996421132e-05  1.1095452664e-05 -4.4142049347e-05  1.1245000756e-04  1.3289701585e-05 -4.0539832116e-05 -2.5296569309e-04  4.2465317560e-03  9.1424818842e-05  5.6160451266e-04  6.9441294041e-04  2.0694208675e-03 -6.5871074724e-05 -9.5780562007e-07  5.6435452776e-05  1.2745903780e-05 -1.9439432066e-06  1.6002150598e-05  2.0019561064e-05  2.2900436723e-05  3.3186291191e-05 -8.2230661043e-04 -2.4707179281e-03 -3.2295770634e-03  7.4102584021e-05  1.0623399042e-04  1.3923764486e-05  1.1137090423e-04  4.6402758970e-05  1.8155475016e-04  1.5105792054e-06 -2.0984357945e-05  3.0407696459e-06 -1.5841945128e-10  3.2714059694e-06 -4.2480621853e-07  9.0138184038e-06  1.4472235528e-05 -8.6633386034e-06 -2.3565010818e-05  1.8722634460e-05  3.1042800696e-05  6.2454139766e-06  5.5224247968e-07 -3.5542811226e-06 -3.2739167409e-05 -6.4109942266e-06 -1.9223357995e-05  2.1942280574e-05 -3.7283026873e-06  1.0073632986e-05  3.8745770981e-06  3.7154335678e-08  1.2978932788e-06 -8.7893669045e-06 -6.8084146625e-06  6.7912962640e-06 -1.5678153547e-05  1.6573718436e-05  2.2649586849e-06  1.4375349434e-06 -1.0139293272e-05 -1.2931143438e-05  8.2607035508e-06  1.8552118915e-05 -1.7334849906e-05  4.1089861412e-06  3.2963190402e-05  1.4773610596e-06  1.0268017559e-04  5.8367321450e-06  3.1094856918e-05

JOB 6
COORDS  6.8699400388e+00 -3.4958856106e-01 -3.4553481388e+00  7.6697387651e+00 -3.0984837380e-02 -1.1903806769e+00  5.5613809083e+00 -4.2537018945e-01 -2.9869294057e+00  6.3547363014e+00 -8.5157089044e-02 -7.2524068749e-01  7.9278559120e+00 -1.6091179819e-01 -2.5568902823e+00  5.2951608604e+00 -2.7629591670e-01 -1.6196334539e+00  3.0375091171e+00  6.1448201518e-01 -1.3725477213e+00  8.9627119131e-01  1.5902064290e+00 -7.2564776748e-01  1.5450412355e+00 -6.3044842830e-01  1.9469046788e-01  9.3347278739e+00 -5.0392996533e-02 -3.0746036098e+00  3.9630890729e+00 -4.2777950058e-01 -1.1363589761e+00  1.8570024649e+00  4.9464930144e-01 -6.7415692976e-01  3.2709828297e+00  1.5202903096e+00 -2.1683593530e+00  9.5463297909e+00 -8.4620644857e-01 -4.1539497439e+00  9.6357498346e+00  1.2182483496e+00 -3.4677443588e+00  1.0255629016e+01 -3.9248671791e-01 -2.1382478111e+00  7.0724066569e+00 -4.6225975842e-01 -4.5158998003e+00  8.4878745911e+00  1.1192415290e-01 -4.9184280593e-01  4.7361274665e+00 -5.8621119434e-01 -3.6722098001e+00  6.1517172014e+00  2.9639722363e-02  3.3704254170e-01 -6.7334846901e-02  1.2377743723e+00 -1.1129850746e+00  1.2835821983e+00  2.3633089430e+00 -1.3869661806e+00  7.3851125071e-01  2.0143440646e+00  2.7417684327e-01  1.9706338963e+00 -5.2041615726e-01  1.2041205037e+00  1.8924382735e+00 -1.5705721366e+00 -2.4175989947e-01  4.5978487697e-01 -7.0202062298e-01  3.0171105502e-01  3.9318291534e+00 -8.1151746744e-01 -1.9878494846e-01
ENERGY -8.721502472671e+02
GRADIENT -4.3951175420e-05  2.1692131056e-05  8.4141292650e-05 -1.1907249637e-05  2.7479746458e-05 -2.3057900667e-05  6.7091588765e-04 -3.7088079973e-03  5.1073440795e-04  3.2241724350e-05 -7.6815724961e-05 -6.2466073625e-05  1.2807270793e-04  1.0871035705e-05 -1.6740469395e-05 -6.0839514198e-04  6.3412756310e-03  7.6962276952e-04  8.9305684185e-04  1.2896384607e-03  2.9435111923e-03  1.9726697140e-05  2.3482559170e-05  4.2050899050e-05  4.3996658834e-05  6.5127990220e-05  5.0119590344e-05 -1.2500139741e-05 -9.2273716249e-06  8.3854938364e-06 -1.1796581316e-03 -4.0535461654e-03 -4.3735160736e-03  1.9889392521e-05 -4.0624290718e-05  1.1030952681e-04  9.9990857213e-05  1.7253784161e-04 -2.0205397581e-05  1.4288383769e-05  1.1021930550e-05  7.7144706928e-06  6.5389147818e-06  1.7867530845e-05 -5.9829308156e-07  2.5878611468e-05 -1.2192106047e-05  2.0394646306e-06  1.1387807693e-05 -3.6188179521e-06  1.7279442963e-05  2.3817364435e-06 -8.4558925591e-06 -9.0932761090e-06 -1.1911988140e-05  2.4841607162e-05  2.0562510497e-05 -1.2166061365e-05  9.2723718261e-06 -1.1062520576e-05  5.0846037112e-06 -3.7075249680e-06 -2.5395114078e-06 -5.5601550230e-06 -2.8863515800e-06  4.8732665123e-06 -1.0721213078e-05 -3.6869742667e-07  7.7310260151e-06 -2.2247356679e-05 -8.9579599914e-06  7.8788928684e-06 -5.2843974932e-06 -9.9053268751e-06 -4.1482421994e-06 -4.8840221141e-06 -2.1015125716e-05 -2.0389019257e-05 -8.5377923000e-05  4.5305585467e-06  3.9236239546e-05

JOB 7
COORDS  6.8599611417e+00 -2.0179985504e-01 -3.4307973794e+00  7.7055881415e+00 -1.7894630911e-01 -1.1619040750e+00  5.5541719301e+00 -2.4399139655e-01 -2.9521092310e+00  6.3963176807e+00 -2.0103667597e-01 -6.8082796257e-01  7.9399073784e+00 -1.7703607010e-01 -2.5387749819e+00  5.3132528664e+00 -2.2846371350e-01 -1.5697303589e+00  3.0051806887e+00  5.9564911905e-01 -1.4072344799e+00  8.1088904329e-01  1.5037651173e+00 -8.4646588288e-01  1.6013632529e+00 -5.5486640018e-01  3.0927369816e-01  9.3436423738e+00 -9.8316747349e-02 -3.0673928059e+00  3.9947610783e+00 -3.5112680981e-01 -1.0637988292e+00  1.8383903943e+00  4.8155512350e-01 -6.8489072427e-01  3.1739978833e+00  1.4206894348e+00 -2.3013244460e+00  9.4938560810e+00 -7.8823428270e-01 -4.2271221063e+00  9.7199858117e+00  1.1838832830e+00 -3.3333007929e+00  1.0252848731e+01 -5.9071442182e-01 -2.1878112486e+00  7.0410909727e+00 -2.1167533505e-01 -4.5011885686e+00  8.5384425283e+00 -1.6264997530e-01 -4.6635808082e-01  4.7161580940e+00 -2.7195123065e-01 -3.6383845152e+00  6.2164549323e+00 -1.9145730754e-01  3.9204904619e-01 -1.3122419590e-01  1.0512193023e+00 -1.1785016005e+00  1.1448067260e+00  2.2193843721e+00 -1.5956467548e+00  6.3393673133e-01  2.0278506461e+00  1.0127893732e-01  2.0386046922e+00 -3.1274583484e-01  1.2901865601e+00  1.9875033287e+00 -1.5201656355e+00 -2.9247247658e-02  5.2353048561e-01 -6.6732069318e-01  4.4898777701e-01  3.9705773243e+00 -6.6398160219e-01 -1.0094101018e-01
ENERGY -8.721523654302e+02
GRADIENT  3.6901839634e-05  1.9082547234e-05 -1.9247413684e-04 -3.7958084826e-05  1.3302180655e-05 -1.9046048106e-05  5.2823403326e-04 -3.1653484797e-03  2.5477158401e-04  5.1529927748e-05  5.0621849339e-06  1.7277175399e-06 -5.4871940681e-05  3.5300072498e-06  1.7980406517e-05 -2.2560468343e-04  5.6552595105e-03  1.0946999069e-03  6.9914545421e-04  1.4841595050e-03  2.3326336920e-03  2.3425843378e-05  3.0215861209e-05  5.6114151643e-05  2.5581346289e-05  3.0327537833e-05  1.4622414930e-05 -2.0347667936e-05  6.3367267378e-06 -2.3172994876e-05 -9.9321762803e-04 -4.1830057793e-03 -3.6548785002e-03  2.4796587027e-05  1.7089182434e-05  5.8051953622e-05  5.1949841932e-05  1.0792623227e-04  3.5153178565e-05  1.0618928060e-05  7.4470467999e-06  5.3923023436e-06  5.9069832523e-06  9.0163113461e-06  1.4348484113e-06 -9.5716471331e-06  1.1006079504e-05 -1.5788187770e-05  1.3362116627e-05 -6.4011011164e-07 -1.8745565509e-05 -2.5667883364e-06  1.1134318726e-06 -1.8684110676e-06  4.1925485816e-06  1.9726074232e-05  1.3331805001e-05 -1.6259746627e-05  1.2358740918e-05 -6.8904148791e-06  1.4067751704e-06 -2.7546121937e-06 -3.6400830090e-06 -4.5508814571e-06 -9.6386422404e-07 -3.4437064412e-08 -1.5409507889e-05  1.4253116813e-07  4.9270807390e-06 -2.6048919929e-05  4.6534792130e-06  7.5310568031e-06  2.2044145320e-05  1.0335440891e-05  4.8043566143e-06 -8.8535716905e-06 -2.0266019766e-05 -2.8856695034e-05 -1.2042699355e-04  1.2431385169e-05  3.5602211745e-05

JOB 8
COORDS  6.8518053494e+00  3.1301031221e-03 -3.3833056381e+00  7.6974950778e+00 -2.5723169084e-01 -1.1318705656e+00  5.5435509349e+00 -5.4384419891e-03 -2.9080438896e+00  6.3902870314e+00 -2.5172508556e-01 -6.4923858280e-01  7.9329015353e+00 -1.2783843149e-01 -2.5029879532e+00  5.3034002891e+00 -1.2131330336e-01 -1.5283461457e+00  2.9403223108e+00  6.1978940649e-01 -1.4232538213e+00  6.8677878018e-01  1.4124090954e+00 -9.2556059850e-01  1.6471948336e+00 -4.4408171883e-01  4.3125877585e-01  9.3380016962e+00 -7.5849617046e-02 -3.0287269485e+00  3.9961773094e+00 -2.1022386604e-01 -1.0031097892e+00  1.7914306929e+00  4.9383455407e-01 -6.7286166851e-01  3.0353681728e+00  1.3656049985e+00 -2.3954371255e+00  9.4474578787e+00 -6.4313911407e-01 -4.2574830811e+00  9.7918736605e+00  1.2033132495e+00 -3.1566042639e+00  1.0216280589e+01 -7.1396044892e-01 -2.2131890059e+00  7.0310819443e+00  9.3569167100e-02 -4.4503023950e+00  8.5286309570e+00 -3.6239612616e-01 -4.4199604177e-01  4.7098055093e+00  9.4603618175e-02 -3.5904701361e+00  6.2132219942e+00 -3.4629409027e-01  4.2023983960e-01 -2.2362789828e-01  8.5596021786e-01 -1.1780829263e+00  9.5312231158e-01  2.0567017412e+00 -1.7614144293e+00  4.8727464843e-01  2.0315914247e+00 -4.1867198340e-02  2.1364353799e+00 -9.5764452593e-02  1.3538550253e+00  2.0380832041e+00 -1.4312342550e+00  1.6647067558e-01  5.8438654442e-01 -5.6505805816e-01  6.5116114634e-01  3.9751097518e+00 -4.9414082584e-01 -3.2378795433e-02
ENERGY -8.721539265383e+02
GRADIENT  4.8104554156e-06  8.9948131413e-06 -4.8658329124e-05  6.0791795781e-05 -8.3783124516e-06  3.0226066457e-05  5.6724813679e-05 -2.0255839975e-03 -1.8556428667e-04 -2.7043344505e-05 -2.0626186476e-05 -1.1222989361e-07 -6.5700393227e-05 -6.7047604738e-06  3.9470362979e-05  2.4263379870e-04  3.8741847749e-03  1.1102961974e-03  4.1907393309e-04  1.3956483224e-03  1.3962499491e-03 -4.4766832284e-06 -7.7248951900e-06 -2.1155731212e-05 -2.0409359887e-06 -3.3198516403e-05 -6.6915366254e-06 -2.6298996148e-06 -1.3816149447e-06  7.9335288030e-06 -8.3462921240e-04 -3.2906881302e-03 -2.4373440055e-03  2.8431253543e-05  3.1033787496e-05  2.9527461129e-05  4.9815520954e-06  3.1348274433e-05  2.4194533778e-05 -1.0097205865e-05 -5.3320246721e-06  5.7240390435e-07 -7.2452371203e-06  3.8792291149e-06 -2.1204209091e-06 -1.1309566358e-05  2.5759546520e-06  5.2841800557e-06 -4.9011463064e-06  1.5818378604e-07 -7.7493555821e-06  1.7601878619e-06 -3.5135278272e-06  1.1252173178e-05  8.3463921496e-06  1.2691168467e-06 -2.0972696634e-06  1.2258819711e-05 -6.0531270356e-06  3.3794202744e-06  4.8845591649e-06 -1.1475347183e-06  6.6035031973e-06 -1.8262775327e-07 -2.5986245149e-06 -3.2681463243e-06  4.3303419954e-06  6.7951182548e-06 -3.6007143767e-06  1.0657693017e-05 -8.9950189171e-06  3.5028303818e-06 -1.8461797443e-06  1.8670268429e-06 -6.4596622895e-06  8.1062901110e-06  1.7449013220e-05  8.3946796884e-06  1.2472078867e-04  5.2534604624e-05  5.6310310547e-05

JOB 9
COORDS  6.8775492230e+00  1.3298010043e-01 -3.3664318769e+00  7.7050365062e+00 -3.7407588806e-01 -1.1530857372e+00  5.5701788940e+00  1.7415594490e-01 -2.8880476349e+00  6.4023424720e+00 -3.2640862405e-01 -6.6501395243e-01  7.9491148148e+00 -1.4426759401e-01 -2.5100555037e+00  5.3220333522e+00 -5.0052614011e-02 -1.5219682822e+00  2.9168411398e+00  6.2337457008e-01 -1.4486448609e+00  6.1455470823e-01  1.2971428035e+00 -9.9662900610e-01  1.7171456511e+00 -3.4557222405e-01  5.1931298197e-01  9.3534808590e+00 -1.3975028514e-01 -3.0384936826e+00  4.0269015589e+00 -8.6540775772e-02 -9.7242092051e-01  1.7847978666e+00  4.8852247426e-01 -6.7212154568e-01  2.9484395632e+00  1.2899329944e+00 -2.4819932103e+00  9.4262982336e+00 -6.1911427189e-01 -4.3067324520e+00  9.8863675538e+00  1.1150757471e+00 -3.0740283680e+00  1.0191827468e+01 -8.8966919494e-01 -2.2777011115e+00  7.0608559559e+00  3.0489856327e-01 -4.4227889534e+00  8.5270528824e+00 -5.9254465985e-01 -4.7905148127e-01  4.7465950109e+00  3.9289947068e-01 -3.5533098719e+00  6.2210593437e+00 -5.0499474883e-01  3.9311305181e-01 -2.5612367887e-01  6.5542169854e-01 -1.1761845196e+00  8.2559744921e-01  1.8701896298e+00 -1.8975336712e+00  3.8037516345e-01  1.9879746932e+00 -1.7690497179e-01  2.2371240785e+00  9.9180956891e-02  1.3814118488e+00  2.1210003187e+00 -1.3459750665e+00  3.3111171639e-01  6.6957474907e-01 -4.6967767694e-01  8.0016328697e-01  4.0030368192e+00 -3.7675687337e-01 -4.8528864715e-03
ENERGY -8.721548489306e+02
GRADIENT  1.2855798461e-05  3.2048704129e-05 -9.1994304503e-06  2.6389588290e-06  8.3583571273e-06 -1.5143767003e-05 -6.2592503244e-05 -1.0829948805e-03 -1.6244030100e-04  1.4097540139e-05  3.9119020650e-06  5.8852336549e-07  9.2613114121e-07 -5.0742708556e-05 -3.2456778080e-05  2.3821511339e-04  2.1850852386e-03  6.8625432479e-04  3.0101002614e-04  8.0564989388e-04  6.6431255653e-04 -4.8437074344e-05 -2.6201944310e-05 -5.7161472775e-06 -7.3502994024e-06 -2.9156127670e-05 -3.7414113771e-05  3.0761537651e-05 -3.2343429502e-05 -1.3722351343e-05 -5.0656423263e-04 -1.9444718755e-03 -1.1982971474e-03  3.3219298927e-05  1.1479736964e-04  1.3571642032e-05  2.8254498929e-06 -7.1495107225e-06  1.7056181114e-05 -3.0522136178e-05 -1.0097910678e-05  1.0386061406e-06 -7.9133506445e-06  6.0419009112e-05 -1.6263208109e-05 -2.1375234055e-05 -2.3671408029e-06  2.5680445683e-05 -4.4469858898e-06 -9.1052816593e-06 -2.3685981422e-06  8.2241215831e-06 -1.0499246610e-05 -5.4212135335e-06 -1.6367286607e-06 -8.3119714795e-06 -9.5914358074e-06  1.8228305661e-06 -3.7951602945e-06 -6.6883503374e-06 -7.3315613597e-06  5.2156218965e-07  1.4556007136e-06 -1.8656410593e-05 -7.3453337945e-07 -2.7935643113e-08 -1.7976461736e-06 -1.6426620092e-06 -4.8434608660e-06  7.3361849097e-06 -9.1175638802e-07 -5.5274822459e-06  1.3079074887e-07 -6.2706140792e-06  1.6432786377e-06  3.9343767545e-06  1.3067231390e-05  1.1040742152e-05  5.4239679008e-05 -1.7772635364e-05 -2.4336411586e-07

JOB 10
COORDS  6.9989907407e+00  2.1900104976e-01 -3.3405482582e+00  7.7601549846e+00 -5.1594532600e-01 -1.1691782903e+00  5.6870350189e+00  2.9703881370e-01 -2.8764034760e+00  6.4553009821e+00 -4.3774679279e-01 -6.9511229662e-01  8.0395256577e+00 -1.8868826717e-01 -2.5002151822e+00  5.4033593955e+00 -2.9795083439e-02 -1.5380396787e+00  2.9662666261e+00  5.7511880303e-01 -1.5249189044e+00  6.2786772203e-01  1.1583659235e+00 -1.1411163620e+00  1.8247112006e+00 -2.2271504150e-01  5.5314025127e-01  9.4528313325e+00 -2.1928903847e-01 -3.0025896211e+00  4.1112327138e+00 -1.5929143176e-02 -9.8588109843e-01  1.8383091022e+00  4.4951767898e-01 -7.3835884773e-01  2.9611863417e+00  1.1456543035e+00 -2.6156719673e+00  9.5219471775e+00 -4.8932112406e-01 -4.3306130723e+00  1.0090400255e+01  9.7293056559e-01 -2.8203505928e+00  1.0204641965e+01 -1.1532905499e+00 -2.3633671471e+00  7.2083327756e+00  4.6981114067e-01 -4.3759572599e+00  8.5571647259e+00 -8.3703371032e-01 -5.0596882610e-01  4.8872440291e+00  6.1604118230e-01 -3.5292306092e+00  6.2475537861e+00 -6.9711963432e-01  3.4132021277e-01 -2.1873564633e-01  4.6425191403e-01 -1.1930842052e+00  7.9108658377e-01  1.5961113669e+00 -2.1240073776e+00  3.8626054833e-01  1.9573465422e+00 -4.2835485885e-01  2.3625691059e+00  3.3879963688e-01  1.3316424821e+00  2.2392391143e+00 -1.2350889102e+00  4.8594131819e-01  7.8930648526e-01 -3.2494275613e-01  8.8250089450e-01  4.0701672768e+00 -3.2440664691e-01 -2.5452990358e-02
ENERGY -8.721552994880e+02
GRADIENT  9.7027894806e-06  1.0271251886e-05 -6.0448813653e-06 -1.0743782871e-05 -1.6994199340e-05  6.8577478643e-06 -6.3657363218e-05 -4.8622715470e-04 -1.0141297970e-04  1.6457066165e-05  5.9611365111e-06 -8.7126953208e-06 -4.1181033599e-06  4.5839522382e-06 -2.5450549810e-06  1.4047452564e-04  9.8382332180e-04  3.4735752531e-04  1.1756355328e-04  3.7044954276e-04  2.2912471440e-04 -2.1409668309e-05 -2.4593404836e-05  9.2391511179e-06 -1.4030258799e-05 -5.8260010468e-05 -3.9286727581e-05 -1.6132746384e-06 -2.3842062465e-06 -1.6636236347e-06 -2.3608215634e-04 -9.0637232124e-04 -4.5197067799e-04  1.2001921258e-05  1.0526399186e-04  2.8495592229e-05  1.7531342301e-05  3.9144487057e-06  8.4990557621e-06 -1.1130253985e-06 -5.8313973761e-06  2.0606611672e-06 -4.0195647976e-06  2.4098304601e-06 -9.1414897561e-06 -9.2269664035e-07  6.9814288677e-06  2.2308669102e-06 -2.8194055524e-06  1.7696749862e-07 -9.1369787099e-07  1.0008142235e-06  2.5309488861e-06 -2.5592175563e-06 -2.0005879309e-06  3.8743424411e-06 -8.4813888771e-07 -3.2198514900e-06  3.8133721089e-06 -1.7920254646e-06 -5.7544514173e-06  3.0792831158e-06  1.6745543950e-05 -9.1848633318e-06 -1.6124172746e-05 -1.0970883692e-06  1.4654800525e-06  1.0170536422e-05 -5.7447918655e-06 -4.2794862404e-06  6.6895633902e-07  3.7841212318e-06  7.5016803996e-06  5.7996010544e-06 -1.7406078101e-06 -3.1023139167e-06  6.5316917307e-06  3.2856640141e-06  2.1840464645e-05 -1.8592848056e-05  5.6087255736e-07

JOB 11
COORDS  6.9986650270e+00  3.5770876625e-01 -3.2840456169e+00  7.7175102506e+00 -6.3847825535e-01 -1.2045640758e+00  5.6914753590e+00  4.5442149344e-01 -2.8098962408e+00  6.4168696401e+00 -5.4712336590e-01 -7.2188433474e-01  8.0157087451e+00 -1.8775190435e-01 -2.4948751618e+00  5.3878012636e+00 -4.4018530391e-04 -1.5136420578e+00  2.9305663507e+00  5.3656617891e-01 -1.5142239620e+00  5.6082573755e-01  1.0047225514e+00 -1.1735592249e+00  1.8571029450e+00 -8.0797400829e-02  6.5856604710e-01  9.4257917319e+00 -2.3512587201e-01 -3.0046594758e+00  4.1058767017e+00  4.9684015772e-02 -9.4184873006e-01  1.8139606947e+00  4.1683853856e-01 -7.0970337871e-01  2.8902570971e+00  1.0228024921e+00 -2.6447568899e+00  9.4815487946e+00 -4.0019568378e-01 -4.3506015428e+00  1.0111148635e+01  9.1256862051e-01 -2.7314569479e+00  1.0140464728e+01 -1.2464678191e+00 -2.4463130013e+00  7.2225090888e+00  7.0607312395e-01 -4.2878006316e+00  8.4956025703e+00 -1.0681187921e+00 -5.8161721830e-01  4.9078634903e+00  8.7280829277e-01 -3.4248826516e+00  6.1937780362e+00 -9.0657252651e-01  2.8096246936e-01 -2.4721725425e-01  2.6699599076e-01 -1.1141504864e+00  6.8451953836e-01  1.3172176939e+00 -2.2085835890e+00  2.8792161259e-01  1.8782452648e+00 -5.6737556766e-01  2.4422622096e+00  5.6773082535e-01  1.3261261982e+00  2.2524704020e+00 -1.1030917666e+00  7.1002675878e-01  8.3894410279e-01 -1.1714275888e-01  1.0486729714e+00  4.0569326288e+00 -3.1500175343e-01 -2.0389136892e-03
ENERGY -8.721554139377e+02
GRADIENT  2.1404373111e-05  4.7915692506e-05 -9.2255251660e-05  5.3503881107e-05 -4.0277912044e-05  4.9929635917e-05  7.9160419026e-05  1.3226783308e-05  8.6983616054e-05  2.6996862920e-05  1.2852400905e-05 -7.0995561128e-05 -8.0485646667e-05  2.8950740029e-06  4.1346101553e-05 -1.0455995764e-04 -5.6738562639e-05 -9.5631987653e-06  2.2537218238e-05  1.5658989570e-04  2.9406339580e-05  1.3692963886e-05 -4.0481534808e-06 -1.9759472256e-05  6.6647074111e-06  5.4251392406e-05  4.0545440408e-05 -7.1195809455e-07 -3.0474839232e-07  1.4630152920e-05 -3.3674198971e-05 -1.9819148112e-05  2.4711515628e-05 -9.8340572235e-06 -1.0165529563e-04 -1.2593578968e-05 -2.1796986367e-06 -5.6532370310e-05 -3.1348842911e-05 -6.4070964642e-06 -6.4149614163e-06  4.1637603905e-07 -9.9144801259e-06  3.1603960792e-07 -8.3823676303e-07 -1.2790112463e-05  1.1028586710e-05  8.0658822846e-06  1.7793988691e-06  5.5074289962e-06 -8.1532816119e-06  3.9258274554e-06 -6.7823778908e-06  9.4867850158e-06 -3.8761108122e-06 -4.7431010086e-06  2.8715269733e-06 -3.7194885522e-07 -3.4240110498e-07 -8.6271094460e-06 -1.2985034452e-06 -2.1991255616e-06 -1.5408838916e-05  3.2870077895e-06  2.1719760155e-05  2.5752139211e-06 -4.2455421252e-07 -9.5332304593e-06  1.1073737236e-05  5.1067123537e-06 -5.3142133585e-06 -1.1366309209e-05 -1.1540114059e-05 -6.3702222854e-06  6.6533081205e-06 -3.8717037339e-06 -7.7067486204e-07  2.3557958929e-06 -5.4563074582e-06  1.3541759964e-05  9.2795981813e-06

JOB 12
COORDS  6.7555875667e+00  1.9080811319e-01 -3.6936752936e+00  7.5813080390e+00 -1.0570630992e+00 -1.7984029068e+00  5.5180237539e+00  3.5241850441e-01 -3.0731189985e+00  6.3492825662e+00 -9.0508183490e-01 -1.1717411315e+00  7.7909446138e+00 -5.1158860646e-01 -3.0692818196e+00  5.3031641227e+00 -1.9968889390e-01 -1.7973604757e+00  2.8646479889e+00  3.5578064635e-01 -1.5650214032e+00  4.9652972132e-01  6.5973976169e-01 -1.0583029450e+00  2.0481709900e+00 -2.3764841644e-02  7.6900204315e-01  9.1338262598e+00 -6.2975178265e-01 -3.7277715435e+00  4.1044649262e+00 -6.2873937709e-02 -1.0770035363e+00  1.8576833569e+00  3.6748831705e-01 -6.2056088305e-01  2.6893976742e+00  6.9752134316e-01 -2.7345970472e+00  9.0454916798e+00 -6.3893734814e-01 -5.0815914633e+00  9.9585704058e+00  4.0828503795e-01 -3.4048957898e+00  9.7881825610e+00 -1.7622442371e+00 -3.3602839197e+00  6.9099347919e+00  6.1423747720e-01 -4.6814515177e+00  8.3735914465e+00 -1.6098136116e+00 -1.3035675044e+00  4.7169381485e+00  8.8391705153e-01 -3.5665263162e+00  6.1934838085e+00 -1.3417334324e+00 -1.8703434034e-01 -1.5528483690e-01 -2.1051709889e-01 -9.1013509424e-01  5.1773997688e-01  9.1297806593e-01 -2.1165012876e+00  8.7689100446e-02  1.5067806430e+00 -4.9509241309e-01  2.8747974715e+00  5.2532408872e-01  1.2347065745e+00  2.2182668719e+00 -1.1042565328e+00  8.8718211595e-01  1.1455801076e+00  2.2646621320e-01  1.3289601950e+00  4.1319396162e+00 -4.6156247247e-01 -1.4992803105e-01
ENERGY -8.721552853487e+02
GRADIENT -4.1970326972e-05 -2.7705651556e-05  1.0613219841e-04 -2.1429763497e-04  1.5304510263e-04 -1.6068794470e-04  2.4447512019e-04  4.4156157638e-04  2.3666727052e-04 -4.4454168587e-05 -8.9995368300e-05  1.1661569557e-04  2.2767092621e-04 -3.8980225222e-05 -9.5518964069e-05 -2.9348157249e-04 -8.9872417797e-04 -3.6803329860e-04 -1.4769240882e-04 -4.5474076912e-04 -4.9811695386e-05  9.0204193418e-06 -3.4011563398e-06 -1.4242644697e-05 -5.5645896532e-06 -5.2488315103e-05 -7.5325084700e-06 -3.6827684486e-06 -9.2811235202e-07 -2.3691558027e-05  2.2836627245e-04  7.9296021065e-04  1.9076049182e-04  4.5525855050e-06  1.3292347164e-05  1.3163126627e-05 -5.3505286501e-05  7.6899981382e-06  2.0697650953e-05  2.2271377101e-05 -1.1284328149e-05 -2.7380855739e-05  1.0534642553e-05  1.0545761253e-05 -1.8162542006e-05  2.0124713728e-05  7.7709338576e-06 -1.3218077973e-05  1.4879547650e-05 -1.0512526861e-05  1.4310299134e-05 -2.3442205506e-05  2.2201362876e-05 -2.9204574775e-05  7.7386498585e-06 -1.1880239208e-05  2.7780474637e-06 -2.8601462903e-05 -5.6364834459e-06  5.0061773261e-06  1.2547861704e-06  8.0592791821e-06  3.0584887268e-05 -5.6778480861e-06 -2.2640741240e-05 -9.3697504557e-06  2.3053712631e-06  2.0226072046e-05 -1.8560174322e-05  1.5062047353e-06  1.3683153003e-06  6.9631333481e-06  7.1960437192e-06  6.1789724515e-06 -2.8668883159e-06  2.4949431498e-07  2.1599658976e-06  5.5916483539e-06  1.1165247901e-06  1.6490415335e-04  5.6206419795e-05

JOB 13
COORDS  6.7494049325e+00  3.1709584440e-01 -3.6648459264e+00  7.5169416687e+00 -1.1488613119e+00 -1.9033831356e+00  5.5337383211e+00  4.9791233911e-01 -3.0091019220e+00  6.3019614951e+00 -9.8051279356e-01 -1.2458268111e+00  7.7441870368e+00 -5.0390653866e-01 -3.1229181420e+00  5.2972987460e+00 -1.5919496809e-01 -1.7886846453e+00  2.8543218565e+00  3.1374398437e-01 -1.5602592971e+00  4.7011911110e-01  5.0693483342e-01 -1.0737544848e+00  2.0645784880e+00  1.1758741044e-01  8.0365347388e-01  9.0680072298e+00 -6.4339669097e-01 -3.8154911457e+00  4.1197514369e+00  1.5310985064e-02 -1.0377497950e+00  1.8452961965e+00  3.2877864908e-01 -6.2025840548e-01  2.6684717878e+00  5.5954947376e-01 -2.7511464811e+00  8.9549933057e+00 -5.5535674088e-01 -5.1648568557e+00  9.9488646593e+00  3.2909484292e-01 -3.4412892553e+00  9.6704414934e+00 -1.8288590011e+00 -3.5392386586e+00  6.9206794822e+00  8.2003223758e-01 -4.6116973212e+00  8.2786633952e+00 -1.7924270591e+00 -1.4748604429e+00  4.7628198899e+00  1.1213527282e+00 -3.4399846065e+00  6.1277145529e+00 -1.4968533354e+00 -3.0379895463e-01 -1.4123168969e-01 -3.6324529120e-01 -8.0452581158e-01  4.7215471743e-01  6.2166557708e-01 -2.1560718154e+00  2.8177135345e-02  1.4023057042e+00 -6.2030667171e-01  2.8872583939e+00  7.3568292664e-01  1.1788966788e+00  2.2606123987e+00 -9.3635358676e-01  1.0524667736e+00  1.1646124453e+00  4.1669271325e-01  1.3441072728e+00  4.1459138948e+00 -4.2860011123e-01 -1.3035282659e-01
ENERGY -8.721548345978e+02
GRADIENT  2.4246782234e-05  7.6917122301e-06 -5.5121355596e-06  4.6109130535e-06 -9.4742531223e-06  2.0148287392e-05  4.4731239572e-04  8.3924120612e-04  5.6002847438e-04  5.7706635799e-06 -1.4477285203e-06  8.0815627189e-06 -1.5989887566e-05  1.7086147018e-05  3.3782088416e-06 -8.1609525221e-04 -1.9284885171e-03 -8.7830562601e-04 -1.7279380732e-04 -1.0586874793e-03 -1.2060081798e-04 -4.9562574458e-07  6.5300379642e-05  6.3830193397e-06  6.4226105849e-06  3.3317856875e-05  8.8569030516e-06  1.7023159467e-05  8.7037148416e-06  4.6579933278e-06  5.2073443280e-04  2.2083532793e-03  4.1939841932e-04 -3.5928452461e-05 -1.3164924378e-04 -1.4766090408e-05  1.2008960391e-06  7.7295234375e-06  1.5329041740e-05 -5.3943147215e-06  8.6880438260e-06  8.7122283967e-06 -1.0352050424e-06  1.6189864712e-05  1.8002592704e-05 -2.6155702527e-06  3.0227911487e-06  1.7945274422e-05  3.8234708684e-06  9.7017676285e-06  5.9260894896e-06  2.8074748820e-06  3.3512355448e-06  7.1874051587e-06  6.2677685093e-06  6.3514674340e-06 -1.6436684764e-06 -1.7375026099e-06  2.7603920513e-06  2.9258154340e-06 -4.5177902682e-06  5.3579150952e-06  5.1631646635e-06 -5.4494493659e-07 -1.3451837225e-05 -5.2532382871e-06  2.7322689971e-06  7.2652044894e-06 -1.6124145341e-05 -1.3764511179e-05  8.2850367432e-06  9.6557264252e-07  1.1108415447e-05  1.3939921427e-06 -7.0224228737e-06 -1.1928497030e-05 -1.8090803505e-05 -7.6436859128e-06  5.9715247184e-05 -6.0218865803e-06  2.7707159256e-06

JOB 14
COORDS  6.7805570534e+00  4.4639966226e-01 -3.5920197621e+00  7.4562089928e+00 -1.2150386106e+00 -1.9693616542e+00  5.5881536450e+00  6.5395008905e-01 -2.9042850607e+00  6.2578214868e+00 -1.0221800265e+00 -1.2851411061e+00  7.7187107203e+00 -4.8542797946e-01 -3.1318216403e+00  5.3129576862e+00 -9.0947264402e-02 -1.7452023088e+00  2.8737299945e+00  2.9692329437e-01 -1.5351218391e+00  4.7478220824e-01  3.5486414883e-01 -1.0903197252e+00  2.0633555917e+00  2.7535165326e-01  8.2827460328e-01  9.0262290655e+00 -6.5274794708e-01 -3.8499315618e+00  4.1532145795e+00  1.3255481675e-01 -9.7206015409e-01  1.8523353301e+00  3.3354789912e-01 -6.1113425098e-01  2.6973917501e+00  4.2462812983e-01 -2.7446493041e+00  8.9057073527e+00 -4.6378701616e-01 -5.1881992976e+00  9.9646220369e+00  2.3978448173e-01 -3.4204799889e+00  9.5610692648e+00 -1.8868422850e+00 -3.6648317815e+00  6.9820458264e+00  1.0161730156e+00 -4.4939371609e+00  8.1748657288e+00 -1.9432859760e+00 -1.6072893103e+00  4.8610752210e+00  1.3683699430e+00 -3.2673725990e+00  6.0512619863e+00 -1.6059581497e+00 -3.9038066753e-01 -6.7920074329e-02 -5.3489103737e-01 -7.4732972082e-01  4.8414127500e-01  3.7158872441e-01 -2.1785990602e+00 -4.5522149794e-02  1.2476299817e+00 -7.2322715313e-01  2.8875330579e+00  9.2663116062e-01  1.1345511064e+00  2.2549111198e+00 -7.4640460301e-01  1.1903544668e+00  1.1621900635e+00  6.3552513547e-01  1.3290708459e+00  4.1817100730e+00 -3.2467832638e-01 -7.0015721084e-02
ENERGY -8.721539123568e+02
GRADIENT -3.3114950804e-05 -6.0354103738e-05  8.6402317578e-05 -7.2093974290e-06  3.7964987184e-05 -1.0321946112e-05  9.4977319914e-04  1.4259504533e-03  1.0635077213e-03 -5.8960756716e-06  1.4073456119e-05  3.0886311944e-05  6.5902118613e-05 -2.3579964560e-05 -4.3056735236e-05 -1.6733430347e-03 -3.3018735969e-03 -1.6362027821e-03 -3.5253810700e-04 -1.8366064101e-03  1.2535137472e-04 -2.4229222798e-05  2.4575732155e-05  2.0103196845e-05  1.6838312550e-05  4.9098754080e-05  1.3285675839e-05 -1.4353280150e-06 -3.0529914250e-06 -4.0858110285e-06  1.0219509660e-03  4.0514834129e-03  4.3893166530e-04 -4.1731531050e-05 -1.3409159531e-04 -6.4156491432e-05  1.4163148789e-05 -8.8444293287e-05  2.3703209088e-06  5.2419230489e-06  5.6304818643e-06 -1.0935855620e-06  1.2566579528e-05 -4.8869867614e-06  8.8846984980e-06  5.0309119521e-06 -1.8018126572e-05 -8.8116568993e-06 -8.9321330930e-07 -1.1788323086e-05  7.5597642401e-06 -2.0869738138e-06  1.1517242055e-06 -2.5335556888e-06 -6.8376306726e-06 -1.2335381982e-06  1.5322525497e-07  7.6440865622e-06 -4.0492332256e-06  6.5527073599e-06 -6.0401295955e-06  2.6764740180e-07 -6.2621656768e-06  3.4847333359e-07  3.6535711348e-06  5.0006661603e-06  2.8934213356e-06 -1.6747033747e-06 -5.4761271641e-07  3.3633138119e-06 -1.3839759601e-06 -1.7865396347e-05  1.1617384168e-05 -1.5616787477e-06  9.2493524658e-06 -3.4150987120e-06 -1.7282222303e-05 -1.5237941776e-05  5.5601266103e-05 -1.5968548502e-04 -3.9437501069e-05

JOB 15
COORDS  6.8018472199e+00  5.3651330355e-01 -3.5428618171e+00  7.3355030629e+00 -1.3206507402e+00 -2.0844216359e+00  5.6387404261e+00  7.8283051239e-01 -2.8197191894e+00  6.1599011142e+00 -1.0883248972e+00 -1.3703920606e+00  7.6548624884e+00 -5.1303484191e-01 -3.1784305238e+00  5.3032501193e+00 -4.0251700335e-02 -1.7340481995e+00  2.8762800296e+00  2.7022736249e-01 -1.5188240183e+00  4.7557283043e-01  2.2002388540e-01 -1.0866717588e+00  2.0457662192e+00  4.5145521823e-01  8.3093010343e-01  8.9404029644e+00 -7.2664009606e-01 -3.9252741850e+00  4.1634521753e+00  2.4024128848e-01 -9.3951676874e-01  1.8470081582e+00  3.4589928719e-01 -6.0712541240e-01  2.7083199854e+00  2.6471882571e-01 -2.7355543072e+00  8.8279858779e+00 -4.1481307655e-01 -5.2408959234e+00  9.9510620668e+00  4.6331700644e-02 -3.4334284315e+00  9.3713155368e+00 -2.0114802592e+00 -3.8519631729e+00  7.0504750272e+00  1.1665741362e+00 -4.3912266675e+00  7.9898689687e+00 -2.1384727643e+00 -1.8001662251e+00  4.9756919482e+00  1.5927539876e+00 -3.0999185485e+00  5.9023518537e+00 -1.7324463331e+00 -5.3237027098e-01 -8.6461065841e-03 -6.6100892393e-01 -6.4674433876e-01  4.9220412798e-01  1.1735051907e-01 -2.1702147693e+00 -1.0696175854e-01  1.1101882471e+00 -8.2037804417e-01  2.8776403003e+00  1.1212914231e+00  1.0645639503e+00  2.2196026946e+00 -5.2434833925e-01  1.3100691582e+00  1.1469081249e+00  8.8204137836e-01  1.2789839518e+00  4.2087054556e+00 -1.8579130356e-01 -2.1891734984e-02
ENERGY -8.721523695013e+02
GRADIENT -7.3185557071e-05 -2.2626559424e-04  2.4404409882e-04 -6.8745864058e-05  8.5551799866e-05 -2.2582854836e-05  1.6297719299e-03  2.0631807755e-03  1.8327780734e-03  1.7246400776e-05 -5.9474188438e-05  9.1361122148e-05  1.6437869722e-04 -3.2925186028e-05 -1.2407541776e-04 -2.8259540381e-03 -4.2328668429e-03 -2.7119559641e-03 -2.9264920540e-04 -2.7845809154e-03  6.7822704926e-04  3.5776210786e-05 -8.1225476309e-05 -1.7491909571e-05 -1.1917276695e-05 -3.4209478018e-05  1.1900688142e-06 -1.0467196544e-06 -1.5335639324e-05  5.1256152716e-06  1.5165552706e-03  5.3642496181e-03 -8.5203835705e-05  3.5296872048e-06 -3.6741844246e-05  9.8676284734e-05  2.2979249167e-05 -9.1304431432e-05 -5.6061040330e-05  8.7536975707e-06 -1.8620429784e-06 -7.6570841957e-06  1.0637059644e-05 -3.5073324963e-06  1.4596536230e-07  1.5663976823e-05 -1.4446207129e-05 -2.1355103479e-05 -1.0671592480e-05 -1.6371618848e-05  3.1763227144e-05 -4.9611742140e-06  1.4659358138e-05 -6.4240388940e-06 -4.4862657792e-05  1.3034254941e-05 -1.1978206761e-05 -9.0828227381e-06 -1.8971039429e-05  8.6563522772e-06 -4.2000144089e-06  1.3920531976e-06  1.1440326573e-05 -5.9961006930e-06 -1.2327726647e-08 -4.3636890771e-06  6.0231585686e-06  2.8553789083e-06 -3.7323471165e-06  9.9888242623e-06 -2.2380068995e-05  3.8528751926e-07 -3.9842251405e-05  8.4148360814e-07  1.6987286363e-05  1.0910500837e-05  5.0804507438e-05  2.1951826972e-06 -1.3191070950e-04  3.7644735504e-05  5.2206044220e-05

JOB 16
COORDS  6.8771608336e+00  6.5170610340e-01 -3.4696198150e+00  7.2355166193e+00 -1.3704315690e+00 -2.1824011705e+00  5.7282566371e+00  9.2203979871e-01 -2.7314611231e+00  6.0711579197e+00 -1.1090587876e+00 -1.4585963836e+00  7.6340933707e+00 -4.9400288527e-01 -3.1945208966e+00  5.3107791862e+00  3.3879657824e-02 -1.7321746007e+00  2.8877267790e+00  2.1248693910e-01 -1.5162032904e+00  4.9258615673e-01  3.2134955963e-02 -1.0845008049e+00  2.0264146132e+00  5.8403157249e-01  7.9737748228e-01  8.9088319788e+00 -7.4549505887e-01 -3.9500559937e+00  4.1705066392e+00  3.4810426720e-01 -9.3701580415e-01  1.8468333763e+00  3.0841439409e-01 -6.2028035574e-01  2.7354194306e+00  6.3478591224e-02 -2.7256855107e+00  8.8417310652e+00 -3.0317539891e-01 -5.2304650192e+00  9.9719578642e+00 -1.1037218788e-01 -3.3793535590e+00  9.2287238622e+00 -2.0630249460e+00 -3.9957918569e+00  7.1894503115e+00  1.3333425108e+00 -4.2546423637e+00  7.8184623576e+00 -2.2612369387e+00 -1.9714500883e+00  5.1363811428e+00  1.8084706897e+00 -2.9326736658e+00  5.7459168929e+00 -1.8034797145e+00 -6.8737802551e-01  6.8887785601e-02 -8.2895589221e-01 -5.5213223258e-01  5.2666766383e-01 -1.8563190487e-01 -2.1505512399e+00 -1.5533498700e-01  9.0106782627e-01 -9.1732838242e-01  2.8134353554e+00  1.3259977352e+00  9.5534457981e-01  2.2582907933e+00 -3.2013809356e-01  1.3812201015e+00  1.0985069453e+00  1.0029434794e+00  1.1947843292e+00  4.2452970291e+00 -1.2257935405e-02  7.3425690046e-03
ENERGY -8.721502793071e+02
GRADIENT  1.6551731902e-06  4.2845937658e-05 -4.2677820114e-05  1.4575544135e-06  5.9216274357e-06 -2.3615064409e-06  2.1605790353e-03  1.6796063493e-03  2.4448361034e-03 -3.0399688639e-05 -5.5765338280e-06  5.1463450704e-05 -2.4162288090e-05  4.6401215121e-06  2.9763728826e-05 -3.1973807604e-03 -4.1765635945e-03 -3.0774853659e-03 -9.1208528065e-05 -3.2966732971e-03  1.0948706813e-03 -1.5217107429e-05 -3.1074767102e-05  2.4860613847e-05  4.9627087063e-06 -4.1643862534e-05 -2.4949763728e-05 -1.5465771001e-05  2.2600182955e-05  2.6367132849e-06  1.1688155602e-03  5.8146618698e-03 -4.4491774398e-04  2.2463873833e-05 -1.7640778482e-05 -2.9379098454e-07 -1.7840304896e-05 -1.3830152555e-05 -4.3765159741e-05  2.3818785818e-05 -8.0566341251e-06  1.4436616342e-05  6.6752965917e-06 -1.0304547593e-05 -6.8058179138e-06  2.1653955354e-05  7.8117003344e-06  2.2760463862e-06  4.1055946390e-06  5.0182268457e-06 -2.5715153306e-06  2.9484903731e-06  2.8798235121e-06  8.4921864449e-06  1.1271399368e-07 -8.5633727200e-06 -3.1694982304e-06  1.6625574003e-06  1.1707491944e-06  3.6221418743e-06 -2.8528016006e-06 -1.2780705619e-06  3.7509713519e-06  4.2891015550e-06 -4.6719319204e-06  6.0305400378e-06 -2.2763542826e-07 -2.4070313355e-06 -3.7912658979e-06  6.5682460386e-06 -2.4836615275e-06  1.0390063573e-06 -1.6378545086e-05 -6.6681523492e-07  1.4603824002e-06  5.1241494570e-06  2.5787984629e-05 -5.3220468424e-06  5.4643288486e-05  1.7788366880e-05  5.4771983591e-06

JOB 17
COORDS  6.9760880501e+00  7.4631034600e-01 -3.3645299619e+00  7.1262709487e+00 -1.4305615440e+00 -2.3047178199e+00  5.8298071005e+00  1.0285189002e+00 -2.6236715201e+00  5.9679162596e+00 -1.1501970288e+00 -1.5788828085e+00  7.6257629923e+00 -4.8247257883e-01 -3.2020843547e+00  5.3167142184e+00  7.8081934345e-02 -1.7355327156e+00  2.8976592673e+00  1.1489664594e-01 -1.4895176775e+00  5.1701870333e-01 -1.5134507709e-01 -1.0204124060e+00  2.0108537348e+00  7.5336095218e-01  7.5422749010e-01  8.9000306858e+00 -7.5615489561e-01 -3.9528992035e+00  4.1681166430e+00  4.0642991272e-01 -9.4493432940e-01  1.8507496301e+00  2.6780946810e-01 -6.0809502871e-01  2.7576686829e+00 -2.0710320343e-01 -2.6667254878e+00  8.9100766190e+00 -1.7081836206e-01 -5.1760941356e+00  9.9907447854e+00 -2.7892331754e-01 -3.2885608143e+00  9.1128031053e+00 -2.0823225283e+00 -4.1391556801e+00  7.3663542567e+00  1.4796357838e+00 -4.0633048248e+00  7.6269419139e+00 -2.3861532812e+00 -2.1860759185e+00  5.3172370612e+00  1.9789429912e+00 -2.7329221068e+00  5.5593540440e+00 -1.8933090343e+00 -8.9869945756e-01  1.4397739864e-01 -9.5272922303e-01 -3.6976262984e-01  5.6667103728e-01 -5.1419932765e-01 -2.0456430585e+00 -1.8276761794e-01  6.9192485717e-01 -9.7325182894e-01  2.7623470944e+00  1.5456018562e+00  7.9957566766e-01  2.2841462440e+00 -4.4750488017e-02  1.4618025665e+00  1.0624024157e+00  1.1803536512e+00  1.0904523581e+00  4.2783977278e+00  1.5265477958e-01  3.0563014518e-02
ENERGY -8.721483265719e+02
GRADIENT  1.0221589940e-06 -2.7436837104e-05  3.7132075074e-05  1.4584408082e-04 -2.9410318001e-04  4.1010318678e-05  1.5066652818e-03  1.1028435710e-03  1.9060064208e-03  4.6279597264e-05  1.4605244469e-04 -1.3258002099e-04 -1.6893708953e-04  4.5171008667e-05  9.3593982913e-05 -2.2812188268e-03 -2.5528810700e-03 -2.3601185733e-03 -8.1800166735e-05 -2.4306666621e-03  9.8008884463e-04  9.9881625624e-06 -5.4922599709e-06 -1.4790254116e-05 -1.3358334842e-06  5.6450896273e-05  3.4638695883e-05 -1.9093479273e-05 -3.8610204237e-05  2.4134106262e-05  7.1316595292e-04  4.0884095240e-03 -6.3037143439e-04  3.6921930013e-05  7.3333761112e-06 -1.7182804031e-05 -4.2856112203e-06 -3.2283421492e-05  6.0196380091e-05 -2.8752226017e-05 -1.4183513346e-05  1.5840000860e-05 -1.6738731397e-05  9.5514095711e-06 -1.1376543532e-05 -7.8304748156e-06  4.7827326328e-06  1.1779253140e-05 -2.9414959672e-05  7.1914750774e-06 -8.4334917100e-06  9.8780840994e-06 -3.2898989259e-05  7.1088419212e-06 -6.4832866947e-06  1.3695757593e-05 -5.8729516312e-06  3.5419652410e-05 -4.4304751391e-06 -7.5658428137e-06  8.6788522226e-07 -5.0736697114e-06  4.4593849363e-06 -3.5443946645e-06 -9.8572890437e-06  1.0993968264e-06  2.0532047458e-06 -5.8754819588e-06  5.5111412875e-06  4.9720537255e-06 -1.3488063061e-05 -1.0098989427e-05  1.7018454261e-06  5.7266348246e-06  2.1592205059e-06 -4.6243486278e-06 -1.1112945486e-05 -1.7932399782e-06  6.3084545260e-05 -8.8999453680e-05 -1.0521911750e-05

JOB 18
COORDS  6.8982390383e+00 -1.1318223100e+00 -2.9576921383e+00  7.9708310376e+00  5.4404362984e-01 -1.5744840299e+00  5.6807102689e+00 -8.5882250450e-01 -2.3331381703e+00  6.7505068643e+00  8.3134215239e-01 -9.6831950771e-01  8.0459047224e+00 -4.3274915524e-01 -2.5745608782e+00  5.5962967212e+00  1.4066785160e-01 -1.3561521086e+00  4.1518589444e+00 -1.3217211595e-02  6.0367657539e-01  2.5066959970e+00 -4.6745471549e-01  2.3458364921e+00  1.7779737059e+00  6.8242459012e-01  2.6012985039e-01  9.3532136299e+00 -6.9204935665e-01 -3.2696849702e+00  4.3531249869e+00  4.3233506895e-01 -7.2286491030e-01  2.8542858724e+00  1.0283220940e-01  1.0497973561e+00  5.0767116311e+00 -4.2598677061e-01  1.2978898268e+00  9.4330766259e+00 -1.9534046763e+00 -3.7625082988e+00  9.5409981474e+00  1.4757883442e-01 -4.3274829586e+00  1.0416368853e+01 -5.1397828513e-01 -2.4465842680e+00  6.9585579507e+00 -1.9034368841e+00 -3.7184968964e+00  8.8657551136e+00  1.0765136084e+00 -1.2681843330e+00  4.7935494047e+00 -1.4264097271e+00 -2.6041691039e+00  6.6822406711e+00  1.5814575562e+00 -1.8780507076e-01  2.1002217763e+00  3.0583056567e-01  3.0088258080e+00  3.4058517428e+00 -8.8446930594e-01  2.7960596064e+00  1.7573083386e+00 -1.2610859792e+00  2.2316483454e+00  1.3306528100e+00 -3.6441705312e-02 -4.4373242497e-01  2.1260997276e+00  1.5585012176e+00 -2.9336875425e-01  9.8650971308e-01  1.0163104111e+00  9.3568938496e-01  3.5590467591e+00  2.9389257598e-01 -1.3372969447e+00
ENERGY -8.721500864369e+02
GRADIENT -3.8416962586e-05  1.0970102489e-04  8.8766637629e-05 -3.2161795310e-04 -2.1156775287e-04 -1.1166492430e-04  7.0474281890e-04 -2.4519246594e-03  2.4926280816e-03  2.1093085755e-05  1.8232731868e-04  2.1713964528e-04  2.7076295487e-04 -2.1227269963e-05 -1.2401104492e-04 -1.6173458008e-03  2.2010670653e-03 -4.3710003897e-03 -1.2328031358e-03 -3.2645243496e-03 -1.0241226687e-03  2.2032920822e-04 -3.3629363765e-05 -6.5906325256e-05 -2.6666916729e-05  1.9884706688e-05 -1.7043284095e-05 -1.1971240036e-05 -2.5022296246e-05 -2.1521334367e-05  2.2581228241e-03  3.2031181620e-03  3.0175132965e-03 -1.4860558109e-04  1.6101611311e-04 -1.7000615357e-04 -6.9969465736e-05  7.2214723950e-05  9.6252202838e-05  4.1402146873e-05 -2.1980648023e-05 -2.1199040642e-05  5.5843184354e-06 -2.2828881887e-05 -8.4592431505e-06  2.2897393992e-05 -2.9286914347e-06 -2.7989368641e-05  1.5458399604e-05  2.0412386811e-05  1.1676888117e-05 -3.5428825386e-05 -2.6785321456e-05 -2.0273177004e-05 -1.4066986839e-05 -4.7876563605e-06 -1.2494700689e-05 -1.8145060750e-05  1.2672538029e-05  1.6523418418e-05  2.1532617264e-05 -5.1138901323e-07 -4.3240697914e-06  4.3842388900e-05 -2.2630627351e-05  1.7624552235e-05  2.0009222224e-05  2.2619178018e-06 -2.2053221287e-05 -1.3337535307e-05 -6.3404329355e-06  2.7319677927e-06 -1.7681271812e-05 -1.6152743392e-06 -5.0617498832e-06 -6.1414736760e-06  1.7869283423e-05 -1.2214857529e-05 -5.3666081796e-05  2.2046965020e-05  2.7367195553e-05

JOB 19
COORDS  6.8845337456e+00 -1.0519355857e+00 -3.0852536991e+00  7.9917152461e+00  4.1581767145e-01 -1.5103210753e+00  5.6702353160e+00 -8.1618874565e-01 -2.4407050904e+00  6.7773217763e+00  6.6888759686e-01 -8.7888587474e-01  8.0500202325e+00 -4.3963370039e-01 -2.6175250763e+00  5.6043664693e+00  6.1966515573e-02 -1.3501542048e+00  4.1676838186e+00  1.8622601189e-02  6.4166409139e-01  2.5272725578e+00 -3.2393813476e-01  2.4137480308e+00  1.7635120287e+00  5.4221500051e-01  2.0699596042e-01  9.3545092245e+00 -6.5451788539e-01 -3.3308693992e+00  4.3579803234e+00  3.1856600924e-01 -7.2456939471e-01  2.8602027434e+00  1.1523488000e-01  1.0635808400e+00  5.1028884880e+00 -2.6562354904e-01  1.3852645061e+00  9.3989934677e+00 -1.8486230741e+00 -3.9743847264e+00  9.5816291618e+00  3.0083179569e-01 -4.2776077882e+00  1.0415091340e+01 -6.1352618923e-01 -2.4858769250e+00  6.9266927903e+00 -1.7299452468e+00 -3.9316113177e+00  8.8983499456e+00  8.8327238165e-01 -1.1389705969e+00  4.7694382114e+00 -1.3184179096e+00 -2.7865571326e+00  6.7300239995e+00  1.3229199624e+00 -1.6255941724e-02  2.0690533145e+00  4.9508757641e-01  2.9810172233e+00  3.4418776896e+00 -6.3539193104e-01  2.9151541076e+00  1.8253648665e+00 -1.1670128345e+00  2.3849444663e+00  1.3779405641e+00 -2.6953586573e-01 -4.2900504805e-01  2.0620175888e+00  1.3836988036e+00 -4.2429657927e-01  9.3917008372e-01  8.8493268507e-01  8.3686177013e-01  3.5669429637e+00  1.1211632882e-01 -1.3221170527e+00
ENERGY -8.721521073138e+02
GRADIENT -1.9623619753e-05  1.7630956562e-04  2.2505375543e-04 -3.2806639943e-04 -1.5355166911e-04 -9.2861945453e-05  4.7326886365e-04 -2.4448929387e-03  1.9382976201e-03  7.3469028825e-05  5.8746279760e-05  8.7032591258e-05  3.5860368998e-04 -7.6869369137e-05 -1.8775491369e-04 -1.3697863164e-03  2.2700736439e-03 -3.2739337883e-03 -9.4032704333e-04 -2.9656866314e-03 -6.6494103273e-04  1.9127229297e-04 -3.4011853815e-05 -5.2772625843e-05 -4.0428022318e-05  1.1710965480e-05 -2.0492631968e-05  8.0820531149e-06 -1.2422212378e-05  1.2557970700e-05  1.6599609861e-03  2.9817355566e-03  2.1891934322e-03 -1.4000525517e-04  1.0805818525e-04 -1.9102608064e-04  1.3321540350e-05  3.5930179297e-06  1.6070958898e-04  3.6936829995e-05 -2.5265346506e-05 -2.8238168072e-05  2.1910345665e-05 -1.9734445016e-07 -2.1654420571e-05  5.2145577411e-05 -4.7823740220e-06  1.4772277499e-06  2.2692851839e-05  2.7054267494e-05  3.2546151289e-05 -2.6111652983e-05 -3.2816099691e-05 -2.5578338742e-05 -1.9478364235e-05  5.5758576431e-06  1.7485721924e-05 -1.8242375520e-05 -9.9621552081e-06 -1.2086282706e-06  9.8682524457e-06  4.3978397406e-06 -1.0534457700e-05  3.0199201797e-05 -1.4265897671e-05  1.8993774003e-05  1.0112684537e-05  2.7531279759e-07 -1.6946535630e-05 -1.9344918247e-05 -2.0583313556e-06  7.6511227403e-06 -1.4397382061e-05  1.1282224386e-06 -7.1202224968e-06 -6.7246750950e-06  2.9004439291e-05 -1.6183635484e-05 -2.5648548328e-05  5.9658438896e-05  2.8883432223e-05

JOB 20
COORDS  6.8711034715e+00 -9.7604358158e-01 -3.1739952691e+00  8.0271676338e+00  2.6472885362e-01 -1.4484659038e+00  5.6677941114e+00 -7.7552968486e-01 -2.5006603576e+00  6.8250448209e+00  4.8174012378e-01 -7.8039056191e-01  8.0576981939e+00 -4.6044054844e-01 -2.6455327480e+00  5.6307518749e+00 -3.4234693257e-02 -1.3088773405e+00  4.1861526409e+00  3.4607133321e-02  7.0180866113e-01  2.5332218514e+00 -1.8282461030e-01  2.4836105604e+00  1.7666638758e+00  3.8262946276e-01  1.8194329246e-01  9.3518449718e+00 -6.3432098262e-01 -3.3863277309e+00  4.3838990213e+00  1.8693556416e-01 -6.8337272184e-01  2.8681976447e+00  1.1760141776e-01  1.0960348421e+00  5.1180722271e+00 -1.2674044742e-01  1.4863443829e+00  9.3597085579e+00 -1.7549577714e+00 -4.1528207924e+00  9.6031131395e+00  4.0833339414e-01 -4.2295802552e+00  1.0416965341e+01 -7.1269883275e-01 -2.5495085330e+00  6.8874813091e+00 -1.5509990753e+00 -4.0943615138e+00  8.9483510019e+00  6.6054624331e-01 -1.0321108108e+00  4.7502086495e+00 -1.2001888245e+00 -2.9026086809e+00  6.8055807171e+00  1.0315083375e+00  1.5154034870e-01  2.0166189648e+00  6.6714887999e-01  2.9450152588e+00  3.4537719693e+00 -3.7892489038e-01  3.0302651179e+00  1.8828710550e+00 -1.0646865183e+00  2.5436592857e+00  1.4647148816e+00 -5.0684296300e-01 -3.9218379053e-01  2.0132242890e+00  1.1926826498e+00 -5.1096419348e-01  9.0018857752e-01  7.0657043920e-01  7.6252767897e-01  3.5957150633e+00 -5.3321260964e-02 -1.2702569182e+00
ENERGY -8.721536864878e+02
GRADIENT -5.2480305221e-05 -4.8644881490e-06  2.5115617492e-06  2.1177976028e-06 -4.5091934047e-05 -5.2525072710e-05  2.9170133395e-04 -1.7979648422e-03  1.0931561945e-03 -3.5372205214e-05 -7.1147102484e-06  1.6846774721e-05  5.2369941832e-05  2.1375549265e-05  2.7731828117e-05 -6.6043225707e-04  1.5039363927e-03 -1.8500053499e-03 -4.9806033578e-04 -2.1053504116e-03 -3.1699944158e-04 -3.0068539034e-06 -1.3848333416e-05 -1.7355402806e-06  2.3307572899e-06 -2.2192825182e-05 -8.9971337930e-06  1.2649626772e-05  1.3428346645e-05 -7.2985498808e-06  8.6166132387e-04  2.4483745670e-03  1.1856704468e-03 -6.9848227469e-06  4.0310104845e-06  1.8795061395e-05 -1.2066172105e-05  3.7568521496e-06 -4.7150979774e-06 -2.8123162237e-06 -1.6844136416e-05 -2.9958802242e-06 -5.9388980307e-06 -2.6756593676e-06 -7.4848618160e-08 -2.7823615020e-06  2.0575323107e-06  6.1186664480e-06  1.0183363686e-05  3.0352594225e-06 -6.5618988429e-07 -4.4151355214e-06 -9.3671416165e-07  1.5418324300e-06  4.5522894486e-07  3.1756925136e-06  3.7754189063e-06  5.2418352571e-07 -3.6139947650e-06 -6.5194809764e-06  3.3197215519e-06 -1.7845643249e-06 -6.3607557566e-07 -7.5581485247e-07 -9.9286125928e-07  1.5376109968e-06  2.8796656410e-06 -2.7313001124e-06 -7.9865288253e-08 -2.7270884179e-06 -7.8277323216e-07 -1.4885245632e-06 -2.1958169492e-06  2.6632045853e-06 -2.7386194967e-06  8.6108734771e-06  7.6980228788e-06 -5.7659985844e-06  6.4677162963e-05 -9.8885505644e-06 -1.0366963611e-04

JOB 21
COORDS  6.8813619169e+00 -9.0928947469e-01 -3.2378287794e+00  8.0677479372e+00  9.4271109807e-02 -1.3875284788e+00  5.6827472299e+00 -7.4059281077e-01 -2.5509095133e+00  6.8707435200e+00  2.7504693197e-01 -6.9790131342e-01  8.0837678025e+00 -4.9634222862e-01 -2.6554334751e+00  5.6602412633e+00 -1.4005361998e-01 -1.2791862456e+00  4.1803700434e+00  4.3493533889e-02  7.2358437406e-01  2.4887963628e+00 -1.0632557666e-02  2.4823042129e+00  1.7649999686e+00  2.4938789068e-01  1.1197993344e-01  9.3739712751e+00 -6.3372012860e-01 -3.4094259365e+00  4.4089626379e+00  4.2831353542e-02 -6.5978578421e-01  2.8496788046e+00  1.3269293195e-01  1.0759945122e+00  5.0926004404e+00 -3.5494494357e-03  1.5470884361e+00  9.3557334914e+00 -1.6819213704e+00 -4.2729625138e+00  9.6519034229e+00  4.7268014786e-01 -4.1579426119e+00  1.0436384354e+01 -8.1181016053e-01 -2.5844566469e+00  6.8816046027e+00 -1.3780938773e+00 -4.2167315572e+00  8.9983317960e+00  4.1247183874e-01 -9.2768137058e-01  4.7536051985e+00 -1.0800885959e+00 -3.0044938064e+00  6.8669165754e+00  7.1637146400e-01  2.8898162820e-01  1.9146449588e+00  8.6029655350e-01  2.8194202097e+00  3.4014758458e+00 -8.4575264225e-02  3.0706179069e+00  1.8848853567e+00 -9.1338202906e-01  2.6395851425e+00  1.5416405801e+00 -7.0090648314e-01 -3.9668627716e-01  1.9782330738e+00  1.0184385387e+00 -6.3760279021e-01  8.5984431883e-01  5.5634847679e-01  6.3963395675e-01  3.6251427445e+00 -2.0279504118e-01 -1.2485696043e+00
ENERGY -8.721547159802e+02
GRADIENT -1.8772715013e-04  8.1244137904e-05  2.1983288314e-04  2.4099480331e-04  2.9180822156e-05 -7.7854582725e-07  3.8215974696e-04 -1.1803270978e-03  4.1959626279e-04 -1.1625611817e-04 -3.8531966472e-04 -6.0039201070e-04  2.4388650320e-04  4.6631717250e-05  2.9006790358e-06 -6.5883441215e-04  1.1333300871e-03 -4.8811320917e-04 -2.6998062009e-04 -1.8745458718e-03 -1.5500202731e-04 -4.9789904214e-05  6.9446303594e-05  6.3735574325e-06  5.9396720236e-05  1.6960327693e-04  1.1341304635e-05  4.6000158480e-06  4.6757050814e-05  3.6596353195e-05  2.6482479692e-04  1.8037961073e-03  4.2155490781e-04 -1.8376613904e-05 -2.4093661120e-05  1.3562486558e-04  8.4326400584e-06  2.3618741819e-04  4.6592445843e-07  1.8153152203e-05 -1.9629896176e-05 -3.3150662706e-05  1.3931748225e-05 -7.5322909521e-06 -3.5133126138e-05  3.9900431085e-05 -3.8369935325e-06 -3.4678812886e-05  4.3682273504e-05  1.5627099711e-05  2.4893220473e-05  2.9139803086e-05 -5.0113589519e-06 -3.9002978714e-05 -2.3469823405e-05  6.3250849798e-05  5.9665980226e-05 -1.2633433000e-05 -9.3982286126e-06 -7.0326925528e-05 -1.8736710035e-05 -1.5542896983e-05  2.3953492274e-05 -2.3467228371e-06  3.6378175869e-05  2.7759423509e-06  2.1639929192e-05 -1.2286155355e-05 -6.8926401097e-06  2.2756833113e-06 -8.7184979227e-06 -5.2082013332e-06  3.3506190333e-05 -3.0737922761e-05 -1.6593469112e-05 -1.8193029719e-05 -4.2725458769e-05  2.1986337968e-05 -3.7041824299e-05 -7.0601927657e-05  3.4424765487e-05

JOB 22
COORDS  6.8297869030e+00 -7.6781229979e-01 -3.3269533571e+00  8.0792001477e+00 -2.0768583260e-02 -1.3977423040e+00  5.6497367083e+00 -6.3415926613e-01 -2.6034129153e+00  6.9015248994e+00  1.2024169348e-01 -6.6592323727e-01  8.0547064759e+00 -4.6408777920e-01 -2.7238239825e+00  5.6679309407e+00 -1.8497651915e-01 -1.2689309276e+00  4.1967152308e+00  9.0962726954e-02  7.4793067539e-01  2.5111906254e+00  1.7619096914e-01  2.5100906675e+00  1.7719621176e+00  9.1929311078e-02  1.3160004386e-01  9.3263785245e+00 -5.5897249620e-01 -3.5140628776e+00  4.4273265509e+00 -5.0075765505e-02 -6.2264719513e-01  2.8623177580e+00  1.7024865010e-01  1.0935533882e+00  5.1070609745e+00  1.5770963175e-01  1.5737676883e+00  9.2593111765e+00 -1.5088451424e+00 -4.4829734972e+00  9.6268583275e+00  6.1140023650e-01 -4.1479360707e+00  1.0396753780e+01 -8.5556836759e-01 -2.7348189788e+00  6.7973364728e+00 -1.1203583041e+00 -4.3530180508e+00  9.0276709670e+00  2.1136725878e-01 -9.2295227449e-01  4.7020303804e+00 -8.8365552167e-01 -3.0768566762e+00  6.9260705470e+00  4.4766964472e-01  3.6358146676e-01  1.8894174825e+00  1.0479775640e+00  2.7444039988e+00  3.4270703963e+00  2.2370397277e-01  3.0959720205e+00  1.9596636919e+00 -7.3363693257e-01  2.7793947907e+00  1.6544533905e+00 -9.1427413153e-01 -2.9761185948e-01  1.8952467058e+00  8.1888024042e-01 -6.7939743838e-01  8.3897922427e-01  3.3975377477e-01  6.4062242763e-01  3.6319923586e+00 -2.5062709091e-01 -1.2112893122e+00
ENERGY -8.721552570988e+02
GRADIENT  8.0684358503e-05 -1.1133152287e-04 -2.5163583656e-04  3.7162728105e-04  1.1692690975e-04  2.3603944025e-04 -3.1229874283e-06 -5.1881649734e-04  2.4739417003e-04  4.1110755569e-05 -7.1822657761e-06 -2.0433372410e-04 -4.0643411072e-04  3.0900304685e-05  1.6388165019e-04 -3.7693507142e-05  4.2933820483e-04 -3.5818719241e-04 -2.0546013316e-04 -1.0298218271e-03  2.6975869475e-04  7.1802716671e-05  3.8263354222e-05 -5.7540911705e-06 -4.9483273976e-05 -4.6795995148e-05 -3.3907371089e-05 -6.3250565538e-06  2.0929726585e-06  2.1872717779e-05  2.3560100938e-04  7.1042240297e-04 -4.5545692304e-05  3.0878048558e-05  1.3633569624e-04 -9.3075428985e-05 -7.2190565657e-05  1.4909735870e-04  4.3038932144e-05 -4.4718424574e-05  2.4618683284e-05  3.2339176606e-05 -1.8162357717e-05  7.0859841858e-07  3.5799879869e-05 -2.8489314157e-05 -3.0219071680e-06  3.2826990053e-05 -3.6335794896e-05 -9.9516890913e-06 -3.2739502048e-05  3.9068127233e-05  2.0778990412e-05  4.1742674013e-05  1.9902117445e-05 -1.8564309448e-05 -1.2738599456e-05  4.0343185542e-05 -1.8700327081e-05 -2.7614019926e-05  1.0230222881e-05  9.6662555475e-06  7.5655425732e-06  1.0911685545e-05 -2.8650723885e-05  1.0533536204e-05 -8.2688907621e-06  6.7606195554e-06 -2.7001989074e-05  3.0031746140e-05  1.6130088405e-05  1.4914422473e-05 -4.1583515104e-06 -3.5496020525e-06 -1.1497199542e-05 -1.8617133741e-05  3.5186955919e-06 -1.7656540184e-06 -5.2931019400e-05  1.1848483957e-04  1.9120446183e-05

JOB 23
COORDS  6.8795492634e+00 -6.2457060006e-01 -3.3134138608e+00  8.1254976053e+00 -2.1192893254e-01 -1.2859722262e+00  5.6941115018e+00 -5.3078330620e-01 -2.5932843670e+00  6.9429257499e+00 -1.1532558623e-01 -5.5425313167e-01  8.1068285847e+00 -4.6872526417e-01 -2.6599986745e+00  5.7074383165e+00 -2.7464821827e-01 -1.2079479299e+00  4.2066837983e+00  3.8545130969e-02  7.8599323398e-01  2.4921350463e+00  3.7303169484e-01  2.4889380234e+00  1.7953572444e+00 -1.9587973498e-01  1.6471769210e-01  9.3868925391e+00 -5.1705583568e-01 -3.4407188713e+00  4.4611212811e+00 -2.0137905878e-01 -5.6444861030e-01  2.8691311659e+00 -2.3824236470e-03  1.1295078432e+00  5.0996065163e+00  2.5990521476e-01  1.6043945480e+00  9.2980848009e+00 -1.3343218957e+00 -4.5223859016e+00  9.7452765776e+00  7.0963997802e-01 -3.9188281318e+00  1.0431009439e+01 -9.5427728272e-01 -2.6925594539e+00  6.8489978696e+00 -8.2822209305e-01 -4.3791586220e+00  9.0745856619e+00 -9.2997195556e-02 -7.7223644176e-01  4.7447382611e+00 -6.6037509160e-01 -3.1096014663e+00  6.9623449159e+00  8.0360861554e-02  5.0811906276e-01  1.9527790515e+00  1.3291152068e+00  2.4978578362e+00  3.3960324243e+00  4.7071055636e-01  3.0869801126e+00  1.8507608433e+00 -3.9843252951e-01  2.9295807956e+00  1.9078695193e+00 -1.1370187117e+00 -3.8751100945e-01  1.7122444032e+00  6.3583838709e-01 -5.4981340543e-01  8.4905550049e-01 -2.5842355091e-01  7.0411949772e-01  3.6702505751e+00 -3.3760707831e-01 -1.1765019412e+00
ENERGY -8.721554151572e+02
GRADIENT  1.9792940497e-05  1.0495912272e-06 -6.8173671287e-05  8.3158461372e-06  3.5079951482e-05  4.9033172847e-05  2.1051427913e-05 -4.2658360575e-05  5.5621270995e-05  3.1322290458e-05 -2.3304275317e-05 -2.0464666640e-05 -4.5024605311e-05 -5.0548609558e-05  4.7735601065e-05 -6.3238662884e-05  4.4221514502e-05 -2.8346061465e-05  4.0387181231e-05 -4.9232166583e-05 -3.0356553793e-05 -1.6564817991e-05  3.6225596087e-05 -2.0011706859e-05  1.2911037351e-05 -1.7055409696e-05 -7.1305525852e-06 -4.6948675628e-05 -4.3811224865e-05 -1.5353083485e-05  1.0115992785e-05  6.9291587219e-05 -1.4503327976e-05  7.3481801481e-06 -7.5838228419e-05  5.5549643040e-05 -2.3308856831e-05  9.6592332695e-06 -8.6951064451e-07  6.0736200586e-06  2.9339177023e-05  1.9290750870e-05  1.1086352152e-05  7.1938672392e-06 -1.4322212926e-05 -1.1003670944e-05  2.8138345617e-06 -2.8589053730e-05 -1.1205774765e-05 -2.2797087759e-06 -9.3040023804e-06  2.1643697165e-06  1.1056012937e-06 -3.2559539336e-06  2.0860810369e-06  2.4812548742e-07 -1.9457747803e-06 -4.7294250261e-06  1.4045289974e-05 -2.4635914952e-06 -1.5998893707e-05 -7.7929142339e-06 -4.1171364355e-06 -2.1656505480e-06  2.4090388812e-06  3.6792135983e-06  1.0877303302e-05 -4.3470326178e-06  1.8372160469e-05  1.1124345761e-05  1.1363765737e-05  9.2101974606e-06 -9.1554303678e-06  3.9804527557e-06 -1.7360946235e-06 -1.2500763261e-05  3.1578017892e-05  7.4575714044e-06 -1.7238220042e-05  2.5878338625e-05 -1.4419601012e-05

