JOB 0
COORDS  1.6616463029e+00 -1.4230404571e+00 -2.1756159836e-02  3.0139072249e+00 -1.2169702654e+00  1.9633952470e+00  5.8594224542e-01 -8.6453366844e-01  6.3689428571e-01  1.9560706965e+00 -6.4643052092e-01  2.6404122885e+00  5.2020263222e+00 -2.7253804455e+00  5.6210695974e-01  4.0924195083e+00 -2.3703374454e+00 -1.5125888527e+00  6.2490667984e+00 -3.2873677318e+00 -1.5860204113e-01  5.1899922499e+00 -2.9532399659e+00 -2.1347883482e+00  2.9243136535e+00 -1.6295111353e+00  6.0341884503e-01  4.0457486211e+00 -2.2259160196e+00 -9.8464763447e-02  6.5683564890e-01 -4.3012299796e-01  2.0232415567e+00  6.2835566714e+00 -3.4212908945e+00 -1.4998684695e+00 -3.2181592332e-01  8.7965156211e-02  2.6360810383e+00  1.5209986871e+00 -1.7451390403e+00 -1.0523130159e+00  3.9616894844e+00 -1.3233568879e+00  2.4887542826e+00 -3.6958808080e-01 -7.4084761479e-01  1.2964819566e-01  2.0700464316e+00 -3.2575328596e-01  3.6747260367e+00  5.2751006705e+00 -2.6963915897e+00  1.6447956880e+00  3.2792635343e+00 -2.0049740069e+00 -2.1320067558e+00  7.1216794968e+00 -3.6663941660e+00  3.7667972466e-01  5.1993010078e+00 -3.0457405023e+00 -3.2224466782e+00
ENERGY -5.541165834644e+02
GRADIENT -8.1865070705e-05 -1.5674935585e-04  7.4328255741e-05  4.9572059718e-05  1.1175639325e-05  3.7435972474e-05  5.0431464044e-05 -1.6818678754e-05 -2.7598574911e-06 -7.6108948661e-06 -3.4947463645e-05 -1.1874299130e-04 -9.6230203440e-05 -1.8483552434e-04 -1.5808943776e-05  8.8849678191e-06 -1.5113222506e-05  1.7252077934e-05  1.0299578301e-04 -4.5726593169e-05  1.5492517083e-04 -5.7210351450e-05  1.1964369579e-05 -1.7297348016e-04  5.6119451463e-05  1.2263536891e-04 -9.2899452182e-05  1.1992988472e-04  2.3021382598e-04  6.8968570305e-06 -6.4810187354e-05  4.3747541724e-05  6.3815885634e-05 -8.6583216213e-05  5.2973149663e-05  4.7567511635e-05 -2.7446342419e-05  1.0238421981e-05  7.1597694926e-06 -4.4627489995e-06 -8.2216031722e-06  8.0842971284e-06  8.5458424455e-06 -1.4450196231e-05  4.3058314724e-07  4.0009909778e-06  5.5683759444e-06  1.4292570141e-05 -5.2252109290e-06 -7.5299975534e-07 -1.7517507815e-05  1.2945322315e-05 -2.0550903438e-06 -4.1945860042e-07  1.5487937414e-05 -7.3578387050e-06 -9.1000412814e-06  6.1926963511e-06  2.4293985890e-06  2.9643903617e-05 -2.2862655670e-05  7.5567664590e-06 -2.0030314873e-05

JOB 1
COORDS  1.6422517277e+00 -1.5130202325e+00  9.8534874108e-03  3.0571220307e+00 -1.0819977024e+00  1.9171118020e+00  5.5516167037e-01 -9.9226919618e-01  6.8302720630e-01  1.9892809560e+00 -5.3889316598e-01  2.6029499648e+00  5.1366808104e+00 -2.8185710976e+00  5.6707157135e-01  4.1538159256e+00 -2.2325987420e+00 -1.5228997978e+00  6.1753592105e+00 -3.4028099752e+00 -1.4964621783e-01  5.2343646145e+00 -2.8521394088e+00 -2.1408901506e+00  2.9398535923e+00 -1.5765055231e+00  5.8871985316e-01  4.0607678180e+00 -2.1823682663e+00 -1.0678414557e-01  6.5370965219e-01 -4.5710087535e-01  2.0320253234e+00  6.2603141963e+00 -3.4415859543e+00 -1.4945964484e+00 -3.3451771652e-01  3.1902287420e-02  2.6549023031e+00  1.4911694664e+00 -1.9257862143e+00 -9.8741408716e-01  4.0361386821e+00 -1.0918848138e+00  2.3962981705e+00 -4.3021951456e-01 -9.8353314008e-01  2.1975045436e-01  2.1215017827e+00 -1.3945159647e-01  3.6072676852e+00  5.1443945865e+00 -2.8761023002e+00  1.6518225500e+00  3.3929740352e+00 -1.7594477007e+00 -2.1374282059e+00  6.9903456925e+00 -3.8895582724e+00  3.8917154571e-01  5.2901021876e+00 -2.8703202160e+00 -3.2308360493e+00
ENERGY -5.541157874431e+02
GRADIENT -6.2751730772e-04 -2.3528776913e-03  1.1827551884e-03 -5.5540661002e-05  3.3047249125e-05 -6.4015673971e-06 -7.9821404446e-06  4.9426742225e-06 -9.8296013863e-06 -5.2609983892e-06 -4.1936193398e-07 -1.2855013968e-05 -1.3372117214e-03 -2.4067779062e-03 -1.0565507824e-04  2.2115452040e-05 -6.5657139801e-06 -1.4395886612e-05 -5.3228321360e-06  6.0487271801e-06 -8.7165186055e-06 -1.2366337585e-06  3.0171874217e-06  1.6087357260e-05  2.9634940837e-04  2.2764767889e-03 -1.7805795719e-03  1.7319864494e-03  2.4535471626e-03  7.3494165216e-04  4.0667338080e-06 -6.4206452605e-06  6.6309499080e-06  5.8518558228e-06 -7.3145257766e-06  3.5279898934e-06 -9.4187674903e-06  5.8870534392e-06  1.2802695079e-06  2.8951595758e-06 -5.1298126758e-06  4.4131594377e-06 -3.6929978615e-07 -5.6516740684e-06 -2.2808346730e-06 -8.8110220048e-07  4.1526704463e-06  8.1626700685e-07 -8.1660430096e-07  5.1339012180e-06 -3.9103845763e-06 -4.8334579248e-06 -1.3483933983e-06  5.4595274370e-06 -3.2735249540e-06  1.8881918592e-08  1.1027942459e-06 -9.0015830608e-07  2.3133815427e-07  1.7226087244e-06  1.8782876461e-06 -2.2084758771e-06  4.0775414651e-06

JOB 2
COORDS  1.6421554757e+00 -1.5833660436e+00  3.9909391609e-02  3.0920788124e+00 -9.4947826646e-01  1.8639911838e+00  5.4442614015e-01 -1.1087679678e+00  7.3278272976e-01  2.0129947426e+00 -4.4562829153e-01  2.5644974769e+00  5.0661935556e+00 -2.8929643613e+00  5.6500441548e-01  4.2257772453e+00 -2.1168246359e+00 -1.5271886239e+00  6.0893022718e+00 -3.5176480835e+00 -1.4198040635e-01  5.2808181158e+00 -2.7877739540e+00 -2.1376865766e+00  2.9604958028e+00 -1.5049099176e+00  5.6306443673e-01  4.0852203622e+00 -2.1298447926e+00 -1.1662049823e-01  6.5514983914e-01 -4.8968567939e-01  2.0441027036e+00  6.2279869162e+00 -3.4878268005e+00 -1.4823566797e+00 -3.4287206137e-01 -3.8241097616e-02  2.6813832251e+00  1.4919187334e+00 -2.0657466356e+00 -9.2649082817e-01  4.0885769160e+00 -8.8013012333e-01  2.3025187614e+00 -4.5687320753e-01 -1.2068570738e+00  3.1616513319e-01  2.1517017500e+00  1.1038547552e-02  3.5433016214e+00  5.0106931967e+00 -3.0070783174e+00  1.6442967111e+00  3.5206621434e+00 -1.5572702990e+00 -2.1366488393e+00  6.8370326590e+00 -4.1017719868e+00  3.9743048524e-01  5.3825592363e+00 -2.7570290613e+00 -3.2239392484e+00
ENERGY -5.541132098815e+02
GRADIENT -8.7807606830e-04 -5.0151144031e-03  2.9481487691e-03  9.6810322151e-05 -4.8077883369e-05  2.2654797371e-05 -5.9936873058e-05 -8.5110477456e-06 -3.9800745309e-05  1.7443619896e-05  3.2223969585e-05  7.3431095681e-05 -3.2924343763e-03 -4.9432951064e-03 -6.9675238243e-04 -6.9995335329e-05  2.7037626666e-06  2.0762738574e-05 -2.9963778371e-05  1.1811494810e-06  6.3261655902e-05 -1.6253865889e-05  1.6861504857e-05 -1.4968798814e-04 -4.8315202188e-04  4.9663994913e-03 -4.9797143451e-03  4.6529597998e-03  4.9920064621e-03  2.7820525709e-03  3.9476205598e-05 -9.3227516608e-06 -2.4839791542e-05 -3.8694016460e-05  2.9560900305e-05  1.5106984070e-05  6.5956096571e-05 -2.5213175706e-05 -4.2342404795e-05 -3.9327725086e-06 -2.5864125046e-06  5.6358001130e-07 -4.8994388197e-06  4.9153385559e-06 -3.8297856517e-07 -7.3691420932e-06 -4.3790638997e-06 -9.2221495589e-06  1.0375928565e-05  1.3187044670e-06  1.3783551735e-05  8.5589007454e-06 -1.0063806580e-05  1.0479616500e-05  1.5119822179e-05 -4.1309577429e-06 -1.3127697106e-05 -7.7403547936e-06  2.4131423984e-06  1.5240131708e-05 -1.3497623654e-05  5.9207888612e-06 -1.6039480985e-05

JOB 3
COORDS  1.6437228345e+00 -1.6596387430e+00  8.2175129023e-02  3.1133785835e+00 -8.1881078065e-01  1.8014349904e+00  5.4162578309e-01 -1.2253029458e+00  7.9787970830e-01  2.0280416102e+00 -3.5105729182e-01  2.5204232770e+00  4.9826258444e+00 -2.9649379791e+00  5.4836977882e-01  4.3060349227e+00 -2.0053144740e+00 -1.5258312002e+00  5.9909776398e+00 -3.6260401070e+00 -1.4916139645e-01  5.3364657711e+00 -2.7210325262e+00 -2.1309402260e+00  2.9706343525e+00 -1.4428200509e+00  5.3497929351e-01  4.1047274774e+00 -2.0854365868e+00 -1.2770199378e-01  6.5760733713e-01 -5.2042548665e-01  2.0638283320e+00  6.1941490687e+00 -3.5276834861e+00 -1.4772614989e+00 -3.4550729403e-01 -1.0389896673e-01  2.7190289721e+00  1.4948535702e+00 -2.2088173741e+00 -8.4867584245e-01  4.1199796392e+00 -6.7060979282e-01  2.1965803518e+00 -4.6515681728e-01 -1.4246328142e+00  4.3371565999e-01  2.1723814474e+00  1.6435314206e-01  3.4688815548e+00  4.8608443940e+00 -3.1313484555e+00  1.6155713695e+00  3.6641347337e+00 -1.3653577564e+00 -2.1264166358e+00  6.6639034710e+00 -4.3001767904e+00  3.8343782296e-01  5.4917849357e+00 -2.6399971280e+00 -3.2080961600e+00
ENERGY -5.541089091644e+02
GRADIENT -6.4834105364e-04 -6.5873048592e-03  4.8761837012e-03  8.7327200775e-05 -4.1800973546e-05  4.0751194247e-06  1.2800766074e-04  2.2892237845e-05  4.7933457954e-05  4.2722662459e-05  3.7416055306e-06  2.3589787372e-05 -4.9425355065e-03 -6.4676941979e-03 -2.0452065885e-03 -1.3166438894e-04  1.1239561021e-04 -1.1734195772e-04 -2.4811537706e-05  4.2190106635e-05 -1.2606622088e-04  2.7228092655e-07 -5.8546862949e-05  2.9658691951e-04 -1.7653835914e-03  6.4547666587e-03 -8.6073916998e-03  7.2544441121e-03  6.5759773962e-03  5.6722826654e-03 -8.4017052350e-05  1.9586143025e-06  1.0342909752e-05  1.0439999847e-04 -6.4091615025e-05 -5.4476226741e-05  3.3597137193e-06  1.2038783397e-05  1.5398469192e-05  6.5669314276e-06 -1.3263871508e-06 -1.4523511246e-05 -4.6861258737e-06  5.7539876328e-06 -4.0476904184e-06  1.7438317270e-05 -1.3182851102e-06  6.7977713603e-06 -1.3574159991e-05 -2.3281112091e-06  4.0144955605e-06 -2.3770183876e-06  8.7293957285e-07 -1.2984417692e-06 -1.7651601871e-05  1.6286208451e-05  9.8182597485e-06  7.0520246931e-06  6.0200903591e-06 -2.5276116540e-05  1.8037178633e-05 -1.4616322108e-05  3.2343616845e-05

JOB 4
COORDS  1.6384641328e+00 -1.7761878658e+00  1.5755307473e-01  3.1207364352e+00 -6.9359756450e-01  1.7213855072e+00  5.3989723171e-01 -1.3487231038e+00  8.8773485721e-01  2.0361329435e+00 -2.3352549789e-01  2.4517398914e+00  4.8855725336e+00 -3.0651172178e+00  5.1517628365e-01  4.4046501682e+00 -1.8881483097e+00 -1.4990717142e+00  5.8988962750e+00 -3.7280533832e+00 -1.7649938408e-01  5.4311975877e+00 -2.6123997854e+00 -2.1058581040e+00  2.9619935218e+00 -1.4291084345e+00  5.2165091770e-01  4.1120249076e+00 -2.0783200558e+00 -1.3207463625e-01  6.6225594011e-01 -5.2752873006e-01  2.0798455513e+00  6.1921836312e+00 -3.5243088926e+00 -1.4745243097e+00 -3.3855825809e-01 -1.1772411274e-01  2.7459828883e+00  1.4879941028e+00 -2.4104002454e+00 -7.1771971175e-01  4.1322009449e+00 -4.5760639814e-01  2.0575603468e+00 -4.6595242432e-01 -1.6401042481e+00  5.8826090853e-01  2.1883119241e+00  3.6788813673e-01  3.3470273320e+00  4.6837447909e+00 -3.3067188140e+00  1.5555722176e+00  3.8337028357e+00 -1.1633043885e+00 -2.0741047800e+00  6.4961984318e+00 -4.4873990838e+00  3.3066089462e-01  5.6619285971e+00 -2.4507256707e+00 -3.1600577630e+00
ENERGY -5.541037023730e+02
GRADIENT  1.4835759882e-04 -6.3735346893e-03  5.4942142057e-03  5.2644858970e-04 -6.0851109534e-05 -8.5134247042e-05 -5.3050270668e-06 -3.3759912216e-06  2.1366089548e-05  1.0535956016e-05  9.7645228445e-06  4.4405772736e-05 -5.3979048113e-03 -6.0948359522e-03 -2.8814554978e-03 -2.2530607820e-04  2.1337170447e-04 -1.1732919421e-05  1.9060424247e-05 -2.0461514609e-05  1.9739542539e-05  6.5081200967e-07  1.1207639990e-05 -2.2089474070e-05 -3.3897661179e-03  6.2916660004e-03 -9.9384332482e-03  8.2938468448e-03  5.9867530668e-03  7.3763645145e-03  1.8790494133e-05  2.5399785359e-05 -3.5286495333e-05 -2.2442332149e-05  5.0892595482e-06  5.2065038798e-06  1.0094342087e-05 -5.3120357441e-06  5.4738645121e-06  4.4751771359e-06  2.7369184401e-06 -2.4586709102e-06 -5.6820088472e-06  7.2784773082e-06  5.5545660544e-06  2.4531679951e-06 -3.3949397507e-06 -2.9651410442e-06  3.8035902856e-06  4.3770786888e-07  5.5821378492e-06  9.1046958279e-07 -9.1945715857e-07 -9.7879587469e-07  3.2971268404e-06 -2.4700629566e-06 -2.4780018376e-06 -6.8418188903e-06 -4.8794283444e-06  7.7114589629e-06 -3.3425914734e-06 -2.3655239076e-06 -4.3114483295e-06

JOB 5
COORDS  1.5878787963e+00 -2.0570956553e+00  3.9311418424e-01  3.1050558147e+00 -5.8776440292e-01  1.5527798088e+00  5.0996265192e-01 -1.4907973439e+00  1.0642444544e+00  2.0401537362e+00 -8.9136002658e-03  2.2338957707e+00  4.7527895198e+00 -3.3513715101e+00  3.9472382426e-01  4.5188953126e+00 -1.7390714334e+00 -1.3392449828e+00  5.8240254025e+00 -3.8916113786e+00 -3.2141971792e-01  5.6000656944e+00 -2.3477973416e+00 -1.9817513441e+00  2.9127237458e+00 -1.6251565536e+00  6.1568668662e-01  4.0577466830e+00 -2.2366978581e+00 -1.0740941582e-01  6.6311135473e-01 -4.2281468788e-01  2.0353001141e+00  6.2612777323e+00 -3.4128640947e+00 -1.4982619358e+00 -3.1750681914e-01  1.0123480396e-01  2.6542489547e+00  1.4107957776e+00 -2.8582334059e+00 -3.2701514027e-01  4.1201041122e+00 -2.3433401155e-01  1.7439036502e+00 -5.0224131919e-01 -1.8447698506e+00  8.7197881841e-01  2.2189392654e+00  7.9054129333e-01  2.9520364163e+00  4.4498517161e+00 -3.7879190714e+00  1.3429043900e+00  4.0277541795e+00 -8.7855407547e-01 -1.7860987001e+00  6.3623898043e+00 -4.7563270046e+00  6.9199089846e-02  5.9568044739e+00 -1.9608277437e+00 -2.9373393771e+00
ENERGY -5.541000775699e+02
GRADIENT  2.6125048984e-05  7.1099716548e-05  4.2998502411e-05 -5.8644993862e-05 -3.1749710581e-05 -1.9736600723e-05 -5.8352875323e-05 -9.2968527884e-06 -3.2409846432e-06 -7.5699996165e-06  2.4426101599e-05  3.0990517303e-05  5.3140550089e-07  9.1041041176e-06  2.0635596431e-05 -1.0196938499e-05  1.9014886006e-05  4.9878833180e-06 -7.8475735777e-06  1.0157444100e-05 -5.3557356688e-06 -4.4841953058e-07 -1.4355185117e-05  1.1751691269e-05  6.2390505635e-05 -4.0034368024e-05  6.2989617633e-08  1.4830661562e-05 -2.9620933747e-05 -5.2203884803e-05  2.6249787156e-05 -5.4281641649e-06 -2.2729647954e-05  4.1412991081e-06  3.7162471163e-06 -6.2764852479e-07  7.0512966612e-06 -7.9231474734e-06 -1.8333897502e-06  2.3331737523e-06  9.3524693806e-06  7.0951594953e-06 -9.3451675853e-06 -3.8360581754e-06 -4.2840464695e-06 -9.8658961088e-06  4.4647215195e-07  2.1765111180e-06 -2.1085833808e-06  6.1644942690e-06  3.8684763319e-06 -1.6828410754e-06  5.1902257529e-08  3.9051584828e-06 -2.5654639718e-06  2.2144694941e-06 -4.5305786341e-07 -2.6996523018e-06  2.7491174226e-06 -7.1498488234e-07 -2.9817764965e-06  7.4467789595e-08  2.0981519638e-06

JOB 6
COORDS  1.6013892513e+00 -2.2638129935e+00  6.5958228391e-01  3.0804472215e+00 -4.9073072459e-01  1.3540782005e+00  5.2699452588e-01 -1.6146759703e+00  1.2488861315e+00  2.0262255065e+00  1.6214740532e-01  1.9732219792e+00  4.6142717408e+00 -3.5657799914e+00  2.3581104510e-01  4.6300397761e+00 -1.6068820610e+00 -1.1179940524e+00  5.7066750898e+00 -4.0218899934e+00 -5.0167520034e-01  5.7298679070e+00 -2.1430627926e+00 -1.7881481286e+00  2.9193259009e+00 -1.7514469254e+00  7.2810756209e-01  4.0083977421e+00 -2.3310953248e+00 -7.8403028365e-02  6.6933261355e-01 -3.5904404387e-01  1.9651392927e+00  6.2807745921e+00 -3.3382341830e+00 -1.5089417542e+00 -3.0392370811e-01  2.3630095717e-01  2.5233137424e+00  1.4320556329e+00 -3.1951317627e+00  1.1594862336e-01  4.0762445783e+00 -4.4564630471e-02  1.3771489259e+00 -4.7635525037e-01 -2.0318076465e+00  1.1744253078e+00  2.1897997317e+00  1.1069235478e+00  2.4900544917e+00  4.2249518456e+00 -4.1599504418e+00  1.0589834084e+00  4.2364814483e+00 -6.3464552159e-01 -1.4027350519e+00  6.1673744852e+00 -4.9800199175e+00 -2.5604514371e-01  6.1969028264e+00 -1.5840664253e+00 -2.6006337200e+00
ENERGY -5.541036710475e+02
GRADIENT -1.5589623760e-03  4.9665724101e-03 -6.4888834424e-03  4.1855129216e-04 -8.7090944473e-05 -8.2778795713e-05 -2.3035748910e-05 -6.8150805899e-06  2.8893043254e-05  4.8336222298e-05  1.0890866585e-04  7.3157282576e-05  5.6097839558e-03  4.0771199101e-03  4.9431448503e-03 -1.4413196716e-04 -3.4775175366e-05  7.8381159726e-05 -8.2577920877e-06 -3.3450392950e-05  4.1363517266e-05  6.5337641464e-05  9.4562896005e-05 -1.6826185067e-04  4.8307396929e-03 -5.5648580774e-03  1.2217550978e-02 -9.2449445448e-03 -3.5277461294e-03 -1.0578492921e-02  9.7830200254e-06  1.1229536248e-05 -1.3075152363e-04 -4.3238254375e-05  5.2308208945e-05  3.1952783154e-05  4.7577792871e-05 -4.0205242521e-05  3.4400009802e-05  1.1047188097e-05 -7.7575448006e-06  8.5327547870e-06 -1.7306567888e-05 -2.7853201519e-06  1.2559688109e-05  1.8508868922e-08 -1.2195532242e-05 -4.2126806773e-06 -6.5201487579e-06  1.9819738452e-05  1.2093645943e-06 -2.0377293709e-06  1.7341507969e-05 -1.4770299513e-05  9.2693743241e-06 -2.7039950289e-05  1.0872216608e-05 -8.3606193713e-07 -4.4617547248e-06 -5.3730436188e-06  1.2986254182e-05  1.4532396989e-05 -1.8624099764e-05

JOB 7
COORDS  1.6545531615e+00 -2.3177898941e+00  7.6843017744e-01  3.0389070492e+00 -3.9777127523e-01  1.2353547793e+00  5.7019869520e-01 -1.6984449646e+00  1.3648973671e+00  1.9770852571e+00  2.2925222427e-01  1.8622664954e+00  4.5084935396e+00 -3.6030640513e+00  1.4151883171e-01  4.7452649615e+00 -1.5453717806e+00 -1.0361399856e+00  5.5929541376e+00 -4.0847279788e+00 -5.8723190798e-01  5.8283520860e+00 -2.1155905951e+00 -1.7020120409e+00  2.9374267971e+00 -1.7136484368e+00  7.1316663051e-01  4.0139225246e+00 -2.2970482460e+00 -8.6555640354e-02  6.6135271435e-01 -3.8098698731e-01  1.9718392080e+00  6.2710339570e+00 -3.3722629524e+00 -1.5083633744e+00 -3.1998781258e-01  1.9126340650e-01  2.5361245407e+00  1.5221035822e+00 -3.2972618336e+00  3.0559216614e-01  4.0024738225e+00  1.1116344508e-01  1.1788226310e+00 -4.0463058921e-01 -2.1837122436e+00  1.3783998104e+00  2.0999476679e+00  1.2187780134e+00  2.3002956624e+00  4.0397870294e+00 -4.2309020600e+00  8.9556645455e-01  4.4435242938e+00 -5.2644380079e-01 -1.2640386228e+00  5.9620532007e+00 -5.0954181121e+00 -4.0504961802e-01  6.3742809830e+00 -1.5312610113e+00 -2.4446924497e+00
ENERGY -5.541088611851e+02
GRADIENT -2.4305411873e-03  4.6125266136e-03 -6.4700421140e-03  4.3984188986e-05  3.3820130808e-05  1.4925027727e-05 -1.6890164903e-04 -6.7532012787e-05 -8.9322982205e-06 -3.9375997651e-05  1.9580227663e-05 -6.8898276260e-08  5.7982904426e-03  3.1959470144e-03  5.2862275276e-03  5.4167670195e-05 -1.0123955021e-04 -3.2369056943e-06  2.8229094888e-05 -5.0168438740e-05 -1.1505518451e-05 -2.4214206766e-05 -2.1156359619e-05  8.6860688604e-06  6.5552778558e-03 -5.1582641048e-03  1.2585393852e-02 -9.9887747443e-03 -2.3754563690e-03 -1.1365453531e-02  1.2820114406e-04 -5.4303794421e-05  2.3502981337e-05  9.7774843386e-06 -7.4458367531e-07  1.1362801351e-05  2.7921961904e-05 -2.8412426726e-05 -4.9657208913e-05 -1.1922216209e-05  6.0141033841e-06  4.5967297893e-06  8.6999313934e-06  9.0720266036e-06  1.5351851995e-05 -2.3237615254e-05 -1.4799199754e-05 -6.7617849677e-06  1.6715576169e-05  9.4972658855e-06 -3.8136307446e-06 -1.0238748902e-06  2.0599721307e-05 -1.3297608173e-05 -9.2387217299e-06 -1.8575834467e-05  5.4817809835e-06  1.2385576617e-05 -4.9632346609e-06 -7.1217715440e-06  1.2379187318e-05 -1.3829549215e-05  2.2635812363e-06

JOB 8
COORDS  1.7057517983e+00 -2.3491024350e+00  8.4871620807e-01  2.9886664451e+00 -3.2368888181e-01  1.1282085814e+00  6.1869248078e-01 -1.7623741024e+00  1.4684235286e+00  1.9233546142e+00  2.7467616940e-01  1.7734325946e+00  4.4174313326e+00 -3.6132316687e+00  5.6429948293e-02  4.8492161792e+00 -1.5034877915e+00 -9.6761006128e-01  5.4986926694e+00 -4.1207726850e+00 -6.5667405412e-01  5.9183236644e+00 -2.1069648195e+00 -1.6236844361e+00  2.9408591556e+00 -1.6688369611e+00  6.7382307199e-01  4.0266770079e+00 -2.2585662988e+00 -9.4581196946e-02  6.5540644236e-01 -4.0528662581e-01  1.9894149912e+00  6.2680148699e+00 -3.4021269082e+00 -1.4989604865e+00 -3.2956056101e-01  1.3939220694e-01  2.5719180148e+00  1.6083305295e+00 -3.3607163578e+00  4.5234055252e-01  3.9168183017e+00  2.3592540025e-01  1.0060818060e+00 -3.2029153372e-01 -2.3046268650e+00  1.5683625633e+00  2.0068505532e+00  1.2923532224e+00  2.1517930384e+00  3.8772052015e+00 -4.2581410968e+00  7.4501077725e-01  4.6282338961e+00 -4.5541629329e-01 -1.1511078958e+00  5.7852924825e+00 -5.1662443895e+00 -5.3003891821e-01  6.5333930872e+00 -1.5158418519e+00 -2.3044963541e+00
ENERGY -5.541132141903e+02
GRADIENT -2.1227493651e-03  2.6778165810e-03 -4.8671897533e-03  2.6379850188e-05  4.5199074739e-05  6.1800541880e-05  1.1551905251e-04  3.7677438249e-05 -3.0745219749e-05 -7.6903680669e-06 -2.8572823218e-04 -1.0970897762e-04  3.9287726593e-03  1.6813222626e-03  4.2628778868e-03 -5.8783039166e-05  4.1318191477e-04 -1.2949088096e-04  1.0297182387e-04 -1.1861622267e-04 -4.8714996721e-05 -2.5720813439e-04 -2.2857244974e-04  2.7171453385e-04  5.3437936851e-03 -3.0528335166e-03  9.4544558117e-03 -6.8623278031e-03 -1.2514606360e-03 -9.0371985412e-03 -1.3844793855e-04  1.0666382182e-04  1.1986689029e-04  6.1700047297e-05 -6.0166530119e-05 -2.5006980717e-05 -1.2432304989e-04  4.8400622200e-05  4.8173758962e-05  1.3229939273e-05  5.1200552113e-06 -3.6737790996e-06  1.6709124899e-05 -9.1062093027e-06 -2.5973978114e-05  1.6906517073e-05  2.8098622704e-05  1.6258974950e-05 -1.3622127101e-05 -5.1300528350e-05 -3.9660473623e-06  1.2001331134e-05 -2.0350432246e-05  3.1080001925e-07 -1.5751363681e-05  6.2729859765e-05  1.0775958423e-05  1.7236472863e-06 -1.0538980655e-05  1.1927105974e-06 -3.3089783472e-05 -2.4272613643e-05  2.7828631537e-05

JOB 9
COORDS  2.8696407686e+00 -2.3936040987e-01  9.1172786939e-01  1.7940175746e+00 -2.3983021268e+00  1.0004130344e+00  1.8139845606e+00  3.2958775542e-01  1.5956716790e+00  7.1831351714e-01 -1.8480518910e+00  1.6680724115e+00  4.8888640039e+00 -1.4875782120e+00 -9.7801107225e-01  4.4047322382e+00 -3.5830710986e+00  4.7536033411e-02  5.9607901927e+00 -2.1079250588e+00 -1.6097993132e+00  5.4947691659e+00 -4.1061833650e+00 -6.3977041562e-01  2.9061722964e+00 -1.6208322779e+00  5.7464384021e-01  4.0519636621e+00 -2.2146130053e+00 -9.0173522959e-02  6.5211260129e-01 -4.3727582526e-01  2.0173593893e+00  6.2945471485e+00 -3.4067775644e+00 -1.4692825628e+00 -3.2659770957e-01  7.5338786612e-02  2.6362057494e+00  3.7232143347e+00  3.8684443694e-01  6.5245423796e-01  1.7674494919e+00 -3.4588162485e+00  7.5050021073e-01  1.8296820565e+00  1.3861381667e+00  1.8585709614e+00 -1.3346577908e-01 -2.4655339641e+00  1.9489180491e+00  4.6830304919e+00 -4.4196256603e-01 -1.1893911107e+00  3.8432845748e+00 -4.2279126809e+00  7.1758452819e-01  6.5890529560e+00 -1.5302422186e+00 -2.2902048232e+00  5.7541270476e+00 -5.1585274966e+00 -5.1037401296e-01
ENERGY -5.541158103131e+02
GRADIENT  1.0883479390e-03 -5.4388723961e-04  2.4037880864e-03  3.3968867787e-05 -6.8304103299e-05  8.2639538120e-06  3.1461739164e-05 -6.2187585026e-06  5.2558337288e-06  1.1054930251e-04  5.8898567506e-05 -2.2309963335e-05 -1.5705143697e-03 -6.3310016476e-04 -2.1158253854e-03 -6.7119251464e-05 -4.8165986030e-05  4.3620578049e-05 -7.7447029927e-05 -1.5773844435e-04  1.1033548238e-04  7.4402989557e-06  2.2968327089e-04 -7.8363303852e-05 -2.5792789297e-03  4.4736597436e-04 -4.7469212552e-03  3.0522582138e-03  7.6666916204e-04  4.4316653370e-03 -1.0068935492e-04  2.9405459909e-05 -1.3722941047e-05  1.1178457190e-04 -7.0411533732e-05 -5.8439029455e-05 -6.2483138879e-06  1.5069057730e-05  2.9585727847e-05 -2.3820524666e-05 -5.4788633977e-06  8.6544244357e-06  9.5034087905e-06 -1.3136031629e-05 -1.2178042669e-05 -1.0422107294e-05 -5.5990026071e-06  4.7989726722e-06  1.2668238852e-05  1.2260931331e-05 -9.2707454973e-07  1.8868782241e-07 -8.8107855620e-06 -4.8762795906e-06 -2.0138948103e-05 -4.2620017011e-06  1.4141357468e-05 -9.2468386238e-08 -3.3109150094e-05  7.7011488655e-06  9.4819072593e-06  2.4820654168e-05 -1.7546378872e-05

JOB 10
COORDS  2.8139648076e+00 -2.2448824483e-01  8.1800974425e-01  1.8485209959e+00 -2.4128191241e+00  1.1197496235e+00  1.7519039068e+00  3.5043112726e-01  1.4846304791e+00  7.7071120019e-01 -1.8608069935e+00  1.7804033321e+00  4.9650720802e+00 -1.4683901270e+00 -8.7327625987e-01  4.3367133930e+00 -3.6137307779e+00 -5.9227913471e-02  6.0291730482e+00 -2.0874881584e+00 -1.5182617677e+00  5.4281027384e+00 -4.1314517467e+00 -7.4662694731e-01  2.9187195170e+00 -1.6283162589e+00  6.0305743830e-01  4.0463802785e+00 -2.2218186392e+00 -9.1406187863e-02  6.4518870655e-01 -4.3070569063e-01  2.0144145563e+00  6.2959524363e+00 -3.4086467816e+00 -1.4829367635e+00 -3.3651846067e-01  8.6316563477e-02  2.6232448500e+00  3.6155708586e+00  4.2645628820e-01  4.7272475748e-01  1.8572243911e+00 -3.4903876785e+00  9.6358252688e-01  1.7173970578e+00  1.4267782618e+00  1.6456562091e+00 -3.8183496699e-02 -2.4928234791e+00  2.1435668814e+00  4.8358995247e+00 -3.9779181788e-01 -9.9769262012e-01  3.7221214360e+00 -4.2924884413e+00  5.2384780131e-01  6.7151223805e+00 -1.4832232440e+00 -2.1148560922e+00  5.6282945938e+00 -5.2034668214e+00 -6.9870537141e-01
ENERGY -5.541165835893e+02
GRADIENT  9.8969361689e-05  2.5558001449e-05  1.9920498433e-04  1.5677844067e-05  2.3398801351e-05  1.4783892702e-05  9.1837667865e-07 -3.4236826956e-05 -5.5055265328e-06  1.3924381485e-05  3.4116704443e-06 -6.5329990392e-06 -6.9413049756e-05 -2.6432168808e-05 -2.0667795476e-04 -1.3262988275e-05  9.2400081022e-06 -1.1966746075e-05 -6.3058847513e-05 -8.9510726314e-05  5.2349996947e-05  2.6453824186e-05  1.3685092412e-04 -3.6135123132e-05 -2.4898659563e-04  2.5389554282e-06 -3.7942670324e-04  2.2253849522e-04  3.6805154803e-05  3.9621569456e-04 -1.6825933087e-05  1.8361092424e-05  1.3392619301e-05  6.1377600490e-05 -4.8073835035e-05 -3.1746041108e-05 -1.0557688563e-05  1.7003416455e-06  6.6715169474e-06 -3.4363727702e-05  4.5661753697e-07  2.1830094561e-05  1.1442595689e-05 -1.8014187943e-05 -1.0196544187e-05 -3.6565824244e-06 -4.1867635181e-06  1.6175888094e-08 -6.1339754791e-07  5.0371974911e-06 -6.0174598205e-07  8.1691216770e-06 -3.0313274288e-05 -7.7378849069e-06 -2.9064548621e-05  4.4518825374e-06  1.1269912104e-05  2.9414779771e-06 -2.3165339713e-05  5.6918205027e-06  7.3782105848e-06  1.6276012573e-05 -1.3448521785e-05

JOB 11
COORDS  2.7373448729e+00 -2.1889060523e-01  6.9319905718e-01  1.9228041167e+00 -2.4167454163e+00  1.2482675659e+00  1.6716705981e+00  3.5668905276e-01  1.3524132297e+00  8.4799206110e-01 -1.8658368738e+00  1.9136896990e+00  5.0573708679e+00 -1.4591535859e+00 -7.4251738519e-01  4.2534041795e+00 -3.6274653764e+00 -1.9482967847e-01  6.1156061206e+00 -2.0783385717e+00 -1.3963428689e+00  5.3496604504e+00 -4.1441083217e+00 -8.7455337035e-01  2.9208894126e+00 -1.6291387640e+00  6.0498765374e-01  4.0474673457e+00 -2.2228515451e+00 -9.2344963737e-02  6.4295897692e-01 -4.2961351693e-01  2.0145964715e+00  6.3008020471e+00 -3.4107078255e+00 -1.4870949676e+00 -3.3899651190e-01  8.7673854856e-02  2.6220860582e+00  3.4615692865e+00  4.4461635164e-01  2.2489201746e-01  1.9994235963e+00 -3.5018554945e+00  1.2214016307e+00  1.5690832759e+00  1.4398306507e+00  1.3961090468e+00  1.0751719859e-01 -2.5049273552e+00  2.3921352039e+00  5.0215343824e+00 -3.7479584925e-01 -7.4093720975e-01  3.5565331102e+00 -4.3256018190e+00  2.5696081572e-01  6.8726606277e+00 -1.4617368428e+00 -1.8845880968e+00  5.4766454781e+00 -5.2267464501e+00 -9.3355564275e-01
ENERGY -5.541165252427e+02
GRADIENT  1.1581593578e-04  1.0950364660e-04 -7.5126811675e-05  9.7248172964e-07  2.8399628038e-05 -6.0824132656e-06 -6.2526407403e-06 -1.3415644798e-04  9.5491295346e-06 -4.5546719207e-05 -5.9200540209e-05  2.9431279283e-05  5.5659703917e-06 -5.7087312652e-05 -5.6245444896e-06  4.2842026470e-05  6.4352031262e-05 -2.4845009030e-05  4.5867645235e-05  7.7798013573e-05 -3.0390939382e-05 -1.3026269455e-05 -1.1730920676e-04  8.4268048419e-06 -6.9036743124e-05  2.5465153346e-05  3.9736634826e-05 -4.9851123984e-05  4.3738169289e-05  3.2460443240e-05  3.3571799259e-06  4.1834216233e-05 -1.3107398564e-05 -4.9199951284e-05  2.4928160877e-05  3.2406036027e-05 -3.0390849058e-06 -2.1742632521e-05  2.3587774562e-06  1.1690396495e-05  1.1400138186e-05 -4.7855702275e-06 -1.0881245307e-06 -1.0330821847e-05  6.8427759940e-06  1.3721773492e-05 -1.2766193366e-05 -4.5775183208e-06 -4.7914905185e-06 -2.6463272493e-06  7.7875535620e-06  4.6876026833e-06 -1.5044437377e-05 -2.3946685081e-06 -2.0117467175e-06  3.9529263625e-06 -1.9761861990e-06  3.3921298211e-06  1.1605800210e-05 -3.3128495138e-06 -4.1302213630e-06 -1.2848366507e-05  3.3144103635e-06

JOB 12
COORDS  2.6587844567e+00 -2.2937900450e-01  5.7038154703e-01  2.0061187120e+00 -2.4081648377e+00  1.3696972988e+00  1.5883074667e+00  3.4537589938e-01  1.2235478244e+00  9.3457594363e-01 -1.8558924632e+00  2.0402562113e+00  5.1356174398e+00 -1.4634415971e+00 -6.0281221239e-01  4.1667334855e+00 -3.6191010195e+00 -3.3027123514e-01  6.1883081558e+00 -2.0828178380e+00 -1.2660026156e+00  5.2677136136e+00 -4.1364855694e+00 -1.0024645901e+00  2.9217829703e+00 -1.6284368213e+00  6.0723324280e-01  4.0460988516e+00 -2.2220683896e+00 -9.2533599462e-02  6.4490896242e-01 -4.3073045083e-01  2.0130727275e+00  6.2946856394e+00 -3.4088125145e+00 -1.4857748667e+00 -3.3773251971e-01  8.6366253198e-02  2.6203314448e+00  3.3060166543e+00  4.1679141534e-01 -2.0461639433e-02  2.1690606607e+00 -3.4810667549e+00  1.4588118910e+00  1.4098950125e+00  1.4173853860e+00  1.1556761962e+00  2.6783916552e-01 -2.4835235214e+00  2.6294815343e+00  5.1733912741e+00 -3.8779154206e-01 -4.6170479992e-01  3.3867688158e+00 -4.3028877800e+00 -1.0122166449e-02  7.0126298545e+00 -1.4743266356e+00 -1.6425889934e+00  5.3296091242e+00 -5.2126683945e+00 -1.1744754208e+00
ENERGY -5.541165975467e+02
GRADIENT -1.3104823840e-04  1.3914453524e-05 -1.7956388208e-04 -1.2648094639e-05  3.0976879695e-05 -1.4556490599e-05  5.4869179894e-06 -4.0431350986e-05  6.2183376300e-06  5.2864959531e-06 -4.8912641773e-06 -2.0693163958e-06  1.5094488116e-04 -3.0041125123e-05  1.5629204555e-04  1.5894395077e-05  8.5931827143e-06  8.4435139130e-06 -7.2809014764e-05 -9.2555677490e-05  3.6070154784e-05  4.0073242116e-05  1.3157851359e-04 -1.1342399913e-05  2.3348783465e-04  2.2902134286e-05  3.8672368226e-04 -2.6692040015e-04  3.2180749122e-05 -3.7085646012e-04 -1.9473286835e-05  1.8544640292e-05  6.7195904588e-07  5.6247712416e-05 -4.4933414786e-05 -3.9175707118e-05 -9.6380646525e-06 -5.5834477623e-08  7.2729256498e-06 -2.6917538582e-05  5.0114864809e-07  1.6705800307e-05  1.0207238930e-05 -1.0633800824e-05 -2.4239292513e-06  1.1815765316e-07 -4.5117098413e-06  3.9523466056e-06 -3.8753927380e-07  5.0893999005e-06  2.9793030030e-06  6.0261322397e-06 -2.5266378026e-05 -5.6724667746e-07 -1.7080607781e-05  7.7440778854e-06  1.6581252358e-05 -3.5459446639e-06 -2.3820598455e-05 -4.8181410006e-06  1.5868311109e-05  1.6199777318e-05 -2.2508222430e-06

JOB 13
COORDS  2.5930130844e+00 -2.4617264297e-01  4.8155410218e-01  2.0852329913e+00 -2.3868017929e+00  1.4741697400e+00  1.5102872238e+00  3.2244840097e-01  1.1220565019e+00  1.0088001459e+00 -1.8362363317e+00  2.1403898349e+00  5.1923502202e+00 -1.4772806022e+00 -4.8497124679e-01  4.0944223798e+00 -3.5911864142e+00 -4.3513163181e-01  6.2368449106e+00 -2.0983918135e+00 -1.1604277982e+00  5.1948665892e+00 -4.1145222526e+00 -1.1054096994e+00  2.9363536367e+00 -1.6182454650e+00  6.3289917928e-01  4.0421448252e+00 -2.2135794221e+00 -9.5091598746e-02  6.4097874367e-01 -4.3480597628e-01  2.0089876027e+00  6.2767976047e+00 -3.4062931346e+00 -1.4861002788e+00 -3.4876517223e-01  7.8127432983e-02  2.6097742896e+00  3.1850163062e+00  3.7151345428e-01 -1.9374585518e-01  2.3174409019e+00 -3.4392923054e+00  1.6360472809e+00  1.2619835851e+00  1.3708979062e+00  9.6469793674e-01  3.9833427193e-01 -2.4457902326e+00  2.8048271432e+00  5.2755353788e+00 -4.2283215601e-01 -2.3673657567e-01  3.2583156870e+00 -4.2441316755e+00 -2.0148771999e-01  7.1122309568e+00 -1.5132388461e+00 -1.4480191144e+00  5.2086044474e+00 -5.1743642560e+00 -1.3662084984e+00
ENERGY -5.541157989656e+02
GRADIENT -1.7009174068e-03 -6.3718840216e-04 -1.9612852266e-03 -2.4619755327e-05  4.4891272879e-05  2.7303474154e-05  2.8921611195e-06 -9.7939742984e-06  8.2725288686e-06  6.2524254243e-06  7.9657119296e-06 -2.1478937761e-06  1.2267400499e-03 -6.7410979192e-04  2.3291516234e-03  4.9308840786e-05  1.6766580215e-05 -2.9353115316e-05 -3.4197829864e-06  1.2128494726e-06 -9.7779937107e-07 -2.4951883785e-06 -1.5459022910e-05 -4.3736162203e-06  3.2019579267e-03  5.8693267218e-04  4.1908794468e-03 -2.7422375146e-03  6.7887171775e-04 -4.5584523376e-03 -5.1641919146e-06 -9.0294266173e-07 -6.7825758708e-06 -4.8048097242e-06  1.3632230225e-06  3.5791755051e-06 -6.7557793343e-06  3.6899533277e-06  4.6523476705e-06 -3.5596959516e-06 -1.7387243902e-06 -4.6197452393e-06 -4.5613192403e-07 -3.0877661504e-06 -4.0589642906e-06  1.4483580311e-06 -1.3677049074e-06  2.8734902012e-06  3.0052556588e-06  2.6224962632e-06  3.1380268234e-06 -2.5580011774e-06 -5.1322223576e-06  3.9613983527e-06 -6.4803626184e-07  3.0116655629e-06  3.2115547670e-06  1.9319930478e-07 -3.0650907789e-06 -1.6536313200e-06  2.7227608760e-07 -2.0936749384e-06 -8.6243281066e-07

JOB 14
COORDS  2.5344010271e+00 -2.6310450777e-01  4.0973804157e-01  2.1748671241e+00 -2.3530410570e+00  1.5622121190e+00  1.4325312943e+00  2.8780083323e-01  1.0360327797e+00  1.0847829409e+00 -1.8154286476e+00  2.2193553837e+00  5.2556983323e+00 -1.5038107747e+00 -3.8805079645e-01  4.0323209611e+00 -3.5453182091e+00 -5.2959267383e-01  6.2864994723e+00 -2.1373472577e+00 -1.0744880670e+00  5.1256559738e+00 -4.0876762567e+00 -1.1989805705e+00  2.9681731873e+00 -1.5925722576e+00  6.6177334127e-01  4.0495050634e+00 -2.1932775147e+00 -1.0437340037e-01  6.3302096407e-01 -4.4983175611e-01  2.0009798424e+00  6.2582832520e+00 -3.4192439003e+00 -1.4914553913e+00 -3.7082998514e-01  4.8127012993e-02  2.5928750380e+00  3.0775666200e+00  3.3033550898e-01 -3.2698316210e-01  2.4695743310e+00 -3.3808570514e+00  1.7773596013e+00  1.1150114627e+00  1.3034238434e+00  8.0491564040e-01  5.2443893435e-01 -2.4100922115e+00  2.9392161351e+00  5.3827903755e+00 -4.7668793866e-01 -5.5231859814e-02  3.1494961309e+00 -4.1560279384e+00 -3.6060417408e-01  7.2078088480e+00 -1.5919073097e+00 -1.2862783657e+00  5.0904208344e+00 -5.1261552629e+00 -1.5330701246e+00
ENERGY -5.541132150325e+02
GRADIENT -4.1244481388e-03 -2.0746785488e-03 -3.7913697306e-03 -8.6987748586e-05  2.6005151497e-05  6.4454167788e-05  6.2686737517e-05 -7.0311917152e-05 -1.3412809879e-05  1.6059011919e-04  1.4768920355e-04 -1.8324935636e-04  2.4827801699e-03 -2.0571205515e-03  5.0965293292e-03  1.2363343983e-05 -5.7133886191e-05 -2.2674765426e-05 -8.3947632351e-05 -5.8626336895e-05  9.4908829209e-06 -6.0441091186e-06  2.9352522865e-05 -2.5246174857e-06  7.4823247722e-03  1.8058260340e-03  8.4289965426e-03 -5.6818204414e-03  2.2218919560e-03 -9.7281813931e-03 -1.7731778208e-04  4.7656270536e-05  1.1033796906e-04  3.3654135201e-05 -1.1140975177e-05 -1.0646913192e-05 -6.7459337363e-05  5.4792385685e-05  3.5284320722e-05 -3.7815010182e-06 -1.9365051832e-05  7.0391780461e-06  1.6810739670e-05 -4.4685470255e-06 -1.5740895823e-05 -1.6222249591e-05 -2.0281665786e-05  2.7490323690e-05  1.2253301451e-05  3.8880534712e-05 -2.3086254167e-05  1.0205311300e-05  1.5276332003e-05  5.2371684149e-06 -4.5276640636e-06 -1.6187434832e-05 -4.2615392264e-06 -1.0003113661e-05 -2.9792258584e-06  2.0792623691e-06 -3.3010872695e-06  3.1793631575e-06  5.3841767650e-07

JOB 15
COORDS  2.4651025843e+00 -2.7889027573e-01  3.3898475358e-01  2.2748719037e+00 -2.3016497469e+00  1.6411470655e+00  1.3400892953e+00  2.4070213286e-01  9.5495465044e-01  1.1654807983e+00 -1.7918427736e+00  2.2914324080e+00  5.3263976760e+00 -1.5417462408e+00 -2.9435057867e-01  3.9726738336e+00 -3.4743973466e+00 -6.2209570273e-01  6.3410746500e+00 -2.1984482778e+00 -9.8578975190e-01  5.0533881125e+00 -4.0501874266e+00 -1.2870289504e+00  3.0001726740e+00 -1.5477814728e+00  6.8183810854e-01  4.0652462747e+00 -2.1575161723e+00 -1.1329808160e-01  6.1825325857e-01 -4.7789309695e-01  1.9918057706e+00  6.2382951836e+00 -3.4439527672e+00 -1.4901114405e+00 -4.0399396282e-01 -7.0487963931e-03  2.5766559534e+00  2.9527774810e+00  2.9311761213e-01 -4.5225909101e-01  2.6381451196e+00 -3.2965350354e+00  1.9035419522e+00  9.4674303522e-01  1.2122989554e+00  6.5952262449e-01  6.6035744883e-01 -2.3728732563e+00  3.0617673316e+00  5.5036112003e+00 -5.5024788091e-01  1.1547993129e-01  3.0441393556e+00 -4.0288608262e+00 -5.1474830646e-01  7.3075646922e+00 -1.7104397509e+00 -1.1225873193e+00  4.9636440008e+00 -5.0604107252e+00 -1.6901570579e+00
ENERGY -5.541088591862e+02
GRADIENT -5.7071467147e-03 -3.8113213869e-03 -4.7313718236e-03  5.3986009234e-05 -1.4574390622e-04 -2.9673726802e-05 -1.6001199907e-04  4.3081150203e-04 -8.7489814011e-05 -1.3608475567e-04 -3.2800246153e-05  1.6722427145e-04  2.8474878248e-03 -4.3170017589e-03  6.7876461314e-03  2.5535861350e-04  8.6655576255e-05  1.7668454288e-05  2.7601710376e-04  2.4477827177e-04 -7.8819481690e-06 -7.1750095908e-05 -1.7784457729e-04 -4.6006934545e-05  1.0042204193e-02  3.6041854842e-03  1.1000752691e-02 -7.6775060332e-03  4.3216102127e-03 -1.2880194030e-02  2.2609814112e-04 -2.1748189167e-04 -1.8522590382e-04 -1.3070761600e-04  5.5004250805e-05  8.9712664572e-05  1.8301620702e-04 -3.6714583944e-05 -8.5466538832e-05 -4.4035470324e-05  1.9584849645e-05  1.1388480017e-05 -1.5863164017e-05 -1.7996466968e-06  2.6447952009e-05 -1.5214516285e-05  6.4287512907e-05 -2.9685881476e-05  3.6770140017e-06 -4.9610047966e-05  2.4761736057e-05  3.4495070082e-07 -5.3066557570e-05 -3.4257369960e-06  4.1828297450e-05  3.1300327130e-05 -1.2926310418e-07  3.7625979424e-05  1.7485903096e-05 -8.8358936435e-06 -6.0268126856e-06 -2.3787917198e-05 -1.4502645795e-05

JOB 16
COORDS  2.3735154920e+00 -3.1563882962e-01  2.4834912681e-01  2.3847529519e+00 -2.2249661311e+00  1.7191127608e+00  1.2346393902e+00  1.7269099775e-01  8.7053855208e-01  1.2625968589e+00 -1.7429917089e+00  2.3741048417e+00  5.3947130296e+00 -1.5973904724e+00 -1.8387964636e-01  3.9205064907e+00 -3.3823010167e+00 -7.4063073159e-01  6.3974753136e+00 -2.2785413705e+00 -8.7358918869e-01  4.9913982443e+00 -3.9913198932e+00 -1.3950454910e+00  3.0156870112e+00 -1.5032169164e+00  6.7545838767e-01  4.0870596703e+00 -2.1239365949e+00 -1.2329440976e-01  6.0803596727e-01 -5.0225164343e-01  1.9936528206e+00  6.2269910845e+00 -3.4664807053e+00 -1.4827647968e+00 -4.2572977051e-01 -5.7140902884e-02  2.5820676455e+00  2.7892417058e+00  2.2293577710e-01 -6.0534474238e-01  2.8251633465e+00 -3.1719509102e+00  2.0362781496e+00  7.6170490928e-01  1.0868880917e+00  5.1435556187e-01  8.2947642246e-01 -2.2962274290e+00  3.2064908910e+00  5.6172404197e+00 -6.5615084094e-01  3.1296843314e-01  2.9478375820e+00 -3.8666304247e+00 -7.1519084366e-01  7.4050212518e+00 -1.8622891865e+00 -9.2008737900e-01  4.8514214714e+00 -4.9573644637e+00 -1.8827397821e+00
ENERGY -5.541036697570e+02
GRADIENT -5.6860402144e-03 -4.6835550360e-03 -4.2026487826e-03 -3.2887949431e-05  1.2235475800e-04 -9.0880641244e-05 -1.7658728589e-04  2.2256011840e-04 -3.3776383095e-05 -1.9989459566e-04 -2.1768638732e-04  3.3694193000e-04  2.2204402302e-03 -4.8106307911e-03  6.7944988499e-03 -5.5639665576e-05 -3.5570888379e-05 -8.8276396713e-06 -2.0973149056e-05 -6.8620548827e-05 -1.4360909478e-05  3.4476642694e-05  8.3490421268e-05  4.4475113656e-05  9.7798142567e-03  4.4898661868e-03  9.8172496403e-03 -6.2981275696e-03  5.0134342693e-03 -1.2418455834e-02  3.1799381831e-04 -7.9382761458e-05 -1.8576277121e-04  4.0870708727e-05 -1.0359657667e-05 -2.3592920804e-05  1.1459925275e-04 -7.4978701834e-05 -6.5053286820e-05 -1.4446421226e-05  2.0997547377e-05  1.4711205115e-05 -2.9622187675e-05  2.4758982058e-05  1.7562529443e-05  8.7453507455e-06  4.6527343899e-05 -3.6105086434e-05 -1.3201733921e-05 -4.7238660095e-05  5.2967299316e-05  7.7497474439e-06 -7.8718582245e-06  7.2184448889e-06 -5.5984332273e-06 -1.6256314592e-06  1.7360113258e-05 -3.3862929503e-06 -1.0655958094e-05 -1.1611450482e-05  2.2503707982e-06  8.9389929928e-06 -9.7156257614e-07

JOB 17
COORDS  2.1876268304e+00 -5.3921611741e-01  7.4395417483e-02  2.4936353636e+00 -2.1058266815e+00  1.8796030060e+00  1.1138980742e+00  3.7548743596e-02  7.4330093228e-01  1.4225060201e+00 -1.5423595411e+00  2.5638446153e+00  5.3739649255e+00 -1.7795514207e+00  6.6440167347e-02  3.8907088514e+00 -3.3014970964e+00 -1.0031715653e+00  6.4197815053e+00 -2.3842997700e+00 -6.3552583928e-01  4.9994728556e+00 -3.8416986578e+00 -1.6598033858e+00  2.9072993482e+00 -1.6237859693e+00  6.1949505707e-01  4.0536238914e+00 -2.2330179242e+00 -1.0346411553e-01  6.5571256067e-01 -4.2671563255e-01  2.0400495253e+00  6.2593746848e+00 -3.4051861122e+00 -1.4942940132e+00 -3.2574491967e-01  9.5285658535e-02  2.6594116055e+00  2.4868174895e+00 -1.4676763254e-01 -8.9938278912e-01  3.0332472260e+00 -2.9442568159e+00  2.3241518664e+00  5.7663769448e-01  8.7411320092e-01  2.9796440778e-01  1.1254603589e+00 -1.9355120378e+00  3.5354463592e+00  5.5731338025e+00 -9.5610009639e-01  7.4735343854e-01  2.8965993205e+00 -3.7025548413e+00 -1.1828536051e+00  7.4435526136e+00 -2.0315521281e+00 -5.0279503413e-01  4.8716231791e+00 -4.6705635475e+00 -2.3575167673e+00
ENERGY -5.541000778034e+02
GRADIENT  5.3048600977e-06 -9.7070175171e-07  1.0529173703e-05  4.7952326358e-06  7.5701365430e-06 -7.1591408261e-06 -1.5890860526e-05  1.9445228365e-05 -1.0141786639e-06 -1.7954321146e-05  6.4260601051e-06  2.4377132772e-05  1.0093330298e-05 -1.3136921209e-05 -1.2654113975e-05  1.1825747444e-05  2.1495822890e-05  2.1661413010e-05  7.7330333158e-06  2.7428979177e-05  1.6194801103e-05  1.2010454639e-05 -1.2650475125e-05 -2.0058555092e-05 -7.6494232331e-06  3.8037708582e-06 -3.2892126129e-07 -2.2383486324e-05 -8.4685559643e-06 -2.8633213272e-06  1.8066038930e-05 -2.5203816554e-05 -1.8008527071e-05 -2.4493834993e-05 -1.0432379654e-05  6.5640598511e-06  7.6742327325e-06  4.8739888573e-06  1.7235154676e-06 -3.7183555076e-06  1.3529539083e-06  1.0065024310e-06 -5.0240988815e-06  1.6184312744e-06  1.7770293101e-06 -2.9683589879e-06  1.4106603782e-06 -3.6889955685e-06 -3.8981020210e-07 -6.3661463762e-06  2.4566570900e-06 -4.5129815262e-06 -1.6681079210e-06  4.0357273158e-07  1.9905441858e-06 -6.0556296950e-07 -8.6439565584e-08 -5.5568968780e-07  1.1992829655e-06  5.8256714869e-08 -4.8631936868e-06 -7.6321815321e-07 -1.3854895440e-06

JOB 18
COORDS  2.0030953544e+00 -8.4184343183e-01 -3.8750165890e-02  2.5984601996e+00 -1.9860898546e+00  1.9976092230e+00  1.0153891510e+00 -1.3870078427e-01  6.3387398681e-01  1.5996446500e+00 -1.3140757584e+00  2.6845060573e+00  5.2980539875e+00 -2.0142319849e+00  2.9244180019e-01  3.8829985943e+00 -3.1821174958e+00 -1.2244055833e+00  6.3873889671e+00 -2.4885776327e+00 -4.3762335167e-01  5.0339131659e+00 -3.5951767210e+00 -1.8961189377e+00  2.7994434022e+00 -1.8198072856e+00  6.0534272622e-01  3.9837734429e+00 -2.3819837316e+00 -6.6704448925e-02  7.3093547340e-01 -3.4089633141e-01  2.0439592702e+00  6.2866056464e+00 -3.2739951327e+00 -1.5262806779e+00 -1.8219446633e-01  2.8682889913e-01  2.6646872885e+00  2.1875124065e+00 -6.3190624214e-01 -1.0937623232e+00  3.2340451374e+00 -2.6933521610e+00  2.5339899148e+00  4.2578833453e-01  6.1429030494e-01  1.1262363493e-01  1.4407656588e+00 -1.4963823361e+00  3.7465556125e+00  5.4550718420e+00 -1.3547460430e+00  1.1421179406e+00  2.9025722841e+00 -3.4862855143e+00 -1.5826794312e+00  7.4006236110e+00 -2.2026562880e+00 -1.5089266780e-01  4.9490968986e+00 -4.2255403698e+00 -2.7827496036e+00
ENERGY -5.541037009379e+02
GRADIENT  4.9507899684e-03  6.1653356231e-03  3.1202905784e-03  4.3035978657e-05  2.1366991987e-05 -5.6577429559e-05 -1.2188245251e-05 -9.7870780968e-06  6.5473030270e-05 -3.3825014292e-05 -4.3480111973e-05  2.6520061750e-04 -3.9847557942e-04  6.1501443756e-03 -6.1981777563e-03 -1.5446184848e-04 -6.4449202856e-05 -7.0470932279e-05  4.6996075939e-04  1.1010173689e-04  9.8688989059e-05 -2.8726925470e-06  1.9767404141e-04  2.6200121608e-04 -7.6429354657e-03 -5.7727517939e-03 -7.8492936637e-03  2.6524652422e-03 -6.6657764444e-03  1.0475671101e-02  9.9728806089e-05 -4.1591161094e-05 -1.3040260125e-04 -3.4915227168e-05  1.6561495237e-05  2.5790219039e-05  5.1415515967e-05 -4.8093451594e-05 -2.3747914534e-06 -1.6176965936e-05  1.5077155432e-06 -2.9335079184e-05 -2.3557802373e-05 -6.2244032606e-07  1.4397321468e-05  1.0223717701e-05 -2.1683897659e-06 -2.7536303656e-05  8.3260558980e-07 -1.2182825372e-05  3.8655542698e-05 -1.0303435317e-06 -3.3981093724e-05 -5.4042090868e-05 -2.7659493261e-05  2.4496717414e-05  2.5351646896e-05  4.9557157227e-05  8.6555021267e-06  5.1164420463e-08  1.1492584799e-05  1.9866708732e-05  2.1982495432e-05

JOB 19
COORDS  1.9229480740e+00 -9.4548543550e-01 -6.5304288917e-02  2.6858276239e+00 -1.8691152523e+00  2.0282994358e+00  9.2420124863e-01 -2.5072060707e-01  5.9443021804e-01  1.6778106864e+00 -1.2066683111e+00  2.7056618182e+00  5.3090068083e+00 -2.1342153501e+00  3.7613182008e-01  3.8822770297e+00 -3.0527796413e+00 -1.2980172049e+00  6.3897668557e+00 -2.6145236479e+00 -3.5969330171e-01  5.0284875723e+00 -3.4791162561e+00 -1.9648100123e+00  2.8190514527e+00 -1.8083583772e+00  6.1677481212e-01  3.9849902960e+00 -2.3713280436e+00 -6.2349443925e-02  7.1839323765e-01 -3.4761001059e-01  2.0300774388e+00  6.2860240544e+00 -3.2845199129e+00 -1.5239093616e+00 -2.0448931777e-01  2.7221783531e-01  2.6409553511e+00  2.0474670523e+00 -8.1115522991e-01 -1.1408390680e+00  3.3831915422e+00 -2.4946453985e+00  2.5884430377e+00  2.6495076928e-01  4.1971435625e-01  4.5024961544e-02  1.5748864214e+00 -1.3096233477e+00  3.7849564263e+00  5.4806610266e+00 -1.5659151726e+00  1.2866679141e+00  2.9011937410e+00 -3.2615443335e+00 -1.7177740435e+00  7.4067169413e+00 -2.4279243069e+00 -1.0477270675e-02  4.9365377451e+00 -4.0170952159e+00 -2.9098551778e+00
ENERGY -5.541089091119e+02
GRADIENT  4.4493399044e-03  6.5164356783e-03  2.2386768362e-03 -2.7184331500e-04  1.8630289298e-04 -1.6087151614e-04  1.4362629062e-04 -1.5857193945e-04  1.4858595378e-04  7.5208919884e-06 -5.3599959322e-05  2.3644886032e-04  4.7709465596e-04  6.8833302509e-03 -4.8333888609e-03 -7.3212284111e-05 -1.2612256136e-05 -5.6296071425e-05 -8.3149326974e-05 -1.6669128487e-05  1.1350054223e-06  3.0794009584e-06 -1.3514202549e-06  3.7076567752e-05 -6.2434897974e-03 -6.2550672353e-03 -6.2021460804e-03  1.6116882830e-03 -7.1884019284e-03  8.6160561885e-03 -2.9941543875e-05  6.9553391271e-05 -4.6898563017e-05  2.7649910932e-05 -9.6480838521e-06 -3.0909543631e-05 -7.8727117421e-06 -1.2506471300e-05  4.5625167263e-05  3.7484964495e-05 -9.4351767890e-07 -1.3005612371e-05 -2.1926584186e-05  3.9192297926e-05 -1.0510085433e-05  2.5582221338e-05 -2.2290335906e-05  6.8520994687e-06 -2.4414971604e-05  1.1642042323e-05  2.1340087086e-05  1.1537227235e-05  9.3980184637e-06  1.9182793940e-05 -6.6024829018e-06 -1.2424424730e-05 -1.4878915653e-05 -1.0478916841e-05 -1.7512144639e-06  5.5128583290e-06 -6.6241524334e-06 -2.0602080658e-06  6.7186608741e-06

JOB 20
COORDS  1.8647273643e+00 -1.0126730918e+00 -7.6806104473e-02  2.7667724535e+00 -1.7486594168e+00  2.0385537325e+00  8.3971812470e-01 -3.5442995381e-01  5.7625348552e-01  1.7370106700e+00 -1.1193320447e+00  2.7113229220e+00  5.3252414507e+00 -2.2307150624e+00  4.3054393710e-01  3.8992991774e+00 -2.9252356809e+00 -1.3498466419e+00  6.3927428678e+00 -2.7454376191e+00 -2.9912124691e-01  5.0346431709e+00 -3.3963868353e+00 -2.0018131427e+00  2.8559872929e+00 -1.7533714734e+00  6.2076289637e-01  4.0022739735e+00 -2.3254711364e+00 -6.9502922113e-02  6.9427469410e-01 -3.7395765405e-01  2.0231378645e+00  6.2873053772e+00 -3.3302154793e+00 -1.5088628487e+00 -2.4972682325e-01  2.1388182851e-01  2.6309139847e+00  1.9384137693e+00 -9.3540127983e-01 -1.1620608914e+00  3.5151776048e+00 -2.2999467654e+00  2.6096125784e+00  1.0987694700e-01  2.2671626521e-01  1.4666145847e-02  1.6734753986e+00 -1.1677505548e+00  3.7973371149e+00  5.5113525518e+00 -1.7375654432e+00  1.3808812007e+00  2.9243452930e+00 -3.0428701087e+00 -1.8160764608e+00  7.4055113385e+00 -2.6644845449e+00  9.9620168509e-02  4.9368510179e+00 -3.8676087830e+00 -2.9814042951e+00
ENERGY -5.541132100914e+02
GRADIENT  3.0769273540e-03  4.9278610680e-03  9.0254395076e-04  1.4622374731e-04 -7.7212396374e-05  5.3794422365e-05  9.0892526782e-06  2.9298088512e-07 -3.6056551789e-05  1.6616925733e-05  2.7509583107e-06 -1.3189892365e-04  7.6181727690e-04  5.1906185937e-03 -2.8549526940e-03 -9.8436933306e-05  2.1639848260e-05 -2.1203862988e-05 -8.3917881664e-05 -2.5104877147e-07 -4.7039776225e-05  2.7018848143e-05  2.1391935280e-05  3.1714730196e-05 -4.3379363910e-03 -4.7133990898e-03 -2.9199985109e-03  5.3324984606e-04 -5.3873542019e-03  4.9765561529e-03 -5.9513480558e-05  2.6417943867e-05  6.6976101736e-05  3.5223659813e-05 -2.0604009883e-05 -2.5324701247e-05 -2.1397879052e-05  1.0019214646e-05 -2.9660679176e-06  1.8317690920e-06 -2.3337979449e-06  9.8286853513e-06  8.7377290052e-06 -7.8964539778e-06 -8.4026843366e-06 -3.9235432338e-06  3.4112630960e-06  1.3993169602e-05  1.6180107128e-07  3.5836264448e-06 -1.7820656487e-05  3.3844527738e-06  6.8446349069e-06  7.1971323747e-06 -3.0584634479e-06 -2.7803126960e-06 -4.2613997388e-06 -7.4564548889e-06 -7.0797136956e-09 -6.3823077406e-06  5.1805745931e-06  4.2619088109e-06  2.4662883978e-06

JOB 21
COORDS  1.8160261572e+00 -1.0690613410e+00 -8.0911660726e-02  2.8371851314e+00 -1.6196057991e+00  2.0359576800e+00  7.6342791488e-01 -4.5899649320e-01  5.7170594476e-01  1.7854152733e+00 -1.0325755393e+00  2.7103237511e+00  5.3311754458e+00 -2.3188572759e+00  4.6989617941e-01  3.9289030586e+00 -2.7954797924e+00 -1.3958203331e+00  6.3832279426e+00 -2.8728140473e+00 -2.5130126770e-01  5.0487990049e+00 -3.3189290123e+00 -2.0323690768e+00  2.8939965369e+00 -1.6807795705e+00  6.1632148206e-01  4.0239961867e+00 -2.2661125480e+00 -8.1797439523e-02  6.6834379341e-01 -4.0444460995e-01  2.0220916234e+00  6.2845761891e+00 -3.3790044345e+00 -1.4968962517e+00 -2.9728997698e-01  1.4372779643e-01  2.6307043512e+00  1.8403401629e+00 -1.0465072669e+00 -1.1702369406e+00  3.6314177148e+00 -2.0920123519e+00  2.6140516961e+00 -3.2708747876e-02  2.3678416456e-02  7.0506485126e-03  1.7568757946e+00 -1.0317851447e+00  3.7988270498e+00  5.5256304193e+00 -1.9024645108e+00  1.4541789252e+00  2.9697240728e+00 -2.8227894320e+00 -1.9053011535e+00  7.3805785132e+00 -2.8994391859e+00  1.9136645314e-01  4.9501709268e+00 -3.7292766817e+00 -3.0389644385e+00
ENERGY -5.541157865668e+02
GRADIENT  1.3238977784e-03  2.3299024544e-03  6.3463963673e-05  6.9319466631e-05 -1.0389192620e-04 -1.4067474654e-05  7.7964424046e-05 -6.6423989066e-05  1.0302495951e-04 -4.9323781735e-05  1.0436118992e-05 -1.9543531575e-04  4.9519404315e-04  2.3811624220e-03 -1.2543840643e-03  8.6859291929e-05 -1.6830684848e-05  1.5005278596e-04 -9.2204235060e-05 -1.2546857378e-05 -6.3582318861e-05  5.2477859134e-05  7.6551951757e-06  1.2482439492e-04 -1.7025342058e-03 -2.1713938423e-03 -6.5289743578e-04 -3.1320917303e-04 -2.3635188095e-03  1.7716947182e-03 -1.1162464854e-04  9.2393927431e-05  1.0126058752e-04  3.2438896535e-05 -7.1100270393e-06 -3.3951031188e-05  1.3024650849e-04 -7.9183311993e-05 -9.1412954278e-05  2.3909917185e-05 -1.7431345942e-06 -3.5572508784e-06  1.6743526397e-05 -1.6055820684e-06 -6.7337312256e-06  4.6799548159e-06 -9.5738629356e-06  2.6411087739e-05 -1.7494987284e-05 -8.9082087801e-07 -2.6848449320e-05 -4.1719291349e-05  1.3860465762e-06 -1.6531999994e-05  8.0573045264e-06  1.5502451590e-05  3.8310584108e-05 -1.7045319004e-05 -1.1665785338e-05 -2.8293318869e-05  3.0953590898e-05  1.2606262605e-05  2.4401413308e-05

JOB 22
COORDS  1.7651058570e+00 -1.1525299320e+00 -7.4798798526e-02  2.9006665537e+00 -1.4850871166e+00  2.0252597002e+00  6.9513827392e-01 -5.7714513289e-01  5.7867417396e-01  1.8386671327e+00 -9.2319662197e-01  2.7030232411e+00  5.3142775912e+00 -2.4307952403e+00  5.0695994816e-01  3.9709798957e+00 -2.6637644250e+00 -1.4442223435e+00  6.3550755304e+00 -3.0081085404e+00 -2.1063247535e-01  5.0770070442e+00 -3.2258380995e+00 -2.0705832605e+00  2.9184900976e+00 -1.6318504469e+00  6.0901949564e-01  4.0403401199e+00 -2.2283661409e+00 -9.2053376626e-02  6.5329804244e-01 -4.2303390474e-01  2.0244329035e+00  6.2806782713e+00 -3.4165512096e+00 -1.4935593832e+00 -3.2451379467e-01  9.8524639825e-02  2.6356761808e+00  1.7315241152e+00 -1.2096035236e+00 -1.1616314166e+00  3.7417716354e+00 -1.8577229076e+00  2.6077483196e+00 -1.6063737759e-01 -2.0473350649e-01  1.7769832453e-02  1.8541942072e+00 -8.4655972184e-01  3.7890794031e+00  5.5008259406e+00 -2.1155254905e+00  1.5288495094e+00  3.0433197874e+00 -2.5853963488e+00 -2.0025717602e+00  7.3234650641e+00 -3.1468419537e+00  2.7372286762e-01  4.9922919079e+00 -3.5555026544e+00 -3.1077916545e+00
ENERGY -5.541165823917e+02
GRADIENT  8.2874307966e-05  1.4177969734e-04  2.3073901875e-04 -8.6628726668e-06 -4.5190652089e-05  6.1516848873e-06 -1.2351313109e-04  4.5729665288e-05 -1.2628971310e-04 -1.5495470784e-05  1.6385382970e-07 -8.8214669149e-05  9.6410888949e-05  2.5159842638e-04  2.7212206280e-04 -7.4184645057e-05  2.2524936630e-05  4.4285478686e-05 -4.5840572362e-05  4.6695586111e-05  9.1350215534e-05 -8.0833651490e-05 -8.0011599138e-05 -3.2991860285e-04  1.0191202755e-04 -1.5770202521e-04 -1.0111187038e-04  1.7814594453e-04 -2.8631587757e-04 -7.3177409712e-05  2.7795502467e-05 -8.0322215485e-06  5.3491420280e-05 -1.0685512372e-04  4.5746472164e-05  5.4397293883e-05 -1.4154987377e-05  4.1488873044e-06 -2.4378743031e-05  2.4238952899e-05  3.5668619711e-07  1.6633800361e-05  1.6853671773e-05 -1.9134490281e-06 -2.9532976673e-05 -1.9690369417e-05  1.3712288184e-05  7.9218392430e-06 -1.0708685314e-06 -5.1565876204e-06 -1.1006638152e-05  1.6237229311e-05  1.0623980378e-05  4.5031290990e-05 -9.3645392185e-06 -1.1514929148e-05 -3.3987499473e-05 -1.9465539677e-05  1.8547806943e-05  3.8976116305e-05 -4.5627195242e-05  4.0295909861e-06 -3.1403195282e-05

JOB 23
COORDS  1.7041986056e+00 -1.2854746252e+00 -5.2251529658e-02  2.9566219996e+00 -1.3477313838e+00  2.0033130790e+00  6.3176700508e-01 -7.1844739362e-01  6.0344601826e-01  1.8984149097e+00 -7.8139581300e-01  2.6823004317e+00  5.2650663633e+00 -2.5799703901e+00  5.4120780734e-01  4.0291363475e+00 -2.5184250094e+00 -1.4877323030e+00  6.3089532409e+00 -3.1493269742e+00 -1.7772733931e-01  5.1315259491e+00 -3.0907019626e+00 -2.1106044301e+00  2.9194173163e+00 -1.6299310425e+00  6.0714654773e-01  4.0414620810e+00 -2.2271353123e+00 -9.4564273865e-02  6.5032828524e-01 -4.2329463025e-01  2.0273586702e+00  6.2862616073e+00 -3.4210709632e+00 -1.4980914138e+00 -3.2768576628e-01  9.6500553675e-02  2.6390759049e+00  1.6040701573e+00 -1.4721819024e+00 -1.1195532513e+00  3.8538243096e+00 -1.5841790130e+00  2.5717490115e+00 -2.7898454332e-01 -4.7060426586e-01  6.0570155056e-02  1.9699474108e+00 -5.8251280275e-01  3.7504627962e+00  5.4081904534e+00 -2.4113179812e+00  1.6033754219e+00  3.1562715756e+00 -2.2991364261e+00 -2.0936512448e+00  7.2335417254e+00 -3.4076356831e+00  3.4200663472e-01  5.0875908382e+00 -3.3007853163e+00 -3.1809516395e+00
ENERGY -5.541165247755e+02
GRADIENT -3.3232162949e-05 -2.6036811039e-07 -2.3202732044e-05 -2.5292340538e-04  5.9364108584e-05 -1.2348863445e-04  2.1009185602e-04 -5.3895012562e-05  1.1906371130e-04  6.5733904508e-05 -7.3989773918e-06  7.9134602840e-05  5.6808971796e-06  6.4834469573e-06 -7.6747556343e-05  5.8442310541e-05 -4.2912043338e-06 -9.0949106504e-06  5.4086601424e-05 -1.1837347149e-05  5.4564329447e-05 -3.4132223546e-05  6.5385574878e-07 -3.5004177585e-05  1.5890565169e-04 -5.2231597883e-05 -8.7194191948e-05 -5.9304449968e-05 -3.7982519404e-05  7.4444605941e-06 -1.4590406154e-04  5.2561174054e-05  1.5551913017e-05 -1.3084767002e-05  1.0382871636e-05  1.4099118185e-05 -3.2221063958e-05  2.5103631186e-05  5.8734435178e-05  1.7446321906e-05  7.9824504479e-06  1.5916614522e-05 -3.1810247413e-05  2.1007457920e-05 -2.1669783036e-05  2.3632114232e-05 -4.0262265360e-06  2.6519719769e-05 -3.1383296597e-05  1.5679580274e-05  6.9066023992e-07  1.0904640765e-05 -1.2828692214e-05 -1.2664489234e-05  2.5197759149e-05 -1.3991438321e-05 -3.6665612957e-06  7.1568314085e-06 -1.1850468574e-06  8.2662621872e-06 -3.2289076390e-06  7.9561189906e-07 -7.0310045571e-06

